0.373118
0.0418526
0.0276381
0.000654252
0.00817086
0.0125128
0.0168271
0.399438
0.409937
0.0111938
0.00978973
0.0186321
0
0.000662274
0.0224413
0.529751
0.147854
0.077549
0.0430443
0.00782013
0.0179383
0.0173256
0.0237681
0.121284
0.13857
0.0615596
0.0576662
0.0431575
0.026515
0.00413307
0.029012
0.159128
0.321024
0.0203606
0.00792267
0.013643
0
0.00320619
0.0257189
0.278368
0.248199
0.121183
0.0936662
0.0167364
0.016078
0.0185057
0.0613678
0.439539
0.0957226
0.126133
0.0530168
0.0232468
0.0075942
0.00269063
0.02956
0.0619824
0.0756742
0.340985
0.49303
0.0739788
0.0047546
0.00489035
0.0254634
0.0437358
0.0275485
0.0401761
0.160501
0.0796077
0.0693503
0.0340925
0.0411538
0.103577
0.0205384
0.0358544
0.2771
0.337948
0.141462
0.0487108
0.0287397
0.0202685
0.0245159
0.0847959
0.431129
0.205997
0.0343212
0.00928635
0.00363586
0.016336
0.165898
0.203557
0.497206
0.301595
0.0810451
0.0492446
0.0389766
0.0770673
0.0370096
0.0358784
0.144771
0.250194
0.0693155
0.0301459
0.0160305
0.00944817
0.0230205
0.0398879
0.225231
0.411314
0.0800477
0.0156545
0.00994459
0.0160334
0.206366
0.173331
0.188804
0.169482
0.0273275
0.0618778
0.0769379
0.179267
0.274011
0.18276
0.266147
0.360087
0.0703552
0.0348329
0.0653087
0.331653
0.00173526
0.0108936
0.154445
0.340627
0.0471064
0.000391801
0.000252271
0.00276184
0.000540046
0.00177341
0.106384
0.517256
0.155
0.0108662
0
0.000201573
0.0750713
0.113736
0.272722
0.285835
0.0275972
0.00136558
0.0113091
0.0714692
0.00944963
0.0445308
0.267874
0.49718
0.0213545
0.00415007
0.022222
0.0326088
0.0110774
0.00257461
0.0419653
0.497039
0.247772
0.0364995
0.0320977
0.0260348
0.0578685
0.0398992
0.0526004
0.15773
0.18659
0.101495
0.113307
0.0653973
0.04541
0.0755135
0.165608
0.503313
0.0467718
0.0256569
0.0405982
0.0490311
0.102741
0.150856
0.046888
0.080444
0.105746
0.237283
0.261704
0.183563
0.107724
0.0731112
0.0617038
0.151408
0.170927
0.10144
0.0812398
0.0528578
0.130772
0.027708
0.0293063
0.0547165
0.0649235
0.0637228
0.069541
0.183083
0.0462101
0.0417888
0.00390072
0.0546302
0.144426
0.46102
0.438159
0.178129
0.05699
0.00135694
0.0323359
0.0459535
0.0705737
0.292833
0.276011
0.319943
0.128841
0.0579089
0.0307048
0.00818435
0.0196303
0.00859605
0.00628811
0.0785275
0.0907522
0.0540801
0.0566487
0.035874
0.0453427
0.00500084
0.00782646
0.0892314
0.452047
0.0583678
0.0112971
0.018359
0.181056
0.112159
0.229959
0.417478
0.29933
0.160247
0.0576087
0.0680639
0.312062
0.0633006
0.14088
0.318818
0.0367902
0.127436
0.0880121
0.0165759
0.0136123
0.000668113
0.00531484
0.0166949
0.033297
0.216842
0.384257
0.0914343
0.0019989
0
0.00299814
0.00382891
0.325469
0.318535
0.11131
0.0368615
0.0968402
0.00772841
0.0670688
0.0834241
0.329959
0.380195
0.282618
0.219531
0.175701
0.0111044
0.12274
0.0404579
0.0653555
0.0710036
0.227476
0.147333
0.014836
0.0041223
0
0.0174536
0.235623
0.276685
0.206422
0.155285
0.0758194
0.0366567
0.0181056
0.0791091
0.18814
0.226396
0.214497
0.105076
0.0417026
0.000865653
0.01572
0.0132696
0.438904
0.425208
0.298195
0.0985382
0.139501
0.0594956
0.00144671
0.0437879
0.183722
0.176353
0.0726769
0.0534791
0.0385373
0.0427275
0.0575295
0.14625
0.312909
0.132974
0.0633688
0.0523768
0.01537
0.0264491
0.0953073
0.32362
0.304828
0.173015
0.12998
0.0898921
0.120648
0.0448325
0.0290251
0.139132
0.335452
0.0722275
0.0522958
0.0397797
0.0244313
0.0175534
0.209139
0.503897
0.186371
0.16487
0.150916
0.0630411
0.00858062
0.0109357
0.0612897
0.2415
0.047057
0.0899126
0.202187
0.166685
0.00433556
0.0903949
0.177858
0.199102
0.254426
0.123767
0.0730366
0.0177544
0.0242836
0.0317248
0.15988
0.405221
0.14462
0.100966
0.13193
0.0851888
0.0684303
0.180027
0.32973
0.393172
0.0427387
0.116016
0.172253
0.13737
0.00677594
0.0687299
0.13154
0.0966603
0.144369
0.214781
0.139905
0.0448887
0.0171178
0.0828805
0.149606
0.19687
0.053773
0.0703682
0.158123
0.125944
0.0735493
0.258743
0.322855
0.362032
0.143723
0.119185
0.211139
0.177414
0.261053
0.245719
0.177643
0.230857
0.063053
0.0325301
0.016585
0.00702268
0.013034
0.126548
0.215567
0.230621
0.107302
0.000171
0.00317809
0.00338989
0.00823428
0.0801961
0.151445
0.507249
0.0824788
0.0209661
0.0683431
0.0442234
0.104324
0.0992118
0.182026
0.308361
0.119973
0.00106704
0.0114623
0.00393224
0.01514
0.0435153
0.179311
0.560067
0.0803521
0.00467845
0
0.0128115
0.170932
0.185434
0.182831
0.113768
0.0713205
0.0563299
0.0301861
0.0842754
0.296136
0.101911
0.0657434
0.0724049
0.000356594
0.00225549
0.00855264
0.149639
0.352187
0.27605
0.145485
0.0154671
0.0146954
0.025976
0.0285959
0.305237
0.581808
0.141537
0.0294562
0.0214939
0.136015
0.117208
0.0623695
0.105376
0.121974
0.0207407
0.0516385
0.0383082
0.154448
0.150544
0.0996887
0.257006
0.199021
0.0258079
0.0669271
0.0303389
0.0444512
0.0701581
0.155814
0.224145
0.194419
0.031694
0.0304401
0.0288747
0.0684663
0.14247
0.419678
0.602392
0.134799
0.0269218
0.0217328
0.0217439
0.122673
0.235425
0.179595
0.0930836
0.0684765
0.00558613
0.00995769
0.0119437
0.202504
0.286212
0.25219
0.0689168
0.186626
0.0794793
0.00497793
0.0134484
0.0699064
0.242955
0.26366
0.328597
0.0643961
0.00673455
0.000848683
0.013669
0.0623669
0.259839
0.292301
0.324442
0.296436
0.0470083
0.014818
0.0325146
0.150064
0.116304
0.168069
0.105337
0.191293
0.0921002
0.025873
0.0661415
0.134396
0.0578321
0.116914
0.0652276
0.0325872
0.0333038
0.221923
0.330821
0.0219599
0.160054
0.240742
0.212406
0.240942
0.0986709
0.137638
0.114523
0.138689
0.0647809
0.109008
0.0457705
0.0252902
0.0710054
0.35345
0.469795
0.161446
0.0933901
0.0997788
0.0602166
0.0475069
0.0337032
0.149938
0.276511
0.125125
0.131907
0.276059
0.228864
0.127203
0.112821
0.129819
0.204773
0.178907
0.0909908
0.0602196
0.0536383
0.0345499
0.0748456
0.247767
0.405062
0.0975112
0.207646
0.236941
0.23414
0.162072
0.192681
0.135519
0.126908
0.0176286
0.0225978
0.111782
0.119987
0.0613167
0.215778
0.21221
0.16764
0.0218543
0.005133
0.0368657
0.0676095
0.244017
0.323079
0.227279
0.102487
0.00935176
0.0425829
0.0896207
0.121218
0.12383
0.172395
0.181398
0.0544695
0.0048015
0
0.00229678
0.0724367
0.558589
0.271389
0.246869
0.0615386
0.0221432
0.00418757
0.0524639
0.0568679
0.284067
0.228405
0.104163
0.105274
0.0272629
0.00086911
0.0267414
0.0265837
0.0918108
0.0940429
0.172084
0.294635
0.0203777
0
0.0559628
0.192987
0.625942
0.169479
0.0527747
0.027008
0.138572
0.0223299
0.0860301
0.182668
0.238474
0.0524548
0.108865
0.210852
0.0122595
0.0290879
0.0918054
0.265859
0.214063
0.0653063
0.0248519
0.00237832
0.0402667
0.0617009
0.105236
0.352826
0.353439
0.0287592
0.0105603
0.0121357
0.125025
0.177833
0.31449
0.246036
0.0513226
0.0147344
0.00383869
0.0586675
0.185432
0.322199
0.310997
0.28663
0.0872403
0.0237265
0.011398
0.0361507
0.0576498
0.0822045
0.103905
0.13371
0.0977766
0.00513477
0.00648613
0.0106586
0.035487
0.0677453
0.262097
0.458315
0.145019
0.00241216
0.00162323
0.00357383
0.203337
0.227357
0.122238
0.093523
0.0743592
0.00797426
0.00347001
0.0209239
0.114636
0.0827883
0.113882
0.465242
0.469275
0.00530627
0.000253848
0.00851003
0.00913124
0.0476863
0.137757
0.306986
0.105399
0.000715563
0
0.00248308
0.0097217
0.0666267
0.0990005
0.329962
0.38714
0.0209725
0.00733711
0.0215923
0.0079654
0.0112039
0.0319645
0.282156
0.29567
0.00459747
0.000770601
0.000476159
0.00253752
0.0107915
0.0377174
0.325342
0.519472
0.0496436
0.00188046
0.00352997
0.017248
0.0798467
0.10332
0.23305
0.338236
0.0530781
0.105466
0.102073
0.172186
0.0340413
0.0610199
0.0549984
0.0473589
0.0618627
0.214891
0.309522
0.0229778
0.0521007
0.113173
0.36277
0.52099
0.089723
0.0415395
0.0224438
0.152715
0.0958388
0.101611
0.120033
0.080012
0.133694
0.128763
0.137909
0.115346
0.0223582
0.0534997
0.0857184
0.0400248
0.122021
0.170854
0.197002
0.0160499
0.0440278
0.114348
0.258091
0.152453
0.184609
0.106065
0.0469241
0.0754985
0.0223071
0.0599613
0.119533
0.120754
0.364705
0.127749
0.0788174
0
0.00147658
0.112812
0.354966
0.400883
0.430839
0.052336
0.00527196
0.00110952
0.00981828
0.0315055
0.134335
0.131417
0.069475
0.036399
0.00971513
0
0.000261174
0.00588289
0.230657
0.523644
0.0816138
0.0443228
0.00750006
0
0.00311151
0.0345997
0.209492
0.196623
0.0712654
0.00573305
0.00114933
0
0.00207434
0.0172956
0.564735
0.394978
0.0257857
0.0279256
0.000990854
0.0199026
0
0.022523
0.203351
0.364149
0.0346854
0.0351385
0.0246705
0.204641
0.0347171
0.0338884
0.142174
0.139409
0.0104898
0.0486234
0.186307
0.0623442
0.0241281
0.0273605
0.357305
0.245929
0.0280095
0.0906145
0.081059
0.46819
0.069649
0.0178988
0.0825589
0.0754596
0.0146352
0.0849672
0.448898
0.222788
0.195013
0.25135
0.132594
0.0351259
0.053165
0.0316865
0.133022
0.303654
0.363904
0.283662
0.163863
0.0455756
0.0977893
0.0801556
0.090733
0.199229
0.098931
0.116422
0.0813168
0.0277237
0.0348014
0.0300096
0.0659767
0.181713
0.13003
0.298504
0.301335
0.0570828
0.106018
0.170965
0.0956233
0.137468
0.119128
0.0620316
0.0451082
0.0556159
0.0652492
0.0495109
0.0338334
0.0615394
0.0243727
0.0330395
0.254728
0.389175
0.128074
0.0360869
0.0149107
0.0534229
0.0291138
0.0564181
0.103657
0.0593891
0.222005
0.178973
0.0540937
0.0142347
0.00193206
0.00154867
0.104641
0.486284
0.518898
0.190605
0.0224887
0.00367268
0.00117441
0.00522501
0.167237
0.261131
0.0676846
0.00919847
0.000917608
0.000311244
0.00105155
0.0283591
0.323528
0.363842
0.0639613
0.00629825
0
0.000662484
0
0.00873968
0.0668608
0.366162
0.318861
0.153845
0.00909814
0.00723014
0.0260319
0.0997743
0.39896
0.378835
0.14078
0.0995579
0.00907909
0.0254404
0.0275402
0.0801499
0.354847
0.385527
0.145237
0.0331696
0.00217279
0.127686
0.098035
0.0613237
0.0816817
0.103503
0.149244
0.0842787
0.0574085
0.0907771
0.100393
0.164614
0.379285
0.394789
0.147373
0.0410502
0.0320254
0.295841
0.196917
0.0992026
0.0972627
0.130511
0.100785
0.0789752
0.0926965
0.063573
0.0671334
0.0662791
0.116941
0.11248
0.180023
0.045213
0.030404
0.00789167
0.0229838
0.0938059
0.336025
0.41266
0.206974
0.0125746
4.46042e-005
0.150176
0.174685
0.136595
0.172271
0.081778
0.0606674
0.04964
0.0588705
0.0388643
0.10003
0.203371
0.461028
0.378795
0.0954813
0.0250604
0.0146041
0
0.00475408
0.0284847
0.160227
0.188014
0.0333955
0.00126421
0.000129473
0
0.00439912
0.0812668
0.477921
0.198015
0.00945303
0.00900838
0.000211654
0.00332933
0.125671
0.196519
0.21895
0.176078
0.0220508
0.000240526
0
0.00805083
0.160022
0.449492
0.493789
0.0899824
0.0101442
0.00016035
0
0.0571464
0.0498182
0.107213
0.338031
0.121447
0.00563403
0.0310849
0.0469056
0.334183
0.0948008
0.0602936
0.0523154
0.0119365
0.00274857
0.0258696
0.385502
0.0387795
0.0793639
0.336624
0.472967
0.0688165
0.00195004
0
0.0103142
0.193779
0.121936
0.189944
0.148808
0.0220335
0
0.031121
0.252433
0.288625
0.0781338
0.0475457
0.022985
0.00219821
0.00278816
0.00740359
0.221531
0.205419
0.162565
0.216866
0.175008
0.00988408
0.0304971
0.0634186
0.0861167
0.400614
0.0531548
0.0197763
0.0157664
0.00737011
0.00340116
0.052034
0.391156
0.453722
0.196949
0.0979962
0.0543432
0.0063405
0.0074766
0.0213834
0.213534
0.0322032
0.0352808
0.0694242
0.0701971
0.0642509
0.19261
0.117772
0.0288413
0.00513587
0.00230565
0.00534178
0.0242936
0.308713
0.487618
0.277363
0.0301373
0.0769372
0.0618548
0.0381428
0.0271397
0.0556035
0.0942924
0.0575133
0.0692352
0.026134
0.0207045
0.0081981
0.0063858
0.165494
0.462719
0.435281
0.077688
0.000571756
0
0.00466582
0.010993
0.159308
0.289209
0.241074
0.0358544
0.0210217
0.0198106
0.0624516
0.201265
0.296937
0.193045
0.147999
0.052471
0.0114858
0.00195858
0.00237363
0.000988837
0.0892894
0.451286
0.3366
0.0616837
0.103423
0.0296766
0.0169588
0.0863524
0.204289
0.341002
0.217418
0.194914
0.0682221
0.070934
0.133019
0.248397
0.358033
0.113122
0.0333128
0.0426264
0.15224
0.162189
0.265491
0.162202
0.0875458
0.0493934
0.0290337
0.0594651
0.100129
0.0527662
0.103366
0.13117
0.350607
0.187081
0.0896956
0.145093
0.0589544
0.0822436
0.409931
0.248078
0.213988
0.124186
0.0583158
0.138876
0.146321
0.20589
0.189269
0.108054
0.0302671
0.02716
0.0254989
0.0334166
0.107526
0.256968
0.231381
0.229766
0.114188
0.0490408
0.0149822
0.00875991
0.220632
0.166304
0.224835
0.147501
0.0542319
0.0303482
0.0504142
0.172193
0.301622
0.507311
0.295813
0.0781186
0.0247442
0.00165359
0.0229023
0.0879712
0.0152464
0.230349
0.285978
0.123936
0.0447646
0.00888071
0
0
0.0299938
0.227333
0.329198
0.230351
0.0721517
0.00243225
0
0
0.137465
0.431074
0.298883
0.0522317
0.0117526
0.00104329
0.0140474
0.00338929
0.324417
0.363927
0.16689
0.128153
0.059077
0.000425827
0.00351184
0.00661094
0.0292331
0.084324
0.255675
0.479264
0.245662
0.0204873
0.000628688
0.00154002
0.0931183
0.083518
0.162727
0.18895
0.172092
0.0450153
0.0289455
0.117872
0.245221
0.231758
0.136955
0.290058
0.296425
0.0345275
0.00129532
0.00525482
0.0757528
0.0917028
0.111496
0.14858
0.281451
0.13288
0.0167176
0.0276804
0.258727
0.0745088
0.0602183
0.0960019
0.0680083
0.0392655
0.101478
0.209762
0.434553
0.161621
0.0360001
0.0421357
0.0465081
0.0159519
0.0692556
0.303319
0.173778
0.0374424
0.0299598
0.0867865
0.0714566
0.084778
0.182994
0.367476
0.175342
0.145196
0.039017
0.0510305
0.0605013
0.0616039
0.18719
0.2736
0.168024
0.0908807
0.0159301
0.00711494
0.0246559
0.0254873
0.0465476
0.179111
0.0906769
0.0500498
0.0555616
0.00141161
0.164251
0.603807
0.454656
0.164165
0.141093
0.0974599
0.0322614
0.00659146
0.0122814
0.00851389
0.043638
0.149279
0.108982
0.0438254
0.0493688
0
0.0499325
0.132498
0.182987
0.242943
0.0106258
0.00322756
0.00999265
0
0.0525819
0.406637
0.26406
0.0301044
0.0849438
0.0163046
0.00225177
0.00997541
0.0420143
0.385933
0.299676
0.245413
0.0152373
0.0119236
0.00708499
0
0.0154316
0.193017
0.166501
0.0545797
0.146891
0.0101941
0
0
0.00610609
0.302425
0.284713
0.374472
0.109662
0.0178292
0.0215481
0.0161787
0.0577115
0.0773321
0.0908834
0.233812
0.206938
0.00960756
0.0679297
0.0460725
0.0712234
0.0386036
0.0383159
0.273167
0.317107
0.00568776
0
0
0.00127259
0.0538656
0.0810225
0.417066
0.475077
0.00321553
0
0
0.00116746
0.000892765
0.00582783
0.475077
0.258383
0.0368737
0.0351198
0.0295453
0.023028
0.0169291
0.0296921
0.249074
0.276779
0.306527
0.196297
0.00769207
0.0258045
0.00199603
0.0129505
0.118978
0.456007
0.0123875
0.00141955
0
0.000153697
0.000117533
0.00520952
0.365739
0.372724
0.171864
0.148141
0.00522056
0.0108503
0.00277235
0.0341574
0.251375
0.2308
0.4362
0.30423
0.0128217
0.0271972
0.00190185
0.0151397
0.0179639
0.527417
0.307654
0.093071
0.026586
0.0114008
3.52583e-005
0.0095879
0.0681185
0.169002
0.215206
0.265628
0.0136183
0.0347089
0.0134696
0.0649373
0.0757767
0.186722
0.0868409
0.0778918
0.00568292
0.0292717
0.0298321
0.0745719
0.0919239
0.657426
0.322928
0.137262
0.108617
0.0948377
0.0132268
0.00676598
0.101506
0.141104
0.134391
0.13598
0.101347
0.186098
0.152393
0.0305908
0.0269543
0.31973
0.0718944
0.0146047
0.00142321
0.0149119
0.0302716
0.0607398
0.173982
0.135099
0.0397217
0.0166814
0.0146298
0.0778791
0.0973987
0.0622019
0.0810473