0.00143655
0.00225744
0.00608417
0.0780838
0.448295
0.159852
0.00606204
0
0.000183798
0.000286178
0.000917364
0.0251852
0.262089
0.219677
0.0689109
0.0191156
0.000957701
0.00150496
0.007546
0.109863
0.509085
0.160196
0.00618233
0
0
0.117952
0.207088
0.154185
0.418882
0.120225
0.0140809
0.00249847
0.00156091
0.0195912
0.0178669
0.0151951
0.0578351
0.0432895
0.0221533
0.00953273
0.0521439
0.25193
0.192236
0.0197798
0.0377696
0.0353032
0.00732802
0.00200631
0.000959185
0.26022
0.321645
0.0554514
0.0683129
0.0196064
0.004127
0.00074596
0.0354921
0.569751
0.569751
0.0271641
0.0128475
0.0108548
0.00280453
0.00035714
0.136111
0.17262
0.0984758
0.0131192
0.0111126
0.00798102
0.0105808
0.0559951
0.325001
0.0728957
0.0231604
0.0218748
0.0276276
0.0242804
0.0399959
0.312297
0.178253
0.387862
0.353529
0.012533
0.00302914
0.00124881
0.00456104
0.056155
0.387862
0.24851
0.117561
0.00789519
0.00184013
0
0.0217534
0.387862
0.243994
0.00837854
0.00086717
0.0267391
0.0255899
0.0178031
0.0393343
0.293964
0.36602
0.0368906
0.0239463
0.0617612
0.0218728
0.00236394
0.0389488
0.333413
0.36602
0.0295011
0.00966723
0
0
0.0132958
0.0813738
0.36602
0.36602
0.0334382
0.0133559
0.0293465
0.00524894
0.047848
0.116082
0.36602
0.355116
0.0792938
0.0315487
0.0760112
0.0196524
0.00026525
0.00651809
0.203843
0.185337
0.0532643
0.0306091
0.0677931
0.0355628
0.0240772
0.0408549
0.188511
0.378196
0.0621218
0.0170997
0.0242516
0.00966391
0.0578306
0.0914759
0.378196
0.267456
0.0237065
0.00884417
0.00385044
0.0211841
0.277958
0.322614
0.378196
0.0595879
0.012384
0.0214548
0.0543648
0.0888207
0.0653079
0.0781944
0.125996
0.00259482
0
0.00239016
0.0438714
0.129786
0.0486815
0.0192668
0.00594105
0.0644955
0.00319348
0.0059983
0.0146086
0.0371455
0.523127
0.523127
0.221976
0.00314237
0.00037799
0.0011081
0.0259436
0.081455
0.406931
0.331042
0.0255526
0
0.00313143
0.00844186
0.0971026
0.36072
0.113746
0.0114151
0.000836322
0.0322893
0.0272287
0.0281831
0.108234
0.17218
0.0808315
0.0244307
0.00712269
0.0395264
0.00736013
0.00941529
0.0768263
0.276283
0.296524
0.234578
0.240392
0.182691
0.0178229
0.0260061
0.0627466
0.120275
0.0913191
0.189676
0.524956
0.000515659
0.0195688
0.04114
0.077114
0.122951
0.0192567
0.0013337
0.000353139
0
0.237097
0.340715
0.0668642
0.0843433
0.00744889
0
0
0.00206264
0.194848
0.362211
0.192218
0.0877346
0.0306979
0.0078663
0.00713348
0.00107367
0.509828
0.509828
0.083213
0.0237818
0.00217941
0
0
0
0.31983
0.340061
0.016325
0.011699
0.00059601
0
0
0.00407997
0.381301
0.381301
0.0210033
0.0125653
0.0011058
0.00181399
0.000684407
0.00536287
0.381301
0.381301
0.00539743
0.00122318
0.000207329
0.000846579
0.000616243
0.0113138
0.342717
0.205111
0.0268512
0.0335448
0.00626828
0.0105061
0.0018721
0.0441246
0.361567
0.282143
0.0957676
0.0541718
0.0213786
0.00415174
0.00762659
0.335394
0.261951
0.166135
0.139877
0.0688681
0.0703794
0.0423873
0.18946
0.0301909
0.107008
0.0855198
0.136514
0.132651
0.14709
0.0761934
0.00646458
0.216031
0.107562
0.093561
0.271754
0.143602
0.361567
0.273974
0.113759
0.227832
0.0473211
0.021145
0.0324541
0.023055
0.133829
0.157168
0.260822
0.124027
0.0366175
0.0193412
0.0555135
0.0466998
0.29717
0.242433
0.214227
0.136068
0.0300904
0.0445051
0.137815
0.040473
0.344795
0.233233
0.129812
0.104861
0.0310758
0.0268911
0.0509976
0.0559777
0.344795
0.344795
0.308727
0.132877
0.077322
0.0424964
0.0528819
0.0987617
0.249226
0.18506
0.198175
0.0633457
0.0303224
0.0486467
0.0630629
0.173212
0.331295
0.284286
0.155357
0.203432
0.192865
0.150624
0.0303766
0.120108
0.25351
0.173592
0.265416
0.0958835
0.201435
0.340474
0.130372
0.213479
0.133878
0.0706972
0.0382024
0.00473794
0.00145913
0.0132748
0.0408291
0.0629048
0.394009
0.325646
0.0262878
0.00275441
0.000737096
0.000747917
0.00603871
0.0214055
0.398378
0.398378
0.010855
0.0052811
0.0211124
0.0902553
0.0809174
0.0793396
0.147037
0.115701
0.00484153
0.00267514
0.000812159
0.00316612
0.0089867
0.0266668
0.398378
0.398378
0.00307036
0.0321031
0.0125488
0.00243627
0.00625914
0.0526765
0.215906
0.202956
0.0763832
0.138418
0.0159546
0.00409116
0.00285477
0.0258503
0.0288766
0.0405697
0.213354
0.0236056
0.0156135
0.00378647
0.00788413
0.0726401
0.521607
0.521607
0.0275704
0.113378
0.0217288
0.0106197
0.0198236
0.0742809
0.386355
0.223545
0.114492
0.000463811
0.108057
0.240047
0.293141
0.0929915
0.0633787
0.0111871
0.0032081
0.000705254
0.387192
0.387915
0.204577
0.0452252
0.000537489
0
0
0
0.0153447
0.104568
0.387915
0.226908
0.107516
0.0476063
0
0.000584047
0.0501478
0.140718
0.387915
0.222452
0.00433222
0
0.00014921
0.0124001
0.64452
0.470707
0.0909686
0.0204797
0.00119382
0.00383157
0.00201334
0.0202505
0.188318
0.0927946
0.133186
0.0682733
0.0106503
0.0222024
0.00515551
0.00352336
0.0746446
0.127609
0.262857
0.104594
0.00107636
0.0015425
0.00131559
0.00382007
0.0218125
0.0434582
0.297554
0.173658
0.0149535
0.00463605
0.00157287
0.0587164
0.0474737
0.0350064
0.14959
0.0778359
0.0961701
0.0721544
0.00977722
0.229636
0.079433
0.0521208
0.198511
0.0800326
0.285207
0.297932
0.173043
0.0248766
0.0572905
0.0592444
0.362026
0.216556
0.049262
0.0385521
0.0192683
0.275792
0.195913
0.13572
0.29902
0.18469
0.176413
0.205603
0.29293
0.159681
0.0190787
0.0263113
0.0880541
0.0164798
0.144111
0.140417
0.200924
0.238683
0.0142519
0.0128913
0.0233213
0.00628476
0.121841
0.138827
0.390135
0.364133
0.0572817
0.0278582
0.0247599
0.0161321
0.0485988
0.0719365
0.390135
0.390135
0.000537125
0
0.0016405
1.84324e-005
0
0.00251535
0.390135
0.360023
0.112779
0.072803
0.00252834
0.0201586
0.0385623
0.0700704
0.407466
0.184805
0.133479
0.173423
0.0412467
0.0599545
0.00922542
0.0294997
0.124167
0.412954
0.0557252
0.0286069
0.0165563
0.0243442
0.00730212
0.0710441
0.412954
0.209448
0.099634
0.078576
0.119807
0.145156
0.0276299
0.106635
0.276517
0.0486198
0.0568314
0.15028
0.0936464
0.0893657
0.0469004
0.0528772
0.052464
0.00525544
0.00485541
0.00899198
0.0494226
0.0595606
0.615672
0.577369
0.00619441
0.0676826
0.0748134
0.0711593
0.199093
0.223633
0.0374789
0.0617283
0.0679221
0.00885618
0.0232305
0.00549971
0.108506
0.101152
0.0979914
0.0570117
0.00506568
0.000505911
0.00154218
0.00106149
0.0638349
0.0838919
0.418352
0.314791
0.000651813
0.00446215
0.00247663
0.00860757
0.118252
0.165961
0.345777
0.167961
0.0106202
0.000465295
0.00271187
0.000388279
0.327505
0.197067
0.112446
0.0465097
0.00034611
0.00265191
0.00783442
0.015533
0.429034
0.342994
0.135995
0.0360284
0.00940382
0.00139684
0.0095943
0.158916
0.342139
0.196206
0.0785573
0.0370749
0.0238132
0.00202743
0.00678567
0.0462752
0.39074
0.270779
0.0177077
0.00167914
0.000552914
0.0609671
0.0115643
0.143403
0.371423
0.268556
0.146683
0.0695905
0.0993612
0.00147305
0.00317689
0.0300519
0.39074
0.342844
0.0420859
0.0119249
0.00337756
0.0194844
0.0377847
0.0814829
0.385503
0.252057
0.00452581
0.00284891
0.00696611
0.0115111
0.0447718
0.0604724
0.267992
0.313754
0.0693633
0.0222843
0.00672757
0.0138903
0.0192657
0.0277347
0.422911
0.315983
0.0437217
0.0468092
0.041929
0.0172934
0.0357698
0.12728
0.318172
0.26612
0.0735328
0.0766223
0.0582819
0.00558633
0.0639372
0.0546931
0.17306
0.182886
0.0535938
0.0396138
0.0548068
0.2906
0.292412
0.163981
0.138529
0.13878
0.0888789
0.0740399
0.25002
0.0127754
0.135055
0.174874
0.191774
0.140942
0.0546195
0.0294955
0.0405506
0.386454
0.362224
0.249551
0.164439
0.145694
0.072021
0.0355434
0.252828
0.310151
0.0771008
0.0337919
0.00570797
0.00848817
0.0182589
0.0127575
0.297221
0.36008
0
0
0
0
0
0.00987917
0.36008
0.36008
0.0655397
0.0273004
0.0128407
0.0218042
0.010892
0.00395661
0.340186
0.36008
0.000505382
0
0.00717612
0.0181521
0
0.0422615
0.36008
0.360745
0.0427755
0.0222127
0.0121166
0.011227
0.0175529
0.0957839
0.425471
0.13467
0.0858059
0.0632617
0.0820581
0.070297
0.0389554
0.101663
0.21514
0.230991
0.00587312
0.0201868
0.0752835
0.109593
0.135837
0.238907
0.425471
0.0395541
0.0127911
0.0352746
0.158503
0.257095
0.224881
0.195007
0.156609
0.0937349
0.139483
0.12726
0.252329
0.217402
0.0777002
0.0723819
0.0683044
0.0123815
0.0552014
0.0302892
0.182268
0.153198
0.0719407
0.0425809
0.0177584
0.051011
0.0378672
0.059522
0.298015
0.557574
0.263425
0.092628
0.0807777
0.0438003
0.0378402
0.0321939
0.253565
0.228554
0.0388335
0.0346925
0.060378
0.000388709
0.00388387
0.00117623
0.326027
0.162301
0.00979361
0.00501462
0.000730166
0.00874507
0.0245218
0.0314653
0.445401
0.248034
0.0186242
0.0127386
0.00317516
0.00238709
0.00258291
0.00162645
0.369921
0.258264
0.00372712
0.00350276
0.00266919
0.0641881
0.0478174
0.0974066
0.445401
0.364824
0.0286157
0.0448292
0.0854415
0.0460368
0.00304695
0.0123912
0.330135
0.287932
0.100605
0.0303213
0.0426164
9.42775e-005
4.85403e-005
0.00343921
0.316706
0.244709
0.057707
0.00730322
0.00234208
0.0165634
0.00233459
0.00922697
0.309225
0.288115
0.351371
0.128565
0.00806167
0.000275093
0
0.00446754
0.152919
0.187825
0.371566
0.277083
0.000898899
0.00188866
0.000579461
0.00530378
0.193493
0.153194
0.067414
0.0356891
0.0236366
0.0172977
0.00824432
0.0361068
0.168771
0.210917
0.0661521
0.0445923
0.0415588
0.00528794
0.000900745
0.0115164
0.0913337
0.0954811
0.691176
0.449677
0.0139503
0.044516
0.0321303
0.0701775
0.139945
0.161461
0.116123
0.0700976
0.0379578
0.00862275
0.0429712
0.085895
0.142872
0.188112
0.123514
0.0794795
0.0208146
0.255995
0.096176
0.114249
0.134157
0.202259
0.151834
0.179877
0.324697
0.157437
0.0576121
0.0580238
0.0909274
0.113259
0.111131
0.0969621
0.0855958
0.444112
0.0677773
0.0383255
0.055627
0.083294
0.13462
0.225974
0.444112
0.24832
0.0133808
0.00948811
0.014407
0.0251942
0.0104429
0.025495
0.306698
0.333838
0.0117745
0
0.00975881
0.0246851
0
0.0153592
0.37186
0.37186
0.00475914
0.000531576
0.00370804
0.00629855
0.0109839
0.033075
0.37186
0.37186
0.017206
0
0.0024397
0.00617127
0.00135312
0.00203379
0.37186
0.299728
0.0971598
0.0802616
0.124036
0.118394
0.067155
0.0751166
0.305765
0.0643651
0.0926728
0.135935
0.284724
0.196225
0.107864
0.0545817
0.0416128
0.427382
0.138052
0.0846708
0.0559407
0.0332403
0.0351808
0.0169582
0.427382
0.185511
0.132435
0.144137
0.173912
0.0671914
0.0614048
0.0243921
0.206575
0.0201136
0.0304025
0.0931806
0.300433
0.234421
0.076453
0.0221792
0.0346024
0.0304468
0.0131367
0.0314168
0.118428
0.106822
0.0235866
0.0162877
0.0238367
0.0428001
0.0602065
0.122643
0.207159
0.0877054
0.0492251
0.0383253
0.0738233
0.0202295
0.612068
0.501639
0.0783933
0.0550992
0.0257308
0.0384528
0.0200875
0.00220301
0.00152273
0.0236941
0.233769
0.15951
0.00387601
0.00149296
0.00108398
0.04479
0.0463639
0.0801068
0.405423
0.268778
0.00836599
0.0106179
0.0622341
0.000980783
0.23492
0.340955
0.165532
0.0763784
0.00417502
0.00271412
0.000423939
0.00678401
0.182001
0.405423
0.405423
0.247526
0.000846134
0.00103634
0.00868251
0.00517718
0.00227963
0.00716238
0.0707724
0.0925157
0.402347
0.185207
0.00499087
8.71297e-005
0.00115385
0.00212169
0.0130666
0.04924
0.432248
0.432248
0.000489313
0
0.00692313
0.0164314
0.0636237
0.0800888
0.191098
0.0778876
0.00228168
0
0.00461542
0.012472
0.0374399
0.0499454
0.432248
0.356121
0.000398957
0.0011109
0.000357569
0.000754202
0.0018188
0.00573672
0.396521
0.283024
0.00183006
0.00836886
0.0072424
0.0220859
0.0694432
0.0639272
0.118952
0.0788133
0.0047521
0.000474648
8.93922e-005
0.0015314
0.0054899
0.00966902
0.412729
0.412729
0.000577338
0.00417353
0.00204837
0.00471772
0.0542892
0.0858031
0.412729
0.412729
0.00402723
0.104821
0.0575708
0.0736682
0.156544
0.146328
0.0442059
0.0176702
0.0360742
0.368394
0.08494
0.0709935
0.111957
0.129929
0.0396501
0.0390815
0.368394
0.0215236
0.0135384
0.0229628
0.120905
0.211674
0.348912
0.202633
0.0594319
0.252927
0.0705839
0.0449876
0.106855
0.196656
0.211281
0.223012
0.368394
0.328784
0.0226057
0.0518278
0.0342138
0.0521315
0.0111543
0.0146649
0.363839
0.363839
0.0462005
0.0928629
0.0264159
0.0184466
0.0056321
0.00592658
0.363839
0.259993
0.160597
0.163721
0.0634223
0.0781972
0.0194605
0.0477679
0.241215
0.298516
0.190395
0.303694
0.0908588
0.0280928
0.00455943
0.0042707
0.146882
0.440907
0.0517635
0.10357
0.0353281
0.020636
0.0573657
0.0278564
0.440907
0.193623
0.0304603
0.120132
0.116379
0.0912707
0.0919795
0.0368459
0.234075
0.395407
0.0715129
0.151899
0.0499145
0.00907934
0.0157729
0.01183
0.253618
0.184226
0.218367
0.237585
0.0679991
0.0363903
0.0219667
0.0131037
0.112369
0.0110489
0.0612788
0.0721539
0.0339668
0.0257146
0.0125641
0.00822737
0.0139396
0.00189512
0.420358
0.3471
0.00562759
0.00119255
0.00133199
0.00418898
0.00367588
0.0147935
0.406963
0.328034
0.0391949
0.012292
0.00308769
0.00306371
0.00695113
0.0158828
0.426633
0.426633
0.065628
0.0410022
0.00676183
0.0105262
0.0599803
0.000168872
0.368026
0.368026
0.0240804
0.00498737
0.000506495
0.00058344
0.000177042
0.000361121
0.261174
0.368026
0.183093
0.0473302
0.00122818
0.00298937
0.00195471
0.0306332
0.368026
0.368026
0.0206586
0.0208594
0.00373208
0.0334032
0.140688
0.0403445
0.195719
0.217992
0.0409867
0.00400925
0.00997484
0.0619083
0.256749
0
0.0070346
0.11167
0.269319
0.0660002
0.0573544
0.0125951
0.000565672
0
0.0212135
0.125697
0.168837
0.066937
0.633217
0.239628
0.000141418
0
0.010213
0.262355
0.355317
0.00353982
0
0
0
0.000978685
0.0812593
0.305581
0.184807
0.0105976
0.0862612
0.0177358
0
0
0.00388668
0.0145547
0.0166316
0.0122888
0.421041
0.254008
2.24057e-005
0.00509239
0.00045245
0.000602402
0.00814466
0.0211178
0.421041
0.421041
0.0327533
0.00115654
0.0277865
0.0433415
0.0229272
0.0133073
0.155539
0.077064
0.00664969
0.0703437
0.0115426
0.00607812
0.0132816
0.0174354
0.354257
0.421041
0.133505
0.0431007
0.000241533
0
0.00985705
0.0377102
0.281536
0.291737
0.169838
0.252417
0.0246001
0.00342526
0.00929864
0.0296067
0.0934109
0.150104
0.379786
0.180234
0.00379449
0
0.00181686
0.00252513
0.118263
0.27009
0.332866
0.379786
0.046262
0.00178874
0
0
0.00562146
0.0640723
0.379786
0.316381
0.106815
0.0597212
0.0147485
0.0112209
0.00661696
0.0256236
0.329506
0.272885
0.106979
0.112385
0.0362956
0.00427101
0.000571925
0.00182028
0.27758
0.375043
0.0368873
0.00134845
0.00019929
0
0.00379351
0.0684499
0.377918
0.328827
0.00593662
0.000418846
0.000797159
0.00337767
0.0347688
0.138549
0.377918
0.246914
0.0585229
0.0368932
0.0135976
0.000584291
0.00111204
0.00567978
0.262313
0.174232
0.402189
0.233542
0.00286334
0.000356678
0.00027801
0.00357666
0.0987552
0.353426
0.0456535
0.0029726
0.00161231
0.013431
0.0368424
0.0660985
0.402189
0.285839
0.365778
0.126723
0.0134841
0.0238238
0.0141355
0.0118424
0.204117
0.0484305
0.454581
0.412877
0.0358788
0.00203255
0
0.00121964
0.0250383
0.128496
0.343952
0.425977
0.0974426
0.0747083
0.0134581
0.0217467
0.204554
0.0878345
0.293672
0.17386
0.0350659
0.0136192
0.00205284
0.00442349
0.0536838
0.186612
0.0683179
0.0765706
0.0416358
0.0207988
0.00336453
0.00669724
0.15413
0.18511
0.129571
0.198048
0.0267851
0.0459548
0.0087444
0.0729969
0.417488
0.21411
0.0419394
0.0412413
0.00980647
0.00185991
0.00819047
0.127804
0.478144
0.212306
0.0299262
0.0171191
0.012277
0.0133226
0.0021861
0.0174466
0.217436
0.246643
0.0182389
0.00700747
0.00193398
0.000486657
0
0.0388084
0.478144