0.129135
0.0839521
0.0286129
0.00874474
0.000542056
0.00098813
0.0242985
0.0593927
0.170838
0.144827
0.0177046
0
0
0
0.019511
0.113005
0.529837
0.136266
0.0489599
0.00050879
0
0
0.0117419
0.254955
0.374027
0.212845
0.0909705
0.00761028
0.0160078
0
0.0420533
0.400824
0.0619801
0.109502
0.0343268
0
0
0
0.00310561
0.0417534
0.0313131
0.237901
0.332596
0.0384012
0
0
0.000474382
0.0057275
0.070927
0.180015
0.166577
0.00558608
0.01175
0
0.009726
0.0910694
0.0415055
0.503023
0.608022
0.102771
0.00293751
0
0
0.00679147
0.00243255
0.0557629
0.313543
0.100987
0
0
0
1.01246e-006
0.00405753
0.0345799
0.470735
0.219311
0.00848071
0.00524832
0.00428851
0.00286017
0.0309931
0.221362
0.409857
0.124168
0
0
0
0
0.134526
0.314726
0.418905
0.157249
0.013978
0.0106636
0.0385298
0.0902622
0.0164805
0.0473879
0.222382
0.233982
0.0305522
0.0138126
0.00744051
0.0118519
0.0161156
0.0542698
0.202722
0.37339
0.0333463
0.0096573
0.00221483
0.00892562
0.192106
0.159963
0.150714
0.111057
0.0519146
0.0429022
0.116627
0.261486
0.532147
0.238835
0.219301
0.153867
0.0384822
0.0392421
0.0728537
0.203834
0.00135117
0.014084
0.141719
0.359605
0.00966636
0.000753424
4.43189e-005
0.000191979
0.00162131
0.00150888
0.0965928
0.536778
0.020513
0
0
0.000938654
0.252714
0.25772
0.226913
0.175166
0.0040257
0.0030137
0.00129902
0.0167103
0.0793391
0.171003
0.223536
0.447379
0.0297114
0.00430306
0.00280091
0.0116535
0.0448291
0.024294
0.0563776
0.359645
0.0256363
9.28499e-005
0.000198239
0.0166061
0.226968
0.11692
0.0519097
0.0739677
0.0284556
0.0158666
0.0355241
0.10302
0.105144
0.0847395
0.278487
0.322348
0.0576108
0.00338379
0.00346706
0.0350814
0.491308
0.181461
0.26069
0.115943
0.0350463
0.000117554
0.0724545
0.396209
0.13294
0.0556628
0.0115988
0.00328002
0.0144252
0.0518143
0.152526
0.142937
0.0750875
0.00433634
0
0.00193835
0.0100567
0.094932
0.280277
0.273901
0.320876
0.0555648
0.0247031
0.00602959
0.0019688
0.0134475
0.120959
0.471714
0.218781
0.0152633
0
0
0
0.0329424
0.224426
0.518984
0.221692
0.035751
0.0142318
0.00261688
0
0
0.00290146
0.189341
0.158881
0.0235135
0.0151733
0.00300356
0.00495846
0
0.0156873
0.421814
0.208472
0.0785386
0.0706017
0.0573121
0.0473868
0.0307512
0.179043
0.27881
0.247078
0.0338556
0.0273765
0.00640704
0.00793669
0.111428
0.267868
0.578102
0.113178
0.0594701
0.0475192
0.00312845
0.00658053
0
0.00573849
0.189715
0.100071
0.201516
0.198357
0.0734775
0.00164513
0
0.00258121
0.058834
0.240809
0.0847802
0.114766
0.00651226
0.00477447
0.0398435
0.0446495
0.431936
0.2027
0.421322
0.508278
0.132047
0.000411283
0
0.00387181
0.179491
0.064171
0.224561
0.213316
0.0602847
0
0
0.00287408
0.0300519
0.206364
0.295557
0.186797
0.0212286
0.00250323
0.00180106
0.0131568
0.15549
0.106533
0.430956
0.348211
0.095603
0.0118936
0.00556747
0.0131551
0.0536855
0.199128
0.439118
0.237905
0.0727629
0.0503739
0.0115356
0.0175868
0.185178
0.269547
0.0838643
0.0332035
0.00452069
0.00863048
0.00903605
0.0420848
0.283181
0.458308
0.0828558
0.0239156
0.00425164
0.00575366
0.00902965
0.0304378
0.260434
0.275224
0.122839
0.0598192
0.0256636
0.024637
0.0234955
0.034336
0.281479
0.448603
0.0691375
0.0160694
0.00102176
0.0116895
0.0539046
0.129851
0.320258
0.405522
0.173584
0.0464616
0.0139289
0.00398902
0.000987587
0.00828263
0.145973
0.137026
0.135411
0.0787663
0.0871427
0.0623046
0.0669066
0.0700289
0.172346
0.313179
0.157202
0.022968
0.00949083
0.027412
0.0500675
0.109336
0.305017
0.105219
0.0834616
0.0444472
0.0540586
0.102483
0.336124
0.396382
0.325607
0.0353414
0.0322181
0.115419
0.134567
0.0986364
0.0811092
0.0769355
0.086584
0.274986
0.0601741
0.111134
0.100062
0.0619191
0.0298072
0.117892
0.264054
0.028189
0.00555226
0.024979
0.0530665
0.0813863
0.304859
0.421453
0.171556
0.388338
0.0324482
0.0103402
0.0687266
0.0712433
0.127412
0.277082
0.372073
0.278498
0.0158313
0.00943617
0.00590831
0.0037916
0
0.05562
0.231242
0.249613
0.0267933
0
0
0
0
0.0642484
0.296372
0.417612
0.0227569
0.000973945
0.0265605
0.0191573
0.0104065
0.0347599
0.377419
0.417612
0.0209463
0
0.00285227
0.000481552
0
0.0130988
0.417612
0.0434826
0.0328151
0.0441024
0.105551
0.22906
0.0828415
0.16912
0.0880646
0.121515
0.0444173
0.0588694
0.0099887
0.099739
0.261685
0.283212
0.200757
0.006474
0.0125334
0.0332808
0.219173
0.556872
0.0757345
0.0296167
0.00704755
0.0612441
0.0917738
0.225186
0.208674
0.322053
0.172093
0.0874812
0.0240267
0.0971794
0.103015
0.18681
0.0081825
0.0144398
0.0582107
0.042374
0.0924718
0.055575
0.402782
0.421158
0.0366451
0
0
0.000396187
0.0372043
0.0571005
0.154036
0.346896
0.183281
0.0545881
0.0332953
0.0238762
0.009863
0.0279006
0.398359
0.421158
0.144069
0.025515
0.00383334
0.000168293
0.00212157
0.0462958
0.461315
0.331812
0.0612221
0.0652875
0.0207661
0.0165821
0.0126857
0.0777615
0.278073
0.1577
0.128107
0.241827
0.102298
0.0468708
0.0677502
0.0185221
0.287946
0.237684
0.135874
0.0922677
0.0185303
0.00466053
0.00527526
0.0885016
0.12554
0.220032
0.27724
0.264681
0.144038
0.0740764
0.0748743
0.142028
0.0801283
0.123842
0.0611258
0.10486
0.0812271
0.0615439
0.144291
0.179259
0.0980562
0.0779911
0.00694709
0.0241318
0.0880872
0.208224
0.236035
0.175754
0.0824441
0.157929
0.105518
0.105527
0.101037
0.185283
0.237502
0.438657
0.054041
0.0699863
0.0138941
0.0128948
0.04141
0.246881
0.507565
0.116004
0.219003
0.0772782
0.034027
0.0639524
0.0795894
0.131992
0.194245
0.0494264
0.145732
0.194709
0.169738
0.130874
0.225586
0.297523
0.115217
0.37032
0.164254
0.075375
0.0368677
0.0517612
0.0698469
0.116766
0.386736
0.118512
0.185551
0.212849
0.206581
0.173569
0.118544
0.122575
0.130048
0.0124367
0.00919893
0.0615018
0.0513254
0.0261311
0.191019
0.447986
0.056326
0.139698
0.0203968
0.0023191
0.116238
0.0785368
0.201788
0.410387
0.152558
0.00407201
0.0173583
0.059432
0.0726209
0.0586059
0.100481
0.238934
0.0177091
0.0158017
0.00403938
0.0074647
0.201748
0.19563
0.343966
0.397252
0.0131841
0.210212
0.0257206
0.00148385
0.103783
0.0796287
0.11505
0.0784038
0.309946
0.29959
0.00575202
0
0.0204273
0.0334396
0.0384845
0.0121121
0.465206
0.044411
0.00575202
0.00321947
0.196794
0.339412
0.297329
0.157395
0.0624194
0.0957192
0.00179606
0.00608703
0.080856
0.264805
0.137685
0.0697898
0.290744
0.103653
0.0669473
0.0777996
0.275599
0.324627
0.0337718
0.00819487
0.0464548
0.0503159
0.0810368
0.278475
0.41977
0.261185
0.0346663
0.0120588
0.0378566
0.271958
0.0817724
0.0403843
0.0748427
0.0312762
0.0675611
0.0455702
0.213486
0.175469
0.12698
0.223474
0.289879
0.171756
0.137447
0.0379005
0.144042
0.0116886
0.0584993
0.239095
0.351279
0.171039
0.0102468
0.00259395
0.00615962
0.00489635
0.107497
0.19249
0.269276
0.175432
0.0134603
6.70354e-005
0.00200703
0.0181348
0.0416869
0.114213
0.361422
0.361394
0.0520037
0.0023252
0.0173158
0.00182613
0.0019665
0.0395731
0.359385
0.418603
0.0325649
0.00116599
0.00527219
0.00434132
0.0612842
0.0945101
0.208537
0.155474
0.0160717
0.000283033
0.00492695
0.0868221
0.0890876
0.181007
0.345668
0.287244
0.155963
0.0842787
0.0851633
0.00346442
0
0.038136
0.24664
0.267215
0.0279294
0.00221204
0.010002
0.0535114
0.0588108
0.232796
0.419444
0.390137
0.186535
0.123295
0.0402591
0.167113
0.115132
0.0693416
0.0756487
0.0622009
0.0775694
0.134514
0.210713
0.435256
0.080908
0.00539491
0.00323429
0.00187248
0.00996456
0.112024
0.469282
0.178526
0.132476
0.13819
0.103614
0.0796393
0.0927239
0.136615
0.0872348
0.350127
0.119434
0.0510342
0.0349066
0.02925
0.0383023
0.140614
0.339062
0.391561
0.0923347
0.0762484
0.0233936
0.0327625
0.0667952
0.0954351
0.3306
0.105586
0.0982471
0.177885
0.151553
0.172354
0.125032
0.0859884
0.084203
0.226609
0.072963
0.0922977
0.0612918
0.0796886
0.137674
0.27493
0.302682
0.058395
0.0710385
0.188562
0.167105
0.26961
0.240572
0.221168
0.0709839
0.00176353
0.0101683
0.0505545
0.0969283
0.0949593
0.0677362
0.0517227
0.00858257
0.000440882
8.78582e-005
0.0124602
0.453073
0.263651
0.166779
0.104123
0.00110474
0.000369212
0.0112937
0.0547793
0.109033
0.170981
0.077258
0.023733
0.000369212
0.000246141
0.00117737
0.0169218
0.573308
0.469938
0.0253567
0.0155254
0.000748693
0.00264062
0
0.00199089
0.273653
0.296125
0.127179
0.0761617
0.0304752
0.104965
0.00023556
0.00400452
0.0823022
0.219953
0.0952023
0.100082
0.271776
0.0182085
0.0136147
0.0232815
0.393318
0.251936
0.0597542
0.0789099
0.0718256
0.389414
0.0489001
0.0293291
0.0832376
0.0706305
0.0670847
0.12076
0.438138
0.17512
0.0602327
0.0442128
0.00620226
0.00205086
0.0431772
0.0435546
0.152608
0.14212
0.0685946
0.0872235
0.179719
0.259238
0.201811
0.0923884
0.138823
0.121946
0.120773
0.216284
0.0733718
0.000400663
0.00810398
0.0382939
0.048015
0.0542798
0.0594322
0.194793
0.199178
0.344321
0.532448
0.29883
0.052828
0.00866315
0.0124013
0.030061
0.276735
0.255181
0.0738285
0.0175011
0.0142949
0.00100618
0.000573598
0.0109334
0.289691
0.246602
0.0540206
0.0279154
0.0030104
0.00201104
0.00222522
0.0137257
0.146417
0.263145
0.389338
0.201009
0.0064873
0.00131482
0.00278531
0.00717385
0.124543
0.194083
0.442461
0.354969
0.00738466
0.00223248
0.000113075
0.0203901
0.18784
0.215007
0.0587834
0.0203697
0.00594933
0.0221679
0.0262708
0.160262
0.333339
0.330284
0.24939
0.131648
0.0406886
0.00592565
0.0305735
0.0537024
0.158068
0.165708
0.260637
0.208578
0.0189709
0.113572
0.221109
0.148823
0.28025
0.295212
0.298115
0.137652
0.060464
0.137746
0.0741089
0.134138
0.115245
0.12304
0.162161
0.1837
0.0765204
0.296278
0.0977378
0.0668895
0.0684598
0.077053
0.0555466
0.143377
0.164002
0.324318
0.186101
0.0767682
0.0709003
0.128855
0.196504
0.142801
0.169767
0.464422
0.156482
0.0713063
0.0666263
0.0383685
0.0579451
0.123322
0.339706
0.163034
0.0784516
0.121089
0.119701
0.111329
0.107206
0.168809
0.142295
0.0478996
0.0805776
0.211878
0.271696
0.313007
0.160076
0.128078
0.0487204
0.260714
0.18302
0.167331
0.164223
0.062034
0.055332
0.108857
0.159318
0.0813004
0.215534
0.328547
0.362332
0.190705
0.0728925
0.0496509
0.0214089
0.000977071
0.0184294
0.0623322
0.0982789
0.125408
0.0358641
0.00963677
0.000977071
0.000651381
0.0310714
0.133974
0.383738
0.300287
0.00745104
0.00349884
0.00077203
0.00953388
0.211377
0.289705
0.109382
0.0627037
0.0120321
0
0.00579388
0.0140983
0.433297
0.499796
0.26776
0.0947273
0.00688763
0
0.00332644
0.0166252
0.0307469
0.0911578
0.388799
0.202589
0.0129248
0.0210919
0.0201388
0.321092
0.127873
0.0844055
0.228179
0.0603536
0.0154408
0.0317743
0.152741
0.0126845
0.1379
0.24722
0.408984
0.117736
0.0184419
0.0154278
0.0303459
0.180855
0.0818294
0.089694
0.400258
0.125111
0.053765
0.0361351
0.235405
0.296173
0.110902
0.162511
0.0657822
0.00017865
0.00181425
0.0097775
0.102027
0.101365
0.0523795
0.210087
0.161888
0.119636
0.494594
0.226383
0.0435511
0.434274
0.10326
0.0640155
0.0432302
0.00705927
0.00502076
0.0119706
0.204087
0.188283
0.0661553
0.091254
0.0799235
0.0529458
0.186004
0.120764
0.190809
0.00551086
0.000667443
0.0124433
0.0226055
0.0722853
0.348491
0.201615
0.00538213
0.00128073
0.00303602
0.00165104
0.00705337
0.0546579
0.422517
0.411105
0.0123147
0.0161306
0.00553661
0.0113487
0.0099578
0.0244122
0.187979
0.2088
0.0323516
0.00416097
0.00146299
0.00150585
0.00190603
0.0199886
0.422517
0.422517
0.0293117
0.00705757
0.0201325
0.0240661
0.0805007
0.0418988
0.26875
0.273971
0.035527
0.0649284
0.107914
0.0851408
0.164643
0.0846103
0.202162
0.0971191
0.0307845
0.0143248
0.00572542
0.0134354
0.0212337
0.0477999
0.443481
0.443481
0.126283
0.133108
0.0158713
0.0297245
0.0432953
0.0803662
0.28024
0.237233
0.339478
0.165662
0.159223
0.0799596
0.0427884
0.0377155
0.147161
0.0597596
0.0595717
0.208364
0.287105
0.156072
0.0447959
0.00623925
0.0500759
0.0667529
0.143081
0.217038
0.105404
0.068461
0.0109635
0.0249388
0.139092
0.095152
0.338778
0.335211
0.299858
0.198653
0.011199
0.0014923
0.0262557
0.0697494
0.476066
0.134987
0.184768
0.100872
0.0914339
0.0186166
0.0231271
0.0498972
0.0687802
0.0594613
0.260181
0.241081
0.140014
0.0429272
0.0222609
0.0216381
0.013673
0.401357
0.219254
0.0810853
0.0265641
0.00244094
0.00645628
0.0346312
0.265231
0.36934
0.457583
0.280992
0.0596933
0.00150316
0
0.00976247
0.0858705
0.00882754
0.281295
0.309449
0.0509212
0.0144005
0.00509609
0.00571873
0.0159305
0.028735
0.29841
0.362352
0.0524953
0.0240845
0.0230802
0.00796074
0.063442
0.163092
0.395087
0.261711
0.0445253
0.000691065
0.0025824
0.0234145
0.116498
0.233271
0.139948
0.116751
0.0270131
0.0143105
0.0225852
0.0284489
0.438461
0.0315364
0.0897688
0.125163
0.110097
0.0494807
0.0309224
0.0291682
0.137851
0.17278
0.00493356
0.0195934
0.110171
0.0470031
0.038913
0.0454023
0.447585
0.140439
0.00892363
0.0188028
0.00598135
0.0157816
0.0189905
0.0324681
0.513565
0.300848
0
0.00100123
0.00134
0.00452204
0.00302169
0.0281411
0.513565
0.308564
0.124713
0.11676
0.116818
0.0340098
0.00742461
0.0274197
0.214241
0.167103
0.161738
0.122457
0.0761909
0.0219535
0.0446954
0.111633
0.275038
0.166032
0.150196
0.213617
0.153483
0.0534696
0.097247
0.110312
0.222192
0.130391
0.377496
0.343952
0.119795
0.030227
0.00991261
0.0677804
0.147743
0.0238463
0.0238216
0.0166755
0.0125071
0.00992472
0.0700068
0.168574
0.0799874
0.00925095
0.00113883
0.00239547
0.00674801
0.0318109
0.586038
0.641408
0.0690545
0.0261928
0.066532
0.0408324
0.0134163
0.00751078
0.00753136
0.08988
0.0925748
0.088736
0.0213752
0.0213062
0.00535985
0.00765529
0.11424
0.264535
0.129638
0.0104291
0.000996279
0.0147775
0.000492089
0.044888
0.303854
0.36308
0.149215
0.189977
0.00357002
0.0221663
0
0.0341027
0.112755
0.198141
0.472447
0.0985337
0.00874109
0.00719873
0.000450911
0.0104974
0.0854669
0.187361
0.173726
0.25549
0.00976944
0.00554156
0
0.00690765
0.03461
0.138646
0.472447
0.233489
0.0111794
0.00920995
0
0.00137194
0.0101095
0.0237668
0.343004
0.370134
0.0232853
0.0209467
0
0
0.00179584
0.0125247
0.3948
0.300205
0.0057557
0.000566196
0
0
0.000259706
0.0216899
0.348433
0.3948
0.000849935
0
0
0
0.000173138
0.0115595
0.354712
0.422283
0.0652875
0.00871245
0.0065864
0
0.00113572
0.00925792
0.314979
0.350694
0.322178
0.176707
0.0395272
0.00171294
0.00265557
0.00440095
0.122862
0.367234
0.0221823
0.00013887
0.0019497
0.000640668
0.000177368
0.0192124
0.349806
0.248354
0.129009
0.100304
0.0223537
0.00674485
0.0152618
0.0675944
0.222925
0.275934
0.446087
0.239629
0.0480648
0.00431588
0.0134778
0.0249348
0.128369
0.35182
0.140152
0.025769
0.0122446
0.00163409
0.0150077
0.0331666
0.570903
0.12465
0.151531
0.139897
0.0444135
0.0180135
0.0383674
0.09627
0.0892846
0.0847653
0.0476556
0.0173847
0.0200299
0.022291
0.0543943
0.074532
0.147705
0.194251
0.00299707
6.21015e-005
0.000446002
0.00016718
0.00350836
0.0172508
0.58979
0.322197
0.00163377
0
0
0
0.00102733
0.0124019
0.58979
0.0828753
0.0309325
0.000163642
0.00469694
0.00781819
0.0204491
0.0280988
0.148523
0.115472
0.0279019
5.65288e-005
0.00083039
0.00083039
0.0131807
0.0469667
0.237691