0.0238771
0.0839243
0.109568
0.224431
0.179452
0.0648621
0.10321
0.115696
0.132412
0.0650873
0.14346
0.162029
0.105888
0.161873
0.253804
0.160249
0.0360869
0.0793411
0.0609228
0.26331
0.17609
0.112965
0.0711847
0.104367
0.160813
0.203491
0.357384
0.301698
0.229467
0.162427
0.104759
0.0781104
0.0377913
0.0335176
0.0319312
0.01233
0.0203485
0.0297938
0.0468999
0.0451213
0.0486618
0.243763
0.159916
0.0274007
0.0186521
0.0101386
0.0219168
0.0432761
0.0333896
0.251863
0.284197
0.0155126
0.0154417
0.0209438
0.0190685
0.0220522
0.0267426
0.588872
0.588872
0.0086475
0.0104293
0.00737526
0.00494332
0.0141317
0.130558
0.163652
0.062681
0.00729035
0.00252951
0.00158253
0.00643169
0.0911986
0.36426
0.0562859
0.00948177
0.000797951
0.00549682
0.00252874
0.00576677
0.283416
0.153444
0.413314
0.267148
0.00440885
0.00303903
0
0.000932368
0.0710938
0.413314
0.266321
0.0554316
0.00153518
0.00153518
0
0.00963967
0.413314
0.259146
0.0021658
0.00180247
0.000446459
0.00389135
0.00427409
0.00312476
0.24554
0.292015
0.00125512
0.000340185
0
0.00302697
0.00565084
0.00592645
0.330557
0.397821
0.0244595
0.00176835
0
0
0.00740282
0.0373552
0.397821
0.397821
0.00832736
0.00984934
0.0123607
0
0.014553
0.0535547
0.397821
0.241542
0.000982601
0.000526534
0
0.00126332
0.00373952
0.00732179
0.284482
0.14898
0.0126992
0.00393644
0.00724141
0
0.0113557
0.140253
0.35605
0.386043
0.012889
0.014891
0.0088737
0
0.00832036
0.0541838
0.386043
0.190954
0.00672777
0.00460178
0.00193623
0.000535743
0.131553
0.386043
0.386043
0.0614222
0.0250759
0.0160069
0.023258
0.00715864
0.0648531
0.215697
0.191738
0.0334251
0.0292994
0.034154
0.0297538
0.0209184
0.0927742
0.0812539
0.0436868
0.026639
0.00731038
0.0128116
0.0128054
0.00452445
0.445192
0.481416
0.166194
0.0107983
0.021705
0.0238054
0.0237404
0.0272841
0.481416
0.380408
0.0220958
0.061437
0.100183
0.0928032
0.0433701
0.0316992
0.115955
0.132212
0.129492
0.073279
0.233066
0.292801
0.0398139
0.019402
0.0307289
0.0692959
0.112779
0.0423393
0.0914292
0.0354368
0.0186454
0.0513496
0.552096
0.395955
0.145731
0.0737319
0.183265
0.0774075
0.0224725
0.0368217
0.111853
0.249336
0.210249
0.0089481
0.0324184
0.02392
0.0560304
0.0567574
0.0458884
0.020298
0.0158189
0.0474563
0.281354
0.220376
0.0388089
0.0499887
0.0573951
0.0174654
0.000794247
0.0310306
0.123198
0.209569
0.0733167
0.0569814
0.0399536
0.0531791
0.0416672
0.037864
0.596993
0.596993
0.0451991
0.0291603
0.0262137
0.0109022
0
0.0141273
0.257213
0.242784
0.00211594
0.00358477
0.0068457
0.00309672
0.000212415
0.000221751
0.372994
0.372994
0.0124546
0.00250422
0.000541259
0.000303819
0
0.0104809
0.372994
0.372994
0.00177228
0.000655184
0.00574217
0.00161023
0.000428413
0.00410971
0.372994
0.372994
0.0459873
0.0172178
0.0132806
0.00260789
0.00186322
0.0419521
0.399626
0.33143
0.0642454
0.0102877
0
0.000221029
0.0164745
0.327329
0.306107
0.174902
0.06155
0.0136852
0.00483058
0.0273571
0.233243
0.00408756
0.212444
0.245883
0.206525
0.130451
0.0543266
0.00974814
0.000951988
0.126689
0.131884
0.229643
0.209935
0.203758
0.195257
0.0829619
0.0945331
0.27988
0.0623982
0.0307656
0.00864621
0.004378
0.0807398
0.132754
0.314861
0.222413
0.0146376
0.0385306
0.0609577
0.0138599
0.202597
0.188402
0.300795
0.108361
0.0472279
0.0771174
0.0542434
0.0745306
0.319716
0.201836
0.151866
0.0893919
0.0257789
0.0442514
0.0620626
0.0580416
0.405686
0.381268
0.0947993
0.2071
0.0235994
0.0606793
0.050685
0.0361147
0.142161
0.15707
0.23627
0.0952205
0.00589986
0.0148758
0.0259353
0.107165
0.316347
0.409626
0.181981
0.146096
0.100675
0.127208
0.0867834
0.100365
0.283343
0.241314
0.0482095
0.0624165
0.100017
0.146728
0.283531
0.277383
0.24319
0.164082
0.0188005
0.0025223
0
0.000940902
0.00899377
0.0361184
0.337358
0.342899
0.022981
0.00147198
0.00362268
0.00204646
0.00143271
0.00769702
0.395307
0.372196
0.00564552
0.00535725
0.00982135
0.0240138
0.108595
0.0941869
0.239629
0.20314
0.00302174
0.00340696
0.000827477
0.000304237
0.00303756
0.00302906
0.395307
0.395307
0.0034172
0.00513268
0.00686458
0.00153152
0.000467875
0.0108126
0.308296
0.294632
0.0313137
0.0415941
0.0261799
0.00193622
0.003777
0.00698181
0.0623287
0.136726
0.0440759
0.00439984
8.68131e-006
0
0
0.0230433
0.468963
0.468963
0.0181532
0.0506339
0.013757
0.00471711
0.0160533
0.0814335
0.412936
0.348344
0.0369548
0.0248806
0.0793865
0.170568
0.107284
0.0821773
0.0182473
0.0351627
0.0217895
0.0146617
0.464806
0.464806
0.095288
0.0595431
0.0108223
0.00786355
0.000142106
0.00858544
0.0207632
0.0666711
0.266628
0.261848
0.0307354
0.0240078
0.0105203
0.00767137
0.177173
0.198351
0.417383
0.24623
0.0178459
0.0202619
0.00576481
0.0233905
0.555079
0.506427
0.0315578
0.00702992
0.0417907
0.0330672
0.00647261
0.0200004
0.287625
0.297752
0.0768158
0.0441675
0.115692
0.0591091
0.0159106
0.0321504
0.171746
0.13428
0.202029
0.0813453
0.0428285
0.0875227
0.0650533
0.0743544
0.0278434
0.0699179
0.129706
0.0966883
0.0990708
0.103329
0.108914
0.00426826
0.0574506
0.112
0.171075
0.171451
0.132788
0.0431474
0.00399663
0.0821585
0.071899
0.153833
0.236231
0.269371
0.294075
0.160068
0.0544087
0.0267573
0.0372051
0.131684
0.302178
0.253627
0.081603
0.0440826
0.0184793
0.189241
0.155299
0.197313
0.348049
0.244246
0.169406
0.229319
0.187562
0.0809734
0.0442318
0.0514732
0.0812174
0.0728982
0.188301
0.161585
0.105838
0.173343
0.0314156
0.0184248
0.0151716
0.0252223
0.235272
0.320401
0.221924
0.292561
0.062928
0.044621
0.0722955
0.0285149
0.0486051
0.129735
0.352717
0.428061
0.0124584
0.00448239
0.00499403
0.00248403
0.0231562
0.11794
0.428061
0.270438
0.170337
0.0931467
0.0294799
0.0291829
0.0916055
0.157649
0.166845
0.124305
0.214268
0.201642
0.214272
0.0898076
0.0302726
0.0291069
0.0649529
0.448313
0.0944302
0.0294289
0.000228879
0.026823
0.0295703
0.0868013
0.448313
0.195055
0.145724
0.116906
0.0888377
0.178852
0.0527658
0.102474
0.270303
0.0284315
0.0605467
0.0956509
0.203745
0.0814101
0.13081
0.105007
0.0363972
0.0171795
0.00822785
0.00595937
0.0167655
0.033272
0.610316
0.56609
0.0166257
0.0370573
0.055178
0.078143
0.121018
0.163558
0.0400564
0.0500963
0.0904471
0.0223376
0.0158403
0.0264809
0.0816426
0.144299
0.205574
0.130498
0.0349816
0.00117272
0.000257726
0.000526533
0.00706035
0.0644804
0.417493
0.305263
0.00421315
0.00542826
0.00119005
0.00265387
0.0544644
0.236949
0.383139
0.204241
0.00929699
0.00218553
0.00131492
0.00301736
0.15138
0.258911
0.189793
0.0892534
0.00216016
0
0
0
0.310482
0.417493
0.164682
0.0856906
0.0103775
0.0180267
0.0509066
0.054817
0.240979
0.245458
0.0109868
0.00441875
0.00345496
0.00358478
0.0180446
0.0470886
0.44058
0.321409
0.00437584
0.00665288
0.00592082
0.113597
0.131071
0.138182
0.194705
0.199403
0.0335999
0.036018
0.0281133
0.0297274
0.0361006
0.0624076
0.379032
0.495527
0.0242374
0.00850222
0.00599304
0.025471
0.0329198
0.0376168
0.427866
0.27226
0.0116809
0.047864
0.0848757
0.0962535
0.0301129
0.0445295
0.21118
0.231079
0.0384043
0.0434648
0.133005
0.0276979
0.0295506
0.0588708
0.407789
0.485359
0.0255538
0.00562179
0.0141925
0.0563084
0.0612341
0.139982
0.213419
0.156432
0.0546795
0.00624642
0.0215826
0.0207922
0.0293943
0.0462004
0.189602
0.2486
0.0705801
0.0416472
0.00988996
0.228899
0.206961
0.147696
0.162272
0.200949
0.125819
0.14058
0.157038
0.00638443
0.0443947
0.2192
0.191773
0.141223
0.0746973
0.0467117
0.00134014
0.325429
0.258956
0.456087
0.167201
0.127785
0.129459
0.119886
0.177376
0.254633
0.0566432
0.0322786
0.0104077
0.00811168
0.0197373
0.0344184
0.258089
0.381563
0
0
0.000288256
0.000166885
0.000588789
0.00428215
0.383384
0.357041
0.0706466
0.0709571
0.00941516
0.0100497
0.0244577
0.0279688
0.313738
0.383384
0.00228349
0.00841198
0.00106501
0.000822029
0.00590368
0.0201011
0.383384
0.378334
0.0336754
0.0210865
0
0.0166025
0.0190238
0.0537709
0.439361
0.172766
0.0719349
0.0876561
0.0674318
0.109433
0.042264
0.0841026
0.18531
0.319404
0.0169641
0.0325329
0.017514
0.0253432
0.122326
0.145939
0.439361
0.10155
0.0368021
0.0390719
0.0713625
0.194348
0.25422
0.178507
0.163319
0.0771509
0.0836251
0.140177
0.218994
0.24517
0.0544467
0.0696876
0.0952855
0.0251245
0.0238199
0.0513235
0.271206
0.281884
0.0430911
0.0105235
0.046182
0.0505693
0.0643815
0.0578159
0.161426
0.444839
0.268706
0.125172
0.0401041
0.021075
0.022499
0.0434893
0.39066
0.297381
0.0317372
0.0224306
0.0227348
0.00149197
0.00123636
0.0040382
0.232798
0.229854
0.0153792
0.00143662
0.00129026
0.00141066
0.00180098
0.00106869
0.393546
0.416197
0.0129348
0.0216026
0.0105852
0.000756409
0.000829098
0.00414198
0.326966
0.261895
0.0018933
0.00146122
0.00081174
0.0129787
0.0196837
0.00921725
0.416197
0.416197
0.000690239
0.00180016
0.00826622
0.0526664
0.0343946
0.0487084
0.147706
0.187076
0.0628374
0.0658868
0.0607984
0.0138537
0.0127934
0.0173108
0.271656
0.415956
0.0496091
0.0138385
0.00874414
0.015373
0.00294353
0.0132152
0.229327
0.277799
0.152408
0.0555715
0.0449473
0
0.000762684
0.011173
0.233086
0.404359
0.470142
0.17512
0.00523619
0.0136219
0.010624
0.0252251
0.229429
0.343666
0.0446824
0.00745562
0.0072726
0.0296425
0.0509026
0.0789193
0.14962
0.114433
0.0466619
0.0104228
0.0113799
0.000906961
0.00789775
0.0254025
0.133842
0.270105
0.644545
0.343771
0.00411224
0.0340232
0.0404474
0.041059
0.101767
0.121214
0.174304
0.132875
0.0212873
0.00399077
0.0251794
0.157654
0.186351
0.154022
0.0975377
0.0342345
0.00301675
0.171368
0.098982
0.287591
0.16137
0.205845
0.182175
0.13307
0.214264
0.0653883
0.0641064
0.0463493
0.116699
0.132054
0.186933
0.103921
0.0124222
0.277278
0.0880659
0.0618938
0.0840679
0.149988
0.255046
0.320171
0.446972
0.242107
0.030044
0.0462189
0.0104042
0.0274376
0.0361572
0.044215
0.300975
0.380163
0.0146275
0.0291764
0.00369392
0.00128111
0.0092007
0.0184529
0.384089
0.247462
0.0115705
0.0085826
0.00334487
0.0174228
0.0318648
0.0729942
0.384089
0.384089
0.0306445
0.0194509
0.00246261
0.000320277
0.00230017
0.00606085
0.384089
0.260835
0.072937
0.129055
0.0494597
0.0377204
0.10354
0.0619736
0.335203
0.0449923
0.0724502
0.150146
0.186172
0.25964
0.181673
0.0633181
0.0493765
0.423627
0.192075
0.143195
0.0375701
0.0111642
0.0216243
0.02203
0.34886
0.118408
0.220709
0.271468
0.182716
0.125559
0.0529374
0.0411397
0.12174
0.0100067
0.036836
0.0936183
0.259992
0.400526
0.125369
0.0410305
0.00924607
0.0121122
0.0145814
0.0215904
0.22551
0.183592
0.0204004
0.0185487
0.011597
0.0196992
0.112723
0.233033
0.269538
0.23324
0.0607738
0.0513602
0.0615462
0.015991
0.389711
0.39951
0.195655
0.130766
0.0139243
0.021541
0.013331
0.000881316
0.00102995
0.00701229
0.276768
0.207919
0.00204171
0.00121036
0.000776363
0.00941948
0.0227006
0.0255115
0.430098
0.336674
0.000578049
0
0.00441853
0.00124079
0.170948
0.264835
0.268182
0.123461
0.000804697
0.000461977
0.000869413
0.000996868
0.126864
0.29799
0.430098
0.248019
0.00596174
0
0
0.00502983
0.00249219
0.0130357
0.116148
0.144097
0.161603
0.0833737
0.0108291
0.000940191
0.000501693
0.00317728
0.0475995
0.121718
0.485221
0.394941
0.00492507
0.00618779
0.00259332
0.0178954
0.0421611
0.0278122
0.102565
0.139344
0.0549411
0.0047279
0.00161176
0.000536129
0.00434482
0.0167949
0.485221
0.451075
0.0280652
0
0.000242326
0.00199744
0.00449226
0.0160378
0.362404
0.279836
0.000274274
0.00531048
0.00231821
0.0081694
0.0514647
0.0278921
0.150236
0.163498
0.00650667
0.00021529
0
0
0
0.00129921
0.415605
0.415605
0.00213837
0.000446112
0
0.00165241
0.0433662
0.0564721
0.415605
0.415605
0.00909497
0.0546927
0.0667848
0.0681257
0.176852
0.105256
0.0689894
0.0544224
0.0102526
0.288918
0.132185
0.135235
0.127388
0.0927798
0.0813898
0.0916666
0.260873
0.00952428
0.0157317
0.0400724
0.147085
0.248772
0.375517
0.271934
0.0265436
0.174863
0.0863229
0.148609
0.11519
0.230878
0.360191
0.195286
0.268908
0.244558
0.0434117
0.0558457
0.0122164
0.0248901
0.0307708
0.0483836
0.332811
0.355363
0.101707
0.0828726
0.013465
0.0264503
0.00934363
0.016139
0.384247
0.223278
0.135534
0.168844
0.0286544
0.0462007
0.0976409
0.0856298
0.239919
0.23194
0.271109
0.392893
0.10435
0.0402649
0.0140155
0.0246873
0.141441
0.446914
0.163147
0.0777318
0.0281444
0.00465085
0.0154407
0.0290519
0.320216
0.228791
0.146351
0.100931
0.12866
0.0814414
0.0638965
0.0629507
0.167703
0.374622
0.197897
0.232091
0.0863464
0.00811901
0.00386016
0.00819097
0.146018
0.298861
0.279882
0.170832
0.0789059
0.0397649
0.0155892
0.0157144
0.0907123
0.0183751
0.0763422
0.0677923
0.0469576
0.0483347
0.0183755
0.012698
0.0150659
0.00348923
0.352635
0.329489
0.0163899
0.00647753
0.00193142
0.00155639
0.000871332
0.0317612
0.414196
0.324025
0.0273842
0.0232809
0.00404359
0.00260427
0.00600205
0.00296248
0.461613
0.461613
0.00181068
0.00118667
0.000258421
0
0.000853954
0.00301677
0.359742
0.394661
0.0592229
0.0113707
6.57979e-005
6.25198e-005
0.00238265
0.00720564
0.255939
0.357479
0.163297
0.0454101
0.00323442
0
0.00337586
0.0173608
0.394661
0.394661
0
0
0
0
0.0161455
0.0611343
0.273614
0.241162
0.00865995
0.00781152
0.00284288
0.00495062
0.031573
0.0175362
0.0287068
0.0265315
0.0424337
0.0138421
0.0815025
0.21116
0.146156
0.0123224
0.0157422
0.014411
0.0277444
0.0296546
0.653544
0.498358
0.115365
0.032832
0.0753516
0.046751
0.105578
0.0566583
0.112267
0.0673902
0.0948291
0.0235572
0.0977168
0.0881332
0.107218
0.0762346
0.18246
0.125604
0.0916528
0.00211509
0.000250966
0.00302804
0.00231021
0.00471251
0.342167
0.269856
0.00688818
0.00234261
6.27414e-005
0.000661411
0.00512296
0.0190998
0.44533
0.44533
0.00976929
0.0112881
0.00704806
0.0207457
0.00976792
0.0188117
0.12984
0.096606
0.00705569
0.0218339
0.0060908
0.00621407
0.00158742
0.011976
0.375397
0.44533
0.040075
0.00410701
0
0.000993747
0.00873788
0.0534213
0.290171
0.341197
0.0707784
0.119143
0.0138384
0.0131226
0.0075629
0.0487656
0.168558
0.226926
0.338971
0.0600936
0.00138926
0
0
0.00246432
0.17622
0.393462
0.213428
0.345722
0.00264348
0
0
0
0.0292406
0.174446
0.393462
0.228344
0.0936013
0.0504524
0.00713614
0.00764771
0.0319134
0.0518346
0.254085
0.265936
0.161842
0.176815
0.0470566
0.00496161
0.00163255
0.0034346
0.219141
0.402049
0.0233002
0.00124553
0
0
0.00096797
0.0156093
0.40251
0.40251
0.0366227
0.00779008
0.000623707
0
0
0.000153688
0.40251
0.23454
0.0764109
0.0731171
0.0280302
0.00115535
0
0.00221647
0.143996
0.18211
0.365063
0.159487
0.00236608
0.000159049
0
0.00535856
0.0440728
0.392973
0.0368715
0.00390945
0.000426374
0
0
0.00535856
0.392973
0.392973
0.392973
0.149918
0
0
0.000536144
0.0215942
0.193557
0.0226242
0.389201
0.319678
0.000924951
4.25385e-005
0
0.00152392
0.00249082
0.00467292
0.389201
0.360005
0.00366984
0.00498661
0.000568407
0.00201783
0.00366704
0.0930057
0.389201
0.269615
0.000890387
0.0056128
0.00381647
0.00940339
0.0233041
0.00490593
0.322572
0.292976
0.0438304
0.0241983
0.0103302
0.0056389
0.00718762
0.0352023
0.276735
0.189395
0.00339819
0.00872151
0.000921044
0.00305914
0.0133655
0.151799
0.327934
0.122252
0.000773176
0.00494758
0.00175844
0.00401191
0.0200625
0.038924
0.360595
0.390502
0.0715679
0.0179971
0.00578388
0.00472187
0.00561785
0.157858
0.409376
0.409376
0.22294
0.0126834
0.000921044
0.00112721
0.00236609