0.143774
0.0835229
0.0574314
0.0837895
0.0773143
0.085643
0.0769927
0.0673286
0.0887378
0.0929943
0.0867693
0.193942
0.191841
0.197626
0.109574
0.0906684
0.124954
0.0670504
0.0264044
0.070458
0.112008
0.153258
0.217162
0.0758266
0.0584017
0.22481
0.209859
0.233523
0.34547
0.25043
0.178838
0.0575145
0.00400813
0.020961
0.0202824
0.0321284
0.0323669
0.0256763
0.0124755
0.00314018
0.0509746
0.141841
0.100443
0.150679
0.0765851
0.0109954
0.00785585
0.0170867
0.00472487
0.154897
0.118543
0.0340723
0.0346301
0.0288307
0.0181266
0.00332641
0.0782126
0.652108
0.626343
0.0578581
0.0341707
0.0105114
0.0105864
0.0150623
0.153491
0.122249
0.0676093
0.0923177
0.0345285
0.00487384
0.000612204
0.042486
0.408586
0.14356
0.0890257
0.0606715
0.0153034
0.0210719
0.028229
0.155446
0.195783
0.408586
0.249035
0.0277574
0.0153718
0.00012908
0.00012908
0.0307008
0.408586
0.408586
0.114105
0.0211622
0.00360415
0.000380408
0.017005
0.251491
0.256152
0.0346695
0.0417834
0.0332221
0.00688353
0.0135002
0.0587681
0.228009
0.381965
0.0455049
0.0336085
0.0344373
0.00245675
0.00897358
0.0325372
0.271632
0.381965
0.0878234
0.0116604
0.00182079
0
0.004204
0.0702345
0.376467
0.381965
0.0564126
0.016568
0.00453008
0.0066657
0.0149046
0.125114
0.381965
0.386209
0.10763
0.0667103
0.0267917
0.000354963
0.00135317
0.000367023
0.13395
0.204914
0.0847593
0.0629784
0.0341783
0.0087465
0.0317134
0.0755776
0.147651
0.390745
0.0614992
0.0261148
0.00776045
0.0159026
0.0163183
0.0970243
0.363942
0.27343
0.0333771
0.00697183
0.00222726
0.0214945
0.168092
0.390745
0.370981
0.0518976
0.0244919
0.0319851
0.0306945
0.055004
0.0570047
0.119639
0.098665
0.181386
0.0509782
0.0701014
0.0287328
0.0857431
0.0340055
0.0701923
0.159864
0.0478438
0.0129043
0.0240378
0.0341703
0.163654
0.358182
0.431921
0.135379
0.137197
0.0385099
0.0945403
0.0758534
0.288622
0.431921
0.394982
0.128194
0.218308
0.0185714
0.0245254
0.00556139
0.0184796
0.00855279
0.0596117
0.337444
0.217409
0.00234557
0
0
0
0.00176249
0.0403745
0.460173
0.14592
0.0489404
0.0476355
0.0562701
0.0720513
0.272605
0.280906
0.263364
0.201617
0.071478
0.0401224
0.0558817
0.0176533
0.054085
0.0916851
0.456447
0.0205026
0.0203302
0.0154673
0.0100152
0.0123769
0.0143123
0.0230688
0.02156
0.0102442
0.150726
0.120947
0.0388968
0.0283605
0.0170596
0.00953459
0.00408518
0.0653315
0.0693786
0.107776
0.0665573
0.0914066
0.0706652
0.069309
0.0504239
0.0184256
0.648628
0.648212
0.0761612
0.0233049
0.00784254
0.00274572
0.00465513
0.00105347
0.174178
0.139438
0.012649
0.0052915
0.00346753
0.00156412
0.000442706
0.00840367
0.395685
0.395685
0.00812014
0.0021302
0.000314894
0.000859626
0.000963453
0.00283958
0.395685
0.360458
0.0112709
0.00172982
0.000605706
0
8.4902e-005
0.00386493
0.395685
0.392525
0.011811
0.0107839
0.000959133
0.00262654
0.0021261
0.0446848
0.39248
0.328446
0.0811786
0.0220986
0.0125004
0.000123712
0.00403153
0.20023
0.39248
0.193559
0.14589
0.0558572
0.0429628
0.0119469
0.090533
0.0164068
0.217811
0.170733
0.111204
0.124921
0.0899335
0.00609064
0.00892087
0.0608793
0.166109
0.135051
0.247679
0.257319
0.339934
0.10709
0.0814233
0.174069
0.163848
0.0411651
0.0327884
0.0254458
0.0733288
0.140879
0.205335
0.18418
0.0571413
0.0324023
0.0214575
0.0462949
0.191006
0.355405
0.226742
0.0658388
0.113403
0.0796812
0.143739
0.103651
0.278923
0.233517
0.129949
0.0922872
0.0477871
0.0394302
0.0648475
0.0578169
0.378414
0.40163
0.220614
0.175252
0.0414541
0.0599842
0.045713
0.11919
0.118216
0.229678
0.16429
0.0900486
0.0153033
0.047668
0.0651638
0.222922
0.241707
0.397025
0.149103
0.186746
0.150895
0.149964
0.0446383
0.129745
0.157535
0.269699
0.145886
0.129779
0.211145
0.317117
0.176122
0.277692
0.112679
0.101714
0.0291602
0.00557734
0.0014703
0.00950147
0.0293456
0.117056
0.322289
0.338942
0.022532
0.011932
0.0048846
0.013759
0.0226461
0.0820559
0.404327
0.404327
0.0337505
0.00906078
0.0315912
0.0679522
0.0832413
0.0942882
0.156198
0.130778
0.00274131
0.00053495
0.00393303
0.00575794
0.00450114
0.00522079
0.404327
0.404327
0.015723
0.0196877
0.0421782
0.0282907
0.0651444
0.0395074
0.284198
0.391863
0.0736488
0.0878603
0.0825776
0.0631623
0.147691
0.0512152
0.0846043
0.0790226
0.0949871
0.00492235
0.0163385
0.0158877
0.0369839
0.0757397
0.418942
0.418942
0.0416428
0.0354494
0.047586
0.0412807
0.164465
0.193726
0.418942
0.191873
0.0458018
0.0166966
0.0273605
0.0604702
0.105135
0.14017
0.0691322
0.0263165
0.00847778
0.00400855
0.282523
0.425169
0.221163
0.082
0.00928667
0.000489274
0.00105667
0.00167963
0.0126014
0.0404347
0.223328
0.264018
0.165334
0.0153297
0
0
0.0487678
0.1997
0.464699
0.433897
0.0373244
0.00139978
0
0.00388808
0.50235
0.498492
0.116343
0.0390812
0.000314122
0
3.99839e-006
0.00429639
0.33299
0.20455
0.0351092
0.0324126
0.00639988
0.00661647
0.00119944
0.00199206
0.0742806
0.200784
0.402504
0.231065
0.0026055
9.42957e-005
0.000271511
0.012889
0.0347608
0.0551212
0.0912565
0.0722697
0.0116338
0.00202325
0.00317542
0.022303
0.0674782
0.0529098
0.142893
0.105157
0.0549018
0.00645526
0.0227443
0.117221
0.0945485
0.0775566
0.22938
0.200967
0.255432
0.17421
0.207083
0.0339261
0.0260848
0.0254724
0.343802
0.211978
0.0265126
0.0103099
0.0192362
0.300958
0.14561
0.0960835
0.420557
0.283347
0.116703
0.158609
0.267536
0.127197
0.0421408
0.0443153
0.0745211
0.051686
0.115592
0.143619
0.184123
0.220487
0.0236576
0.0215978
0.0272692
0.00842076
0.0844275
0.203579
0.362096
0.36858
0.0633886
0.0373178
0.0428034
0.0372624
0.0419598
0.0945682
0.391616
0.40305
0.00623311
0.00342021
0
0
0
0.0207066
0.40305
0.297405
0.101022
0.0720779
0.00348617
0.0155655
0.0347886
0.113073
0.348762
0.16108
0.151853
0.174052
0.0649764
0.062978
0.032072
0.0402251
0.142974
0.431289
0.0511211
0.0251116
0.00803587
0.0127517
0.020411
0.0581379
0.431289
0.23148
0.0833932
0.109459
0.101277
0.140864
0.0929621
0.100292
0.326217
0.0298916
0.0715742
0.124548
0.111856
0.08131
0.092859
0.0733956
0.0489753
0.00300599
0.00215713
0.00496631
0.0134214
0.0602387
0.599606
0.583951
0.0110264
0.0589274
0.0358584
0.0930017
0.159116
0.214139
0.0962148
0.0572046
0.0778877
0.00333461
0.00327354
0.0131164
0.130052
0.137189
0.166704
0.052661
0.00552232
0
0
0.000225182
0.0408178
0.104368
0.362661
0.244528
0.00555139
0.0194762
0.0185416
0.0110513
0.157323
0.291339
0.377719
0.137671
0.0264088
4.45263e-006
0.000129126
0.00636127
0.282562
0.170454
0.116966
0.0351968
0.000448835
0.060512
0.00935383
0.00880403
0.377719
0.377719
0.192331
0.145225
0.121546
0.0335789
0.05483
0.066458
0.210474
0.144296
0.0794378
0.0102836
0.0476038
0.00304518
0.01881
0.0438641
0.450819
0.401578
0.0214837
0.00494957
0.000230973
0.118877
0.0661742
0.0639814
0.20365
0.097754
0.0486203
0.0893831
0.211424
0.0148819
0.0207059
0.0402742
0.450819
0.410637
0.0318034
0.0436134
0.00792125
0.00225499
0.00700825
0.0410147
0.488023
0.361333
0.0061958
0.00227642
0.00273925
0.0138
0.0101711
0.0309652
0.0748318
0.0814597
0.013619
0.00606105
0.00726662
0.0102864
0.00459845
0.00968443
0.62187
0.385475
0.00729692
0.00765662
0.0149443
0.0247834
0.00402509
0.00659929
0.0940372
0.0884321
0.0125114
0.0262019
0.0212521
0.0364596
0.0189046
0.0354772
0.170199
0.184382
0.0351364
0.0341412
0.0125859
0.373647
0.195416
0.19089
0.197505
0.208613
0.0634656
0.0884086
0.179444
0.0155728
0.0381491
0.151943
0.206896
0.162441
0.0415978
0.0406778
0.00961433
0.256718
0.276779
0.385459
0.286586
0.147689
0.0961379
0.128997
0.171818
0.335931
0.0778263
0.0601236
0.0152312
0.0162328
0.00965061
0.0305682
0.290977
0.378951
0.00488745
0
0
0
0
0.0111262
0.378951
0.273025
0.103152
0.0711949
0.0459377
0.00714711
0.0175816
0.0416652
0.286617
0.378951
0.0208613
0.0031035
0
0.0124274
0.00663282
0.0440273
0.378951
0.40637
0.0317114
0.0156604
0.00537598
0.00535263
0.0306445
0.0856959
0.40637
0.200204
0.0562802
0.0756162
0.0615067
0.0646748
0.0907684
0.11211
0.198225
0.269457
0.0478527
0.0524453
0.0190226
0.103816
0.133949
0.20583
0.36031
0.0671175
0.0411118
0.0896593
0.124278
0.281869
0.261995
0.192219
0.0961238
0.121421
0.0609317
0.131539
0.164025
0.182718
0.125891
0.0869927
0.0547593
0.0114209
0.0140079
0.0283971
0.260178
0.205585
0.0834546
0.0176106
0.0124651
0.0497791
0.0419313
0.0889208
0.24978
0.490599
0.277688
0.102582
0.0196496
0.0330838
0.0190358
0.0172804
0.375068
0.319167
0.0710676
0.0134351
0.015628
0.000678119
0.00029856
0.00876117
0.360971
0.172613
0.0135622
0.000666906
0.000297275
0.0493763
0.0160717
0.0283794
0.429161
0.248758
0.0360927
0.0980909
0.10568
0.0025354
0.000448812
0.013329
0.429161
0.26597
0.00601833
0.000208737
0.000673259
0.0689193
0.0442281
0.0720609
0.429161
0.271838
0.00230012
0.00809415
0.0186203
0.0475518
0.00660682
0.00591975
0.0737688
0.143298
0.089168
0.118629
0.175738
0.00472194
0.00198212
0.00516067
0.388822
0.320742
0.152606
0.0490815
0.00793093
0.0158861
0.0029882
0.00886037
0.0270924
0.26422
0.347244
0.108554
0.107851
4.3402e-005
0.000634059
0.00395975
0.110981
0.328041
0.422187
0.289928
0.00292352
0.00581864
0.00318146
0.00591882
0.350258
0.230095
0.107637
0.0317124
0.0069402
0.0136318
0.00559169
0.00666767
0.0604736
0.0621452
0.011648
0.0192115
0.0151463
0.00493968
0.00353958
0.00717204
0.103469
0.154594
0.590554
0.523423
0.00134495
0.0174955
0.00907652
0.0242662
0.075536
0.0571604
0.228405
0.159121
0.00997242
0.0151336
0.0104666
0.0618391
0.124632
0.171067
0.0988
0.0646325
0.0154236
0.119784
0.0802437
0.141334
0.168529
0.167132
0.21278
0.286861
0.282858
0.100271
0.0899091
0.0560915
0.138124
0.110107
0.0811686
0.0633831
0.0311209
0.4484
0.15628
0.0827515
0.119754
0.0923753
0.132693
0.223421
0.4484
0.185337
0.0382151
0.0237201
0.0299988
0.00890205
0.0351226
0.0802721
0.296103
0.359204
0.0302021
0.00539153
0
0.00862672
0.0046043
0.0219909
0.366689
0.341249
0.0205894
0.0168581
0.0100708
0.0144084
0.0209983
0.0528324
0.383957
0.383957
0.0300183
0.0174401
0.00270426
0.0081772
0.00269542
0.000730741
0.383957
0.29735
0.157267
0.121811
0.0318816
0.0736053
0.0625348
0.071927
0.219183
0.075913
0.154899
0.236019
0.196644
0.193773
0.103963
0.0505208
0.041944
0.430045
0.136455
0.0787165
0.0477515
0.00693504
0.0196722
0.0309904
0.430045
0.192476
0.147308
0.166687
0.175502
0.0814641
0.0812383
0.0482122
0.240521
0.0146138
0.0408548
0.104974
0.173294
0.154909
0.0512618
0.0144449
0.00988269
0.0115197
0.0301324
0.0424259
0.166557
0.123007
0.0219155
0.00654093
0.00191146
0.0384892
0.0809853
0.129495
0.129914
0.096147
0.0628454
0.0291613
0.0592438
0.0354515
0.629351
0.59138
0.10362
0.0597391
0.0128767
0.0136268
0.00686454
0.00257595
0.0107154
0.0470199
0.343014
0.152367
0.00260154
0.000247334
0.00250921
0.054692
0.025554
0.0481084
0.376204
0.172095
0.00215791
0.0158291
0.0540593
0.0303547
0.348596
0.333285
0.220395
0.0598017
0.00101809
0.000370382
0.00979592
0.289927
0.292149
0.173891
0.248474
0.0856515
0.00132029
0.023874
0.29012
0.0149922
0.0136513
0.0281342
0.00628895
0.106082
0.322392
0.061165
0.0338588
0.00038329
0.00322424
0.0135485
0.00354694
0.0919663
0.473029
0.449115
0.00131071
0.054698
0.0381201
0.0278607
0.00457226
0.0130712
0.105536
0.0459059
0.0707881
0.045337
0.0602476
0.0216645
0.00304817
0.00829583
0.473029
0.375381
0.0569173
0.00105657
0.000519492
0.000973204
0.000708587
0.00871824
0.390706
0.325876
0.000186937
0.00308854
0.00120317
0.00583329
0.0306631
0.0363256
0.262606
0.210603
0.00109561
0.00655572
0.00825427
0.00113143
0
0.00221334
0.390706
0.354596
0.0254371
0.000162333
4.19262e-005
0.000712746
0.0134485
0.0459646
0.390706
0.390706
0.00394611
0.0363733
0.0499372
0.0454689
0.152645
0.166559
0.095406
0.063986
0.00553651
0.221703
0.106981
0.113593
0.169094
0.151405
0.0650509
0.0865319
0.16479
0.00698339
0.00257854
0.00886697
0.0671164
0.188898
0.384986
0.384986
0.0601513
0.173797
0.0257594
0.0538924
0.0874922
0.164456
0.195549
0.372724
0.376593
0.224038
0.0616339
0.101679
0.0407002
0.0494201
0.0274673
0.0398518
0.245572
0.342917
0.107622
0.20101
0.0425028
0.0303904
0.0100175
0.000298055
0.326344
0.322109
0.139757
0.131991
0.0364571
0.0363989
0.0374089
0.107267
0.272502
0.333275
0.233813
0.343515
0.0955409
0.0221419
0.00687927
0.00036228
0.171496
0.419953
0.0823759
0.108489
0.0744482
0.00790699
0.0134806
0.0209056
0.339991
0.227326
0.0783598
0.0683262
0.172845
0.0795679
0.0550056
0.0323971
0.180239
0.35258
0.110228
0.161868
0.0674583
0.00343145
0.00112298
0.00112298
0.184395
0.239034
0.417924
0.250829
0.0476316
0.0138775
0.00163923
0.00163923
0.0897091
0.0180836
0.110987
0.105565
0.0384467
0.0303387
0.0131622
0.00531574
0.0123577
0.0102747
0.401119
0.401119
0.00717176
0.00188193
0.00111611
0.0017951
0.00153923
0.020534
0.401119
0.357806
0.0117813
0.00541335
0.000222721
0.000222721
0.00492547
0.012325
0.401119
0.401119
0.0168308
3.01938e-006
0
0.00045059
0.00474793
0.0202661
0.396407
0.396407
0.031153
0.00397775
0.000447815
0.000176717
0.00477707
0.21216
0.396407
0.201055
0.0315847
0.010061
0.00174384
0.00379685
0.185767
0.00808458
0.386788
0.396407
0.0321299
0.00172629
0.0046962
0.00975964
0.0302532
0.0297881
0.181868
0.133269
0.020438
0.0117355
0.00972899
0.0151371
0.0733147
0.253688
0.123677
0.0219719
0.0127709
0.0223715
0.0492417
0.109162
0.244262
0.32129
0.242433
0.0257854
0.0229316
0.0282682
0.355484
0.294756
0.301896
0.17189
0.0688648
0.0136083
0.0885204
0.176623
0.028483
0.055206
0.118679
0.22349
0.130866
0.0360537
0.238329
0.213801
0.040023
0.0692447
0.177548
0.0352713
0.0220015
0.00220398
0.0248209
0.0334156
0.419505
0.204027
0.0827945
0.0208405
0.0024839
0.000303717
0.0344455
0.10959
0.474245
0.474245
0.0520916
0.0270054
0.0197929
0.0114466
0.145441
0.104024
0.0722993
0.0379574
0.0441154
0.101606
0.0082809
0.0425892
0.243751
0.183396
0.190809
0.22977
0.150803
0.0314132
0.00369917
0
0.00576578
0.0464455
0.311709
0.382691
0.169168
0.221102
0.00636777
0.000881916
0.00217262
0.0179736
0.088797
0.231605
0.383338
0.0850084
0.00554875
0.0185356
0.0921306
0.0506929
0.0784315
0.265876
0.306897
0.152857
0.00381225
0
0.0692308
0.0204099
0.0197861
0.251528
0.383338
0.349561
0.0493132
0.0211354
0.00332858
0.000838589
0.00614219
0.0475228
0.378881
0.378881
0.0806489
0.067838
0.025134
0.00125774
0.00013432
0.00481303
0.378881
0.186346
0.000400585
0.00111968
0.0428061
0.0122897
0.0118975
0.122784
0.350519
0.264343
0.0132823
0.0147789
0.0307142
0.0128899
0.0183407
0.0511548
0.378881
0.37285
0.0672201
0.0325593
0.0158624
0.00100042
0.000603417
0.0011058
0.324989
0.27615
0.407963
0.239144
0.0390326
0.0173856
0.000649717
0.0048382
0.122154
0.302702
0.0674548
0.0348189
0.0255238
0.0192223
0.0036348
0.00974834
0.29993
0.260738
0.256214
0.161433
0.105213
0.0642573
0.00178056
0.0612757
0.159287
0.0381969
0.388728
0.333584
0.0279341
0.0121689
7.54839e-005
0.0209014
0.0142137
0.0462076
0.388728
0.368874
0.0175915
0.00107031
0.0027558
0.0354515
0.0374793
0.0683103
0.231383
0.165472
0.0786389
0.0410782
0.00224199
0.176331
0.16038
0.202811
0.146831
0.086517
0.0142149
0.00424362
0.0046942
0.178868
0.388728
0.049656
0.187036
0.259612
0.0531592
0.0060446
0.0186761
0.0334746
0.0835878
0.0408194
0.0374432
0.0408067
0.0510953
0.0252802
0.0269882
0.0316415
0.0720279
0.283803
0.0383532
0.028112
0.0172812
0.00426751
0.0147309
0.0861017
0.572948
0.236201
0.00878268
0.0165263
0.0274687
0.0219958
0.0169524
0.0866121
0.572948