0.129649
0.166025
0.0588302
0.0486007
0.162433
0.317929
0.157118
0.154628
0.255028
0.441055
0.29627
0.178327
0.0328074
0.117036
0.0670661
0.113534
0.107635
0.156307
0.0708253
0.0959082
0.14903
0.134581
0.0357838
0.0497311
0.177344
0.319495
0.106718
0.106313
0.0655236
0.13214
0.0308801
0.109843
0.175203
0.143968
0.12684
0.0758873
0.00289727
0.0126279
0.182696
0.22399
0.151726
0.0402686
0.00411076
0.00445281
0.00598091
0.0104679
0.309641
0.640286
0.135446
0.089751
0.0430836
0.0366066
0.017407
0.0436989
0.0321815
0.103212
0.208087
0.304372
0.171656
0.0234822
0.0239237
0.0145199
0.050996
0.170647
0.147902
0.0314952
0.0293401
0.014559
0.00296291
0.00491068
0.0488319
0.235604
0.200434
0.0294444
0.0702021
0.0494588
0.00233233
0.0076162
0.0446824
0.173374
0.200104
0.335563
0.260499
0.0121383
0.0118517
0.00644693
0.0215456
0.0833731
0.497615
0.352497
0.21151
0.0097761
0.00288903
0.00493216
0.0279385
0.377742
0.112833
0.0121824
0.0377097
0.0291261
0.00910126
0.00535137
0.0203688
0.122037
0.168635
0.0199776
0.0341399
0.0401437
0.0277885
0.0278036
0.0259424
0.147379
0.464548
0.0597273
0.0143104
0.00091512
0.000822586
0.0017699
0.00976796
0.464548
0.464548
0.0234402
0.00697512
0
0.00329034
0.0122059
0.010631
0.464548
0.174249
0.0285862
0.0106705
0.0144413
0.0102439
0.0269174
0.0340299
0.109584
0.149325
0.0979605
0.023086
0.0118793
0.00319386
0.0257355
0.0802439
0.145978
0.473934
0.00901222
0.00213646
0
0.00107107
0.0209126
0.0193924
0.473934
0.360934
0.00839963
0.00398937
0.00296982
0.00656584
0.0610875
0.194414
0.473934
0.0582767
0.0735021
0.0303022
0.0214081
0.013577
0.0546134
0.120306
0.19121
0.100695
0.0200286
0.0280709
0.0500254
0.0449631
0.0835889
0.127392
0.442374
0.0914146
0.0028282
0.00228038
0.00222544
0.0146194
0.180438
0.378118
0.454318
0.100651
0.0020105
0.00863334
0
0.00763874
0.163008
0.295615
0.375756
0.135171
0.0011463
0.00376641
0.0149382
0.0176285
0.0369328
0.0766386
0.486312
0.143193
0
0
0
0.00283877
0.0118866
0.0813832
0.494369
0.130733
0.00380579
0.0122233
0.00105089
0.00742733
0.0249945
0.0667134
0.32256
0.211114
0.0159255
0.00972871
0.00157633
0.0086041
0.0066317
0.0326799
0.494369
0.202283
0.0209834
0.0138432
0.024696
0.0190939
0.0166091
0.00282015
0.15841
0.180975
0.0414755
0.00861548
0.0218208
0.0186885
0.0415408
0.00523092
0.242684
0.364868
0.0358066
0.0101233
0.0266269
0.0292779
0.0256838
0.0763117
0.431745
0.332395
0.105058
0.0303022
0.0275812
0.0468285
0.0214942
0.0633589
0.566881
0.108327
0.0833245
0.00979449
0.0039744
0.00361267
0.009555
0.00254706
0.0991409
0.14133
0.476324
0.186369
0.0042272
0.00332313
0.000993549
0.00211731
0.0293642
0.215734
0.290655
0.0881376
0.0110106
0.00616756
0.0011864
0.00331367
0.188253
0.182357
0.501152
0.424131
0.0074573
0
0
0.000394429
0.0233423
0.076765
0.387881
0.249914
0.0128343
0.00223326
0.00325891
0.00182177
0.0060281
0.306454
0.379899
0.191538
0.0324464
0.000544393
0.00428386
0.0080784
0.106242
0.0342716
0.387881
0.287735
0.0363757
0.0496167
0.0216865
0.00270416
0.000486061
0.0769267
0.318632
0.218332
0.169463
0.143626
0.0942641
0.0413114
0.0385601
0.399672
0.117208
0.0472867
0.0120961
0
0.000714647
0.0147844
0.305787
0.424038
0.0154275
0.0411613
0.00315195
0.0128917
0.0380702
0.0329224
0.424038
0.139294
0.112848
0.156852
0.135947
0.0695725
0.0755022
0.097487
0.162763
0.19281
0.0297189
0.111293
0.0567792
0.134821
0.14467
0.189408
0.271657
0.324905
0.0201178
0.0380498
0.00345125
0.0135332
0.0496863
0.0283806
0.419442
0.165041
0.0119018
0.0209832
0.00465084
0.0492617
0.178024
0.218861
0.428647
0.141878
0.0883182
0.146977
0.0854266
0.106638
0.110115
0.0869446
0.186137
0.0595562
0.101749
0.16922
0.252601
0.193326
0.210824
0.174181
0.190112
0.0215749
0.000172305
0
0.00139043
0.0366782
0.238857
0.314633
0.18514
0.00931482
0.000938203
0.00402875
0
0.0167695
0.288566
0.38058
0.0501488
0.00535538
0.0133249
0.0309041
0.0828065
0.0931255
0.275078
0.324352
0.0624574
0
0.000951358
0.00251378
0.00093803
0.0265572
0.407763
0.407763
0.042099
0.0254029
0.00462775
0.0108368
0.00268434
0.0219914
0.201448
0.243744
0.0511978
0.0851495
0.0191083
0.0100433
0.0057653
0.0194229
0.0513593
0.0697509
0.0903378
0.00622089
0.00208718
0.0129426
0.00366451
0.0455278
0.552867
0.552867
0.0669638
0.0921253
0.00834872
0.0517703
0.013415
0.0197779
0.251185
0.321268
0.146894
0.100881
0.0252467
0.016133
0.0915856
0.103633
0.061651
0.0639452
0.142478
0.114626
0.119142
0.0760276
0.184116
0.187776
0.0433496
0.0506577
0.190785
0.018545
0.00132826
0.0253478
0.214034
0.258864
0.0635103
0.0186469
0.0170836
0.0110405
0.0545867
0.0957477
0.55354
0.550653
0.0347797
0.0129703
0.00869735
0.105268
0.300909
0.172829
0.0965506
0.0356163
0.00147994
0.00167258
0.0577579
0.0837515
0.46703
0.365118
0.0292021
0.0019404
8.17877e-006
0.000849146
0.00421649
0.0157585
0.185619
0.177377
0.357885
0.285014
0.0142196
0.00450267
0.00031788
0.0194664
0.304893
0.233163
0.117967
0.106747
0.0177299
0.00784658
0.00161401
0.0247289
0.381704
0.21799
0.0791131
0.0708703
0.03044
0.00419368
5.75314e-005
0.0552592
0.14466
0.18324
0.355182
0.207676
0.201753
0.0631686
0.0428054
0.0148389
0.096452
0.0725317
0.213935
0.108787
0.01333
0.00528601
0.0026855
0.0845211
0.134666
0.155483
0.493792
0.290313
0.122908
0.0656293
0.0472157
0.0837577
0.0786485
0.186963
0.237013
0.0855061
0.135582
0.120431
0.108494
0.170107
0.0501149
0.13538
0.0811557
0.09001
0.132741
0.293788
0.20943
0.136487
0.116739
0.185676
0.300776
0.16471
0.151746
0.101797
0.146248
0.334831
0.056525
0.104257
0.044549
0.0372767
0.0932873
0.172916
0.422655
0.193731
0.173799
0.128086
0.0831439
0.0852858
0.077444
0.161472
0.172229
0.0778211
0.246883
0.265475
0.312944
0.146616
0.072672
0.0676852
0.076274
0.327442
0.136978
0.0513973
0.0171587
0.0770857
0.0409717
0.133474
0.372741
0.10445
0.194408
0.148555
0.139338
0.320783
0.0823371
0.0814642
0.129197
0.00158635
0.0422022
0.0874187
0.149491
0.0819473
0.174254
0.225375
0.0210386
0
0.00135061
0.00434524
0.0098082
0.0511831
0.542476
0.542476
0.0398299
0.000968932
0.0325635
0.0601488
0.0957769
0.145397
0.0521033
0.0493508
0.0115485
0.000645955
0.000339687
0.00938587
0.175054
0.176314
0.272262
0.239322
0.00421978
0.000488098
0.000204649
0.00911758
0.0161085
0.0825157
0.400138
0.431609
0.0450494
0.128122
0.00339229
0.0282066
0.015858
0.0574859
0.224006
0.26222
0.141969
0
4.0412e-006
0.0138518
0.324274
0.264296
0.213205
0.196665
0.00872814
0.202629
0.0197008
0.0202049
0.226835
0.153456
0.164186
0.175517
0.0884701
0.033808
0.00614006
0.0303047
0.101088
0.155944
0.0534488
0.0246394
0.0492424
0.0142412
0.005805
0.108212
0.447471
0.364497
0.0106902
0.00377955
0.0360093
0.146008
0.0293561
0.0257228
0.0589064
0.0803757
0.0453595
0.0624654
0.167732
0.0758616
0.0167512
0.102315
0.510123
0.453098
0.0287184
0.00616597
0.104385
0.000361805
0.0184779
0.0734955
0.38938
0.396685
0.0116728
0.00346707
0.00157389
0.00349248
0.0309569
0.0547133
0.14469
0.198919
0.0174118
0.00548299
0.00177094
0.00328109
0.00136422
0.0430628
0.473374
0.473374
0.0113862
0.000326748
0.00428873
0.00173193
0.00346518
0.0085665
0.255545
0.240205
0.0146886
0.00426591
0.0065917
0.00486189
0.008788
0.0240032
0.157644
0.155002
0.0186112
0.00212017
0.00290532
0.0607101
0.0718001
0.150608
0.444431
0.339829
0.0882024
0.0636632
0.102443
0.00284132
0.00300166
0.0249674
0.202187
0.163521
0.0340745
0.00321509
0.00499215
0.0527668
0.132777
0.252216
0.443809
0.36274
0.191846
0.0678864
0.109005
0.16407
0.0698039
0.165359
0.151345
0.145054
0.0787639
0.0582219
0.205927
0.381137
0.0447995
0.0402741
0.0120697
0.0345043
0.0293207
0.0355493
0.432623
0.152316
0.0976649
0.182169
0.135379
0.167356
0.144847
0.0729582
0.229663
0.313687
0.0436714
0.0516566
0.0745003
0.0837436
0.059225
0.0817635
0.375273
0.278942
0.0900248
0.0375963
0.00520346
0.0439748
0.0202416
0.0759309
0.324637
0.0816088
0.128185
0.105892
0.104594
0.205443
0.0804041
0.0996392
0.127976
0.230664
0.100042
0.117203
0.118649
0.087652
0.123128
0.151823
0.281007
0.0841131
0.104054
0.170309
0.297301
0.407393
0.249038
0.18322
0.131346
0.0021609
0.0368134
0.0621932
0.125875
0.160423
0.0481542
0.0295683
0.0143741
0.0014406
0.000152267
0.0155722
0.409669
0.253242
0.071531
0.0256448
0.00157827
0.00251404
0.0249445
0.0654222
0.253248
0.33275
0.0986854
0.0489352
0.0173856
0.00332088
0.00267449
0.0249826
0.584922
0.331483
0.0120087
0.0023926
0.00357192
0.000893594
0.0011748
0.00512105
0.456718
0.241747
0.0327325
0.0235524
0.00245403
0.0796729
0.0301649
0.00748003
0.312634
0.13492
0.0246627
0.0665662
0.0444043
0.00377597
0.0155391
0.0418509
0.456718
0.303496
0.00221622
0.00354593
0.00274008
0.154802
0.079478
0.107892
0.384075
0.158524
0.00215089
0.0428897
0.191693
0.131608
0.0412365
0.0255025
0.0276662
0.0478404
0.0158323
0.0225784
0.0842788
0.078922
0.0176495
0.0171192
0.267669
0.526045
0.107645
0.00874588
0.0614031
0.321735
0.0651553
0.0225097
0.015236
0.0340824
0.0133118
0.00770507
0.142161
0.188564
0.0336301
0.00715946
0.0672573
0.401411
0.393509
0.198065
0.14242
0.0051811
0.00101114
0.00355932
0.233919
0.398215
0.12708
0.0260559
0.00629402
0.00123723
0.00107546
0.00268398
0.117512
0.144495
0.106875
0.0428363
0.00750358
0.0174314
0.013003
0.00573306
0.0393438
0.242232
0.427356
0.278208
0.041763
0.00277738
0.013288
0.0113861
0.0189624
0.0758599
0.427356
0.40956
0.0141408
0.00147363
0.00195367
0.0181907
0.146847
0.126046
0.0511803
0.0132286
0.0055182
0.0536559
0.0489531
0.141386
0.320965
0.302458
0.318665
0.128125
0.0396851
0.00162149
0.010698
0.0633333
0.18547
0.104031
0.192165
0.198027
0.0178275
0.244156
0.0443592
0.219395
0.454339
0.251104
0.219889
0.107544
0.0731807
0.14036
0.0396256
0.0862023
0.0992135
0.123863
0.209038
0.141427
0.137207
0.238659
0.0376878
0.0384025
0.049299
0.0517422
0.0526497
0.091982
0.312453
0.306244
0.0943516
0.119072
0.130586
0.1139
0.148952
0.097653
0.222931
0.301373
0.176491
0.184026
0.0226585
0.0452296
0.0787745
0.0773818
0.491949
0.135202
0.137628
0.161366
0.120752
0.0575911
0.0830282
0.0739539
0.176788
0.0468046
0.134435
0.285931
0.357711
0.273947
0.113884
0.0598694
0.0410248
0.215445
0.195202
0.203797
0.110818
0.0360181
0.0413954
0.0779342
0.283957
0.114885
0.174183
0.227617
0.369505
0.184566
0.00826533
0.0560916
0.0741705
0.00171651
0.0245113
0.0763402
0.174965
0.151934
0.0254461
0.0120588
0.00407561
0.00224363
0.0542751
0.193077
0.279261
0.102499
0.0130235
0.0036781
0.00187731
0.0221306
0.213146
0.215319
0.152878
0.0883075
0.00779783
0.00939988
0.00379024
0.0190817
0.55507
0.55507
0.122425
0.0105639
0.00876961
0.00190346
0.00710503
0.000999158
0.0256554
0.16673
0.392624
0.101783
0.00201902
0.000612515
0.000373994
0.124109
0.0542684
0.178285
0.374746
0.0516007
0.00293933
0.00952098
0.124254
0.0119741
0.274175
0.392624
0.312162
0.0249681
0.00726395
0.00011525
0.00875955
0.0709351
0.0943618
0.222669
0.392624
0.0691041
0.0359963
0.00838005
0.0888802
0.404242
0.0383079
0.00302347
0.00223469
0.00792727
0.00453264
0.0193522
0.299152
0.234796
0.0301945
0.00203863
0.00515143
0.072949
0.345207
0.420716
0.306056
0.206222
0.0775151
0.00946288
0.00426217
0.0100224
0.0237035
0.0215817
0.176093
0.181599
0.093859
0.0137843
0.0144049
0.0110803
0.0909116
0.192289
0.248441
0.0103922
0.0101604
0.00621961
0.000847126
0.0204774
0.307564
0.311838
0.0513458
0.000717456
0.0213225
0.0167752
0.000931532
0.00983556
0.410216
0.410216
0.00629725
0.027856
0.00928624
0.00284943
0.0174907
0.0110744
0.199599
0.203139
0.0723662
0.00527006
0.0158438
0.0154742
0.0229319
0.0233217
0.410216
0.410216
0.032274
0.00437102
0.0135701
0.0243422
0.0786164
0.0559603
0.246454
0.266086
0.011663
0.0827653
0.0180824
0.0656374
0.188857
0.172383
0.195407
0.168442
0.0438649
0.0161781
0.0106985
0.0152569
0.0177146
0.0296754
0.407183
0.407183
0.0544786
0.0962768
0.0115447
0.00353113
0.0288638
0.0792665
0.28757
0.407183
0.266774
0.127851
0.11468
0.0604904
0.0672522
0.117872
0.137649
0.0962329
0.09459
0.128976
0.342178
0.263125
0.0208284
0.0569437
0.0663806
0.0372289
0.13822
0.223771
0.136666
0.014638
0.0105655
0.0481132
0.138837
0.16564
0.314985
0.361918
0.341393
0.168352
0.00414866
0.0181067
0.0306587
0.0486568
0.375066
0.166757
0.21809
0.181371
0.0473109
0.0192312
0.0264305
0.033958
0.0919209
0.14284
0.227512
0.145202
0.136198
0.0782861
0.00572252
0.0157896
0.0445973
0.36042
0.225714
0.137935
0.00891618
0.00192278
0.0262421
0.048998
0.226029
0.302893
0.444174
0.405242
0.0417562
0.00272749
0.0158677
0.0118566
0.071871
0.0210327
0.235906
0.193595
0.0338664
0.0234578
0.00178628
0.00111496
0.00176173
0.0168818
0.38411
0.353159
0.0136656
0.000338967
0.000446569
0
0.00221398
0.044671
0.38411
0.38411
0.0205605
0.00124696
0.00159527
0.00206493
0.00371772
0.0208733
0.38411
0.38411
0.0289366
0.000758913
0.00294224
0.00709469
0.00254518
0.0512476
0.526483
0.424945
0.105914
0.0166989
0.00948999
0
0.0279887
0.128285
0.199244
0.164244
0.154896
0.065146
0.044882
0.00624377
0.148219
0.0638173
0.478046
0.261347
0.0311756
0.00527087
0.00575471
0.00784061
0.0257647
0.114728
0.102925
0.0376189
0.00256949
0.00867344
0.0201035
0.0146986
0.106588
0.174777
0.102731
0.0386698
0.0281641
0.015958
0.0676607
0.0558759
0.165171
0.204805
0.120664
0.091373
0.0652323
0.0330789
0.0362153
0.0563924
0.151282
0.12429
0.0493631
0.265141
0.385885
0.072363
0.0439434
0.185497
0.30472
0.136165
0.164813
0.467879
0.239354
0.0584025
0.0278245
0.0778181
0.156996
0.0691997
0.017692
0.0123089
0.0378895
0.0228015
0.104251
0.101283
0.129556
0.0222856
0.00938272
0.00597124
0.0378051
0.0280336
0.613577
0.557241
0.156567
0.0891538
0.0894786
0.103396
0.0331581
0.018249
0.0177556
0.0734856
0.118005
0.136833
0.104487
0.0701686
0.0212986
0.0320463
0.180505
0.196734
0.156378
0.0232011
0.00389123
0.00436086
0.00277234
0.00452942
0.250406
0.401767
0.164425
0.193125
0.00472699
0.00105427
0.000146797
0.00243929
0.0883667
0.317325
0.430412
0.124843
0.0719978
0.035205
0.00512175
0.00525725
0.0667289
0.135268
0.174584
0.317884
0.0431853
0.00913836
0
0
0.00783749
0.104755
0.430412
0.252719
0.0206623
0.00150428
0
0.000620469
0.0158684
0.0425574
0.336143
0.383145
0.038283
0.0104512
0
0
0.0018038
0.0104756
0.383145
0.283832
0.00334816
0
0
0
0.00371073
0.0333518
0.383145
0.342909
0.0078156
0.000832965
0.0167957
0.00367538
0.0148429
0.0662258
0.369277
0.396295
0.0655305
0.0260211
0.000713697
0
0.0064974
0.0133756
0.30453
0.401203
0.389453
0.187085
0.00871756
0.00127491
0.00651725
0.00551789
0.118169
0.294968
0.0106963
0.00331592
0.0129656
0.00283724
0.00626881
0.0530123
0.272615
0.367465
0.125912
0.0260689
0.0020861
0.0077415
0.00659809
0.0378843
0.159357
0.213559
0.5334
0.438312
0.0190065
0.00664762
0.0275403
0.0255368
0.0238574
0.0299179
0.336631
0.380981
0.0371076
0.00711526
0.0438174
0.0885723
0.0277758
0.238658
0.171903
0.0786688
0.00797656
0.0403655
0.0437799
0.0636247
0.0678509
0.0298753
0.0308385
0.0704244
0.0288166
0.0363357
0.0833925
0.162105
0.0653864
0.0910542
0.352556
0.293624
0.0823331
0.0283944
0.0576234
0.209977
0.113802
0.133961
0.0815841
0.0259188
0.0101625
0.0311047
0.0859367
0.16802
0.128839
0.0580905
0.0657574
0.117592
0.116489
0.11105
0.164024
0.367702
0.15793
0.13012
0.127236
0.0443917
0.0956404
0.209357
0.21908
0.295712
0.167685