0.0512139
0.0207878
0.0663906
0.0518053
0.165923
0.091991
0.023685
0.0523252
0.0806387
0.042682
0.0662087
0.0647835
0.222348
0.064706
0.0500838
0.0529058
0.314328
0.131985
0.194464
0.0681551
0.105567
0.0471294
0.0451591
0.303211
0.446492
0.074223
0.0667557
0.0660983
0.19026
0.0367603
0.0990348
0.512297
0.0343053
0.0337565
0.0391991
0.0849654
0.210456
0.0568222
0.0592131
0.0228855
0.0257295
0.0290867
0.0370514
0.125562
0.254991
0.12082
0.0891156
0.100886
0.157147
0.0192397
0.0270004
0.09417
0.186282
0.0536843
0.172767
0.473902
0.158325
0.0538261
0.189483
0.0993368
0.112013
0.0667834
0.277656
0.492266
0.0814249
0.0668435
0.0686482
0.0661171
0.101221
0.0709256
0.0561984
0.11628
0.243416
0.124811
0.108711
0.07585
0.0563175
0.0231185
0.0196691
0.0947573
0.130359
0.244499
0.356058
0.0966822
0.0353389
0.0215738
0.0744868
0.124555
0.473164
0.420372
0.327997
0.0552304
0.0196921
0.0100842
0.0179261
0.137338
0.212569
0.100726
0.096327
0.0972527
0.131596
0.0383124
0.0145331
0.105216
0.164945
0.109827
0.180522
0.105536
0.214638
0.182474
0.146087
0.189539
0.491921
0.147261
0.119202
0.0340095
0.0414917
0.0312515
0.0348328
0.236541
0.289829
0.142678
0.154327
0.0420043
0.129653
0.13696
0.168282
0.264297
0.0608203
0.048911
0.0812328
0.0583903
0.0899135
0.246963
0.168652
0.169172
0.123673
0.0602198
0.0409424
0.0466974
0.0582599
0.208634
0.199725
0.274032
0.106143
0.0846497
0.104691
0.0200179
0.0636192
0.119325
0.221003
0.292123
0.127946
0.0526695
0.041996
0.0146041
0.048842
0.236921
0.380924
0.446463
0.0860131
0.0439324
0.0930001
0.139774
0.145657
0.0972158
0.0929961
0.13826
0.0147063
0.00950891
0.118948
0.223486
0.285957
0.324129
0.213766
0.0807695
0.0755104
0.0302898
0.0247428
0.0679515
0.154848
0.260896
0.247981
0.225894
0.0254816
0.0891328
0.106883
0.110328
0.317772
0.311365
0.232474
0.161118
0.0557413
0.0405704
0.0622796
0.0907552
0.199166
0.254963
0.18823
0.194123
0.0984509
0.0724233
0.0398476
0.137747
0.381384
0.129687
0.170963
0.21042
0.044413
0.129932
0.098119
0.0774645
0.340262
0.243961
0.121073
0.115913
0.0924044
0.200755
0.0771061
0.132805
0.209503
0.216007
0.164261
0.120842
0.12798
0.0922654
0.160528
0.143316
0.0264686
0.0139745
0.0590951
0.157818
0.199856
0.0392017
0.0260289
0.0138077
0.0120098
0.0460539
0.151529
0.323384
0.0552726
0.094729
0.295285
0.464602
0.18781
0.0350939
0.0799659
0.122499
0.0955018
0.0580523
0.0955745
0.320143
0.206226
0.174141
0.238009
0.234161
0.166384
0.00303469
0.0012137
0.0188067
0.0208016
0.0291799
0.119502
0.351075
0.193689
0.0424761
0.0868846
0.0231466
0.0380028
0.018861
0.16452
0.36423
0.171591
0.0254071
0.0570038
0.185418
0.146872
0.145861
0.168368
0.212704
0.211391
0.174185
0.444326
0.0923957
0.162184
0.0761992
0.125585
0.248078
0.103073
0.171989
0.218379
0.0248549
0.017138
0.00477406
0.0433041
0.0856831
0.148368
0.254368
0.238764
0.0377882
0.00589753
0.0194384
0.00973493
0.063902
0.0937147
0.299577
0.466059
0.0515278
0.0738631
0.0123445
0.0309615
0.0741208
0.0885842
0.298061
0.299854
0.418464
0.0835856
0.0380984
0.00487748
0.0512726
0.228147
0.153592
0.120038
0.0476706
0.0201343
0.0360512
0.0534851
0.170518
0.148251
0.13508
0.0569707
0.0576454
0.0646186
0.160329
0.136043
0.198187
0.154998
0.213098
0.248352
0.511828
0.0885372
0.0601944
0.0462607
0.0889919
0.169893
0.153274
0.138626
0.232738
0.136016
0.26301
0.176801
0.126587
0.04801
0.0668643
0.0571335
0.0558109
0.0451482
0.116804
0.137983
0.214288
0.0754273
0.0295723
0.0370059
0.0509651
0.0512828
0.21889
0.200727
0.305704
0.0367387
0.0542331
0.12383
0.29564
0.111787
0.172462
0.142086
0.116076
0.0447312
0.030368
0.17366
0.478958
0.255728
0.311518
0.134284
0.164094
0.0424667
0.00884617
0.00266643
0.0247001
0.0481978
0.23166
0.132627
0.136738
0.0232386
0.0387566
0.0217051
0.0482763
0.0788458
0.248024
0.137451
0.0674491
0.0297057
0.00519888
0.0347238
0.163162
0.140514
0.499727
0.175246
0.0834492
0.0100467
0.00210999
0.00252296
0.0299926
0.183284
0.555354
0.272594
0.0350547
0.0196486
0.0646807
0.0386212
0.0747367
0.175567
0.205179
0.102745
0.0366262
0.0210187
0.117934
0.0957484
0.112028
0.189766
0.169442
0.101015
0.0521322
0.0101464
0.00380999
0.00704146
0.0968644
0.301511
0.457287
0.23722
0.0623004
0.00537187
0.0253029
0.0518356
0.15104
0.340939
0.402023
0.172944
0.0632169
0.0195595
0.0868861
0.243458
0.411493
0.198328
0.0291994
0.0196129
0.0323888
0.0280736
0.0795558
0.128899
0.435106
0.23375
0.0667951
0.0717505
0.0445232
0.0629924
0.101151
0.225703
0.318005
0.125319
0.0629669
0.0864813
0.0815232
0.0762624
0.116411
0.212496
0.290136
0.137315
0.116474
0.110556
0.0782488
0.0333344
0.0512681
0.130898
0.274696
0.129803
0.0577505
0.0661642
0.0232945
0.0421113
0.207173
0.447884
0.108681
0.0654489
0.0309029
0.0217705
0.0274773
0.0116888
0.038361
0.166283
0.447884
0.132293
0.0630557
0.0462826
0.00952509
0.00533452
0.0989722
0.341129
0.431808
0.0668872
0.00195275
0.00258871
6.01025e-005
0.0171051
0.206395
0.363159
0.0823609
0.0336106
0.00347483
0.00268138
0.00983259
0.0166337
0.0954101
0.177596
0.49695
0.0987612
0.0126975
0
0.0103969
0.00346704
0.0682656
0.188633
0.235643
0.0629418
0.000197489
0
0
0.0154907
0.0362771
0.22243
0.49695
0.266252
0.0395227
0.0052621
0
0.040678
0.0762431
0.228417
0.473066
0.126251
0.0233324
0.00911938
0.0240332
0.101846
0.0769948
0.1729
0.13396
0.115723
0.122447
0.0872315
0.0783088
0.0669885
0.0884585
0.273403
0.379246
0.291811
0.11164
0.0299318
0.0736048
0.210978
0.0892569
0.163179
0.042172
0.153248
0.154586
0.07564
0.260429
0.0623793
0.0207996
0.122357
0.193464
0.0958368
0.0973684
0.107886
0.0572252
0.0433609
0.0315097
0.366776
0.466253
0.210245
0.118286
0.0586744
0.0235207
0.17687
0.0589822
0.121705
0.0623638
0.0819309
0.120923
0.10036
0.173805
0.0834462
0.0654979
0.366743
0.308209
0.21949
0.14869
0.0541828
0.0467959
0.00581984
0.00948438
0.104958
0.173009
0.109049
0.292736
0.107929
0.0113363
0.00054075
6.44027e-005
0.00177746
0.0260455
0.127969
0.510226
0.290929
0.016444
0.00635252
0.0171948
0.114716
0.153455
0.12721
0.137121
0.0569095
0
0
0.00122978
0.00505753
0.0668405
0.24496
0.500451
0.215703
0.00321543
0.00239167
0
0.000436305
0.0464679
0.146564
0.305771
0.233734
0.0477708
0.00159444
0.00089058
0.0018083
0.0756873
0.115921
0.285974
0.202973
0.045763
0
0
0.0188468
0.131656
0.342994
0.468061
0.181843
0.0144025
0
0
0.0282701
0.232137
0.204886
0.308174
0.202524
0.0269213
0.0363878
0.0210364
0.0642665
0.117617
0.0500698
0.0688537
0.270917
0.235338
0.067528
0.0580462
0.103983
0.0790279
0.0849917
0.117281
0.246229
0.227756
0.0237124
0.00406486
0.0118697
0.0203795
0.026615
0.0446445
0.276832
0.449587
0.0622538
0.0450618
0.0424811
0.0934028
0.191827
0.109817
0.302157
0.449587
0.0152371
0.0252389
0.0631316
0.380082
0.134406
0.0797605
0.0798921
0.0422801
0.00114405
0.0100228
0.0662832
0.455455
0.104271
0.00567027
0.00293865
0
0.0181049
0.0309772
0.0306706
0.395465
0.303839
0.0949233
0.10452
0.0856405
0.000196878
0.00870287
0.0281345
0.454226
0.253974
0.0175563
0.00213713
0
0.00281109
0.0131555
0.0721749
0.244056
0.090919
0.00225109
0
0
0.0250731
0.0570546
0.126784
0.418936
0.371362
0.0566699
0.00965558
0.0106751
0.000350061
0.00969291
0.078272
0.332731
0.122954
0.00378811
0
0
0.0145058
0.0612876
0.218969
0.512442
0.2998
0.0340357
0.0227121
0.0355859
0.108659
0.158699
0.115207
0.183717
0.26088
0.0930573
0.0460779
0.126353
0.28319
0.121863
0.0451073
0.0123854
0.044612
0.0482057
0.0577863
0.378029
0.11399
0.115245
0.190455
0.269117
0.197276
0.0358692
0.0621041
0.177324
0.264247
0.0589754
0.0595997
0.0284206
0.0494181
0.0323153
0.128512
0.454711
0.221805
0.0800773
0.0413576
0.049644
0.0483397
0.049147
0.061445
0.265581
0.0729378
0.0852202
0.146968
0.253755
0.185996
0.103074
0.0489406
0.0700304
0.151493
0.0386041
0.0293988
0.0386797
0.159514
0.160703
0.2296
0.330471
0.0418446
0.0504958
0.0981559
0.188549
0.521981
0.223861
0.165869
0.0792874
0.00499775
0.0308741
0.067402
0.154768
0.123516
0.0632515
0.0202433
0
0
0.0061004
0.010543
0.26392
0.379073
0.232202
0.0359807
0
0.00261294
0.0214248
0.0414188
0.121083
0.237268
0.0758944
0.0223571
0
0
0.00460726
0.010916
0.673055
0.284379
0.0498608
0.0086849
0
0
0.00194931
0.0371294
0.299068
0.341213
0.163525
0.0182401
0.00247737
0.00109897
0.0317264
0.07396
0.230945
0.181478
0.194534
0.0530645
0.0146012
0.00529715
0.0201573
0.0251008
0.60204
0.273844
0.0572342
0.00694168
0.00454978
0.0798927
0.138732
0.0788026
0.226924
0.158325
0.128083
0.0509046
0.0591856
0.0306586
0.0541647
0.0587705
0.0445545
0.0393749
0.0347571
0.105853
0.388063
0.0248242
0.042947
0.0744645
0.191127
0.428348
0.182343
0.1569
0.309016
0.0615288
0.113752
0.0985913
0.0713949
0.0362605
0.0565868
0.100341
0.0872514
0.00722919
0.0669404
0.101656
0.170322
0.473903
0.212739
0.106979
0.0241244
0.00324589
0.00601134
0.00940278
0.183298
0.377402
0.181814
0.0400055
0.0261007
0
0.00234784
0.0103647
0.180163
0.332329
0.183009
0.0147882
0
0
0.00184752
0.00656277
0.0554082
0.337524
0.308388
0.103665
0.0308505
0
0.00358684
0.0026096
0.0506542
0.226172
0.497365
0.19209
0.0283452
0
0.00205157
0.0349478
0.24505
0.167372
0.0449953
0.0063439
0
0.0144807
0.0203485
0.106052
0.501537
0.271162
0.039664
0.065491
0.0248716
0
0.0130362
0.0553204
0.255503
0.158366
0.282495
0.102424
0.00796096
0.0226553
0.020566
0.155708
0.486186
0.213733
0.0887298
0.10498
0.0694437
0.0945733
0.0446876
0.178824
0.410005
0.242236
0.0802358
0.119327
0.115146
0.168354
0.042054
0.0820507
0.0739034
0.109037
0.083163
0.143423
0.291069
0.0973686
0.126043
0.130393
0.336568
0.162654
0.139612
0.149225
0.157288
0.143923
0.245046
0.0810776
0.113689
0.110063
0.148157
0.193923
0.162242
0.0467616
0.0668951
0.0647024
0.0595181
0.175573
0.14443
0.132259
0.145011
0.0163519
0.0706328
0.124096
0.247018
0.498214
0.167873
0.0810995
0.0426822
0.0688985
0.180507
0.109427
0.150473
0.147157
0.14718
0.0926961
0.084039
0.0339
0.214998
0.257509
0.363424
0.283615
0.0878069
0.0181193
0.0353855
0.00491711
0.0106117
0.0303888
0.122065
0.166016
0.0492257
0.0147575
0.000607601
0.00454497
0.00389286
0.0251437
0.565952
0.111737
0.0337359
0.00805845
0.000405068
0.0274004
0.190468
0.128742
0.127008
0.0756097
0.0216149
0.0113146
0.00243041
0.0411208
0.284463
0.284807
0.565952
0.0543507
0.0172622
0.00718054
0.00162027
0.0117378
0.0153333
0.020092
0.526714
0.104382
0.0334414
0.00648117
0.00388861
0.201942
0.0737797
0.02771
0.162516
0.0537255
0.0437873
0.0371667
0.0939043
0.033002
0.105715
0.245087
0.526714
0.062069
0.00687423
0.00393251
0.00235104
0.290766
0.0755438
0.178159
0.28826
0.0656847
0.0123067
0.0168278
0.0763158
0.114019
0.103918
0.0848532
0.192879
0.0635672
0.0684874
0.0936658
0.119157
0.0216373
0.0802408
0.107114
0.272413
0.296755
0.142022
0.161272
0.0353297
0.249563
0.161631
0.247637
0.290454
0.0651239
0.0402002
0.0670725
0.0952988
0.0887313
0.106603
0.328342
0.429233
0.135807
0.0632675
0.0653827
0.0458716
0.00252832
0.013198
0.018631
0.040647
0.145464
0.20433
0.176354
0.0481302
0.00110989
0.0076581
0.00243094
0.018457
0.102548
0.546698
0.287419
0.0492574
0.0629077
0.0543305
0.0476353
0.0566184
0.0774001
0.149362
0.0989279
0.0453021
0.0456641
0.033423
0.003958
0.00289506
0.159954
0.546698
0.265934
0.0424029
0
0.0198623
0.0288346
0.134205
0.117714
0.352238
0.18996
0.0247719
0.00870194
0.0359502
0.0947215
0.290186
0.18258
0.15178
0.115396
0.0589062
0.00308708
0.00868986
0.00438283
0.0253236
0.161871
0.475417
0.328307
0.0391722
0.0489956
0.0187543
0.0161386
0.0596792
0.187039
0.22532
0.312929
0.18687
0.0456272
0.122562
0.0829484
0.161664
0.0928434
0.0959856
0.0765395
0.0612424
0.143984
0.402047
0.17294
0.08166
0.0454864
0.0573872
0.0665974
0.0336466
0.149004
0.133974
0.0733638
0.050315
0.0771106
0.0711146
0.165716
0.269695
0.234823
0.451695
0.277771
0.0863045
0.0194805
0.0108716
0.0747687
0.343998
0.135395
0.24039
0.0969031
0.0859357
0.077056
0.0587031
0.0357352
0.0196476
0.0634707
0.275776
0.168198
0.132192
0.137219
0.0370781
0.00636031
0.00994503
0.261677
0.328037
0.142378
0.0455914
0.0156908
0.000135488
0.023259
0.173147
0.185546
0.566631
0.32493
0.0387355
0.0320273
0.00249762
0.00791699
0.0337054
0.025077
0.298225
0.130729
0.0247479
0.0234959
0.00533159
0.00186054
0.000562407
0.0516648
0.378188
0.296594
0.13326
0.00520412
0.000670422
0.000482711
0.000365186
0.0669488
0.462535
0.273775
0.00910073
0.00664366
0.00679477
0.00371946
0.00381315
0.127224
0.415244
0.314226
0.107627
0.0280904
0.0231372
0.0138962
0.0308228
0.0628103
0.302896
0.447477
0.244147
0.0219342
0.00173581
0
0.00418515
0.157203
0.194284
0.265493
0.188278
0.0486908
0.00636359
0.000255723
0.035713
0.0726659
0.290445
0.344221
0.173422
0.0909605
0.0225756
0.00905212
0.0309924
0.0593152
0.223685
0.243761
0.204058
0.0735856
0.0407875
0.000815312
0.0280477
0.289538
0.220742
0.281579
0.140217
0.0292981
0.0150999
0.0486392
0.0536722
0.200597
0.13163
0.332255
0.222415
0.102413
0.0596421
0.0531982
0.0622718
0.203999
0.202906
0.352643
0.147759
0.0553668
0.032495
0.0274972
0.0477778
0.249421
0.150985
0.191951
0.0629407
0.150285
0.109504
0.122305
0.135526
0.200282
0.113468
0.0963981
0.0594381
0.0895695
0.111798
0.0911019
0.101502
0.123733
0.104367
0.0651018
0.0451507
0.203819
0.573603
0.349643
0.0982004
0.179147
0.0795698
0.126002
0.0353627
0.0745125
0.0564996
0.136186
0.152062
0.0799264
0.113162
0.257869
0.141555
0.0851043
0.0677223
0.174319
0.095287
0.00898889
0.00966136
0.0248796
0.0481553
0.189349
0.381455
0.366861
0.0736219
0.0978997
0.0267177
0.0312458
0.061749
0.159863
0.150213
0.333898
0.351773
0.0255786
0.0306491
0.122063
0.159985
0.1735
0.095823
0.120263
0.0714745
0.152289
0.248378
0.144924
0.138642
0.155169
0.0821863
0.0947454
0.199219
0.104512
0.0737707
0.0521264
0.0272353
0.0168977
0.0083582
0.0977047
0.322414
0.213069
0.11088
0.0755172
0.0244654
0.000512364
0.000701318
0.0945586
0.508173
0.127236
0.281018
0.205993
0.0655381
0.0169585
0.00572682
0.0375803
0.133194
0.256202
0.228862
0.237433
0.0562399
0.0113704
0.0051796
0.0704554
0.360785
0.285647
0.141511
0.0586353
0.0143847
0
0
0.0539378
0.279188
0.228851
0.43302
0.290839
0.0427618
0.00071637
0
0.0299308
0.0501396
0.295154
0.13575
0.102264
0.0146266
0.00708611
0.0156659
0.0595629
0.262347
0.269269
0.33966
0.187691
0.072434
0.0660241
0.0161177
0.0259424
0.0658722
0.0857998
0.449094
0.417167
0.0665372
0.0125102
0.0199362
0.0172048
0.00533248
0.102377
0.277186
0.274508
0.108309
0.0736536
0.0984498
0.0770136
0.0792787
0.119383
0.259487
0.210848
0.157811
0.1195
0.0200224
0.0129772
0.0485141
0.139739
0.187962
0.274757
0.13125
0.0805319
0.0672509
0.0750464
0.112771
0.0554883
0.104767
0.117439
0.122275
0.160188
0.102118
0.0917117
0.0891744
0.0205878
0.10036
0.13616
0.238256
0.179475
0.155301
0.0533653
0.0487446
0.143062
0.164832
0.208957
0.0632856
0.0458685
0.0812219
0.221366
0.247708
0.353352
0.264767
0.0970442
0.064692
0.0837534
0.0993043
0.235414
0.425381