0.125492
0.0723152
0.0937468
0.146936
0.149961
0.101545
0.0848458
0.248353
0.340862
0.0504484
0.0358551
0.0455106
0.0306189
0.00323304
0.0139734
0.257968
0.21285
0.199086
0.217826
0.268739
0.279535
0.140555
0.174252
0.165606
0.19529
0.0881313
0.0657351
0.0848553
0.0821845
0.199371
0.245073
0.224575
0.342627
0.0512029
0.00269252
0.0179907
0.022481
0.00481677
0.0173746
0.261549
0.237316
0.165331
0.0872528
0.0581913
0.156229
0.149614
0.151074
0.229814
0.16006
0.0486073
0.0348349
0.044332
0.051989
0.119211
0.101661
0.27664
0.0427522
0.156259
0.353646
0.184251
0.233056
0.208321
0.179707
0.231378
0.0323974
0.0617822
0.15607
0.098118
0.103701
0.0878136
0.0686752
0.0663975
0.0811995
0.0885561
0.210089
0.139376
0.064814
0.0532078
0.079678
0.173109
0.102113
0.188142
0.186503
0.0562004
0.0998458
0.113883
0.103307
0.139317
0.528126
0.214363
0.0797128
0.0238632
0.0390509
0.0593259
0.0869285
0.528126
0.0884513
0.161463
0.0613427
0.0270231
0.032352
0.0332055
0.0845892
0.0848129
0.160311
0.150248
0.0179431
0.00289106
0.0428989
0.0562041
0.109308
0.197257
0.45648
0.192542
0.0313835
0.00425122
0.0087414
0.0167891
0.0223825
0.327444
0.45648
0.190396
0.0369339
0.00174208
0.0225049
0.0180167
0.0146868
0.440408
0.190266
0.0247473
0.00342172
0
0.0087025
0.0274868
0.063842
0.246684
0.229458
0.0176754
0.0111016
0
0.0114702
0.0301017
0.0578511
0.225355
0.385115
0.0385109
0.0179733
0.000614434
0.00737167
0.0350243
0.103569
0.490041
0.141588
0.024227
0.0166524
0.00358109
0.0297515
0.21075
0.345003
0.391453
0.249953
0.0183073
0.0189127
0
0.0423057
0.0464828
0.0412118
0.251073
0.452974
0.0170609
0.022002
0
0.0385857
0.0309795
0.0188204
0.373989
0.089992
0.0128784
0.0261299
0.0150933
0.174248
0.287583
0.239645
0.1717
0.268216
0.00568545
0.0296443
0.0106386
0.181065
0.17612
0.170606
0.297606
0.319653
0.00418744
0.00236177
0
0.00316706
0.0055332
0.0114679
0.282575
0.412947
0.00954006
0.000363678
0
0
0.00036813
0.0039888
0.364167
0.229988
0.00230099
0.00563334
0.00158081
0.0158776
0.0310944
0.0696544
0.31749
0.350068
0.0129278
0.00523035
0.00110646
0.000389157
0.00211021
0.0153548
0.428084
0.0917835
0.0694382
0.0311052
0.0828004
0.254456
0.0758774
0.108311
0.0900288
0.0281346
0.0291637
0.00948941
0.0594155
0.118943
0.247785
0.2756
0.0927337
0.0192407
0.00617559
0.00324098
0.292593
0.538736
0.0647004
0.0501641
0.0423739
0.0832427
0.0829651
0.0317097
0.207053
0.308112
0.244953
0.253305
0.0923389
0.0207064
0.0396052
0.0586984
0.0256857
0.0362064
0.135267
0.10675
0.0547927
0.0125677
0.212895
0.42599
0.0664604
0.0386997
0.0314924
0.0190392
0.0341063
0.0820051
0.241524
0.184379
0.0647101
0.090954
0.16368
0.121008
0.0861184
0.0518106
0.501039
0.501039
0.0360546
0.059359
0.0380294
0.0179991
0.0575406
0.065517
0.286879
0.324642
0.0352989
0.0165851
0.0120938
0.0188977
0.0329439
0.376748
0.250819
0.118706
0.0149769
0.00467834
0.0184441
0.0389217
0.210924
0.0280074
0.329859
0.372935
0.0754051
0.174982
0.0496668
0.015848
0.0220973
0.138092
0.188893
0.140032
0.0874582
0.266667
0.157279
0.0554518
0.165492
0.32841
0.0630561
0.016269
0.00266343
0.0115417
0.0573813
0.109844
0.259775
0.312294
0.0292129
0.0720941
0.0055488
0.105507
0.0965327
0.127551
0.326098
0.0946386
0.0535208
0.0358733
0.0200641
0.0852064
0.234549
0.259058
0.200095
0.0817858
0.022335
0.0886602
0.0331396
0.163981
0.320143
0.391376
0.18769
0.156263
0.00738961
0.0504002
0.00274553
0.0630078
0.150008
0.138456
0.265645
0.0368204
0.0032091
0.00589528
0.00675089
0.045007
0.366535
0.402987
0.18809
0.0544207
0.0361413
0.107332
0.0801702
0.155566
0.281873
0.14887
0.102982
0.0190798
0.0283917
0.0789593
0.179554
0.16006
0.408875
0.297719
0.0314543
0.00346622
0.000553663
0.00206996
0.0142949
0.0711595
0.275177
0.288218
0.0533467
0.0375659
0.000137363
0.00488493
0.0142196
0.077631
0.140579
0.18817
0.110424
0.00817307
0.00183658
0.013272
0.0656799
0.0604979
0.397244
0.424381
0.0217849
0.0345076
0
0.00394706
0.0142486
0.0687836
0.424381
0.424381
0.0559072
0.122342
0.0199585
0.0426449
0.0306999
0.0768113
0.0768668
0.143023
0.292383
0.274739
0.0638821
0.0612819
0.0180558
0.0186531
0.00460911
0.0206116
0.328371
0.0634737
0.0295662
0.0600342
0.0682544
0.20126
0.514043
0.299885
0.0708908
0.165582
0.307104
0.151107
0.0414756
0.0604053
0.148582
0.105455
0.0682727
0.0082697
0.00300122
0.00874848
0.296313
0.302983
0.00951714
0.00919193
0.00615078
0.0854748
0.0792516
0.126385
0.252444
0.167295
0.039987
0.0428932
0.0277921
0.0509961
0.067923
0.0844665
0.412017
0.235421
0.0297865
0.00100537
0.0133351
0.0268178
0.0484221
0.184958
0.484436
0.361961
0.0557376
0.00150806
0.00411934
0.0678058
0.244009
0.322481
0.103306
0.0468917
0.0296852
0.0207032
0.0266901
0.0258549
0.405121
0.451666
0.0393835
0.0460263
0.0174661
0.00571499
0.0194753
0.0109256
0.106287
0.320297
0.358054
0.226611
0.010189
0.00218125
0.00159485
0.00351051
0.119172
0.244618
0.133728
0.110835
0.00896307
0.00794256
0.00162293
0.0145685
0.148264
0.184516
0.120948
0.241694
0.0779884
0.0162296
0.0169752
0.109805
0.0557338
0.109824
0.145883
0.383875
0.218093
0.110516
0.0830971
0.0231608
0.0337812
0.0970421
0.258591
0.322953
0.0489094
0.0167996
0.00696508
0.190221
0.0633571
0.142371
0.308111
0.322423
0.132363
0.292155
0.0779474
0.0729571
0.0421781
0.0633834
0.0454978
0.101328
0.17464
0.244355
0.0857379
0.142805
0.0509873
0.0436123
0.0275753
0.0385251
0.155096
0.368807
0.222471
0.251389
0.0532443
0.0733228
0.0619247
0.0375436
0.0559054
0.269677
0.180359
0.443184
0.0401973
0.0210578
0.00676076
0.00264274
0.0210996
0.192984
0.420959
0.169712
0.166182
0.149639
0.0970541
0.0733812
0.111561
0.143039
0.198474
0.0391401
0.146148
0.232118
0.274044
0.119382
0.142682
0.10538
0.0339373
0.431931
0.161883
0.0631993
0.0197721
0.0365042
0.098666
0.169464
0.381513
0.117966
0.170726
0.14201
0.154612
0.177322
0.171085
0.149269
0.104392
0.0036254
0.00984558
0.0430482
0.0899694
0.0367806
0.202067
0.247048
0.0112056
0.0117915
0.000394703
0.00181834
0.0085911
0.122151
0.506865
0.438659
0.0145411
0.00985226
0.0207864
0.0370836
0.0711557
0.0832357
0.063104
0.0520435
0.00616715
0.00286044
0.00303107
0.00303156
0.129576
0.477592
0.304694
0.116169
0.00220456
0.0093811
0.00390684
0.00680653
0.0298762
0.146967
0.375098
0.151919
0.00753909
0.0417705
0.191058
0.150615
0.0980945
0.0611244
0.104408
0.0573872
0.013106
0.00196102
0.00443686
0.0717939
0.201103
0.451116
0.216542
0.0484767
0.000959096
0.0592074
0.10989
0.423878
0.37458
0.205369
0.056454
0.0299171
0.00853449
0.152582
0.138391
0.105407
0.139111
0.0861362
0.0609926
0.0266815
0.071054
0.0131418
0.0386083
0.0665939
0.333908
0.437965
0.108207
0.00741835
0.00704467
0.138893
0.0797163
0.0928687
0.0607231
0.101932
0.128273
0.255579
0.226315
0.0170244
0.0331119
0.145403
0.350896
0.454575
0.0834455
0.0521685
0.0269058
0.000623516
0.00962917
0.0557544
0.367879
0.46454
0.0278357
0.00178934
0.00111732
0.00385191
0.0133065
0.036156
0.127668
0.184661
0.0190312
0.00724466
0.00505149
0.00055265
0.00255734
0.0359767
0.421759
0.524797
0.016386
0.000159331
0.000676101
0.00495202
0.00466477
0.0100834
0.159896
0.244611
0.0177954
0.00182306
0.00503325
0.00897077
0.00527753
0.0211363
0.143608
0.365101
0.106021
0.0179012
0.0109274
0.137739
0.0903541
0.119152
0.176048
0.342064
0.208538
0.170674
0.0945022
0.00271722
0.0111975
0.0577757
0.246934
0.278029
0.100984
0.0086324
0.00813965
0.136282
0.101065
0.272949
0.309715
0.309876
0.234699
0.0519702
0.0741738
0.269925
0.0677552
0.0618521
0.022248
0.0230148
0.0422533
0.099301
0.168216
0.462259
0.0210374
0.00701595
0.000454448
0.00016402
0.00550457
0.0468811
0.325723
0.332155
0.0618465
0.0998434
0.0450166
0.0479081
0.0589497
0.0336548
0.154875
0.462259
0.0155649
0.0118286
0.0257998
0.0298104
0.00586263
0.10125
0.355842
0.373505
0.0756559
0.00900422
0.0121548
0.0226115
0.0729647
0.157356
0.219843
0.159448
0.104727
0.0370694
0.1036
0.117269
0.133936
0.160029
0.0514597
0.273449
0.0375636
0.0182655
0.0601499
0.0904025
0.131488
0.361013
0.222741
0.0852387
0.0532679
0.0369893
0.162826
0.307915
0.29771
0.334067
0.0362094
0.0359589
0.0286426
0.0199519
0.0749341
0.0895278
0.0461276
0.0267605
0.0117063
0.00774277
0.0046933
0.0015858
0.276306
0.540999
0.035877
0.00480547
0.00528112
0.028175
0.0191009
0.0133342
0.115065
0.213134
0.110991
0.0573987
0.016999
0.00653793
0.00535059
0.000101896
0.355968
0.590653
0.0243752
0.00617174
0.00659173
0.000176363
0.00169476
0.0611002
0.247034
0.370419
0.0117566
0.000330301
0.000280132
0.0388396
0.031062
0.243919
0.280104
0.204898
0.0351672
0.0450675
0.0171844
4.40908e-005
0
0.0158935
0.288515
0.430361
0.0116146
0.000317793
0.00011327
0.0186402
0.022334
0.0575984
0.304968
0.430361
0.11119
0.0677194
0.0342642
0.0154137
0.00371732
0.0465779
0.149829
0.187304
0.105421
0.137862
0.0846774
0.00252945
0.00653377
0.0993858
0.28267
0.445406
0.0546121
0.0283592
0.00795465
0.00126454
0.000702232
0.00771406
0.386237
0.301305
0.043091
0.0148045
0.00652788
0.0163013
0.00280893
0.0179126
0.257092
0.445406
0.211981
0.107914
0.0533425
2.86948e-005
0.00231398
0.0281526
0.259431
0.465566
0.0388426
0.00151538
2.86948e-005
0.00356433
0.00432207
0.0120284
0.0942549
0.189799
0.0288409
0.00612495
0.00238634
0.0104112
0.00237507
0.0107131
0.130086
0.439939
0.42105
0.161158
0.036157
0.00328784
0.00372358
0.0141406
0.046163
0.174809
0.358785
0.21138
0.00891041
0.00308142
0.0084891
0.0440036
0.164376
0.259604
0.10487
0.0165035
0.00204465
0.063308
0.0331994
0.144737
0.21349
0.363106
0.308098
0.13727
0.0670126
0.00289371
0.0319644
0.0766716
0.163502
0.223072
0.182755
0.0884965
0.00508688
0.134338
0.166473
0.15105
0.235233
0.309298
0.354655
0.202389
0.0769289
0.248393
0.0189453
0.0627867
0.0606171
0.104925
0.130347
0.113953
0.183211
0.499814
0.024419
0.0304315
0.0522479
0.0668364
0.0132979
0.077934
0.298351
0.280138
0.0770317
0.0478402
0.0494759
0.0725656
0.162001
0.181326
0.159179
0.447019
0.0624934
0.0525127
0.0268539
0.0320687
0.03497
0.0649978
0.233398
0.192837
0.068231
0.103639
0.0981591
0.151347
0.0917623
0.138732
0.11181
0.0200479
0.0705607
0.197179
0.303073
0.393486
0.188045
0.109701
0.011014
0.24426
0.131435
0.153707
0.052388
0.119406
0.0834366
0.067945
0.0995768
0.0835018
0.134073
0.272982
0.256916
0.369684
0.193907
0.0677201
0.0190824
0.00413148
0.0194779
0.0585892
0.160023
0.196379
0.0565564
0.0152955
0.00436417
0.00243376
0.0461225
0.150365
0.276361
0.285338
0.0215175
0.00297069
0.00221232
0.00726118
0.152053
0.232166
0.140389
0.184127
0.0620231
0.00969382
0.00553252
0.0138359
0.419654
0.5842
0.181437
0.0511071
0.0112192
0.00243739
0.00757419
0
0.0126901
0.0972063
0.239774
0.310963
0.0280035
0.00849473
0.00090148
0.00718264
0.00597808
0.0518376
0.168174
0.415169
0.333228
0.053288
0.0124918
0.01715
0.105139
0.34901
0.22792
0.0568504
0.0283169
0.042162
0.0432622
0.0360391
0.0124814
0.0998179
0.190078
0.157154
0.415169
0.158634
0.119314
0.0013948
0.00242276
0.00862704
0.368381
0.25216
0.0123472
0.00982758
0.00826151
0.0144271
0.00969103
0.0234025
0.176673
0.26316
0.154295
0.128083
0.0637895
0.0003487
0.00161517
0.00390041
0.453912
0.345761
0
0
0.00206538
0.0013948
0.00646069
0.0128252
0.368521
0.380875
0.0448895
0.0304906
0.0142498
0.00845569
0.0025958
0.00564201
0.0253045
0.167677
0.303062
0.191993
0.0461593
0.00341855
0.000247061
0.00203683
0.0128175
0.0783606
0.424569
0.372363
0.0279789
0.0140285
0.00162532
0.0207166
0.15606
0.201708
0.112448
0.0886092
0.0419556
0.0337267
0
0.0329456
0.0728153
0.0807849
0.424569
0.424569
0.0988757
0.000596202
0.0121425
0.0300671
0.0985113
0.128699
0.206048
0.163097
0.00817729
0.058232
0.0825295
0.0851285
0.181789
0.147609
0.16824
0.065445
0.0156716
0.0100616
0
0.00753462
0.0339172
0.126813
0.422876
0.422876
0.0522735
0.0477572
0.0113138
0.0258586
0.0687724
0.183152
0.422876
0.384821
0.102793
0.166885
0.0728089
0.0875558
0.0754458
0.0414094
0.132919
0.126661
0.071725
0.215427
0.0898388
0.233527
0.0762515
0.0146034
0.0623053
0.0805206
0.133972
0.186365
0.0694778
0.106938
0.0483617
0.0697306
0.286681
0.22824
0.208821
0.252637
0.185626
0.530241
0.171315
0.00895275
0.066015
0.0622417
0.250596
0.222352
0.141942
0.162111
0.0686528
0.0274431
0.0443061
0.040484
0.0656438
0.191673
0.186422
0.193344
0.124296
0.135142
0.0949371
0.0385647
0.030889
0.265702
0.181261
0.286903
0.128613
0.00066815
0.030999
0.0179386
0.173583
0.281001
0.472022
0.377346
0.0520841
0.00872945
0.00681197
0.00721744
0.0964538
0.0181976
0.192582
0.25916
0.0478273
0.0591601
0.0217467
0.00483377
0.00647867
0.0161211
0.306166
0.431062
0.0264957
0.00294439
0.000424264
0.00083574
0.00718868
0.0346508
0.371555
0.41826
0.0144745
0.00490772
0
0.000809448
0.00627287
0.0153395
0.345422
0.362476
0.0166458
0.00148276
0.00255582
0.012256
0.00546548
0.0781703
0.231666
0.419949
0.101751
0.0109911
0.0159362
0.0679837
0.147298
0.199109
0.0639809
0.0700981
0.122243
0.0686376
0.293194
0.195905
0.476497
0.053942
0.214604
0.22172
0.0452887
0.0213993
0.0123857
0.0497079
0.0626642
0.160317
0.087839
0.0546505
0.101626
0.0642304
0.00843237
0.0635563
0.291594
0
0
0
0.378132
0.25057
0
0
0
0
0
0
0.356277
0.234034
0.00205468
0
0
0
0
0.000451733
0.43567
0.334301
0
0
0
0
0
0.00180693
0.43567
0.27937
0.00228658
7.37104e-006
0
0.0121427
0
0.0223087
0.286469
0.169537
0.00914878
0.0136595
0.0138206
0.0418661
0.00174753
0.0738351
0.207469
0.112281
0.17488
0.388756
0.0724285
0.00229855
0
0.00740484
0.37862
0.316342
0.00790465
2.54816e-005
0.000884057
0.0144602
0.00460964
0.0586383
0.382451
0.419286
0.05632
0.145811
0.0254382
0.0179309
0.000975502
0.0207746
0.0274511
0.0362845
0.223441
0.415798
0.0829623
0.129873
0.00346749
0.00594128
0
0.0477045
0.185588
0.411866
0.260789
0.0331354
0.00990543
0.0337692
0.0952205
0.0799032
0.0657782
0.293877
0.124495
0.275686
0.00974269
0.00837369
0.00327104
0
0.0209904
0.248131
0.415798
0.23052
0.0255782
0.0217378
0.00233806
0.01489
0.0581817
0.0868177
0.238222
0.313941
0.0497405
0.0971082
0.0360684
0.00119154
0.0115554
0.00945108
0.305653
0.378202
0.00285181
0.00344758
0.0142646
0.0100972
0.00277386
0.0506862
0.387795
0.415024
0.0130868
0.0276255
0.0548831
0.0151458
0.00172679
0.0676192
0.392467
0.329196
0.0534163
0.0639238
0.0343377
0
0.0158097
0.00882639
0.269945
0.307767
0.313954
0.137791
0.00524669
0
0.00395241
0.00312538
0.136047
0.413555
0.023553
0.0181204
0.0209883
0.00224335
0
0.0270624
0.30614
0.440646
0.121737
0.0241393
0
0
0
0.000407331
0.24396
0.109389
0.477098
0.280167
0.000613706
0
0
0.000132833
0.0247797
0.0601725
0.344243
0.184197
0.00544793
0.00994372
0.0129371
0.0372839
0.0244327
0.392926
0.244089
0.0671624
0
0
0
0.00197802
0.198305
0.367833
0.144503
0.0367582
0.000407807
0.0304895
0.0581518
0.042701
0.218644
0.0498969
0.113757
0.0632583
0.0380213
0.0609673
0.0438242
0.0559424
0.0295921
0.0539889
0.0387024
0.0403744
0.142563
0.136289
0.0297976
0.0279624
0.0759766
0.353809
0.0570274
0.0404684
0.0295158
0.146986
0.145028
0.0789537
0.181908
0.674694
0.143632
0.0787064
0.084898
0.149198
0.0578113
0.0529119
0.34221