0.0763228
0.0665413
0.109317
0.223836
0.160072
0.0646503
0.0836618
0.0579814
0.105056
0.0633216
0.0581498
0.0960861
0.124354
0.191072
0.192665
0.145396
0.116757
0.0963844
0.0706333
0.23526
0.194977
0.0680524
0.0690652
0.088637
0.283318
0.504352
0.30957
0.188886
0.138438
0.0811358
0.0456174
0.0545415
0.0273815
0.0292243
0.022282
0.0177956
0.0362629
0.0360968
0.0404712
0.0278432
0.0704909
0.304883
0.193681
0.0197488
0.0668306
0.0485043
0.0262828
0.0144948
0.0688349
0.410206
0.257394
0.0221686
0.012523
0.00658536
0.00580322
0.0120828
0.066129
0.525526
0.525526
0.00483312
0.00901349
0.00470616
0.00995475
0.00768298
0.15199
0.260928
0.122059
0.0102478
0.0205213
0.0208256
0.0045463
0.035109
0.342612
0.142974
0.0464386
0.00288756
0.00359081
0.00751634
0.0097756
0.342612
0.0887821
0.342612
0.342612
0.00393155
0.00435657
0.00157358
0.00141427
0.0193648
0.342612
0.318086
0.180496
0.00503183
0.00127187
9.3731e-005
0.00408389
0.325503
0.253761
0.0117438
0.00185376
0.000866192
0.0012105
0.000458352
0.00612536
0.397096
0.245297
0.00159693
0.00103375
0.000970972
0.00295974
0.00340817
0.00663851
0.397096
0.324093
0.056879
0.0251477
0.000653936
0
0.0270229
0.0388693
0.397096
0.29143
0.00785579
0.0207999
0.00477061
0.0107859
0.0725656
0.0561549
0.397096
0.178455
0.00348987
0.000520438
0.0002901
0.00244542
0.00296446
0.00884521
0.374485
0.261185
0.00758131
0.000286994
0.000486859
0.0177931
0.0625984
0.0662545
0.374485
0.222266
0.011311
0.0312889
0.00322453
0.0105644
0.0398645
0.072721
0.374485
0.225239
0.00469542
0.00782223
0.00248621
0.0371611
0.25801
0.341777
0.374485
0.155496
0.00789588
0.000951015
0.00595826
0.0500395
0.17872
0.130224
0.240019
0.0699089
0.00811295
0.00251993
0.00945464
0.0350566
0.0993123
0.0946179
0.0865148
0.10776
0.00179854
0
0.00349026
0.0969546
0.412892
0.412892
0.194431
0.164884
0.0202295
0.000411842
0.00278452
0.109013
0.412892
0.412892
0.114157
0.143405
0.0182581
0.0121544
0.0167286
0.0154249
0.00851039
0.0368871
0.137774
0.170764
0.0298801
0.0497497
0.0490529
0.0158556
0.00319397
0.0161488
0.153396
0.380423
0.0392866
0.00268858
0.00588076
0.049856
0.194792
0.246736
0.365127
0.425174
0.0271044
0.0056704
0.0212994
0.00605759
0.00259836
0.0887945
0.52485
0.0247072
0.0454413
0.0229398
0.0212421
0.0341133
0.0151313
0.0115075
0.0063554
0.0610897
0.43808
0.265456
0.038289
0.0144665
0.00801235
0.00427437
0.00332062
0.0157447
0.180099
0.227057
0.17133
0.0969842
0.0198062
0.0114364
0.000748014
0.0273869
0.508736
0.508736
0.171385
0.0731397
0.00556803
0.00476118
0.000129768
0.0280413
0.374484
0.27341
0.00879667
0.00181319
0.00033246
4.77256e-005
0.00129545
0.0222532
0.374484
0.374484
0.00600802
0.00533102
0
0
0.000604458
0.00769787
0.374484
0.374484
0.0173399
0.0063759
0.00205904
0.00043261
0.000344253
0.0147446
0.374484
0.210389
0.0136063
0.0146349
0.00131529
0.000439139
0.00222678
0.0218772
0.38642
0.38098
0.0606869
0.0293002
0.0130477
0
0.00306159
0.21314
0.326073
0.282185
0.131213
0.0450952
0.058074
0.0282606
0.130102
0.0327998
0.15096
0.131817
0.111164
0.101858
0.114252
0.0148184
0.00336747
0.102976
0.121482
0.143441
0.242812
0.188519
0.382903
0.136442
0.086108
0.207388
0.0971801
0.0526321
0.0430366
0.0463056
0.146878
0.108496
0.229453
0.138523
0.0189849
0.0423807
0.0126778
0.135413
0.313835
0.151807
0.22985
0.0859996
0.0877929
0.0377038
0.113076
0.150528
0.342958
0.214376
0.0877782
0.135399
0.047701
0.0302058
0.0347132
0.242865
0.365841
0.359548
0.190396
0.124996
0.0260676
0.0773134
0.0240295
0.103097
0.195121
0.168984
0.1583
0.0673053
0.011404
0.0456253
0.0768401
0.151059
0.354785
0.366042
0.114861
0.16485
0.16953
0.144302
0.0496406
0.143703
0.227037
0.197452
0.243807
0.0594614
0.222465
0.282775
0.228109
0.218473
0.168005
0.115722
0.0764265
0.00516105
0
0.00547046
0.0311927
0.0736181
0.39731
0.290183
0.0188263
0.0443291
0.00885765
0
0.000842945
0.0455061
0.39731
0.39731
0.0313704
0.00129345
0.0307024
0.054403
0.0942663
0.079256
0.200331
0.126593
0.000365655
0.00144383
0.00155763
0.00233383
0.00262325
0.0034767
0.39731
0.39731
0.00447075
0.0864917
0.00991128
0
0.00135594
0.0239355
0.327612
0.28786
0.119817
0.15067
0.0103989
0.00258578
0.00454592
0.01588
0.0609597
0.0567821
0.200133
0.0165884
0.00144505
0.000169196
0.00560452
0.0381441
0.443636
0.443636
0.0371668
0.0742576
0.00792796
0.0161414
0.122532
0.114007
0.443636
0.195646
0.0873588
0.00167247
0.0570089
0.112761
0.286959
0.133764
0.00796144
0.00164547
0.00115767
0.00192813
0.255766
0.347703
0.368162
0.171941
0.00475211
0.000604778
1.11583e-005
0.0050657
0.00588303
0.141682
0.37124
0.220506
0.00803297
0.0200361
0.0429199
0.00033822
0.0119732
0.111165
0.37124
0.369173
0.00271274
0.000178436
9.00838e-005
0.00398984
0.491195
0.458248
0.225328
0.110549
0.0174867
0.00354412
0.00170328
0.0100328
0.19371
0.123009
0.0517614
0.0451568
0.0090301
0.00552216
0.00813629
0.00641043
0.0294396
0.055115
0.513437
0.292155
0.0130746
0.00737576
0.00326936
0.0110351
0.020179
0.0194423
0.120922
0.0893939
0.00832372
0.0149249
0.0101609
0.0422583
0.034245
0.0623583
0.156908
0.122565
0.071049
0.0313362
0.00504689
0.126129
0.0899647
0.0834152
0.292192
0.190717
0.278873
0.190484
0.141483
0.0114022
0.0236011
0.0582076
0.37579
0.219611
0.0319132
0.0222376
0.0116431
0.206302
0.142172
0.182377
0.424772
0.231281
0.134393
0.112501
0.250604
0.103933
0.0653546
0.0202879
0.0950036
0.0603508
0.157003
0.138251
0.155259
0.227372
0.039505
0.0125858
0.0216765
0.0493891
0.146478
0.258955
0.353481
0.27271
0.0625249
0.0510564
0.0686578
0.0192899
0.0496758
0.0431875
0.413212
0.399437
0.00968278
0.00173112
0.00219197
0
0.0123517
0.0412175
0.413212
0.279933
0.16994
0.0915411
0.0143744
0.0289492
0.0579346
0.133484
0.398238
0.125563
0.225894
0.204563
0.0938333
0.0681325
0.0251817
0.0217601
0.166206
0.367592
0.0726467
0.0361709
0.0211381
0.0146801
0.0171539
0.0718992
0.419403
0.180324
0.113662
0.0846015
0.134681
0.110866
0.0562609
0.0792294
0.308293
0.0270017
0.0930614
0.11884
0.121923
0.0751651
0.0932895
0.0594517
0.0349087
0.00642201
0.0103848
0.0170222
0.0206507
0.027359
0.655102
0.537904
0.00656614
0.0483906
0.0504931
0.0563921
0.138075
0.119788
0.046486
0.0439806
0.0713295
0.0111104
0.0106221
0.0278646
0.213152
0.0900551
0.209253
0.0910648
0.0248822
0.00151303
0.00039029
0.00103307
0.0461849
0.0539146
0.394254
0.230481
0.0027621
0.0071978
0.000645653
0.00577918
0.251154
0.200133
0.394254
0.140969
0.0111916
0.000284694
0.000559577
0.00488866
0.355685
0.138518
0.171116
0.0501359
0.00257459
0.017783
0.0108478
0.0109917
0.394254
0.318661
0.173754
0.0538866
0.0234425
0.00913246
0.00502438
0.137182
0.377542
0.174043
0.00232025
0.0204834
0.0577495
0.000322051
0.00150395
0.0702684
0.425523
0.263139
0.00017503
5.51963e-005
0.000238896
0.0246337
0.00889918
0.033059
0.425523
0.274593
0
0.0101869
0.0328983
0.000311168
0.000506746
0.0208815
0.425523
0.25727
0.00107001
0.000220785
0.000304407
0.00593269
0.00770219
0.00357556
0.61523
0.251405
0.00289139
0.00623897
0.00425884
0.00878647
0.0151708
0.0245749
0.108341
0.0818956
0.00422862
0.0153133
0.00834886
0.00488879
0.00599854
0.00654449
0.61523
0.247018
0.00977944
0.00480643
0.00475628
0.00554855
0.00963065
0.0841605
0.13207
0.111202
0.0283626
0.012057
0.0112378
0.000834379
0.0299789
0.0909982
0.215524
0.138577
0.0474942
0.0186801
0.0267469
0.218823
0.151852
0.274427
0.232734
0.121883
0.0826234
0.0470872
0.272205
0.000350331
0.0387529
0.270869
0.199442
0.129679
0.0694152
0.0257891
0.0211247
0.300922
0.195746
0.367524
0.230398
0.104613
0.0922033
0.103729
0.311452
0.23648
0.0407178
0.0655639
0.0207724
0.00624588
0.0112334
0.0113295
0.387911
0.289097
0
0
0
0
0.00142604
0.0127737
0.408132
0.285103
0.0553103
0.0431118
0.026767
0.00782912
0.00867027
0.0311687
0.408132
0.256625
0.000257216
0.0228922
0.00935843
0.012386
0.00570414
0.0915786
0.408132
0.275978
0.0398581
0.0199539
0.0158069
0.00859234
0.0468316
0.105443
0.436104
0.132866
0.0883019
0.0516811
0.0948083
0.0615448
0.0932672
0.112083
0.201418
0.165577
0.0164795
0.0860541
0.0828971
0.119274
0.158618
0.299171
0.436104
0.0523277
0.0332949
0.080903
0.19171
0.233866
0.255278
0.198
0.0701043
0.0530263
0.0622249
0.0492632
0.132566
0.0891512
0.0747265
0.0564803
0.039874
0.0113044
0.00782359
0.0206265
0.466946
0.141675
0.0268261
0.0233204
0.0246854
0.0413517
0.033978
0.0624584
0.188078
0.168414
0.14902
0.0582845
0.0264137
0.0222443
0.0158988
0.0134831
0.671474
0.286534
0.0227253
0.0227066
0.0413503
0.000594293
0.000350201
0.0056705
0.427338
0.140563
0.00769683
0.000911186
0.00150356
0.0186275
0.0314835
0.0294834
0.427338
0.218114
0.00936369
0.020559
0.0112392
0.000981292
0.000480403
0.00381045
0.427338
0.236553
0.00155692
0.00122036
0.00208467
0.00720325
0.0303682
0.030409
0.427338
0.313764
0.0232873
0.0101152
0.00299913
0.014936
0.00714744
0.0345045
0.387807
0.222264
0.0265404
0.0262071
0.01774
0.00017754
2.56686e-005
0.0141094
0.387807
0.236456
0.101063
0.0303225
0.000192067
0.00135146
0.00308933
0.0761376
0.286195
0.146903
0.254676
0.216995
0.0179478
4.10132e-005
0
0.0137835
0.150409
0.161822
0.387807
0.346452
0.00180878
0.00460382
0.00270855
0.00689965
0.281895
0.203957
0.135652
0.0312082
0.00751412
0.018944
0.00761787
0.0422026
0.0890009
0.0993406
0.0564679
0.0177862
0.0176537
0.00199785
0.00139494
0.00442199
0.0572362
0.116904
0.650056
0.432778
0.00913304
0.0498048
0.0204596
0.0632759
0.157359
0.10973
0.286455
0.134884
0.0282782
0.0272164
0.0183916
0.107464
0.116231
0.126677
0.193864
0.0578549
0.00542508
0.210084
0.0899218
0.122621
0.121138
0.119957
0.266039
0.176708
0.270399
0.171173
0.0808074
0.113914
0.169699
0.116418
0.161752
0.0670898
0.0239485
0.432942
0.110308
0.0982117
0.0903069
0.0843911
0.253575
0.153652
0.40958
0.231369
0.0313873
0.0141195
0.0152467
0.0135553
0.0315434
0.050211
0.389946
0.272063
0.0129358
0.0446095
0.0137082
0.0123951
0.00578807
0.0693212
0.389946
0.282675
0.0214489
0.0150574
0.0110486
0.0212034
0.0563526
0.0503894
0.389946
0.348347
0.0445686
0.0336165
0.0102987
0.0125516
0.0182443
0.0347992
0.389946
0.182179
0.112414
0.227753
0.133505
0.094408
0.0629062
0.141796
0.328728
0.0342591
0.124647
0.237288
0.306501
0.161684
0.098289
0.0592457
0.0247851
0.284342
0.169363
0.177155
0.0956272
0.0154022
0.0520412
0.0828507
0.434602
0.0664784
0.15825
0.191439
0.235493
0.0467799
0.0797948
0.0633375
0.103345
0.0227835
0.0305329
0.0663456
0.148201
0.0662949
0.0361819
0.0112388
0.0194084
0.0122803
0.010527
0.0376944
0.341175
0.202258
0.0143805
0.00974398
0.0310415
0.0273275
0.102916
0.0737273
0.107121
0.0375977
0.0300196
0.016289
0.0176064
0.0159384
0.590407
0.533264
0.238426
0.160967
0.00978359
0.010849
0.0153446
0.0004137
0.00116796
0.0168103
0.382572
0.195253
0.00132078
0.00124934
0.00227621
0.00641406
0.00670105
0.0109013
0.382572
0.242832
0.0248787
0.0112122
0.00690558
0.00265239
0.25931
0.303336
0.382572
0.144993
0.000700006
0.000641197
0.000819483
0.0104215
0.130158
0.19877
0.382572
0.201397
0.0199004
0.0200292
0.00881923
0.00112603
0.00299364
0.0409126
0.0506752
0.0630621
0.262017
0.214077
0.0258422
0
0
0.00494961
0.0125422
0.04199
0.458983
0.458983
0.00364994
0.0191016
0.00338621
0.0268677
0.0115318
0.0517444
0.110842
0.0909409
0.0514764
0.0102433
0.000789216
0.0141439
0.00830967
0.0504089
0.458983
0.40872
0.0146289
4.91996e-005
0
5.15066e-005
0.000386216
0.00350869
0.41239
0.249229
0.00132945
0.00484506
0.00304768
0.013575
0.0743457
0.0598072
0.256596
0.123225
0.00501974
9.78346e-005
0.000916744
0.00330839
0.00353602
0.0202686
0.41239
0.387229
0.000354357
0
0.000229186
0.000229186
0.0436985
0.0497464
0.41239
0.376222
0.0134061
0.0682022
0.0312731
0.0731044
0.221794
0.163197
0.105215
0.0566123
0.0111746
0.286582
0.087786
0.0991135
0.16346
0.102324
0.0974049
0.092857
0.23058
0.0171066
0.00175508
0.0147721
0.127724
0.130638
0.384317
0.350013
0.0776163
0.19725
0.10938
0.0619933
0.10392
0.077935
0.159157
0.348378
0.35242
0.224781
0.103978
0.0910341
0.0806634
0.0554131
0.0631799
0.058901
0.271628
0.285308
0.140201
0.148957
0.0884401
0.0362672
0.0167075
0.0302104
0.367997
0.189768
0.314805
0.186139
0.0898709
0.0356024
0.0445005
0.0831273
0.285859
0.181455
0.305161
0.264613
0.145387
0.0243094
0.00762539
0.00783786
0.209667
0.267654
0.121209
0.0916415
0.107369
0.0102556
0.0376519
0.0567919
0.392842
0.0794463
0.134891
0.0810492
0.188151
0.0393504
0.0586701
0.0478821
0.113504
0.210841
0.177834
0.0958021
0.074908
0.00486191
0.00240777
0.00398829
0.211956
0.084602
0.481439
0.466939
0.052061
0.00774349
0.00236762
0.00469167
0.0696613
0.0105116
0.147342
0.0775417
0.0214591
0.00748109
0.00521876
0.00424002
0.00398395
0.00790157
0.408457
0.341069
0.0126757
0.00729436
0.000440579
0.00189363
0.00140503
0.00908866
0.408457
0.383469
0.00520063
0.00105844
0.000462938
0.000977853
0.00242098
0.00559594
0.408457
0.408457
0.00198136
0.000495132
0.000852461
0.000346526
0.000628871
0.00520217
0.424065
0.424065
0.103567
0.0367982
0.00170777
0.000283656
4.04216e-005
0.0121863
0.244325
0.319
0.19459
0.0797443
0.0116025
0.0103354
0.0086696
0.00416236
0.424065
0.412556
0.00847612
0.00278779
0.00210443
0.00245285
0.0013464
0.00635087
0.124924
0.115758
0.0225904
0.0107949
0.0120975
0.00984718
0.00809091
0.0753924
0.0588159
0.0551481
0.0356197
0.131402
0.0574505
0.0954133
0.164087
0.0649328
0.0393477
0.0451319
0.0460518
0.13361
0.579188
0.372615
0.0779029
0.120087
0.228016
0.193796
0.110573
0.116703
0.100007
0.123912
0.12901
0.212828
0.169089
0.162903
0.0977319
0.126119
0.165662
0.131448
0.113552
0.00445387
0.00455513
0.00716876
0.00764434
0.030667
0.391478
0.265426
0.0101398
0.0142015
0.000815642
0.000815642
0.00605843
0.0166514
0.391478
0.391478
0.105494
0.0216215
0.00933872
0.0350479
0.0265946
0.0348654
0.188404
0.1542
0.0397917
0.0800687
0.00113501
0.0259967
0.0188622
0.0236591
0.391478
0.371583
0.23299
0.0685747
0.000408227
0.000719646
0.00825054
0.0104369
0.284449
0.247421
0.265659
0.202365
0.0300126
0.00670636
0.00409711
0.00406868
0.0406409
0.142337
0.390125
0.187376
0.00187432
0.0262738
0.00606048
0.00470808
0.140462
0.152001
0.390125
0.378952
0.0126202
0.0178002
0.00691225
0.00212669
0.0036591
0.0225399
0.390125
0.137507
0.0962814
0.0373861
0.0073011
0
0.00263253
0.024333
0.390121
0.128914
0.0812829
0.046181
0.0207617
0.000340445
0.000122569
0.00290795
0.43219
0.292358
0.0243726
0.0116146
0.00431579
0.00145514
0.000356993
0.00786992
0.43219
0.318246
0.0130935
0.00658046
0
0
0.0114567
0.0273889
0.43219
0.112801
0.12488
0.0348026
0.00788201
0.000881581
0.000386262
0.0037452
0.236235
0.0463585
0.391104
0.383056
0.00131679
0.000572546
0.000352405
0.00311833
0.064691
0.248059
0.171458
0.0369707
0
0
0.0156061
0.0205175
0.391104
0.124595
0.391104
0.351829
0.00231435
0.0163737
0.0148481
0.00615767
0.176324
0.00771717
0.42401
0.42401
0.000271166
0.000241381
0.00137272
0.00140075
0.00338373
0.0114657
0.42401
0.350737
0.00407922
0.00191705
0.00415075
0.00223441
0.00174505
0.0162094
0.42401
0.312069
0.00724128
0.0217623
0.0230339
0.00620998
0.0118384
0.0230106
0.102748
0.0698193
0.0165947
0.0109791
0.017808
0.00884165
0.00244713
0.0435139
0.64162
0.438324
0.0215045
0.0067872
0.00855507
0.0207289
0.0167561
0.0888607
0.0852779
0.0855221
0.0463135
0.0245646
0.0228023
0.0630188
0.0490381
0.112357
0.105972
0.0816833
0.103258
0.0522143
0.0318177
0.026316
0.0140248
0.261434
0.221611
0.231331
0.158201
0.086045
0.0243535
0.0587646
0.0685088