0.0247898
0.0499277
0.0365884
0.215386
0.244177
0.0987886
0.164702
0.176714
0.09598
0.0181429
0.114697
0.195506
0.168706
0.169133
0.210286
0.153036
0.0377737
0.0817024
0.0796762
0.190634
0.148685
0.0998185
0.104307
0.155152
0.103267
0.209516
0.384635
0.324945
0.241866
0.047077
0.0722458
0.0807849
0.0457139
0.0197519
0.039378
0.0308222
0.0180955
0.0469283
0.0500264
0.0575571
0.0836422
0.234677
0.193603
0.050456
0.0188108
0.0271058
0.0259992
0.0379891
0.0387541
0.236595
0.314164
0.0258028
0.0248604
0.00636367
0.0184679
0.0325208
0.0440043
0.575749
0.575749
0.0180287
0.013729
0.00075912
0.00703324
0.0157245
0.170384
0.177737
0.0875014
0.0119974
0.00548829
0.00713105
0.0038595
0.0516794
0.370251
0.0770801
0.0133887
0.00214885
0.00572918
0.00677738
0.00496343
0.242647
0.154486
0.407957
0.330305
0.00364242
0.00439203
0
0
0.0249526
0.407957
0.366731
0.0826162
0.000524914
0.00225405
0
0.00546422
0.280015
0.247444
0.00599643
0.000141356
0.000747981
0.00247909
0.000982455
0.00956238
0.267946
0.312056
0.00195983
0
0
0
0.00269875
0.0154363
0.344484
0.372154
0.0521229
0.00471543
0
0
0.00799707
0.0510546
0.391868
0.391868
0.0171963
0.0100501
0.0215626
0.00384498
0.0255314
0.074994
0.391868
0.244886
0.00202938
0
0
0
0.00350107
0.0207796
0.30658
0.183468
0.000507345
0
0
0
0.0181326
0.146855
0.392115
0.289814
0.0244306
0.014723
0.0210845
0.00510861
0.0131305
0.0686356
0.392115
0.150192
0.0067425
0.0050474
0.00296842
0.00635797
0.161774
0.392115
0.388507
0.087351
0.00390542
0.00183067
0.00361035
0.0089512
0.0750529
0.216487
0.26655
0.0634766
0.0435892
0.0322847
0.0159099
0.0197882
0.0819552
0.140335
0.0878737
0.0221787
0
0.00122045
0.00444471
0.0177954
0.414152
0.444468
0.132944
0.00848945
0.00856556
0.00780714
0.0233787
0.0375857
0.444468
0.440233
0.043667
0.137884
0.155018
0.0817196
0.0475562
0.0215633
0.0493469
0.19957
0.121178
0.160798
0.276525
0.106272
0.0829418
0.0442016
0.00196716
0.0608419
0.0673065
0.0937569
0.0759334
0.0172882
0.0443477
0.0645586
0.54068
0.45349
0.16095
0.181176
0.176842
0.0651284
0.0234337
0.0441217
0.0989754
0.180259
0.110183
0.0218504
0.0273828
0.035101
0.0384919
0.0529627
0.0192598
0.0171098
0.0133129
0.021536
0.310384
0.22706
0.0536509
0.0700534
0.00474175
0.0131254
0.00841708
0.0599365
0.0831419
0.22527
0.0666005
0.0686783
0.0211698
0.0421181
0.0458338
0.0184077
0.590262
0.590262
0.0540016
0.0540509
0.00248828
0.00734834
0.00807945
0.00834911
0.264374
0.253294
0.00560271
0.00803157
0.000303142
0.0030125
0.00158956
0.00219596
0.37297
0.37297
0.0114571
0.00419775
0
0.000374549
0.000543774
0.00445545
0.37297
0.37297
0.00581322
0.00296531
0.00152813
0.00201478
0.000406707
0.00946927
0.37297
0.362607
0.0339557
0.0156789
0.00698817
0.00338128
0.0059185
0.0361918
0.40593
0.361335
0.0708238
0.0229484
0
0
0.00265658
0.259897
0.40593
0.166187
0.0747787
0.042813
0.00528475
0.0232723
0.14191
0.00916284
0.20585
0.223073
0.172727
0.123942
0.0746749
0.00925234
0.00522726
0.0961925
0.219135
0.151596
0.188547
0.216726
0.191163
0.148257
0.0716803
0.21112
0.1175
0.0219372
0.00933537
0.0302315
0.0740767
0.152731
0.265117
0.147789
0.0378383
0.0283283
0.0575373
0.0485416
0.240823
0.222316
0.271752
0.0789259
0.122098
0.0601833
0.0288976
0.108443
0.266336
0.27505
0.126225
0.0966836
0.0489285
0.030539
0.0442902
0.096074
0.408598
0.401755
0.193611
0.124087
0.0565724
0.0473184
0.0918668
0.039308
0.161023
0.168398
0.199952
0.0557055
0.0204036
0.0224798
0.0684085
0.11035
0.319251
0.417275
0.142601
0.192679
0.132018
0.0807327
0.14036
0.0673112
0.263991
0.216168
0.149069
0.0931895
0.166083
0.197102
0.322832
0.208324
0.218288
0.145015
0.0316675
0.00172883
0.00429262
0.00229435
0.0150638
0.0500006
0.334853
0.346819
0.0159119
0.00186803
0.00188185
0.000756312
0.00282566
0.0114843
0.396176
0.39203
0.00701362
0.00330201
0.0259428
0.0507274
0.110594
0.101275
0.215023
0.168368
0.00222983
0.0010061
0.00173842
0.000811886
0.00197789
0.0163071
0.396176
0.396176
0.000875132
0.00882339
0.00980592
0.00147039
0.00324417
0.018322
0.338373
0.294538
0.0256959
0.0431367
0.025905
0.0124351
0.00187659
0.0171106
0.0759514
0.117726
0.0452423
0.00167075
0.00723591
0.000873381
0.000145688
0.0225095
0.462403
0.462403
0.0110628
0.0408427
0.0238059
0.00426102
0.0150385
0.118064
0.462403
0.25532
0.0588643
0.0282831
0.0419781
0.15476
0.0887963
0.0893281
0.0214462
0.0587547
0.0381432
0.00635436
0.360983
0.475121
0.136029
0.0901803
0.0072154
0.0049625
0.000713886
0.00486311
0.0150503
0.0361278
0.242241
0.26039
0.024768
0.0532021
0.0182353
0.00275471
0.0844353
0.239227
0.475121
0.3168
0.0115715
0.00926239
0.00106824
0.00640414
0.556273
0.508206
0.0671228
0.0231392
0.0347385
0.0204949
0.00630491
0.0292223
0.291716
0.235636
0.0790374
0.0690595
0.0818506
0.0460771
0.0224656
0.0336888
0.119296
0.194376
0.275606
0.116077
0.0474828
0.0426507
0.0325478
0.0934999
0.0751395
0.0287689
0.112123
0.116841
0.0846772
0.0801105
0.0726425
0.0179754
0.0730463
0.0971696
0.149468
0.145792
0.124785
0.0316103
0.00754645
0.110083
0.177691
0.144804
0.129058
0.164455
0.304917
0.221152
0.0916704
0.0375324
0.0606512
0.0720508
0.316642
0.26533
0.0511562
0.040439
0.0163976
0.238683
0.241592
0.123586
0.336972
0.260271
0.148224
0.166128
0.268271
0.089305
0.113199
0.0642543
0.00850613
0.0317024
0.137711
0.203486
0.113719
0.20738
0.0492627
0.0182108
0.00507506
0.0196317
0.139145
0.311189
0.301182
0.313947
0.106373
0.0276054
0.0290437
0.0211658
0.0468424
0.106049
0.360974
0.411925
0.0215291
0.00498941
0
0.00073926
0.00238946
0.106363
0.411925
0.295564
0.152774
0.0371529
0.0309645
0.0138622
0.0545818
0.130822
0.29222
0.15227
0.234434
0.14657
0.140401
0.0527722
0.0316268
0.0316854
0.136345
0.424116
0.0689364
0.0290997
0.025584
0
0.00573923
0.0674646
0.424116
0.224539
0.127308
0.0818856
0.185003
0.0597124
0.0543089
0.104313
0.317906
0.0292451
0.0870443
0.10918
0.163936
0.0840775
0.110703
0.0834519
0.0512537
0.00751401
0.00433807
0.000937414
0.0214094
0.0563391
0.625936
0.559387
0.00343846
0.0583034
0.0659823
0.0668817
0.215039
0.0955809
0.0672146
0.0667084
0.0941727
0.0108813
0.0147725
0.00526125
0.108127
0.137674
0.154263
0.11611
0.00924295
5.82965e-006
0.000644002
4.5402e-005
0.0147505
0.0916884
0.402941
0.276224
0.00138049
0.00441561
0.00189977
0.000344416
0.0740943
0.300962
0.38438
0.1193
0.0117391
0.000219806
0.00076268
0.000112636
0.19603
0.24982
0.140788
0.0658128
0.00060083
0
0
0.000178321
0.379168
0.408297
0.125957
0.0520304
0.00718939
0.0300276
0.0806363
0.0516167
0.195703
0.204693
0.00937321
0.00727719
0.00198268
0.0109778
0.0240608
0.0466099
0.42297
0.373171
0.00490553
0.00212681
0.000768995
0.0654001
0.12873
0.113214
0.187483
0.164676
0.0882613
0.0448695
0.0103592
0.0271047
0.0442357
0.0489817
0.43656
0.48729
0.0361268
0.010486
0.00211877
0.0311435
0.00925404
0.0641351
0.424977
0.306039
0.0165757
0.0189731
0.0220506
0.0886882
0.0527755
0.0422866
0.119818
0.139061
0.0367681
0.0421344
0.0589594
0.00135249
0.00617472
0.0296719
0.491739
0.534766
0.0171983
0.0145821
0.00450107
0.0289322
0.0360595
0.0409299
0.183759
0.12703
0.0402104
0.027368
0.0181102
0.0178091
0.0424194
0.0489341
0.178342
0.222806
0.0634578
0.0279743
0.00898018
0.231359
0.244556
0.126863
0.255611
0.225922
0.0996991
0.0528188
0.188132
0.0091341
0.041599
0.186961
0.210496
0.161836
0.0659075
0.0260618
0.00390133
0.295798
0.278068
0.382887
0.263083
0.186927
0.108256
0.0577988
0.161359
0.280272
0.0720283
0.0216583
0.0406157
0.0209053
0.0165929
0.0151785
0.257107
0.386414
0
0
0
0.00220264
0.00140168
0.00535424
0.386414
0.351518
0.0876752
0.0508733
0.0440054
0.0271321
0.0235621
0.0134456
0.270126
0.386414
0.00651267
0.00165714
0.00761557
0.016608
0.0088041
0.0292392
0.386414
0.351375
0.0176514
0.0186652
0.0178658
0
0.0148713
0.0548159
0.426826
0.204828
0.0632506
0.0690362
0.123744
0.0368297
0.0623801
0.110097
0.209974
0.229782
0.0225981
0.0148995
0.0423584
0.0541517
0.111498
0.183383
0.426826
0.0740005
0.0281148
0.0401578
0.101586
0.205453
0.312834
0.226808
0.155606
0.126098
0.086868
0.130609
0.250124
0.119251
0.104476
0.0967065
0.064123
0.00731398
0.015525
0.0127255
0.24974
0.259213
0.0603794
0.0229881
0.0101075
0.0585348
0.0361102
0.0662954
0.190507
0.452746
0.366275
0.137543
0.0288845
0.00811881
0.030198
0.0322252
0.328989
0.331438
0.0204551
0.014663
0.00357721
0.000140571
0.000497171
0.000294385
0.253883
0.212653
0.0136892
0.00177021
0.000426793
0
2.26643e-005
0.00445854
0.418
0.381358
0.0133525
0.0139942
0.00488304
0.000345328
0.00274625
0.00276559
0.303058
0.293486
0.00134487
0.00089001
0.000159197
0.0118428
0.00871292
0.0196252
0.418
0.418
0.00371045
0.00186635
0.011382
0.0140638
0.0223215
0.0289727
0.146229
0.162894
0.106597
0.0677464
0.0252826
0.00618331
0.00826871
0.0100572
0.326969
0.416374
0.107984
0.0238452
0.00376636
0.0017074
0.00594321
0.0223041
0.155927
0.246335
0.142583
0.0640671
0.0194673
0
0.000856773
0.00195263
0.189277
0.396574
0.465743
0.27354
0.00337481
8.2025e-005
0.00384431
0.00587558
0.246138
0.303359
0.0853475
0.0212388
0.0017724
0.0150053
0.0119156
0.0152322
0.106788
0.0813955
0.0336679
0.0231665
0.015586
0
0.00197689
0.00197689
0.0928816
0.20346
0.627823
0.452477
0.00140355
0.00708812
0.00598485
0.0130987
0.0827577
0.0692063
0.220627
0.217952
0.0160479
0.00813661
0.0126646
0.0906283
0.197698
0.185122
0.0977097
0.0476334
0.00701148
0.140055
0.103213
0.152539
0.234283
0.248007
0.227256
0.232318
0.15404
0.0352716
0.0938476
0.0662449
0.159007
0.141339
0.152077
0.0754644
0.00855028
0.30309
0.205834
0.0831304
0.134886
0.152125
0.323152
0.328755
0.273783
0.208387
0.0354629
0.0166367
0.0356996
0.0350563
0.0516045
0.0650177
0.277519
0.348405
0.0309337
0.00769821
0.0121944
0.0242423
0.00821431
0.0164926
0.395421
0.253334
0.0296752
0.00596054
0.0103115
0.0142721
0.0615498
0.0979965
0.393859
0.395421
0.0531995
0.00726235
0.00304861
0.00606057
0.00715623
0.005142
0.395421
0.208471
0.157576
0.0832484
0.0699081
0.081295
0.0576548
0.0757852
0.252586
0.0209867
0.172321
0.179887
0.220762
0.213804
0.154044
0.07338
0.0326676
0.407629
0.246551
0.116785
0.0215203
0.0323723
0.0179481
0.0231297
0.363454
0.095454
0.276834
0.248023
0.14091
0.172135
0.0361973
0.07434
0.180156
0.00443391
0.06171
0.119378
0.269606
0.254716
0.106857
0.0214644
0.00396811
0.00646885
0.0240639
0.0568677
0.169236
0.134511
0.00371573
0.00276901
0.00277721
0.0160368
0.132732
0.173144
0.209188
0.229116
0.0212403
0.0490699
0.0563204
0.0220199
0.460775
0.576522
0.111908
0.053964
0.00383219
0.0033719
0.00332505
0.000382942
0.00604977
0.036242
0.239301
0.194678
0.000251975
0.000251975
0.000124133
0.0080601
0.0139109
0.0438702
0.409655
0.315259
0.000946404
0.000544765
0.00739385
0.00277957
0.241173
0.393119
0.170149
0.0678405
0.000375744
0.000375744
3.10333e-005
0.00228775
0.211392
0.333463
0.409655
0.153246
0.005918
0.00103343
0
0.00269623
0.00649039
0.0350388
0.0867731
0.120866
0.145783
0.074025
0.00775997
0.00149835
0.000942848
0.00694085
0.0386799
0.126395
0.512953
0.454938
0.00420949
0.0103016
0.00248119
0.030494
0.0632562
0.0388663
0.0755611
0.0901275
0.0545786
0.010526
0.00690242
0.0121301
0.0206671
0.0165824
0.470679
0.404267
0.046695
0
0
0.000277989
0.0014805
0.0174446
0.367982
0.3079
0.00329614
0.000377425
0.000760277
0.00248308
0.0356987
0.0295483
0.235804
0.234758
0.00335299
0.00150812
0.0026319
0.00475146
0.00219456
0.00524643
0.402833
0.35761
0.0106841
0
0
0.00107135
0.0166021
0.0389784
0.402833
0.402833
0.00541881
0.0177756
0.0552555
0.05992
0.155819
0.143185
0.0974247
0.0692996
0.00136049
0.233292
0.168732
0.0968727
0.145243
0.1756
0.082709
0.0561268
0.134873
0.0010746
0.00544697
0.0146532
0.0781364
0.197986
0.415113
0.372981
0.0295436
0.17646
0.052155
0.0418186
0.100705
0.246449
0.262121
0.286102
0.324942
0.238759
0.0548328
0.0476268
0.0403158
0.0373453
0.0367994
0.0478602
0.252974
0.334213
0.0998309
0.129058
0.0461389
0.00212864
0.0236466
0.0252402
0.319966
0.335837
0.0941057
0.0868706
0.0560208
0.0532506
0.0526387
0.10366
0.287966
0.336965
0.228272
0.389445
0.103979
0.00359136
0.0226305
0.0327241
0.152097
0.38999
0.153297
0.10356
0.0161409
0.0198478
0.0296394
0.0237944
0.304063
0.2245
0.136606
0.086683
0.0765908
0.166927
0.0529371
0.058439
0.195758
0.32812
0.169836
0.244255
0.0570966
0.00613779
0.0177535
0.0076794
0.165707
0.284363
0.378346
0.230657
0.0417559
0.0357944
0.0151685
0.00386307
0.116717
0.0233885
0.104752
0.0873189
0.041818
0.06971
0.00849983
0.0114015
0.0157768
0.00487897
0.376473
0.359257
0.00586386
0.00493438
0.00043668
0.000334929
0.00054526
0.0355028
0.425697
0.339203
0.0210771
0.0151267
0.00193143
0.000298109
0.0076653
0.00233482
0.425697
0.425697
0.00768205
0.00469814
0
0
0.00153403
0.00821552
0.32617
0.369671
0.0176293
0.00189289
9.04529e-005
9.04529e-005
0.00118107
0.0539326
0.239295
0.29969
0.0917222
0.019218
0.00282206
0.000553663
0.00181536
0.0428401
0.369671
0.369671
0.00932711
0.00187949
0
0
0.00916621
0.289045
0.369671
0.254934
0.0227403
0.00533888
0
0
0.0102227
0.0196612
0.00280839
0.0321037
0.0570174
0.0464272
0.105578
0.248767
0.18731
0.0459803
0.0319554
0.0431143
0.0483871
0.044118
0.403774
0.517713
0.227326
0.0582675
0.0238083
0.0391027
0.0539534
0.0633707
0.174817
0.206852
0.107457
0.130877
0.0316051
0.0593749
0.171298
0.0882209
0.164705
0.266488
0.176985
0.00818961
0.00751536
0.0147561
0.00964649
0.0160035
0.281369
0.238462
0.027914
0.00377347
0.00137991
0.00346328
0.00359286
0.0189066
0.50029
0.50029
0.0196685
0.022786
0.00767609
0.0131375
0.0437961
0.0375477
0.0747538
0.0724332
0.0350851
0.0228205
0.00820163
0.00495802
0.0280925
0.0311017
0.325498
0.426945
0.0706023
0.00741811
0.000110505
0.000263001
0.00236147
0.0284425
0.326716
0.35033
0.0993334
0.155472
0.00195266
0.00257201
0.0060801
0.0328634
0.133782
0.232972
0.407651
0.0573612
0.00183962
0.00116942
0.00727039
0.00331272
0.15086
0.309241
0.213953
0.329728
0.000936373
0
0
0
0.0237377
0.113135
0.407651
0.296995
0.0335964
0.0171864
0.00569633
0.00583265
0.0136247
0.0435118
0.312783
0.364118
0.0786368
0.10278
0.0208002
0.000551426
0.00298239
0.00437052
0.266284
0.359982
0.00120396
0
0
0
0.000361054
0.0038961
0.375449
0.375449
0.0035746
0
0
0
0
0.000490204
0.375449
0.285206
0.0557895
0.0575015
0.0132435
0.000388811
0.00405296
0.000888026
0.187249
0.24951
0.378197
0.164252
0.000732367
8.47605e-005
0.00100502
0.000219138
0.0633724
0.378197
0.0208818
0.000644903
0
0
0
0.00115418
0.378197
0.378197
0.363188
0.076234
0
0
0
0.00270234
0.189676
0.0420224
0.372118
0.297718
0.000946954
0
0
0
0.00592535
0.00205645
0.372118
0.372118
0.0526991
0.00933034
0
0
0.00856039
0.113095
0.372118
0.153403
0.0153643
0.0080579
0.000176511
0.00331136
0.03213
0.00713585
0.173012
0.348735
0.352976
0.0409795
0.000264767
0.00205801
0.0180261
0.036002
0.284353
0.33014
0.0748244
0.00595814
0
0
0.00639992
0.173785
0.373798
0.259518
0.147062
0.00271154
0
0
0.00398358
0.0119818
0.117118
0.361962
0.373798
0.0384432
3.41355e-005
0
0.0032975
0.0354009
0.154974
0.231959
0.373798
0.0482974
0
0
0