0.0461101
0.0764499
0.0966442
0.100157
0.0502639
0.0221708
0.0139654
0.0185616
0.0771984
0.0670593
0.0369134
0.00591026
0.0330786
0.0752302
0.0419328
0.0432257
0.384745
0.0831764
0.053469
0.106185
0.0758121
0.0264603
0.0404137
0.293117
0.486713
0.434352
0.0802012
0.0147103
0.0215996
0.0544505
0.0375164
0.266447
0.011268
0.0177314
0.019836
0.00241446
0.00935012
0.0142393
0.00805597
0.00804758
0.038953
0.25669
0.121793
0.010526
0.00902922
0.0107962
0.0098446
0.00653856
0.043065
0.289947
0.158318
0.00675666
0.00584786
0.00813403
0.00333895
0.0131747
0.0236214
0.609933
0.609933
0.00785241
0.00228216
0.00260366
0.000277003
4.74105e-005
0.0682321
0.193447
0.0603364
0.0255412
0.0195
0.0103313
0.0105407
0.046335
0.192834
0.0785169
0.0169324
0.0457872
0.070159
0.0562552
0.0398878
0.30552
0.142702
0.427161
0.299155
0.00606221
0.00117478
0.00283032
0.00922119
0.0572214
0.427161
0.300425
0.085298
0.00299606
0.00443323
0.0099833
0.0393631
0.427161
0.208035
0.0116734
0.00192237
0.0125162
0.0220849
0.0221029
0.0182626
0.270142
0.29733
0.00492136
0.00356849
0.00295708
0.00186622
0.00428837
0.0110901
0.362957
0.370429
0.0335658
0.00284959
0
0.0011047
0.0133926
0.0600235
0.397885
0.397885
0.0215692
0
0.028391
0.0121386
0.0231826
0.05816
0.397885
0.266151
0.00250465
0.00272272
0.00124004
0.00111495
0.00174858
0.00604802
0.293542
0.171805
0.0181897
0.0105898
0.00265481
0.00302628
0.0261085
0.138331
0.314114
0.339891
0.0341182
0
0.0259325
0.0108114
0.0145425
0.0590912
0.391989
0.181841
0.00939472
0
0.00383441
0.00661134
0.20076
0.391989
0.391989
0.0270087
0.00883786
0.00777713
0.0259942
0.0178028
0.0583358
0.167823
0.103325
0.0098156
0.00109568
0.0108553
0.380556
0.338854
0.0359165
0.0590158
0.0121956
0.0182567
7.38537e-005
0.00657296
0.00881294
0.0101997
0.3204
0.380556
0.103802
0.00291597
0.000295415
0.0342618
0.309328
0.380556
0.20758
0.33082
0.0197024
0.00105429
0.000127409
0.00252535
0.373097
0.373097
0.00152281
0.00133769
0.000984449
0
0
0
0.330016
0.373097
0.00340737
3.29897e-005
0
0.000313204
7.06175e-005
0.0157214
0.319595
0.373097
0.0180214
0.0474274
0.00823038
0
0.0237603
0.0109938
0.215954
0.373097
0.0733616
0.0187925
0.00343217
0.221613
0.00978639
0.0134975
0.00783737
0.0128941
0.00673688
0.0109276
0.179594
0.16653
0.155303
0.15227
0.0282443
0.0292071
0.020184
0.0151483
0.123518
0.300028
0.0704076
0.287572
0.0871471
0.0135274
0.00623463
0.00619271
0.198125
0.135137
0.432509
0.556482
0.113182
0.0552958
0.019414
0.0153391
0.119368
0.0329823
0.250429
0.16649
0.00973309
0.00533417
0.00364468
0.00258142
0.011974
0.00301442
0.390246
0.380904
0.0197799
0.00380348
3.89432e-005
0
0.0003491
0.0290648
0.37687
0.389051
0.03413
0.0149237
0.00451007
0.00260279
0.0115271
0.0225914
0.390246
0.342217
0.067454
0.0377353
0.00756972
0.00416991
0.00245047
0.0545939
0.399978
0.331135
0.0720693
0.0192166
7.35777e-005
0.000989079
0.0150105
0.264086
0.356027
0.168758
0.0787883
0.029881
0.0134315
0.039748
0.194044
0.0100431
0.174688
0.217132
0.179821
0.155536
0.0841238
0.0151804
0.00174917
0.120373
0.197122
0.153418
0.246505
0.19165
0.237201
0.186403
0.0593269
0.192439
0.0921617
0.0170339
0.0157193
0.00808888
0.112345
0.158998
0.252846
0.155511
0.0407163
0.00145546
0.0848006
0.0392698
0.25459
0.193344
0.250548
0.0898808
0.0863589
0.0268231
0.0897683
0.0372927
0.388106
0.271742
0.102266
0.0804503
0.0536216
0.00794223
0.0700534
0.0419534
0.404566
0.35576
0.213286
0.12765
0.0712007
0.00238797
0.106759
0.0536765
0.155569
0.169899
0.204552
0.0681552
0.0211274
0.000596993
0.057804
0.117535
0.343347
0.406045
0.155616
0.144244
0.176714
0.0747963
0.148376
0.0814659
0.250665
0.227679
0.163549
0.0670542
0.147419
0.213671
0.287466
0.226616
0.207918
0.149662
0.0286684
0.0038352
2.26411e-005
0.00201505
0.0152338
0.049372
0.353715
0.368206
0.0211033
0.00308129
0.0045193
0.0540111
0.143813
0.146699
0.291334
0.388175
0.0382171
0.00308419
0.011315
0.0548716
0.107355
0.0913467
0.224586
0.179572
0.00310918
0.0194956
0.00664311
0.0467048
0.0563142
0.0384223
0.388175
0.388175
0.0352887
0.00495897
0.0461224
0.0775157
0.247084
0.309402
0.0541031
0.111353
0.0287562
0.0199305
0.269121
0.152945
0.143848
0.329135
0.0852362
0.0329514
0.0134695
0.0589521
0.156268
0.136265
0.112379
0.0970806
0.244836
0.285135
0.0380982
0.0823434
0.390836
0.367614
0.0689957
0.108607
0.111454
0.0990308
0.0419571
0.0558457
0.0510304
0.237934
0.16385
0.068507
0.00518152
0.00367433
0.0286731
0.0258997
0.339454
0.464105
0.146601
0.0720754
0.00871637
0.0118114
0.0215341
0.00784969
0.0122497
0.0764364
0.313061
0.254993
0.015817
0.00384722
0.00361334
0.00690104
0.10883
0.19864
0.453402
0.271525
0.0168242
0.0148468
0.0147478
0.0484033
0.524566
0.512001
0.0686682
0.0537097
0.0201355
0.0460218
0.0234736
0.0584933
0.237609
0.241162
0.121868
0.125491
0.0632377
0.0715768
0.0319112
0.0411158
0.124749
0.147282
0.238125
0.130908
0.0297809
0.113081
0.0651833
0.0830924
0.044417
0.059727
0.145517
0.179677
0.0636682
0.136854
0.104744
0.00921007
0.0270407
0.108982
0.169457
0.162679
0.13021
0.0360939
0.00882374
0.134169
0.116359
0.122853
0.200653
0.179185
0.349444
0.203778
0.0647484
0.0153181
0.0269689
0.100657
0.344028
0.264192
0.0652626
0.0389879
0.0195443
0.179984
0.169328
0.162031
0.317713
0.252754
0.222323
0.171905
0.212857
0.129346
0.0702034
0.0224493
0.0644806
0.0257074
0.213112
0.170033
0.116996
0.2196
0.032881
0.00475657
0.0158566
0.00733391
0.198221
0.239347
0.364431
0.295415
0.079209
0.0296597
0.0271036
0.0283259
0.069187
0.0929045
0.340547
0.408832
0.0106444
0.000765052
0.00285888
0
0.0102727
0.0751539
0.408832
0.308099
0.162145
0.0716296
0.033814
0.0176754
0.0585012
0.114724
0.310213
0.157795
0.193364
0.226734
0.135829
0.0605575
0.0237526
0.0344329
0.0934553
0.429254
0.061539
0.0146935
0.0302335
0.0333677
0.0101385
0.0626908
0.429254
0.233125
0.116071
0.0616826
0.160288
0.154284
0.0341128
0.0992039
0.244772
0.0280988
0.0535712
0.152846
0.150305
0.0734854
0.101216
0.0845896
0.0357536
0.0334553
0.00385983
0.012518
0.0364666
0.0634852
0.623124
0.583395
0.029221
0.0525615
0.0546666
0.0593942
0.159217
0.155129
0.0280792
0.0612181
0.0672035
0.0189333
0.0141634
0.0115281
0.0794914
0.151903
0.131575
0.104605
0.0232302
0.0413847
0.0653491
0.0526879
0.0355368
0.102308
0.317126
0.287878
0.0116442
0.0409331
0.21542
0.1584
0.112374
0.241087
0.262372
0.132299
0.0207645
0.00143797
0.0023241
0.00169343
0.192683
0.271952
0.147067
0.0717308
0.00134401
0.00434975
0.00346366
0.00584035
0.422319
0.422319
0.161633
0.0492145
0.0161539
0.0496664
0.04041
0.0496907
0.209439
0.269998
0.0183936
0.000686234
0.000175984
0.00671858
0.00703547
0.0410691
0.41153
0.36067
0.0143288
0.00459651
0.00458803
0.117325
0.101954
0.174016
0.155337
0.199954
0.0339232
0.0203629
0.0663082
0.0226829
0.0154138
0.071323
0.396131
0.487702
0.0346927
0.00348919
0.00896502
0.0260575
0.0168339
0.0416998
0.403278
0.292021
0.0305153
0.060277
0.0412864
0.0712209
0.0629788
0.0539987
0.19162
0.237569
0.0507296
0.071247
0.0748523
0.0237633
0.0215637
0.0578757
0.438394
0.460852
0.0412661
0.0164226
0.0187525
0.0417445
0.0509329
0.0905451
0.281436
0.147391
0.057877
0.0415788
0.034513
0.00647461
0.0341855
0.0514664
0.185858
0.235325
0.0545947
0.0451924
0.0143703
0.200129
0.197774
0.195615
0.166948
0.198956
0.0835033
0.0988238
0.174893
0.00377192
0.0324031
0.195522
0.238725
0.127862
0.061327
0.0440528
0.0141815
0.37486
0.20553
0.438681
0.249034
0.0945964
0.0688468
0.0885714
0.218243
0.256859
0.0601829
0.0489175
0.0104398
0.0106498
0.0110902
0.0210158
0.236485
0.374006
0.00257977
0
0
0
0
0.0109782
0.379284
0.379284
0.0634211
0.0765527
0.0261547
0.00369157
0.00477091
0.0168952
0.32645
0.379284
0.00678999
0.00232583
0
0.00719388
0.00834583
0.0257615
0.379284
0.36195
0.0326238
0.00626219
0.0196433
0.0216796
0.0127376
0.0541895
0.427334
0.18938
0.0801487
0.0319736
0.111914
0.0916468
0.0401937
0.0837955
0.186576
0.294908
0.0231821
0.0181574
0.00748996
0.0631007
0.115654
0.186664
0.427334
0.0829543
0.0297286
0.0312421
0.0793216
0.222371
0.25564
0.209789
0.186561
0.109002
0.0985278
0.0676879
0.248149
0.195825
0.0682802
0.0840995
0.060532
0.0234958
0.0171901
0.0183132
0.249148
0.253857
0.0319935
0.0123851
0.0210133
0.0528179
0.0423887
0.0392711
0.220391
0.464071
0.309188
0.126435
0.0370982
0.0209043
0.0226737
0.0118589
0.345776
0.335462
0.0326756
0.00520868
0.0186109
0.00147019
0.00117231
0.00197397
0.242809
0.209466
0.00865842
0.000440444
0.001299
0.00596322
0.00599122
0.00292702
0.418159
0.393386
0.0109094
0.00658994
0.0101932
0.00182693
0.000700817
0.00105488
0.326774
0.261417
0.00203155
7.39389e-005
0.00176006
0.01862
0.00727527
0.0134974
0.418159
0.418159
0
0.000912308
0.0178756
0.0322872
0.0228011
0.0628059
0.146702
0.187211
0.0407483
0.0490884
0.108599
0.00668287
0.00448097
0.0194464
0.308604
0.377706
0.057035
0.00884932
0.0114105
0.00706797
0.00494932
0.00179669
0.171765
0.309952
0.211032
0.0697038
0.04668
3.12253e-005
0.00072207
0.00230117
0.233621
0.342039
0.459566
0.273535
0.00285262
0.00765764
0.0119779
0.0241545
0.240337
0.265519
0.0617407
0.011041
0.0103311
0.0143181
0.0286779
0.0424577
0.152633
0.0899361
0.0449286
0.0294431
0.0241404
0.000165762
0.0101544
0.015412
0.13961
0.174391
0.653026
0.462529
0.00492513
0.00412729
0.0316005
0.0624571
0.0978443
0.0888202
0.156987
0.137859
0.0312926
0.00187863
0.0103466
0.098223
0.237209
0.125445
0.119025
0.042388
0.00612832
0.198287
0.0620387
0.207248
0.274937
0.109622
0.197842
0.215003
0.169762
0.0593251
0.0521391
0.0832687
0.1317
0.107353
0.162166
0.0979683
0.0190504
0.342017
0.090223
0.0926777
0.116991
0.0819019
0.257528
0.357981
0.378192
0.258292
0.0251326
0.0398193
0.0340847
0.00699022
0.0246876
0.0647004
0.275548
0.378117
0.0252501
0.00930762
0
0.0114329
0.0132636
0.0201996
0.378117
0.29005
0.0130828
0.0108091
0.00982091
0.0038655
0.0351874
0.0896308
0.378117
0.378117
0.0372131
0.00972443
0
0.00285822
0.00833634
0.00487284
0.378117
0.233134
0.120756
0.103553
0.020452
0.0869877
0.0830071
0.0886435
0.293713
0.0271259
0.108472
0.20244
0.181337
0.242515
0.139528
0.0771571
0.0495235
0.414196
0.229609
0.122548
0.0139668
0.0353643
0.0207911
0.034429
0.36457
0.0974938
0.242395
0.280972
0.139777
0.148594
0.0304718
0.0617658
0.168699
0.0071977
0.0382923
0.145397
0.29049
0.289058
0.0972325
0.0281023
0.00890447
0.0148049
0.0174812
0.0285146
0.187504
0.170945
0.0137711
0.00745511
0.0136474
0.00889408
0.108125
0.231542
0.228434
0.198869
0.0290366
0.0459031
0.0672813
0.00917545
0.411167
0.538837
0.134322
0.0952464
0.015412
0.0119719
0.0105221
0.00143062
0.000992018
0.0182219
0.262505
0.193265
0.00176485
0.00039542
0.00132812
0.0241808
0.00523705
0.037998
0.407254
0.340674
0.00380107
0.000592157
0.0121497
0.000448547
0.1863
0.337939
0.207984
0.0974921
0.00216626
0.00059313
0.00045131
0.00593034
0.141746
0.365916
0.407254
0.217025
0.0173262
0
0.000248386
0.0054942
0.00978507
0.0115447
0.0428858
0.130588
0.254818
0.0631264
0.000864525
0.00167373
0.00512729
0.00608862
0.0322019
0.0983108
0.469306
0.432323
0.000276734
0.00796282
0.0129608
0.030204
0.0321752
0.0648684
0.156553
0.064616
0.00802686
0.0135314
0.010292
0.0206403
0.0178252
0.0400972
0.469306
0.434898
0.0217056
0.000164457
0.000718324
0.00121629
0.00551651
0.0107288
0.354004
0.32102
0.000496002
0.00116312
0.00398743
0.0166908
0.0441636
0.0336939
0.164042
0.159839
0.00289719
0.00214229
0.000418618
0.002141
0.00445827
0.00482196
0.409628
0.409628
0.00698877
0.000257057
0.000661829
0.00455084
0.0264049
0.0555735
0.409628
0.409628
0
0.0404707
0.0462646
0.0799602
0.164974
0.121107
0.0598711
0.044488
0.00739523
0.306322
0.106069
0.103008
0.18035
0.11003
0.0580476
0.0871701
0.209336
0.00475176
0.010685
0.0172964
0.109459
0.241337
0.392805
0.308556
0.0165835
0.185604
0.0609118
0.0478263
0.165368
0.219963
0.28962
0.324871
0.247079
0.273637
0.0412286
0.0363036
0.0430768
0.0395995
0.0347129
0.0391579
0.302539
0.366334
0.0712422
0.118037
0.0366743
0.0329407
0.0282758
0.007172
0.332901
0.265782
0.167362
0.112848
0.0593386
0.061646
0.073019
0.119557
0.240245
0.265211
0.25578
0.387636
0.119846
0.0542624
0.0261274
0.00654397
0.136407
0.442923
0.150894
0.112572
0.0242945
0.0305988
0.0228971
0.0423009
0.332096
0.200277
0.153198
0.124563
0.0741985
0.166312
0.0425435
0.0767582
0.189033
0.331916
0.142865
0.267736
0.0953858
0.0169081
0.00878672
0.0141912
0.160762
0.221825
0.326024
0.217416
0.0422446
0.0439341
0.0174273
0.0181935
0.0977015
0.0116133
0.0792597
0.0791414
0.0321509
0.0577117
0.00970215
0.0112983
0.0131568
0.000567058
0.37945
0.339401
0.00708802
0.00473247
0.00118891
0.000675867
0.000677602
0.0197926
0.397297
0.35977
0.0159815
0.0165995
0.00503581
0.00269666
0.00345
0.000531452
0.442316
0.442316
0.00371757
0.00123862
0.000352551
0.000850828
0.00410911
0.00342985
0.397613
0.398793
0.0379137
0.00702246
0.000276339
7.56628e-005
0.00262343
0.0112499
0.246806
0.387883
0.1347
0.0335043
0.00714532
0
0.00471107
0.0225192
0.398793
0.398793
0.0109858
0
2.40967e-005
0.00384859
0.0157565
0.103038
0.197063
0.201462
0.0246935
0.0103931
0.000436016
0.0095986
0.0351829
0.0602077
0.0194782
0.0251627
0.0281044
0.108971
0.244029
0.150043
0.0388316
0.109457
0.0389044
0.0380168
0.0582916
0.0595843
0.540875
0.453477
0.0615039
0.223618
0.120201
0.0454717
0.00327529
0.0433227
0.159392
0.144576
0.113159
0.21303
0.14141
0.0536814
0.0496885
0.0354513
0.202982
0.179916
0.125434
0.0079589
0.00418299
0.00545344
0.0118933
0.0110317
0.334976
0.25978
0.0108046
0.000163939
0
0
0.00310634
0.0227321
0.449972
0.449972
0.0124767
0.0134306
0.0180079
0.0071169
0.0151799
0.0186956
0.121849
0.106252
0.0304286
0.0108485
0.00958478
0.0059322
0.00800449
0.0173561
0.359618
0.449972
0.0953169
0.0165446
0
0
0.00381445
0.051229
0.292179
0.358887
0.0920749
0.165772
0.00894919
0.00308105
0.0105592
0.0421731
0.138922
0.250644
0.373405
0.0931989
0.012092
0.0021071
0.00117784
0.0024953
0.154388
0.298083
0.265617
0.357889
0.0111493
0
0
0
0.02
0.102678
0.391672
0.27007
0.077707
0.0376713
0.00614596
0.00740541
0.0222443
0.0581576
0.274112
0.321022
0.124503
0.141341
0.0344126
0.0114728
0.00151806
0.00207394
0.234811
0.377163
0.00678136
0
0
0
1.15725e-005
0.00905873
0.393243
0.393243
0.0156358
0
0.000165643
0.00149078
0
0.00447341
0.393243
0.232159
0.0540688
0.0619794
0.0253428
0.00485242
0.00050666
0.00364564
0.195579
0.167314
0.361882
0.170444
0.00148384
0.000364392
0.00170924
0.00165531
0.0917492
0.384342
0.0274611
0.000361146
0.000119991
0.00107992
0
0.00138661
0.384342
0.384342
0.384342
0.124919
0.000118265
0.000370801
0.00320128
0.00239122
0.242195
0.0281847
0.404053
0.376078
0.000743889
0.000265034
0.000855443
0.000293713
0.00632031
0.00320639
0.404053
0.404053
0.010855
0.000879506
0.00204032
0.00186892
0.0121579
0.103736
0.404053
0.245355
0.00876039
0.0032004
0.0141571
0.00436499
0.0289077
0.0172316
0.224764
0.199966
0.0281024
0.00809215
0.0240247
0.00353712
0.00793271
0.0516357
0.590768
0.478116
0.045321
0.00391203
0.0234205
0.0285114
0.0578502
0.301758
0.226615
0.113848
0.0260517
0.00510276
0.0218775
0.0556258
0.129484
0.0628229
0.139749
0.138262
0.0625876
0.0275339
0.0660306
0.042313
0.0411994
0.191792
0.193984
0.0733318
0.0466067
0.0471984
0.0835079
0.0747241
0.112512