0.150468
0.0188648
0.00112124
0.00653943
0.0227356
0.040664
0.0589882
0.182356
0.202859
0.076323
0.00329996
0.0123395
0.0150364
0.0136276
0.031936
0.234634
0.279749
0.130753
0.0252163
0.00995626
0.0713524
0.121326
0.204993
0.380815
0.307079
0.227691
0.0138476
0.0947746
0.0241056
0.100169
0.242922
0.494107
0.166539
0.0554601
0.00446502
0.0124034
0.0179535
0.00415319
0.0161971
0.16117
0.282684
0.0539194
0.0100809
0.0247271
0.0940105
0.0396145
0.0672254
0.275218
0.300933
0.195736
0.033287
0.0651618
0.00914715
0.0479885
0.11084
0.293543
0.416949
0.144443
0.0546827
0.00990244
0.00161444
0.0549721
0.140772
0.510379
0.236294
0.101349
0.0373504
0.00898853
0.0666946
0.0477034
0.103013
0.23498
0.123629
0.104846
0.133136
0.0989352
0.063153
0.0980047
0.132001
0.180056
0.282506
0.166013
0.0571427
0.00118414
0.00570556
0.0383753
0.207355
0.391757
0.356651
0.180255
0.20715
0.086642
0.0681202
0.0665562
0.210587
0.341164
0.114739
0.0681113
0.112346
0.118306
0.0664832
0.052193
0.115532
0.162725
0.288313
0.0898476
0.102675
0.0804462
0.0988591
0.0478934
0.135999
0.223313
0.257468
0.106473
0.213964
0.107818
0.11651
0.0306429
0.0966804
0.296833
0.38527
0.097031
0.162726
0.0632487
0.0911064
0.0300636
0.122847
0.449801
0.170697
0.092753
0.0991975
0.0922008
0.081556
0.0733946
0.048428
0.1146
0.129249
0.394016
0.389744
0.14921
0.0677804
0.0771424
0.03082
0.0613412
0.242262
0.0969207
0.0798168
0.0587662
0.0226875
0.0210233
0.0631492
0.332717
0.149458
0.342199
0.196953
0.111463
0.0337249
0.105534
0.192507
0.265221
0.107397
0.398143
0.419076
0.150233
0.0758049
0.0876205
0.0468385
0.0201248
0.0706103
0.163102
0.176124
0.189427
0.179709
0.132033
0.0733511
0.0501508
0.143646
0.340005
0.194049
0.0513237
0.0690409
0.160186
0.239059
0.136111
0.120378
0.183117
0.117314
0.0577876
0.0772367
0.125445
0.144574
0.106944
0.0602474
0.0540012
0.146704
0.171837
0.366673
0.116327
0.0967137
0.0665683
0.189125
0.131661
0.305757
0.203711
0.315191
0.0803066
0.103336
0.0705722
0.135601
0.119837
0.0954787
0.1171
0.19273
0.0544421
0.140589
0.115862
0.316889
0.219417
0.214902
0.118475
0.131944
0.00578864
0.146621
0.135983
0.179467
0.18801
0.0701829
0.0842884
0.0528363
0.135749
0.162797
0.188125
0.108516
0.0966256
0.0594366
0.137179
0.0427326
0.312975
0.404391
0.278006
0.107841
0.0774538
0.0453422
0.0980511
0.0454427
0.108161
0.0405621
0.0821439
0.075788
0.186561
0.170338
0.108269
0.0665278
0.435851
0.201127
0.105505
0.087065
0.068852
0.0490523
0.0579341
0.0242127
0.123763
0.184955
0.122625
0.119371
0.230763
0.115111
0.0316116
0.0344895
0.0791444
0.141075
0.168755
0.0183164
0.247256
0.25952
0.0539964
0.0420387
0.21814
0.134234
0.0491596
0.0309423
0.532189
0.471704
0.0631673
0.0553264
0.072589
0.0672956
0.0401336
0.0747775
0.32056
0.0864323
0.00992765
0.00695276
0.0198895
0.0806832
0.0803223
0.20258
0.326488
0.14287
0.039382
0.012765
0.00886471
0.0602964
0.151135
0.0217112
0.439167
0.175448
0.0762666
0.0802061
0.00517433
0.0213814
0.0236567
0.0538004
0.407741
0.213824
0.349622
0.224753
0.0321958
0.025032
0.0650525
0.171013
0.131891
0.107112
0.0491142
0.0345731
0.0230881
0.0523294
0.207109
0.200182
0.0408514
0.0394927
0.04538
0.0406001
0.124039
0.119332
0.31758
0.0528724
0.165297
0.166131
0.306003
0.134122
0.093916
0.109916
0.139426
0.110158
0.0321369
0.0354043
0.148489
0.11935
0.355949
0.479356
0.224452
0.136246
0.0291099
0.0147552
0.0545585
0.0202599
0.0690467
0.0755301
0.296797
0.0767815
0.0492983
0.0310786
0.0592854
0.0382876
0.104175
0.295858
0.285168
0.13051
0.0404503
0.0676232
0.170541
0.10085
0.196995
0.333951
0.146831
0.107459
0.0720496
0.130544
0.324769
0.342067
0.15889
0.329151
0.12134
0.0405212
0.0268541
0.0207409
0.0118587
0.0285898
0.160757
0.301299
0.1188
0.035829
0.0370169
0.0215789
0.0290118
0.0350732
0.236987
0.170568
0.0674256
0.0427681
0.0169854
0.0341599
0.163
0.171673
0.271389
0.431949
0.0485725
0.0497797
0.0347267
0.0220654
0.0408324
0.032611
0.443604
0.443604
0.0652836
0.0856747
0.129925
0.0447697
0.0842647
0.0588041
0.132936
0.0549785
0.0591253
0.201829
0.145244
0.0345649
0.0377182
0.0245387
0.0217804
0.0539356
0.200462
0.215117
0.268361
0.116355
0.0671984
0.0752562
0.331496
0.175016
0.136012
0.346594
0.400297
0.171239
0.218715
0.0734784
0.074025
0.100915
0.311155
0.0260901
0.00620726
0.00616338
0.0268502
0.0225666
0.0135166
0.00474782
0.0252764
0.026349
0.219249
0.227028
0.284608
0.138208
0.0871679
0.0126048
0.0163484
0.037155
0.00521989
0.0130449
0.0571246
0.0248193
0
0
0.0198736
0.0354629
0.0899641
0.208501
0.710564
0.393801
0
0
0.0168701
0.00167808
0.321576
0.315747
0.136087
0.0446046
0.050223
0.009872
0.00154186
0.00234616
0.453847
0.348205
0.0392043
0.011263
0.0155767
0.00522538
0.00124053
0.00238
0.147959
0.218199
0.453847
0.181191
6.72002e-005
6.72002e-005
0.000617814
0.00700534
0.183473
0.165576
0.166867
0.0488647
0.00282562
0.00354736
0.0053944
0.00284609
0.312251
0.132897
0.132897
0.0853819
0.00406695
0.00479404
0.00824468
0.0432226
0.11347
0.19704
0.429339
0.291462
0.0817424
0.0179171
0.0153664
0.0049933
0.0512653
0.0679024
0.270209
0.129599
0.0105039
0.00442586
0.00648325
0.0531436
0.0600234
0.233079
0.45648
0.320045
0.115216
0.0459243
0.0192586
0.090133
0.0575811
0.172371
0.290209
0.188537
0.125814
0.0505812
0.083961
0.124712
0.0245402
0.0675427
0.113669
0.153652
0.273217
0.319752
0.201936
0.185509
0.0653416
0.169296
0.180355
0.185876
0.138171
0.0430782
0.145051
0.310952
0.0296075
0.0475864
0.050456
0.104177
0.138215
0.132251
0.406335
0.162811
0.0683567
0.0541714
0.0814317
0.0854837
0.140769
0.259798
0.121607
0.116756
0.180611
0.247615
0.339837
0.252328
0.0958812
0.10086
0.0435318
0.203383
0.0660211
0.0385212
0.036958
0.0718178
0.0910157
0.149762
0.327495
0.0920254
0.180826
0.297188
0.176486
0.30918
0.149734
0.0836955
0.127098
0.0191547
0.0495586
0.113674
0.252535
0.144789
0.169883
0.205579
0.00573867
0.0321424
0.0131902
0.0132197
0.047692
0.0279931
0.484751
0.484751
0.0299827
0.00637516
0.0505613
0.14616
0.150903
0.185813
0.0766208
0.0430385
0.00742324
0.00377119
0.00121632
0.00258277
0.0509365
0.120305
0.368547
0.251142
0.0119273
0.0757666
0.0757445
0.0496517
0.0460159
0.0692588
0.315198
0.212527
0.049234
0.104988
0.226728
0.131258
0.166096
0.118626
0.084245
0.0470178
0.0556686
0.00775822
0.00729894
0.00986318
0.129542
0.337919
0.385253
0.177152
0.0160973
0.027413
0.0614587
0.0626825
0.35666
0.423882
0.164652
0.0285774
0.00980287
0.0576263
0.0414962
0.0255915
0.0565852
0.0208512
0.00865229
0.0153249
0.0316166
0.0520596
0.0308817
0.0672692
0.533522
0.194553
0.0132509
0.0209337
0.0314045
0.119318
0.101766
0.0252785
0.0740951
0.0905864
0.0437804
0.0503363
0.0470566
0.115933
0.110279
0.0354634
0.533522
0.488275
0.0775469
0.0413801
0.0345377
0.00474398
0.00832106
0.0471785
0.539962
0.220838
0.00340513
0.00292393
0.00282012
0.00781848
0.0133395
0.0323405
0.213456
0.0802641
0.00217926
0.00446436
0.00627164
0.0106397
0.012857
0.0101253
0.539962
0.43509
0.0584517
0.00924236
0.00313911
0.00302441
0.0027783
0.00868915
0.22278
0.124203
0.0268219
0.00842484
0.00277695
0.00469158
0.00524219
0.0402126
0.229205
0.148069
0.0153898
0.00317008
0.00533695
0.0217729
0.0563852
0.176142
0.388575
0.324826
0.0898579
0.0274143
0.0267398
0.00188228
0.0052214
0.0790861
0.324214
0.187148
0.0453769
0.00532274
0.00190231
0.0136172
0.04115
0.27226
0.463743
0.327786
0.154801
0.0673347
0.0389936
0.15012
0.0883356
0.15228
0.13335
0.183404
0.0867416
0.0446085
0.217146
0.23637
0.063969
0.0554296
0.134964
0.0588948
0.0442809
0.119538
0.426224
0.0912257
0.0494279
0.197326
0.190326
0.179252
0.102151
0.087497
0.280938
0.132407
0.0694004
0.0830856
0.128304
0.0474621
0.100141
0.188586
0.432228
0.0559363
0.0460257
0.0836794
0.123724
0.111699
0.0732417
0.0928861
0.156242
0.0109872
0.054733
0.270279
0.201894
0.314404
0.132442
0.0637851
0.0522065
0.0408632
0.0785924
0.112235
0.143655
0.184383
0.178692
0.108163
0.0733644
0.0157185
0.081637
0.209933
0.369129
0.482283
0.292271
0.06665
0.00342346
0.00409932
0.0308319
0.205623
0.2095
0.286733
0.0778064
0.0232954
0.00565922
0.00902885
0.00735801
0.00502102
0.180727
0.233085
0.124933
0.0505641
0.0107034
0.00513126
0.0321852
0.12259
0.381058
0.448806
0.162047
0.0389858
0.00362414
0.00850065
0.0117323
0.00783558
0.453106
0.223201
0.0331768
0.0099385
0.0079112
0.000920623
0.000406127
0.000790717
0.261266
0.270471
0.082852
0.016172
0.00106199
0.0160252
0.0047942
0.0170006
0.429728
0.308471
0.0685337
0.00767515
0.0277901
0.000936287
0.000886108
0.00271475
0.429728
0.219783
0.0105387
0.000538408
0.000709748
0.108682
0.00664942
0.00805065
0.429728
0.287459
0.050068
0.026624
0.0866028
0.18348
0.113664
0.00262249
0.0214542
0.033705
0.0181679
0.0432862
0.154123
0.156167
0.108272
0.0017654
0.30183
0.345181
0.141398
0.0864259
0.0751524
0.344995
0.152015
0.0307735
0.0205775
0.00543984
0.0298448
0.0792741
0.397446
0.239407
0.136522
0.00691999
0.0660606
0.166227
0.294217
0.206459
0.239541
0.0156868
0.0115099
0.000859851
0.230045
0.270675
0.216572
0.108845
0.0106185
0.000236212
0.000868913
0.0044385
0.0707122
0.066916
0.127465
0.0942065
0.000236212
0.0243803
0.0178649
0.0140802
0.0416366
0.144696
0.42799
0.395811
0.0343376
0.00204929
0.00187172
0.0134183
0.0458259
0.0399204
0.429391
0.429391
0.00592711
0.000201049
0.00981478
0.0737248
0.198797
0.179569
0.0845384
0.0239808
0.000201049
0.00857727
0.0417637
0.198942
0.271294
0.271076
0.250314
0.0721961
0.0317433
0.00481929
0.034252
0.127249
0.30148
0.16777
0.235146
0.189505
0.0112274
0.0188698
0.1422
0.33475
0.39363
0.246773
0.153965
0.0783188
0.0704431
0.0696089
0.0278089
0.118312
0.121395
0.118281
0.168855
0.0852368
0.207169
0.139745
0.0187759
0.0427152
0.0296454
0.0226938
0.0639345
0.114177
0.406058
0.0836814
0.143775
0.212024
0.193448
0.127269
0.104022
0.142758
0.244724
0.232847
0.262886
0.171952
0.0729134
0.0533191
0.0311945
0.0976862
0.465182
0.0675055
0.0862881
0.152102
0.0628319
0.0891867
0.084878
0.0590953
0.103765
0.0282005
0.125032
0.304885
0.379509
0.337413
0.118728
0.0225329
0.00755854
0.184858
0.170291
0.186062
0.069918
0.081624
0.0532626
0.0186854
0.184957
0.109288
0.136725
0.334293
0.341902
0.297394
0.0586088
0.00205065
0.0547786
0.00344628
0.0283285
0.0979706
0.280329
0.206118
0.0422122
0.0125835
0.000853035
0.00562606
0.0782909
0.0710077
0.256319
0.126949
0.0226657
0.00742137
0.000994546
0.0513791
0.255661
0.156352
0.21913
0.161526
0.0136205
0.00321321
0.0020976
0.078974
0.601249
0.395902
0.141445
0.0488226
0.0115287
0.0033337
0.000228385
0.00190453
0.0393351
0.0643317
0.424148
0.144351
0.00930891
0.000554706
7.69589e-005
0.0878622
0.0220338
0.056159
0.424148
0.132851
0.0128294
0.0279942
0.0571754
0.0419179
0.420711
0.261889
0.274446
0.0561635
0.00434963
0.00020891
0
0.0448865
0.230568
0.196082
0.333956
0.0736515
0.0142791
0.017739
0.0382547
0.210331
0.0973422
0.0559573
0.0500633
0.0107195
0.049832
0.1504
0.362712
0.181031
0.102515
0.0364379
0.0172663
0.114491
0.17302
0.147219
0.280699
0.15349
0.0867588
0.0346528
0.030514
0.0134888
0.0516562
0.280704
0.410135
0.176468
0.0805865
0.0417872
0.010933
0.0735235
0.152017
0.307149
0.325716
0.0342699
0.0253859
0.0404925
0.026035
0.135852
0.240174
0.245233
0.065282
0.0209139
0.00458232
0.0296391
0.0476957
0.0458499
0.456782
0.456782
0.0464321
0.0812197
0.0249715
0.0385293
0.0273999
0.100606
0.175153
0.204754
0.12641
0.13966
0.0234103
0.0532286
0.050351
0.0840666
0.362562
0.281337
0.183702
0.0136584
0.0208454
0.0354374
0.156563
0.117378
0.371997
0.261404
0.0310862
0.023714
0.0622205
0.116643
0.228844
0.210158
0.166704
0.175435
0.0548343
0.0769018
0.0277018
0.0274873
0.0447518
0.061312
0.313902
0.308789
0.202414
0.133769
0.0225447
0.0222578
0.0497697
0.0683353
0.170388
0.272121
0.395698
0.0636627
0.123531
0.113143
0.14324
0.110972
0.0513255
0.124394
0.0902149
0.169183
0.272758
0.275419
0.145149
0.0918211
0.0164501
0.054091
0.185347
0.174868
0.0915716
0.055316
0.0577404
0.0421887
0.0546016
0.113348
0.395374
0.166261
0.140936
0.203731
0.134927
0.0995874
0.0459865
0.126692
0.508067
0.215079
0.140255
0.127816
0.0715381
0.0559857
0.0161875
0.0166537
0.182777
0.170206
0.254996
0.141537
0.117896
0.117452
0.0147241
0.00528429
0.0977291
0.247304
0.0924394
0.0824411
0.05409
0.0477034
0.01189
0.0795746
0.460204
0.289708
0.460204
0.203338
0.0128675
0.0085043
5.57056e-005
0.0140866
0.20264
0.0491757
0.380078
0.115436
0.041462
0.0442516
0.00226283
0.000643434
0.00344807
0.0740015
0.429309
0.278874
0.0176141
0.00343526
0.00209492
0.000327291
0
0.073614
0.429309
0.247824
0.0193194
0.004563
0.00433184
0.000886978
0.00856203
0.129823
0.416269
0.284676
0.0457256
0.00869405
0.0198662
0.019691
0.00058385
0.0835459
0.571298
0.429096
0.0817897
0.0180666
0.0145926
0.00437274
0.0176388
0.102758
0.358304
0.222639
0.0996418
0.0387076
0.0408746
0.0199889
0.0643175
0.122641
0.230917
0.271566
0.0569558
0.041842
0.0490669
0.0423427
0.0349982
0.119448
0.0993369
0.0944014
0.0585869
0.0419674
0.0440118
0.0488409
0.131926
0.0813471
0.0547381
0.0381807
0.0461809
0.0808159
0.09973
0.275864
0.279331
0.0886183
0.0271997
0.0136587
0.0120816
0.141071
0.287506
0.490749
0.284175
0.0344385
0.044812
0.120252
0.0917197
0.143123
0.0859126
0.141048
0.0830226
0.030467
0.0401785
0.0381217
0.0201585
0.188244
0.258515
0.332072
0.114389
0.110194
0.00879267
0.0241348
0.0231184
0.101079
0.210584
0.264749
0.151851
0.398624
0.102106
0.149315
0.0646811
0.102945
0.110213
0.187279
0.280215
0.100993
0.018509
0.029217
0.0165762
0.066407
0.180969
0.237455
0.12278
0.448347
0.0827047
0.133739
0.042847
0.0325104
0.0735673
0.172056
0.257549
0.206821
0.0859542
0.129164
0.0473932
0.0371592
0.0531662
0.179882
0.334888
0.26917
0.0147892
0.0480782
0.0267333
0.000636137
0.040356
0.148098
0.554688
0.212467
0.0768543
0.178618
0.0808611
0.0185959
0.0103893
0.0875652
0.192655
0.200272
0.0285847
0.187649
0.204011
0.0549848
0.0693232
0.0726765
0.234427
0.243154
0.0114767
0.0199284
0.0233354
0.005559
0.0410732
0.0757629
0.426417
0.204615
0.018755
0.0164541
0.0259888
0.0218604
0.0430426
0.171199
0.538081
0.180825
0.0106921
0.100471
0.204914
0.0735715
0.105367
0.0824006
0.144036
0.179842
0.0211879
0.0547732
0.104185
0.0638884
0.14106
0.184223
0.315566
0.312577
0.0489667
0.00915016
0.0096799
0.0110743
0.00893689
0.106271
0.539023
0.340364
0.368126
0.136428
0.010175
0.00758187
0.00264992
0.0235695
0.259207
0.193939
0.0234076
0.0215774
0.01303
0.0456085
0.124693
0.112074
0.253794
0.15445
0.0945466
0.0593111
0.0284531
0.0386035
0.060305
0.0474803
0.167131
0.146133
0.495494
0.320846
0.0863035
0.0316678
0.0538338
0.007356
0.0534503
0.13381
0.316656
0.350172
0.22003
0.0502205
0.0966315
0.0471675
0.00477035
0.0833115
0.143905
0.101383
0.107842
0.0536643
0.0650634
0.0210208
0.0580351
0.0472918
0.0759056
0.183595
0.306017
0.181594
0.107556
0.0536515
0.00392721
0.0934709
0.158923
0.187846
0.222897
0.0963484
0.0820536
0.0774253
0.0317433
0.0750312
0.0763318
0.0643611
0.253953
0.129861
0.0706994
0.0856542
0.101621
0.0182094
0.0462591
0.154396
0.418049
0.318332
0.0963167
0.0720393
0.0176101
0.0213301
0.0238151
0.0541237
0.424961
0.370841
0.0908834
0.0645981
0.0167781