0
0
0
0
0
0
0
0
0
0
0
0
0
0
0
0
0
0
0
0
0
0
0
0
0.163338
0.467625
0.11948
0
0
0
0
0.020259
0.000230347
3.62906e-005
0.00322986
0.000230347
0.000230347
0
0
0.000230347
0.0434958
0.0767375
0.0623062
0.00140537
0.000921387
0
0
0.00219951
0.0182437
0.151549
0.089716
0.00034552
0.00034552
0
0
0.00386022
0.0823502
0.682414
0.645959
0.00836318
0.0076078
0.00128015
0
0.0038048
0.103185
0.0663447
0.0378245
0.000457458
0.000127012
0
0
0.0446566
0.187593
0.0344715
0.0149152
8.26115e-005
0
0
0.000419062
0.269564
0.18975
0.441118
0.319464
0.00970734
0.00965067
0.00194523
0
0.0729539
0.441118
0.263731
0.17683
0.00597357
0.00630677
0.0125684
0.0157347
0.441118
0.130963
0.000960581
0
0
0
0
0.000586941
0.243033
0.166328
0
0
0.000243568
0.000657573
0.000217528
0.00885514
0.269209
0.436839
0.0329994
0.0214915
0.00190777
0.0040129
0.0691027
0.071388
0.436839
0.410356
0.0132372
0.00273599
0.0425254
0.0535457
0.0883304
0.124011
0.436839
0.117293
0
0
0.000426063
0.0020378
0.00404747
0.0377955
0.216988
0.0843667
0
0
0.00753397
0.0142071
0.0183889
0.0760005
0.160584
0.282509
0.0194028
0.000970527
0.0310425
0.0441902
0.049284
0.292508
0.445525
0.133869
0.00557112
0.000816057
0.00793665
0.0314903
0.30372
0.445525
0.41838
0.0314735
0
0
0.0617822
0.168018
0.202281
0.0581512
0.0443288
0.047475
0
0
0.119163
0.404614
0.404614
0.256803
0.147634
0.0379365
0.000207248
0.000207248
0.0457775
0.0851626
0.26927
0.274878
0.0867546
0.169808
0
0
0.0761946
0.141181
0.253031
0.245284
0.322311
0.119259
0.0128615
0.000833875
0.0383382
0.147725
0.261812
0.216289
0.246198
0.303744
0.300795
0.11774
0.0541076
0.0210701
0.0815208
0.124413
0.251106
0.242484
0.00273947
0
0.0220299
0.0200917
0.0697511
0.124263
0.336479
0.336479
0.107052
0.019732
0.00842794
0.00464578
0.104438
0.159242
0.336479
0
0.00967269
0.00562268
0
0
0
0
0
0.0101904
0.235848
0.0930675
0
0
0
0
0.000536914
0
0.049481
0.0568418
0.101823
0.0340121
0
0
0
0.00415553
0.618409
0.618409
0.300471
0.0472853
0.000286988
4.84525e-005
0
0.0115336
0.316623
0.159643
2.14797e-005
7.35045e-005
9.9015e-005
0
0.00103238
0.0215174
0.429707
0.361552
0.0207699
0.0210146
0.00127331
0.000624344
0.00205485
0.00554119
0.429707
0.358261
0.0466701
0.00681965
0.000879743
8.16607e-005
0.000144823
0.010609
0.394542
0.201383
0.0414299
0.0396478
0.00421951
0.00346066
0.00265007
0.0410785
0.342388
0.22992
0.0891929
0.0690661
0.0184046
0.00303142
0.0149776
0.284352
0.211749
0.244698
0.109998
0.0824951
0.0826468
0.0779818
0.269017
0.026254
0.095832
0.0666423
0.161588
0.135441
0.15828
0.0379852
0.00529863
0.122548
0.0871457
0.192586
0.206597
0.311868
0.359665
0.254434
0.102408
0.187054
0.0433464
0.0638064
0.0182618
0.0416846
0.196111
0.157159
0.270182
0.111045
0.0250516
0.00535129
0.0825985
0.150786
0.2742
0.207704
0.177211
0.0632772
0.0259497
0.0928043
0.0520485
0.194342
0.348259
0.255923
0.0950562
0.110971
0.0639735
0.0132087
0.0701872
0.168304
0.348259
0.348259
0.228135
0.105738
0.0350011
0.00706497
0.0793845
0.132174
0.193641
0.276941
0.158805
0.0455447
0.00954101
0.00533125
0.052744
0.158833
0.357218
0.357218
0.121578
0.186642
0.149754
0.111411
0.153919
0.124454
0.240122
0.251021
0.207074
0.0696797
0.100843
0.160834
0.270494
0.220771
0.194947
0.120461
0.0323371
0.0124894
0.000322039
0.000745889
0.0270831
0.0871613
0.419534
0.325657
0.0325086
0.0543484
0
8.2835e-005
0.0138357
0.0502428
0.232756
0.190568
0.0807291
0.00335745
0.0103393
0.0303141
0.0880626
0.104436
0.373325
0.227621
0.00303402
0.00251894
0.00112141
0.0006726
0.0040733
0.0344924
0.419534
0.419534
0.00893315
0.202327
0
0
0.0069329
0.0232295
0.0658133
0.0862538
0.250615
0.310658
0
0
0.00213998
0.00213998
0.10394
0.13615
0.290494
0.00305638
0
0
0.00870505
0.0385943
0.650008
0.420213
0.0258289
0.000546303
0
0
0.00610933
0.0215546
0.0769015
0.0401786
0.0185911
0.0108783
0.0121198
0.0268221
0.152675
0.0513673
0
0
0.0091823
0.00367674
0.20049
0.296631
0.479851
0.124664
0.00054899
9.26867e-005
0.00217294
0.107941
0.00301832
0.012493
0.383767
0.165596
0
0.000596901
0.0628863
0.0277278
0.00367225
0.0419274
0.479851
0.357868
0.000768138
0.00161935
0.0151524
0.00527676
0.401388
0.373214
0.322763
0.0925473
0.00415012
0.00215932
0.00375494
0.00890799
0.126242
0.0553703
0.109453
0.0640042
0.0103056
0.00699439
0.00749572
0.00579452
0.0162711
0.0473893
0.600352
0.243382
0.00707543
0.00826673
0.00722178
0.0088623
0.0164591
0.0151765
0.220717
0.138313
0.0145224
0.0101307
0.00903411
0.0393116
0.0553894
0.00614485
0.172369
0.118318
0.117373
0.0311604
0.00790987
0.14307
0.0786254
0.111561
0.161324
0.276298
0.308473
0.210598
0.139159
0.0196953
0.059245
0.0194176
0.341847
0.235586
0.0292672
0.0125365
0.0398614
0.209005
0.178136
0.11543
0.289633
0.26549
0.0945541
0.13225
0.386562
0.103311
0.010733
0.068826
0.0280141
0.112934
0.168174
0.146703
0.159186
0.232012
0.0371568
0.0101966
0.012974
0.0329536
0.1791
0.193193
0.414558
0.236089
0.0416215
0.0429081
0.0158789
0.0273078
0.0268734
0.070093
0.414558
0.381368
0.00477057
0.0021194
0.000821077
9.22551e-006
0.0167848
0.0390479
0.414558
0.321609
0.161562
0.0996869
0.0615327
0.0165681
0.0604099
0.112449
0.428396
0.117506
0.140166
0.151323
0.162983
0.0528533
0.0198048
0.0366571
0.110236
0.408644
0.032436
0.0401903
0.0699373
0.0246278
0.00590041
0.108671
0.428396
0.166835
0.0316999
0.0620797
0.164728
0.0998339
0.00631259
0.131872
0.238591
0.0116041
0.0269559
0.0492586
0.0932153
0.0477832
0.159205
0.0959691
0.010391
0.00553428
0.00410312
0.00433442
0.0141314
0.0732691
0.619381
0.532951
0.00795263
0.022021
0.00945133
0.0234739
0.0796775
0.0662833
0.0192029
0.050763
0.0223612
0.00888668
0.00529914
0.00860489
0.196831
0.205456
0.3278
0.1128
0.0101633
0.0006906
0.000115735
0.000532093
0.0428798
0.0796867
0.435992
0.24179
0.0117591
0.00107137
0
0
0.0556096
0.0718448
0.135918
0.0508369
0.0149192
0.00124645
0.000618714
0.000969735
0.40018
0.344467
0.314569
0.0913885
0.00464779
0.0387576
0.01749
0.0547157
0.41125
0.306566
0.12413
0.0308337
0.00774742
0.0951075
0.00420143
0.00509136
0.299916
0.164621
0
0.00184914
0.0462225
0.02402
0.00225834
0.00104538
0.46156
0.315933
0.000251523
0.0013862
0.00957708
0.0258057
0.00105036
0.00377024
0.333644
0.181126
0.0064742
0.00123276
0.0178623
0.00804501
0.00147823
0.00344325
0.46156
0.391915
0.0260784
0.000690323
0.00281978
0.00730277
0.0133907
0.00684618
0.552009
0.25831
0.00509454
0.00661688
0.00891107
0.0144995
0.0153383
0.0386868
0.154353
0.130271
0.026003
0.0124129
0.0125562
0.0141881
0.0110292
0.00775603
0.576347
0.288862
0.0242361
0.00505275
0.012653
0.0167664
0.0113437
0.092696
0.235671
0.164548
0.0528526
0.0126347
0.0267005
0.0283388
0.0497899
0.0901906
0.15584
0.128191
0.0156099
0.0215061
0.0665167
0.242954
0.192793
0.166599
0.133906
0.100382
0.0149044
0.0581968
0.390802
0.0361248
0.0610723
0.202006
0.20961
0.107602
0.0798247
0.0340504
0.0327763
0.390802
0.155658
0.298783
0.176174
0.055812
0.116033
0.138605
0.390802
0.207832
0.0479727
0.0239087
0.00805704
0.0043608
0.00136476
0.0198426
0.398158
0.249482
0
0
0
0
0.00372293
0.0519442
0.398158
0.328404
0.0282767
0.0346481
0.01255
0.000524028
0.0142796
0.0463249
0.398158
0.276658
0.00219977
0.0106502
0.0209734
0.00383492
0.030082
0.156807
0.398158
0.29705
0.000326111
0.0224012
0.0474152
0.0149942
0.0424574
0.126869
0.421272
0.139814
0.00252992
0.0365128
0.105766
0.0585042
0.0509402
0.0809539
0.170109
0.169024
0.0127121
0.048565
0.118875
0.0579783
0.281775
0.353848
0.421272
0.0387898
0.0145445
0.0386487
0.155309
0.12586
0.310783
0.143064
0.0852593
0.0348873
0.00586548
0.0185385
0.0694432
0.0507897
0.0338601
0.0457329
0.0272314
0.0141316
0.00959994
0.00572328
0.441818
0.289596
0.0354888
0.0173155
0.0155786
0.0179571
0.011394
0.0127139
0.0927163
0.0911983
0.113606
0.0406025
0.0195403
0.0165913
0.0104738
0.00762452
0.642113
0.430872
0.0154019
0.0261168
0.0160392
0.0051795
0.000881895
0.000553567
0.346842
0.209881
0.0153841
0.0018359
0.0156697
0.0332615
0.0239501
0.118434
0.382218
0.20829
0.0074982
0.000276134
0.0581069
0.0356337
0.00126713
0.00123419
0.382218
0.295229
0.000534137
0.00180975
0.0458352
0.136447
0.0120371
0.097109
0.382218
0.382218
0
0
0.177944
0.000247126
0
0.00450148
0.250045
0.151283
0.0563004
0.016825
0.000546166
0.00145572
0.00106985
0.0033218
0.484713
0.302107
0.303878
0.10177
0.000107467
0
0
0.000711389
0.0789304
0.0943401
0.105551
0.0423718
0
0.000446161
0.000849146
0.000474259
0.11809
0.164675
0.484713
0.360869
0
0.00561787
0.00465784
0.00378863
0.192304
0.125096
0.227085
0.0789498
0.00464472
0.0201086
0.00489566
0.0279825
0.096338
0.110037
0.0598671
0.0108835
0.0146683
0.00238812
0.00455859
0.00128781
0.0351923
0.104007
0.646763
0.460684
0.00101692
0.0473433
0.0119399
0.0761971
0.142408
0.169608
0.290572
0.12218
0.010878
0.0312862
0.0118109
0.0626144
0.123008
0.120179
0.149483
0.0946573
0.0333458
0.21694
0.0245932
0.107742
0.103234
0.0658832
0.222096
0.35395
0.393786
0.151013
0.0220593
0.111471
0.13029
0.132861
0.0735631
0.0903552
0.105128
0.318478
0.0287924
0.0766254
0.0792748
0.0699523
0.0943417
0.305776
0.413974
0.223684
0.00386968
0.0161404
0.00845098
0.000391181
0.0283905
0.105987
0.415326
0.307469
0.02485
0.0273051
0.0324663
0.00637112
0.0163344
0.0725014
0.415326
0.135227
0.00739826
0.00306005
0.012027
0.013809
0.0106291
0.110757
0.415326
0.25477
0.0491117
0.0267162
0.015358
0.0170708
0
0.0659565
0.415326
0.264812
0.117596
0.197823
0.174299
0.0807932
0.136043
0.158428
0.312766
0.0409525
0.0879484
0.197556
0.226368
0.161568
0.15101
0.0657292
0.0145089
0.347467
0.155105
0.185809
0.0554392
0.10129
0.000300536
0.131745
0.426721
0.0861391
0.107748
0.19946
0.0948287
0.148116
0.00323946
0.0975636
0.108926
0.00802296
0.0171052
0.04107
0.0950676
0.0818088
0.0438593
0.018183
0.00858352
0.00746283
0.00415852
0.00248205
0.432743
0.292832
0.0113826
0.0257662
0.00892105
0.0101261
0.0606614
0.0586118
0.0470495
0.0577333
0.00913571
0.0348101
0.0131715
0.0108477
0.559965
0.325078
0.394379
0.232271
0.0101289
0.0212122
0.00467588
0.0227085
0.000389881
0.000713934
0.354873
0.238951
0.00119179
0.00387397
0.0224154
0.0879953
8.70754e-005
0.00813872
0.367949
0.367949
0.0273323
0
0.0864173
0.00351218
0.163345
0.130274
0.335197
0.185965
0.000983061
0.00318537
0.00297522
0.0100409
0.0258039
0.0410126
0.367949
0.367949
0.16897
0.00953188
0.0137825
0
0
0
0.0105759
0.0374115
0.0701261
0.0371841
0
0.000135412
0.00025772
0
0.0147642
0.0840199
0.765989
0.512969
0
0
0
0
8.96129e-005
8.96129e-005
0.00301056
0.00359799
0
0
0
0
0.00449546
0.0198574
0.193849
0.147951
0
0.000265527
0.000505357
6.53018e-005
0.00215061
0.0295907
0.427261
0.257267
0
0.00679719
0.00276081
0.022616
0.092207
0.113737
0.387664
0.189908
0.00340207
0
0
1.63254e-005
0.00120529
0.0339994
0.300748
0.173842
0
0.00735878
0
6.53018e-005
0.0440705
0.10324
0.427261
0.427261
0.0127246
0.0672604
0.0120254
0.0636949
0.169295
0.158506
0.130377
0.0687962
0.0310884
0.183421
0.0520835
0.0630299
0.148176
0.0990089
0.0780216
0.197163
0.370875
0.0351805
0
0.00179922
0.0813112
0.103336
0.370875
0.309723
0.12278
0.162466
0.0758569
0.0260973
0.0838033
0.0612659
0.197492
0.369068
0.370875
0.09056
0.0994151
0.097484
0.0750987
0.0615818
0.0069393
0.140839
0.386267
0.143945
0.119914
0.130608
0.100823
0.063327
0.000371099
0.0740946
0.386267
0.205946
0.25289
0.171579
0.07645
0.0469448
0.0155539
0.153138
0.386267
0.16244
0.227396
0.213388
0.148308
0.0613668
0.00184384
0.0254836
0.260421
0.234536
0.0875392
0.0647772
0.0573694
0.157913
0.00051014
0.121046
0.491344
0.0888609
0.0947373
0.0545572
0.0631631
0.198183
0.00161331
0.0855697
0.147727
0.170681
0.120905
0.0780658
0.0697192
0.0578051
0.00244531
0.0154216
0.29715
0.0870193
0.491344
0.319358
0.0241345
0.0554642
0.000761852
0.00590617
0.0823296
0.00289357
0.178224
0.0843222
0.0132852
0.0222941
0.00236085
0.0112363
0.00438714
0.00647308
0.441894
0.317743
0.0395772
0.0216348
0.00179638
0.00212963
0.000325502
0.00293817
0.441894
0.335443
0.00580217
0.00712835
0.000752189
0.00238223
0.00235751
0.00545636
0.441894
0.339231
0.000542885
0.000492785
0.000405475
0.000401861
4.5022e-005
0.0141333
0.561408
0.41722
0.211391
0.0984087
0.00037404
0.000788523
0.00356233
0.0165946
0.086644
0.107239
0.249034
0.298239
0.220196
0.0365998
0.0435331
0.0168248
0.356075
0.184069
0.00159424
0.000581661
6.61167e-005
0
0.00307414
0.0453189
0.0319208
0.0228654
0.0641185
0.0777038
0.0150391
0.0115806
0.0614204
0
0
0
0
0
0
0
0
0
0
0
0.0142858
0.197382
0.26401
0.174658
0
0
0
0
0
0
0
0
0
0
0
0
0
0
0
0
0
0
0
0
0.000507069
0.0497951
0.143352
0.0860315
0
0.0832708
0
0
0.00821029
0.112138
0.67717
0.604753
0.120521
0
0
0
0
0.00551145
0.0139954
0.00828856
0
0.0760785
0
0
0
0.019675
0.123871
0.101271
0.111985
0.118103
0
0
0.00556089
0.0243261
0.325537
0.31887
0.310277
0.274942
0.0271764
0.00432142
0.00192964
0.00197161
0.0874017
0.221088
0.470194
0.0805897
0
0
0
0.00420116
0.0398374
0.0753286
0.178658
0.133129
0
0
0
0
0.00400091
0.0566599
0.463073
0.249455
0.0949635
0.0368435
0.00875836
0.00223221
0.00403853
0.0598463
0.434489
0.260326
0.0830065
0.0460296
0.0281002
0.00931798
0.000800689
0.0355156
0.434489
0.125068
0
0
0
0
0
0.0233924
0.393925
0.252148
0
0
0
0
0
0.0231999
0.434489
0.234383
0.125509
0.0502994
0.00987383
0.00397521
0.000873975
0.0117883
0.39486
0.147105
0.441438
0.319212
0.000664715
0.000568111
0.00011915
0.000342051
0.110168
0.29073
0.0708855
0.0234134
0
0
0
0.00731947
0.404857
0.1946
0.264187
0.115716
0
0
0
0
0.145955
0.0265665
0.668292
0.508036
0.000489121
0.000433318
0
0.000286559
0.0101564
0.00194847
0.357138
0.187067
0.000108329
0.000108329
0
0
0.000490358
0.0425887
0.225714
0.11188
0
0
0
0
0.0215595
0.000735536
0.0192051
0.0102193
0
0
0
0
0.000735536
0.0160977
0.0756293
0.0384169
0.0179494
0.0321446
0
0
0.0117689
0.133129
0.00141519
0
0.134802
0.191238
0.0042331
0.00201246
0.268131
0.0239542
0.00059499
0.000181084
0.0492081
0.105989
0
0
0.0239542
0.293792
0
0
0.185949
0.466001
0.0476295
0.00804983
0.624559