0.0836903
0.0236004
0.0455584
0.132198
0.0858867
0.0795719
0.138177
0.0998519
0.093683
0.0431096
0.203796
0.179818
0.0856078
0.137135
0.113821
0.0656294
0.157224
0.0557817
0.0797673
0.221622
0.104568
0.0321933
0.095941
0.115428
0.122405
0.329572
0.440524
0.230496
0.177794
0.218992
0.0811779
0.06046
0.0061698
0.0218988
0.0351266
0.0413422
0.0128412
0.0125187
0.001952
0.00147642
0.0934027
0.267799
0.122772
0.136379
0.0535031
0.010211
6.59604e-005
0.000360134
0.00730761
0.245822
0.198018
0.0308345
0.00918742
0.0180451
0.00162889
0.00133683
0.0602449
0.597521
0.597521
0.036893
0.0123528
0.00307223
0
0.000112302
0.20771
0.225227
0.0621835
0.0620969
0.0459921
0.00557416
0
0.0181626
0.386452
0.170439
0.0364307
0.0355739
0.031479
0.00596048
0.0161141
0.205094
0.137831
0.386452
0.301734
0.0338766
0.0110815
0.000200456
0
0.00598093
0.386452
0.386452
0.155528
0.0341657
0.00581056
0
0.00867645
0.220171
0.298584
0.0186519
0.0122223
0.0196468
0.00427151
0.00339325
0.0235177
0.30877
0.345777
0.0295861
0.0139751
0.0152632
0.00138144
0.000848313
0.00730408
0.345777
0.341895
0.10969
0.0205408
0.00349639
0
0.0358977
0.0986513
0.345777
0.339945
0.0391081
0.0234669
0.0447067
0.0194449
0.111708
0.165166
0.345777
0.373437
0.0745331
0.0233863
0.0197472
6.34035e-006
0
0.00994614
0.239401
0.214237
0.0524297
0.0156059
0.0228428
0.00778092
0.0567296
0.189221
0.199382
0.300983
0.0707538
0.0193397
0.0405297
0.0560638
0.0792532
0.149311
0.355784
0.145847
0.0182609
0.000196011
0.00958829
0.0994519
0.323627
0.373437
0.315763
0.0305596
0.00720386
0.0432071
0.0974663
0.0548742
0.0989583
0.145515
0.0594151
0
0.0150279
0.195484
0.35873
0.08899
0.0824971
0.0263833
0.00755166
0.0130644
0.00366046
0.0237416
0.0337762
0.148024
0.392815
0.392815
0.0688753
0
0.0163374
0.114651
0.142884
0.219503
0.392815
0.392815
0.0295158
0.000210432
0.0249995
0.275004
0.337218
0.0492046
0.0356072
0.00687988
0
0.00403779
0.056463
0.345455
0.222719
0.149271
0.0427917
0.0108599
0.0117039
0.00437308
0.0129628
0.200631
0.304659
0.141073
0.226301
0.268355
0.0447406
0.0297761
0.0121466
0.42402
0.282247
0.141078
0.0553032
0.0519238
0.0573822
0.0170527
0.0219125
0.0177776
0.0196967
0.0216246
0.00493744
0.0329686
0.0267097
0.00410479
0.237024
0.194105
0.0300293
0.031644
0.0149263
0.00855227
0.010293
0.0050015
0.0615557
0.11555
0.113639
0.138073
0.0835843
0.0895369
0.0428271
0.000704668
0.609038
0.609038
0.177115
0.0286078
0.005829
0.00201032
0.00386365
0.000577037
0.278366
0.229993
0.00627076
0.00322414
0.00370983
0.000508626
0.00058963
0.00245141
0.394172
0.394172
0.0142128
0.0162276
0.000323073
0.000531304
0.000190503
0.00156117
0.394172
0.386703
0.0242048
0.002392
0.000506647
0.000320229
0.000797546
0.00431657
0.381364
0.258866
0.0165049
0.0314736
0.00297214
0.00612029
0.00480937
0.0193697
0.383683
0.296019
0.102734
0.0918531
0.021075
0.0145739
0.0011647
0.178526
0.377336
0.227098
0.123843
0.184162
0.0447586
0.0786807
0.0964019
0.0108519
0.125712
0.0972503
0.086957
0.15238
0.110493
0.0583112
0.0165778
0.0667094
0.161197
0.143854
0.106203
0.321232
0.259326
0.278139
0.179764
0.162355
0.114341
0.0519665
0.0220186
0.094035
0.137562
0.1761
0.18361
0.0901026
0.043905
0.0243387
0.0693746
0.0709242
0.361495
0.295066
0.154918
0.0825271
0.107071
0.0693995
0.0495387
0.19086
0.202241
0.247725
0.156374
0.148223
0.0558207
0.0209471
0.0477232
0.0724986
0.344549
0.361495
0.309353
0.0827517
0.117391
0.0398421
0.109396
0.157928
0.24123
0.191463
0.128248
0.0353363
0.0752471
0.0491087
0.151124
0.286175
0.294541
0.296128
0.101266
0.233794
0.257448
0.0742303
0.0948665
0.0844771
0.17505
0.137444
0.260591
0.112025
0.301911
0.19173
0.231022
0.171053
0.0678312
0.0313248
0.0555647
0.00100951
0.00615475
0.0119851
0.0448138
0.108795
0.380598
0.290813
0.0119961
0.000257998
0.00197527
0.0134776
0.0292714
0.0628262
0.411385
0.411385
0.0465102
0.00598227
0.0310218
0.0437255
0.0720186
0.0527534
0.110386
0.0874687
0.00491971
0.00139688
0.00122966
0.00334769
0.00713126
0.00715368
0.411385
0.411385
0.0269434
0.00228144
0.00210717
0.0394344
0.0921006
0.0558399
0.268325
0.398075
0.0858454
0.111365
0.00619397
0.106076
0.106955
0.0996618
0.106205
0.143095
0.158792
0
0.000536885
0.00522055
0.0150033
0.0756368
0.398075
0.398075
0.066407
0.216895
0.0099415
0.00919275
0.0333162
0.135259
0.223485
0.263741
0.306771
0.000876037
0.0196203
0.0506444
0.160857
0.175834
0.0517273
0.0180129
0.00711159
0.00075715
0.269739
0.3109
0.36927
0.102745
0.00292945
0
0
0.00729615
0.00259117
0.0336285
0.250972
0.338895
0.114023
0.000479872
0.0039945
0.00155437
0.0281994
0.0771083
0.435079
0.435079
0.0212623
0.000108284
0
0.00681153
0.534906
0.423516
0.248993
0.0668984
0.00244095
0.000493272
0.000938809
0.009629
0.194579
0.112622
0.0672916
0.0777541
0.0115417
0.0126141
0.00800652
0.0111417
0.0715438
0.0895768
0.463709
0.288683
0.00430529
0.00266639
0.00187473
0.0136204
0.0457254
0.0284445
0.121316
0.132565
0.00767865
0.0106714
0.0111109
0.0173922
0.0541565
0.0681527
0.132158
0.128616
0.052465
0.0386239
0.0278585
0.120893
0.135826
0.144835
0.13231
0.144739
0.215882
0.248331
0.268628
0.0264786
0.0490191
0.0415268
0.242861
0.310389
0.0481645
0.0343218
0.0113361
0.3462
0.283178
0.159637
0.262269
0.298214
0.158437
0.161875
0.20468
0.156087
0.0637015
0.0429863
0.0209706
0.0365919
0.0829112
0.128009
0.233437
0.315145
0.0228346
0.00945617
0.0106413
0.00939392
0.0362531
0.113651
0.386947
0.386947
0.0900106
0.0551507
0.0274874
0.0161401
0.0423387
0.0557023
0.348591
0.386947
0.00111059
0.00174265
0
0
0
0.0056112
0.386947
0.355585
0.112349
0.0290779
0.0185666
0.00815486
0.0237654
0.0778326
0.422
0.141795
0.142269
0.0730134
0.078465
0.0565113
0.0387662
0.0682482
0.157943
0.422
0.0381646
0.0302193
0.0285768
0.012359
0.0176693
0.0787614
0.422
0.220772
0.0782497
0.0485571
0.163461
0.098166
0.0577553
0.112705
0.267296
0.0314384
0.0681068
0.0714314
0.122878
0.104932
0.0713578
0.0770921
0.0447473
0.00943347
0.00811378
0.0230455
0.0794165
0.104369
0.593258
0.497648
0.0107496
0.0777361
0.0610783
0.0449767
0.244828
0.180236
0.0756252
0.0593717
0.0560626
0.0120377
0.0168473
0.0331259
0.253169
0.236703
0.110873
0.0218889
0.000652926
0.000299197
0.00211504
0.00749045
0.11458
0.193511
0.30859
0.209521
0.0110884
0.0848224
0.0169769
0.0190891
0.21135
0.267205
0.156329
0.104965
0.105564
0.000448795
0.00299788
0.00646766
0.418421
0.30025
0.0584775
0.0083013
0
0.00223167
0.00446019
0.0114707
0.418421
0.387927
0.0463253
0.0385405
0.00880675
0.0517235
0.00340295
0.0933174
0.193281
0.206134
0.0608143
0.011522
0.0392062
0.000384643
0.00305105
0.0463038
0.418649
0.379179
0.0236812
0.00401121
0.000519828
0.133915
0.00510442
0.0791416
0.240183
0.266664
0.0961464
0.0641282
0.140042
0.00115813
0.00355081
0.0339484
0.418649
0.418649
0.0462785
0.0187627
0.00177505
0.0049
0.0278665
0.0369943
0.467286
0.352952
0.0175476
0.0216086
0.00375325
0.00968387
0.0379496
0.0260907
0.101692
0.0937884
0.0119314
0.0300351
0.0123578
0.0135275
0.0236295
0.0138694
0.590267
0.404558
0.0237331
0.0489613
0.0071822
0.0204262
0.026084
0.0110849
0.138408
0.131217
0.034426
0.0625973
0.019593
0.0261381
0.0643117
0.0585797
0.124244
0.173027
0.045223
0.0353077
0.00210073
0.399234
0.330446
0.163561
0.151487
0.163016
0.0726142
0.0581515
0.0779847
0.0122708
0.0550325
0.11624
0.242047
0.209821
0.0719005
0.0293314
0.00464764
0.302335
0.273374
0.193007
0.279029
0.302738
0.126953
0.0945632
0.140106
0.374584
0.0945716
0.0503068
0.0273451
0.00842653
0.00780739
0.00836738
0.205952
0.374584
0.00129919
0.00273277
0
0
0
0.0273742
0.374584
0.362479
0.0735872
0.0269667
0.0273074
0.060163
0.0209244
0.0343244
0.242191
0.374584
0.00503643
0.00963834
0.0333628
0.00604426
0.000737653
0.0478198
0.374584
0.292713
0.0153418
0.00974872
0.00921885
0.0164865
0.0370358
0.19243
0.410346
0.13121
0.0386196
0.0166376
0.0647041
0.0857316
0.0766593
0.191413
0.172838
0.189076
0.0491917
0.10975
0.12851
0.0872529
0.093656
0.240149
0.409498
0.0244741
0.0572799
0.160655
0.208787
0.313017
0.168871
0.220633
0.0799479
0.0824051
0.0539398
0.0261613
0.132567
0.14692
0.0830411
0.0790274
0.053782
0.010633
0.0387264
0.030378
0.316295
0.250827
0.0345144
0.0103932
0.00782453
0.0291515
0.0402018
0.116925
0.277259
0.461202
0.13849
0.103025
0.0296431
0.0282632
0.0309133
0.0175458
0.453775
0.3447
0.0511287
0.0231854
0.0213179
0.000248081
0.00336304
0.00278602
0.351586
0.227799
0.00660809
0.00185903
0.00021748
0.00803239
0
0.000984663
0.392343
0.288501
0.0275813
0.0752417
0.016906
0.0010436
0.00219329
0.00741898
0.403077
0.295738
0.0106648
0.00429071
0.000863437
0.0962617
0.0077996
0.0275469
0.403077
0.332091
0.0301439
0.0576267
0.0582389
0.0403469
0.000569226
0.00361678
0.15177
0.288039
0.113716
0.0365896
0.0715321
0.000882993
0.0015414
0.00186624
0.308702
0.351436
0.174065
0.0437758
0.000836494
0.0166194
0.00604323
0
0.0618283
0.283976
0.382827
0.0556304
0.0171536
0.000580105
0.00171652
0.000841193
0.07852
0.22015
0.399329
0.365496
0.000546876
0.00881192
0.0095036
0.00432602
0.212685
0.187031
0.130397
0.0691309
0.00531916
0.0146235
0.0128764
0.00721924
0.0508087
0.0697585
0.019384
0.0251093
0.0126471
0.00311771
0.00400143
0.00620596
0.0497897
0.0823336
0.593249
0.593249
0.00466175
0.00855627
0.0184257
0.0299397
0.128977
0.0677731
0.249178
0.179695
0.0121369
0.0226365
0.0220388
0.0335321
0.120635
0.174621
0.116824
0.0522326
0.0251206
0.175225
0.0626476
0.0468113
0.137646
0.234606
0.198042
0.189197
0.384647
0.101821
0.0674797
0.0995981
0.205443
0.136041
0.0628037
0.038012
0.0418508
0.433744
0.120684
0.12909
0.147417
0.128971
0.0951675
0.107381
0.433744
0.218254
0.0143735
0.00491201
0.011142
0.0385392
0.0247245
0.0460318
0.320475
0.370213
0.0153154
0.00858395
0.0206955
0.00373026
0.000455248
0.0100595
0.363906
0.346697
0.0277577
0.0271958
0.0172231
0.0169932
0.0245558
0.0197247
0.370213
0.370213
0.0468332
0.0331867
0.0101506
0.00524036
0.00952994
0.0100043
0.370213
0.348053
0.150714
0.146917
0.0966028
0.0427386
0.0271442
0.0406134
0.251467
0.0684065
0.163427
0.238007
0.178269
0.141003
0.0547854
0.0401797
0.0474612
0.432203
0.157318
0.064539
0.0234128
0.046512
0.056535
0.0754662
0.432203
0.153598
0.163558
0.110725
0.123721
0.142922
0.117787
0.0778284
0.189934
0.00780193
0.0321532
0.082668
0.10864
0.0979235
0.0248322
0.0160259
0.0136205
0.0106272
0.0559108
0.112842
0.15716
0.096962
0.0133677
0.00870433
0.0124567
0.00937369
0.131175
0.149684
0.100265
0.0878274
0.0527374
0.0199939
0.0284754
0.00477271
0.628212
0.628212
0.0766129
0.020857
0.00401883
0.00832165
0.0114521
0.00423975
0.0441137
0.103938
0.274055
0.159073
0.00448269
0.00799187
0.000836803
0.120283
0.0680442
0.0865417
0.264656
0.173929
0.00757017
0.0347031
0.166287
0.00690331
0.380535
0.380535
0.107076
0.043023
0.000962076
0.00551535
0.000701391
0.181882
0.380535
0.380535
0.0983255
0.0523023
0.00280934
0.0230969
0.233672
0.033108
0.0187467
0.000777384
0.00397906
0.115579
0.335722
0.0863018
0.0183843
0.00368162
0.0166387
0.00167605
0.00072609
0.0593768
0.476711
0.476711
0.00369932
0.0841185
0.0654144
0.00526134
0.00647079
0.0237385
0.0709186
0.0457972
0.102817
0.0928354
0.130781
0.00660779
0.00574596
0.0402139
0.476711
0.271154
0.0368582
0.000205497
0.00227517
0.000857743
0.000611317
0.00189819
0.39196
0.339259
0.000541176
0.000890997
0.0022429
0.00607283
0.0397254
0.047524
0.305672
0.207215
0.00208529
0.0204885
0.0203166
0.000891025
0.00524368
0.0279099
0.39196
0.296096
0.00683868
0.000275879
7.24372e-006
0.000722208
0.00821151
0.0406915
0.39196
0.39196
0.0145216
0.0301678
0.0230005
0.0438154
0.142172
0.197228
0.144651
0.068894
0.00984404
0.203035
0.0775277
0.0825491
0.137353
0.212807
0.123523
0.078935
0.189486
0.0188529
5.84958e-006
0.00145225
0.0228443
0.141969
0.384647
0.384647
0.130094
0.243123
0.0300405
0.0163044
0.0406309
0.146083
0.188712
0.312045
0.384647
0.199552
0.094684
0.104025
0.0684726
0.0508822
0.0468028
0.0232291
0.223897
0.33724
0.148721
0.192639
0.0763353
0.0113163
0.0168695
0.00790507
0.283095
0.355041
0.166266
0.0904695
0.0519199
0.0298024
0.0308436
0.0663651
0.343522
0.355041
0.222179
0.208796
0.0924074
0.00572052
0.00475964
6.42688e-005
0.263107
0.389247
0.116812
0.083554
0.0405765
0.0316462
0.0351387
0.0418355
0.333055
0.151038
0.138433
0.0893378
0.110138
0.0996631
0.0617722
0.0371984
0.14707
0.34794
0.0999223
0.0934701
0.0362877
0.00242664
0.005181
0.000897306
0.299764
0.220222
0.409512
0.32543
0.0333382
0.0112485
0.0055986
0.00265121
0.132475
0.00637641
0.163689
0.158388
0.0307075
0.0239687
0.00874906
0.00231077
0.0065624
0.000241494
0.388588
0.388588
0.00402692
0.000722896
0.000930621
0.000531463
0.000627045
0.0217298
0.388588
0.388588
0.0222316
0.00485483
0.000368051
0.00478392
0.00965602
0.0202255
0.388588
0.388588
0.00711119
0.000423108
0.00457873
0.00892197
0.0163447
0.00262337
0.420462
0.420462
0.0112212
0.00363177
0.00512844
0.00228453
0.0012557
0.0593776
0.348448
0.394569
0.00927794
0.00550445
0.0114674
0.0125696
0.0641856
0.0191747
0.330634
0.420462
0.00275912
0.00672058
0.0223045
0.0115206
0.0151578
0.0215524
0.106187
0.130399
0.00768337
0.0172284
0.0328652
0.0234411
0.0370254
0.208208
0.163559
0.0209222
0.0401322
0.090273
0.0576505
0.0194061
0.208562
0.281653
0.29954
0.0184018
0.0939701
0.14623
0.306139
0.136496
0.0956896
0.2532
0.0529001
0.0156507
0.0398313
0.201998
0.144574
0.217881
0.294075
0.057324
0.0491864
0.00869925
0.208233
0.341628
0.135866
0.120541
0.0248433
0.0355866
0.0267179
0.0023381
0.0592374
0.0630549
0.332807
0.204623
0.0188928
0.00963469
0
0.00143134
0.0354001
0.0418898
0.508438
0.508438
0.0890171
0.00472111
0.00453855
0.00622203
0.124624
0.126357
0.0654109
0.0430216
0.00495472
0.0403238
0.0181908
0.0652159
0.144651
0.15499
0.338332
0.201799
0.123363
0.0715581
0
8.12916e-005
0.000924432
0.017803
0.27627
0.342212
0.274105
0.309091
0.00546696
0
0
0.00721342
0.0425558
0.158939
0.397749
0.133858
0.0304565
0.0577295
0.0624864
0.0401689
0.108762
0.139769
0.309947
0.228349
0.0182418
0.0185023
0.0762166
0.0195567
0.0192872
0.181673
0.397749
0.387884
0.0470188
0.00803425
0.00260567
0
0.00288011
0.0284177
0.388792
0.388792
0.0556454
0.0252817
0.0128432
0.000563683
0.000189483
0.00275003
0.388792
0.157359
0
0.000137692
0.0644378
0.00969463
0.0257422
0.122665
0.361705
0.22351
0.00104727
0.00121934
0.0487079
0.00875088
0.0221423
0.0644768
0.343448
0.414145
0.0515587
0.0209288
0.00879824
0.000690577
0.00159965
0.00178551
0.414145
0.333802
0.385167
0.247489
0.0716009
0.0104522
0.00259571
0.0137412
0.165477
0.264589
0.0442033
0.00386672
0.052096
0.0229458
0.00374465
0.0276787
0.272466
0.24175
0.133745
0.068807
0.103443
0.0424892
0.0151706
0.0522828
0.110415
0.061946
0.381302
0.352903
0.0998125
0.014023
0.00140252
0.0882445
0.0694382
0.067604
0.339766
0.317914
0.032644
0.00352474
0.0100814
0.151798
0.268325
0.0761725
0.0605484
0.0844195
0.0861394
0.0307576
0.01593
0.169485
0.127759
0.184547
0.0271179
0.040706
0.0266302
0.010146
0.01266
0.233282
0.426455
0.0636482
0.130874
0.130815
0.00313513
0.00544076
0.025619
0.069674
0.289318
0.0803875
0.0358766
0.0276737
0.0134253
0.0231205
0.0275503
0.0314928
0.28414
0.173665
0.0170781
0.00630509
0.0049775
0.00377093
0.0153905
0.110769
0.562565
0.200176
0.0116145
0.00581643
0.00454557
0.00612963
0.0112375
0.0940824
0.562565