0
0
0
0
0
0
0
0
0
0
0
0
0
0
0
0
0
0
0
0
0
0
0
0
0.0546778
0.0911479
0.149454
0
0
0
0
0.033683
0
0
0
3.67838e-005
3.67838e-005
0
0
0
0.00462002
0.0761702
0.0415293
0.000379885
0.000379885
0
0
0.000418032
0.0267912
0.0790868
0.0573086
0.000147135
0.000147135
0
0
0.002199
0.0408286
0.692867
0.657546
0.000743708
0.000743708
0
0
0.00220191
0.034205
0.153131
0.0565839
0.000154023
0.000154023
0
0
0.00466329
0.271915
0.2302
0.0506344
3.41475e-005
3.41475e-005
0
0
0.198027
0.0270326
0.41406
0.389494
0.00789039
0.00249654
3.70359e-005
0.00391086
0.00312552
0.370156
0.41406
0.280797
0.0251018
0.00352638
5.55539e-005
0.00740308
0.224703
0.219004
0.0380585
0.00397516
0
0
0
0
0.319112
0.196826
0
0
0
0
0
0.00100135
0.403994
0.374941
0.147645
0.0397901
0.00608118
0.000413546
0.00567428
0.021674
0.403994
0.318763
0.00859943
0.00766662
0.00841602
0.00497366
0.0792717
0.0880348
0.403994
0.146602
0
0
0
0
0
0.00162661
0.41033
0.13415
0
0
0
0
0.0156208
0.05019
0.416463
0.269491
0
0.0227161
0.021098
0.0208175
0.0643414
0.0536515
0.416769
0.239508
0
0.0145098
0.0111055
0.0471196
0.164342
0.243587
0.416769
0.0531983
0
0
0
0.00089846
0.0660859
0.109125
0.229538
0.00269944
0
0
0.0654684
0.0795112
0.130637
0.0443672
0.0383055
0.0683923
0
0
0.000436894
0.0428533
0.458709
0.458709
0.360335
0.00234679
0
0
0.00883609
0.0597936
0.458709
0.281815
0.0326788
0.107824
0
0
0.109265
0.188548
0.383231
0.0694529
0.144609
0.385177
0.321374
0.305169
0.086396
0.141655
0.321419
0.0984107
0.312851
0.0639044
0
0
0.0128909
0.0370951
0.151504
0.0492446
0.100111
0.215695
0.0567691
0.0371263
0.0110326
0.0118519
0.0421369
0.0235719
0.214211
0
4.98524e-005
4.98524e-005
7.63738e-005
7.63738e-005
0
0
0
0.00582151
0.126652
0.058303
0.00651315
0.00325667
0
0
0.00290957
1.40093e-005
0.00019941
0.00168596
0.0534845
0.0154213
0
0
1.40093e-005
0.00754233
0.581154
0.590976
0.470758
0.089592
0
0
0.00193971
0.0167436
0.220096
0.114923
0.00168615
0.000829305
0
0
0.00180725
0.0236833
0.415645
0.349042
0.00020533
6.66823e-005
0
0
0.000984731
0.00737784
0.415645
0.390963
0.0994603
0.0184051
0
0
0.0011356
0.0144818
0.415645
0.304715
0.00480294
0.00508863
0.000958811
0.00180764
0.0018079
0.00789391
0.421358
0.347024
0.0451673
0.038011
0.00283904
0.00634848
0.00249995
0.132381
0.421358
0.256465
0.14109
0.157371
0.0560815
0.024009
0.0637828
0.0152069
0.219182
0.100475
0.0534479
0.0839161
0.0253831
0.00337521
0.00489615
0.0827782
0.120047
0.101729
0.15103
0.334319
0.227692
0.201457
0.125972
0.166349
0.167128
0.0697858
0.0537435
0.10271
0.0651063
0.0739718
0.225493
0.112781
0.0175907
0.0233863
0.0296652
0.105741
0.299149
0.230535
0.339232
0.0883593
0.10072
0.0667523
0.0795088
0.235069
0.19541
0.1782
0.160396
0.0646752
0.0375045
0.0358766
0.0400068
0.195133
0.370894
0.360701
0.227063
0.106476
0.00757764
0.0694906
0.0416031
0.140378
0.251356
0.141453
0.20967
0.103625
0.00724204
0.0704612
0.0625155
0.282498
0.24849
0.193292
0.220139
0.170919
0.0717563
0.0932076
0.0208975
0.150086
0.26488
0.263912
0.238631
0.191518
0.173067
0.279525
0.166528
0.295309
0.120696
0.064349
0.0940894
0.0136867
0.000494974
0.0101642
0.0306691
0.129824
0.444845
0.232846
0.057477
0.000942676
0
0
0.00515564
0.0337739
0.452536
0.304658
0.00224548
0.0248307
0.0398401
0.100071
0.113986
0.138932
0.17064
0.0548128
0.00542204
0.00384944
0.000440842
0.00047515
0.0124123
0.0157636
0.452536
0.317956
0.00437253
0.00206435
0
0
0.00372086
0.0181054
0.414687
0.146016
0.00206435
0.0043534
0
0
0.00178212
0.00218278
0.03237
0.00572985
0.0043534
0.00243974
0.000197933
0.000213337
0.00510503
0.0105499
0.556884
0.424622
0.00233367
0.00264264
0
0
0.00740703
0.0158721
0.484012
0.15863
0.00264264
0.0875413
0.0115411
0.00740472
0.0585747
0.00894842
0
0
0.117297
0.0375456
0.144522
0.222975
0.464759
0.113124
0.000253318
0.000143524
0.0417402
0.287595
0.026008
0.0207882
0.0825002
0.0256174
0.0409309
0.0436029
0.464759
0.101625
0.0551026
0.0998066
0.464759
0.200918
0.0606116
0.036556
0.175565
0.00587255
0.341572
0.371284
0.515541
0.126342
0.00179769
0.000786074
0.00336079
0.0073734
0.207006
0.145856
0.0332025
0.025326
0.00597057
0.00880028
0.00623274
0.0120854
0.0269843
0.0658233
0.519806
0.250556
0.0233555
0.00651425
0.010345
0.00647676
0.008925
0.00947099
0.0578703
0.0546235
0.0247058
0.0146626
0.00737336
0.0166274
0.0320254
0.043978
0.0992376
0.0675581
0.0208112
0.00626862
0.00841142
0.115383
0.0481972
0.137048
0.232425
0.180639
0.218622
0.263677
0.231345
0.00604534
0.00669136
0.0251204
0.229483
0.169991
0.0244026
0.0240154
0.0097977
0.114313
0.203755
0.146669
0.474665
0.393973
0.197257
0.18334
0.174105
0.1091
0.0372755
0.0440931
0.0479376
0.0779688
0.159101
0.164487
0.226788
0.155435
0.0213475
0.0143076
0.0119224
0.0433626
0.139929
0.173283
0.436765
0.186039
0.118731
0.0646358
0.0785152
0.0716767
0.119521
0.110513
0.392411
0.346427
0.0160729
0.0107757
0
0.00234876
0.0217863
0.0258098
0.442092
0.241468
0.0410872
0.024126
0.00289511
0.0140982
0.050482
0.109496
0.404747
0.248407
0.116722
0.120776
0.059094
0.0449155
0.025484
0.0268556
0.194056
0.372778
0.00266441
0.0274544
0
0
0.019233
0.0163132
0.414734
0.310643
0.014414
0.117058
0.107361
0.0803975
0.0810394
0.0628079
0.366173
0.116513
0.0998387
0.16196
0.139002
0.0895614
0.0668682
0.0338709
0.0649425
0.0152814
0.0103757
0.00731543
0.0225936
0.0334176
0.756063
0.30605
0.0112757
0.142878
0.0287156
0.120171
0.231834
0.174051
0.086244
0.0714778
0.118993
0.0250813
0.0234819
0.0273632
0.0510187
0.0708011
0.114481
0.0450297
0.0178118
0.00242259
0.000794585
0.000641805
0.02075
0.0485015
0.405185
0.191988
0.00195257
0.00110797
0
0
0.0527991
0.152748
0.405185
0.134363
0.00169924
0.0046249
0.00266126
0.00358342
0.211175
0.170918
0.18509
0.045337
0.00485912
0.0200772
0.00526326
0.00010316
0.405185
0.405185
0.304362
0.0942046
0.0850463
0.13758
0.0301036
0.0179734
0.100415
0.0797768
0.0287543
0.0344792
0.199355
0.0363875
0.0292648
0.0502542
0.447216
0.200064
0.0394144
0.0240648
0.0647061
0.28013
0.0635678
0.0478045
0.129308
0.105436
0.0239341
0.042394
0.427424
0.057069
0.0362311
0.0931456
0.447216
0.299716
0.0338326
0.0464343
0.149284
0.00639974
0.0152706
0.0313948
0.628323
0.23862
0.0222807
0.00542713
0.00598588
0.00923791
0.00492665
0.00127744
0.0471785
0.0542055
0.0293624
0.0112001
0.00693472
0.00431564
0.00621653
0.0534343
0.628323
0.267215
0.0133518
0.0157393
0.0201947
0.0263753
0.00883734
0.0061854
0.0590457
0.0573907
0.0120489
0.0119541
0.0217578
0.00399638
0.0240134
0.046941
0.0899754
0.109311
0.0289686
0.0304312
0.0165948
0.179447
0.324292
0.193749
0.177235
0.224559
0.0988074
0.0997899
0.179975
0.012547
0.0576954
0.148094
0.125481
0.113507
0.0952355
0.014485
0.0166814
0.161567
0.340877
0.469472
0.252695
0.118425
0.265413
0.11167
0.181004
0.204739
0.141256
0.0861578
0.0230799
0.0326867
0.0263408
0.0269017
0.35996
0.252735
0.0110578
0.0156837
0
0
0.00163691
0.00945886
0.455624
0.174136
0.107872
0.130848
0.0555504
0.00700381
0.0507542
0.0679779
0.405857
0.178218
0.0117631
0.0172638
0.00542767
0
0.00411765
0.0847011
0.455624
0.276982
0.00122504
0.0208257
0
0
0.0241705
0.0497307
0.440262
0.264041
0.0080432
0.0971025
0.0787276
0.037529
0.0713805
0.0681451
0.27069
0.119531
0.0174803
0.0340615
0.0430588
0.0119276
0.138826
0.233546
0.440262
0.0686924
0.0129747
0.0629356
0.169287
0.0983276
0.332385
0.192083
0.180665
0.253796
0.0359072
0.196772
0.290808
0.142193
0.108447
0.0762765
0.112695
0.0362988
0.0347216
0.0661743
0.126592
0.153626
0.0420683
0.027746
0.0236249
0.0892386
0.0316021
0.11542
0.394976
0.263125
0.422937
0.0962078
0.0808897
0.0401823
0.0514854
0.0908101
0.312068
0.19051
0.0299712
0.02555
0.0324343
0.00231351
0.00332658
0.00605009
0.265527
0.180533
0.014838
0.00187703
0.00227475
0.0722495
0.0279913
0.0372798
0.427808
0.356903
0.0483616
0.111993
0.162874
0.0023278
0.00467726
0.0136498
0.426118
0.164482
0.00935042
0.00090147
0.00606023
0.065025
0.0265722
0.101751
0.427808
0.253198
0.0599471
0.090208
0.109446
0.144975
0.0175947
0.0149768
0.0928997
0.110848
0.0424172
0.0269359
0.257073
0.0290251
0.0112674
0.0298377
0.445144
0.424652
0.215076
0.0652092
0.103425
0.00578413
0
0
0.0541753
0.0977756
0.0543892
0.00302801
0.00578413
0.00270876
3.18164e-006
0.000283165
0.158455
0.330111
0.445144
0.235737
0.00270876
0.00341381
0.00316138
0.0178534
0.360048
0.247227
0.192391
0.0465796
0.0113336
0.016491
0.00668654
0.00740133
0.0264586
0.0289567
0.0209788
0.010852
0.0153844
0.00296136
0.000463308
0.001774
0.0843925
0.174686
0.58018
0.418095
0.00389043
0.0131377
0.00180393
0.00632123
0.0454663
0.0487982
0.365351
0.149287
0.0141961
0.0195393
0.0168757
0.0416121
0.0792393
0.0960939
0.146656
0.0211645
0.0150422
0.0723579
0.0699021
0.148246
0.151319
0.110224
0.446281
0.263031
0.18629
0.0841814
0.0646971
0.057264
0.129037
0.0928454
0.0754886
0.0316689
0.0434067
0.381856
0.118149
0.106831
0.12188
0.0896022
0.201703
0.233644
0.454947
0.0847036
0.0266263
0.0516526
0.0365766
0.00826867
0.0973378
0.145143
0.337497
0.173532
0.0166199
0.0123975
0.00812586
0
0.00276994
0.0610935
0.44856
0.208444
0.0208495
0.0174476
0.00760195
0.0132084
0.05261
0.104821
0.44856
0.319894
0.0183568
0.00208134
0.00215141
0.0106747
0.00496465
0.0168333
0.44856
0.192122
0.0971385
0.103721
0.0727502
0.0114659
0.0741399
0.114684
0.387587
0.0648022
0.111858
0.22703
0.254095
0.0994161
0.174996
0.0835385
0.0630681
0.370719
0.127959
0.07017
0.0287669
0.021531
0.0388289
0.0299178
0.45108
0.138685
0.164062
0.185914
0.120728
0.105205
0.0704122
0.0594899
0.242829
0.0149225
0.0505852
0.176672
0.327421
0.170006
0.139054
0.0368809
0.0190399
0.0203592
0.0183254
0.0425319
0.206641
0.111929
0.012612
0.0185241
0.0227317
0.0271854
0.0866368
0.156583
0.15909
0.157709
0.0512976
0.0618617
0.0588828
0.0214326
0.56678
0.465641
0.154766
0.0804192
0.0208924
0.0198887
0.0214087
0.00210516
0.00596922
0.0261898
0.341518
0.12325
0.00805957
0.00165155
0.0163821
0.106975
0.0187311
0.0925864
0.387787
0.16451
0.0675716
0.0716519
0.198604
0.00157898
0.211907
0.312734
0.33649
0.10071
0.00293733
0.00169932
0.0111998
0.120404
0.108772
0.289408
0.387787
0.153293
0.0166926
0.0371351
0.172984
0
0
0
0.0183557
0.0364417
0.0492252
0.00233627
0
0.000550608
0
0
0.033973
0.106785
0.79405
0.425705
0.000550608
0
0
0
0.000671162
0.00200589
0
0
0
0.0011792
0
0
0.00416068
0.00949959
0.288953
0.100857
0.0011792
0.000274862
0
0
0.00249891
0.0120744
0.432575
0.244517
0.000340369
0.00198116
1.05563e-005
0.00186287
0.0274972
0.0488116
0.432575
0.195183
0.00207942
0.000738109
0
0
0.00177748
0.0023504
0.370207
0.163098
0.000738109
0.000416656
0
0.000230839
0.0171339
0.0538321
0.432575
0.357488
0.00227985
0.0303592
0.0323647
0.0454227
0.157074
0.163971
0.122581
0.0497937
0.0107807
0.190317
0.105343
0.120772
0.18474
0.154184
0.0881099
0.0931607
0.217817
0.00906037
0.000504246
0.00737505
0.0842673
0.18007
0.412446
0.295813
0.0569312
0.112242
0.0450312
0.0506638
0.120855
0.161734
0.237023
0.412446
0.342793
0.159927
0.0787686
0.0764369
0.041119
0.047662
0.0551314
0.0677102
0.338729
0.268487
0.117228
0.109125
0.0477465
0.0630082
0.0192492
0.0237766
0.396014
0.194019
0.197154
0.10554
0.049436
0.0420397
0.0727251
0.169589
0.306144
0.217048
0.382258
0.236596
0.0818161
0.100085
0.0191569
0.021713
0.220681
0.315945
0.135387
0.0608152
0.038726
0.0516552
0.0590509
0.0301128
0.456808
0.119643
0.124238
0.0406797
0.105727
0.134476
0.0956279
0.0484357
0.266047
0.205539
0.203789
0.118644
0.0475905
0.0672841
0.0163259
0.00619165
0.284019
0.109354
0.456808
0.194471
0.0539553
0.0380778
0.0224792
0.00859762
0.154309
0.00699457
0.0928498
0.0474108
0.0281583
0.0385572
0.0117804
0.00912231
0.0145095
0.00484
0.438636
0.277401
0.00751643
0.00410784
0.00210859
0.00159182
0.00154825
0.00796625
0.438636
0.309481
0.013827
0.0121499
0.00273156
0.00246785
0.0110662
0.00252606
0.438636
0.438636
0.000614566
0.000614566
0.000114265
0.00035435
0.000300675
0.0016496
0.468511
0.468511
0.116763
0.0251088
0.000564446
0.000246267
0.000422546
0.0169534
0.20805
0.301165
0.191685
0.0630177
0
0
0.0141459
0.00105961
0.468511
0.303726
0.000801509
0.000801509
0
0
0.000421092
0.000631639
0.0989848
0.0605545
0.00301869
0.00301869
0
0
0.000631639
0
0
0
0
0
0
0
0
0.011289
0
0
0.0101961
0.0101961
0.326287
0.155746
0.011289
0.10599
0
0.00716823
0.0192067
0.0475241
0.0242034
0
0.10599
0.00920708
0
0
0.00293703
0.0184372
0.00819803
0
0.00920708
0.0011244
0
0
0.00617637
0.00691642
0.174697
0.0810866
0.0011244
0.00542336
0
0
0.0240934
0.0409749
0.69842
0.560314
0.0643134
0
0
0
0.00328631
0.00377967
0.00497108
0.000839273
0
0.0154682
0
0
0.0120652
0.0140387
0.182966
0.209133
0.0904554
0.0286027
0
0
0.0104686
0.0258067
0.422188
0.335858
0.201453
0.180498
0.00324026
0.00263363
0.0120726
0.0179892
0.0946187
0.287248
0.426579
0.0469859
0
0
0.00154135
0.00180076
0.0760601
0.175872
0.218181
0.202662
0
0
0.00026158
0.00026158
0.0137416
0.0911751
0.426579
0.213353
0.0703111
0.0169851
0.00616465
0.00219078
0.00968672
0.0641128
0.427862
0.216601
0.139552
0.0457321
0.0145927
0.0175298
0.00318037
0.0113156
0.427862
0.183608
0
0
0.000279815
0.000279815
9.71507e-005
0.0122935
0.427862
0.258524
0.000551132
6.19245e-006
9.92874e-005
9.92874e-005
0.000388603
0.0239025
0.427862
0.158483
0.0939501
0.0318044
0.00763084
0.0114475
0.000882267
0.00311608
0.344786
0.119083
0.402832
0.236047
0.00782284
0.000139094
0.000128315
0.000875153
0.124715
0.28792
0.0648182
0.0104403
0
0
0.000124084
0.00687822
0.402832
0.258265
0.402832
0.149271
0.0261252
0
0
0
0.238398
0.0352679
0.49408
0.432633
0.0080624
0.000296128
0.000122747
0.000443762
0.00772719
0.00537284
0.49408
0.299372
0.000669802
7.40319e-005
0
0
0
0.0807998
0.380522
0.16147
0.0302407
0
0
0
0.0207635
0.00626517
0.0725784
0.0268881
0.00238308
0
0
0
0
0.00314024
0.775077
0.444809
0
0
0
0
0.000461909
0.000692864
0.026144
0.0150262
0
0
0
0
0.000692864
0.00126084
0.0214315
0.00757138
0
0
0
0
0
0
0
0
0
0
0
0
0