0.0748164
0.0641725
0.159975
0.184053
0.0723821
0.063205
0.0652142
0.0679424
0.0674915
0.0627111
0.247956
0.283861
0.190467
0.0959905
0.0312123
0.0617612
0.113188
0.160838
0.146864
0.139778
0.117576
0.086161
0.124903
0.12014
0.0972198
0.40098
0.362519
0.170362
0.264088
0.241031
0.0373338
0.0604399
0.0231791
0.0227471
0.0696473
0.0505945
0.0356086
0.0227733
0.0101108
0.0141423
0.0370606
0.246313
0.154666
0.0185739
0.0202175
0.0189738
0.00797481
0.0178047
0.0335192
0.33899
0.215547
0.0379162
0.0431494
0.0377163
0.00388507
0.00526262
0.0591077
0.580342
0.580342
0.0180486
0.00832612
0.00703648
0
0
0.0602101
0.285299
0.0798485
0.000574908
0.00433828
0.00408289
0.00650463
0.0193166
0.163774
0.224735
0.0331872
0.0036627
0.0102693
0.00256036
0.039564
0.299913
0.0592077
0.438184
0.350353
0.0154234
0
0
0
0.00131481
0.23907
0.438184
0.213099
0.0414901
0.00297361
0
0.00924301
0.2826
0.139052
0.0652945
0.0415794
0.0159708
0.0155617
0.00409716
0.0440334
0.414591
0.160933
0.0764789
0.099628
0.0591455
0.10667
0.0117762
0.054945
0.338752
0.235744
0.188715
0.0283001
0.0131997
0.0111325
0.0223346
0.084151
0.434948
0.252676
0.028191
0.0142023
0.0262022
0.0537744
0.119928
0.147718
0.434948
0.146999
0.060616
0.030067
0.0783756
0.106664
0.0202546
0.042823
0.286376
0.19779
0.0492008
0.0027101
0.0419151
0.0407472
0.0361222
0.0426082
0.274789
0.232476
0.0335406
0.0582299
0.0527987
0.0435859
0.0850587
0.0597709
0.473332
0.198847
0.0215149
0.03882
0.0239478
0.0634387
0.225265
0.28753
0.473332
0.100084
0.0167338
0.00287269
0.0145034
0.0489079
0.0861609
0.129566
0.144832
0.0385205
0.00797312
0.0201529
0.0476218
0.0686167
0.120812
0.177502
0.0709974
0.0662897
0.00052578
0
0.0034172
0.0409367
0.443565
0.470408
0.228361
0.0366372
0.00895175
0.00902341
0.0101774
0.0346249
0.461702
0.367279
0.0759575
0.0518477
0.0440678
0.0528437
0.074587
0.0740968
0.237998
0.241195
0.0366452
0.0429428
0.124826
0.0610225
0.103261
0.128616
0.419096
0.204177
0.0355875
0.115157
0.127912
0.0727922
0.135772
0.0795908
0.346717
0.191474
0.0397929
0.120187
0.272193
0.098113
0.22594
0.138155
0.337269
0.109286
0.113899
0.0195988
0.0568151
0.0506756
0.0455275
0.0265749
0.0244237
0.0317733
0.0226203
0.0323038
0.391007
0.166381
0.0392914
0.0374155
0.0359661
0.00534507
0.00794612
0.0146859
0.10895
0.182144
0.235717
0.0671746
0.0299247
0.00626405
0.000840576
0.0385973
0.536552
0.536552
0.255859
0.0316487
0.0063519
0.000885163
9.28547e-005
0.01167
0.381945
0.19239
0.00670803
0.00809153
0.0068191
0.000158134
0.000665846
0.0262116
0.400039
0.322075
0.00946629
0.00246912
0.000394512
0
0
0.0118816
0.400039
0.382337
0.0257268
0.001523
0.000429984
0.000413085
0.000499438
0.0189894
0.400039
0.21122
0.0216643
0.0126783
0.00169349
0.000929221
0.00118104
0.0242804
0.39955
0.286957
0.104498
0.0172247
0.0015323
0.00398398
0
0.11425
0.39955
0.239376
0.227928
0.0520078
0.0220181
0.0348816
0.069724
0.0107798
0.155195
0.116454
0.189347
0.133437
0.0126793
0.0169043
0.00287676
0.0293626
0.184719
0.166482
0.39955
0.271177
0.133686
0.0971489
0.0190146
0.136417
0.178749
0.0477806
0.0941266
0.0468198
0.12776
0.139176
0.177866
0.0825645
0.0182675
0.0181994
0.0585905
0.10379
0.431243
0.1982
0.206724
0.0457631
0.141385
0.0920618
0.229829
0.121776
0.336574
0.139409
0.0408965
0.0651893
0.0486472
0.0284771
0.0687243
0.116558
0.43353
0.274281
0.121256
0.0512547
0.033438
0.0746741
0.0982232
0.111928
0.278958
0.073879
0.175849
0.0339982
0.022292
0.0638938
0.105211
0.235697
0.32135
0.189195
0.175828
0.156273
0.143879
0.0861714
0.0706316
0.116253
0.33362
0.162833
0.122643
0.130916
0.205315
0.266452
0.339969
0.245303
0.189159
0.053516
0.0431716
0.00828198
0
0.00394095
0.0452541
0.113934
0.379725
0.266798
0.0521647
0.00532489
0.00126927
0.00151501
0.00580487
0.0290138
0.439021
0.274144
0.01089
0.0136862
0.0359094
0.0874011
0.20434
0.124287
0.225524
0.122639
0.0117277
0.00147175
0.000444792
0.000444792
0.0122854
0.0264727
0.439021
0.358432
0.00533571
0.01659
0.0208452
0.011191
0.0443597
0.0920496
0.328154
0.136304
0.0100101
0.0399965
0.0531302
0.0278828
0.0743146
0.140106
0.229259
0.0806584
0.0456981
0
0
0
0.015347
0.0899237
0.510451
0.378186
0.0100303
0.0140411
0.0044092
0.022885
0.0288294
0.17361
0.431475
0.30034
0.0191288
0.00630591
0.0427294
0.1149
0.262139
0.0437337
0.0118436
0.000208966
0.0005508
0.00694619
0.219817
0.4386
0.434614
0.062568
0.000154207
0.000541395
0.000232027
0.00978943
0.0174831
0.066946
0.386081
0.0922443
0.00504109
0.000835862
0.00701638
0.000614881
0.0221135
0.131812
0.454088
0.22167
0.00149278
0.000716558
0.000154684
0.0121386
0.440193
0.530608
0.23396
0.0548939
0.00229571
0.00338002
0.00316533
0.0184799
0.188119
0.110406
0.0569655
0.0514561
0.00859667
0.00621023
0.00783743
0.00294439
0.0250119
0.100437
0.518504
0.210479
0.0087842
0.00447359
0.00391011
0.0107483
0.0183226
0.0255406
0.140476
0.0892881
0.0124265
0.00514672
0.0120037
0.00557073
0.025923
0.075845
0.21832
0.140516
0.0109537
0.00889331
0.0115659
0.0434517
0.181965
0.142909
0.376916
0.253825
0.125424
0.0694193
0.0793085
0.0046969
0.0311844
0.0494261
0.406482
0.188386
0.0392481
0.00483327
0.00879984
0.115916
0.239093
0.131153
0.445295
0.232704
0.126872
0.0541279
0.167185
0.102615
0.140596
0.0669242
0.136916
0.0902984
0.165723
0.074501
0.130866
0.160305
0.036176
0.0209252
0.0263167
0.0323248
0.218104
0.189091
0.363308
0.238161
0.122919
0.0486055
0.0793643
0.0525018
0.056291
0.0382747
0.431458
0.317513
0.00815256
0.0019285
0
0.00710602
0.016065
0.0399439
0.469528
0.24977
0.1219
0.0345173
0.00946424
0.0188691
0.0775221
0.112853
0.349671
0.2011
0.246087
0.167048
0.160521
0.0587256
0.0402932
0.0375541
0.152883
0.29354
0.0771521
0.0267461
0
0.0154681
0.0197107
0.0626735
0.463478
0.19852
0.190671
0.117367
0.159147
0.107487
0.0850805
0.0796992
0.312329
0.0420621
0.122571
0.152643
0.244628
0.0809444
0.112146
0.0615241
0.0423176
0.00891814
0.00560153
0.00420368
0.0199804
0.0475723
0.707909
0.347492
0.00768985
0.0475701
0.10737
0.088296
0.246796
0.128008
0.083927
0.0435626
0.0649436
0.0129081
0.0106834
0.00757786
0.0656353
0.114516
0.21716
0.0639719
0.00579658
0.000795925
0.000285285
0.00023974
0.0169024
0.0654033
0.481218
0.24555
0.00526151
0.000492696
0.00173553
0.0177818
0.03869
0.129453
0.365099
0.231925
0.0132347
0.00119389
0.000876291
0.00107799
0.233505
0.216302
0.249609
0.0565714
0.000704233
0.015299
0.00143175
0.0122704
0.354571
0.303767
0.235321
0.0809512
0.0550683
0.00998958
0.0126157
0.0126211
0.343888
0.110095
0.00170992
0.00188644
0.0074197
0.000480077
0.00561994
0.0142408
0.479422
0.194567
0.00138744
0.00041581
0.000290253
0.0174619
0.00928876
0.00164418
0.479422
0.157962
0.0119764
0.0129712
0.0190586
0.00104484
0.00167894
0.0047217
0.479422
0.260501
0.0152721
0.000950449
0.000822087
0.00640642
0.00866532
0.0136617
0.588584
0.214163
0.00920885
0.0042076
0.00471488
0.0109795
0.0246972
0.0342421
0.135968
0.107529
0.021813
0.00862329
0.0112387
0.00988783
0.0173625
0.0223249
0.590785
0.22207
0.027558
0.00700806
0.00690423
0.0115517
0.0396263
0.0865849
0.234845
0.176502
0.0404101
0.0171061
0.00916472
0.00574741
0.0583171
0.0868651
0.223861
0.153011
0.0697464
0.0134817
0.00152294
0.196573
0.28752
0.195277
0.240667
0.137703
0.105345
0.0253214
0.162086
0.00374165
0.0653648
0.247569
0.285734
0.165188
0.0790674
0.0281057
0.00179592
0.227136
0.231829
0.387736
0.303016
0.103951
0.113409
0.0742624
0.180745
0.204619
0.0891544
0.0490373
0.0292296
0.00919196
0.0148396
0.00580461
0.366891
0.210483
0.000180998
0
0
0
0.00130619
0.0136259
0.458717
0.237413
0.0674963
0.0662052
0.0439408
0.00557351
0.0191397
0.0225566
0.430483
0.207114
0.0153575
0.0118453
0.00849281
0.0129759
0.0183801
0.0631744
0.458717
0.204067
0.0512813
0.0198389
0
0.0101213
0.0615929
0.080059
0.458854
0.131585
0.142025
0.0818771
0.0937818
0.0609761
0.1267
0.075729
0.161148
0.106884
0.0427074
0.0575537
0.0699529
0.0977963
0.219804
0.199393
0.458854
0.0301627
0.0427745
0.0813382
0.18545
0.260786
0.348503
0.132545
0.0651734
0.0789178
0.177648
0.113657
0.280035
0.127195
0.139306
0.0394414
0.0280284
0.0175915
0.032343
0.0161984
0.245112
0.195029
0.0586465
0.02205
0.00897235
0.0293433
0.0614158
0.0770463
0.303454
0.399145
0.294628
0.035795
0.00837277
0.0288146
0.0656363
0.0354905
0.433658
0.254203
0.0237118
0.0143226
0.0120744
0.000837809
0.00227359
0.00147447
0.357323
0.162453
0.0293263
0.00121047
0.000296608
0.0212557
0.00767505
0.0362104
0.439788
0.185224
0.0553292
0.0163852
0.0406382
0.00627243
0.00692845
0.00450805
0.474913
0.202819
0.0117104
0.00249377
0.00733772
0.0326591
0.013318
0.0421412
0.474913
0.220181
0.134071
0.0187329
0.0354498
0.00734674
0.000864864
0.00548725
0.362152
0.207406
0.0749198
0.0161927
0.0116997
0.000321396
0.000424075
0.00372499
0.419632
0.28561
0.205299
0.0545394
0.000641342
0.000277816
0
0.0241286
0.198893
0.1985
0.227001
0.0732145
0.00268957
0
0
0.000574767
0.106745
0.164308
0.447604
0.312233
0.000363978
0.00339363
0.00424123
0.00911967
0.165099
0.142843
0.191612
0.0696348
0.00464512
0.00754764
0.0138629
0.0298968
0.138011
0.136986
0.0371047
0.0206439
0.00682681
0.00161072
0.000440396
0.000882257
0.021242
0.0750721
0.651198
0.440548
0.00733248
0.00644287
0.0136582
0.0825894
0.25064
0.150191
0.26903
0.128575
0.0124166
0.0142158
0.0260972
0.103687
0.234852
0.215092
0.134571
0.0661539
0.00756595
0.0937725
0.0615726
0.167248
0.220374
0.144628
0.205414
0.219373
0.215088
0.0747177
0.0940394
0.186234
0.33889
0.173884
0.0876231
0.0528277
0.0303487
0.188889
0.143496
0.124928
0.162615
0.108587
0.129917
0.174017
0.453127
0.11396
0.0182064
0.03482
0.0321107
0.00940127
0.0348996
0.0731187
0.410879
0.176892
0.0507902
0.02265
0.0170762
0.010523
0.0125724
0.0497432
0.462768
0.0998915
0.02922
0.0111401
0.0189085
0.00982804
0.0447806
0.0655705
0.462768
0.229778
0.0988085
0.0372647
0.0211173
0.000493422
0.0164734
0.0309763
0.462768
0.136582
0.148841
0.181243
0.146117
0.0711237
0.105829
0.0916658
0.282549
0.0250163
0.0923479
0.276769
0.34575
0.195176
0.155412
0.0500341
0.00904241
0.219267
0.219937
0.174999
0.117646
0.0207704
0.104166
0.0438765
0.33338
0.0483296
0.15679
0.256144
0.276493
0.10517
0.180367
0.0314793
0.0592862
0.00561083
0.0170979
0.0987005
0.207166
0.150106
0.0662006
0.0113932
0.00458774
0.0137296
0.0276991
0.051867
0.214373
0.103276
0.0120239
0.0113938
0.00945708
0.00706947
0.102422
0.119253
0.152571
0.0860983
0.0733795
0.0118248
0.00382997
0.024848
0.655605
0.514513
0.168896
0.0386365
0.00649213
0.00872599
0.0168872
0.0122563
0.0119392
0.0504725
0.359515
0.162808
0.00345181
0.00243839
0.0109806
0.0433944
0.0109017
0.0364577
0.439097
0.23591
0.113789
0.00663797
0.0380034
0.0299582
0.313223
0.406859
0.212795
0.0902242
0.000828771
0.000600962
0.015426
0.158607
0.170999
0.176043
0.28009
0.191597
0.0812012
0.0126764
0.0460613
0.000459481
0.00701788
0.0346355
0.105376
0.11194
0.233491
0.122404
0.0128145
0
0.000558258
0.00383549
0.0227213
0.0458619
0.576812
0.40171
0.0113316
0.00183793
0.0145754
0.0600654
0.0870556
0.126506
0.118764
0.0564477
0.0260361
0
0.00394094
0.0268205
0.0475401
0.102947
0.459894
0.281372
0.0459795
0.000151196
6.47982e-005
0
0.000669648
0.00893386
0.427841
0.226489
0.00244915
0.000604783
0.00200962
0.030781
0.134281
0.0832166
0.31858
0.144306
0.0114297
0
0.000107946
0.00329403
0.00788339
0.0310952
0.417212
0.25584
0.00668443
0.00228099
0
0.00669793
0.0574324
0.0788116
0.427841
0.375227
0.0296394
0.0311256
0.04505
0.0942205
0.314292
0.16783
0.105696
0.0611843
0.02602
0.122189
0.122264
0.0765529
0.177836
0.137819
0.0692923
0.116112
0.236829
0.0320718
0.00313057
0.00858233
0.132748
0.147065
0.386901
0.323424
0.138338
0.182491
0.098248
0.024554
0.0802347
0.105492
0.116505
0.289136
0.411781
0.0826076
0.11319
0.129449
0.057531
0.022657
0.0600019
0.0501216
0.234295
0.268704
0.16374
0.251415
0.0412145
0.00071049
0.0275395
0.014729
0.246457
0.163259
0.306747
0.210576
0.0413615
0.0146606
0.0273311
0.0826606
0.242669
0.274792
0.324792
0.395086
0.0404846
0.000177623
0.00977459
0.0153738
0.242793
0.343707
0.150442
0.145713
0.0654239
0.0209029
0.060548
0.0289144
0.238044
0.118824
0.158672
0.12053
0.15759
0.0875767
0.107532
0.0202807
0.0631156
0.357512
0.178244
0.145515
0.0218532
0.00422872
0
0.0112412
0.24006
0.166991
0.511383
0.290539
0.0418589
0.0197954
0.00225009
0.00469973
0.0659773
0.0118268
0.208293
0.0945542
0.0333127
0.0223416
0.0192091
0.00275588
0.00104068
0.0129852
0.459384
0.272154
0.0123317
0.00510348
0.00279726
0.00112946
0.00190894
0.0403016
0.459384
0.2834
0.010234
0.00697995
0.0017352
0.00092033
0.00501627
0.0426422
0.459384
0.3279
0.0112992
0.0227271
0.00872464
0.00211263
0.0206135
0.0331396
0.529963
0.378389
0.0302859
0.0232765
0.00212543
0.000810723
0.00603691
0.154657
0.338517
0.16226
0.0368334
0.0466038
0.0645569
0.0538442
0.0449926
0.0289128
0.370223
0.321323
0.0408537
0.0383467
0.0126982
0.0353339
0.0301973
0.0604713
0.202509
0.136189
0.0455925
0.0390042
0.0563109
0.143052
0.0809213
0.00870369
0.0300585
0.118568
0.211863
0.223922
0.093752
0.0438505
0.0460732
0.000941016
0.013171
0.0737229
0.214667
0.214222
0.257988
0.239964
0.078008
0.0723625
0.0674147
0.109494
0.271694
0.312515
0.0694949
0.0610203
0.067986
0.0586708
0.00784959
0.10963
0.472122
0.300863
0.111243
0.0869903
0.0585021
0
0.000580141
0.00805184
0.0401859
0.0891667
0.279037
0.216167
0.018058
0.0123006
0
0
0.0086502
0.0563687
0.539172
0.474467
0.148749
0.00729913
0.00038676
0.0182721
0.118968
0.0858509
0.103627
0.0917039
0.0429744
0.0498528
0.0155187
0.0143699
0.0556437
0.0288352
0.22524
0.27747
0.305646
0.0744207
0
0
0.00630195
0.0165862
0.231154
0.228472
0.2859
0.22015
0.0297969
0.00253759
0.00157549
0.00474797
0.0376714
0.106385
0.457315
0.160089
0.020604
0.0091124
0.0351508
0.00282217
0.0570675
0.104594
0.348669
0.335782
0.0219759
0.00856633
0.0319549
0.00641716
0.017272
0.0579621
0.457315
0.16456
0.12182
0.0410585
0.00126835
0
0.000154196
0.037712
0.433183
0.176906
0.123488
0.0759045
0.00507339
0
0.00126928
0.0272076
0.453386
0.143501
0.00348093
0.00100621
0.00322646
0.00947059
0.0214946
0.0688978
0.453386
0.0954813
0
0.00308833
0.026328
0.0606211
0.0555306
0.101266
0.453386
0.209918
0.156041
0.0355436
0.00258567
0.00158535
0.0056425
0.0274157
0.434603
0.153947
0.508591
0.254664
0.0174841
0.0142919
0.00569766
0.0186525
0.105875
0.142083
0.0685742
0.0479339
0.0767082
0.0756432
0.0510788
0.0790729
0.315927
0.131604
0.254188
0.278854
0.123842
0.0584644
0.0194009
0.0285067
0.0633985
0.100483
0.626307
0.371505
0.0330064
0.0249227
0.00556007
0.00835431
0.0114331
0.0958189
0.261107
0.288908
0.0342475
0.038697
0.0262922
0.0139001
0.0961371
0.0871252
0.20955
0.278829
0.110417
0.0772132
0.0292648
0.0448667
0.0316003
0.117407
0.0947496
0.092716
0.0548644
0.0830152
0.0528431
0.0812487
0.143139
0.073097
0.124659
0.357549
0.116288
0.136267
0.0551726
0.0873816
0.191713
0.0842971
0.0602774
0.181976
0.255092
0.195273
0.128066
0.230186
0.15646
0.157088
0.11053
0.207746
0.123096
0.102757
0.0591467
0.0936057
0.239191
0.116652
0.124905
0.279243
0.255423
0.169774
0.129893
0.148582
0.130127