0.137426
0.167107
0.127382
0.0728771
0.0476307
0.139138
0.202063
0.31465
0.134764
0.133428
0.0673795
0.0550512
0.048691
0.260932
0.21447
0.158705
0.312689
0.145986
0.111831
0.0452443
0.0239693
0.0403747
0.096982
0.392502
0.300739
0.218918
0.0801973
0.040163
0.024654
0.117368
0.136969
0.259393
0.0916718
0.0651624
0.0535953
0.0958334
0.158204
0.138273
0.128293
0.203697
0.090928
0.124983
0.0987292
0.200769
0.196006
0.126022
0.207455
0.356928
0.189132
0.154644
0.0628652
0.0575567
0.0743562
0.0965694
0.163855
0.225511
0.113547
0.301668
0.296295
0.18253
0.0991538
0.0984873
0.272769
0.228813
0.05603
0.143701
0.0901153
0.155824
0.0557832
0.0989958
0.0966933
0.108159
0.079856
0.164194
0.150605
0.080195
0.0456553
0.106996
0.127489
0.138044
0.0974969
0.403616
0.314769
0.135374
0.0239266
0.0244379
0.0599222
0.0638954
0.403616
0.403616
0.217323
0.0431247
0.0113449
0.0191368
0.0331804
0.288868
0.0677664
0.0525212
0.103316
0.0289174
0.0489762
0.0608898
0.170051
0.178443
0.140933
0.0809932
0.0658505
0.0155708
0.0662237
0.0542074
0.212343
0.288097
0.393486
0.0725798
0.0440603
0.00783193
0.0247602
0.0226514
0.0646484
0.41868
0.418666
0.0155605
0.0173546
0.00389214
0.0345714
0.0298398
0.102524
0.41868
0.15826
0.0838501
0.0231618
0.0236682
0.0153147
0.0155559
0.0848218
0.282472
0.128553
0.0829758
0.0369439
0.0476304
0.0319375
0.0598592
0.0969265
0.294287
0.371045
0.0121467
0.0173642
0.00466632
0.00476588
0.013156
0.0624175
0.420355
0.25446
0.0202399
0.015222
0.00394882
0.00943965
0.190025
0.335982
0.420355
0.0761435
0.0644145
0.0717064
0.0520284
0.071633
0.0990315
0.119279
0.173565
0.0790489
0.0661524
0.1098
0.0913459
0.112039
0.103194
0.105289
0.102717
0.0540009
0.0279821
0.0226881
0.00329361
0.0435934
0.45837
0.45837
0.236116
0.0831394
0.0701387
0.0579622
0.0758317
0.125469
0.45837
0.263164
0.0601144
0.077093
0.044601
0.13832
0.151693
0.148491
0.110171
0.134014
0.167693
0.100733
0.143274
0.151367
0.121334
0.177991
0.181068
0.152592
0.173872
0.182319
0.118363
0.130993
0.147936
0.0973101
0.223265
0.144672
0.115241
0.30773
0.239587
0.171894
0.0719041
0.0707103
0.216714
0.318654
0.328826
0.22658
0.0884921
0.114123
0.0792299
0.0622484
0.0298559
0.164419
0.242296
0.168915
0.107
0.0829218
0.0968704
0.0927987
0.0495033
0.224401
0.28666
0.231676
0.0647689
0.159934
0.0688132
0.181732
0.158359
0.232503
0.276686
0.250285
0.228096
0.182875
0.121311
0.20721
0.0800651
0.20614
0.240948
0.0716812
0.127022
0.102702
0.0630508
0.0360663
0.0339666
0.104204
0.142116
0.069475
0.400129
0.360825
0.0814475
0.00265642
0.0267945
0.0852322
0.0652552
0.0692436
0.400129
0.295997
0.0769418
0.0656679
0.0155512
0.0429558
0.059786
0.0279843
0.400129
0.382623
0.0296714
0.00201856
0.0103246
0.0186137
0.00668894
0.0507969
0.389691
0.327818
0.0700115
0.0250239
0.0052638
0.0154236
0.0152429
0.28842
0.367196
0.259128
0.0538211
0.0696824
0.00506388
0.00499592
0.155941
0.0205952
0.222473
0.169146
0.0794409
0.0929757
0.0461236
0.0165526
0.000964493
0.105778
0.191672
0.18834
0.163582
0.304836
0.232059
0.141053
0.0589653
0.273228
0.112317
0.0605538
0.0102927
0.0266239
0.0430058
0.0758049
0.298338
0.227583
0.0142581
0.0300817
0.011795
0.0137698
0.179191
0.195904
0.368084
0.109774
0.120659
0.0784186
0.0573273
0.171396
0.259085
0.190906
0.11409
0.0991121
0.0271506
0.04085
0.0360345
0.0625946
0.373064
0.373064
0.19411
0.230803
0.013399
0.0556082
0.0392032
0.0230802
0.13503
0.178493
0.2699
0.138177
0.00898302
0.0237673
0.0769785
0.0628338
0.284243
0.330771
0.247543
0.165234
0.0968921
0.119872
0.112739
0.0473253
0.257892
0.296304
0.169399
0.0879159
0.161956
0.225735
0.274434
0.136094
0.192125
0.175922
0.0601354
0.00879961
0.000871969
0.0026414
0.02763
0.036818
0.383419
0.318066
0.0616919
0.0211662
0.0117703
0.00760046
0.0218886
0.0311683
0.403113
0.350457
0.0287668
0.000624588
0.0277564
0.0504856
0.0971161
0.0638621
0.22983
0.151089
0.00609992
0.00197038
0.000740471
0.00213877
0.00359925
0.00300831
0.403113
0.403113
0.0108608
0.102566
0.0462872
0.0202271
0.0394478
0.0235387
0.273753
0.229765
0.0572464
0.238481
0.124025
0.061604
0.0163737
0.0409018
0.0982197
0.179019
0.173335
0.0313764
0.0141654
0.0032854
0.00742884
0.0216979
0.461751
0.461751
0.0421847
0.151518
0.137407
0.0639846
0.0291974
0.170964
0.266065
0.264208
0.109067
0.100954
0.0436584
0.103665
0.0820664
0.119886
0.203169
0.193138
0.235864
0.142468
0.178896
0.267238
0.19849
0.102232
0.113426
0.129467
0.116268
0.0525797
0.0379039
0.0739612
0.35928
0.135093
0.232819
0.0889713
0.121762
0.031936
0.0521843
0.253851
0.426014
0.232401
0.138328
0.0544958
0.05692
0.073802
0.541019
0.472823
0.147484
0.0523265
0.0119122
0.0294082
0.0361774
0.0111646
0.350439
0.195828
0.0132876
0.00698392
0.0181194
0.0251045
0.0166686
0.0111883
0.0953004
0.228914
0.376308
0.151316
0.0115076
0.0287648
0.0259728
0.0124655
0.0300717
0.0271581
0.0427083
0.0307565
0.014385
0.024997
0.0311998
0.0355825
0.0468013
0.0352442
0.120371
0.0583565
0.0537186
0.0215715
0.00275753
0.206884
0.113238
0.0562081
0.199723
0.204858
0.320484
0.231302
0.0573305
0.0513788
0.0198485
0.0258832
0.344003
0.0928344
0.0129697
0.0162476
0.0113551
0.373506
0.161115
0.0977644
0.451471
0.207977
0.170494
0.150717
0.155455
0.147396
0.0697866
0.0456474
0.0394094
0.0990469
0.192585
0.166689
0.0999016
0.213943
0.0243499
0.0280699
0.0153392
0.029353
0.18725
0.225803
0.335639
0.342888
0.0770452
0.0405193
0.0591295
0.04354
0.0820183
0.0987021
0.3408
0.407524
0.0129057
0.00667891
0
0
0.00639152
0.0474752
0.407524
0.286511
0.115965
0.0643652
0.0357142
0.0132653
0.0777211
0.136201
0.386647
0.140705
0.188377
0.172713
0.110807
0.0539334
0.0375684
0.0337391
0.142399
0.434604
0.0279714
0.0347764
0.0558246
0.00844309
0.0119028
0.0505279
0.434992
0.194494
0.0539413
0.0721167
0.210314
0.0506069
0.0495051
0.0541969
0.273011
0.0134558
0.0734145
0.107439
0.110451
0.0653823
0.124575
0.0644777
0.0195219
0.00264551
0.00426886
0.00854445
0.00967832
0.0327201
0.677441
0.568618
0.00401797
0.0409187
0.0301639
0.0527369
0.177217
0.0496877
0.0450159
0.0322145
0.0509318
0.0183879
0.0133164
0.0155911
0.0950662
0.105096
0.134303
0.110261
0.0170998
0.00229925
0.00197653
0.00090009
0.0299059
0.0828929
0.394084
0.301719
0.00958181
0.0186837
0.0399755
0.0512331
0.126312
0.283469
0.276105
0.20577
0.0322811
0.00279204
0.00289551
0.00373931
0.256582
0.198898
0.132449
0.0776032
0.00176855
0
0.0271311
0.117553
0.419141
0.341746
0.168948
0.138362
0.010851
0.0587872
0.057546
0.0584453
0.306107
0.141932
0.0701913
0.00614887
0.0775035
0.00855165
0.0251548
0.0702006
0.424713
0.36362
0.0520894
0.00321917
0.00785749
0.152879
0.109467
0.0693136
0.164281
0.102622
0.126976
0.181193
0.196648
0.0152859
0.0629594
0.0438177
0.424713
0.370614
0.0912432
0.0651953
0.015062
0.0123097
0.0162698
0.0627707
0.443915
0.352142
0.0131983
0.0109064
0.0129472
0.0271464
0.0199317
0.0302121
0.0585259
0.0430259
0.010353
0.0108013
0.022805
0.0124389
0.0182119
0.0246018
0.637539
0.408964
0.0293127
0.0129331
0.0160825
0.0299976
0.0171361
0.0178499
0.0664948
0.0784056
0.0186575
0.0294369
0.0423504
0.0502239
0.0266853
0.0349032
0.187227
0.0844744
0.00925843
0.0279458
0.0175224
0.415558
0.185793
0.153828
0.286916
0.128087
0.0342135
0.0636229
0.145041
0.0323616
0.059585
0.180613
0.108031
0.129513
0.0421228
0.0315469
0.0202898
0.379252
0.292905
0.42157
0.121716
0.130342
0.118032
0.082729
0.155538
0.318142
0.0704617
0.0492346
0.0389179
0.0159306
0.0119199
0.0189894
0.274778
0.363597
0.00563987
0
0
0
0.000437606
0.0124701
0.39623
0.316528
0.0845931
0.0823203
0.0153611
0.00846109
0.0287438
0.0209721
0.330329
0.313522
0.00954781
0.0204198
0.0142815
0.000409198
0.000259092
0.0646752
0.39623
0.330389
0.0108185
0.0234555
0.0413236
0.00715215
0.0186841
0.0670987
0.450951
0.153007
0.0370188
0.0466261
0.147916
0.0385359
0.0385355
0.0674836
0.213157
0.190372
0.0368136
0.0847806
0.121269
0.0670963
0.116185
0.256063
0.450951
0.0487593
0.0369048
0.0733184
0.208624
0.222611
0.175789
0.181442
0.146261
0.0821787
0.0617868
0.0581164
0.245812
0.076383
0.0425415
0.051952
0.0910125
0.0288552
0.01988
0.0129366
0.311416
0.244258
0.0233966
0.0442405
0.0409591
0.0376562
0.0392709
0.052869
0.226069
0.328683
0.132178
0.0758755
0.0602852
0.0331279
0.0307095
0.0157651
0.546208
0.357689
0.024428
0.0274811
0.0349726
0.00131353
0.00135389
0.00169724
0.303491
0.150311
0.0113762
0.00246707
0.00193109
0
0.00514909
0.0531565
0.410662
0.224206
0.11041
0.0931036
0.0155167
0.00316475
0.00484537
0.000807556
0.399686
0.204272
0.0197114
0.0105238
0.00290298
0.0210615
0.0134767
0.0159761
0.410662
0.386206
0.263693
0.106355
0.0102359
0.132735
0.0748516
0.0840365
0.0937083
0.0813819
0.128796
0.205068
0.100514
0.0170947
0.0374572
0.0319073
0.405006
0.280947
0.123881
0.0966527
0.00709427
0.186677
0.234308
0.184042
0.135917
0.176121
0.0977096
0.0795045
0.0568458
0.0788956
0.095663
0.12659
0.19472
0.325905
0.413588
0.186466
0.0256151
0.00510102
0.00816787
0.0110267
0.357328
0.246888
0.102099
0.027765
0.00995555
0.0119109
0.013382
0.0108343
0.0434665
0.0595082
0.0168567
0.0192036
0.0326803
0.0286925
0.038098
0.0505655
0.114596
0.203909
0.677289
0.375848
0.0178143
0.0274999
0.0216806
0.033523
0.0993311
0.0379742
0.194048
0.118875
0.0198663
0.0144231
0.0182767
0.0942114
0.0914157
0.150676
0.0964244
0.0673533
0.0295524
0.144812
0.0950946
0.206303
0.0879758
0.16239
0.237636
0.225295
0.296779
0.0744165
0.106949
0.0692952
0.187896
0.0706575
0.0616519
0.0706022
0.065666
0.413164
0.155061
0.0899127
0.172326
0.0729046
0.124154
0.198574
0.477285
0.174775
0.0279212
0.0374628
0.0056729
0.0111748
0.048412
0.0519329
0.338163
0.25855
0.0313989
0.0332451
0.0160181
0.000281811
8.01757e-005
0.031658
0.402308
0.288353
0.0201831
0.0168722
0.0193565
0.0141904
0.0269985
0.0385487
0.402308
0.402308
0.0548562
0.0203562
0.0137651
0.00611206
0.00222675
0.000959678
0.402308
0.214231
0.174585
0.170431
0.153259
0.0438349
0.057113
0.101464
0.27581
0.0565536
0.151437
0.165955
0.277745
0.148721
0.0878382
0.0603163
0.0303119
0.425686
0.194372
0.0818967
0.111657
0.0185235
0.0119815
0.0559138
0.44392
0.138242
0.168902
0.102449
0.20555
0.0695813
0.0304981
0.0857993
0.134448
0.0106444
0.0330474
0.0501622
0.130138
0.103735
0.0360257
0.0145003
0.00775988
0.013688
0.0279217
0.0497588
0.225862
0.123691
0.0108771
0.0058734
0.00649699
0.0206974
0.108336
0.0802871
0.0900564
0.0495004
0.0337595
0.0397733
0.0179892
0.0310736
0.691239
0.54703
0.124898
0.0540572
0.0141859
0.0114377
0.00656657
0.00389909
0.0226755
0.0524739
0.362677
0.172743
0.0240728
0.00999262
0.00118147
0.0333096
0.0621688
0.0300337
0.322716
0.357408
0.188765
0.096956
0.00620693
0.0450215
0.295819
0.379755
0.191844
0.0678579
0.0651656
0.0115519
0.0021017
0.0835649
0.122727
0.163073
0.208436
0.17077
0.173684
0.276524
0.032522
0.131526
0.245525
0.212924
0.15967
0.0885244
0.0370345
0.0191524
0.0573289
0.0677832
0.182551
0.230958
0.0898312
0.144129
0.269712
0.114694
0.0624808
0.285997
0.223856
0.181278
0.145807
0.0987084
0.100192
0.0772641
0.210942
0.176567
0.227034
0.2508
0.0833022
0.128741
0.104834
0.122483
0.37458
0.0197413
0.0636189
0.0809414
0.0202293
0.0571208
0.404045
0.239514
0.0242836
0.00755256
0.0040027
0.0126899
0.0699659
0.0470509
0.279594
0.176191
0.0044733
0.0920852
0.104376
0.131544
0.0591152
0.0767194
0.249093
0.219964
0.262643
0.037309
0.00477387
0.00854786
0.0540879
0.101381
0.424144
0.424144
0.0750113
0.0261659
0.0549528
0.0543941
0.204661
0.122975
0.0886273
0.055235
0.0153381
0.223204
0.101711
0.106494
0.229953
0.107961
0.0952395
0.0769392
0.26394
0.0267579
0.000667693
0.00974475
0.0830363
0.157561
0.377591
0.30675
0.123212
0.292231
0.046788
0.0463858
0.111891
0.114911
0.188288
0.251942
0.406762
0.222859
0.0976581
0.104188
0.0716045
0.0419406
0.0437557
0.0171837
0.285507
0.321104
0.150977
0.128168
0.0625577
0.0217473
0.00849751
0.000973773
0.377467
0.357532
0.184975
0.150795
0.0562398
0.0281862
0.0428746
0.0460568
0.299711
0.298153
0.215695
0.207342
0.0768939
0.0155656
0.00671886
0.00182277
0.212631
0.370175
0.0947555
0.0416931
0.135272
0.0188498
0.00953506
0.0412044
0.394966
0.138733
0.102485
0.0448948
0.195893
0.0600686
0.0247682
0.0631816
0.11524
0.306044
0.116308
0.0622473
0.0571458
0.00502326
0.00289119
0.00475448
0.233584
0.173063
0.473709
0.325882
0.0516665
0.00947579
0.00313553
0.00479501
0.07127
0.0120299
0.1681
0.108116
0.0272973
0.0128605
0.00829958
0.0101114
0.00494095
0.0480748
0.409273
0.327406
0.0213555
0.00150777
0.00984123
0.002808
0.00491648
0.0461832
0.409273
0.367978
0.0136426
0.00847179
0.00131155
0.0137734
0.0261895
0.0724451
0.409273
0.389444
0.0431115
0.0424914
0.0210584
0.0313958
0.0707277
0.114644
0.408919
0.384237
0.09116
0.00582257
0.0657967
0.018244
0.0266014
0.158285
0.128615
0.174041
0.171667
0.0293474
0.104396
0.249553
0.155332
0.103314
0.222056
0.235559
0.101009
0.0822156
0.0911478
0.0516917
0.154215
0.187549
0.0936958
0.181574
0.187201
0.0831975
0.0895126
0.113198
0.32377
0.177066
0.126607
0.106773
0.0866316
0.105715
0.0471943
0.113735
0.227339
0.156575
0.222154
0.187205
0.054234
0.0665957
0.0294478
0.11128
0.365452
0.131193
0.237462
0.246927
0.181742
0.0771808
0.0257289
0.170538
0.191277
0.125251
0.362735
0.279239
0.128461
0.0364406
0.0649322
0.16471
0.205131
0.131731
0.158295
0.0979434
0.0309284
0.0423773
0.0804393
0.154559
0.341969
0.0892271
0.0270613
0.00834895
0.0111385
0.0879585
0.360822
0.352973
0.212384
0.12441
0.185565
0.103713
0.0456389
0.100705
0.107276
0.196099
0.226428
0.123889
0.04561
0.0422951
0.098772
0.207183
0.207515
0.276122
0.275965
0.105646
0.00871939
0.0121504
0.00120889
0.0358453
0.20794
0.237968
0.258461
0.362119
0.0124372
0.0160756
0.000264132
0.0112585
0.0543681
0.13292
0.393018
0.167522
0.038182
0.0619787
0.0983897
0.0925023
0.0845572
0.16838
0.24845
0.34752
0.0194099
0.0911341
0.101909
0.0276301
0.0573963
0.166728
0.393018
0.356949
0.0429668
0.0288561
0.00263843
7.66766e-005
0.0150449
0.0463645
0.371427
0.316927
0.047474
0.0355517
0.014124
0.00800461
0.0131139
0.0227073
0.371427
0.247445
0.0122316
0.0420249
0.0653032
0.0189358
0.150264
0.146067
0.269969
0.26582
0.125028
0.0403634
0.0347892
0.0504687
0.212349
0.166492
0.317557
0.229066
0.0882536
0.0278062
0.0060848
0.0059045
0.0171472
0.0159436
0.259074
0.142057
0.393516
0.302085
0.0333154
7.65588e-005
0.0145093
0.0241506
0.11104
0.225688
0.218384
0.0633104
0.0167974
0.0484401
0.21645
0.140401
0.218729
0.189098
0.247455
0.206229
0.0837599
0.101064
0.327306
0.147075
0.21577
0.082833
0.397335
0.278558
0.0276318
0.0108437
0.0104391
0.0545224
0.116568
0.0897277
0.173727
0.120177
0.0121077
0.0524891
0.0257969
0.115101
0.252346
0.23096
0.104202
0.141557
0.0858933
0.0678984
0.09556
0.0975079
0.353994
0.315148
0.0352103
0.0301264
0.0468648
0.0309045
0.0320674
0.213433
0.417449
0.0640236
0.048361
0.0423274
0.0188894
0.0709527
0.0494256
0.0825387
0.260245
0.165004
0.0281652
0.102238
0.0716821
0.0719004
0.0423235
0.0453145
0.266804
0.193163
0.0171791
0.00920302
0.0113324
0.0196864
0.0196389
0.305982
0.472126
0.357668
0.0809249
0.0460535
0.0109573
0.0196724
0.0140821
0.15364
0.472126