0.132718
0.0289575
0.0146562
0.075596
0.0739873
0.0905426
0.187877
0.150765
0.102925
0.0116242
0.0100961
0.0444587
0.05108
0.149043
0.227783
0.21702
0.159278
0.0776847
0.0719406
0.17435
0.171455
0.100003
0.148289
0.130486
0.287607
0.495723
0.287933
0.06358
0.11202
0.18841
0.238171
0.205537
0.0473111
0.0602895
0.0185125
0.00269949
0.00413892
0.0344679
0.0757245
0.077968
0.11372
0.377984
0.173537
0
0.00800184
0.0383738
0.0619023
0.102103
0.0839389
0.466561
0.246612
0.00171671
0.00311707
0.0203584
0.0428747
0.0446176
0.0818267
0.466561
0.466561
0.00343988
0.00143283
0.00161314
0.0140624
0.0294795
0.200863
0.286086
0.129527
0.00720879
0.0210732
0.0243903
0.0145266
0.147765
0.360063
0.143001
0.0325255
0.0317753
0.0569876
0.0936101
0.116194
0.235098
0.126925
0.377996
0.292842
0.0128027
0.0042952
0.00036747
0.00276563
0.0737829
0.315912
0.253955
0.0840462
0.010611
0.00318282
0.00101509
0.0525794
0.377996
0.247077
0.0963841
0.0423777
0.0449059
0.0416442
0.0614365
0.155702
0.251656
0.284449
0.132146
0.0371446
0.0340417
0.0551741
0.00198419
0.103152
0.422439
0.185297
0.0645397
0.00772849
0.00165611
0.0118888
0.0181578
0.15856
0.422439
0.189432
0.0531462
0.0302409
0.0231965
0.0197811
0.0306514
0.187985
0.422439
0.211071
0.134516
0.00979362
0.00406563
0.0245069
0.0135901
0.120988
0.325288
0.107008
0.0806191
0.0455975
0.0101619
0.0276212
0.16904
0.359965
0.20071
0.174334
0.0489395
0.0173077
0.0138983
0.00965083
0.0457915
0.190214
0.376838
0.0699311
0.0161314
0.000484004
0.00675654
0.0254143
0.376838
0.376838
0.236293
0.0925063
0.0793554
0.0515546
0.033608
0.0539709
0.191762
0.239424
0.106896
0.172086
0.0911913
0.0489656
0.0628069
0.139673
0.0487125
0.0753368
0.154477
0.0424216
0.0522949
0.0573098
0.00907155
0.0806032
0.433696
0.433696
0.0890114
0.141889
0.088387
0.117073
0.0510799
0.214512
0.433696
0.210851
0.114013
0.132906
0.0605003
0.0248635
0.0424029
0.171142
0.0816673
0.108557
0.155383
0.0978488
0.0309694
0.114887
0.100912
0.166656
0.172871
0.179418
0.140496
0.121703
0.0747494
0.0349743
0.0542237
0.260833
0.398792
0.310581
0.109756
0.100673
0.140555
0.0966453
0.124815
0.383054
0.263181
0.284014
0.0873156
0.046372
0.104101
0.0870584
0.0608674
0.0410909
0.0197523
0.0332824
0.0270501
0.0854377
0.450339
0.360948
0.0358383
0.0316305
0.0249328
0.0373288
0.0232815
0.0282895
0.245402
0.246562
0.147554
0.117051
0.00915724
0.0286777
0.0397068
0.0393434
0.450339
0.450339
0.103357
0.0610417
0.00293768
0.0131679
0.0230692
0.0509914
0.437102
0.339571
0.00373742
0.00246016
0.0049812
0.00851977
0.00650696
0.0414079
0.437102
0.29125
0.0182691
0.00770347
0.000771562
0.00703268
0.033251
0.0358523
0.437102
0.284889
0.0237596
0.0125876
0.00142655
0.00368752
0.00493888
0.0429699
0.277451
0.0889742
0.033834
0.0394051
0.00995002
0.0127455
0.0672548
0.0520472
0.47742
0.288443
0.102125
0.0435996
0.0293221
0.00893748
0.0531883
0.207771
0.33053
0.242232
0.0857245
0.0616825
0.0634733
0.0829056
0.244145
0.0482341
0.0995374
0.100787
0.101555
0.112564
0.140937
0.0599902
0.115886
0.112844
0.191508
0.226428
0.0935645
0.181688
0.2479
0.154065
0.142238
0.0950206
0.0808804
0.0448457
0.0125627
0.0610861
0.126458
0.177351
0.295763
0.0672047
0.0667624
0.0972413
0.13309
0.110989
0.174872
0.220686
0.323724
0.057114
0.0825131
0.0712573
0.0188681
0.11685
0.310524
0.234029
0.122031
0.141529
0.0970087
0.138924
0.118111
0.138795
0.336513
0.371589
0.198734
0.0838748
0.0548279
0.102237
0.148185
0.0820525
0.142473
0.209656
0.175647
0.0284224
0.0131208
0.0510085
0.132616
0.0759539
0.416513
0.425805
0.0841392
0.171129
0.182199
0.24986
0.239521
0.0892546
0.114529
0.152001
0.0707605
0.0612387
0.109391
0.180181
0.287379
0.0740266
0.14134
0.192373
0.0078237
0.00164085
0.00814124
0.0144904
0.0194989
0.0578467
0.407096
0.339597
0.0107762
0.0343052
0.0109756
0.0243851
0.00517747
0.107296
0.407096
0.237294
0.0361748
0.00627294
0.00444434
0.0115798
0.0472932
0.0428883
0.216361
0.263134
0.00324279
0.00958277
0.000827614
0.000331494
0.00799365
0.0430316
0.407096
0.386717
0.0116714
0.0921387
0.0634838
0.0192706
0.0222844
0.160272
0.478121
0.286198
0.0862501
0.163352
0.13679
0.0424803
0.0768942
0.265336
0.144415
0.168339
0.076625
0.0406226
0.0191371
0.0115172
0.0140235
0.0696847
0.478121
0.285053
0.040163
0.0954013
0.0534668
0.0510197
0.063244
0.0995362
0.247576
0.076062
0.0541839
0.0212498
0.189711
0.135397
0.267144
0.166063
0.00296909
0.0173954
0.0403107
0.00590985
0.257504
0.264728
0.273979
0.132324
0.00215313
0.0103333
0.0124215
0.020616
0.291228
0.140027
0.418212
0.197522
0.0133753
0.0477174
0.0631981
0.00423786
0.0834115
0.0815668
0.418212
0.243958
0.00248886
0.0148835
0.0145776
0.0216097
0.420281
0.335577
0.204556
0.134945
0.0222598
0.01758
0.0210795
0.048836
0.114483
0.11502
0.170892
0.239512
0.0755728
0.0207594
0.0859185
0.0371373
0.0259776
0.0578622
0.393596
0.241126
0.025972
0.0457775
0.0372808
0.0531269
0.0241433
0.0820758
0.323803
0.271083
0.133042
0.0565169
0.0827007
0.0795628
0.0269532
0.0995435
0.132527
0.123112
0.112589
0.0612669
0.0845041
0.241672
0.117002
0.121513
0.073398
0.15183
0.169406
0.16077
0.21998
0.072747
0.0587242
0.0944012
0.381733
0.183621
0.0862368
0.0349922
0.0649716
0.338388
0.140821
0.105728
0.198114
0.132587
0.0660136
0.101332
0.473634
0.109517
0.0399259
0.0224626
0.00378936
0.0385564
0.129201
0.155688
0.168568
0.231681
0.0505398
0.0358374
0.00848174
0.0202467
0.153935
0.300839
0.307647
0.211115
0.0240522
0.0102766
0.000973882
0.0118338
0.0145946
0.0483348
0.445919
0.386039
0.0165272
0.00786288
0
0.00414751
0.0426058
0.0854188
0.445919
0.354759
0.189905
0.116283
0.101073
0.0224332
0.129166
0.194869
0.226729
0.110846
0.123561
0.103718
0.166008
0.0469467
0.109892
0.0624985
0.0504172
0.383912
0.0760471
0.0384207
0.0460498
0.0390296
0.21546
0.115738
0.418235
0.109946
0.0798058
0.075495
0.0940204
0.0542223
0.312239
0.127954
0.158668
0.00687054
0.00741833
0.0425968
0.096188
0.0700559
0.111522
0.140545
0.0122486
0.00102328
0.000274726
0.0258774
0.0862375
0.0994532
0.571136
0.509314
0.00588386
0.0662076
0.0673072
0.119986
0.0900821
0.0213238
0.0629351
0.046872
0.0683757
0.0547819
0.0668154
0.160129
0.329042
0.16577
0.239754
0.149199
0.0185557
0.000300725
0.000854561
0.00614141
0.041785
0.159363
0.410365
0.175032
0.000708581
0.0153249
0.0129341
0.0211507
0.0718367
0.212474
0.261062
0.0403196
0.0266116
0.0055194
0.00856833
0.0431745
0.391881
0.297776
0.233925
0.0633157
0.00579069
0.0945484
0.0528583
0.086714
0.410365
0.315231
0.140994
0.0184253
0.0362102
0.0190402
0.090227
0.0773496
0.404772
0.211948
0.0262024
0.142501
0.0787261
0.00350748
0.0272232
0.0400354
0.420981
0.210937
0.000519535
0.0271954
0.0215544
0.0459941
0.00604567
0.07023
0.420981
0.206328
0.0600974
0.139958
0.054891
0.00555166
0.0314367
0.082355
0.420981
0.207455
0.0217407
0.0287763
0.012895
0.0366875
0.0173326
0.0295755
0.210473
0.109489
0.00427271
0.0247165
0.0335021
0.0467507
0.0136518
0.0458621
0.122578
0.0897291
0.0895078
0.0671853
0.0739703
0.146595
0.217739
0.30223
0.362716
0.164851
0.0106186
0.0188893
0.171632
0.200342
0.164305
0.301085
0.318985
0.363827
0.109933
0.0749051
0.264761
0.0455454
0.0988205
0.0911155
0.186238
0.116312
0.0880269
0.0330651
0.0656495
0.280323
0.184147
0.148065
0.0960384
0.0603242
0.0443216
0.0246273
0.42673
0.046606
0.122245
0.212512
0.294147
0.204885
0.117214
0.0654357
0.0700088
0.214364
0.210985
0.223885
0.210339
0.0523204
0.0604941
0.106272
0.340911
0.20881
0.025469
0.0210433
0.000285019
0.00259271
0.00192891
0.0120323
0.447204
0.294509
0.00980578
0.00567703
0
0.00308416
0.0206232
0.0466017
0.461458
0.177043
0.0269603
0.0187507
0.017164
0.00110415
0.00159224
0.0670368
0.347152
0.175835
0.0182307
0.0578315
0.0170932
0.0309929
0.10275
0.134061
0.430146
0.267193
0.0490858
0.0280486
0.0182897
0.0506182
0.181797
0.141591
0.392276
0.169562
0.0575452
0.0385082
0.033678
0.0648618
0.256727
0.1743
0.227341
0.102336
0.0445129
0.149736
0.109762
0.207587
0.282656
0.217574
0.231664
0.182031
0.0601012
0.0774306
0.156688
0.242369
0.180215
0.116621
0.171818
0.221673
0.0807768
0.0582416
0.020021
0.00897978
0.0473227
0.0511096
0.193034
0.192561
0.114706
0.140326
0.336053
0.242612
0.0253759
0.0100347
0.0599335
0.255631
0.0463651
0.00538217
0.0379271
0.0407059
0.0257753
0.0334488
0.265071
0.182648
0.0421539
0.0364575
0.437443
0.441513
0.0292593
0.0287639
0.162011
0.0152855
0.0142371
0.0871512
0.397977
0.209276
0.0260626
0.00280104
0.00934147
0.139519
0.0531542
0.1798
0.397977
0.147235
0.0482959
0.0186289
0.0905007
0.0136393
0.0110383
0.0606146
0.397977
0.301995
0.00329212
0.00537783
0.015373
0.0886669
0.0465267
0.131909
0.386217
0.167064
0.0481226
0.0430743
0.203816
0.0153395
0.0114029
0.0513193
0.252079
0.297355
0.143328
0.0657062
0.0542984
0.0384735
0.0654755
0.0805522
0.385908
0.210281
0.155727
0.0467323
0.0152899
0.044548
0.0979253
0.0384329
0.0649144
0.263888
0.304002
0.18255
0.0470224
0.0632859
0.111939
0.0965364
0.163403
0.16638
0.380597
0.31493
0.0411038
0.12243
0.196493
0.182091
0.245668
0.100452
0.0329039
0.0197612
0.0640254
0.107838
0.161689
0.174151
0.191795
0.248724
0.0489605
0.0403461
0.0839803
0.174655
0.224315
0.255254
0.237775
0.109885
0.0842061
0.103837
0.0769946
0.166939
0.182541
0.278784
0.38974
0.283987
0.0333226
0.0339358
0.0792026
0.0375006
0.0577774
0.0741434
0.208096
0.196924
0.145109
0.110765
0.0446971
0.105496
0.0684895
0.0540098
0.11636
0.0328287
0.103384
0.18075
0.300693
0.162339
0.142795
0.137427
0.357423
0.205943
0.0815952
0.0786399
0.0373178
0.416063
0.145544
0.0797382
0.105352
0.0252393
0.067115
0.149412
0.404952
0.0906734
0.00893389
0.00451676
0.0124292
0
0.00346711
0.0603606
0.332293
0.145099
0.0650802
0.105999
0.0266303
0.0215202
0.0537182
0.0723552
0.301406
0.210593
0.0400466
0.0317104
0.0266632
0
0.00397161
0.0586001
0.485441
0.379997
0.105792
0.0843202
0.0314732
0.0141026
0.00484118
0.0805785
0.485441
0.112567
0.143726
0.288866
0.125515
0.149723
0.102902
0.0682058
0.113747
0.0581275
0.067272
0.154626
0.175834
0.315557
0.0769688
0.0184416
0.0418577
0.29147
0.155602
0.217608
0.132353
0.129386
0.0337971
0.106292
0.356708
0.0219278
0.0541189
0.133767
0.182222
0.43502
0.0982537
0.0357652
0.0607019
0.0510306
0.0148105
0.00817958
0.0524236
0.113378
0.0313628
0.0142734
0.0665545
0.0244381
0.000628288
0.0571446
0.404148
0.271922
0.0334703
0.0214151
0.0523533
0.00797765
0.133408
0.0519463
0.0566536
0.208494
0.0749846
0.0194456
0.0187648
0.025739
0.481511
0.49788
0.309293
0.163389
0.028067
0.0181471
0.0182017
0.00422933
0.00499986
0.0392369
0.432058
0.292714
0.004652
0.00362803
0.00571808
0.0266488
0.0391618
0.0411872
0.333598
0.199833
0.00898072
0.0209213
0.085787
0.030051
0.195491
0.324949
0.390623
0.206259
0.0440302
0.00151921
0.00547903
0.0476185
0.09193
0.120235
0.325348
0.19004
0.0813008
0.0128466
0.0669949
0.108585
0.170284
0.128438
0.0449196
0.0580445
0.182065
0.140852
0.0692311
0.104311
0.238313
0.232663
0.097648
0.090523
0.269262
0.26803
0.0354074
0.124432
0.205015
0.258327
0.123021
0.0686852
0.0879362
0.0908132
0.0734814
0.173032
0.315239
0.318813
0.197596
0.0904127
0.228132
0.21913
0.0519143
0.10746
0.186117
0.318928
0.176575
0.0640961
0.0973432
0.099414
0.0344407
0.0968653
0.105497
0.372928
0.433849
0.161419
0.0863342
0.022369
0.0296201
0.096405
0.153273
0.170471
0.133831
0.0694984
0.199475
0.202119
0.0691428
0.0998904
0.0662902
0.171995
0.199876
0.111547
0.226795
0.176679
0.145589
0.0786479
0.0739872
0.145316
0.373519
0.198203
0.114875
0.0249591
0.0135647
0.241377
0.171292
0.144779
0.17571
0.0722041
0.0806498
0.0720351
0.149159
0.10708
0.0303859
0.0866007
0.159786
0.174591
0.269288
0.142382
0.161507
0.317744
0.296823
0.133578
0.0866516
0.086026
0.160143
0.093261
0.307099
0.126931
0.160577
0.186802
0.066724
0.00368125
0.00580277
0.0387243
0.214125
0.264103
0.157427
0.161978
0.0477377
0.0167317
0.00449154
0.0461577
0.409829
0.190062
0.312832
0.231686
0.0447326
0.0110718
0.00812772
0.0167278
0.234473
0.18379
0.167694
0.172753
0.0372555
0.0263223
0.00260862
0.0111969
0.44053
0.177716
0.0844905
0.124203
0.0897004
0.0717363
0.0326287
0.0473807
0.226402
0.0187911
0.169371
0.156495
0.0964672
0.152163
0.0717831
0.018984
0.0228757
0.141179
0.200919
0.123831
0.0425201
0.0521254
0.0241802
0.00665777
0.241063
0.0303805
0.541215
0.541215
0.052529
0.0513335
0.0372526
0.00226362
0.0155018
0.00641763
0.23455
0.109698
0.0143145
0.0393214
0.0287967
0.0103478
0.00622971
0.0238678
0.389367
0.385531
0.0350529
0.0151734
0.00670269
0.00702803
0.00503193
0.00555397
0.395569
0.336983
0.0225474
0.00632834
0.00777791
0.00685098
0.00457226
0.0207967
0.395569
0.395569
0.0642142
0.00717716
0.00611816
0.0138589
0.0101854
0.0713769
0.366093
0.532849
0.143907
0.0624927
0.0418895
0.000919538
0.0205326
0.0899636
0.187658
0.188994
0.189731
0.0695101
0.07741
0.0138624
0.0641387
0.0550743
0.268711
0.43236
0.126887
0.020256
0.00314285
0.00948358
0.037081
0.111067
0.172928
0.129101
0.0755054
0.0212888
0.000299303
0.0328768
0.145358
0.0875155
0.0696862
0.111605
0.12646
0.0667059
0.154694
0.0845992
0.0786672
0.0893099
0.095562
0.162181
0.151577
0.071165
0.170362
0.16902
0.163686
0.206691
0.0854921
0.0392152
0.270153
0.156283
0.172476
0.155018
0.34926
0.194758
0.0574619
0.140478
0.169469
0.12797
0.21242
0.23669
0.432183
0.0438201
0.134721
0.114141
0.0797238
0.0928517
0.136658
0.155495
0.134382
0.158036
0.086982
0.0928565
0.0848227
0.118223
0.125307
0.142669
0.214347
0.0597959
0.141831
0.294268
0.156756
0.170753
0.116601
0.104782
0.211617
0.09705
0.15273
0.459117
0.345202
0.212564
0.110322
0.0955025
0.195028
0.18209
0.0256306
0.0597047
0.0490416
0.0690469
0.0769024
0.100814
0.193323
0.274114
0.0975071
0.0296835
0.0142591
0.0370447
0.0297641
0.0792545
0.4624
0.182969
0.0417935
0.161706
0.236781
0.103454
0.0919413
0.10042
0.197842
0.351102
0.0302416
0.0107332
0.0970379
0.0507977
0.0293632
0.106837
0.4624
0.184929
0.0811119
0.02767
0.00345919
0.00845071
0.00460708
0.0394465
0.39891
0.146558
0.0592609
0.0243152
0.00842889
0.0186719
0.0134536
0.0613371
0.428204
0.210118
0.0229644
0.0340837
0.0467931
0.0401299
0.0482909
0.10457
0.428204
0.255939
0.0992236
0.104624
0.0721561
0.112319
0.14401
0.123656
0.394448
0.0740205
0.200532
0.0845136
0.0311903
0.0189143
0.00560144
0.0306474
0.187753
0.0410433
0.420179
0.420179
0.113137
0.0150949
0.00220504
0.00328146
0.0191151
0.222575
0.180689
0.1212
0.0960646
0.142071
0.0997234
0.0425283
0.143491
0.193325
0.22977
0.420179
0.248359
0.107195
0.0238885
0.00578476
0.0267334
0.0578459
0.430288
0.37191
0.0754969
0.017767
0.0245347
0.0249761
0.0265567
0.0727665
0.309865
0.180361
0.0747142
0.0623183
0.0676593
0.053482
0.0511135
0.176799
0.207623
0.354442
0.180249
0.0867614
0.0336475
0.0245069
0.0287097
0.149735
0.164578
0.29949
0.135299
0.184435
0.0859503
0.0585577
0.156239
0.0657207
0.119377
0.109755
0.115948
0.0531508
0.0181876
0.0157678
0.0601219
0.166356
0.0908232
0.0613972
0.17933
0.12874
0
0.04591
0.258466
0.0822956
0.123519
0.246028
0.246066
0.14097
0.0331187
0.021737
0.146477
0.187051
0.148526
0.337577
0.450894
0.335154
0.0498775
0.0339684
0.265921