0.053554
0.00508303
0.00204085
0.0161856
0.0546578
0.0432236
0.176987
0.248688
0.0733369
0.0149416
0.00710337
0.0328039
0.0577021
0.0198534
0.0598142
0.206803
0.164849
0.00760399
0.0195877
0.0362409
0.00640905
0.0167571
0.415491
0.462909
0.346489
0.0176316
0.00933652
0.0176161
0.0140527
0.0317915
0.209372
0.462909
0.048383
0.00612351
0.00291118
0.0209742
0.0242703
0.0012388
0.0154608
0.123626
0.0448537
0.00788868
0
0.0216332
0.0160844
0.00354771
0.00428381
0.0757765
0.31085
0.00549487
0.00194079
0.0181996
0.00885188
0.0237838
0.171538
0.562335
0.245929
0.0316508
0.00303317
0.0379593
0.0268078
0.120937
0.281534
0.562335
0.046591
0.0202232
0.0196766
0.0456414
0.0269763
0.0198465
0.0183359
0.065813
0.0810295
0.141536
0.0891781
0.0563466
0.0312629
0.0417259
0.0386035
0.22131
0.148409
0.327708
0.105413
0.0444141
0.0317317
0.0819886
0.122876
0.32013
0.343642
0.519272
0.355299
0.0699693
0.0238734
0.0337959
0.039851
0.238779
0.101199
0.0941783
0.0290972
0.0101307
0.00808973
0.0108756
0.0170417
0.262878
0.120893
0.0260323
0.00364467
0.0255656
0.047015
0.0295755
0.133437
0.279152
0.32682
0.325412
0.0996944
0.014661
0.00353448
0.0144109
0.0378288
0.395901
0.225575
0.0374228
0.00425735
0.00902703
0.0124757
0.0352391
0.331927
0.453384
0.0223183
0.0226883
0.0104671
0.0865372
0.222109
0.101886
0.151428
0.0907172
0.0367181
0.0252774
0.015197
0.0801384
0.223181
0.126565
0.14082
0.181804
0.0659981
0.0194335
0.0116546
0.0245984
0.0486748
0.0521477
0.406888
0.431937
0.179333
0.101192
0.0806304
0.0427185
0.0574363
0.105922
0.340486
0.431937
0.0663505
0.0685779
0.163025
0.0505253
0.0335116
0.0304618
0.0591071
0.12283
0.159653
0.124036
0.455326
0.174994
0.0407178
0.0467781
0.0516681
0.0875108
0.340911
0.199228
0.143225
0.0461369
0.0266895
0.0701289
0.0996613
0.229871
0.455326
0.165737
0.248444
0.0877422
0.0194854
0.05814
0.0250832
0.218097
0.0895232
0.0699103
0.26125
0.335546
0.0986158
0.0645101
0.0920811
0.0861599
0.0326154
0.0273162
0.115875
0.405908
0.178782
0.092604
0.0760749
0.0559767
0.405908
0.124393
0.206128
0.283306
0.0278761
0.018972
0.00796806
0.0960622
0.0764346
0.0707776
0.141733
0.395539
0.0532905
0.0419354
0.0122133
0.0357382
0.163043
0.00403085
0.0145066
0.0276093
0
0.0109
0.21971
0.497911
0.302058
0.00618725
0.00674996
0.00690233
0
0.0472509
0.244733
0.497911
0.059933
0
0
0
0
0.00271474
0.0366624
0.221185
0.11727
0.0358972
0.0697413
0.0381481
0.0151224
0.0118127
0.0690614
0.381017
0.155096
0.000741699
0.0175552
0.0156162
0.00184479
0.0454728
0.145546
0.396528
0.101666
0.0774668
0.105873
0.0392223
0.0203235
0.155083
0.210052
0.396528
0.0592672
0.165421
0.247937
0.0541925
0.00786109
0.0426069
0.0696127
0.216223
0.037008
0.394592
0.396528
0.0633605
0.0116716
0.105603
0.0941597
0.116193
0.0915691
0.353062
0.166216
0.0262413
0.0200784
0.074881
0.0765068
0.157955
0.207183
0.40993
0.212641
0.042061
0.0158151
0.00107396
0.0158083
0.0731746
0.0434334
0.347535
0.336319
0.0798837
0.0666771
0.0462011
0.0274757
0.034712
0.0608703
0.323783
0.229351
0.198495
0.180929
0.0513369
0.067978
0.0788568
0.243588
0.263318
0.0663329
0.0159607
0.00810885
0.0399177
0.066787
0.18916
0.151544
0.0405051
0.0133586
0.00401945
0.0141238
0.119731
0.220803
0.416409
0.0946016
0.164626
0.143807
0.112733
0.0933479
0.174905
0.159898
0.158601
0.0817829
0.0690134
0.079682
0.0375034
0.0927092
0.37251
0.412444
0.161042
0.058668
0.0328337
0.0166415
0.00589165
0.0289474
0.0566537
0.213262
0.398795
0.122021
0.0658353
0.0469835
0.0277038
0.0560285
0.19738
0.329468
0.380815
0.0424749
0.109577
0.110784
0.0764304
0.116564
0.142626
0.23634
0.110492
0.0202489
0.0677854
0.0832098
0.138661
0.151664
0.385497
0.288862
0.0955391
0.207009
0.102577
0.0366271
0.0309417
0.044983
0.271747
0.150215
0.0992238
0.432908
0.0620271
0.0178175
0.0113427
0.0216308
0.176825
0.0637388
0.122051
0.0167141
0.0132281
0.0120226
0.0354798
0.0480477
0.432908
0.277713
0.0213362
0.0345032
0.0123525
0.00758976
0.00394159
0.0393597
0.432908
0.301389
0.0214981
0.632982
0.0980071
0.111478
0.141425
0.0229187
0.0625854
0.0492707
0.170774
0.103664
0.0533909
0.124938
0.258285
0.0417172
0.0748286
0.0511832
0.0795254
0.0501561
0.0402688
0.082938
0.0528765
0.114732
0.455024
0.229304
0.028344
0.0115872
0.0232332
0.0825785
0.134066
0.122659
0.0579911
0.0657035
0.0727022
0.100591
0.00625082
0
0
0
0.000668206
0.0355815
0.162916
0.0580246
0.0710514
0.132409
0.167718
0.0711062
0.00267283
0.0271965
0.122237
0.321846
0.0380243
0.00326411
0
0
0.00429413
0.190505
0.452899
0.151198
0.118981
0.125874
0.315081
0.158209
0.0356967
0.335271
0.452899
0.00890517
0.228623
0.336305
0.244537
0.0815187
0.00893962
0.00802184
0.0222405
0.0070087
0.355236
0.406861
0.121382
0.0373124
0.0236006
0.00805443
0.00368457
0.0192954
0.0970878
0.183352
0.406861
0.252758
0.0172281
0.0826803
0.0891919
0.000888751
0.0678936
0.123623
0.292061
0.159192
0.0129372
0.00516126
0.00103921
0.0172769
0.201789
0.250345
0.117932
0.0929735
0.0274248
0.00476054
0.00502493
0.0548631
0.0994211
0.23997
0.281497
0.250845
0.129207
0.100552
0.131377
0.00236736
0.0315315
0.0698669
0.223102
0.185943
0.0263976
0.0104299
0.00334826
0.167112
0.156221
0.179779
0.441924
0.340233
0.147642
0.185969
0.152116
0.0659111
0.0347368
0.100368
0.105694
0.0753901
0.21556
0.166987
0.151331
0.110994
0.04667
0.0451683
0.0497152
0.0553579
0.262553
0.335479
0.228918
0.208834
0.106428
0.0407989
0.0821052
0.058629
0.126774
0.196194
0.357289
0.26423
0.0366876
0.012746
0.0450037
0.014904
0.0643906
0.174228
0.460161
0.116374
0.221538
0.164434
0.128921
0.106082
0.109217
0.207884
0.159203
0.0227356
0.182025
0.202223
0.204872
0.141992
0.217689
0.11258
0.0191826
0.208526
0.123432
0.0996898
0.179444
0.130057
0.0640809
0.134445
0.517612
0.0472358
0.108406
0.134082
0.227787
0.211232
0.0945548
0.0667903
0.0531886
0
0.00928569
0.024705
0.0359483
0.0464905
0.395865
0.153141
0.00164102
0.000542271
0.00260427
0.00324302
0.0122641
0.120906
0.456476
0.306564
0.00217873
0.00195712
0.00580986
0.0179563
0.0644654
0.0890647
0.144602
0.0445228
0.00195712
0.0029681
7.20872e-005
0.000789803
0.304361
0.378327
0.400943
0.146743
0.00273508
0.00297278
0.00963587
0.0257829
0.0298957
0.20191
0.398988
0.148483
0.00289496
0.00949512
0.00857357
0.0365322
0.0787273
0.15079
0.0775807
0.0275846
0.0125547
0.0580935
0.0039634
0.00887205
0.241583
0.447294
0.441415
0.135063
0.064919
0.144089
0.0266428
0.0352928
0.0758228
0.181168
0.235623
0.166752
0.255901
0.19038
0.0291188
0.00683111
0
0
0.00836607
0.0716363
0.400474
0.090482
0.0492931
0.0546896
0.174977
0.104588
0.057391
0.190924
0.326431
0.208294
0.0149702
0.00539676
0.000427139
0.00266522
0.00772679
0.034001
0.400474
0.089002
0.0333728
0.0503708
0.256371
0.2689
0.100093
0.175841
0.400474
0.0177414
0.0262768
0.0663081
0.453189
0.223147
0.0341112
0.0865046
0.0842297
0.000438186
0.0039152
0.0279307
0.293819
0.125932
0.00313864
0.00308635
0.00126019
0.0160666
0.0130198
0.0416223
0.453189
0.453189
0.100285
0.101042
0.091939
0.00504427
0.00974584
0.0166595
0.322217
0.169823
0.0326373
0.00993205
0.00253138
0.000862888
0.00569271
0.0459835
0.157205
0.140137
0.0328694
0.0129304
0.00451777
0.164354
0.270645
0.126893
0.262999
0.237001
0.13032
0.130319
0.11631
0.004745
0.014301
0.0765831
0.219498
0.158087
0.0476251
0.0149773
0.00573827
0.139396
0.267976
0.264855
0.495107
0.267464
0.154454
0.12716
0.116057
0.205462
0.161993
0.0259378
0.0356948
0.0312427
0.0325841
0.0812405
0.348768
0.206041
0.0288819
0.00422951
0.0163617
0.00768126
0.0120295
0.111789
0.449008
0.205573
0.155571
0.0620157
0.126255
0.061907
0.0343835
0.0693436
0.314651
0.227412
0.0827931
0.0159295
0.0435123
0.0932708
0.063535
0.164021
0.449008
0.173655
0.0458028
0.0546553
0.0855552
0.0853207
0.0705977
0.199607
0.464945
0.0691176
0.041848
0.0780811
0.126231
0.138891
0.0718393
0.0781023
0.0620094
0.144337
0.1003
0.0872864
0.145744
0.310295
0.185289
0.324019
0.352908
0.0400995
0.0394646
0.0820846
0.14761
0.299277
0.141066
0.116809
0.0427107
0.00478231
0.00577576
0.0142088
0.103485
0.0924567
0.032024
0.00955511
0.00570556
0.00987213
0.0097687
0.0052076
0.574076
0.328522
0.11061
0.0234849
0.0033236
0.0147538
0.00548022
0.0200045
0.165377
0.109735
0.040181
0.00761263
0.0161387
0.0234034
0.0195756
0.0721903
0.574076
0.304234
0.0410962
0.0058982
0.0168619
0.108205
0.0471868
0.0110944
0.401844
0.22168
0.165808
0.0673549
0.0727286
0.250938
0.126657
0.0212457
0.0541959
0.0732966
0.129938
0.176452
0.250401
0.0774632
0.0832028
0.0813459
0.535644
0.164734
0.0229699
0.0164938
0.065583
0.219141
0.169158
0.064273
0.173744
0.0901417
0.0252661
0.0805466
0.147524
0.171333
0.0233801
0.0127698
0.00186236
0.0163876
0.0185839
0.0569316
0.333069
0.0455266
0.0267306
0.066462
0.303377
0.427916
0.159239
0.151343
0.225903
0.220207
0.0907834
0.0759096
0.0861674
0.171855
0.158712
0.0940336
0.199148
0.114137
0.0801728
0.130602
0.196565
0.257508
0.250315
0.165026
0.152677
0.00578667
0.00785335
0.0186501
0.295244
0.386293
0.244175
0.104587
0.0256225
0.00446168
0.00584559
0.0031496
0.107724
0.137828
0.217234
0.0746105
0.00251588
0.0365736
0.0345813
0.0402295
0.0892224
0.187608
0.448859
0.215987
0.0371259
0.00120038
0.00807921
0.0229808
0.0603277
0.147263
0.448859
0.199721
0.0064839
0.01693
0.0416002
0.032295
0.111882
0.126343
0.0979387
0.0346331
0.00266464
0.120351
0.157948
0.0839313
0.262088
0.191504
0.172052
0.204707
0.162133
0.025155
0.080927
0.0774688
0.25081
0.245892
0.406154
0.0868409
0.0135731
0.227352
0.267913
0.141295
0.25683
0.228222
0.188132
0.127606
0.193049
0.154317
0.0707947
0.0235671
0.0912732
0.0509739
0.0438704
0.110529
0.336425
0.253632
0.144123
0.0397602
0.0380826
0.0795402
0.0440245
0.0666684
0.398703
0.201988
0.0920547
0.0602806
0.0323902
0.0488012
0.0733116
0.0664633
0.367803
0.273227
0.146904
0.115554
0.0517661
0.042303
0.0324535
0.0978247
0.449478
0.16786
0.239517
0.174145
0.167556
0.263679
0.102021
0.108951
0.141689
0.0155955
0.0801636
0.141704
0.194872
0.240402
0.0708946
0.0325759
0.00725305
0.206791
0.219253
0.175291
0.239716
0.141065
0.109897
0.140042
0.256997
0.055938
0.337541
0.24335
0.245942
0.145814
0.0741752
0.0244567
0.0157673
0.0265218
0.0308615
0.0467885
0.125081
0.0440842
0.0148486
0.00128732
0.012619
0.0368742
0.0481107
0.162413
0.437055
0.135846
0.0126517
0.000624328
0.0159475
0.0479288
0.339256
0.248909
0.072845
0.0170485
0.000408634
0
0.0061124
0.0429597
0.437055
0.437055
0.351233
0.0525911
0.00180801
0
0.004742
0.0665525
0.0522675
0.150966
0.540614
0.145669
0.0025083
0.00796719
0.0622785
0.188129
0.0583665
0.0561556
0.141907
0.0572984
0.012043
0.0505999
0.178526
0.055478
0.225517
0.367178
0.476766
0.118369
0.018818
0.00238931
0.0287821
0.18202
0.0495697
0.0510491
0.112692
0.0601827
0.0236761
0.0155046
0.112953
0.111853
0.0384235
0.0506078
0.0988688
0.123577
0.211896
0.131935
0.166593
0.111034
0.0613138
0.0802281
0.094231
0.0789793
0.164533
0.143691
0.320811
0.105268
0.0978979
0.0763473
0.0725373
0.0334946
0.147235
0.228124
0.212379
0.119904
0.161329
0.469048
0.239382
0.0978962
0.166271
0.215447
0.283987
0.130729
0.084211
0.079617
0.0338717
0.0653263
0.24672
0.1063
0.136423
0.125735
0.0656528
0.0726111
0.0977911
0.127465
0.412982
0.14024
0.0282469
0.219677
0.194931
0.338617
0.119735
0.0394744
0.0594156
0.0558927
0.143189
0.25362
0.142303
0.0904583
0.0591785
0.0508865
0.412982
0.271121
0.0575511
0.0237754
0.0175456
0.0258433
0.12751
0.163256
0.392995
0.129427
0.0371012
0.0644251
0.055535
0.0426368
0.108924
0.165581
0.250036
0.109122
0.106928
0.0476792
0.00822428
0.00516438
0.0239219
0.0536136
0.399593
0.376111
0.142129
0.0976028
0.0159659
0.00199822
0.0133203
0.0494373
0.23526
0.233761
0.399593
0.109328
0.0855027
0.135705
0.0355425
0.0540003
0.0915989
0.0485518
0.130527
0.199421
0.184335
0.279382
0.0537963
0.0280541
0.014169
0.0333199
0.255922
0.210705
0.0703697
0.10682
0.0226177
0.0161927
0.0461931
0.0645074
0.41963
0.389736
0.159247
0.226157
0.0210896
0.00258879
0.000989263
0.00728334
0.438081
0.139369
0.146902
0.141394
0.0852242
0.0326851
0.0175927
0.0255052
0.140733
0.0625779
0.380868
0.281585
0.082704
0.0326043
0.0116963
0.00421356
0.014386
0.352335
0.233603
0.142643
0.00806107
0
0
0.00084626
0.20713
0.205614
0.416045
0.416045
0.0389163
0.00075751
0
0
0.0141075
0.0220869
0.38708
0.315433
0.0136502
0.00260053
0
0
0.000861322
0.0190029
0.38708
0.386784
0.0506323
0.00585732
0.00355203
0
0.000226437
0.027576
0.368543
0.38708
0.0404491
0.00228551
0
0.00171354
0.0010416
0.0291978
0.216079
0.270099
0.0172848
0.00493792
0.0119652
0.0147993
0.00283976
0.0698962
0.55195
0.528023
0.277731
0.0664012
0.0575277
0.00398337
0.0168456
0.139342
0.129035
0.051686
0.0850495
0.0393412
0.0526128
0.0219247
0.0586134
0.127906
0.259269
0.1851
0.0220554
0.0199462
0.0589884
0.0434323
0.0139218
0.107267
0.177674
0.047962
0.0464022
0.00616306
0.0201526
0.0296955
0.0711913
0.0941184
0.169959
0.103133
0.109045
0.0195316
0.0381163
0.0827402
0.108554
0.0616731
0.183164
0.409675
0.226465
0.0430951
0.0560514
0.0724249
0.0340551
0.409675
0.262218
0.0991235
0.140031
0.0112892
0.0118616
0.0262829
0.255704
0.133589
0.250598
0.312679
0.302307
0.0356529
0.0272679
0.0446396
0.0682642
0.117258
0.18695
0.608816
0.228123
0.0384527
0.0408132
0.031083
0.0427095
0.127437
0.0908862
0.0763237
0.0156844
0.0191234
0.324119
0.382889
0.102032
0.0338129
0.093711
0.274703
0.204373
0.0502823
0.0330234
0.0620258
0.0406723
0.0488169
0.046587
0.0406194
0.013403
0.0188914
0.058085
0.0960052
0.118751
0.0352959
0.00348396
0.000562061
0.000307613
0.00971496
0.219095
0.430897
0.287504
0.246979
0.00925465
0.00520543
0.00348959
0.0040024
0.0581662
0.210221
0.540876
0.0352253
0.0184671
0.0230873
0.00501387
0.013795
0.0372078
0.11599
0.211978
0.205931
0.0201731
0.0275533
0.0224759
0.0350531
0.0421091
0.0651926
0.338025
0.286384
0.0144174
0.0110469
0.00441409
0.00140754
0.003078
0.0210263
0.471568
0.367666
0.0386364
0.0183177
0.00230628
0
0
0.00800828
0.471568
0.204186
0.0102238
0.00803763
0.0102293
0.014814
0.0265606
0.00549788
0.226378
0.1783
0.00340913
0.00232569
0.0100438
0.0123311
0.00922688
0.0288358
0.402002
0.414348
0.127891
0.0486384
0.00128287
0
0.000306284
0.0465339
0.414048
0.26887
0.350506
0.367794
0.0460428
0.0020896
0.000459427
0.0656016
0.0965567
0.14323
0.0163652
0.00724555
0.00612401
0.0134671
0.012635
0.105408
0.335104
0.11994
0.126229
0.127926
0.0301001
0.00514914
0.00880714
0.131391
0.173774
0.0774817
0.42401
0.675697
0.155783
0.0137864
0.000123556
0.0260297
0.0221945
0.0623779
0.154387
0.223382
0.0659958
0.0174709
0.0360171
0.0415908
0.00983187
0.0833023
0.173191
0.261046
0.107636
0.00887252
0.00474977
0.0463912
0.0695959
0.121113
0.106552
0.108521
0.0569029
0.0131476
0.0252778
0.0231689
0.0304587
0.192853
0.233617
0.106447
0.0202177
0.0478473
0.131802
0.136489
0.0561083
0.139776
0.292032
0.122353
0.136256
0.0293561
0.0327881
0.0842241
0.155997
0.21897
0.210777
0.177903
0.0470159
0.0775221
0.159709
0.104117
0.147008
0.0601975
0.126767
0.0944442
0.0413687
0.0796906
0.269182
0.331795
0.1884