0.173756
0.12389
0.00375679
0.00371876
0.0225388
0.0187916
0.0108844
0.0251295
0.344258
0.253522
0.00892938
0.0058749
0.00385841
0.00407895
0.0165121
0.0514495
0.46436
0.305116
0.00271635
0.000310263
0.00879191
0.0227817
0.00554417
0.101739
0.46436
0.398195
0.0521667
0
0.000859636
0.00304216
0.00568711
0.156225
0.221509
0.198647
0.0139935
0.00164555
0.00094165
0.000308887
0.00311955
0.0217073
0.236595
0.431194
0.103079
0.000274216
0.00295494
0.0011443
0.00434611
0.0148721
0.234731
0.357978
0.202478
0
0
3.89774e-005
0.000762463
0.0489769
0.129366
0.431194
0.431194
0.00250603
0.000762706
0
0
0.0107001
0.181876
0.319515
0.0778255
6.64674e-005
0.000651247
0.000507168
0.00169273
0.0685299
0.294676
0.144624
0.0237157
0
0
2.01888e-005
0.000453586
0.323148
0.145926
0.366271
0.261489
0.0066959
0.00203788
0
0
0.0571179
0.366271
0.322483
0.0736299
0.00446393
0.00135859
0.000134143
0.0127281
0.366271
0.253987
0.0265586
0.00501563
0.00135297
0.00280259
0.00117084
0.00120936
0.292616
0.317282
0.00876766
0.00747156
0.00202946
0.00872188
0.0121703
0.0212547
0.335419
0.378098
0.0438968
0.00544964
0
0
0.00973478
0.0867944
0.378098
0.378098
0.0100093
0.0117586
0.0238802
0.0136231
0.0260381
0.120809
0.378098
0.215061
0.0017092
0.00155116
0.000259343
0.00224667
0.00613901
0.0261837
0.334862
0.182645
0
0
0.00272897
0.00723707
0.042411
0.140204
0.371227
0.311735
0.0133428
0.00744252
0.0175312
0.0190106
0.0182284
0.0915446
0.371227
0.142531
0.00328785
0
0.00177925
0.0210829
0.265375
0.371227
0.371227
0.120041
0.00507654
0
0.015981
0.033593
0.110915
0.174436
0.249464
0.097962
0.024019
0
0.0644055
0.0919161
0.0917904
0.0621588
0.135639
0.0251754
0.00288292
0
0.00399525
0.0150105
0.443628
0.443628
0.173796
0.0139044
0.0115317
0
0.0202496
0.0675578
0.443628
0.388649
0.0635258
0.0700569
0.0253041
0.0113812
0.124573
0.157954
0.157417
0.105368
0.12224
0.0618442
0.030466
0.0756228
0.0903779
0.0819342
0.14388
0.205948
0.253571
0.020513
0.00723041
0
0.0413133
0.13652
0.460427
0.336992
0.150155
0.102072
0.0659522
0.0156095
0.035042
0.0407596
0.137222
0.212071
0.493506
0.263962
0.166639
0.00759259
0.00110007
0.01946
0.0321948
0.0088624
0.095894
0.246215
0.44896
0.108162
0.000275016
0.00118095
0.00286459
0.00241964
0.113354
0.0876563
0.255373
0.139491
0.107194
0.0705767
0.0350162
0.066388
0.0955595
0.135319
0.450763
0.450763
0.0974334
0.00871571
0.00180451
0.0035905
0.0512226
0.0672459
0.390587
0.250878
0
0
0
0.000255966
0.0216972
0.013826
0.390587
0.390587
0.0155979
0.0102123
0
0
0.00233901
0.0329377
0.390587
0.299528
0.00753188
0.000122136
0.000137277
0.000148924
0.0047549
0.0113713
0.390587
0.192733
0.0274722
0.0334068
0.00461015
0.000339732
0.00259111
0.0482016
0.381413
0.268793
0.0863506
0.0481609
0.0176463
0
0.0103803
0.260308
0.338853
0.184191
0.102098
0.0626869
0.0767442
0.0425722
0.173276
0.039511
0.140096
0.109293
0.136945
0.146747
0.147064
0.0615425
0.00976131
0.130041
0.185307
0.159051
0.216699
0.194578
0.381413
0.215814
0.105073
0.191264
0.0663752
0.0332333
0.0256103
0.0248746
0.126685
0.189794
0.221503
0.164959
0.0185279
0.018108
0.0701719
0.0786101
0.239811
0.28463
0.243559
0.0808696
0.0856402
0.0459516
0.109421
0.0988634
0.358464
0.222704
0.113912
0.140024
0.0469307
0.0079192
0.0754685
0.0997554
0.358464
0.358464
0.244602
0.146905
0.0309039
0.0268661
0.0752082
0.145419
0.167835
0.181822
0.262917
0.0515721
0.00772598
0.0199652
0.0550603
0.180307
0.345867
0.361945
0.202692
0.20818
0.160948
0.124805
0.127992
0.156385
0.230959
0.164166
0.181843
0.0757878
0.14039
0.207534
0.241077
0.222524
0.169811
0.0896109
0.0361295
0.00262045
0
0.00208996
0.0123627
0.0347039
0.389464
0.357936
0.022905
0.000362
0
0
0
0.0104225
0.389464
0.389464
0.0098206
0.00330508
0.00946209
0.0275101
0.0557141
0.0462454
0.209916
0.150283
0.00298094
0.00094412
0.000649869
0.000768316
0.000147967
0.00355915
0.389464
0.389464
0.00582107
0.00766717
0.00285633
0.00238999
0.000542117
0.0337485
0.348017
0.375996
0.0481958
0.0382116
0.0242428
0.0166465
0.0131968
0.0218282
0.051617
0.105992
0.125837
0.00281639
0.00440147
0.00381337
0.00223602
0.0310974
0.449236
0.449236
0.0300194
0.0189526
0.0141288
0.0352309
0.0630013
0.0845809
0.376563
0.306229
0.0530004
0.00728026
0.0831253
0.132423
0.326562
0.0768157
0.0237153
0.0360543
0.0329713
0.0108133
0.405287
0.327296
0.331148
0.0631975
0.00218151
0.00252142
0.0041376
0.00251019
0.00406014
0.0939997
0.412888
0.138349
0.090342
0.0113003
0.00835447
0.00377351
0.0401784
0.100075
0.412888
0.212146
0.00196185
0.00155221
0.000386983
0.01883
0.622949
0.416849
0.139326
0.046762
0.00516499
0.00492419
0.00222412
0.0177836
0.225078
0.101068
0.117833
0.0810827
0.0167729
0.00535365
0.00910253
0.0179283
0.0625668
0.0758181
0.364408
0.162103
0.0146895
0.0176749
0.00545571
0.0111455
0.00611839
0.0220618
0.250434
0.193378
0.040745
0.0258068
0.00981376
0.071384
0.0349264
0.0438591
0.146289
0.0904921
0.102201
0.0623596
0.014847
0.188434
0.115685
0.0599875
0.17715
0.0948026
0.299624
0.283003
0.168776
0.0419375
0.046542
0.0560544
0.326226
0.237479
0.0523732
0.0324745
0.0334046
0.324318
0.174598
0.10647
0.256854
0.179646
0.131601
0.209641
0.371343
0.11366
0.059804
0.013646
0.0645108
0.0358074
0.156992
0.142886
0.200105
0.244981
0.027859
0.00267185
0.0160037
0.0147781
0.141249
0.143091
0.39619
0.335299
0.052855
0.0177985
0.019465
0.0102577
0.0270564
0.0840674
0.39619
0.39619
0.00318628
0.000431241
0
0
0
0.012179
0.39619
0.377431
0.135495
0.0733244
0.0431097
0.0194712
0.063272
0.0591918
0.390707
0.157483
0.141805
0.13669
0.125187
0.0440324
0.0370854
0.0112693
0.10181
0.426099
0.0141043
0.0756347
0.0401538
0.0116591
0.0628402
0.0215405
0.426099
0.221529
0.0207166
0.122069
0.17858
0.0540105
0.0981835
0.0316214
0.226125
0.0189694
0.0358553
0.0643171
0.0878869
0.032229
0.104417
0.0673953
0.0168112
0.00584095
0.00673836
0.013606
0.0136166
0.0452417
0.632597
0.632597
0.00504612
0.0312328
0.0137499
0.0543188
0.130642
0.0443712
0.0428225
0.026443
0.0268784
0.0112304
0.0102221
0.0281673
0.153325
0.157869
0.144434
0.0878596
0.0120705
0.000357278
0.000826674
0.00145642
0.0276927
0.109529
0.373053
0.344067
0.00318683
0.00719122
0.00423623
0.00872329
0.116102
0.250508
0.35781
0.166261
0.0220893
0.00108647
0.000717466
0.00433813
0.276044
0.263838
0.119153
0.0545639
0.00127371
0.00648988
0.0194363
0.023637
0.373053
0.373053
0.125927
0.0407535
0.0183185
0.000826382
0
0.0528921
0.41314
0.172432
0.14381
0.0522311
0.00463906
0.00350554
0.00112425
0.0429623
0.41314
0.157351
0.00143382
0.00149451
0.00132656
0
0.00107228
0.0416656
0.358783
0.318012
0.225266
0.149411
0.0737491
0.00166008
0.00398019
0.0614319
0.41314
0.211076
0.0270095
0.0510819
0.0518288
0.0245656
0.0100378
0.0487435
0.501539
0.156477
0.0162452
0.0232306
0.0097631
0.0202257
0.015914
0.0646126
0.194811
0.261638
0.0890221
0.0380642
0.0195889
0.03241
0.0261086
0.069147
0.381375
0.183649
0.0261815
0.0524459
0.0446125
0.062902
0.0550782
0.250187
0.3488
0.327948
0.0977788
0.03016
0.0985641
0.0207588
0.0645288
0.101572
0.134328
0.179455
0.0518747
0.0266634
0.0610357
0.318103
0.233774
0.184958
0.0932703
0.12268
0.0424677
0.0674843
0.354642
0.0235106
0.120284
0.263202
0.171659
0.140496
0.0766194
0.0304142
0.0445749
0.321616
0.250345
0.324168
0.0961178
0.0723355
0.0839206
0.0707805
0.322204
0.304015
0.0600758
0.0275239
0.00385922
0.00421547
0.00260125
0.0181057
0.370428
0.370428
0
0
0
0
0.00228955
0.0312465
0.370428
0.290452
0.0431703
0.0344153
0.00489245
0.00356514
0.00823883
0.0179137
0.370428
0.28298
0.0200672
0.00617822
0.0149503
0
0.0369691
0.0955594
0.370428
0.387406
0.00214861
0.0557144
0.0255687
0.00750522
0.0532054
0.130039
0.41352
0.164603
0.00426801
0.0896757
0.111731
0.0348889
0.0728189
0.0891177
0.137579
0.169187
0.0396316
0.0469705
0.0910984
0.0773253
0.250938
0.313221
0.410884
0.0432077
0.0184646
0.0525592
0.148829
0.191872
0.246653
0.168483
0.0605319
0.0579106
0.0119958
0.0650935
0.1498
0.0556306
0.0565225
0.0588102
0.0372796
0.0151341
0.0135353
0.0279793
0.388869
0.306837
0.027191
0.0544193
0.0455384
0.0277457
0.0282847
0.0441234
0.145201
0.197336
0.110264
0.0367405
0.0217264
0.0221023
0.0556528
0.0451866
0.584667
0.424512
0.0151792
0.0386103
0.0357642
0.000484975
0.000535045
0.00579071
0.361399
0.206612
0.0030417
0.00402189
0.00296752
0.0163795
0.0682474
0.101412
0.40854
0.256144
0.00569821
0.00351111
0.00497466
0.00151784
0.00406493
0.00854585
0.40854
0.263454
0.0122142
0.00368191
0.0026194
0.018683
0.0551326
0.102881
0.40854
0.332957
0.0673347
0.0503347
0.054971
0
0.00216896
0.0446577
0.138251
0.254679
0.303341
0.279631
0.100098
0.00151678
0.00609358
0.069506
0.191762
0.181901
0.146668
0.18078
0.0679612
0.00252302
0.00388776
0.0450183
0.103148
0.272192
0.295352
0.296527
0.026788
0.0114779
0.00208176
0.0189917
0.0546884
0.284193
0.381564
0.248922
0.0423383
0.0234432
0.0220164
0.040854
0.129987
0.163501
0.135875
0.0659378
0.0339694
0.0671223
0.0685815
0.0992794
0.221213
0.336312
0.135169
0.0547674
0.103422
0.0525088
0.011838
0.0129358
0.0586643
0.389984
0.451509
0.138573
0.118579
0.0932056
0.149394
0.0885919
0.317872
0.245197
0.14308
0.0902857
0.0946098
0.0282886
0.0484652
0.100208
0.119867
0.170667
0.14056
0.134884
0.0503634
0.205981
0.0749788
0.123847
0.0652578
0.0943611
0.163018
0.235998
0.36784
0.161112
0.127188
0.0716648
0.154791
0.0971022
0.0811883
0.138345
0.106024
0.43311
0.102534
0.0469316
0.0568633
0.0453322
0.0887186
0.217218
0.43311
0.203434
0.0116037
0.0140029
0.00292765
0.00573406
0.0161162
0.0374739
0.372482
0.279685
0.0658158
0.0142288
0.0240456
0
0.0230724
0.0357246
0.385615
0.30577
0.0122067
0.00546168
0.000991873
0.00922224
0.0143308
0.0273831
0.385615
0.385615
0.0679294
0.0133374
0.00601141
0.00637807
0.00802755
0.00749805
0.385615
0.224784
0.224257
0.150352
0.151032
0.0616669
0.139771
0.103539
0.230297
0.0304072
0.129355
0.171183
0.228719
0.166283
0.12763
0.0479125
0.0161817
0.443507
0.241262
0.108484
0.0736536
0.0551957
0.0667766
0.0575345
0.443507
0.0664436
0.149298
0.133688
0.141952
0.101717
0.0778428
0.0583153
0.113536
0.00371814
0.0195765
0.0415901
0.0949681
0.0874942
0.0293892
0.00412219
0.00373804
0.0088253
0.0477121
0.0621427
0.242661
0.159187
0.0109912
0.00234203
0.00459005
0.00678835
0.0920643
0.0712982
0.0671083
0.0499752
0.0290709
0.0205851
0.011354
0.0127524
0.626239
0.626239
0.129016
0.0680213
0.0130649
0.00544602
0.00909121
0.00134938
0.0158375
0.0449865
0.318983
0.20951
0.0270829
0.000336576
0.000412613
0.00970314
0.0211986
0.0536206
0.377216
0.284545
0.099857
0.0824762
0.105346
0.0089515
0.359864
0.377283
0.179714
0.0872864
0.0149494
0.000186111
0.00229159
0.0373017
0.208924
0.282616
0.297614
0.153046
0.0499235
0.0701549
0.0550566
0.0970151
0.0675524
0.0715175
0.153633
0.158863
0.136873
0.190041
0.0264716
0.0258608
0.0260628
0.0341539
0.123183
0.365491
0.303502
0.175965
0.086284
0.345407
0.122728
0.0798665
0.117368
0.0268062
0.029634
0.100015
0.119027
0.0723191
0.0513151
0.0559134
0.176278
0.359189
0.409129
0.135507
0.0905945
0.0194741
0.00173799
0.00347901
0.0316434
0.154007
0.181346
0.128093
0.0856942
0.0118808
0.0223907
0.0260336
0.131357
0.149799
0.122259
0.103234
0.0276925
0.0071655
0.00206603
0.00383677
0.0576466
0.227878
0.451386
0.291261
0.0716641
0.00837965
0
0.00458125
0.0569125
0.210885
0.451386
0.451386
0.0434839
0.0649356
0.0864785
0.0717582
0.20066
0.200179
0.061051
0.0464175
0.0390341
0.233699
0.128911
0.0886703
0.0960598
0.106823
0.0721635
0.0768886
0.320421
0.0314812
0.0120823
0.0157159
0.0859873
0.251717
0.268041
0.342281
0.124315
0.312097
0.131374
0.0725863
0.0493727
0.126443
0.12742
0.26837
0.376068
0.224519
0.0866061
0.127303
0.0170322
0.0337201
0.0376179
0.0155535
0.313064
0.372718
0.107105
0.134179
0.02194
0.0173179
0.019246
0.00596722
0.372718
0.291885
0.243701
0.24023
0.0305073
0.0250366
0.0297867
0.0338698
0.20471
0.277899
0.196962
0.263268
0.0546173
0.00908226
0.0086159
0
0.207602
0.375083
0.0767567
0.0608672
0.0595859
0.0723353
0.0687789
0.0357852
0.439707
0.0960622
0.0862712
0.0897419
0.112618
0.108509
0.0665368
0.0391103
0.104822
0.295981
0.120572
0.0962478
0.0348501
0.0187425
0.0116278
0.000931236
0.237907
0.108365
0.439707
0.388295
0.0459391
0.0296329
0.00806996
0.00466046
0.0576759
0.00251318
0.16096
0.114402
0.0171251
0.013917
0.00599527
0.00616236
0.00277892
0.00485221
0.39138
0.39138
0.00459659
0.00404505
0.00150728
0.00109733
0.00175717
0.00249153
0.39138
0.39138
0.012011
0.00416025
0.00189726
0.00167402
0.00116775
0.0255938
0.39138
0.39138
0.0245095
0.0283988
0.0150523
0.000376903
0.00841396
0.0173888
0.436627
0.436627
0.0333214
0.0250272
0.0120649
0.0042558
0.00461356
0.0616667
0.277942
0.27097
0.112571
0.116681
0.0715811
0.0799801
0.0164447
0.0327099
0.350206
0.368772
0.0448942
0.103085
0.0425762
0.0469969
0.0469059
0.0428072
0.120148
0.105251
0.0728169
0.164037
0.135371
0.136672
0.0749341
0.180516
0.030895
0.0317079
0.0576105
0.064294
0.129142
0.141857
0.0704978
0.0552706
0.0117302
0.0143422
0.0661006
0.129862
0.378801
0.163195
0.0295674
0.0509181
0.00495576
0.0126873
0.0389317
0.14639
0.496315
0.251754
0.0238306
0.0170236
0.002935
0.00385005
0.0195711
0.118369
0.496315
0.27286
0.00983853
0.00265956
0.00121955
0.00252252
0.025676
0.0948025
0.401992
0.122901
0.00652875
0.0150301
0.000527113
0.000910468
0.00350398
0.0543319
0.401992
0.38684
0.0581907
0.00242866
0.00327577
0.0057175
0.0113464
0.0680093
0.401992
0.0928252
0.00259923
0.0213321
0.00210845
0.00364187
0.00363676
0.0457032
0.401992
0.333468
0.0747045
0.0990029
0
0
0.00183456
0.0393818
0.205693
0.320158
0.256674
0.381191
0.0375864
0.00907043
0.000524617
0.015237
0.0244484
0.125727
0.389203
0.0987955
0.000184826
0.00030004
0.00476918
0.0160642
0.253946
0.237825
0.25441
0.276536
0.00171743
0.00104745
0.00413342
0.00511636
0.00873208
0.0245415
0.389203
0.341404
0.0926394
0.050761
0.00593928
0.000627403
0.00115582
0.0113339
0.368526
0.3234
0.0620386
0.0600306
0.0131782
7.89806e-005
0
0.000879853
0.368526
0.250275
0.00211951
0.00157168
0.000523314
0.000101113
1.4079e-005
0.00301609
0.361675
0.347744
0.035523
0.00672836
0.00917579
0.0113318
0.00134639
0.00674415
0.368526
0.304347
0.141448
0.0482336
0.00390956
6.71604e-005
0
0.000393546
0.259134
0.17005
0.414382
0.329499
0.0305334
0.000151989
0
0.000371352
0.0530811
0.341158
0.129097
0.018812
0.0087941
0.0187614
0.0071626
0.0263084
0.358357
0.237015
0.321645
0.124566
0.05598
0.0161362
0.00816983
0.0276489
0.146764
0.0404711
0.46894
0.46894
0.0851818
0.00360023
0.0115028
0.000392805
0.00276065
0.0641749
0.238296
0.402645
0.136618
0.0748377
0.0600984
0.0272656
0.0299748
0.0841236
0.231805
0.180378
0.162233
0.0414266
0.0142938
0.0388651
0.040511
0.0511316
0.116929
0.09548
0.220277
0.134894
0.083712
0.135926
0.0995506
0.0679156
0.106378
0.124387
0.171186
0.142783
0.0946623
0.150413
0.0976828
0.104499
0.11276
0.0451726
0.203593
0.119527
0.116517
0.239227
0.158574
0.114348
0.157871
0.0246104
0.246773
0.154764
0.131289
0.217829
0.14148
0.26593
0.380967
0.0756887
0.272906
0.157953
0.180725
0.192141
0.22214