0.0451764
0.02757
0.0159789
0.0552091
0.0943934
0.115871
0.161726
0.0620636
0.00835325
0.0119299
0.0393014
0.423979
0.391056
0.0969196
0.0752039
0.0511273
0.160197
0.106116
0.0633831
0.0802048
0.0432928
0.0939753
0.145798
0.11574
0.104525
0.140323
0.300045
0.527415
0.207836
0.0411338
0.0136409
0.0280801
0.00824788
0.0164374
0.0395101
0.301822
0.262459
0.0410798
0.0395192
0.0193864
0.0700074
0.112768
0.127074
0.0221154
0.0311875
0.0255846
0.0552628
0.0238921
0.0211644
0.141647
0.282791
0.375373
0.140064
0.0128553
0.00318081
0.00911709
0.0374126
0.399568
0.559647
0.032903
0.0165634
0.00686592
0.00498549
0.00927172
0.189778
0.112118
0.0673481
0.00173334
0.00157029
0.00760999
0.0131059
0.0240077
0.354326
0.103637
0.00522319
0
0.000405137
0.00536686
0.0171042
0.120815
0.183247
0.40688
0.311635
0.00402991
0.0007997
0.00137362
0.00145094
0.0165816
0.523336
0.318799
0.0830998
0
0
0
0.00639655
0.253341
0.226683
0.105937
0
0
0
0.00222716
0.0151006
0.156111
0.151506
0.0543886
0
0
0
0
0.126877
0.361174
0.378082
0.0748218
0.00521182
0
0
0.00388584
0.0456934
0.379911
0.319237
0.0171126
0.0092492
0.00447913
0
0.0145716
0.0895911
0.531361
0.0959941
0.0109695
0.000479561
0
0
0
0.248835
0.297896
0.239325
0.0462832
0.00361456
0.00117502
0
0.0113824
0.222493
0.271179
0.205846
0.0116511
0.0143023
0.00692621
0.00227861
0.00834533
0.0927788
0.53429
0.146802
0.0322503
0.00550207
0.00349409
0.00943267
0.127149
0.288256
0.38183
0.210658
0.0371011
0.00718957
0.00987181
0.0200221
0.0187005
0.0783671
0.310161
0.555064
0.150076
0.00452499
0.0492312
0.0690715
0.0393744
0.0331481
0.276935
0.0603873
0.019254
0.00740544
0.0165563
0.0506415
0.20413
0.235023
0.152613
0.176197
0.100296
0.0052038
0.078289
0.219507
0.334812
0.129371
0.157271
0.401667
0.0799158
0.000168237
0.0149273
0.0176413
0.0180973
0.0204519
0.232816
0.263804
0.0182586
4.20591e-005
0
0.000637025
0.0101094
0.0927783
0.479472
0.178874
0.084325
0.000252355
0.0233891
0.0639724
0.113871
0.0976499
0.194928
0.258366
0.0796436
0.00330102
0.00590172
0.00148605
0.0200031
0.11493
0.479472
0.293151
0.140302
0.052171
0.0331658
0.00185116
0.0141173
0.071798
0.189519
0.223726
0.187243
0.271596
0.268871
0.0325399
0.0416279
0.0138958
0.0781261
0.428022
0.136225
0.0460563
0.0403991
0.0234257
0.0566299
0.0586607
0.204839
0.339753
0.252223
0.284347
0.1372
0.0263276
0.041326
0.0318701
0.122539
0.0665383
0.187378
0.188719
0.101467
0.0148783
0.0182722
0.00139147
0.00571188
0.0188813
0.43014
0.352185
0.00839702
0.00673104
0
3.74763e-005
0.00149153
0.0891822
0.327834
0.295386
0.0442821
0.00756073
0.0139069
0.00498315
0.00859626
0.0248302
0.470443
0.361117
0.0121742
0.0215266
0
0
0.000283318
0.0601536
0.460333
0.320899
0.02921
0.0324128
0
0.000104523
0.00327379
0.276336
0.355544
0.193308
0.0526999
0.033362
0.00177864
0.0143611
0.126251
0.0100084
0.301961
0.215255
0.0933518
0.191092
0.0178
0
0
0.0529369
0.165422
0.195955
0.164822
0.276121
0.0807934
0.0604678
0.0342754
0.276259
0.116804
0.0443721
0.0168344
0.0086411
0.0391306
0.152739
0.279946
0.20663
0.00490573
0.0342364
0.0131446
0.0191358
0.14705
0.260891
0.39649
0.0788917
0.0986928
0.116117
0.0565737
0.0772087
0.164633
0.22315
0.0925195
0.0857027
0.0407608
0.0450628
0.0212334
0.0777286
0.350688
0.398918
0.174842
0.137648
0.0197791
0.058611
0.027955
0.0302815
0.107347
0.116916
0.382764
0.0681195
0.0195963
0.0239463
0.0288559
0.0890944
0.290486
0.286345
0.296697
0.138149
0.143451
0.0829138
0.0861467
0.0755085
0.203972
0.172149
0.179911
0.079472
0.148276
0.188161
0.356827
0.206529
0.207336
0.145687
0.107361
0.0101664
0.00166718
0.00352601
0.0130674
0.0426945
0.28046
0.223926
0.065329
0.0234123
0.0047524
0.00104149
0.0158784
0.115536
0.309248
0.19793
0.156732
0.00652677
0.0118624
0.063582
0.154602
0.0715458
0.27534
0.245887
0.0304751
0.0313631
0.006284
0.00414234
0.0131846
0.0816311
0.538227
0.402399
0.0907449
0.0623537
0.053694
0.0101597
0.00764197
0.0638588
0.113884
0.148838
0.352919
0.189271
0.179891
0.0549121
0.0264463
0.0132435
0.0100494
0.0924004
0.509239
0.0792893
0.0926879
0.0235036
0.00481945
0.0740545
0.272706
0.180461
0.231426
0.0970002
0.245076
0.150976
0.0294163
0.0872871
0.0645505
0.0941448
0.376754
0.231426
0.0684728
0.0360817
0.061678
0.0645142
0.123166
0.105252
0.0735912
0.170045
0.141623
0.319239
0.257217
0.0744416
0.0420602
0.0549441
0.0533841
0.105084
0.159599
0.0351551
0.114265
0.150913
0.105633
0.1193
0.0754502
0.0585869
0.0792302
0.147775
0.50545
0.461341
0.0467563
0.0542716
0.0480723
0.0370325
0.286959
0.477054
0.213514
0.0406032
0.00473764
0.00833553
0.00770223
0.0204772
0.328626
0.27496
0.0680944
0.0390063
0.00106687
0.000355857
0.00256628
0.0113046
0.0269898
0.177096
0.442694
0.338496
0.0183294
0.00348854
0.00923178
0.0111597
0.0390167
0.0644072
0.15614
0.10737
0.0163856
0.00280393
0.00966195
0.0135681
0.0997579
0.135884
0.169075
0.189068
0.0200571
0.000244621
0.0013114
0.0361501
0.153373
0.186778
0.195464
0.288433
0.119845
0.148232
0.0404491
0.0152184
0.0276799
0.0945747
0.384949
0.226175
0.0241478
0.00939345
0.0189974
0.104882
0.220649
0.208697
0.399245
0.254245
0.0896581
0.237696
0.13577
0.0357072
0.109092
0.0870401
0.0233854
0.0467952
0.0940608
0.190487
0.118903
0.0981832
0.0520386
0.0271019
0.00593412
0.0258913
0.127383
0.299013
0.31221
0.166519
0.130629
0.062228
0.040485
0.0257743
0.0382813
0.208944
0.317001
0.310979
0.0271552
0.00793946
0.00139866
0.000537947
0.0144007
0.149332
0.572143
0.182442
0.147234
0.0489395
0.0371564
0.0208495
0.0634742
0.148698
0.254356
0.127347
0.208676
0.185872
0.252021
0.0581931
0.0344043
0.0622197
0.0969345
0.297192
0.0585286
0.0307258
0.00181927
0.0222872
0.022332
0.121423
0.566175
0.169813
0.119749
0.129202
0.131242
0.151194
0.0671129
0.161466
0.235622
0.0168585
0.0449421
0.103977
0.188467
0.0354077
0.13704
0.132837
0.0270811
0.0183219
0.00705363
0.00689827
0.0147016
0.0470651
0.689031
0.428309
0.0243621
0.0239826
0.0407209
0.0824211
0.149732
0.0940829
0.0529911
0.0642641
0.0335853
0.0111716
0.00909741
0.0216956
0.108216
0.102493
0.282249
0.17638
0.0147816
0.0237644
0.0293441
0.00582819
0.00903865
0.094843
0.454368
0.215599
0.03399
0.0392452
0.0917428
0.0707239
0.0317407
0.17322
0.234225
0.157057
0.12603
0.00772868
0.000847264
0.00285398
0.173845
0.302198
0.322093
0.120474
0.00251865
0.114419
0.136735
0.0298183
0.149731
0.403179
0.265324
0.0889984
0.0634597
0.0436917
0.0982272
0.0247679
0.116335
0.136505
0.0965729
0.0894399
0.0843117
0.0287261
0.0409562
0.0249119
0.363149
0.402093
0.0336374
0.0430803
0.0562878
0.0767538
0.0476913
0.0361533
0.102786
0.117725
0.190197
0.297841
0.158852
0.0308748
0.027999
0.0778134
0.500807
0.327885
0.0747145
0.13067
0.0631739
0.00668099
0.00293838
0.0120099
0.394575
0.465646
0.0270627
0.00911337
0.0101199
0.00314829
0.0148067
0.0150278
0.124067
0.121785
0.0322791
0.0149127
0.00466102
0.00340164
0.0018323
0.0459445
0.556666
0.406598
0.0293471
0.0161791
0.00791937
0.012806
0.0105222
0.0270962
0.165946
0.109845
0.0359207
0.026999
0.00614329
0.00437419
0.0184689
0.0483085
0.232033
0.196057
0.0543051
0.0246779
0.0312626
0.165662
0.182908
0.156379
0.262852
0.211806
0.0706677
0.0973004
0.214076
0.00768438
0.0307284
0.11397
0.327183
0.164185
0.0649924
0.021156
0.0167528
0.243584
0.248603
0.251273
0.37671
0.209779
0.0993098
0.0387361
0.197873
0.197665
0.0726427
0.0377871
0.0408934
0.0188134
0.00805293
0.0459942
0.238487
0.255198
0.0054148
0.00021369
0.00378503
0.00145578
0.000432917
0.0217369
0.506293
0.263943
0.0908493
0.0388659
0.0481684
0.0363172
0.0153703
0.0168807
0.30033
0.298602
0.0175135
0.00958554
0.00740868
0.00656702
0.00226944
0.0372817
0.506293
0.241904
0.0246511
0.0201104
0
0.013676
0.0185974
0.0984551
0.459017
0.157592
0.0613982
0.11788
0.0809012
0.0918087
0.0629659
0.158837
0.149975
0.187271
0.0243183
0.0328281
0.0299842
0.0252369
0.074746
0.203589
0.507051
0.085524
0.0358023
0.0722749
0.112844
0.168091
0.257897
0.272536
0.128088
0.0528415
0.0678121
0.177948
0.220969
0.133017
0.0781494
0.105034
0.0399294
0.0107129
0.0384629
0.0627782
0.312331
0.233595
0.0704578
0.0429276
0.0176053
0.0295406
0.0399188
0.10639
0.184859
0.307765
0.336878
0.157424
0.0389144
0.0109665
0.0285416
0.0723297
0.445715
0.308691
0.0518613
0.0343626
0.0207331
0.0115615
0.00244114
0.00775969
0.264804
0.30865
0.0587951
0.0147141
0.00171616
0.114006
0.100583
0.0274726
0.229841
0.346015
0.102162
0.0315618
0.0243207
0.00388289
0.0141777
0.0150077
0.41505
0.278227
0.00936935
0.00647482
0.0019665
0.0949609
0.0941629
0.0425755
0.395462
0.281665
0.0817579
0.0500289
0.219326
0.222384
0.0661806
0.0549817
0.033699
0.0470722
0.0855423
0.197007
0.27872
0.0800566
0.0465055
0.0937107
0.268583
0.299676
0.185253
0.0736092
0.0559246
0.240709
0.0595653
0.0471843
0.00191582
0.0509995
0.0562572
0.164993
0.308919
0.144053
0.0633247
0.0624119
0.0314481
0.177511
0.489518
0.149694
0.142032
0.00217868
0.00238825
0.0278029
0.241875
0.253158
0.162243
0.0325269
0.00517391
0.0114154
0.00642966
0.0155922
0.0946302
0.0642515
0.0526764
0.0272688
0.00470117
0.0410719
0.00714748
0.00905474
0.0354772
0.14758
0.671386
0.256409
0.0497762
0.0101512
0.00148789
0.0116236
0.0604736
0.053933
0.40774
0.221556
0.0134145
0.00861917
0.0175842
0.0493394
0.217253
0.186593
0.162315
0.0134038
0.00297969
0.110911
0.130835
0.0916182
0.239352
0.255848
0.341466
0.127135
0.126148
0.0319055
0.0955822
0.123461
0.177942
0.125021
0.222719
0.0476389
0.00421024
0.222998
0.274231
0.154449
0.144859
0.129906
0.332034
0.16516
0.239771
0.157396
0.0475675
0.0121808
0.0269973
0.0454018
0.0510625
0.0573652
0.248131
0.289
0.0288244
0.0152407
0.00776752
0.00889826
0.00248848
0.0215727
0.45364
0.209548
0.0615325
0.0124906
0.00963911
0.0270942
0.0486727
0.0739983
0.297221
0.393338
0.0701181
0.00786482
0.00194188
0.0136984
0.00286964
0.0140758
0.50656
0.245022
0.101306
0.0942634
0.0598454
0.0327547
0.0399864
0.0635767
0.27266
0.0683943
0.0973655
0.227123
0.244678
0.161212
0.136791
0.0795536
0.040427
0.362154
0.226592
0.0826549
0.0332732
0.0338578
0.00662983
0.0451058
0.415916
0.111338
0.223057
0.270144
0.211435
0.13859
0.0294808
0.111766
0.135957
0.00481196
0.0232988
0.157075
0.23785
0.18023
0.123267
0.0368045
0.00821441
0.00517499
0.010446
0.0588482
0.290024
0.146861
0.0428638
0.0273473
0.00991095
0.0112378
0.114975
0.242377
0.21673
0.123872
0.0276265
0.0654438
0.0247217
0.018838
0.541116
0.419111
0.218078
0.0683392
0.0163008
0.0153378
0.00711814
0.00066838
0.00829069
0.0220304
0.316977
0.149985
0.00452856
0.00287077
0.00100183
0.0675467
0.0710644
0.0751572
0.373794
0.163657
0.017067
0.0256262
0.142761
0.00852548
0.217017
0.262078
0.312966
0.0788129
0.00286937
0.00139515
0.000146333
0.0604369
0.0862484
0.258245
0.543112
0.143171
0.0124414
0.0138437
0.0784603
0.319426
0.0424087
0.0136005
0
0.00927535
0.012818
0.0432446
0.1685
0.270537
0.041082
0.0126238
0.00326331
0.011125
0.126651
0.0560586
0.199396
0.494345
0.0535465
0.00345758
0.00232578
0.00100774
0
0.00903582
0.218565
0.494345
0.0631245
0.00649695
0.0129442
0.00446668
0.0080953
0.0139252
0.372248
0.114718
0.00588086
0.0010586
0.018218
0.0189187
0.300652
0.123732
0.155547
0.0276033
0.00218141
0.00354559
0.0513342
0.0298039
0.336964
0.236961
0.0425223
0.355092
0.0254082
0.00257191
0.0315414
0.026085
0.0808318
0.0869063
0.423528
0.0834351
0.00872562
0
0.0393671
0.0322544
0.324635
0.3874
0.210392
0.0241492
0.0419807
0.0573535
0.169357
0.0862109
0.157828
0.134781
0.00926387
0.104387
0.151356
0.0774622
0.163821
0.12786
0.0988115
0.0636391
0.0891897
0.0203318
0.00393848
0.00501207
0.0794514
0.0646511
0.365152
0.476629
0.113658
0.086929
0.0254401
0.0131537
0.0895262
0.110265
0.241367
0.432139
0.309427
0.143109
0.10782
0.0243807
0.0283015
0.076027
0.0334923
0.0332194
0.144029
0.256055
0.284648
0.088273
0.00499611
0.0541667
0.0109236
0.0127028
0.251367
0.206455
0.144467
0.0363215
0.0273352
0.0645059
0.0470647
0.126915
0.273181
0.303712
0.554544
0.220687
0.00749417
0.0446301
0.0089862
0.00612312
0.221261
0.264287
0.25503
0.0731577
0.0106905
0.0391557
0.0066198
0.0277279
0.205843
0.163598
0.178702
0.109221
0.110684
0.119856
0.01789
0.0629347
0.0938974
0.332963
0.349048
0.139366
0.00236025
0.0134229
0.00161543
0.00450318
0.15034
0.284085
0.500318
0.191812
0.0369416
0.0239063
0.00164359
0.000914071
0.0730544
0.0133596
0.141465
0.0990953
0.048015
0.0344727
0.00436433
0.0125412
0.00600397
0.0138865
0.413642
0.286663
0.0215007
0.00142505
0.000203769
0.00179835
0.00247563
0.0432532
0.446794
0.220014
0.0397707
0.0082149
0.000164842
0.0131302
0.0084393
0.217634
0.467567
0.349459
0.0553078
0.0040258
6.83961e-005
0.0625454
0.138721
0.0290052
0.313382
0.269041
0.0702623
0.0118178
0.0235709
0.00648978
0.00585331
0.0775046
0.127054
0.181232
0.196701
0.0503305
0.0633194
0.0316843
0.128109
0.22137
0.268403
0.195779
0.0153787
0.0102119
0.0383997
0.0840376
0.349122
0.332301
0.128548
0.0880887
0.0209819
0.0337637
0.0962949
0.111911
0.459922
0.513335
0.101914
0.0279336
0.045059
0.00572382
0
0.0221133
0.213897
0.615956
0.144826
0.0399183
0.0677893
0.034321
0.0137
0.0180029
0.247712
0.129735
0.197961
0.0916055
0.0617664
0.00381588
0
0.00904514
0.0685169
0.159823
0.160786
0.0890407
0.0814176
0.046303
0.0266503
0.00624886
0.0685223
0.339828
0.059637
0.0205719
0.0425833
0.0859388
0.121987
0.13048
0.35732
0.100398
0.00760434
0.000816728
0.0126788
0.0588413
0.308303
0.399254
0.36449
0.0734871
0.0440151
0.0625766
0.0500643
0.125969
0.212476
0.0551001
0.0613811
0.0561986
0.0217358
0.0132549
0.046935
0.125414
0.301699
0.128313
0.163415
0.0316117
0.00460454
0.000986107
0.00559768
0.00679108
0.156282
0.323159
0.238246
0.125236
0.00301098
0.00261539
0.0131003
0.00782513
0.0896463
0.313666
0.550914
0.0426794
0.0517433
0.033291
0.0256124
0.0186209
0.0401834
0.0893068
0.176478
0.190332
0.242843
0.116858
0.0390919
0.00868446
0.0224243
0.0779928
0.410731
0.183353
0.0452124
0.0172471
0.0149237
0.00326072
0.0101913
0.0613665
0.391509
0.302528
0.183838
0.0664518
0.00600322
0.00171221
0.000318383
0.0015965
0.365804
0.170129
0.2702
0.103034
0.0533064
0.0113396
0.0128714
0.0225156
0.263759
0.281962
0.322886
0.104125
0.021876
0.0062572
0.0178713
0.0495186
0.33595
0.341322
0.157818
0.0423215
0.00069921
0.00329042
0.00374947
0.0131867
0.308497
0.25596
0.443055
0.13684
0.0151714
0.0147055
0.00553782
0.0157914
0.139467
0.284922
0.228444
0.063081
0.0150848
0.012146
0.0233104
0.069612
0.342134
0.145371
0.204271
0.119425
0.155398
0.133328
0.0304331
0.0508337
0.150039
0.0800371
0.517911
0.256577
0.0367101
0.0100875
0.000866996
0.0163717
0.0202792
0.330284
0.418355
0.219909
0.0556976
0.0129607
0.00870021
0.0821214
0.194041
0.0529438
0.193477
0.166425
0.134117
0.0973836
0.0145848
0.0314467
0.0501563
0.0849522
0.155002
0.133193
0.0507269
0.0260228
0.0811203
0.154442
0.185398
0.247052
0.10164
0.0619258
0.0125331
0.0144718
0.0277923
0.141975
0.443912
0.407132
0.0454199
0.0220664
0.00978913
0.023495
0.0571852
0.170131
0.56239
0.0410417
0.0313023
0.0263547
0.0231974
0.0312512
0.0877526
0.131391
0.141083
0.130245
0.0538268
0.0519528
0.0584279
0.052676
0.0860338
0.103957
0.191954