0.0689707
0.103264
0.051157
0.0628881
0.131073
0.0445997
0.0633845
0.120002
0.0862362
0.105034
0.105299
0.12169
0.170358
0.0556143
0.0738216
0.108061
0.385783
0.151401
0.0179619
0.113502
0.101342
0.100874
0.103948
0.30195
0.240672
0.338814
0.181728
0.0943472
0.113634
0.0711678
0.263577
0.386264
0.0571327
0.0311447
0.0267078
0.0325964
0.0370261
0.0181594
0.0408963
0.0452924
0.0783472
0.189187
0.108146
0.0322728
0.0438081
0.0215822
0.0702156
0.0690823
0.0352196
0.354326
0.180658
0.0253923
0.0178228
0.0156718
0.0788179
0.0784535
0.0768368
0.583779
0.583779
0.0201583
0.0163976
0.0143946
0.0460921
0.0278987
0.143021
0.106773
0.0507738
0.0100904
0.0148333
0.0159532
0.0261476
0.0810756
0.350376
0.0405088
0.0110658
0.0047991
0.00837769
0.0197613
0.0329386
0.245962
0.299239
0.39483
0.310983
0.00903126
0.00534555
0.00382473
0.0062765
0.0927575
0.39483
0.251054
0.0773581
0.00461247
0.00284983
0.00369506
0.0172608
0.39483
0.243706
0.028217
0.00196285
0.00129862
0.00284331
0.00747926
0.0143419
0.261835
0.258604
0.0522129
0.00433963
0.00239177
0.0189904
0.0132326
0.0302422
0.321219
0.402202
0.0385367
0.00258624
0
0.00199661
0.0139403
0.0434332
0.402202
0.402202
0.012405
0.000399552
0.0333772
0.037786
0.0246882
0.0543605
0.402202
0.195398
0.0140657
0.00429985
0.0026886
0.0284643
0.0208896
0.0331906
0.27635
0.167953
0.0046496
0.0108943
0.00653462
0.0164162
0.0511305
0.124164
0.274893
0.372126
0.00332461
9.68073e-005
0.0221158
0.0367536
0.0292871
0.100795
0.372126
0.238362
0.000594538
0.00148335
0.000950153
0.0189232
0.315909
0.372126
0.372126
0.0769939
0.011138
0.0167954
0.0153081
0.0178669
0.09211
0.199182
0.130501
0.0319881
0.018423
0.0199485
0.0192968
0.0233282
0.0563345
0.097193
0.0461477
0.0557714
0.00038019
0.00240113
0.00235661
0.0141108
0.469476
0.469476
0.176098
0.03687
0.00646823
0.0102015
0.0175608
0.0308139
0.394102
0.469476
0.10231
0.104943
0.0459392
0.102223
0.0885825
0.0831837
0.0834638
0.0999096
0.117848
0.154535
0.116352
0.23241
0.155354
0.0672425
0.0228709
0.0319414
0.0815231
0.140804
0.0517317
0.0529333
0.0885745
0.114285
0.349422
0.417008
0.356152
0.126673
0.0681474
0.11009
0.148387
0.0675472
0.105363
0.236371
0.333716
0.189985
0.0503643
0.0242666
0.0783751
0.0394311
0.0320532
0.053462
0.139311
0.121071
0.323653
0.123946
0.0195362
0.030546
0.0420355
0.118053
0.122234
0.195017
0.10581
0.184527
0.290229
0.0955168
0.0337204
0.0938686
0.100479
0.080701
0.479873
0.479873
0.192387
0.0577136
0.0358926
0.0939433
0.0379762
0.0140758
0.35618
0.173627
0.00261337
0.00288259
0.00484868
0.0355691
0.0312191
0.0137575
0.370357
0.370357
0.0202295
0.00794713
0.00131026
0.00648733
0.00423073
0.0225093
0.370357
0.370357
0.0116895
0.00199699
0.0028425
0.0111908
0.00687503
0.0266265
0.370357
0.334755
0.05051
0.0331529
0.0013724
0.00252326
0.00410601
0.107247
0.327179
0.310043
0.0769707
0.0359188
0.000171542
0.000229364
0.0193283
0.327179
0.306852
0.138307
0.085655
0.0696779
0.0260786
0.0491497
0.209041
0.018917
0.15846
0.163462
0.191592
0.183397
0.0569183
0.0167381
0.00487531
0.126159
0.224412
0.138015
0.236832
0.327179
0.223876
0.189515
0.0734669
0.225095
0.0849806
0.0134183
0.0135078
0.0406577
0.12188
0.146504
0.300883
0.219819
0.00841614
0.000279321
0.0687141
0.133898
0.197044
0.18453
0.288306
0.0747776
0.0985495
0.0416448
0.068362
0.159046
0.332212
0.299057
0.0922993
0.114233
0.0504278
0.0099434
0.0628377
0.133528
0.332212
0.332212
0.199344
0.200591
0.0138876
0.00204301
0.077641
0.13045
0.161941
0.212537
0.242012
0.0714032
0.0034719
0.00239324
0.0617863
0.114756
0.333467
0.333467
0.196168
0.185733
0.164707
0.089085
0.16713
0.108901
0.226495
0.250956
0.143998
0.060593
0.126834
0.15636
0.323258
0.139338
0.233786
0.150249
0.0280076
0.00297793
0
0.000349787
0.0177349
0.0334938
0.371663
0.371663
0.0290211
0.00978702
0.00036894
0.000571023
0.00129247
0.0119073
0.371663
0.371663
0.0274127
0.000799049
0.0102103
0.0275331
0.0900906
0.0468558
0.251462
0.237892
0.00498891
0.000939629
0.000752101
0.000467549
0.00127078
0.00440079
0.371663
0.371663
0.00705162
0.0193426
0.00384118
0.00148968
0.00249705
0.0170887
0.331425
0.288037
0.0560842
0.0160223
0.0170212
0.00886352
0.0168135
0.00860092
0.0758606
0.109962
0.0656836
0.00270829
0.00367332
0.000125649
0.00217887
0.0335167
0.485756
0.485756
0.0183337
0.0136532
0.0313123
0.0189332
0.0318303
0.0916479
0.372532
0.329433
0.0241097
0.0533
0.0385139
0.140743
0.262541
0.0587262
0.0112393
0.0173863
0.0150466
0.018439
0.378143
0.378143
0.299752
0.0903016
0.0104975
0.0105701
0.00175054
0.0189908
0.00496123
0.0607158
0.378143
0.160214
0.0134649
0.00501073
0.046406
0.00544441
0.0748621
0.141784
0.378143
0.36992
0.0124927
0.000193228
0.0026019
0.0351762
0.517263
0.517263
0.110184
0.0671925
0.0135226
0.000731531
0.00433143
0.0347515
0.239662
0.192666
0.125544
0.0832517
0.00609766
0.00413372
0.00835229
0.00963371
0.11455
0.115257
0.329978
0.287954
0.022794
0.0019191
0.00350503
0.00472117
0.0134497
0.0122368
0.187026
0.150867
0.0125274
0.00419758
0.00629606
0.00573203
0.0504466
0.023285
0.190521
0.199746
0.0591349
0.0133809
0.00579822
0.0967723
0.181421
0.0792938
0.201635
0.330623
0.201504
0.175379
0.0951342
0.0111394
0.0282744
0.0239546
0.314764
0.267057
0.03744
0.0132253
0.0157119
0.296828
0.15888
0.107954
0.280448
0.309599
0.114194
0.121731
0.322733
0.119403
0.0698776
0.048554
0.0543208
0.0842827
0.186294
0.167669
0.137133
0.268429
0.0291763
0.0124541
0.01945
0.0137316
0.183496
0.202957
0.368373
0.37139
0.0653925
0.0372372
0.0248989
0.0352392
0.0338957
0.0666545
0.37139
0.37139
0.00429529
0.00303594
0.00320456
0
0.0149171
0.0272874
0.37139
0.363234
0.175919
0.0892344
0.0687884
0.0107939
0.0713207
0.102399
0.380962
0.122663
0.163033
0.148626
0.190724
0.0441477
0.0418854
0.0295247
0.116909
0.397763
0.0742476
0.0523499
0.0313191
0.024374
0.0523265
0.0461153
0.397763
0.209798
0.0984184
0.0794005
0.141025
0.125217
0.0754776
0.064447
0.263317
0.0106928
0.0360359
0.0644182
0.139976
0.0455371
0.12751
0.120004
0.0174267
0.00132323
0.00313851
0.0074429
0.0690162
0.0666424
0.576195
0.576195
0.00287479
0.0195065
0.0351167
0.0328798
0.115831
0.116359
0.0392698
0.0334278
0.0272283
0.00231782
0.00488934
0.0153947
0.289846
0.247692
0.142507
0.112889
0.0019494
0.000157916
0.000798697
0.000991172
0.0698613
0.141522
0.360627
0.34354
0.00183766
0.00744272
0.00523901
0.0137643
0.1275
0.242054
0.239325
0.148838
0.00416892
0.000140507
0.000240844
0.00294894
0.360627
0.349569
0.113178
0.0580561
0.000329309
0.0147432
0.00459793
0.00797094
0.360627
0.360627
0.0850015
0.0210699
0.0140585
0.0738465
0.015974
0.0194777
0.322711
0.12565
0.0129152
0.0395611
0.114701
0.00935681
0.000250558
0.00763865
0.390174
0.368224
0.00597962
0.000341024
0.00931279
0.125647
0.161935
0.0259796
0.332555
0.239954
0.0446441
0.0933453
0.0717686
0.0217001
0.000508544
0.00470384
0.390174
0.390174
0.0223051
0.0117844
0.00708063
0.0036387
0.00254645
0.00725597
0.418149
0.379746
0.0119186
0.00367969
0.00281882
0.0108702
0.0128445
0.019818
0.15395
0.162138
0.0141534
0.00440248
0.00388449
0.00550775
0.000621878
0.00927034
0.52162
0.465629
0.016042
0.00894935
0.00407857
0.0156861
0.0158654
0.0487077
0.218192
0.169662
0.0319313
0.0231971
0.00441004
0.00869326
0.0169336
0.0779122
0.171716
0.17641
0.0277864
0.0278341
0.0263055
0.295302
0.129557
0.205567
0.15167
0.171707
0.0493289
0.0699348
0.330344
0.0018932
0.041428
0.135948
0.254721
0.156661
0.049869
0.0282745
0.0179993
0.332729
0.150827
0.294925
0.312989
0.158759
0.0864673
0.0866752
0.332729
0.321584
0.0451321
0.0350623
0.00809613
0.0125958
0.0060465
0.0156875
0.347632
0.347632
0
0
0
0
0.0056408
0.0229664
0.347632
0.347632
0.0415562
0.0549933
0.0335139
0.0151323
0.0110553
0.0236898
0.347632
0.347632
0.0203142
0.0002537
0.0119866
0.0152105
0.0409991
0.0509941
0.347632
0.3616
0.0275234
0.0271512
0.0145097
0.0170772
0.0621699
0.129221
0.3616
0.139382
0.0443056
0.0445537
0.0661757
0.0827165
0.0736766
0.114216
0.146606
0.337149
0.0626494
0.034751
0.106943
0.145076
0.23101
0.239673
0.3616
0.0588765
0.0312375
0.0533263
0.214065
0.275921
0.209692
0.187258
0.0663885
0.0229399
0.0316911
0.0329846
0.0868487
0.116091
0.0443063
0.043282
0.0209384
0.00179112
0.0161272
0.0179736
0.426987
0.33494
0.0271771
0.00545591
0.00212098
0.0442349
0.0166906
0.0414628
0.222101
0.244098
0.0801712
0.0637507
0.036062
0.014792
0.0316597
0.0324228
0.540568
0.436005
0.0122317
0.00660086
0.0186722
4.15134e-005
0.00119946
0.0019878
0.360895
0.270937
0.0034062
0.00045994
3.34822e-005
0.0372467
0.0192772
0.0225457
0.360895
0.295703
0.0269254
0.0105204
0.0391618
0.000687105
0.00369532
0.00288577
0.360895
0.360895
0.00185094
0.000292675
0.000424003
0.0833894
0.0278446
0.0295543
0.360895
0.360895
0.0488364
0.0342407
0.071256
0.0259398
0.0737489
0.0139422
0.311178
0.257629
0.0632619
0.0325704
0.00727273
0.00460563
0.000135233
0.000678181
0.354798
0.359853
0.135183
0.033237
0.00031779
0.000363006
0
0.00434458
0.253461
0.233134
0.270033
0.0999593
0.0015588
0
1.97762e-006
0.000399856
0.137231
0.188651
0.359853
0.359853
0.000152096
0.00215998
0.000376573
0.0056737
0.228533
0.27402
0.123427
0.0464967
0.0016354
0.0075173
0.00553716
0.0144749
0.0966023
0.125069
0.0351287
0.0164497
0.00158781
0.00140905
0.000451987
0.00563592
0.0636072
0.135593
0.559275
0.559275
0.001589
0.018949
0.0184731
0.026015
0.135072
0.118968
0.227258
0.199631
0.00274816
0.0220858
0.0168887
0.0375363
0.153833
0.183662
0.105762
0.090098
0.015082
0.229155
0.0618444
0.0994958
0.197254
0.160354
0.164986
0.297301
0.350215
0.113889
0.0923549
0.0355356
0.173224
0.151974
0.0622653
0.104422
0.0469497
0.369082
0.124728
0.0383669
0.120098
0.122681
0.0762588
0.312399
0.369082
0.293304
0.0200775
0.0267079
0.0248726
0.0115993
0.0200852
0.0768026
0.354912
0.354912
0.0650176
0.00329463
0.0172854
0.012518
0.0267247
0.0192541
0.354912
0.308076
0.0150498
0.00871906
0.0154775
0.0176825
0.00753058
0.0781073
0.354912
0.354912
0.0795417
0.0183762
0.0202206
0.00808732
0
0.00277984
0.354912
0.287787
0.228944
0.0896323
0.141321
0.0981103
0.107507
0.062641
0.294532
0.0571158
0.155761
0.123488
0.288455
0.173925
0.0912485
0.04139
0.0441089
0.36017
0.257235
0.0784667
0.065298
0.0200113
0.0798047
0.00687003
0.36017
0.132157
0.202314
0.0952877
0.203749
0.0925629
0.134281
0.00671857
0.206176
0.0348498
0.0280847
0.040054
0.181839
0.0910225
0.023434
0.0116136
0.0244867
0.0146477
0.0458508
0.0547535
0.314609
0.180911
0.00723192
0.00453806
0.0138431
0.035356
0.154373
0.10074
0.147284
0.0735979
0.0483699
0.00611921
0.036631
0.0184034
0.568411
0.568411
0.212066
0.0527539
0.00244227
0.0027369
0.00948484
0.000908667
0.0224563
0.0461747
0.350322
0.24615
0.0017858
0.000281351
0.000938314
0.0373302
0.0175827
0.0373463
0.350322
0.298646
0.013847
0.0105626
0.0310911
0.00118061
0.350322
0.350322
0.282495
0.0836605
0.000513954
0.000680289
0.00150864
0.0144568
0.174656
0.238036
0.350322
0.143549
0.000665716
0.00405409
0.00737358
0.00224428
0.00302954
0.0121347
0.158982
0.167377
0.267489
0.162703
0.000380179
0.00336642
0.0045443
0.00963129
0.0273635
0.0719285
0.456207
0.456207
0.00206165
0.0487035
0.0138356
0.0411664
0.18842
0.205163
0.0758107
0.0840422
0.0515999
0.0877962
0.0238221
0.0610405
0.088806
0.146088
0.365694
0.327916
0.0361752
0.000382236
0.000400978
0.0016047
0.00775761
0.0276227
0.370972
0.3581
0.0037296
0.00219422
0.00277508
0.00565593
0.0550396
0.0669549
0.288829
0.248711
0.00287606
0.022059
0.0046212
0.0171962
0.0275501
0.0681041
0.368174
0.345793
0.0315474
0.00326332
0.000727386
0.00102756
0.0219916
0.0717048
0.370972
0.370972
0.0225415
0.0448092
0.0436608
0.0188917
0.151782
0.171328
0.128212
0.0728366
0.0248768
0.261098
0.0860042
0.0410353
0.12732
0.167761
0.0836659
0.118796
0.318387
0.0313907
0
0.00150803
0.0448959
0.133975
0.346244
0.346244
0.113729
0.329399
0.0309468
0.0181961
0.043028
0.12454
0.187623
0.294387
0.346244
0.226107
0.0683009
0.0773747
0.0553612
0.0550916
0.00800888
0.0584269
0.315891
0.288204
0.143394
0.171516
0.0855226
0.0395521
0
0.00642417
0.309987
0.326857
0.116121
0.126448
0.0411682
0.0361671
0.0173073
0.0804382
0.326857
0.326857
0.169631
0.291811
0.0954414
0.0345263
0
0.00364092
0.272748
0.375306
0.16033
0.0942882
0.0640405
0.0238628
0.0573019
0.0052192
0.369515
0.160206
0.154462
0.0866656
0.130878
0.0615222
0.0926128
0.00614431
0.168257
0.286489
0.139017
0.12174
0.0541464
0.0159801
0
0.00259456
0.287022
0.152397
0.378948
0.37847
0.0221273
0.00613309
0.00130047
0.00449821
0.123301
0.00853527
0.201646
0.148602
0.0311356
0.0162585
0.0105411
0.00218028
0.00766858
0.00430033
0.386572
0.386572
0.00978361
4.87716e-005
5.5033e-006
0.000500413
0.000964563
0.0109161
0.386572
0.386572
0.00494728
0.00220983
0.000621916
0.000932211
0.0052824
0.0141817
0.386572
0.386572
0.0104884
0.0145086
0.00214077
0.000369224
0.00652148
0.00608965
0.44801
0.44801
0.0684234
0.00598556
0.000463206
0.00752759
0.00433599
0.0383244
0.303121
0.258231
0.130039
0.0263532
0.00286785
0.0175177
0.0118849
0.0358901
0.44801
0.36394
0.0344368
0.0176147
0.00440299
0.013243
0.0159392
0.0465873
0.14782
0.0830123
0.0538038
0.00557272
0.012229
0.0295617
0.00944987
0.0820073
0.00831986
0.0924044
0.312345
0.208001
0.118427
0.201807
0.138586
0.189678
0.0199316
0.0691691
0.195382
0.159609
0.141597
0.262648
0.178629
0.104867
0.0430138
0.0689063
0.247569
0.160911
0.141251
0.197807
0.201007
0.256324
0.0154881
0.032875
0.2386
0.181617
0.11772
0.148934
0.311402
0.0831935
0.00982373
0.0330193
0.0491734
0.112374
0.250601
0.251897
0.0894551
0.0442454
0.0021666
0.0147804
0.0107847
0.106689
0.471261
0.471261
0.154963
0.125616
0.0100828
0.0278386
0.0998213
0.0879143
0.114796
0.0605832
0.135268
0.15035
0.00799336
0.0337159
0.0474206
0.079727
0.279905
0.230064
0.284552
0.102698
0
0.00532565
0.00619455
0.0254457
0.247069
0.338459
0.246452
0.369858
0.0108031
0.00157154
0.00154864
0.00842944
0.0563345
0.178518
0.369858
0.154593
0.00533898
0.0178071
0.0157628
0.0128533
0.0605643
0.172136
0.291261
0.318141
0.041939
0.0100242
0.00204534
0.000287199
0.00439807
0.155733
0.369858
0.351367
0.0323321
0.0241035
0.00195857
0
0.00380413
0.0263456
0.351367
0.351367
0.0362874
0.056218
0.012443
0.00200717
0
0.00922654
0.351367
0.271725
0.0482985
0.00368038
0
0
0.000480631
0.0551145
0.351367
0.351367
0.103297
0.00815045
0.00121438
0.000822332
0.000208395
0.0627809
0.351367
0.328664
0.0806922
0.0260649
0.00654037
0.00153328
0
0.00694312
0.342375
0.215666
0.342375
0.299919
0.000341073
0.000476224
0
0.00497757
0.156708
0.342375
0.134595
0.00904639
0.00350974
0.0152745
0.0019584
0.0446596
0.292841
0.306314
0.253233
0.127977
0.0380152
0.0796948
0.00755545
0.0227094
0.221688
0.0602643
0.451186
0.451186
0.0012127
0.000409461
0
0.00501248
0.0272976
0.0360181
0.451186
0.355074
0.0142747
0.0187105
0.0056989
0.00311061
0.0276866
0.149486
0.265075
0.223123
0.102116
0.0725014
0.00395797
0.0215742
0.122767
0.0510702
0.129191
0.101729
0.058836
0.0173431
0.0041791
0.0187816
0.0642716
0.146518
0.494315
0.353461
0.0947186
0.0497053
0.0170667
0.0212897
0.0932293
0.118494
0.169184
0.179895
0.167827
0.0172331
0.0313937
0.0619414
0.0443962
0.108873
0.186677
0.166444
0.064977
0.0225594
0.023991
0.0838242
0.167762
0.112483
0.124425
0.417683
0.173543
0.037551
0.0554041
0.111378
0.128275