0.0384963
0.0871606
0.2046
0.0976115
0.107463
0.0994605
0.0585101
0.0240501
0.0454171
0.111848
0.330448
0.147743
0.180857
0.106116
0.0780652
0.0328979
0.0404875
0.105708
0.201199
0.143401
0.156262
0.143864
0.0956239
0.0409684
0.0732341
0.403006
0.438451
0.104895
0.301892
0.11526
0.0540073
0.0607133
0.0207312
0.038873
0.0747197
0.0569271
0.0360495
0.011787
0.0107084
0.00846936
0.0580156
0.257273
0.184498
0.0359243
0.0169444
0.0085091
0.00352876
0.00457789
0.0372398
0.384865
0.22464
0.0393508
0.0308763
0.00588147
0.00756436
0.0108848
0.0382923
0.557877
0.557877
0.0256068
0.00725937
0.00335743
0.000781867
0.000175446
0.0965258
0.301603
0.0788095
0.00491907
0.00380811
0.00193723
0.0013437
0.0148842
0.221606
0.191427
0.014007
0.00040967
0.000470116
0.0100036
0.0257441
0.277534
0.0688632
0.431599
0.317344
0.0190722
0.00119939
0.00781185
0.0018192
0.00676809
0.326667
0.431599
0.147994
0.0215213
0
0.00670042
0.0126283
0.281157
0.196717
0.0433672
0.0516558
0.00244667
0.000620775
0.00975734
0.0369783
0.360974
0.182765
0.0472672
0.0992638
0.027983
0.0670435
0.0558775
0.0655168
0.349342
0.29398
0.118285
0.0257244
0.00491303
0.00691701
0.0380577
0.0947618
0.43789
0.242966
0.0283566
0.00477357
0.0319097
0.039544
0.147787
0.148642
0.43789
0.16949
0.0386532
0.0286551
0.0491007
0.0638917
0.0399502
0.0435666
0.302404
0.222706
0.0547329
0.0237306
0.0475086
0.0182982
0.0240309
0.0441384
0.219313
0.205838
0.0802802
0.00959738
0.0517729
0.0203341
0.0994897
0.103505
0.45946
0.179791
0.0637704
0.0033909
0.0129856
0.0348715
0.245849
0.350263
0.45946
0.0974846
0.0308047
0.0239356
0.0324376
0.0396906
0.0830956
0.129485
0.10071
0.0214736
0.00823583
0.0216045
0.0205462
0.0632289
0.11368
0.231556
0.0758691
0.062241
0.00988858
0
0.000232504
0.0321396
0.47202
0.484777
0.196012
0.0132998
0.00365173
0.00841106
0.00924505
0.0693876
0.406478
0.384868
0.0630374
0.0509548
0.048897
0.0961172
0.0417249
0.0569928
0.196161
0.230252
0.0789332
0.0634158
0.120433
0.141732
0.111814
0.131946
0.364565
0.186544
0.0718617
0.0796765
0.0646575
0.0985705
0.110306
0.191506
0.309881
0.210222
0.0642416
0.137828
0.173085
0.122217
0.207925
0.233452
0.340267
0.23719
0.14087
0.0102065
0.0413364
0.0721231
0.0715184
0.031857
0.0281253
0.00993352
0.00656005
0.0286048
0.367455
0.241286
0.0283083
0.0551549
0.0168066
0.00695125
0.00754399
0.00861361
0.0836743
0.251759
0.243131
0.0489283
0.0180905
0.000469538
0.0115658
0.0271528
0.531407
0.531407
0.191663
0.0210653
0.00763426
8.78825e-005
0.00289145
0.0147995
0.401459
0.23309
0.00395944
0.00915502
0.00235293
0.00248796
0.00240322
0.00916324
0.402494
0.337413
0.0164449
0.00344747
0.00322209
0.00154242
0
0.0116689
0.402494
0.366086
0.0175454
0.00276881
0.00133874
0.000177183
0.000142818
0.00860818
0.365273
0.191586
0.0322599
0.0183586
0.00376839
0.00470097
0.000633393
0.0151261
0.414915
0.284517
0.119438
0.0411996
0.0149046
0.00556232
0.00329306
0.176295
0.353563
0.252871
0.186005
0.0699613
0.0511522
0.0327528
0.0915036
0.00741634
0.112333
0.118441
0.205254
0.18854
0.0341704
0.0143085
0.00943358
0.0849083
0.095826
0.214478
0.347873
0.281008
0.207437
0.0692529
0.0418869
0.167491
0.112379
0.0703842
0.0523912
0.0412857
0.178771
0.137339
0.167425
0.0771114
0.0297952
0.013948
0.0648592
0.0931462
0.436331
0.188831
0.179808
0.0779541
0.0699088
0.118095
0.165492
0.0900366
0.417095
0.129223
0.0280081
0.0545108
0.0435447
0.0364599
0.0592026
0.0844077
0.436564
0.268715
0.134612
0.0433063
0.0885083
0.032795
0.122115
0.0741855
0.253888
0.118661
0.146777
0.0220073
0.0590056
0.0318159
0.141483
0.177601
0.305964
0.278177
0.146612
0.0977254
0.198531
0.111241
0.106032
0.0807983
0.284138
0.141897
0.156428
0.0605919
0.265018
0.275399
0.386595
0.204715
0.157956
0.0739541
0.0479181
0.00306559
0
0.00502201
0.0608193
0.0898201
0.374747
0.290289
0.0378549
0.00435903
0.000563937
0.00113595
0.0116633
0.0756772
0.427379
0.260769
0.00881437
0.00299696
0.0410789
0.0761615
0.20092
0.103616
0.241412
0.138098
0.00489186
0.00129397
0.00092838
0.000324054
0.00729735
0.0410697
0.436959
0.36547
0.0028711
0.0206972
0.00706161
0.00812463
0.0393276
0.156262
0.283405
0.105798
0.0236367
0.0419088
0.0186622
0.00794172
0.0542929
0.152152
0.334815
0.106551
0.0531511
0.00688499
0.0012649
0
0.0148527
0.0845974
0.500255
0.36329
0.0295826
0.0195235
0.0046687
0
0.0303528
0.187334
0.432515
0.248018
0.0440197
0.00258061
0.0251073
0.137887
0.289725
0.0539586
0.0054535
0
0.00265254
0.00242065
0.225696
0.390121
0.375821
0.0861115
0.00558623
0.000294767
0.000663136
0.00236123
0.00278376
0.0310328
0.449027
0.146056
0.00852508
0.00968298
0.00401959
0.000675921
0.0155536
0.055345
0.449027
0.260905
0.0107123
0.00113205
0.000821449
0.00863411
0.493277
0.462493
0.220469
0.0752875
0.0107562
0.00312757
0.00136395
0.0144295
0.178732
0.0997293
0.124352
0.0519737
0.00950325
0.0078092
0.00384464
0.0104899
0.0309261
0.0540775
0.466
0.216707
0.0244815
0.00863837
0.0112014
0.0305728
0.0228751
0.025123
0.285213
0.0831175
0.0165478
0.00694826
0.0272773
0.00971625
0.00945285
0.078884
0.278328
0.129276
0.0328999
0.00745126
0.00488582
0.0692693
0.0510025
0.188698
0.358791
0.196049
0.178942
0.0823583
0.0682738
0.00874374
0.0309952
0.0633772
0.448697
0.143167
0.0181711
0.0181319
0.0213138
0.15669
0.183525
0.134439
0.448697
0.174191
0.0880257
0.119765
0.205392
0.07342
0.0528473
0.0886989
0.108255
0.049697
0.198776
0.0909806
0.153178
0.126275
0.0266519
0.0200042
0.0185182
0.0096877
0.237002
0.168738
0.398412
0.21394
0.0796727
0.0372373
0.0411602
0.0322054
0.0483838
0.0685654
0.466566
0.301713
0.00639602
0.00147342
0
0
0.0173774
0.0388073
0.466566
0.211517
0.171965
0.0531106
0.0150321
0.0167513
0.0696928
0.0903681
0.358226
0.133479
0.294522
0.173142
0.162293
0.0732196
0.0209911
0.0375052
0.147455
0.316944
0.103357
0.0303297
4.19694e-005
0.0270792
0.0139796
0.0742141
0.459927
0.174623
0.204495
0.124785
0.123031
0.164761
0.0387146
0.101882
0.271387
0.0185777
0.126196
0.117605
0.206831
0.0864315
0.122219
0.0575994
0.0375624
0.00472027
0.0105897
0.00279481
0.00745198
0.0349267
0.715082
0.377764
0.00192894
0.0320763
0.0945304
0.0854772
0.184011
0.161724
0.0431583
0.0441793
0.0607759
0.0214446
0.0183262
0.016761
0.080365
0.117901
0.249593
0.0735929
0.0184619
0.00273653
0.00244169
0.000642231
0.0171644
0.0773271
0.488391
0.2622
0.00680952
0.0193785
0.00471351
0.00497693
0.0561535
0.192688
0.295232
0.181883
0.0301535
0.00557258
0.0113921
0.0103804
0.287977
0.237999
0.252639
0.0617178
0.00501714
0.0764711
0.0390135
0.0759724
0.3729
0.281181
0.166308
0.0498601
0.0859341
0.000304784
8.43099e-005
0.00659808
0.424146
0.126639
0.0167949
0.0125926
0.00256984
0.000540057
0.000565477
0.00361281
0.453523
0.181289
0.00531676
0.00182828
0.000866438
0.000618501
0
0.00347931
0.453523
0.216277
0.0319311
0.0152983
0.00270197
0.000431685
0.000420148
0.00223043
0.453523
0.246127
0.0113957
0.003215
0.00060356
0.0103969
0.00597142
0.00827338
0.486575
0.194794
0.0270139
0.0161253
0.0140079
0.0314583
0.00794712
0.0416794
0.266471
0.12414
0.0384117
0.011919
0.0333209
0.00730861
0.00353997
0.00758773
0.460428
0.22517
0.0506452
0.0234622
0.00920298
0.0150669
0.00380914
0.116429
0.451043
0.238185
0.0758891
0.0166018
0.0163058
0.016108
0.0414165
0.104439
0.261645
0.131917
0.0160204
0.0354039
0.0348764
0.241532
0.201398
0.176135
0.168114
0.104691
0.0153327
0.071903
0.274726
0.0251426
0.0361072
0.23594
0.352299
0.162688
0.0547981
0.0401235
0.0254965
0.339329
0.146896
0.253569
0.256564
0.0973125
0.0587164
0.123365
0.309004
0.200609
0.0603481
0.0279345
0.00441659
0.00559237
0.00231004
0.0140591
0.39795
0.221943
0
0
0
0
0.00361856
0.0212769
0.438013
0.239396
0.042609
0.0193548
0.023718
0.0052838
0.00631613
0.0396755
0.438013
0.245121
0.00578719
0.0248221
0.0129453
0.0072932
0.032991
0.0659925
0.438013
0.226881
0.0632683
0.0262014
0.000148933
0.0171683
0.060575
0.1174
0.460096
0.119421
0.128861
0.104895
0.0638186
0.0944259
0.0977118
0.105957
0.137044
0.167545
0.0248138
0.0859264
0.115978
0.103975
0.232857
0.225253
0.413887
0.037529
0.0260561
0.0722201
0.227161
0.263984
0.284435
0.160818
0.0505125
0.0603001
0.109706
0.132815
0.176816
0.171549
0.103573
0.0490281
0.0395156
0.0458755
0.0140154
0.0277392
0.312314
0.20764
0.0688355
0.0313506
0.0523667
0.0437021
0.0324825
0.0532259
0.250205
0.313369
0.19484
0.0625168
0.0262055
0.0524925
0.0330255
0.029031
0.573494
0.272928
0.0234317
0.0368164
0.0572491
0.00482116
0.00521176
0.00674764
0.386434
0.164992
0.0250955
0.00546062
0.0127601
0.0383068
0.0296437
0.0487155
0.420384
0.17666
0.055986
0.0115571
0.0626952
0.0213587
0.00862202
0.00527707
0.461836
0.197525
0.00416072
0.00800081
0.0200371
0.0711903
0.0302936
0.0311749
0.461836
0.24779
0.134825
0.0241239
0.0571835
0.000462366
0
0.00203502
0.398483
0.254055
0.0715267
0.020374
0.00201988
0.000145003
0.000252274
0.000252274
0.391029
0.256055
0.158483
0.0577133
0.000145003
0
0
0.0130897
0.178323
0.2171
0.253594
0.105714
0
0
0.000168183
0.00119467
0.0754805
0.166189
0.448884
0.300709
0
0.00337311
0.00372141
0.00539026
0.138884
0.122174
0.134398
0.0533356
0.00302739
0.00813881
0.0190195
0.0355892
0.203402
0.179178
0.0700586
0.0107156
0.00675595
0.00192132
0.00320977
0.00313951
0.0198844
0.0750759
0.676868
0.359993
0.00215288
0.00625806
0.0794947
0.104276
0.332547
0.123939
0.2251
0.101654
0.0065924
0.0168102
0.0330541
0.0784597
0.242181
0.193499
0.147289
0.0862516
0.029495
0.136877
0.0692396
0.0703383
0.171828
0.0993385
0.152473
0.268255
0.301377
0.0908672
0.158728
0.151392
0.318414
0.11232
0.113857
0.0680892
0.0451583
0.213684
0.127024
0.0900231
0.142848
0.0491424
0.109553
0.195178
0.48171
0.126577
0.0209155
0.00386129
0.019368
0.00431472
0.0142472
0.092778
0.439324
0.216885
0.0452726
0.0539024
0.0184394
0.00710456
0.0223729
0.0496371
0.445335
0.107248
0.0179139
0.0116925
0.0276431
0.0104339
0.0150603
0.0702991
0.445335
0.226857
0.11572
0.0491849
0.0200564
0.00423809
0.00206225
0.0354642
0.445335
0.164638
0.141094
0.254115
0.179842
0.0784343
0.114443
0.081296
0.219657
0.017204
0.0882178
0.246151
0.381198
0.181088
0.123774
0.0463495
0.00591004
0.20633
0.237374
0.235228
0.112155
0.0269649
0.0983687
0.0771089
0.301523
0.037783
0.143012
0.253678
0.266309
0.106306
0.148606
0.0527516
0.0427004
0.00779412
0.0145482
0.0576736
0.197518
0.102968
0.0382711
0.0204306
0.00746192
0.0174364
0.0246916
0.0603361
0.304559
0.0871034
0.0092836
0.0181373
0.0145903
0.0228962
0.100563
0.0756497
0.149559
0.0727048
0.0405634
0.0128482
0.0125878
0.0347457
0.588096
0.564459
0.233025
0.0272243
0.00854621
0.0121039
0.0110412
0.0329245
0.0180657
0.0674538
0.391613
0.107663
0.00149535
0.00274231
0.0097549
0.116044
0.0377784
0.121315
0.352358
0.191852
0.0687128
0.00701297
0.0299439
0.0342164
0.224908
0.477872
0.259217
0.0384713
0.00120482
0.000653481
0.00278757
0.159316
0.140956
0.36634
0.208886
0.0969911
0.0218792
0.0481359
0.0378655
0.00577785
0.0025747
0.0354151
0.0670057
0.125655
0.243296
0.115789
0.00391357
0.0038519
0.00105216
0.00733608
0.00670277
0.0462871
0.534739
0.360029
0.00558713
0.0233352
0.00461914
0.0462809
0.108438
0.127771
0.103786
0.0513294
0.0186208
0.0157434
0.00157823
0.010105
0.0241366
0.100198
0.534739
0.304347
0.0332396
0.00012402
7.77211e-005
7.77211e-005
0.000492162
0.00640662
0.420754
0.216388
0.000763499
0.000496082
0.0140336
0.0288939
0.178432
0.0843779
0.244806
0.143137
0.000996264
2.95028e-005
0
0
0.000863037
0.0243076
0.420754
0.263543
0.00507835
0.00350622
0
0.00138192
0.0711471
0.110657
0.420754
0.414918
0.0210045
0.0458036
0.0606907
0.0933127
0.360369
0.156918
0.0786995
0.0718064
0.0177344
0.137545
0.0749955
0.0964068
0.241296
0.0832481
0.0617601
0.117587
0.245714
0.0307189
0.00136212
0.00754906
0.150633
0.200595
0.248694
0.388885
0.129218
0.110688
0.0876107
0.0758716
0.131279
0.0902052
0.0867784
0.264693
0.420717
0.0748767
0.0768314
0.163675
0.0867648
0.0334137
0.0328261
0.0510946
0.248228
0.236737
0.172505
0.235222
0.0462437
0.00943685
0.00718417
0.0168405
0.300275
0.0980869
0.234888
0.328437
0.063995
0.0224279
0.0265829
0.0594781
0.263526
0.221025
0.223957
0.424126
0.0544219
0.00509785
0.0126342
0.0165276
0.278819
0.296345
0.169129
0.139823
0.0757918
0.0214473
0.0611266
0.0487428
0.269806
0.0951354
0.181877
0.12341
0.165581
0.0895641
0.0919596
0.034227
0.0528588
0.32236
0.189918
0.131797
0.0282524
0.00350091
0.00312978
0.0106523
0.244644
0.142149
0.535398
0.304438
0.0390472
0.0154412
4.69208e-005
0.00549484
0.0373596
0.0145164
0.221284
0.0909845
0.0345847
0.0224514
0.00941185
0.000988262
0.00344569
0.0155267
0.456729
0.291714
0.0291944
0.0108072
0.00339836
0.000535896
0.0015793
0.0341315
0.456729
0.275095
0.0118081
0.00391506
4.73178e-006
0.000421123
0.00127921
0.0642282
0.456729
0.314906
0.0503824
0.0227696
0.00991542
0.00264959
0.00344501
0.0193954
0.442499
0.500939
0.0604052
0.0182599
0.00749776
5.39482e-005
0.000674658
0.0759588
0.21106
0.351121
0.0499457
0.0230511
0.0380518
0.062712
0.0798405
0.0426888
0.260209
0.366486
0.0559176
0.0462215
0.0481453
0.0432402
0.0135129
0.042782
0.122645
0.197735
0.0275724
0.0801617
0.0997534
0.0901602
0.119342
0.021397
0.0213189
0.0681874
0.261834
0.2157
0.0447339
0.0346829
0.044889
0.0178559
0.00469663
0.027775
0.201927
0.204635
0.395464
0.238617
0.0868684
0.0400093
0.0654782
0.10344
0.362641
0.192308
0.0405754
0.0242305
0.0456788
0.0460637
0.0478569
0.212256
0.448263
0.165546
0.124363
0.0475073
0.054919
0.000514001
0.000194307
0.00277392
0.0241176
0.0449822
0.380995
0.21552
0.0161984
0.0200909
0
0
0.00453959
0.0372486
0.497037
0.497037
0.133847
0.00446412
0.00566704
0.050214
0.0917197
0.0456039
0.149094
0.108883
0.0212334
0.0785471
0.0434706
0.0073799
0.0212107
0.0407549
0.235324
0.311957
0.17915
0.0920369
0
0
0.00390742
0.0326414
0.144493
0.302175
0.286203
0.181772
0.0401855
0.0214941
0.00196649
0.0109711
0.0183761
0.106975
0.459777
0.227708
0.0412968
0.0102461
0.0267746
0.00996882
0.0553987
0.112195
0.280686
0.354506
0.0248071
0.0112978
0.0324435
0.00395727
0.0219215
0.0648115
0.459777
0.100497
0.100491
0.090518
0.00377207
0.000467691
0.00203047
0.0271736
0.435606
0.154467
0.0654369
0.102359
0.00968226
0
0.00565641
0.0338532
0.460043
0.118623
0.00424606
0.0034386
0.00363765
0.00500806
0.0211381
0.084371
0.460043
0.107834
0.00031872
0.00348295
0.00582083
0.0660098
0.0638696
0.13783
0.460043
0.248004
0.175243
0.04898
0.00384425
0.00190747
0.00439598
0.0308454
0.349077
0.158602
0.525939
0.256482
0.00601324
0.00651252
0.00289024
0.00870589
0.046474
0.187856
0.0976991
0.0519304
0.035834
0.101775
0.0617353
0.0906533
0.275868
0.138523
0.33476
0.252471
0.0965149
0.0838694
0.0236981
0.0143065
0.0367412
0.0722437
0.650734
0.317871
0.0109123
0.00271951
0.000686901
0.0223081
0.0264346
0.160475
0.280068
0.233393
0.0458283
0.0242736
0.0147052
0.0386592
0.0588182
0.0495109
0.289425
0.218489
0.0819728
0.0620823
0.043751
0.0603715
0.0753478
0.146989
0.147469
0.0920705
0.023567
0.0182565
0.0496645
0.0897995
0.139314
0.178686
0.134291
0.31058
0.119111
0.101965
0.0882649
0.112862
0.0949293
0.091845
0.0896008
0.167074
0.202577
0.247526
0.221116
0.230997
0.136318
0.245136
0.12785
0.150554
0.0763918
0.0652971
0.0726847
0.0936196
0.167573
0.0954505
0.232352
0.221917
0.215148
0.201667
0.180133
0.185664
0.137455