0.0476794
0.0239086
0.0116995
0.00341568
0.0391242
0.0939238
0.117458
0.0931417
0.206337
0.094914
0.0127908
0.0144624
0.0393348
0.0427542
0.0513754
0.119538
0.433081
0.280963
0.0393636
0.00395655
0.0372546
0.0768065
0.0672882
0.0917645
0.606751
0.376411
0.117257
0.0110439
0.0290075
0.0293399
0.0222755
0.134036
0.131149
0.126228
0.0154167
0.00370954
0.00629216
0.012998
0.0122308
0.0290578
0.178471
0.421192
0.0764123
0.00231554
0.00408185
0.0069374
0.0144352
0.0123634
0.265258
0.381011
0.200532
0.00199092
0.00272132
0.00171326
0.00227364
0.0215757
0.140019
0.473664
0.450415
0.00310517
0
0.000338951
0.000991414
0.00229229
0.164568
0.302221
0.0615779
0.000949281
0.00211722
0.00211471
0.00303068
0.0438894
0.341474
0.188729
0.0285256
0
0.000669689
0.00112156
0.000821007
0.280909
0.170588
0.382888
0.207544
0.00754017
0
0
0
0.0397772
0.382888
0.295176
0.0720376
0.00502678
0
0
0.00196711
0.382888
0.279204
0.0611064
0.00214618
0
0
0.00296354
0.00789528
0.268206
0.31408
0.0130422
0
0
0
0.0175382
0.052234
0.344279
0.379217
0.0289046
0.00583178
0
0
0.0104202
0.0447183
0.380092
0.380092
0.011832
0.0224211
0.0182773
0
0.0292397
0.0790499
0.380092
0.221291
0.000660569
0
0
0
0.00739212
0.0318738
0.343667
0.198484
0.000229983
0
0
0.00642918
0.0258941
0.129794
0.381131
0.296217
0.0168762
0.0156769
0.0198799
0.00272598
0.0204023
0.0672486
0.381131
0.146978
0.00417776
0.000283322
0.00512707
0.0161723
0.201445
0.381131
0.381131
0.0863528
0.00445234
0.00501992
0.00256428
0.0274158
0.091524
0.172881
0.250388
0.0461677
0.00832808
0.0237962
0.0635413
0.0773419
0.0857219
0.0812924
0.15533
0.031237
0.000873181
0.0032536
0.00283427
0.0200263
0.431573
0.431573
0.170621
0.0325737
0.00349272
0.0160284
0.0583113
0.16193
0.431573
0.41657
0.0588527
0.0409179
0.0167894
0.0432985
0.197224
0.237002
0.116482
0.0674851
0.121209
0.0227771
0.0551793
0.136723
0.117326
0.267567
0.188497
0.0436306
0.0312273
0.0529404
0.0379566
0.0302136
0.185919
0.394427
0.390033
0.334077
0.166069
0.135849
0.0890868
0.103248
0.141166
0.211467
0.102324
0.132396
0.200913
0.230402
0.157342
0.0164972
0.00296029
0.00266722
0.00985728
0.0250118
0.043773
0.192699
0.335708
0.227127
0.0122504
0.000640359
0.00131056
0.00866443
0.0331686
0.262637
0.440681
0.0550719
0.0311113
0.0155187
0.0294248
0.018487
0.0339089
0.138412
0.440681
0.433478
0.0386643
0.0111814
0.00708121
0.00561642
0.0127596
0.0624111
0.391197
0.27671
0.00310053
0
0
6.09997e-005
0.00368078
0.0300499
0.398816
0.317884
0.0176125
0.0125076
0.000383682
0.0007375
0.000674733
0.012887
0.398816
0.327638
0.00587076
0.0014498
0.000224904
0.000584751
0.00066693
0.0224404
0.398816
0.190415
0.0264879
0.0482657
0.00690886
0.00333983
0.00293432
0.0732158
0.397525
0.241121
0.0935051
0.0486787
0.00604066
0.00062079
0.0102199
0.321264
0.32564
0.203652
0.0888784
0.0603552
0.0196393
0.0186718
0.172256
0.0337267
0.180083
0.131596
0.140049
0.199937
0.108962
0.0614619
0.0119812
0.144664
0.134121
0.252729
0.208749
0.260545
0.190626
0.218309
0.103326
0.220291
0.0604918
0.0437496
0.0139493
0.0158935
0.0951367
0.148961
0.260927
0.158643
0.0241427
0.0562761
0.0586953
0.028558
0.209235
0.269451
0.322449
0.094504
0.0538683
0.110756
0.108066
0.0774454
0.23835
0.304314
0.116321
0.0834264
0.0443364
0.0377506
0.0568203
0.0511633
0.374251
0.377712
0.226996
0.126341
0.0395492
0.0541763
0.0804588
0.0991535
0.131889
0.162752
0.313719
0.0545054
0.00988731
0.0186123
0.0709492
0.167316
0.348817
0.384718
0.225258
0.119515
0.16286
0.126062
0.0782009
0.159231
0.159223
0.201218
0.176447
0.0452608
0.15908
0.23599
0.221283
0.24838
0.190182
0.0962672
0.0409808
0.00382322
8.15942e-005
0.0024031
0.0191599
0.0354093
0.377941
0.377312
0.0225331
0.00270947
0.000326377
0.000185439
0.00350972
0.0376692
0.384205
0.384205
0.0118573
0.000620514
0.0150187
0.0404376
0.0693483
0.0538684
0.210043
0.169885
0.000955946
0.000611341
0.00223201
0.00112333
0.00117621
0
0.384205
0.384205
0.00109209
0.0104604
0.00752241
0.000145281
0.0070322
0.0492256
0.305521
0.35956
0.0583271
0.0493396
0.0174755
0.0250394
0.0216647
0.0217909
0.0577124
0.11683
0.0805386
0.00060864
0.000167693
9.17952e-006
0
0.00296165
0.443207
0.443207
0.010547
0.0105741
0.00938657
0.0177842
0.0193076
0.0572772
0.427089
0.345501
0.0281893
0.137526
0.307577
0.0612144
0.130299
0.0931809
0.102588
0.0356058
0.0569706
0.0566461
0.38414
0.236158
0.18664
0.0944583
0.0213938
0.00500133
0.0146749
0.0314945
0.0644311
0.0596182
0.23818
0.258552
0.326458
0.220526
0.0782471
0.00529467
0.0634034
0.108408
0.38414
0.300201
0.0698678
0.0270386
0.0170748
0.0218531
0.63158
0.351832
0.103104
0.0516296
0.00679832
0.00635134
0.00328806
0.0299968
0.286224
0.128964
0.107199
0.0980133
0.0195016
0.00799466
0.00589793
0.00344573
0.0923162
0.0941623
0.324968
0.181053
0.0159279
0.0114203
0.00709725
0.00477314
0.0123934
0.0353633
0.262405
0.226907
0.0425306
0.0206106
0.00574327
0.0381206
0.0510168
0.0872539
0.158544
0.108513
0.0827009
0.0720741
0.00648896
0.141233
0.0749287
0.161699
0.191616
0.108046
0.166214
0.33286
0.138635
0.0326141
0.0516858
0.0699433
0.360929
0.249402
0.0548157
0.0525725
0.0247789
0.304444
0.184809
0.0971991
0.273215
0.162808
0.094566
0.283123
0.32833
0.106598
0.0304486
0.0672101
0.062897
0.0251925
0.0801178
0.202826
0.175222
0.203834
0.0237837
0.0119747
0.0109537
0.00883633
0.0819006
0.243374
0.391744
0.328625
0.0532469
0.0205936
0.0179618
0.00747927
0.0175507
0.105441
0.39795
0.39795
0.00593506
0.00291682
0
0
0.000140812
0.0298641
0.39795
0.271577
0.155789
0.0716416
0.0122604
0.0343266
0.0419606
0.106311
0.397415
0.0934574
0.187021
0.174596
0.0893409
0.0729513
0.0434919
0.0376228
0.121051
0.443327
0.0694477
0.0576014
0.0255965
0.018586
0.0557568
0.0630142
0.443327
0.197533
0.10472
0.100289
0.145234
0.11033
0.119071
0.0850543
0.226258
0.00397447
0.0541243
0.0873141
0.0842903
0.0499194
0.110584
0.0873323
0.0219141
0.00666991
0.0145138
0.00638592
0.0200157
0.0597585
0.621891
0.604935
0.00282527
0.0178979
0.0415668
0.0398744
0.113663
0.0905797
0.0773898
0.037507
0.0304909
0.0122021
0.0159435
0.00682845
0.175558
0.204649
0.170319
0.077412
0.00801682
0.000724378
0.000866659
0.000116124
0.0332962
0.0930955
0.386236
0.292099
0.000338134
0.00410862
0.0079313
0.0155245
0.111493
0.186376
0.386236
0.14906
0.00590775
0.00179041
0.00115718
0.000152277
0.290161
0.272061
0.139349
0.0386852
0.00062051
0.00362865
0.0165789
0.0294727
0.386236
0.386236
0.14036
0.0144149
0.00074915
0.00461682
0.0269748
0.0625894
0.160548
0.248096
0.316694
0.244083
0.0629722
0.000300857
0.0329202
0.0863972
0.437724
0.213837
0.121601
0.107644
0.0375488
0.0129586
0.0316551
0.0513318
0.0481071
0.0977775
0.218436
0.300155
0.107666
0.0021496
0.0224661
0.0615272
0.12
0.166735
0.369797
0.269654
0.0785992
0.00126055
0.0252811
0.0600936
0.393351
0.173666
0.0328253
0.0287101
0.0169546
0.00520703
0.0188002
0.0755231
0.206344
0.270055
0.0921181
0.0257184
0.00505255
0.0214845
0.0349358
0.0480072
0.167847
0.326892
0.3872
0.0942682
0.0348495
0.0896619
0.101404
0.229056
0.36769
0.269777
0.104181
0.0278375
0.0367626
0.0160588
0.0637188
0.108697
0.152843
0.200819
0.0813126
0.0486277
0.0414638
0.318696
0.270584
0.126139
0.105295
0.141299
0.0635264
0.131626
0.305112
0.0210673
0.105538
0.276922
0.237148
0.124115
0.115273
0.0421289
0.0223289
0.245728
0.275143
0.283756
0.187425
0.0644337
0.122018
0.119149
0.267705
0.316084
0.0714736
0.0110543
0.00539079
0.00770789
0.00243496
0.0340072
0.372566
0.374488
0.0017748
0
0
0
0.00155921
0.0365758
0.374488
0.257229
0.0644408
0.0232548
0.018464
0.00295001
0.00988339
0.0319172
0.352627
0.283878
0.0108684
0.0160822
0.00102182
0.0123315
0.0261101
0.131028
0.374488
0.400042
0.0388542
0.0365847
0.0175092
0.00962972
0.0479947
0.165557
0.416662
0.179775
0.0725787
0.0617156
0.0952387
0.0587835
0.0837061
0.126738
0.0982446
0.166688
0.0373517
0.0772842
0.04424
0.134238
0.17233
0.384854
0.277778
0.0465273
0.0311627
0.0733452
0.12439
0.282464
0.19466
0.229149
0.0353327
0.0481232
0.0545825
0.0357303
0.126597
0.0921305
0.0859641
0.0465463
0.0289767
0.0217218
0.0103185
0.00195067
0.372916
0.338575
0.0482368
0.02826
0.0203153
0.0270658
0.0183625
0.0346396
0.137272
0.251462
0.0977756
0.0513661
0.0231475
0.0223027
0.00910476
0.0321206
0.557107
0.450083
0.0252482
0.0204162
0.0210147
0.00196884
0.0004875
1.81418e-005
0.328998
0.218554
0.00361253
0.00152992
0.000825826
0.0041972
0.0290376
0.0393517
0.408243
0.262735
0.00597094
0
0
0.00129142
0.000416264
0.00441963
0.408243
0.275031
0.00541794
0.00137906
0.000833076
0.00279813
0.0159713
0.0260584
0.408243
0.389841
0.0527021
0.0262769
0.00494172
0.031116
0.0548218
0.10771
0.0723846
0.0899253
0.168013
0.210105
0.063916
0.00279703
0.00669186
0.0190432
0.0859936
0.278684
0.409752
0.170141
0.0272332
0.23719
0.168056
0.312622
0.181503
0.130191
0.098206
0.0907633
0.112199
0.0463994
0.0450345
0.175395
0.244361
0.342221
0.298887
0.0613285
0.00878339
0.012329
0.00964136
0.00658585
0.102811
0.347372
0.290905
0.0418087
0.0134268
0.0919838
0.040171
0.0480523
0.145692
0.229629
0.109165
0.0351654
0.0400364
0.00843313
0.00367526
0.0302531
0.143685
0.41039
0.47994
0.0366267
0.00824756
0.0963731
0.0879768
0.078213
0.244472
0.232707
0.238762
0.0465232
0.0251543
0.0522186
0.0379618
0.0770503
0.140171
0.139851
0.200225
0.10652
0.0313247
0.158516
0.0880787
0.0801569
0.114124
0.0591843
0.211617
0.224659
0.320918
0.236592
0.116709
0.0899691
0.177627
0.0919913
0.122762
0.101907
0.056394
0.442011
0.0742109
0.051861
0.0776666
0.0395464
0.117394
0.183894
0.442011
0.186788
0.0263455
0.00881018
0.01205
0.000528053
0.0185237
0.045997
0.338127
0.302156
0.0381509
0.0343519
0.00167606
0.00908849
0.0168222
0.0600033
0.337107
0.360365
0.00825963
0.00693044
0.0043854
0.0101645
0.018526
0.0320344
0.392454
0.392454
0.0484808
0.0254841
0.00547229
0.00251659
0.00339741
0.0205102
0.392454
0.239051
0.147229
0.223244
0.0778012
0.0995729
0.0841746
0.143578
0.141253
0.0422304
0.0962692
0.241943
0.210391
0.209872
0.080991
0.0766517
0.00707304
0.432241
0.149271
0.155005
0.0925541
0.0305474
0.0652093
0.124547
0.44599
0.0845189
0.118945
0.190811
0.179634
0.104333
0.104178
0.112262
0.0872599
0.00637155
0.0151266
0.0596549
0.105975
0.0975875
0.0185479
0.0106733
0.00238636
0.00604259
0.0377788
0.10189
0.254407
0.164505
0.00739102
0.00351264
0.00486479
0.0115787
0.132347
0.1196
0.0725338
0.0612162
0.0300416
0.0179048
0.0111725
0.0102538
0.611689
0.611689
0.131616
0.0520129
0.00482003
0.00613681
0.0129378
0.000583045
0.0144567
0.0664511
0.324257
0.194883
0.0102716
0.000256268
0.000534737
0
0.0031551
0.0490843
0.384591
0.307378
0.0773383
0.02582
0.00789952
0.000788433
0.269196
0.384591
0.194198
0.0679289
0.00590539
0.000270284
0.000688653
0
0.111015
0.326066
0.384591
0.180007
0.0282845
0.00587538
0.00234404
0.422974
0.11098
0.148233
0.0636141
0.0324499
0.0146489
0.0325369
0.180369
0.111942
0.0568712
0.130558
0.0994726
0.119404
0.155
0.0465705
0.0462772
0.484034
0.0296725
0.00589164
0.00363555
0.0156308
0.0800178
0.15998
0.267238
0.119587
0.0172809
0.00724924
0.0214054
0.0772641
0.39918
0.285072
0.119231
0.0052733
0.00424713
0.0153651
0.0329302
0.125742
0.346257
0.0374147
0.00581372
0.0124229
0.0374371
0.0409908
0.244534
0.212644
0.301222
0.041711
0.00123577
0.00365509
0.00189892
0.00249181
0.0205397
0.120933
0.451326
0.109876
0.00783135
0.0214432
0.00973404
0.00453036
0.111738
0.305962
0.496163
0.144396
0.0846574
0.0990106
0.0676481
0.0763247
0.263767
0.171972
0.101675
0.0519175
0.0226817
0.299309
0.0705704
0.0681627
0.150802
0.0852856
0.07164
0.0969104
0.290429
0.0613467
0.00906691
0.00980233
0.109093
0.19207
0.254788
0.246466
0.161075
0.32432
0.0898179
0.0405178
0.0754957
0.0741673
0.127707
0.291645
0.408385
0.212318
0.087656
0.10248
0.0162017
0.0325335
0.0302662
0.0303486
0.252629
0.373903
0.125433
0.150513
0.00984435
0.00813338
0.00877432
0.0191399
0.351515
0.277838
0.240442
0.200925
0.0121946
0.0204322
0.0165387
0.0443411
0.229287
0.337513
0.227548
0.291165
0.008732
0.00510805
0.00467544
0.00732387
0.22125
0.385386
0.0813372
0.0720882
0.0957559
0.029924
0.0381188
0.0609465
0.31482
0.109325
0.135974
0.109736
0.160479
0.0855526
0.060167
0.0501216
0.0688743
0.38269
0.146499
0.11302
0.0287596
0.00552073
0
0.00529697
0.211181
0.155965
0.437848
0.385476
0.0509279
0.0138385
0.000151548
0.00132424
0.0447219
0.00402521
0.204863
0.136201
0.0243337
0.0194562
0.00817761
0.0030124
0.00307359
0.00291269
0.390072
0.390072
0.00693294
0.000794612
0.000559476
0.00238451
0.00321217
0.00460009
0.390072
0.370567
0.0128879
0.00355175
0.000165852
0.00103262
0.000875767
0.0107492
0.390072
0.390072
0.0322136
0.00145151
0.00646456
0.0134887
0.00510298
0.00214701
0.447018
0.447018
0.0558397
0.00848063
1.26304e-006
0.0164555
0.00789246
0.00511454
0.196142
0.393512
0.167221
0.0783331
0.0239604
0.0712279
0.0615747
0.0155053
0.320751
0.32268
0.0544781
0.00318825
0.0218507
0.0901726
0.0350281
0.0323666
0.0769148
0.117724
0.0497703
0.017713
0.0811023
0.216613
0.136247
0.252928
0.0267387
0.0169202
0.0238
0.0643893
0.110527
0.160016
0.167326
0.0353953
0.01563
0.00560421
0.0451187
0.191066
0.557159
0.326048
0.0829435
0.0255228
0.0373969
0.0264223
0.0371976
0.0857839
0.111604
0.0949535
0.0611857
0.0118151
0.0318528
0.01214
0.0647662
0.224568
0.407349
0.281104
0.0910214
0.000271643
0.00128382
0.00414236
0.0160622
0.116936
0.332495
0.112447
0.00578371
0.0476115
0.0222372
0.00560726
0.0205984
0.201387
0.363497
0.106852
0.0888002
0.00182163
0.00399393
0.00571524
0.0202673
0.10492
0.449213
0.257279
0.02358
0.0278356
0.0148248
0.00373817
0.020976
0.140181
0.462778
0.32505
0.0306135
0.144393
0.0298008
0.00054184
0.0185399
0.0821327
0.15909
0.15463
0.174939
0.387476
0.043212
0.00542871
0.0101295
0.0152723
0.0349065
0.133822
0.387476
0.0915972
0.0249622
0.000361227
0.0248624
0.0783707
0.224562
0.349949
0.0855686
0.286616
0.0296642
9.62871e-005
0.0176143
0.0326549
0.087629
0.361515
0.335523
0.344835
0.0856605
0.0456847
0.000499909
0
0.000372957
0.0128529
0.333725
0.361908
0.0659258
0.0659552
0.00199964
0
0
0.0008279
0.376342
0.287448
0.0409747
0.00134415
0.0116328
0.0142996
0.017143
0.0578675
0.28112
0.376342
0.0575941
0.0103294
0.0119031
0.00483256
0.000820558
0.000677405
0.359157
0.312834
0.117463
0.0534003
0.000809942
0
0
0.00500805
0.273295
0.158115
0.404683
0.277689
0.00150108
0
0
0.00578071
0.0631626
0.404683
0.116691
0.0219589
0.00178265
0.00142085
8.93823e-005
0.00581825
0.278295
0.271465
0.389585
0.097483
0.00127541
0.00981173
0.0207565
0.0340536
0.0937562
0.0371044
0.520786
0.463057
0.0179632
0.00265086
0.00730235
0.0089172
0.00949339
0.0242376
0.344038
0.337365
0.0850129
0.0132878
0.0766753
0.0562488
0.0234958
0.09848
0.361511
0.139859
0.0197894
0.0230978
0.0596053
0.0533578
0.0230356
0.0575266
0.0824244
0.0740102
0.0429929
0.0566881
0.112276
0.087279
0.0509474
0.0453998
0.235828
0.218235
0.144813
0.0264133
0.228617
0.236605
0.0939542
0.103803
0.0491801
0.0331512
0.0505853
0.100973
0.327471
0.400163
0.190289
0.132252
0.108801
0.0241144
0.0510136
0.131239
0.225613
0.163969
0.121524
0.138205
0.15577
0.0446812
0.068873
0.185529
0.240408
0.143906
0.167966