0.0333157
0.00143816
0.059472
0.206429
0.0729293
0
0.00237721
0.0352499
0.0103219
0.00592864
0.186328
0.44415
0.213128
0.00416009
0.00101713
0.00966819
0.300501
0.0844993
0.138935
0.171147
0.0510533
0.0547701
0.11288
0.336702
0.134214
0.118711
0.295932
0.44415
0.109234
0.0275258
0.0608632
0.116145
0.0137174
0.0165343
0.102016
0.451438
0.156656
0.0124974
0.00295083
0.00491801
0.0532666
0.0792801
0.0693248
0.0431438
0.0483542
0.00748294
0.0217292
0.0136064
0.0351565
0.144928
0.185272
0.326459
0.0871679
0.0148974
0.0126766
0.0213371
0.0955408
0.539656
0.459168
0.0637439
0.0374181
0.00265009
0.00438275
0.0163482
0.0811283
0.139012
0.0965081
0.0181913
0.014556
0.00291134
0.0166966
0.0137652
0.188347
0.1663
0.069445
0.0155805
0.00641847
0.00213401
0.0154642
0.228908
0.110335
0.445949
0.350764
0.0159495
0.00889355
0.000573255
0.00336812
0.00679753
0.336809
0.445949
0.213776
0.0111704
0.00258
0.000372272
0.00887697
0.325717
0.139037
0.053133
0.0306304
0.0240571
0.00439309
0.000664576
0.0222694
0.312304
0.129297
0.0532028
0.0520413
0.149315
0.0532131
0.0460141
0.0513862
0.282725
0.332591
0.133945
0.0436744
0.00208024
0.00038847
0.0254111
0.0591005
0.482985
0.261899
0.0202206
0.00874428
0.0363751
0.047466
0.105986
0.115967
0.482985
0.11317
0.0188254
0.0326924
0.160653
0.0449052
0.0352708
0.0643115
0.245903
0.117131
0.00458855
0.0285935
0.0757043
0.0234579
0.0317686
0.0870042
0.287508
0.178936
0.0272131
0.00618475
0.0415754
0.0626864
0.0497574
0.0964284
0.490952
0.150788
0.0162848
0.00622013
0.0177601
0.0379425
0.156522
0.38721
0.490952
0.0552523
0.00473114
0.0190471
0.040726
0.0449969
0.0743125
0.0985911
0.16978
0.0366948
0.0348816
0.0301141
0.0567843
0.0600702
0.0601906
0.0484924
0.0384597
0.0489261
0.000729284
0.00643024
0.0178028
0.0577475
0.470534
0.534441
0.250513
0.0419199
0.0216114
0.0315332
0.0337818
0.133772
0.416731
0.324621
0.0299393
0.117989
0.0864446
0.0707464
0.165163
0.17439
0.0745054
0.024477
0.0507902
0.0522698
0.0524297
0.0925926
0.317756
0.202972
0.061237
0.0754379
0.12168
0.239385
0.0885187
0.0606683
0.123591
0.284567
0.330952
0.215282
0.0974173
0.22768
0.125049
0.0829578
0.325808
0.229638
0.132272
0.0607683
0.124755
0.15892
0.052186
0.0448831
0.0622743
0.100025
0.110584
0.224018
0.34886
0.0913706
0.163423
0.11919
0.173004
0.208805
0.097835
0.13666
0.121737
0.0143577
0
0.0151778
0.200074
0.191858
0.0847408
0.112979
0.15003
0.0171446
0.273901
0.243835
0.334435
0.390001
0.201756
0.0781251
0.0476397
0.0247986
0.269401
0.152902
0.0632526
0.0598251
0.0214598
0.0116475
0.00976106
0.0207373
0.42339
0.36215
0.0167921
0.00703865
0.0017326
0.00177465
0.00562564
0.0131469
0.42339
0.333236
0.0713308
0.09326
0.0565593
0.00551651
0.000600646
0.0115192
0.42339
0.234568
0.00780873
0.00782695
0.00370239
0.00137233
0.00326022
0.0357973
0.430125
0.274868
0.0790118
0.0199049
0.00510628
0.00458772
0.00407269
0.16631
0.420073
0.230864
0.179413
0.0385845
0.0284962
0.0308934
0.0993318
0.0115563
0.165445
0.106238
0.155019
0.0711587
0.0471522
0.00860144
0.00673452
0.0556371
0.178789
0.171286
0.372224
0.188946
0.254135
0.0998646
0.0523211
0.18854
0.159952
0.0958143
0.0536708
0.0220411
0.12066
0.115822
0.193166
0.105227
0.0201497
0.013634
0.0591102
0.143091
0.304241
0.187908
0.242743
0.0667186
0.111711
0.100341
0.183737
0.147963
0.334153
0.171845
0.0577848
0.0612191
0.0273279
0.0316501
0.0888772
0.177345
0.437573
0.336538
0.136279
0.0611647
0.0392378
0.0191072
0.0918274
0.167478
0.151397
0.168072
0.208103
0.0433091
0.0278489
0.0156252
0.090208
0.164959
0.248863
0.342173
0.198149
0.139208
0.119755
0.111366
0.105842
0.136547
0.263402
0.267767
0.157689
0.0958197
0.21334
0.210275
0.341306
0.222328
0.180268
0.148979
0.0499179
0.00525465
0.00231757
0.0027136
0.036772
0.072725
0.376234
0.279509
0.0412718
0.0190389
0.00634334
0.005179
0.00560894
0.0500435
0.436519
0.307291
0.0296234
0.00417748
0.0429413
0.0447383
0.171409
0.10064
0.258029
0.113833
0.00517221
0.0158916
0.00211275
0.000503157
0.024785
0.042926
0.436519
0.348504
0.0478504
0.0974605
0.0168322
0.0278912
0.043766
0.0669167
0.230639
0.220031
0.101667
0.103748
0.0168961
0.0915277
0.115058
0.062696
0.0496884
0.0515103
0.0744338
0.0650113
0.0030615
0.0521837
0.190596
0.151042
0.509487
0.46593
0.14029
0.0553779
0.00251594
0.189495
0.284891
0.148211
0.116261
0.21019
0.0821374
0.00193111
0
0.0432067
0.232671
0.133775
0.0174571
0.0024742
0.0034977
0.00157768
0.120655
0.244095
0.446332
0.26521
0.07012
0.00164946
0.00127487
0
0
0.0713103
0.371013
0.209862
0
0
0
0.00152536
0.010057
0.144346
0.446332
0.355104
0.000272872
0.000355292
0.000642449
0.00604219
0.351594
0.405691
0.352644
0.150482
0.0492875
0.00238009
0.000383684
0.0265587
0.188988
0.0976893
0.0384275
0.032213
0.0117419
0.00623594
0.00713955
0.0124618
0.0220555
0.0971095
0.611376
0.231058
0.00858395
0.00920632
0.00659116
0.0286798
0.00903507
0.014744
0.0942515
0.0695984
0.0203331
0.018694
0.0189001
0.0192542
0.0329932
0.0847401
0.163177
0.0808911
0.0331963
0.00448709
0.0128061
0.079963
0.107824
0.148813
0.355
0.147897
0.230139
0.0637081
0.15821
0.0167708
0.0221263
0.0821366
0.368314
0.14371
0.0410598
0.00594105
0.021695
0.133036
0.190704
0.209977
0.494259
0.128285
0.145857
0.0314902
0.301302
0.0784764
0.0706726
0.0448799
0.141954
0.0827599
0.176921
0.0751824
0.168147
0.140627
0.0190728
0.0141548
0.039398
0.0514562
0.228973
0.226735
0.351158
0.16636
0.0861933
0.0613429
0.0869729
0.0132588
0.0600359
0.0318439
0.485505
0.258004
0.00503729
0.00350854
0.00266585
0.00539039
0.0186243
0.0728859
0.485505
0.252876
0.118802
0.0753035
0.0177343
0.0165048
0.0943187
0.149465
0.36978
0.176466
0.250427
0.179567
0.160353
0.0576353
0.0366201
0.0266578
0.143323
0.271563
0.0401144
0.0596457
0.0360957
0.00494293
0.0258654
0.0626608
0.491121
0.17729
0.0985218
0.146187
0.157103
0.0585961
0.0776538
0.044539
0.311129
0.0309747
0.112945
0.0898692
0.196938
0.0721226
0.126783
0.0535354
0.0383243
0.0119216
0.000284507
0.000164714
0.0334219
0.0569769
0.737447
0.37448
0.032587
0.0566322
0.0606373
0.07432
0.133728
0.0695546
0.0581479
0.0294248
0.0643585
0.0227947
0.0323961
0.00739883
0.0593628
0.0967352
0.280407
0.121952
0.0165225
0.00567104
0
0.0141402
0.0913042
0.0943133
0.457959
0.310174
0.0212856
0.00527672
0.00098802
0.0572285
0.15161
0.180569
0.205499
0.196592
0.0131226
0.00186798
0.00729847
0.0153848
0.196028
0.230019
0.264064
0.126496
0.00112539
0.00182987
0.000250399
0.0532545
0.394276
0.347941
0.151537
0.0838209
0.00283227
0
0
0.0331925
0.311691
0.195023
0
0
0
0.000577516
0.000414299
0.0766076
0.416977
0.288161
0.000567103
0.000487684
0.000537343
0
0
0.152536
0.40491
0.237243
0.0038505
0
0
0.00231093
0.00139059
0.181541
0.416977
0.330121
0.0184617
0.000121921
0.000190033
0.00808838
0.00700198
0.0823565
0.639355
0.251812
0.0110645
0.010433
0.00830979
0.0216474
0.00807348
0.0256823
0.0897969
0.0700768
0.0280068
0.0242262
0.0248828
0.0132994
0.0138822
0.117827
0.544033
0.251271
0.0309611
0.00472373
0.00316162
0.0280624
0.029151
0.0615333
0.196341
0.0884449
0.0320828
0.0200336
0.0150116
0.0140542
0.0572559
0.0828561
0.19544
0.107327
0.062844
0.00622819
0.0347508
0.177165
0.256817
0.241518
0.226813
0.0834331
0.0923791
0.00551091
0.292751
0.0229784
0.0827503
0.187785
0.268931
0.110974
0.0747527
0.0240094
0.0237521
0.255853
0.3108
0.296748
0.260987
0.0731773
0.143634
0.0915582
0.303425
0.154612
0.0656826
0.0595481
0.0209045
0.00277927
0.0124248
0.00826152
0.418463
0.17789
0.0015602
0
0
0
0.00196974
0.0537157
0.4456
0.21093
0.0807942
0.0387975
0.0238166
0.000904649
0.0238677
0.0347274
0.4456
0.216625
0.0110733
0.0117896
0.0215541
0.00418353
0.0091211
0.124729
0.4456
0.199026
0.0267555
0.0382913
0.0282957
0.0056133
0.0321179
0.161547
0.488789
0.134703
0.0680589
0.0979252
0.11297
0.0399113
0.0569999
0.108769
0.156736
0.138668
0.0427917
0.0481198
0.137499
0.0671915
0.162374
0.387997
0.392018
0.0517583
0.0415244
0.0559642
0.218694
0.173645
0.211188
0.218885
0.0356906
0.116076
0.103794
0.108915
0.179645
0.0783496
0.0512169
0.0502399
0.0593125
0.0402357
0.0752353
0.073904
0.297739
0.20256
0.0668388
0.0447622
0.0254681
0.0906554
0.0468762
0.0818311
0.226086
0.19958
0.106975
0.0560968
0.0645615
0.0820334
0.0428994
0.159585
0.61983
0.302015
0.0150429
0.0274569
0.0457821
0.00179405
0.00812811
0.0638321
0.321142
0.175113
0.0301002
0.0085486
0.00126647
0.0051483
0.00864667
0.0988638
0.420031
0.21355
0.0286759
0.0138616
0.00608851
0.00525359
0.0130485
0.163283
0.506916
0.14136
0.00162569
0.00411965
0.00319212
0.014807
0.0485146
0.222025
0.443105
0.148525
0.0227146
0.033247
0.035233
0
0
0.12572
0.268146
0.242813
0.111984
0.0321517
0
0.00245327
0.00165415
0.106757
0.347831
0.280563
0.274651
0.0499991
0.000469185
0
0
0.0158913
0.080521
0.151371
0.356812
0.104036
0
0.000467641
0.000356585
0.010656
0.0601377
0.182486
0.470282
0.279749
0.00031279
0.011662
0.00945124
0.027668
0.174248
0.136812
0.232956
0.0361725
0.00485981
0.0211735
0.0264905
0.0271777
0.111412
0.08042
0.0349188
0.00757146
0.00886573
0.00480496
0.00351881
0.00661568
0.0279908
0.148993
0.741674
0.317486
0.00427407
0.0279791
0.0654076
0.0567706
0.173246
0.13822
0.252444
0.0651182
0.00914101
0.0302052
0.0380299
0.0660734
0.193655
0.138387
0.126821
0.0791559
0.0140674
0.135141
0.114367
0.0835211
0.175611
0.0857905
0.24508
0.277268
0.293666
0.136789
0.119132
0.119611
0.21027
0.14214
0.0781018
0.0669349
0.0372486
0.269998
0.100348
0.0939603
0.107381
0.0931326
0.104467
0.228858
0.514492
0.131631
0.0364317
0.00847958
0.0168704
0.000512265
0.0413173
0.0803474
0.43905
0.190056
0.044942
0.0275908
0.0347686
0.00323225
0.00418856
0.0627972
0.456048
0.112174
0.0124319
0.0105074
0.0317927
0.0180062
0.0144645
0.0738997
0.456048
0.187978
0.080291
0.0346608
0.0392884
0.00483668
0.000274575
0.050515
0.456048
0.145635
0.202694
0.174291
0.220061
0.0541006
0.0857687
0.155551
0.29424
0.0244559
0.156646
0.188122
0.330182
0.144512
0.115768
0.070386
0.0110682
0.194058
0.255739
0.168131
0.156355
0.043093
0.00726729
0.145724
0.397149
0.0432965
0.184621
0.186375
0.230814
0.0812797
0.0126965
0.0815261
0.0509384
0.0212556
0.0365681
0.0700091
0.14919
0.0835216
0.0318335
0.00953764
0.0245949
0.0338938
0.0242998
0.0560175
0.358256
0.173184
0.00718698
0.00728182
0.016013
0.0131592
0.122123
0.0859236
0.10464
0.0459945
0.00589354
0.00450937
0.00983045
0.032024
0.637562
0.362676
0.354411
0.126027
0.0211518
0.00225645
0.00442142
0.0040429
0.0106513
0.0994285
0.47869
0.139331
0.00452031
0.00955988
0.00502329
0.00984093
0.0471153
0.162264
0.363285
0.147355
0.0470064
0.0427389
0.0293998
0.00586646
0.255971
0.280213
0.420197
0.092684
0.0490238
0.00991427
0.00313187
0.00540121
0.0761518
0.209099
0.300917
0.110225
0.121614
0.053611
0.0115076
0
0
0
0.0064006
0.0298476
0.240173
0.0695691
0
0
0
0
0.00198264
0.0680411
0.597517
0.353548
0
0
0
0
0.000270678
0.00287416
0.0273758
0.00441042
0
0.000849361
0
0
0.000843759
0.0295529
0.597517
0.179863
0.000849361
0.000116679
0.00021753
0.000688401
0.00129934
0.0411472
0.446134
0.186091
0.000116679
0.00276085
0.0112764
0.0157096
0.0848427
0.0764004
0.278494
0.0986731
0.000466717
0.00112759
0
0
0.000138891
0.0478586
0.446134
0.261477
0.00112759
0.00573219
0
0.00446059
0.0389049
0.0879299
0.446134
0.376209
0.0156626
0.0529049
0.0491957
0.0798003
0.232511
0.151887
0.115191
0.0604736
0.0130789
0.159888
0.0954257
0.0766955
0.154465
0.135341
0.0594649
0.11533
0.241336
0.0336109
0.00197812
0.0109334
0.104206
0.122356
0.447969
0.306764
0.153288
0.217753
0.0989421
0.0365507
0.0776163
0.0959998
0.147203
0.224927
0.447969
0.101548
0.139564
0.100879
0.106144
0.0715712
0.00869499
0.0659925
0.286498
0.205753
0.183674
0.157908
0.103708
0.018343
0.00495625
0.0437301
0.390673
0.233157
0.276568
0.220041
0.0655117
0.0477187
0.0212644
0.0731564
0.299684
0.201623
0.248685
0.285587
0.0763967
0.0127833
0.0263274
0.0229985
0.267956
0.255731
0.104215
0.0699582
0.17463
0.0332236
0.00652534
0.101095
0.321003
0.0947991
0.0942496
0.0741321
0.209737
0.0542964
0.00765224
0.0559963
0.0536473
0.240677
0.162883
0.0862786
0.0644382
0.00544287
0.0126738
0.00721203
0.224937
0.165263
0.568466
0.369953
0.0735529
0.00833338
0.00314094
0.00512537
0.0423049
0.00978347
0.168889
0.0910378
0.0242497
0.00866994
0.000678682
0.000198606
0.00191457
0.0241106
0.436216
0.27744
0.0288806
0.00751822
0.00658624
0.00012625
0.000145757
0.0444933
0.436216
0.35369
0.0227149
0.00234262
0
0.000430197
0.0023389
0.0749509
0.436216
0.36874
0.0249002
0.00704977
0.00537558
0.00565742
0.00418144
0.0280062
0.535642
0.50065
0.107315
0.0167758
0.0559795
0.00533147
8.57969e-005
0.00398896
0.102917
0.259667
0.0800835
0.0820252
0.125767
0.0403109
0.000583343
0.0831252
0.332665
0.305354
0.0594913
0.0228055
0.0311718
0.00978991
0.00777
0.020032
0.0637055
0.110615
0.0698331
0.162024
0.0990256
0.0417244
0.00916886
0
0
0
0.000578669
0.000578669
0.000651598
0.000309776
0
0.0864132
0
0
0.0772645
0.0701543
0.404679
0.118219
0.0490839
0
0
0
0.0017999
0.0017999
0
0
0
0.192991
0.112791
0.0624463
0.604324
0.49678
0.0637248
0.0502569
0.0798661
0.0338126
0.00081313
0.00731817
0.0137048
0.0433173
0.300561
0.123183
0.018273
0.0386443
0.00121969
0.0115925
0.00446304
0.070739
0.424222
0.378137
0.0837353
0.1578
0.0657108
0.0466825
0.119712
0.130726
0.0626997
0.0469685
0.144908
0.373603
0.0448236
0.0402694
0.0228844
0.105275
0.204933
0.213475
0.424222
0.0576127
0.000130397
0.00149936
0.00231528
0.0159503
0.200959
0.21076
0.220368
0.158453
0.0210755
0.00483073
0.000516538
0.00177618
0.0257004
0.0964962
0.403279
0.288235
0.000195595
0.00176036
0
0.015386
0.0642877
0.159231
0.403279
0.403279
0.0220415
0
0
0
0.000550639
0.154115
0.403279
0.174896
0.056491
0.0370962
0.0015078
8.97861e-005
0.00462627
0.0451894
0.351572
0.130167
0.0465958
0.0540971
0.00838959
0.000330691
0.007174
0.0374027
0.356429
0.381167
0.0645978
0.0924444
0.0460958
0
0
0.109723
0.381167
0.302291
0.132233
0.244173
0.114976
0
0
0.0818344
0.380732
0.150014
0.173359
0.0506714
0.00541421
0.0013319
0.00447256
0.0153619
0.259753
0.11695
0.472782
0.263997
0.0331839
0.00499281
0.00324189
0.0070803
0.0424364
0.307128
0.231672
0.127713
0.0440879
0
0
0.0238518
0.285662
0.299814
0.392579
0.106307
0.039213
0.0739501
0.0277996
0.0068881
0.0946296
0.0653426
0.626309
0.439095
0.0665532
0.0142129
0.00952369
0.00690022
0.00225822
0.0714654
0.282679
0.263724
0.0577415
0.0372028
0.0159121
0.0243424
0.0127265
0.102317
0.307262
0.128394
0.0989051
0.120956
0.0421455
0.00953438
0.0159532
0.0195451
0.0987657
0.10437
0.0925321
0.0730163
0.0172392
0.0274561
0.008624
0.107355
0.215628
0.221126
0.164297
0.135984
0.0446877
0.0421619
0.0355946
0.0561757
0.0894961
0.107303
0.204776
0.388004
0.1383
0.115057
0.0228372
0.0423224
0.108578
0.235706
0.209193
0.182748
0.0302114
0.0658228
0.0712593
0.068999
0.117836
0.178359
0.24142
0.38213
0.140081
0.116278
0.123082