0.0425137
0.0375236
0.037214
0.164162
0.204243
0.344743
0.120916
0.160968
0.150356
0.129549
0.0749646
0.119216
0.24886
0.296276
0.199731
0.243098
0.129248
0.0922548
0.0205113
0.0688268
0.0937971
0.0731376
0.110746
0.262968
0.228393
0.161246
0.0463734
0.12211
0.128305
0.204717
0.0556589
0.312673
0.0696251
0.0673271
0.0398347
0.0996486
0.299333
0.260198
0.161118
0.0583375
0.0184597
0.0017109
0.00824407
0.054543
0.178322
0.256441
0.332923
0.272525
0.106222
0.0939048
0.0578192
0.12917
0.152256
0.326448
0.102615
0.0947396
0.049407
0.0119576
0.0143616
0.0369524
0.0902044
0.32015
0.27715
0.217237
0.149205
0.0450741
0.0100879
0.0816597
0.0645427
0.0617223
0.349912
0.348238
0.236716
0.139804
0.117318
0.223004
0.142299
0.00459388
0.116055
0.121869
0.192171
0.0236244
0.00234348
0.00673639
0.00789842
0.0724232
0.161425
0.293291
0.49064
0.114107
0.0348173
0.0370018
0.00017218
0.000708773
0.0255307
0.16968
0.0394698
0.020386
0.0321711
0.143884
0.104137
0.000411472
0.00170439
0.0125083
0.0333363
0.0696778
0.197047
0.485702
0.311696
0.00244219
0.000166571
0.00574546
0.120977
0.0471414
0.0360629
0.181461
0.089672
0.000166571
0.000166571
0.0122697
0.0480995
0.0496632
0.0779096
0.485702
0.48156
0.0334448
0.0117624
0.0148183
0.110944
0.143364
0.238524
0.426545
0.193935
0.0348765
0.0258986
0.0112175
0.114759
0.0713108
0.0341561
0.0191584
0.140084
0.160161
0.176327
0.0585154
0.0326671
0.0279592
0.0662865
0.535593
0.331129
0.109996
0.0794309
0.0652853
0.0453791
0.0367429
0.017392
0.024945
0.0326837
0.161167
0.250224
0.129814
0.101013
0.0273063
0.0121159
0.0149311
0.137129
0.174321
0.266899
0.136214
0.196751
0.203156
0.212395
0.296927
0.017095
0.0313328
0.0809292
0.109077
0.183399
0.0515844
0.00390385
0.00222479
0.0200596
0.103615
0.293675
0.2829
0.428108
0.281997
0.0933
0.133379
0.0099443
0.00884778
0.0705515
0.18707
0.14678
0.290404
0.311056
0.351271
0.0225787
0.0282117
0.0227963
0.0521844
0.0661094
0.122237
0.227733
0.309811
0.169996
0.0760214
0.0403386
0.0257105
0.200701
0.242782
0.122052
0.202994
0.0713177
0.0545308
0.0353974
0.040571
0.0245824
0.0296168
0.0412561
0.166644
0.376709
0.146969
0.103451
0.0375525
0.146131
0.0629101
0.0169023
0.0124321
0.0303712
0.043418
0.0533541
0.165706
0.0863621
0.0744197
0.0251836
0.17739
0.261151
0.350538
0.0326091
0.119468
0.255017
0.142753
0.0765802
0.0276231
0.0598342
0.121485
0.13943
0.318352
0.179562
0.182957
0.15581
0.238064
0.282662
0.181996
0.107346
0.257839
0.0518104
0.0250321
0.0256555
0.103542
0.122999
0.207523
0.0642422
0.0492665
0.151193
0.0225454
0.0222184
0.0586326
0.0605062
0.173412
0.177029
0.351724
0.0802045
0.0549335
0.0905555
0.194552
0.285334
0.108301
0.015207
0.0482934
0.229032
0.164587
0.240113
0.289347
0.3682
0.133848
0.057733
0.335066
0.160195
0.0290474
0.00135372
0.00335593
0.00305984
0.019291
0.0346076
0.1997
0.470285
0.0825424
8.87942e-005
0
0
0.0027255
0.00224438
0.0934414
0.281755
0.300387
0.141391
0.0605572
0.0476917
0.0149049
0.0158945
0.205479
0.470285
0.375089
0.149651
0.126081
0.0149307
0.010951
0.0107719
0.0998096
0.445565
0.126625
0.0456375
0.0802662
0.0209626
0.00418479
0.00198949
0.0237799
0.191043
0.19944
0.113704
0.392553
0.232609
0.0346541
0.0313409
0.045855
0.445565
0.150731
0.117954
0.0859729
0.0255072
0.0605643
0.0310163
0.0479815
0.249397
0.213757
0.0876704
0.0728752
0.068631
0.114821
0.101374
0.175898
0.0442956
0.0659714
0.0431003
0.219302
0.167744
0.101261
0.149337
0.135012
0.0301746
0.0113532
0.00284058
0.00374601
0.00533696
0.191958
0.349646
0.138567
0.109069
0.104785
0.0361811
0.0664357
0.0462138
0.100283
0.238246
0.278723
0.0194105
0.022601
0.00948868
0.022854
0.0427521
0.397153
0.514689
0.182795
0.0646602
0.0293082
0.0037715
1.00634e-005
0.00655659
0.170945
0.196549
0.0868679
0.131149
0.0980627
0.0185446
0.00442405
0.0165835
0.0709615
0.0334515
0.0406412
0.0104442
0.0112743
0.00327761
0.00259291
0.0608684
0.576195
0.510161
0.0545947
0.0267884
0.0201951
0.00856918
0.00123436
0.0396617
0.315031
0.350769
0.0481034
0.168114
0.169154
0.039331
0.036769
0.123814
0.0841035
0.0785538
0.028368
0.0251461
0.0474342
0.0777077
0.190981
0.337583
0.127072
0.138732
0.0462836
0.157328
0.0773616
0.0157928
0.0222952
0.0839288
0.171846
0.366699
0.1417
0.176617
0.167646
0.128727
0.470514
0.198064
0.0453849
0.0791754
0.0951619
0.041925
0.127833
0.0929896
0.0314736
0.0305562
0.0554199
0.0362349
0.0578109
0.138546
0.15855
0.131436
0.0576147
0.0328874
0.016322
0.0188927
0.0722881
0.251214
0.400706
0.102719
0.0261493
0.01497
0.125644
0.140208
0.136859
0.502158
0.510425
0.134172
0.0280699
0.0122833
0.0106256
0.0235744
0.132958
0.0847787
0.0833171
0.120714
0.0603826
0.0673735
0.0153273
0.00113317
0.0284712
0.0373865
0.135973
0.486527
0.195949
0.124335
0.0368594
0.00040916
0.021221
0.225739
0.164205
0.206396
0.104243
0.00739713
0.0032252
0.0245516
0.087391
0.0395043
0.112857
0.486527
0.456252
0.0500057
0.000734755
0.00613488
0.0185649
0.0804042
0.282262
0.357426
0.129696
0.0433022
0.00809537
0.000570023
0.0265448
0.173746
0.241251
0.174858
0.265515
0.100792
0.00333208
0.00605422
0.0337402
0.0195966
0.085037
0.375439
0.324599
0.0608586
0
0
0.00230338
0.0361576
0.0554331
0.0578567
0.430778
0.265058
0.0307289
0.00854273
0.0291764
0.169299
0.0875786
0.159314
0.240416
0.116378
0.0935419
0.0823558
0.101985
0.200445
0.127626
0.0650454
0.0482418
0.0614607
0.173772
0.207608
0.332476
0.0773338
0.089115
0.0465744
0.326259
0.303569
0.132358
0.0941417
0.130001
0.231877
0.199117
0.0775746
0.22699
0.112437
0.0994494
0.160497
0.268248
0.115421
0.121304
0.124085
0.106022
0.0308039
0.071366
0.152584
0.237624
0.0117816
0.0841111
0.136436
0.10119
0.050869
0.344893
0.414917
0.121681
0.107975
0.183635
0.234406
0.297336
0.0724543
0.0096093
0.0411839
0.116165
0.000937687
0.103937
0.267356
0.233686
0.123316
0.282882
0.126027
0.0241997
0
0.00955261
0.0140563
0.00777492
0.0351931
0.339464
0.353233
0.024898
0.0147514
0.00225528
8.45815e-005
7.09834e-005
0.0328901
0.295786
0.36478
0.0266079
0
0.010201
0.0294325
0.0484206
0.157981
0.380456
0.139657
0.00520355
0.00348488
0.00461242
0.000191405
0.0315091
0.207077
0.455034
0.211213
0.0110597
0.0978493
0.026003
0.000633114
0.00529806
0.0456272
0.221241
0.274946
0.0667034
0.155601
0.097454
0.0368007
0.140125
0.0708258
0.0463866
0.0433535
0.0490635
0.0285963
0.00654417
3.45031e-005
0.0142726
0.162593
0.618178
0.328106
0.0518677
0.0960852
0.0488505
0.029417
0.0463094
0.0973677
0.324661
0.239113
0.0720164
0.244092
0.177331
0.0101859
0.000907217
0.00116935
0.0648253
0.0952812
0.220491
0.274974
0.192595
0.013187
0.0125856
0.0264836
0.00885487
0.0745557
0.203272
0.347441
0.0452918
0.000450797
0.00444398
0.00565544
0.0134632
0.0520035
0.461627
0.210637
0.0400017
0.000994985
0.0260116
0.0580545
0.0402416
0.192635
0.461627
0.141005
0.0655843
0.0904378
0.143511
0.025942
0.0111389
0.0628836
0.128582
0.0250933
0.0295577
0.258131
0.469755
0.0613864
0.00253763
0.0147788
0.0303381
0.0537415
0.034971
0.0245631
0.165775
0.203557
0.0900861
0.163131
0.330521
0.00765916
0.0239549
0.0714448
0.469755
0.350798
0.121359
0.0461742
0.0410737
0.00232868
0.00445
0.123355
0.389159
0.104324
0
0
0.000393154
0.0247894
0.016867
0.084335
0.360855
0.25372
0.0479775
0.0200456
0.0201767
0
0.00438963
0.0772458
0.360302
0.217567
0.0510116
0.0047464
0.0035718
0.0348672
0.0237377
0.222507
0.489889
0.299277
0.0143094
0.026808
0.0205451
0.0776792
0.068353
0.110322
0.2365
0.253061
0.117819
0.115521
0.080522
0.175363
0.10606
0.0465226
0.27367
0.18122
0.0876994
0.169905
0.147253
0.11063
0.0720161
0.211239
0.334525
0.20018
0.0429874
0.202437
0.0842476
0.189245
0.102893
0.0478822
0.142141
0.143497
0.210231
0.366295
0.118975
0.0670919
0.0568193
0.083093
0.308594
0.160393
0.0571208
0.0455931
0.052417
0
0.0220034
0.163837
0.2615
0.196647
0.110278
0.00981565
0
0.0649014
0.0417762
0.0750054
0.227318
0.334156
0.269824
0.143195
0.0354914
0
0.0205806
0.199071
0.378774
0.422975
0.129894
0.0168905
0
0
0.00945726
0.119212
0.195574
0.224333
0.162577
0.00913405
0
0
0.0325969
0.0938943
0.188111
0.245144
0.20936
0.0559221
0.0183605
0
0.0111698
0.239074
0.428092
0.277283
0.0387272
0
0
0.0128275
0.0860472
0.300877
0.460852
0.175253
0.0200207
0.01086
0.0076769
0
0.0533125
0.0922869
0.0635982
0.118121
0.3642
0.217596
0.0830294
0.0215242
0.0481472
0.0587084
0.0434062
0.0573128
0.322032
0.332599
0.114149
0.0650895
0.322422
0.322845
0.199292
0.0404501
0.0424717
0.0627452
0.0575057
0.0839705
0.335835
0.148242
0.0649696
0.0622288
0.0896164
0.145274
0.108272
0.303204
0.0496159
0.0181452
0.0786789
0.0426275
0.0185421
0.021353
0.386099
0.190751
0.034262
0.0208201
0.0918489
0.236318
0.0837913
0.155499
0.540765
0.061384
0.0267006
0.0721514
0.160652
0.0823661
0.0680953
0.032119
0.0425604
0.0267403
0.0102937
0.0648546
0.16475
0.386862
0.129884
0.0949589
0.0751967
0.0165818
0.00902425
0.00299046
0.0846559
0.295253
0.134959
0.0850801
0.130224
0.00152184
0.0068946
0.00652015
0.125593
0.372516
0.367057
0.0364022
0.0110999
0.0180655
0.000432361
0.00283944
0.0631776
0.276428
0.229412
0.12992
0.0330685
0.0301946
0.00426684
0.00223029
0.0236218
0.20466
0.442528
0.368887
0.0409605
0.00216227
0.00654053
0.0477133
0.173955
0.203932
0.232836
0.00926027
0.00225605
0.0148536
0.0156426
0.143916
0.387098
0.295278
0.0184591
0.00985232
0.0100266
0.0335036
0.0220061
0.077633
0.126356
0.128235
0.484483
0.291403
0.0304801
0.0383933
0.0486845
0.201943
0.28435
0.239695
0.129387
0.062338
0.0271994
0.0380499
0.0261512
0.100476
0.273977
0.220986
0.0393193
0.0695248
0.0316592
0.0643668
0.101972
0.180515
0.135188
0.0719484
0.13302
0.128436
0.0311866
0.0618954
0.0968643
0.17908
0.18745
0.218852
0.0793915
0.0293029
0.0179004
0.0609827
0.247588
0.667853
0.174001
0.0494929
0.0678513
0.0297137
0.00460519
0.0221458
0.074326
0.198109
0.18464
0.129382
0.0886514
0.0391921
0.00602066
0.0140551
0.0825007
0.186224
0.314209
0.181657
0.0432708
0.00533565
0
0.0379563
0.182302
0.503272
0.140447
0.0217093
0.0143095
0.00304843
0.000537021
0.135146
0.381405
0.390404
0.205669
0.0473839
0.0178453
0
0.00942011
0.00530275
0.0391473
0.135917
0.34175
0.177541
0.0359692
0
0
0.0135055
0.0530734
0.229773
0.382358
0.135772
0.0285587
0
0
0.107001
0.243457
0.180816
0.277158
0.118843
0.0518866
0
0.0143798
0.0208029
0.0957426
0.303964
0.48143
0.158533
0.0589979
0
0.00359494
0.104059
0.20832
0.29799
0.196454
0.0278381
0.00419796
0.0135976
0.0682623
0.171394
0.229468
0.0976674
0.0430814
0.036728
0.00218143
0.0490253
0.181559
0.0767497
0.123702
0.39149
0.355995
0.0749382
0.0135219
0.0136304
0.0654329
0.178324
0.105481
0.30753
0.342085
0.0663315
0.00180912
0.0331899
0.184726
0.12378
0.0410534
0.132624
0.259578
0.149428
0.148743
0.0935149
0.0286568
0.108836
0.0487303
0.120552
0.252923
0.355516
0.262686
0.180071
0.067874
0.230094
0.160412
0.0888404
0.188408
0.0864608
0.170119
0.219573
0.144921
0.220732
0.196239
0.164711
0.189186
0.0492901
0.0633751
0.0924243
0.0956962
0.0837828
0.00800668
0.0102047
0.0483792
0.123959
0.176388
0.140647
0.0654286
0.0967296
0.00618577
0.0239026
0.099582
0.177047
0.559716
0.512802
0.10516
0.0774431
0.0369729
0.0315209
0.0946709
0.0441238
0.0273921
0.0204458
0.0262767
0.107703
0.0262571
0.0783171
0.316026
0.211897
0.145924
0.129431
0.0619585
0.0218591
0.00681936
0.0324475
0.0632891
0.110049
0.366235
0.320919
0.0684596
0.0636956
0.037905
0.0543583
0.0631818
0.101028
0.182018
0.188518
0.162615
0.0903275
0.012433
0.0330239
0.0878146
0.106384
0.15949
0.203073
0.215325
0.107837
0.0328385
0.00974631
0.0139289
0.116042
0.273456
0.364935
0.449856
0.0947526
0.102263
0.0995031
0.0415332
0.0636507
0.0666373
0.06759
0.102437
0.16434
0.244566
0.420257
0.0553551
0.011305
0.0460396
0.0576199
0.0729585
0.0891562
0.0593418
0.0425339
0.0464707
0.112781
0.275428
0.268195
0.339611
0.288277
0.249475
0.110701
0.0407504
0.0187084
0.115298
0.160054
0.35821
0.165938
0.224571
0.325466
0.0343147
0.00678014
0.00667759
0.0174162
0.0252492
0.13504
0.314877
0.311449
0.0625202
0.018785
0.00744124
0.00344394
0.0146572
0.298733
0.352865
0.0768098
0.00677063
0.00266429
0.00936367
0.0455429
0.11744
0.245607
0.474477
0.159448
0.0319826
0.0129119
0.000928092
0.0140251
0.0126077
0.119589
0.357424
0.306636
0.126509
0.0429079
0.0321565
0
0.0290289
0.0452147
0.219275
0.304393
0.315486
0.079837
0.0329369
0.00205627
0.0107687
0.167272
0.502207
0.239958
0.0400986
0.0107005
0.00493038
0.000981544
0.0145731
0.080765
0.228791
0.171355
0.0568193
0.0307891
0.0258252
0.0195594
0.0288345
0.0269107
0.089939
0.239968
0.327391
0.0760542
0.0242162
0.0167413
0.0311348
0.0371259
0.0404589
0.324686
0.560119
0.195403
0.0489689
0.0290814
0.0577786
0.0420043
0.0465675
0.101479
0.0868451
0.0621487
0.0574588
0.0502713
0.0738488
0.0619824
0.0373212
0.11779
0.273062
0.285104
0.147232
0.0972373
0.0896512
0.105004
0.104106
0.0294589
0.0116172
0.00327556
0.0198421
0.127137
0.0995977
0.105996
0.0703403
0.0247206
0.00977217
0.000189051
0.00831243
0.167689
0.114782
0.311771
0.309633
0.0927698
0.000709141
0.000165142
0.00285024
0.162345
0.250882
0.40339
0.183218
0.0439704
0
0
0.00549512
0.343421
0.48694
0.108357
0.0617904
0.0244594
0.0372661
0.0106147
0.00310252
0.0370422
0.0447645
0.124382
0.0720426
0.064319
0.117642
0.053371
0.0343754
0.0843604
0.0422836
0.471374
0.0944888
0.012042
0.00503242
0
0.0014592
0.0826703
0.39721
0.471374
0.0993024
0.0291097
0.0171714
0.0126459
0.0301821
0.168627
0.471374
0.077425
0.0256051
0.034164
0.0472617
0.0394793
0.0534544
0.0955877
0.119168
0.0589309
0.0572024
0.0420385
0.11028
0.191777
0.220313
0.122232
0.194687
0.319628
0.0242277
0.0129773
0.0121313
0.0188154
0.0444172
0.158435
0.435955
0.435955
0.260742
0.121219
0.140974
0.108826
0.0764091
0.0365074
0.357863
0.0268706
0.0750917
0.1152
0.248214
0.223305
0.257103
0.135539
0.131011
0.186552
0.206486
0.101552
0.119145
0.0329532
0.0578219
0.0855959
0.209981
0.294704
0.351709
0.322997
0.311121
0.11872
0.0663471
0.0110024
0.0715597
0.113111
0.174024
0.226605
0.15674
0.0276569
0.0115756
0.0137404
0.0641521
0.301388
0.502416
0.0797745
0.00559807
0.0025486
0.00599778
0.0294408
0.135728
0.27945
0.604693
0.0991597
0.00561584
0.00533472
0.00324401
0.0104509
0.0121577
0.146447
0.197845
0.0826105
0.0290088
0.0258811
0.0221588
0.00492018
0.0589089
0.0623387
0.152418
0.0671576
0.0175912
0.0268936
0.043776
0.0161996
0.0351767
0.37934
0.668512
0.155486
0.00853881
0.010331
0.0154687
0.0154464
0.035864
0.0999849
0.177066
0.0911404
0.0281407
0.179308
0.103484
0.0487137
0.0579801
0.0815645
0.0761981
0.0595314
0.0175853
0.0587851
0.118042
0.0418013
0.0642161
0.0319229
0.0641579
0.0729623
0.0529047
0.242457
0.154283
0.0571222
0.0213563
0.039496
0.01144
0.0315001
0.0483026
0.205665
0.101226
0.0584107
0.0682204
0.179386
0.110066
0.118037
0.110111
0.259915
0.152029
0.0896024
0.086765
0.0175105
0.0362157
0.0345345
0.0591448
0.264335
0.189182
0.140939
0.0245268
0.0783457
0.0939891
0.240863
0.347021
0.410133
0.313815
0.122425
0.0225131