0.184474
0.0626743
0.00920491
0.0793763
0.225974
0.200079
0.145611
0.110188
0.26855
0.186797
0.0877727
0.13548
0.107923
0.045952
0.0449139
0.158079
0.109991
0.190109
0.0686079
0.165913
0.205003
0.157062
0.102
0.111537
0.297239
0.419541
0.360214
0.15473
0.124256
0.0635887
0.0567541
0.0713316
0.262636
0.135231
0.0592296
0.0666357
0.00726719
0.0117182
0.0581426
0.167637
0.275778
0.0390067
0.0151346
0.0670071
0.0578031
0.0191635
0.0945042
0.223297
0.328463
0.430758
0.296146
0.100303
0.0455181
0.0243462
0.112176
0.0856821
0.166033
0.301211
0.23662
0.172177
0.115812
0.0320363
0.177923
0.147948
0.140057
0.0236464
0.0524924
0.0922551
0.081704
0.0874723
0.0473829
0.137609
0.242561
0.0246187
0.0685818
0.050083
0.0382694
0.124111
0.0345791
0.24979
0.0768371
0.345787
0.276627
0.0927407
0.0699098
0.0534402
0.066851
0.0967968
0.415404
0.414424
0.272771
0.0360757
0.0181199
0.0559759
0.015184
0.298236
0.191201
0.0136549
0.016697
0.00329947
0.00311037
0.0250448
0.017356
0.253731
0.244997
0.0165154
0.0133145
0.0108113
0.0139608
0.00737467
0.0054682
0.337639
0.409188
0.0911286
0.0324474
0.00254161
0.000546014
0.00834818
0.0159358
0.409188
0.409188
0.0105687
0.00335822
0.0112638
0.004913
0.0184946
0.0473017
0.409188
0.166633
0.00571852
0.00425608
0.0136228
0.0178475
0.00120699
0.00221737
0.298322
0.111146
0.00416663
0.0028366
0.00826415
0.0223178
0.0495239
0.0822635
0.313138
0.366658
0.00762497
0.00878809
0.0181429
0.00629683
0.0159971
0.0460017
0.414467
0.246366
0.00459254
0.00559912
0.00479452
0.0100982
0.234455
0.353151
0.414467
0.0365281
0.00244187
0.00611534
0.00748273
0.0338339
0.115319
0.167349
0.129284
0.0119732
0.00717238
0.0282187
0.0209516
0.0546815
0.0881963
0.101678
0.0214694
0.048492
0.00213431
0
0.00085269
0.0165656
0.462906
0.462906
0.201199
0.00934943
0.0127927
0.02267
0.0158822
0.0371741
0.462906
0.426563
0.0183581
0.0160372
0.0250039
0.105057
0.111485
0.220184
0.108936
0.0860039
0.0327408
0.12504
0.0456336
0.10804
0.143705
0.215414
0.0475148
0.054158
0.0216484
0.036421
0.0603001
0.147239
0.144812
0.187772
0.479095
0.354563
0.037106
0.127811
0.142024
0.19878
0.283634
0.252401
0.137788
0.111926
0.0240575
0.115272
0.176391
0.0962831
0.0944008
0.0826508
0.0841704
0.0575937
0.101999
0.339587
0.449854
0.397502
0.0996944
0.105876
0.0614827
0.0419615
0.0495808
0.135301
0.100478
0.0929446
0.0904098
0.0642821
0.0719687
0.0690387
0.128436
0.226245
0.330139
0.295324
0.10778
0.119292
0.0690345
0.0400934
0.0710816
0.171843
0.373275
0.211171
0.0368992
0.0341739
0.00929535
0.0257226
0.0303667
0.0475048
0.361279
0.319777
0.0587983
0.0353251
0.00623659
0.0366669
0.0294627
0.100012
0.373275
0.270225
0.0185437
0.0254983
0.0081006
0.00182644
0.0280735
0.0202271
0.373275
0.373275
0.00483558
0.00413943
0.000616654
0.000616654
0.0064496
0.0295866
0.39879
0.318729
0.0540642
0.0198334
0.00355003
0.0129272
0.0189207
0.208062
0.39879
0.278578
0.108858
0.0405047
0.00324679
0.00071354
0.0740468
0.0130224
0.305744
0.247273
0.0548949
0.0504434
0.00953657
0.00253726
0.00110362
0.042985
0.210624
0.213722
0.199233
0.257638
0.188996
0.0305918
0.0345161
0.26333
0.189347
0.086674
0.0349332
0.0308463
0.0202361
0.0622411
0.23216
0.223765
0.0417743
0.0144474
0.039759
0.0233365
0.172378
0.22046
0.367254
0.0681316
0.167023
0.121408
0.0988802
0.206813
0.181347
0.12503
0.100309
0.0635565
0.073511
0.0292826
0.0631196
0.0991716
0.391887
0.391887
0.176388
0.175322
0.0374245
0.0382469
0.0779242
0.0245636
0.157728
0.168217
0.249353
0.108688
0.0195618
0.022771
0.0846855
0.0817483
0.345762
0.352819
0.216579
0.0930559
0.112678
0.0896759
0.130011
0.0422924
0.282582
0.269053
0.146036
0.0648093
0.150739
0.192532
0.321474
0.148651
0.223344
0.149558
0.0648503
0.00702309
0.000186626
0
0.0214289
0.0346026
0.389006
0.335094
0.0344566
0.00202576
0.00343779
0.00397966
0.00380419
0.00894987
0.389006
0.389006
0.00282006
0.00243225
0.0187928
0.0364586
0.100991
0.0633028
0.219306
0.159633
0.00473618
0.00117552
0.00171686
0.000354403
0.00155843
0.00574587
0.389006
0.389006
0.000617078
0.0182577
0.0189181
0.0164324
0.0139088
0.0338582
0.347458
0.214976
0.00345258
0.0360039
0.0497732
0.0376494
0.0480372
0.0634784
0.0813556
0.0350335
0.00252008
0.0117976
0.0113513
0.00237212
0.00311335
0.0330653
0.495904
0.473551
8.06794e-005
0.0195915
0.0320985
0.03034
0.0255014
0.119043
0.495904
0.166612
0.00194207
0.131323
0.0293467
0.0581699
0.0841078
0.0473763
0.0375306
0.0518524
0.272971
0.0925293
0.26218
0.183213
0.088583
0.098994
0.0700258
0.0421826
0.123057
0.257638
0.0281777
0.027733
0.0974045
0.0441387
0.0437087
0.0473487
0.426423
0.112137
0.166721
0.158277
0.426423
0.284916
0.116707
0.0844191
0.288973
0.0372504
0.465415
0.386617
0.0893997
0.034339
0.0243654
0.00993112
0.0183928
0.00976581
0.399786
0.310113
0.0330506
0.0036715
0.00311569
0.010587
0.00545907
0.0126587
0.156191
0.224011
0.418753
0.219581
0.0430777
0.0299684
0.0296074
0.0121068
0.0562941
0.071905
0.0819121
0.0340047
0.00656012
0.0214068
0.0136114
0.0125946
0.132234
0.103559
0.0806302
0.0701891
0.0112332
0.00824059
0.00494683
0.0576636
0.148704
0.169475
0.23625
0.241942
0.301323
0.0782477
0.163283
0.0102735
0.027157
0.0309669
0.245261
0.140178
0.017857
0.0176749
0.012616
0.1178
0.235548
0.183627
0.525828
0.254968
0.171251
0.148412
0.194097
0.0531654
0.106567
0.0732109
0.0800674
0.106929
0.17995
0.100616
0.17026
0.161423
0.0599895
0.0233104
0.0340821
0.0464337
0.170188
0.252123
0.339623
0.245261
0.142191
0.0781615
0.111688
0.0312817
0.100906
0.119521
0.302379
0.437806
0.0350052
0.0123648
0.00705945
0
0.0223448
0.0729076
0.437806
0.246987
0.0974419
0.0524004
0.0356016
0.0116612
0.0879501
0.146508
0.363746
0.141438
0.170636
0.164302
0.141481
0.0532382
0.0495123
0.0274059
0.169184
0.438328
0.0504225
0.0347984
0.0152978
0.00451524
0.023843
0.0606924
0.448981
0.20498
0.0914306
0.0947363
0.123737
0.0845828
0.0953442
0.0647883
0.302614
0.0165268
0.0637101
0.0959223
0.140691
0.0650372
0.130256
0.0703112
0.0340794
0.00149353
0.00190999
0.00283977
0.0120918
0.0574535
0.676584
0.519136
0.00463134
0.0426801
0.0361639
0.0514727
0.129304
0.105924
0.0732785
0.0317589
0.056445
0.0152686
0.00990478
0.0113909
0.127305
0.194885
0.190671
0.0877346
0.0111458
0.000103211
0.000231244
0.00120544
0.00924914
0.109805
0.420868
0.251997
0.000400229
0.0124904
0.0022449
0.0170732
0.0205061
0.229614
0.420868
0.172377
0.035054
0.00173969
0.00159674
0.0096055
0.170083
0.290252
0.172276
0.0571605
0.00110959
0.0607515
0.0137113
0.0856647
0.189049
0.420868
0.193476
0.13527
0.133689
0.138642
0.026777
0.0237669
0.111385
0.0211485
0.0183171
0.00895792
0.214903
0.0532059
0.0378147
0.0709451
0.390016
0.323324
0.0595007
0.0191004
0.0802003
0.327366
0.070174
0.0341531
0.0792195
0.0245494
0.0173551
0.0211081
0.36356
0.103782
0.068365
0.0700758
0.390016
0.390016
0.0468908
0.0273333
0.156697
0.00831008
0.0162606
0.0672977
0.459064
0.402471
0.0407588
0.0107724
0.0107626
0.0205092
0.0136637
0.0266173
0.0836008
0.0424215
0.00400638
0.00729736
0.0070487
0.0118396
0.0204394
0.0418071
0.518333
0.518333
0.0332191
0.0070633
0.0164953
0.0220054
0.0205582
0.020227
0.109248
0.0685426
0.00700078
0.00335182
0.00754008
0.0111557
0.0112467
0.0292791
0.136165
0.109598
0.0239641
0.018381
0.0152923
0.143645
0.335438
0.190104
0.307192
0.196393
0.103169
0.119294
0.109029
0.0122579
0.0195535
0.077756
0.154752
0.127029
0.0386904
0.0178918
0.0129992
0.13993
0.305933
0.416353
0.393275
0.216601
0.125343
0.131335
0.0927683
0.271716
0.172726
0.0736019
0.044095
0.0229466
0.028381
0.0596089
0.210854
0.414433
0.0164684
0.00739226
0
0
0.00285606
0.0178218
0.414433
0.242392
0.128345
0.138995
0.0782574
0.0252757
0.0232564
0.0623522
0.211922
0.358841
0.0255936
0.018934
0.00163151
0.014485
0.0103017
0.0441802
0.414433
0.366828
0.027639
0.0225356
0.0106382
0.00785975
0.0300389
0.0898867
0.451142
0.172698
0.0559226
0.0583527
0.0857537
0.0730222
0.0862465
0.115043
0.195889
0.215221
0.0738696
0.0606251
0.0386178
0.121503
0.121133
0.198534
0.379614
0.0571354
0.064926
0.0842034
0.206313
0.283208
0.201517
0.201143
0.102341
0.0855663
0.0459937
0.048655
0.144952
0.129164
0.0894347
0.0502496
0.0565525
0.0264655
0.0186981
0.0108766
0.362464
0.242798
0.0591065
0.0104211
0.0373123
0.0335655
0.0314547
0.0598654
0.27128
0.278789
0.147159
0.0710085
0.0401713
0.0210136
0.0172788
0.0430922
0.588299
0.324092
0.055659
0.00749797
0.0350256
0.00170195
0.00138542
0.00784667
0.317874
0.208638
0.0209207
0.00126098
0.00189828
0.0749846
0.0477819
0.0983222
0.309388
0.310774
0.0803595
0.0690646
0.082308
0.00127415
0.00928403
0.029324
0.435083
0.227024
0.0201497
0.000942589
0.00148211
0.0945852
0.156497
0.147268
0.435083
0.259962
0.139463
0.100818
0.0139879
0.189964
0.0640328
0.0255908
0.106591
0.0964941
0.0423705
0.0335512
0.195264
0.0471768
0.031964
0.0173479
0.391442
0.418003
0.114062
0.0391358
0.109464
0.0104585
0.0282424
0.0285357
0.168192
0.177822
0.0770336
0.0650181
0.0216472
0.00411925
0.00889052
0.00300129
0.211453
0.418003
0.418003
0.177393
0.00704414
0.00362291
0.00602956
0.0072979
0.329289
0.360957
0.141561
0.0278077
0.00897385
0.00705395
0.0079889
0.00880213
0.0488155
0.0558754
0.0538304
0.0164881
0.00484851
0.000657028
0
9.52839e-005
0.106761
0.259471
0.490695
0.331762
0.00564683
0.00404891
0.00159342
0.00228316
0.0145516
0.0331848
0.44183
0.238072
0.00972568
0.00974268
0.013182
0.0316544
0.118604
0.11643
0.0623982
0.023072
0.00425076
0.102989
0.0748891
0.147536
0.292589
0.204023
0.228669
0.259012
0.164321
0.0242469
0.0504839
0.0482827
0.215453
0.0847973
0.105551
0.0585649
0.0054486
0.359396
0.187584
0.174806
0.377328
0.141296
0.137385
0.197529
0.339406
0.150721
0.0228904
0.0542924
0.0549286
0.0236965
0.0411149
0.103374
0.250721
0.277941
0.038064
0.0154263
0.00106349
0.00944197
0.00605752
0.0244319
0.409873
0.309333
0.0348288
0.0514887
0.0595618
0.0211539
0.038243
0.075589
0.391087
0.409873
0.0533164
0.0611688
0.0183951
0.00328865
0.00967621
0.00899637
0.409873
0.21837
0.193397
0.109833
0.0502808
0.0745026
0.0542166
0.0634684
0.25043
0.0617308
0.17951
0.164904
0.241205
0.162848
0.0812646
0.0526514
0.0492576
0.43376
0.178038
0.0868659
0.0425912
0.0270102
0.0706399
0.0268283
0.459129
0.144745
0.168259
0.107437
0.17013
0.134652
0.126024
0.0382541
0.219776
0.00524723
0.0277688
0.0533525
0.143813
0.0816902
0.0323482
0.010872
0.0103546
0.00449614
0.0325489
0.0974535
0.226067
0.125246
0.0112739
0.00446476
0.00577353
0.0164079
0.131651
0.104654
0.0956003
0.0855172
0.0422778
0.0157521
0.0252618
0.0129406
0.617942
0.617942
0.125902
0.0428753
0.00381399
0.00633897
0.00637522
0.000411381
0.0197538
0.0975474
0.364368
0.134017
0.00391533
0.000550938
0.00044532
0.0732153
0.0793753
0.15452
0.389165
0.13943
0.0298066
0.0301731
0.00109739
0.0018416
0.34995
0.389165
0.239959
0.063521
9.95915e-005
0.000366149
0.000452073
0.0230515
0.136664
0.295446
0.363067
0.134729
0.00560289
0.0235736
0.000681109
0.0313309
0.0346643
0.0177498
0.153012
0.158523
0.100065
0.0888683
0.0695005
0.0213115
0.024823
0.002908
0.0780601
0.244908
0.607579
0.35938
0.0559535
0.0967901
0.0710593
0.0448861
0.146262
0.110855
0.0601733
0.0852838
0.0737676
0.0527294
0.0850953
0.129409
0.11626
0.128678
0.319812
0.259338
0.0704698
0.00124061
0.00158982
0
0.00580347
0.0462831
0.407931
0.272018
0.027258
0.000735071
0.000663636
0.000839053
0.00573312
0.0104615
0.407931
0.295189
0.0113536
0.0105802
0.0296944
0.062805
0.0200387
0.0363299
0.283176
0.198809
0.0346905
0.00908418
0.0088039
0.0380238
0.00773709
0.0181512
0.407931
0.407931
0.00962754
0.00491662
0.0162607
0.0245248
0.136447
0.101393
0.205444
0.11178
0.00125725
0.120924
0.0640141
0.0976469
0.275466
0.193971
0.118651
0.090933
0.113343
0.00981174
0.000448184
0.00705123
0.035798
0.0972443
0.413406
0.394327
0.0448304
0.142164
0.0103346
0.0125623
0.0828671
0.172676
0.244524
0.358116
0.336376
0.187838
0.0829553
0.110379
0.119055
0.0600562
0.0566729
0.0540787
0.178973
0.286347
0.188683
0.291595
0.0535277
0.0122025
0.0190293
0.0118208
0.287133
0.243537
0.157381
0.0800517
0.0570503
0.0462553
0.0472759
0.108232
0.325591
0.285363
0.28426
0.306488
0.0355985
0.00813501
0.00715738
0.00416253
0.295772
0.309151
0.129521
0.149594
0.0338423
0.0198479
0.0444156
0.0126466
0.331547
0.146748
0.131266
0.108055
0.112332
0.0895754
0.0712227
0.0167982
0.150881
0.322865
0.129844
0.143441
0.012722
0.00227963
0.00141014
0.00174977
0.268483
0.205792
0.451853
0.364455
0.0208271
0.00705596
0.000718261
0.00340777
0.118408
0.00771608
0.171662
0.135522
0.0240777
0.0207057
0.00712453
0.00257582
0.00517293
0.00276879
0.390587
0.386212
0.00620903
0.00103893
0.000400108
0.000790105
0.000772256
0.0117613
0.390587
0.390587
0.00469111
0.00194858
0.000780757
0.00103836
0.00461588
0.0102915
0.390587
0.390587
0.00461269
0.00296443
0.00218705
0.000817584
0.00307019
0.00518231
0.485427
0.485427
0.0494712
0.0176461
0.0014906
0
7.76335e-005
0.0207526
0.217931
0.274832
0.132353
0.0676977
0.00212202
0.00746909
0.000186133
0.0394466
0.425
0.338245
0.0329268
0.0171735
0.00624257
0.000434208
0.00732694
0.0557847
0.118265
0.0925063
0.0882414
0.0284823
0.00397493
0.00205626
0.00487684
0.118267
0.0514804
0.0541799
0.111151
0.185666
0.11899
0.084545
0.0450126
0.199708
0.103185
0.163887
0.184115
0.18157
0.111327
0.0718354
0.0623835
0.123034
0.0188891
0.197121
0.162227
0.315426
0.225188
0.0716793
0.0687954
0.240884
0.0709834
0.339496
0.306944
0.388642
0.081147
0.0426517
0.0920175
0.0923233
0.0787472
0.137344
0.0937481
0.0635161
0.13599
0.068678
0.0355582
0.0704348
0.0302535
0.0987283
0.049242
0.0456058
0.4856
0.481162
0.0258618
0.162301
0.0785363
0.133739
0.150436
0.165264
0.0767853
0.0376408
0.0842441
0.160121
0.0869921
0.0716519
0.111811
0.17926
0.251974
0.348226
0.100566
0.0363967
0.00160248
0.00628346
0.00543794
0.0194125
0.3018
0.412389
0.12005
0.244529
0.00578096
0.000443428
0.000232987
0.0162075
0.0980403
0.240488
0.417784
0.0968216
0.109827
0.0165981
0.0230318
0.0394332
0.138365
0.292817
0.10924
0.273317
0.136056
0.0151295
0.0203605
0.0234067
0.0432837
0.114982
0.359343
0.279063
0.0380324
0.00919709
0
0.00186663
0.00459797
0.0318166
0.396487
0.369224
0.0556266
0.0340574
0.001845
0
7.75946e-005
7.75946e-005
0.396487
0.230584
0.0372797
0.0249783
0.0354101
0.0164575
0.0158912
0.0319429
0.291936
0.365385
0.0587054
0.0625177
0.044368
0.00199227
0.00353017
0.0188024
0.372701
0.330992
0.0635496
0.019966
0.00127313
0
0.000265204
0.00208963
0.320298
0.209457
0.410198
0.25607
0
0
0.000176803
0.00747452
0.118672
0.327607
0.0907899
0.0264253
0.014108
0.00142364
0.00195535
0.00408243
0.319036
0.231944
0.383132
0.119342
0.0132985
0.0066029
0.0105038
0.00689045
0.132225
0.0418707
0.500515
0.496188
0.000923818
0
0.0047956
0.00761569
0.0155247
0.0353168
0.399684
0.352079
0.0146688
0.00793635
0.00997354
0.00690224
0.0102276
0.0724454
0.333233
0.159845
0.0162023
0.00967274
0.0311539
0.0112785
0.0380214
0.034041
0.0968745
0.0768527
0.0386462
0.0227774
0.040876
0.0175782
0.0333678
0.189714
0.453355
0.386343
0.113435
0.072291
0.0281492
0.0150461
0.0330733
0.240494
0.189025
0.122147
0.193938
0.0833614
0.0209335
0.0382309
0.051672
0.0845542
0.183058
0.242797
0.0883259
0.0962842
0.0764416
0.0681024
0.0637206
0.149653
0.105912
0.286595
0.0959838
0.131081
0.0453001
0.130069
0.0602301