0.148217
0.096145
0.0922853
0.062058
0.0186759
0.1428
0.210199
0.228946
0.192095
0.0793128
0.0620838
0.10652
0.125893
0.146358
0.284703
0.290116
0.179219
0.106806
0.166547
0.0564336
0.0397547
0.112261
0.239296
0.264533
0.221492
0.10176
0.142548
0.158258
0.0827435
0.0840974
0.241375
0.382108
0.137082
0.0847556
0.0323216
0.0665218
0.214439
0.0969739
0.174451
0.172337
0.185189
0.126885
0.0588938
0.126237
0.322334
0.105016
0.251297
0.195157
0.169399
0.0792326
0.0616191
0.181893
0.169615
0.0828631
0.121087
0.193864
0.228371
0.319142
0.227292
0.158673
0.281123
0.0828984
0.175708
0.144279
0.125829
0.101595
0.0707928
0.0944495
0.125138
0.0722201
0.183207
0.171934
0.167897
0.0867197
0.121706
0.0687607
0.0818457
0.102721
0.186252
0.21114
0.106575
0.369824
0.300004
0.0595398
0.0947622
0.0431302
0.146402
0.0952826
0.360388
0.342256
0.198534
0.0148335
0.00802112
0.0389214
0.118789
0.319576
0.156104
0.064799
0.155004
0.0431882
0.0577634
0.0638646
0.109973
0.210815
0.16823
0.057826
0.176442
0.073317
0.12862
0.114838
0.184131
0.303317
0.359689
0.0843956
0.0320448
0.00197644
0.00826435
0.0309236
0.0763905
0.396697
0.361851
0.0207513
0.0399975
0.028924
0.0371761
0.0700731
0.138931
0.396697
0.125776
0.036025
0.0735373
0.0892087
0.116144
0.130853
0.150907
0.208632
0.170656
0.166475
0.135046
0.143596
0.114994
0.0941834
0.161411
0.184938
0.283619
0.0148527
0.0335495
0.0479284
0.0438697
0.055659
0.105189
0.396527
0.199328
0.0823132
0.0619447
0.0968441
0.0978924
0.237561
0.339002
0.396527
0.173913
0.185063
0.176375
0.0636662
0.0497546
0.0542105
0.0917898
0.125898
0.220133
0.289465
0.358274
0.157233
0.0366724
0.0769434
0.0720477
0.10502
0.0947358
0.119925
0.163986
0.0606265
0.0775238
0.275822
0.254232
0.115391
0.13452
0.209714
0.331135
0.0922047
0.0812945
0.284076
0.200721
0.0674279
0.14735
0.303532
0.37102
0.173544
0.0824927
0.0364191
0.0265879
0.0593803
0.0943757
0.281887
0.352728
0.16273
0.174626
0.0994202
0.0637122
0.1158
0.137461
0.148945
0.239651
0.101728
0.121478
0.155017
0.0814524
0.0375426
0.182018
0.0603851
0.210876
0.234939
0.19947
0.118776
0.0560799
0.151568
0.187633
0.0782864
0.169162
0.0591514
0.0621698
0.0573812
0.113468
0.268028
0.105406
0.113005
0.220566
0.162051
0.109141
0.079043
0.0812233
0.261546
0.239987
0.142449
0.210788
0.169964
0.0821746
0.0436764
0.056045
0.302003
0.0712946
0.232827
0.389391
0.238154
0.136288
0.0819071
0.0711945
0.227966
0.0582759
0.151346
0.164371
0.157954
0.100362
0.0701428
0.0370999
0.0588497
0.0896801
0.391977
0.325959
0.0814996
0.0634405
0.0516409
0.0659832
0.0237667
0.0235127
0.391977
0.391977
0.0961268
0.0648281
0.0527448
0.0266169
0.0470522
0.0139093
0.391977
0.306781
0.0270883
0.0110568
0.0234285
0.0222791
0.00678176
0.0599298
0.392278
0.311986
0.0624826
0.0549304
0.0167947
0.0329429
0.00716234
0.243261
0.3093
0.255381
0.137294
0.0752984
0.0583256
0.0432906
0.12476
0.0256048
0.157329
0.121458
0.0950206
0.0848682
0.0620912
0.0299228
0.0122573
0.127325
0.100054
0.225878
0.253952
0.189465
0.330792
0.273943
0.0958856
0.201638
0.0786484
0.0644479
0.0530215
0.0385569
0.108517
0.121522
0.237395
0.160854
0.00223021
0.00825961
0.0503248
0.0895409
0.243226
0.223471
0.284672
0.090508
0.045879
0.140284
0.132996
0.0955659
0.339455
0.26816
0.100244
0.13798
0.0254284
0.0425031
0.0708279
0.123923
0.369451
0.356572
0.197685
0.174658
0.00491106
0.0276668
0.0707673
0.140542
0.180978
0.152478
0.296521
0.0790064
0.0191378
0.0340201
0.0732316
0.18496
0.321901
0.260995
0.248022
0.224309
0.132046
0.165579
0.101495
0.152887
0.257697
0.216496
0.186296
0.0892287
0.135664
0.206164
0.242194
0.202494
0.157334
0.0780778
0.060117
0.0164583
0.0408689
0.0369593
0.0287016
0.0600539
0.379884
0.292414
0.0366721
0.0512494
0.0447512
0.0534301
0.0203477
0.0660369
0.393841
0.393841
0.0551271
0.00328101
0.0114542
0.0241372
0.0646986
0.0446321
0.220325
0.157846
0.0030864
0.0210364
0.00162473
0.00182442
0.0026279
0.0471137
0.393841
0.393841
0.0576013
0.0967342
0.033345
0.0374512
0.0313064
0.108469
0.258549
0.175845
0.0600123
0.134857
0.0560999
0.0682647
0.157811
0.179774
0.231261
0.117432
0.189447
0.125832
0.0460431
0.0139195
0.0302423
0.106838
0.392662
0.276499
0.121254
0.191969
0.311661
0.142974
0.205229
0.175021
0.279905
0.163338
0.201826
0.184458
0.127715
0.120733
0.163123
0.112539
0.0558745
0.0460495
0.156441
0.0129428
0.19009
0.410696
0.223377
0.173694
0.0786151
0.0497413
0.0495186
0.175419
0.0499031
0.0769632
0.381196
0.123695
0.056327
0.0155701
0.108555
0.00813157
0.0514078
0.262413
0.410696
0.257114
0.0873353
0.0100543
0.0151641
0.00645436
0.479525
0.574277
0.148703
0.107035
0.049738
0.0248355
0.0344399
0.00274338
0.270298
0.154661
0.0308263
0.028399
0.0140018
0.0143598
0.0139137
0.00630987
0.0539126
0.223912
0.378997
0.17948
0.053204
0.0128341
0.0225582
0.00653595
0.0165758
0.018092
0.0679961
0.0736441
0.0183165
0.0280853
0.0359768
0.0318689
0.0198547
0.0399242
0.141672
0.0635057
0.0364284
0.0200018
0.0289747
0.197392
0.00970757
0.104925
0.224257
0.189689
0.258981
0.219332
0.232428
0.0263923
0.026004
0.0437408
0.339899
0.113747
0.0456145
0.0104549
0.026261
0.214256
0.25603
0.120583
0.437831
0.202184
0.175985
0.0576939
0.306553
0.131476
0.01093
0.0615756
0.0619569
0.0732819
0.16818
0.126992
0.207942
0.235216
0.0202967
0.0223257
0.0260724
0.0247013
0.14802
0.121141
0.374544
0.253824
0.0979741
0.0314682
0.0497671
0.0476959
0.060965
0.0273418
0.417139
0.417139
0.00337457
0.00192021
0.000569612
0.00119194
0.00206133
0.00109509
0.417139
0.345114
0.0981558
0.0800839
0.0338703
0.0287792
0.0752823
0.0674219
0.353953
0.168987
0.103335
0.104244
0.122554
0.053245
0.0469826
0.00917564
0.107055
0.457557
0.0909966
0.00223223
0.0317869
0.0443535
0.0674103
0.00132727
0.457557
0.199217
0.13719
0.00208684
0.129073
0.126855
0.111512
0.00842124
0.249281
0.0242369
0.0284031
0.0355275
0.0881943
0.0374273
0.110248
0.0658059
0.0164028
0.0189594
0.00244318
0.00776453
0.047043
0.118819
0.695331
0.470104
0.0603635
0.0288085
0.0524629
0.00932134
0.092438
0.0801587
0.0560218
0.0150847
0.0266636
0.0194638
0.0150299
0.0343981
0.28993
0.214879
0.136614
0.0651928
0.023517
0.0668854
0.0365733
0.0199537
0.0447046
0.104202
0.313005
0.157474
0.0694554
0.125483
0.245139
0.165073
0.145289
0.180026
0.185952
0.139358
0.198953
0.00836971
0.021125
0.0385264
0.319633
0.182963
0.101368
0.0485806
0.0135824
0.0903523
0.32289
0.232078
0.389952
0.212568
0.110962
0.159385
0.11327
0.067918
0.0582988
0.0357046
0.292211
0.116909
0.0552835
0.016667
0.0776393
0.0106154
0.0328291
0.0537263
0.417672
0.307999
0.0735891
0.000793374
0.00617831
0.108793
0.177917
0.104775
0.212838
0.208671
0.209521
0.0668016
0.065451
0.0508321
0.0817477
0.0809418
0.417672
0.414371
0.0636209
0.0108278
0.00526015
0.0136732
0.00913508
0.0475443
0.464921
0.30055
0.0565806
0.0103967
0.0185084
0.0187443
0.0162551
0.0166376
0.0725494
0.0612805
0.0124332
0.028754
0.034802
0.0179891
0.0136546
0.0416312
0.626954
0.423258
0.0271758
0.0206486
0.0263346
0.0223398
0.0385935
0.0175847
0.102043
0.0993425
0.0153155
0.0313263
0.0375178
0.0288735
0.0888825
0.040237
0.143381
0.0639028
0.0540099
0.00787599
0.0258923
0.271839
0.358469
0.145981
0.189727
0.0602493
0.0887533
0.00859709
0.253399
0.0185712
0.137818
0.081699
0.178867
0.139065
0.0630802
0.0373428
0.0197855
0.346823
0.323257
0.169726
0.284269
0.192806
0.103164
0.0672893
0.339896
0.248308
0.0907196
0.038453
0.0240898
0.00427332
0.0118174
0.00285778
0.349629
0.332316
0
0
0
0
0.00336119
0.0277732
0.375695
0.307315
0.0536887
0.0263102
0.0494706
0.0322472
0.011132
0.00898505
0.375695
0.353944
0.0157712
0.0105836
0.0167619
0.0365969
0.0236631
0.0651758
0.375695
0.33475
0.0616858
0.000687052
0.0154042
0.0334212
0.0615941
0.114994
0.44723
0.108422
0.0978026
0.00386633
0.0661858
0.0804882
0.084328
0.0665817
0.162815
0.279872
0.0567699
0.0849524
0.141587
0.211182
0.144666
0.225498
0.433918
0.0412436
0.0297428
0.0807361
0.195057
0.229181
0.140488
0.118607
0.065769
0.0218222
0.0519276
0.0117308
0.0696208
0.0646999
0.054285
0.0123592
0.022859
0.020339
0.019888
0.0440945
0.471317
0.24501
0.0261671
0.0138077
0.0120715
0.0185309
0.0124683
0.0251137
0.119355
0.119647
0.0549421
0.0166612
0.0234278
0.0163731
0.0142002
0.0342972
0.635004
0.415542
0.0531767
0.0333146
0.0144288
0.00219292
0.00879725
0.0228606
0.318775
0.108555
0.0134549
0.0189433
0.00628096
0.027285
0.117853
0.081024
0.358281
0.164668
0.142899
0.156831
0.0685818
0.00135949
0.000895047
0.0290174
0.358281
0.18776
0.0140457
0.0363708
0.0249368
0.0118914
0.007673
0.0411243
0.333758
0.358281
0.345592
0.27974
0.132527
0.0622152
0.0805698
0.073555
0.170088
0.242982
0.189662
0.0942079
0.0156747
0.0294332
0.0283837
0.0375781
0.384241
0.315716
0.193639
0.0513112
0.00295278
0.0101934
0.0698485
0.0457624
0.146057
0.229164
0.308816
0.171979
0.0860441
0.0101764
0.0349154
0.0213958
0.191696
0.206707
0.417794
0.219105
0.0468511
0.00502215
0.00878876
0.0268517
0.285181
0.219015
0.181614
0.0494341
0.0171098
0.00495386
0.0193645
0.0104133
0.062053
0.06198
0.0220191
0.0216429
0.0240544
0.0129301
0.02383
0.016352
0.116163
0.141535
0.675217
0.387893
0.0111357
0.0156288
0.0297649
0.0173274
0.132466
0.0899458
0.270737
0.127539
0.0195642
0.0262509
0.0362719
0.0232112
0.129033
0.101652
0.0915527
0.0841223
0.021855
0.27322
0.0641036
0.0378165
0.191323
0.134343
0.159969
0.183991
0.423444
0.0985616
0.101821
0.0443098
0.185428
0.0806488
0.0496682
0.048917
0.0632248
0.440943
0.162748
0.060073
0.123495
0.0556609
0.090472
0.141631
0.440943
0.230838
0.00808898
0.00389073
0.0277488
0.0193665
0.016436
0.0237971
0.364689
0.332932
0.0408461
0.0174464
0.0100771
0.0220018
0.00977504
0.0177758
0.364689
0.346703
0.0338096
0.0199551
0.0102749
0.0118187
0.0114033
0.0397202
0.364689
0.364689
0.0704497
0.0242136
0.00404203
0.00680948
0.0191474
0.0058737
0.364689
0.345105
0.165949
0.155649
0.131715
0.121678
0.0461721
0.0527629
0.324968
0.0542703
0.0810746
0.144399
0.188666
0.125985
0.0398253
0.0262487
0.042814
0.457426
0.18186
0.0716198
0.0713391
0.0624887
0.125111
0.0106843
0.457426
0.0948605
0.106033
0.0707787
0.115124
0.108869
0.0890068
0.0215042
0.122951
0.00825749
0.00852357
0.0241921
0.0607103
0.0395251
0.0109019
0.00783736
0.00540033
0.0108603
0.0597454
0.091806
0.269317
0.183649
0.0224695
0.0119981
0.00349195
0.00747411
0.183548
0.121402
0.0374848
0.0353323
0.00634299
0.0154217
0.00268317
0.0475537
0.601683
0.601683
0.167505
0.0802328
0.0371622
0.0100308
0.0425564
0.0247691
0.0280355
0.104791
0.295687
0.175001
0.0161571
0.0249254
0.0111424
0.0926988
0.0427495
0.10147
0.236552
0.29242
0.193219
0.208733
0.111167
0.11512
0.286655
0.280831
0.198179
0.100043
0.0608565
0.0233311
0.0846479
0.295665
0.185231
0.152524
0.295241
0.179538
0.105415
0.134684
0.217148
0.0279837
0.0681807
0.0334756
0.0825517
0.127073
0.247258
0.22056
0.0760399
0.0394666
0.0796087
0.0632888
0.11341
0.100693
0.374683
0.163008
0.0446176
0.0924099
0.0704782
0.0185469
0.0907646
0.260406
0.374683
0.368289
0.100395
0.110452
0.110697
0.132179
0.184437
0.179126
0.210235
0.243637
0.162359
0.0209891
0.0392543
0.0376674
0.0530065
0.0425311
0.413696
0.215998
0.00568198
0.0119742
0.00831075
0.00596377
0.0618335
0.0673878
0.321642
0.173183
0.00530892
0.0647623
0.149859
0.132736
0.107693
0.0922147
0.300621
0.254324
0.0697248
0.0339889
0.098414
0.0311349
0.028794
0.101017
0.413696
0.413696
0.041255
0.0307598
0.0626846
0.0263153
0.171643
0.147212
0.119147
0.0656803
0.0355439
0.204028
0.153718
0.0675315
0.126942
0.113282
0.126335
0.119015
0.330002
0.0614997
0.0202037
0.00220403
0.0461747
0.122422
0.386591
0.300165
0.147163
0.334985
0.0783659
0.03149
0.0372063
0.079467
0.150674
0.225093
0.403544
0.221726
0.137364
0.141424
0.0446856
0.0393067
0.0259713
0.0743331
0.284934
0.375629
0.183588
0.145291
0.0247912
0.0243693
0.0184682
0.015322
0.375629
0.309412
0.170055
0.143595
0.0315273
0.0207122
0.0212205
0.0569046
0.324858
0.273513
0.156111
0.156481
0.0253181
0.015191
0.00244016
0.0114572
0.253855
0.317805
0.141619
0.0351023
0.0523926
0.0507818
0.0838687
0.00987389
0.360063
0.0742877
0.191346
0.0829069
0.0782686
0.0823992
0.0599518
0.0240387
0.0768973
0.24692
0.142946
0.106242
0.0159218
0.00860105
0.00230721
0.0090936
0.222899
0.102051
0.477943
0.477943
0.0482788
0.00942096
0.000802772
0.0122268
0.061226
0.006766
0.241659
0.137664
0.0102573
0.0143931
0.00624042
0.00551188
0.00631131
0.0367652
0.38248
0.357982
0.0151849
0.0127812
0.0227059
0.00325439
0.0666425
0.0186665
0.38248
0.335969
0.0232434
0.0216808
0.0252342
0.0196682
0.0441561
0.117947
0.38248
0.326585
0.00775571
0.0322663
0.0466063
0.054971
0.25786
0.158084
0.206845
0.177325
0.0398441
0.0238774
0.050259
0.0134723
0.195912
0.350728
0.0928868
0.0431477
0.0784741
0.0598724
0.0535351
0.071754
0.350728
0.251579
0.309244
0.171118
0.0109518
0.0128853
0.021443
0.0223972
0.246341
0.350728
0.190781
0.0523195
0.0277787
0.0290285
0.0329039
0.102525
0.350728
0.0670508
0.0610677
0.0210704
0.0677383
0.237665
0.209056
0.201042
0.110085
0.106613
0.0581104
0.146561
0.132217
0.168479
0.119926
0.2292
0.242899
0.0707061
0.0419305
0.0585734
0.0914577
0.185301
0.327023
0.187165
0.103779
0.175803
0.0683456
0.36557
0.151391
0.147248
0.142454
0.212004
0.324186
0.0792173
0.171779
0.216049
0.0926002
0.078214
0.100683
0.169937
0.112607
0.0816429
0.25635
0.115833
0.023831
0.100986
0.337535
0.219714
0.0784013
0.174855
0.185265
0.37112
0.11602
0.0704239
0.0384535
0.12504
0.249736
0.170713
0.282487
0.236654
0.123841
0.128566
0.102962
0.0735843
0.190025
0.154712
0.10295
0.0144861
0.00312534
0.0412944
0.219592
0.19417
0.209847
0.396616
0.0250705
0.00175835
0.000345154
0.00460594
0.0360143
0.10572
0.396616
0.173235
0.143025
0.0560104
0.1053
0.116949
0.0824352
0.0647036
0.18957
0.38859
0.0506386
0.0689425
0.0694917
0.105034
0.0298878
0.094405
0.396616
0.337881
0.0302208
0.011771
0.00119923
0.000108827
0.000913509
0.02956
0.371476
0.320863
0.0254142
0.0149174
0.00269029
0.000765276
0.00169737
0.0492559
0.371476
0.250447
0.0144828
0.0514508
0.0238573
0.0533
0.0099062
0.0834451
0.371476
0.216243
0.0494996
0.0443498
0.0160858
0.0435419
0.101528
0.221763
0.371476
0.253031
0.0989441
0.0822842
0.00810713
0.00168772
0.00122045
0.0321076
0.27818
0.111251
0.395462
0.395462
0.0801814
0.0106538
0.0143049
0.0173139
0.104825
0.205918
0.163857
0.0469784
0.0232698
0.0386552
0.165679
0.185611
0.269888
0.115282
0.316138
0.189483
0.157574
0.120745
0.150384
0.111422
0.163621
0.0216671
0.445307
0.364072
0.0740225
0.0323997
0.0545122
0.0455521
0.0717512
0.105564
0.439648
0.18873
0.0303442
0.0399474
0.0771444
0.103096
0.27343
0.0642418
0.222114
0.150791
0.179131
0.144363
0.0792646
0.0666091
0.0861688
0.133321
0.171435
0.141483
0.165941
0.0991324
0.0555155
0.0358394
0.133515
0.101899
0.190259
0.116606
0.0485471
0.0218528
0.02375
0.0238921
0.104657
0.146158
0.388494
0.319922
0.0865301
0.035433
0.0360983
0.0336443
0.0976108
0.106227
0.311221
0.258083
0.128862
0.0478026
0.0170001
0.00887201
0.0677086
0.12591
0.414526
0.414526
0.147129
0.0431971
0.0157653
0.00690829
0.0813087