0.0428077
0.037809
0.0458251
0.137014
0.245869
0.123038
0.0560617
0.0535525
0.067791
0.080213
0.0968994
0.303293
0.32013
0.0630195
0.0626314
0.0356211
0.0287303
0.0567757
0.156335
0.232131
0.313748
0.0702172
0.0548958
0.124834
0.0698477
0.161461
0.14407
0.247935
0.437934
0.12737
0.0770026
0.140654
0.020807
0.035893
0.0369705
0.0650225
0.0760765
0.0113059
0.014939
0.00282655
0.0245938
0.204398
0.15161
0.0304647
0.0649402
0.0178844
0.017275
0.0122364
0.0365343
0.221335
0.180756
0.0571725
0.0747817
0.0278551
0.0135772
0.00604545
0.0487043
0.616513
0.614654
0.0252958
0.0188851
0.00416172
0.0194536
0.00692936
0.0778063
0.196341
0.0865175
0.0105769
0.0108667
0.00622699
0.0103967
0.0440791
0.200287
0.131196
0.0241182
0.00528802
0.00299236
0.0102161
0.0280184
0.287348
0.0775559
0.437622
0.31537
0.0157586
0.00833968
0.000107972
0.00788304
0.0342724
0.395057
0.437622
0.129556
0.0170576
0.0101986
0
0.0137071
0.312109
0.165041
0.0493689
0.046697
0.0161286
0.0165975
0.00618121
0.0166859
0.298954
0.147586
0.0765486
0.0895565
0.0853603
0.117823
0.0805319
0.0595309
0.216297
0.372265
0.103169
0.0241213
0.00247917
0.00396901
0.021579
0.054112
0.460686
0.330742
0.0426724
0.0148659
0.0267187
0.0394821
0.12115
0.112553
0.460686
0.139771
0.019329
0.0231613
0.0629261
0.0839607
0.0785317
0.0522405
0.249003
0.255504
0.0233784
0.0263631
0.0234362
0.0283868
0.0281379
0.0315254
0.26211
0.245173
0.0356719
0.00242358
0.043845
0.0391699
0.0698162
0.0836931
0.48621
0.253072
0.0241921
0.00283565
0.0169006
0.0144194
0.155206
0.269268
0.48621
0.212512
0.0313971
0.04698
0.0951244
0.0867845
0.0521314
0.06839
0.161305
0.0391437
0.0570457
0.168079
0.144502
0.12104
0.071672
0.0542161
0.0369384
0.179711
0.0169799
0.0305795
0.0287937
0.021073
0.395479
0.468855
0.403063
0.0291491
0.0689764
0.207579
0.123411
0.0750811
0.231974
0.247762
0.079858
0.0200364
0.0728829
0.178916
0.0875995
0.110224
0.0532043
0.0611817
0.034855
0.0355006
0.0523794
0.0598402
0.0850367
0.412035
0.161021
0.116461
0.0470936
0.0289436
0.0676427
0.187042
0.155122
0.1661
0.0626966
0.0884807
0.0486501
0.0321496
0.0258981
0.0487381
0.100686
0.62965
0.315545
0.121405
0.053739
0.00547872
0.0429081
0.0549219
0.0964458
0.0487267
0.0107354
0.0151575
0.0260786
0.0251259
0.294964
0.183244
0.037669
0.0537553
0.0297846
0.026248
0.0254206
0.0158292
0.141898
0.216231
0.190171
0.0401265
0.0328705
0.010437
0.00260146
0.0269296
0.583136
0.583136
0.0995438
0.0120061
0.0100479
0.0106978
0.00125681
0.0206481
0.332142
0.171161
0.00630961
0.0125855
0.0111978
0.00425397
0.00126085
0.0142378
0.42942
0.332824
0.00798648
0.00580642
0.000824851
0.00154844
0.00032441
0.014187
0.42942
0.3417
0.004585
0.000533469
0.00154315
0.00170804
0.00118697
0.014963
0.42942
0.186236
0.0255794
0.0164433
0.0023853
0.00339544
0.00414535
0.0193734
0.418545
0.301587
0.0833778
0.0314196
0.00107779
0.00220795
0.00525115
0.205699
0.36571
0.278696
0.121951
0.0578739
0.0133844
0.0202226
0.0893514
0.00530436
0.181507
0.13861
0.197712
0.141313
0.0279865
0.00948722
0.00310064
0.069606
0.125319
0.292349
0.256295
0.286951
0.173953
0.080634
0.0254107
0.212099
0.120496
0.0795937
0.0212156
0.0388108
0.118336
0.108342
0.17498
0.138309
0.0223538
0
0.0641804
0.0977777
0.365496
0.141177
0.245724
0.0847465
0.0941584
0.158493
0.0573897
0.150919
0.397297
0.151179
0.0323323
0.0360091
0.0347468
0.0237333
0.0698705
0.133629
0.445436
0.310511
0.122351
0.0890413
0.0382822
0
0.132833
0.0880937
0.193248
0.113222
0.213613
0.0484328
0.0229269
0.0003123
0.108653
0.0949448
0.322082
0.291188
0.228444
0.0504127
0.0949278
0.0611447
0.172316
0.0963369
0.307624
0.2044
0.148249
0.0363669
0.135917
0.282162
0.359356
0.165407
0.270225
0.143185
0.0444267
0.0109826
0.00059434
0.00447428
0.0463631
0.0560084
0.408662
0.276532
0.0824659
0.00116372
0.00680679
0.0282053
0.0328247
0.0393706
0.337895
0.204046
0.0176883
0.0014615
0.0262401
0.123759
0.205133
0.101654
0.355741
0.150811
0.00151777
0
0.00425945
0.00521198
0.016336
0.0295357
0.458346
0.332271
0.00301176
0.00370602
0.0111976
0.0535176
0.0716946
0.0926519
0.149888
0.119851
0.0323183
0.0042091
0.00561766
0.0398287
0.0721911
0.277975
0.249043
0.0581837
0.047204
0.00173743
0.0265076
0.057056
0.0101291
0.0665574
0.632491
0.367629
0.0393286
0.00709923
0.0394756
0.102439
0.0620534
0.261985
0.287677
0.103289
0.0902359
0.00439438
0.0459247
0.178861
0.205493
0.0366619
0.0140375
0.00493586
6.92424e-005
0.00444945
0.290844
0.464975
0.246775
0.0332227
0.00189814
0.00139923
0.00166909
0.000391812
0.00268366
0.0815558
0.464975
0.12582
0.00997267
0.00368874
0
0
0.0131886
0.201249
0.464975
0.132647
0.00347409
0.00341092
0.00268819
0.00875262
0.564347
0.527124
0.119274
0.0177354
0.00136162
0.00497266
0.00877635
0.0180986
0.273213
0.0783222
0.0950259
0.0339076
0.00787442
0.013821
0.0137805
0.0012129
0.0308048
0.148941
0.369492
0.0825902
0.0167234
0.019257
0.0118072
0.00405046
0.0154433
0.0259323
0.243671
0.0864599
0.0284125
0.0215633
0.0102912
0.00351845
0.0368262
0.0835851
0.249594
0.107315
0.03296
0.0112777
0.00742095
0.0385196
0.0756593
0.247371
0.241058
0.223357
0.20667
0.0754057
0.0899136
0.00595098
0.0252622
0.124012
0.459276
0.113465
0.0403874
0.0150033
0.0114668
0.165529
0.117998
0.27174
0.421503
0.129855
0.159591
0.101852
0.225602
0.0618308
0.0608412
0.142773
0.0425175
0.0803719
0.250335
0.099362
0.133134
0.102336
0.0245325
0.028773
0.0229808
0.0281724
0.295061
0.275407
0.308098
0.208288
0.0568535
0.0852404
0.0303881
0.030626
0.0799262
0.0759206
0.465341
0.215672
0.00672576
0.0071982
0.00412607
0
0.0343023
0.0878811
0.465341
0.135133
0.155712
0.0669868
0.0409506
0.0196253
0.0990731
0.178265
0.316091
0.0867294
0.288445
0.320406
0.198778
0.0528251
0.0406464
0.0662884
0.0935631
0.191617
0.076825
0.0236104
0.00346809
0.0312128
0.0239976
0.133082
0.487279
0.131967
0.160008
0.105032
0.142331
0.187912
0.0369897
0.20454
0.241043
0.0102607
0.102017
0.225491
0.206477
0.0668867
0.152835
0.074402
0.0107507
0.00293666
0.0033482
0.0085469
0.0134524
0.029287
0.684031
0.379333
0.00456338
0.0283593
0.0591187
0.0690287
0.160353
0.14754
0.0384055
0.0890815
0.0287834
0.00638701
0.000604883
0.00960194
0.0462438
0.056217
0.311813
0.113231
0.00906289
0.00197996
0.00878606
0.0162933
0.00301768
0.0473503
0.488042
0.265813
0.00789931
0.00725974
0.0223065
0.0538099
0.0275505
0.140101
0.291713
0.113745
0.0770565
0.0010863
0
0.0132477
0.204102
0.171372
0.351784
0.131046
0.00205185
0.00445106
0.0447922
0.144928
0.329287
0.303416
0.258635
0.0792598
0.0604807
0
0.00112666
0.0191598
0.446671
0.127507
0.00332289
0.00158779
0
8.7269e-005
0.000101308
0.0157186
0.469148
0.134076
0.00292896
0.00278964
0.00101601
0.00083988
0.00515392
0.0287256
0.469148
0.143542
0.00455393
0.000755128
0
0.000487073
0.00141506
0.0198542
0.469148
0.192374
0.00346906
0.00665046
0.00117359
0.00257202
0.00207585
0.0160941
0.500868
0.151568
0.0246635
0.0277108
0.01512
0.00442013
0.00441963
0.0370583
0.297714
0.236481
0.0489113
0.0306194
0.018763
0.0113347
0.0120066
0.0313233
0.445953
0.192686
0.0144687
0.0426381
0.0198672
0.0230892
0.0214464
0.148384
0.3327
0.322257
0.0357816
0.0344487
0.0313664
0.0236383
0.0308837
0.080865
0.304374
0.182497
0.0422074
0.0152386
0.0263668
0.239889
0.138567
0.166527
0.267453
0.122928
0.0617406
0.0751406
0.21468
0.0228049
0.112926
0.213254
0.276495
0.233976
0.0356604
0.0165644
0.0229349
0.287231
0.292585
0.257162
0.198799
0.174027
0.0300985
0.0769442
0.261161
0.193775
0.0434575
0.0308994
0.0229286
0.00805097
0.0109191
0.033393
0.387711
0.136694
0.00020805
0
0
0
0.000594145
0.0170853
0.472204
0.199333
0.0633063
0.0294773
0.0141765
0.0178363
0.00163711
0.0333101
0.472204
0.135452
0.00808682
0.00567544
0.00893406
0.0172697
0.0079882
0.0881134
0.472204
0.165587
0.0209901
0.0215913
0.00227075
0.0216387
0.0354796
0.0995394
0.476895
0.16959
0.0611056
0.0884325
0.0901663
0.135327
0.0651047
0.122376
0.172342
0.117692
0.0230671
0.0364104
0.0632229
0.0987677
0.161307
0.278356
0.476895
0.0837184
0.0316754
0.0673437
0.141524
0.224779
0.274049
0.204564
0.0967737
0.129006
0.0859965
0.137793
0.268396
0.280093
0.0805899
0.0987753
0.0337801
0.0174275
0.019447
0.0161516
0.231751
0.167904
0.118364
0.0519443
0.0198966
0.0767758
0.0599616
0.0926243
0.218371
0.337372
0.251277
0.0913052
0.0212555
0.017914
0.0590493
0.0650511
0.503415
0.197675
0.0321938
0.0313687
0.0144392
0.000895237
0.000706398
0.0101026
0.30466
0.136632
0.0463729
0.00813105
0.00105846
0.00314409
0.02747
0.0909284
0.405498
0.267374
0.0573461
0.00336473
0.00414434
0.000805159
0.00412928
0.00989007
0.434826
0.171818
0.0233919
0.00279871
0.000789188
0.000786023
0.00318973
0.0175227
0.44798
0.40449
0.0986351
0.00435474
0.000519038
0.00062864
0.00761758
0.0259203
0.393481
0.218099
0.0625529
0.0178603
0
0.000628994
0.00639774
0.014234
0.382895
0.226589
0.125025
0.0511518
0.000589395
0.00167646
0.00726326
0.0185845
0.123721
0.22117
0.298881
0.154959
0.00980718
0.000341063
0.00602664
0.00894462
0.0745231
0.155348
0.466431
0.32351
0.00434092
0.00556418
0.015132
0.0155897
0.139013
0.108165
0.096472
0.0516316
0.00640181
0.0111349
0.015834
0.0589577
0.189105
0.198438
0.072351
0.0195252
0.0138079
0.00281361
0.00716034
0.0033081
0.0250366
0.0859819
0.733446
0.318991
0.0100318
0.00558722
0.0575743
0.08747
0.280957
0.136852
0.197101
0.0628024
0.0178563
0.00324535
0.0577217
0.12549
0.228999
0.231966
0.126305
0.0859902
0.0165824
0.135149
0.131818
0.145437
0.126235
0.197883
0.12084
0.239692
0.269792
0.0652449
0.110328
0.158664
0.252397
0.104662
0.139031
0.104844
0.0387823
0.160577
0.103133
0.119849
0.09877
0.0660944
0.135638
0.276476
0.487846
0.12052
0.0264522
0.0159887
0.00353034
0.0263794
0.0101258
0.0663963
0.425741
0.149943
0.0528032
0.0223693
0.0163527
0.0291012
0.0102647
0.0659735
0.461496
0.112957
0.012537
0.00427897
0.0100915
0.0108343
0.0122447
0.0790742
0.461496
0.225175
0.0919419
0.015817
0.0099521
0.0101016
0.0153512
0.052428
0.461496
0.109296
0.135624
0.189584
0.146427
0.1411
0.0943819
0.143354
0.243331
0.012304
0.0703382
0.261798
0.332541
0.250495
0.145667
0.0900756
0.0184425
0.200714
0.259418
0.22306
0.0914427
0.0668376
0.0938668
0.117819
0.237787
0.0459616
0.168379
0.316156
0.247698
0.137444
0.112333
0.0737377
0.0135133
0.00675884
0.0200614
0.128269
0.266532
0.200126
0.083712
0.0341195
0.00771687
0.00449899
0.0236217
0.0572071
0.326995
0.111209
0.0209853
0.0237635
0.0075636
0.0272092
0.0673043
0.151847
0.20236
0.122264
0.0589661
0.0225965
0.012588
0.00980818
0.430605
0.509347
0.312569
0.103696
0.0218436
0.0205466
0.00835292
0.000216378
0.00276144
0.0272405
0.36002
0.14819
0.0181191
0.00405974
0.00100288
0.00220865
0
0.0354264
0.44233
0.340898
0.0750483
0.0118091
0.0132276
0.00373275
0.138512
0.303092
0.300336
0.0899544
0.00829773
0.0111643
0.000969438
0.0273076
0.0978592
0.275118
0.39313
0.17612
0.0189688
0.0163632
0.0194467
0.00291678
0.0015142
0.0125597
0.0283323
0.088062
0.259971
0.166682
0.0177789
0
0.000657414
0.00113553
0.000576358
0.04459
0.510671
0.399257
0.00840366
0.000729196
0.00209839
0.0431222
0.0606772
0.0800132
0.126541
0.0880742
0.0113159
0
0
0.00626083
0.0430667
0.106286
0.510671
0.335486
0.0234528
7.04259e-005
0
0
0.000207528
0.0153182
0.442446
0.197841
0.00328313
0.000281703
0.0136443
0.0401907
0.190253
0.0487111
0.204618
0.081054
0.00369069
0
0
0
0.0123121
0.0478375
0.442446
0.274906
0.0062557
0.000385469
0
0.0347551
0.130003
0.072358
0.442446
0.373022
0.014716
0.0461158
0.0775191
0.13538
0.347413
0.084293
0.0816429
0.0293098
0.0189541
0.158857
0.131884
0.123331
0.160124
0.0663648
0.0838039
0.0830062
0.263021
0.00905949
0.0130023
0.0528174
0.222895
0.15278
0.368211
0.263531
0.0939717
0.225579
0.131884
0.0839152
0.121063
0.105933
0.195831
0.212699
0.383937
0.107987
0.0739102
0.105743
0.0717268
0.0209223
0.0143107
0.0676819
0.276337
0.206289
0.1509
0.128469
0.0418594
0.00931599
0.0121594
0.0527952
0.366527
0.199272
0.24406
0.327675
0.102028
0.0197697
0.0203784
0.0671235
0.208337
0.217521
0.262462
0.432788
0.0833741
0.0144847
0.00229431
0.0183143
0.210778
0.244316
0.211745
0.0957364
0.0574004
0.0556433
0.0995872
0.113397
0.282072
0.0783569
0.160324
0.105707
0.147679
0.127603
0.113439
0.0712193
0.0369833
0.323745
0.213504
0.153356
0.0463411
0.0232835
0.016416
0.0183132
0.229444
0.146867
0.54562
0.252316
0.0813763
0.0367093
0.0207727
0.014093
0.0442011
0.0217288
0.126279
0.060624
0.0282615
0.0256893
0.0128631
0.00313787
0.00556941
0.0157006
0.473937
0.265738
0.0237684
0.00940826
0.00574623
0.0103724
0.00476457
0.0402914
0.482745
0.232645
0.0175099
0.00796007
0.00408889
0.00271745
0.00688817
0.0488706
0.482745
0.310671
0.106801
0.0233451
0.0152546
0.0288144
0.00765093
0.0296646
0.431817
0.334999
0.0743512
0.0162574
0.0132897
0.026423
0.00399594
0.0496777
0.283045
0.297906
0.114417
0.0479131
0.0254867
0.0259594
0.00942776
0.067364
0.481044
0.212214
0.119122
0.0454924
0.0233838
0.0317573
0.0107424
0.0811046
0.340264
0.147553
0.0317454
0.0480281
0.0435047
0.048556
0.0865489
0.00925953
0.0120001
0.113949
0.194045
0.10585
0.0698959
0.0456314
0.0152933
0.00704639
0.00638288
0.0358488
0.24379
0.272465
0.411916
0.236629
0.0551193
0.0311123
0.020521
0.131326
0.297657
0.0984698
0.017436
0.04663
0.0778573
0.0350344
0.0273083
0.12031
0.461767
0.339149
0.101163
0.0682366
0.0612133
0.00516766
0.00148576
0.00242749
0.0419748
0.0840567
0.361391
0.207987
0.0303805
0.0136708
0.000990505
0.0107569
0.0119513
0.0344696
0.479457
0.479457
0.0849289
0.0385859
0.020745
0.0197177
0.0849147
0.155569
0.125198
0.092091
0.0425395
0.0783987
0.0261642
0.00276246
0.0122094
0.0856894
0.240315
0.365504
0.187128
0.0353812
0
0.00648663
0.012535
0.0331139
0.242687
0.283102
0.238232
0.183768
0.0490948
0.014666
0.00785255
0.0165992
0.0647901
0.126802
0.468536
0.153682
0.0291354
0.000521911
0.00128145
0.00936977
0.0674069
0.201335
0.310051
0.297516
0.0466936
0.00924821
0.00839534
0
0.00304101
0.0515591
0.468536
0.180861
0.122727
0.111457
0.0214116
0.00132537
0.00279242
0.0205511
0.364701
0.170432
0.0893993
0.153913
0.0286635
0.0051656
0.000435653
0.00513131
0.394782
0.259136
0.0567158
0.016863
0.0131371
0
0.000991238
0.0291282
0.446047
0.261488
0.0388099
0.0078557
0.00576365
0
0.00365088
0.0690193
0.446047
0.222582
0.114166
0.0578791
0.00629796
0.00422999
0.000494132
0.00618917
0.252724
0.162633
0.475456
0.24917
0.00828611
0.00183359
0.00230985
0.00528894
0.0439695
0.234508
0.100676
0.0143672
0.0100308
0.00993804
0.0309188
0.0641306
0.475456
0.176429
0.337934
0.189938
0.0856709
0.0179901
0.0538501
0.0225852
0.131743
0.0480934
0.548946
0.27725
0.0490172
0.0110095
0.00771164
0.00771164
0.00303187
0.0873771
0.415857
0.218783
0.161574
0.0581069
0.023834
0.0154855
0.00379869
0.0383346
0.237176
0.229594
0.201486
0.0695156
0.0188166
0.00627839
0.00855107
0.0580699
0.177035
0.19999
0.228535
0.141576
0.0166996
0.00561951
0.0178489
0.123075
0.414404
0.223358
0.290494
0.247459
0.0918583
0.0209503
0.0121659
0.0847556
0.230644
0.0673357
0.135856
0.189572
0.0917748
0.0876885
0.148595
0.0943134
0.216597
0.2073
0.200352
0.237972
0.0931036
0.00664813
0.0266959
0.0557388
0.144015
0.151841
0.250406
0.198241
0.0871304
0.0223239
0.0134217