0
0
0
0
0
0
0
0
0
0
0
0
0
0
0
0
0
0
0
0
0
0
0
0
0
0
0
0
0
0
0
0
0
0
0
0
0
0
0
0
0.000855678
0.00427839
0
0
0
0
0
0
0.00171365
0.00434415
0.0066234
0.00287777
0
0
0
0.00171365
0.0440267
0.846855
0.193339
0.00431665
0
0
0
0.0162717
0.00847253
0.00894271
0
0
0
0
0
0.00241698
0.0920574
0.0186368
0
0
0
0
0
0.0335701
0.0699561
0.455102
0.0707272
8.52903e-005
0
0
0
0.00484849
0.578089
0.578089
0.056608
0
0
0
0
0.210484
0.0686441
0.00320679
0
0
0
0
0
0.0579596
0.0329028
0
0
0
0
0.000188783
0.00180125
0.0965501
0.518345
0.0996885
0.00357777
0
0
0
0.00103452
0.525594
0.28952
0
0
0
0
0.000283175
0.00830499
0.538185
0.0133384
0
0
0.000133803
0.000133803
0.000787591
0.00325634
0.0674316
0.0183535
0
0
0.000200705
0.000200705
0.000525061
0.00102925
0.0318369
0.249453
0
0
0.000200705
0.000200705
0.00118139
0.0126657
0.624099
0.209265
0
0
0.000301058
0.000301058
0.0403624
0.213699
0.624099
0.0180239
0.000236781
0.000236781
0.00453752
0.0041928
0.000403689
0
0.0190117
0.0159122
0.0308945
0.05207
0.0425056
0.0749962
0.0419958
0.0338396
0.00337405
0.107619
0
0
0.00673842
0.0177334
0.237941
0.522985
0.678068
0.0107358
0.00344396
0.00963213
0.0213933
0.0708175
0.20552
0.201319
0.0426937
0.0396504
0.0894442
0.0660818
0.0689975
0.0948536
0.118901
0.0648078
0.0157092
0.122261
0.357383
0.175498
0.12605
0.101304
0.291022
0.242984
0.0857034
0.00876515
0.00873954
0.00714641
0.0184845
0.0544193
0.131476
0.130884
0.0615378
0.0222135
0.0318781
0.00954773
0.033201
0.0570355
0.289371
0.557188
0.300433
0
0
0
0
0
0
0
0
0.0152187
0.0212149
0
0
0
0
0
0.00290676
0.10029
0.0148497
0.00164996
0.0081174
0.0081174
0
0.00735249
0.118456
0.100339
0.683931
0.581954
0.0806352
0.0324696
0
0
0.0562659
0.0088339
0.044357
0.0122053
0.000970522
0
0
0
0.00167741
0.0120581
0.423823
0.139516
0.00145578
0
0
0
0.00250809
0.0233827
0.46959
0.220764
0.00878802
0.00178533
0
0
0.00284728
0.0180304
0.526137
0.446753
0.00323836
0
0
0
0.00208968
0.0230336
0.433249
0.132283
0.0108549
0.0010858
0
0
0.000862539
0.302182
0.433249
0.120831
0.0357348
0.0016287
0
0
0.0780642
0.00686965
0.433249
0.212366
0.0592021
0.0288163
0.00286038
0
0.00120564
0.0679668
0.35493
0.188032
0.179461
0.107835
0.0449922
0.0257927
0.0250476
0.359059
0.156887
0.0434463
0.0114831
0.000251582
0.0108908
0.0366356
0.336938
0.23794
0.0125163
0.0104835
0.00746932
0.0223875
0.0834729
0.0798712
0.447946
0.13001
0.15082
0.113952
0.0919488
0.0539027
0.134678
0.124549
0.103647
0.0970436
0.0288335
0.0396644
0.035273
0.0763827
0.43454
0.254068
0.18182
0.151434
0.0092658
0.023701
0.011178
0.0167438
0.0586375
0.0445367
0.445232
0.097579
0.0061772
0.0125938
0.0028168
0.00394341
0.15864
0.332576
0.445232
0.0532709
0.0251555
0.0656263
0.0606157
0.0881729
0.260611
0.133682
0.158551
0.0279452
0.0335373
0.0965624
0.130994
0.148568
0.312812
0.287808
0.152602
0.0137745
0
0
0.000845883
0.00617235
0.277686
0.321801
0.157564
0.00162946
0
0
0.00184092
0.00773848
0.230931
0.15205
0.0071972
0.000960452
0.00488596
0.0245533
0.0634765
0.0781081
0.437436
0.338534
0.0354389
0.000500459
0
0
0.00602564
0.01033
0.437436
0.40618
0.00139884
0.00764555
0
0
0.00152257
0.00428806
0.0901325
0.0820971
0.0297562
0.0112405
0.00222706
0.0393855
0.0830024
0.0248377
0.0520285
0.148112
0.120281
0.00174149
0
0
0.00207661
0.00607927
0.741926
0.381794
0.00216846
0.000804178
0.00454272
0.138043
0.347427
0.100497
0.12488
0.0361438
0.000804178
0.119281
0.0154998
0.00808895
0.00362085
0.00404706
0.0154153
0.0224871
0.159498
0.0864131
0.147103
0.268912
0.104031
0.0238178
0.00212676
0.0162477
0.115658
0.316678
0.0280135
0.012611
0.00286222
0.00859358
0.064933
0.135385
0.45987
0.22123
0.0917225
0.243839
0.388422
0.158568
0.00850705
0.119763
0.380473
0.0189538
0.38382
0.388602
0.108012
0.012383
0.000603434
0.00210045
0.0117572
0.0059119
0.448578
0.302457
0.0351584
0.000720588
0.000776684
0.00212331
0.00252206
0.0281455
0.0878042
0.282702
0.448578
0.133777
0.00512274
0.0236637
0.0438872
0.00393006
0.0796508
0.114314
0.141818
0.0348121
0.010105
0.00920241
0.00399417
0.00960524
0.343716
0.183519
0.125116
0.0547319
0.00961229
0.00320482
0.00492658
0.0348962
0.128012
0.230227
0.30333
0.241052
0.147877
0.0825631
0.0646006
0.00442417
0.0417633
0.0666646
0.270414
0.108679
0.021884
0.0120272
0.00687483
0.11333
0.0655927
0.228969
0.496493
0.228344
0.115816
0.15228
0.142844
0.0421547
0.053211
0.118727
0.138201
0.0839058
0.206113
0.113813
0.0809881
0.0577153
0.0258766
0.0511602
0.0658496
0.0490748
0.4607
0.247223
0.158136
0.152422
0.022736
0.111481
0.133257
0.0532196
0.10163
0.122276
0.297507
0.230226
0.01306
0.0353736
0.0524876
0.018891
0.142487
0.142409
0.512054
0.114734
0.0778692
0.0802248
0.0521803
0.0670877
0.254788
0.165348
0.183444
0.0829008
0.169239
0.276156
0.20653
0.154758
0.138518
0.0867911
0.0693025
0.230915
0.0854514
0.0575021
0.0151656
0.0126751
0.0988055
0.161237
0.54272
0.132353
0.192955
0.217668
0.118592
0.082748
0.123302
0.135768
0.162674
0.00273196
0.0343055
0.0931735
0.116609
0.0903921
0.288446
0.132945
0.0071753
0.000199131
0.000970599
0.000977702
0.0101343
0.0231823
0.559697
0.363819
0.00257045
0.0144966
0.0433827
0.0767578
0.0746045
0.0507086
0.0776664
0.0325029
0.00574012
0.00700565
0.00452027
0.00439045
0.0654064
0.128417
0.559697
0.0927353
0.00436075
8.01777e-005
8.24391e-005
0
0.00162111
0.0360701
0.444799
0.158583
0.000101532
1.93338e-005
0.00325969
0.0481756
0.127473
0.119987
0.206006
0.0339731
1.93338e-005
0.00241442
0.00103684
0.0011095
0.10352
0.338202
0.444799
0.0668431
0.000238957
0.00810318
0.0920971
0.19913
0.117259
0.404161
0.318263
0.0337416
0
0.301558
0.0160338
0.00232272
0.00551408
0.00333212
0.0179453
0.0627328
0.393724
0.164909
0.0528988
0.0895193
0.250113
0.0910877
0.0172738
0.0799088
0.266695
0.266437
0.00723611
0.000400744
0.0303926
0.0321654
0.0341565
0.0275494
0.393724
0.111411
0.0184646
0.03817
0.375961
0.253688
0.0916886
0.0482329
0.251468
0.0310517
0.0335531
0.141348
0.579531
0.19691
0.0153648
0.0442315
0.061369
0.00720524
0.00441515
0.0216017
0.164948
0.0701931
0.0180253
0.0183896
0.00867717
0.0176221
0.0111136
0.066755
0.579531
0.356806
0.0576923
0.0256104
0.042384
0.0061217
0.0066328
0.0375126
0.154508
0.0844498
0.0147942
0.012507
0.0105332
0.00303245
0.0112537
0.0575953
0.188213
0.132039
0.0413006
0.021079
0.0117819
0.193612
0.0603033
0.233314
0.322418
0.200879
0.0900505
0.112783
0.15755
0.00300059
0.0301197
0.23042
0.183405
0.142215
0.0615711
0.0165541
0.0102184
0.189272
0.195261
0.52179
0.202157
0.16788
0.144178
0.0504176
0.205535
0.175408
0.0172047
0.0762282
0.0457165
0.02127
0.0232472
0.0422003
0.298337
0.227217
0
0.0085784
0.0052002
0.00222634
0.00339955
0.0350513
0.502078
0.168145
0.0580049
0.0984567
0.0222185
0.0204412
0.037652
0.0179399
0.41204
0.201679
0.00530781
0.00746476
0.0112526
0.0203949
0.0205119
0.0840264
0.502078
0.232621
0.0315731
0.036088
0.0135673
0.00557514
0.0422684
0.111095
0.526538
0.140742
0.0806322
0.106808
0.103528
0.0522393
0.106641
0.109687
0.12992
0.154044
0.0210502
0.0312632
0.0590508
0.0889501
0.164837
0.244578
0.466665
0.0756879
0.0374688
0.0626018
0.130252
0.206573
0.252483
0.166473
0.0716129
0.0542984
0.0514131
0.0769399
0.137017
0.0670951
0.0666207
0.0318792
0.00933674
0.0251745
0.00724113
0.0199083
0.386322
0.306025
0.195844
0.0134105
0.0066619
0.0340222
0.0265197
0.0373427
0.105506
0.157399
0.0966293
0.0400145
0.0223126
0.0135509
0.00486835
0.0368157
0.679236
0.279056
0.0225294
0.0114209
0.01764
0.0308723
0.0177474
0.00364293
0.256143
0.287146
0.102897
0.024607
0.00571202
0.0847818
0.333025
0.222081
0.173229
0.252296
0.0925532
0.040024
0.00833042
0.0932151
0.0504526
0.0351098
0.365517
0.171934
0.0428672
0.0285473
0.0107267
0.244923
0.432758
0.171766
0.200085
0.141169
0.0743885
0.0649035
0.0208062
0.0672283
0.000897451
0.000147502
0.0684123
0.0924945
0.0423465
0.00947601
0.165066
0.0212502
0.00134618
0.00186119
0.416141
0.49198
0.274094
0.0426967
0.0813426
0.000103352
0
3.68756e-005
0.033212
0.0801794
0.0571672
0.00425538
0.000103352
0.000413407
0
0.000465298
0.0942344
0.297827
0.494519
0.22822
0.000413407
0.00134396
0.00150902
0.011025
0.278223
0.281725
0.213236
0.0497719
0.00511115
0.00393146
0.0089191
0.0246788
0.0588334
0.0604997
0.0507428
0.0177821
0.00333426
0.000126971
0.000418892
0.00204689
0.0427583
0.159623
0.526771
0.33507
0.000126971
0.00746329
0.0166102
0.022883
0.0806732
0.0653254
0.526771
0.161934
0.0012113
0.0132796
0.0500656
0.131678
0.128417
0.165588
0.100182
0.00932757
0.0031408
0.135155
0.133592
0.214802
0.132746
0.257805
0.254155
0.0312301
0.129454
0.0437692
0.132816
0.201194
0.338145
0.145286
0.162924
0.0325583
0.0012812
0.302396
0.252011
0.261781
0.269634
0.235573
0.166588
0.0690427
0.0876763
0.135741
0.0425996
0.0370872
0.0153141
0.0644253
0.0863553
0.0251532
0.353274
0.194931
0.0538924
0.0181475
0.0211484
0.0405998
0.0369085
0.0547727
0.538079
0.187367
0.0729954
0.0596736
0.029763
0.0798462
0.0681826
0.0571042
0.274203
0.236855
0.12071
0.0395943
0.0263907
0.0245838
0.0318054
0.0901253
0.483504
0.11111
0.162867
0.146691
0.139786
0.14672
0.122748
0.116165
0.235821
0.00387007
0.0949828
0.200158
0.293356
0.289684
0.166603
0.0774675
0.0144948
0.174489
0.256458
0.207072
0.164949
0.0623218
0.0562628
0.13979
0.225386
0.0376925
0.165736
0.293992
0.338051
0.124689
0.0757213
0.0648224
0.0164619
0.00172529
0.00520744
0.0416121
0.0994533
0.110275
0.0360945
0.0196068
0.00905137
0.00099005
0.00267768
0.073985
0.485681
0.0777756
0.0213914
0.00928641
0.00765565
0.038514
0.127072
0.146676
0.104712
0.0423311
0.0236863
0.0183705
0.00546203
0.0348327
0.396834
0.472414
0.475813
0.0194974
0.0141475
0.00677778
0.00627306
0.0373643
0.0274083
0.0803122
0.407968
0.115026
0.123638
0.01685
0.00307932
0.104454
0.25899
0.0928606
0.182066
0.162445
0.233175
0.209197
0.0551043
0.00402781
0.117017
0.28285
0.442512
0.04093
0.0684169
0.0124402
0.00224008
0.000186233
0.00409305
0.148146
0.271765
0.0723779
0.160147
0.264622
0.0765298
0.000827824
0
0
0.00306019
0.031242
0.0573268
0.00751888
0.000827824
0.0038933
0
0
0.00429388
0.0934576
0.836365
0.421003
0.0038933
0.000551882
0
0
0
0.000573811
0.00215257
0.000289338
0.000551882
0.00453556
0
0
0.00431088
0.0152864
0.121672
0.108756
0.00453556
0.000573157
0
0
0.000510173
0.0181303
0.467276
0.21956
0.000573157
0.00227635
0.00375537
0.00547397
0.0564853
0.0367811
0.467276
0.185713
0.00454102
0.00127127
0
0
0.00213545
0.0134168
0.254088
0.109127
0.00127127
0.000266748
0
0
0.0158407
0.0363815
0.467276
0.363815
0.0233419
0.00796302
0.0224799
0.0540047
0.179033
0.108525
0.259311
0.0690873
0.0110163
0.11022
0.0795209
0.107787
0.128425
0.107646
0.11887
0.0942525
0.086375
0.00831169
0
0.00184021
0.0431408
0.08547
0.453495
0.420535
0.165148
0.1576
0.0309428
0.024502
0.0301621
0.0746521
0.168686
0.247095
0.453495
0.12409
0.0999301
0.124373
0.0567199
0.0456768
0.0496451
0.0819406
0.13725
0.198488
0.139498
0.107911
0.108772
0.0230637
0.0150259
0.0515987
0.232619
0.250565
0.140328
0.12762
0.0583042
0.0200201
0.0337369
0.0690907
0.44302
0.341935
0.177406
0.162737
0.151592
0.0104396
0.00231128
0.015072
0.484894
0.203056
0.086412
0.0598767
0.127717
0.0178573
0.0249747
0.0669017
0.159964
0.120546
0.188531
0.124387
0.16974
0.037411
0.0336049
0.0285943
0.0256402
0.396338
0.209846
0.0601212
0.0681051
0.00164813
0
0.00186833
0.319247
0.297821
0.553687
0.180454
0.0444513
0.0204352
0.0168839
0.00933524
0.0744255
0.0610541
0.272707
0.152671
0.0321617
0.0129982
0.00634017
0.00305076
0.00156859
0.0517058
0.395512
0.346371
0.0794532
0.0225785
0.000883452
0.000828894
0.00600875
0.130115
0.471614
0.174376
0.0231573
0.0680711
0.0488922
0.0130474
0.0294241
0.0915683
0.363644
0.362232
0.0722331
0.0793484
0.0531056
0.0127527
0.0106689
0.0233437
0.25254
0.47257
0.255561
0.0212007
0.00341336
0.00441751
0.0179481
0.00447481
0.038715
0.227154
0.232399
0.0671278
0.0356588
0.0954639
0.0673028
0.0382871
0.225438
0.530943
0.119092
0.0247135
0.0224785
0.0272213
0.0419641
0.0382869
0.0985442
0.227568
0.0977216
0.0888633
0.0412031
0.0734321
0.129203
0
0
0
0
0
0
0
0
0.0174804
0
0
0.0249973
0.0249973
0.0615127
0.160552
0.0174804
0
0
0
0
0
0
0
0
0
0
0
0
0
0
0
0
0.00106485
0
0
0.00449192
0.018033
0.102435
0.0443995
0.00106485
0.00100744
0
0
0.0053142
0.05082
0.695049
0.620882
0.120249
0.000296492
0
0
0.000942233
0.00464149
0.00260009
0
0.000296492
0.00221376
0
0
0.00213031
0.0169273
0.0370755
0.141362
0.0857143
0.0199058
0
0
0.000336208
0.0124439
0.225641
0.379551
0.338235
0.218403
0.00812438
0.000584306
0.000127441
0.00504099
0.0375337
0.162331
0.504153
0.0201134
0
0
0.000329944
0.0025186
0.0124692
0.0936488
0.197657
0.134202
0
0
0
0
0.000975997
0.0419094
0.49234
0.238406
0.0307037
0.0140239
0.00575296
0.000513364
0.00203458
0.0169401
0.454091
0.295846
0.0306289
0.0227064
0.0195801
0.000235489
0.00349276
0.0187978
0.454091
0.164315
0
0
1.68818e-005
0.000913473
0.000179318
0.00834274
0.356278
0.201182
0.000470257
0.00737546
0.0133766
0.0211301
0.0405879
0.0399163
0.443038
0.337893
0.133739
0.0142585
0.00661282
0
0.0047679
0.0172038
0.455169
0.274686
0.468339
0.0653233
0.00774102
0.0427491
0.0329729
0.0151913
0.112454
0.189792
0.0397737
0.0294308
0.0330079
0.0258547
0.0490689
0.065645
0.346268
0.222412
0.150309
0.113149
0.0968909
0.0485118
0.0336798
0.0541123
0.177446
0.111769
0.403136
0.0841524
0.0554675
0.200232
0.190475
0.0322613
0.0452865
0.0583409
0.183121
0.193456
0.0927119
0.158139
0.322553
0.0852413
0.0237856
0.0873839
0.11175
0.248031
0.277306
0.152008
0.149648
0.0278451
0.0481097
0.0984826
0.115534
0.179258
0.252992
0.119345
0.318131
0.0876516
0.0991583
0.0794693
0.14933
0.26708
0.0745406
0.0158169
0.149726
0.118122
0.0816322
0.105933
0.0934797
0.125138
0.0861268
0.122654
0.0952404
0.109813
0.154294
0.239686
0.154277
0.10059
0.134298
0.0617672
0.184668
0.170145
0.234312
0.31293
0.104581
0.0523317
0.0866521
0.209565
0.300476
0.263702
0.351685