0.0606482
0
0
0.219011
0.175524
0.00551065
0.0102345
0.0725965
0.09665
0.00282557
0.0146564
0.41607
0.351193
0.006978
0.0206671
0.141952
0.0943848
0
0
0.175109
0.234249
0.00878745
0.00552225
0.0488656
0.160479
0.0284016
0.00965385
0.390321
0.496817
0.0454957
0.0129109
0.0920542
0.0276185
0.0112717
0.0206889
0.260374
0.214502
0.00943602
0.0226705
0.112236
0.0256235
0.128076
0.0451292
0.136252
0.127965
0.00607924
0.0140859
0.0657568
0.0973704
0.142892
0.0473744
0.277024
0.381975
0.0355127
0.0270058
0.0939349
0.0892805
0.552168
0.334549
0.151719
0.194812
0.012425
0.0272288
0.0798278
0.0814843
0.190763
0.038656
0.00962837
0.00982213
0
0
0.0170923
0.252492
0.149139
0.0186274
0.00060496
0.000552185
0
0.00833872
0.281288
0.0958757
0.425655
0.241323
0.028505
0.0114303
0
0.00151297
0.0132562
0.425655
0.425655
0.153824
0.0260654
0.000381813
0
0.016786
0.332606
0.161083
0.0114084
0.000942151
0.000355341
0.000191635
0
0.0163438
0.35135
0.17696
0
5.73435e-005
0.000151758
4.26206e-005
0
0.0134661
0.427855
0.35574
0.0869265
0.024936
0.00313721
0.000754927
0.0259232
0.0871568
0.427855
0.248518
0
0.00915033
0.0108837
0.02266
0.078539
0.124704
0.427855
0.136856
0
0
1.39295e-005
1.39295e-005
0
0.00865502
0.351252
0.0908053
0.00151163
0.00353525
0.0134043
0.0301628
0.0106485
0.0710456
0.346307
0.212826
0
0.0154353
0.0176497
0.0276949
0.05184
0.0977632
0.439821
0.147275
0.00604652
0.00916169
0.00713916
0.0189261
0.238582
0.393697
0.439821
0.100435
0.0126207
0.0224904
0.0537099
0.106358
0.039948
0.108309
0.217246
0.207258
0.0228642
0.0344203
0.165104
0.220763
0.0728335
0.11533
0.210981
0.0833907
0.0261719
0.0424392
0.0714632
0.0673837
0.379311
0.442571
0.269542
0.150476
0.0287624
0.047945
0.254257
0.272378
0.218429
0.138644
0.153003
0.180659
0.0227253
0.0691935
0.28846
0.21641
0.10382
0.197613
0.218951
0.0528482
0.005193
0.0643156
0.302849
0.21782
0.0754289
0.118203
0.108287
0.211573
0.0239935
0.0114849
0.299636
0.324749
0.0741953
0.0819334
0.189625
0.122552
0.00591849
0.00208359
0.276999
0.317068
0.0355104
0.0528125
0.120533
0.0421296
0.00328586
0.00443394
0.0611036
0.0929223
0.0238511
0.00958987
0.0220811
0.0849296
0.246855
0.11003
0.117276
0.185616
0.0759312
0.0143848
0.0421434
0.103593
0.0165944
0.105822
0.103987
0.056355
0.0632991
0.0296233
0.146658
0.0722743
0.540805
0.540805
0.362736
0.0784378
0.057455
0.0251118
0.0265303
0.0521688
0.346386
0.15073
0.0537451
0.0961536
0.018688
0.0064949
0.0305717
0.0560093
0.440894
0.263638
0.0275452
0.0466346
0.00235146
0.0079157
0.0284725
0.0141007
0.440894
0.342036
0.0918572
0.0186502
0.00687956
0.0022772
0.00241708
0.0256623
0.420155
0.16847
0.0196028
0.0158127
0.00374427
0.00343759
0.00446391
0.0283685
0.423721
0.217799
0.0931149
0.0433141
0.00704852
0.00181394
0.00342077
0.2245
0.35108
0.227771
0.183677
0.0880638
0.0722785
0.0392367
0.0885638
0.00906724
0.136398
0.0851865
0.142871
0.128001
0.0547868
0.00754925
0.00720658
0.10879
0.117871
0.143753
0.325202
0.275395
0.353806
0.125062
0.0581982
0.189559
0.0951439
0.0571171
0.0555452
0.0519576
0.170377
0.14616
0.185654
0.0796703
0.0013554
0.0188406
0.0218858
0.13181
0.359036
0.179896
0.23935
0.108925
0.0385649
0.0444329
0.168389
0.149698
0.404463
0.170438
0.047307
0.0772645
0.0142826
0.0237361
0.0421567
0.187053
0.404463
0.28742
0.165182
0.0932154
0.00494464
0.0438923
0.0353589
0.138092
0.246527
0.14525
0.176859
0.0679656
0.00516162
0.0337112
0.0588019
0.163515
0.403023
0.315862
0.162645
0.13173
0.119316
0.136919
0.0392372
0.143666
0.310415
0.180812
0.178345
0.0709273
0.161358
0.265198
0.216847
0.215618
0.232239
0.0890669
0.0348516
0.0130653
0.00572537
0.0171201
0.0503586
0.0980334
0.451021
0.237555
0.0443487
0.0366198
0.0149502
0.022825
0.128659
0.127001
0.451021
0.153843
0.0280355
0.00238967
0.0217068
0.057349
0.10895
0.0973153
0.348508
0.0840762
0.0018676
0.0174709
0.0109049
0.00358344
0.0337513
0.042901
0.451021
0.240444
0.00407192
0.133021
0.0343889
0.0155643
0.208213
0.182519
0.245274
0.0956613
0.0995396
0.0969088
0.0140385
0.00307011
0.151651
0.200547
0.0610089
0.0345003
0.102207
0.0567508
0.0449821
0.00568248
0.1045
0.103163
0.643575
0.302858
0.0315066
0.0400259
0.0589449
0.000767526
0.136153
0.150406
0.284177
0.0951187
0.0609574
0.119565
0.00564396
0.0588798
0.0927965
0.0433959
0.0976952
0.0381418
0.228895
0.0448332
0.136393
0.256639
0.443445
0.0862222
0.0313793
0.0178681
0.0493183
0.221073
0.0399393
0.0269457
0.173935
0.0736477
0.135475
0.097474
0.443445
0.080007
0.0294981
0.100993
0.443445
0.171027
0.0677881
0.0384585
0.0967747
0.00712742
0.352052
0.328749
0.447085
0.0854485
0.00746272
0.00304787
0.00936217
0.0144205
0.131107
0.0557504
0.0866902
0.0362935
0.0150837
0.0140797
0.0146264
0.00620867
0.00747527
0.0783746
0.626837
0.150144
0.0129464
0.00899407
0.0209108
0.00544341
0.0134385
0.00982811
0.188553
0.0871167
0.0275136
0.020836
0.02385
0.00324295
0.0493762
0.0667294
0.201134
0.089245
0.0507502
0.0116907
0.0130654
0.140726
0.0922325
0.100171
0.259634
0.181944
0.282492
0.117118
0.169914
0.00546857
0.0256918
0.0690263
0.399163
0.167484
0.0268101
0.0142885
0.0443577
0.232277
0.118616
0.184607
0.370236
0.181179
0.121441
0.0885782
0.38282
0.122413
0.0241507
0.0161884
0.0857068
0.072118
0.192122
0.116442
0.205217
0.118019
0.0137694
0.00699628
0.0250686
0.0386219
0.182629
0.228571
0.440999
0.194983
0.0419366
0.0381452
0.025747
0.0240328
0.0426455
0.072556
0.469792
0.18609
0.0028645
0
0.00147746
0.000702399
0.00431282
0.103069
0.469792
0.239013
0.153016
0.0759415
0.0133009
0.0226078
0.0766396
0.13985
0.440127
0.148317
0.218652
0.184634
0.104221
0.0567004
0.0309409
0.0291602
0.119203
0.274829
0.030123
0.0709661
0.0352234
0.0230877
0.0238189
0.126135
0.49619
0.184231
0.0456072
0.124245
0.140855
0.111031
0.0382905
0.0989101
0.264691
0.0280346
0.0662053
0.0875301
0.108203
0.0619603
0.160893
0.0332894
0.0152877
0.0172513
0.0106204
0.00195519
0.0241288
0.101474
0.738045
0.286756
0.00647639
0.0509006
0.0244168
0.0494204
0.0895755
0.0847074
0.0203786
0.0273885
0.0287863
0.0240788
0.0163115
0.00860859
0.269759
0.197573
0.307065
0.0611903
0.0097831
0.00477251
0.00701199
0.000320815
0.0491237
0.113885
0.438938
0.163848
0.00107027
0.00739112
0.0169554
0
0.0977237
0.157492
0.223193
0.0804714
0.00293275
0.00160658
0.00173703
0.00227576
0.438938
0.269653
0.238313
0.0604195
0.0014511
0.0263705
0.000726511
0.00148875
0.438938
0.308185
0.114289
0.0494667
0.0305958
0.241471
0.070173
0.0132341
0.13817
0.0602604
0.0605121
0.123275
0.414184
0.0591616
0.0492417
0.0493565
0.414184
0.128187
0.0403934
0.059645
0.064066
0.164505
0.03787
0.0154965
0.331352
0.171772
0.0268753
0.0889863
0.243453
0.0146657
0.0274602
0.0177734
0.414184
0.252043
0.0268834
0.0527939
0.031994
0.0103203
0.008343
0.0671962
0.562197
0.150543
0.0133276
0.0143174
0.021188
0.00886047
0.0287842
0.0839148
0.177586
0.118928
0.029649
0.0217526
0.0213683
0.0172979
0.0118924
0.0180442
0.502001
0.223104
0.0352663
0.0201013
0.0224262
0.0116724
0.0394359
0.166675
0.299816
0.27603
0.112043
0.0237585
0.0155937
0.0206314
0.0584562
0.130073
0.170833
0.126787
0.00686204
0.0127658
0.0518108
0.233284
0.169951
0.212142
0.148895
0.100674
0.00655732
0.0308416
0.389319
0.0280754
0.098829
0.221592
0.199398
0.209005
0.0953554
0.0386673
0.0243696
0.239849
0.221682
0.194914
0.116376
0.208827
0.06806
0.1366
0.441433
0.163633
0.0399338
0.031817
0.0111382
0.00406087
0.00097564
0.0201067
0.434276
0.186604
0.000248057
0
0
0
0.00841066
0.0930639
0.434276
0.16993
0.0394633
0.00982126
0.00752911
0.0251126
0.0012426
0.0588057
0.434276
0.204939
0.0342803
0.0138828
0.0179345
0.0208702
0.0675932
0.214029
0.434276
0.227148
0.00217151
0.0498303
0.0225988
0.0184263
0.0554938
0.211693
0.470903
0.127829
0.00489095
0.0874506
0.0864738
0.0681848
0.0579316
0.0983815
0.141538
0.141869
0.0493324
0.0601644
0.100172
0.187233
0.280613
0.396519
0.34373
0.0396003
0.0118153
0.0446428
0.102082
0.255008
0.190127
0.1352
0.0266484
0.0376035
0.0102906
0.0439872
0.0649457
0.0629258
0.0244968
0.019287
0.0226703
0.0128416
0.00939312
0.00788909
0.469412
0.218684
0.0303837
0.00699801
0.0119629
0.024485
0.00867293
0.0120883
0.0341223
0.114121
0.0422179
0.0323796
0.031324
0.0129506
0.00625318
0.0588732
0.755089
0.218447
0.0221398
0.0124346
0.0236988
0.0238111
0.00224337
0.0144503
0.368816
0.144942
0.0153122
0.0101069
0.0256147
0.244252
0.0970968
0.0212398
0.29544
0.131887
0.0113221
0.0349765
0.119442
0.0491884
0.0116101
0.0834552
0.368816
0.108565
0.0465544
0.0975435
0.0641494
0.368816
0.182906
0.107672
0.159983
0.0660349
0.0871671
0.363573
0.30146
0.0166416
0
0.0107997
0.304041
0.217129
0.125377
0.032649
0.0226768
0.00278139
0.00131839
0.0116706
0.401525
0.255022
0.294546
0.0699627
0.00571951
0
0
0
0.0648865
0.125909
0.320406
0.0690224
0
0.00106169
1.34294e-005
0.00243514
0.0551105
0.148359
0.503732
0.261923
0.00106169
0.0113915
0.00623978
0.00895462
0.150384
0.0993566
0.188351
0.0465146
0.0101156
0.0341095
0.0168582
0.0453633
0.129228
0.147976
0.107363
0.0108511
0.0171372
0.00807454
0.00520186
0.0117175
0.0247045
0.104297
0.711666
0.253665
0.00583419
0.0760666
0.0302037
0.192119
0.279207
0.205138
0.23892
0.040601
0.0252427
0.0491287
0.0327076
0.0653663
0.123662
0.146917
0.191287
0.101595
0.0449349
0.0968779
0.0601168
0.0444757
0.0654775
0.132671
0.149496
0.308165
0.460741
0.124534
0.0802624
0.187844
0.18237
0.0897401
0.110697
0.0975048
0.114458
0.129729
0.0866698
0.0809415
0.06243
0.0294921
0.11572
0.31573
0.460741
0.0796101
0.0120656
0.00141768
0.00396771
0.0187024
0.00466498
0.113774
0.439334
0.189155
0.0967858
0.0396228
0.0302534
0.0158189
0.0422447
0.119071
0.439334
0.0926179
0.0129761
0.0151147
0.0184374
0.0112292
0.0257318
0.123356
0.439334
0.233404
0.0900528
0.0529551
0.0232971
0.00314903
0.0238496
0.0948507
0.439334
0.162463
0.24992
0.213033
0.222662
0.151924
0.174926
0.168687
0.227549
0.00676449
0.094193
0.155733
0.234764
0.210077
0.0975304
0.0486448
0.00920973
0.224006
0.27397
0.180345
0.184197
0.0344609
0.108619
0.166817
0.40749
0.033206
0.139105
0.126972
0.193897
0.0600273
0.0705723
0.0503118
0.0264052
0.00892814
0.00713683
0.0162233
0.0298465
0.0395984
0.0068359
0.0135943
0.0160169
0.0067975
0.00661431
0.0659421
0.487582
0.0811116
0.00659391
0.00449512
0.0106563
0.0150845
0.144889
0.0494646
0.0214086
0.012139
0.00107885
0.00620326
0.0131825
0.00969692
0.51858
0.361391
0.51858
0.0588708
0.00237627
0.00215226
0.00568691
0.0123436
0.0167448
0.0838171
0.402916
0.0508695
0.0448214
0.10692
0.049114
0.110154
0.0557467
0.0738025
0.182037
0.0229953
0.103655
0.402916
0.362486
0.00217995
0.156621
0.223069
0.402916
0.0488732
0.00710453
0.0198267
0.0211555
0.00850482
0.0230451
0.0786995
0.227458
0.0448637
0.0259731
0.24901
0.223368
0
0
0
0.00307284
0.0236493
0.202343
0.0524622
0
0
6.61445e-006
0.000661515
0.00125235
0.0662389
0.663038
0.302142
0
0
0
0
0.000218563
0.00757948
0.0195563
0.00387273
0
0
0
0
0.000533538
0.0305363
0.577531
0.142489
0
0.000825464
0.000575222
0.0011405
0.00108531
0.0251361
0.461912
0.152686
0.000554556
0.00888406
0.00352417
0.0457744
0.13116
0.128574
0.326181
0.0821225
0.00308635
9.19683e-005
0
0
0.000364196
0.0169718
0.461912
0.189836
9.19683e-005
0.0183208
0
0.00218975
0.043452
0.106344
0.461912
0.290982
0.0818667
0.0308923
0.0555246
0.0941456
0.158923
0.138553
0.156045
0.0776817
0.0660151
0.100881
0.113303
0.0694657
0.0872195
0.0701091
0.117565
0.173324
0.325461
0.0623476
0.0110569
0.00488233
0.0446482
0.106877
0.38978
0.2564
0.307096
0.321697
0.111483
0.0541234
0.0420322
0.0481655
0.121219
0.213378
0.406159
0.142565
0.110544
0.132303
0.104721
0.036795
0.0478159
0.0838932
0.322144
0.254094
0.102179
0.137113
0.0824101
0.00641717
0.0233893
0.0580402
0.435063
0.291317
0.21642
0.199525
0.104358
0.0210958
0.016014
0.050785
0.331911
0.205836
0.139269
0.154782
0.099423
0.00278939
0.00295884
0.0138855
0.309837
0.188804
0.088149
0.0570499
0.135672
0.0334539
0.0616904
0.0897231
0.33603
0.051278
0.202333
0.0762672
0.112776
0.0513003
0.0443991
0.0285296
0.0319064
0.178035
0.287478
0.0765225
0.0489473
0.00951085
0.00256374
0.00756521
0.196877
0.0479769
0.589549
0.411699
0.0278605
0.0127761
0.00421273
0.00667117
0.0230551
0.00850177
0.326922
0.107028
0.0047578
0.00461569
0.00100172
0.0028317
0.00393488
0.00574332
0.454027
0.276231
0.0744924
0.00308248
4.47855e-005
0.000588414
0.00120377
0.0187187
0.454027
0.292468
0.000865559
0.00111867
0.000769107
0.00136138
0.00196288
0.0211517
0.454027
0.223554
0.000217262
0
0
9.31106e-005
0.000772545
0.00639903
0.633847
0.473385
0.299518
0.0336517
3.08159e-005
0
0.00097803
0.00579946
0.0508896
0.129407
0.150709
0.0479448
0.00356702
0.0138231
0.0387446
0.0108527
0.386489
0.155464
0.00317294
0.00152506
0
0
0.000169604
0.00214685
0.0266997
0.0196159
0.00338618
0.00228759
0
0
0.000156099
0
0
0
0.000247944
0.0028395
0.00423279
0
0
0
0
0
0.00711617
0.0312166
0.786602
0.279747
0
0
0
0
0
0
0
0
0
0
0
0
0.00534597
0.014069
0.0115255
0.00973616
0
0.000132185
0
0
0.0022727
0.0343174
0.371994
0.128532
0.0133887
0.0806039
0
0
0.00429044
0.0605028
0.537135
0.45709
0.369241
0.000528741
0
0
0.00179746
0.0198086
0.0342207
0.0207561
0.0211294
0.0631519
0
0
0.00119831
0.0257709
0.0907862
0.195559
0.305289
0.132643
0
0
0.00115477
0.0109145
0.161664
0.211897
0.447686
0.296613
0.0235485
0.0111744
0
0.00056293
0.016379
0.0938613
0.447686
0.103415
0
0
0
0.00189768
0.0154842
0.112135
0.323765
0.189521
0
0
0
0
0.000108415
0.0610174
0.447686
0.211319
0.0424456
0.0293497
0.0084588
0
0
0.038819
0.425374
0.240652
0.0600143
0.0208014
0.0132411
0.00044419
0.000144404
0.043017
0.425374
0.161568
0
0
0
0
0
0.0367267
0.425374
0.289319
0.0374719
0.00111681
0
0
0
0.0933105
0.425374
0.216553
0.355456
0.0776165
0.00323756
0.000782759
0.00048445
0.0161038
0.228535
0.0663047
0.469169
0.304242
0.000479963
0.00019569
0.000408585
0.00073206
0.0145035
0.301977
0.251276
0.0447416
0
0
0
0.0506637
0.277794
0.117642
0.370962
0.128095
0
0
0
0
0.025444
0.0416129
0.749154
0.438783
0
0
0.000105669
0.000278358
0.00820425
0.0405491
0.320328
0.130292
0
0
0
0
0.00384271
0.01821
0.194473
0.106903
0
0
0
0
0.00474745
0.00335526
0.00713297
0.0038783
0
0
0
0
0.00164518
0.0711479
0.56466
0.247724
0
0
0
0
0.00432593
0.00222514
0.00519199
0
0
0
0
0
0
0.00108148
0
0
0
0
0
0
0.00108148
0
0
0
0
0
0
0
0