0.0838316
0.00730077
0.000686156
0.00429554
0.00241548
0.0538264
0.237657
0.237606
0.0729672
0.0107691
0.00108095
0.00644331
0.0143906
0.0438522
0.163589
0.299168
0.0834607
0.0106382
0
0
0.0382858
0.0660205
0.375725
0.2633
0.0865109
0
0
0
0.000474454
0.00759697
0.334125
0.582825
0.106715
0.00835097
0.000226816
0.000913812
0.0102343
0.0118822
0.0434934
0.254554
0.15866
0.00842442
0.00270045
0.00102041
0.000979206
0.00212921
0.0318506
0.275541
0.17825
5.30717e-005
0
0
0
0.000241692
0.0523135
0.54184
0.210862
0.00162781
0.00047409
0
0
0.00236181
0.112882
0.60063
0.161805
0.0117894
0.0208742
0.00543036
0.000597484
0.00217949
0.0430553
0.18968
0.172557
0.013687
0.0422363
0.0112643
0.00368485
0.0116305
0.0421648
0.158336
0.233001
0.0109515
0.0057375
0.000247913
0
0.00460928
0.215307
0.466393
0.548932
0.0756819
0.0821524
0.00360013
0
0.0112759
0.0920342
0.38234
0.0847929
0.00928657
0.0349336
0.0223219
0.00582715
0.0343878
0.0393247
0.222865
0.0388382
0.00597957
0.0351728
0.0453408
0.0511562
0.0788694
0.0693975
0.186841
0.332229
0.140203
0.225694
0.0318903
0.0195034
0.0483155
0.061693
0.459395
0.0879138
0.237106
0.381227
0.160753
0.0784817
0.108522
0.145537
0.31429
0.0307155
0.0223213
0.0296924
0.0427138
0.0807028
0.0805535
0.0799562
0.0700671
0.039176
0.042918
0.0776527
0.0933926
0.0800067
0.0673687
0.0583418
0.0280015
0.145017
0.162986
0.210345
0.151185
0.102034
0.098339
0.252636
0.388313
0.242966
0.0360287
0.0360658
0.072519
0.122175
0.0552348
0.254842
0.532378
0.0924591
0.0405155
0.0726754
0.147499
0.084586
0.0982567
0.0545355
0.0985708
0.147431
0.0555161
0.10767
0.171337
0.144545
0.129574
0.136853
0.216582
0.141992
0.0301942
0.0477496
0.102492
0.12441
0.0738594
0.327211
0.390294
0.0532943
0.0668733
0.154286
0.150163
0.183365
0.19494
0.291929
0.177385
0.0951992
0.029609
0.0885299
0.153541
0.174396
0.082865
0.0915045
0.141831
0.0612849
0.0248319
0.0883631
0.208408
0.271139
0.174375
0.202528
0.152032
0.0496211
0.0565407
0.152262
0.177916
0.193071
0.128695
0.098651
0.0575512
0.100139
0.080703
0.122316
0.441911
0.322299
0.0871183
0.0783429
0.119099
0.0150409
0.00320692
0
0.00127392
0.0957066
0.223823
0.200892
0.102409
0.0246687
0.000376086
0.000376086
0.00115756
0.0109421
0.0336641
0.202703
0.320505
0.00416802
0.00654975
0
0.010198
0.139959
0.569327
0.413417
0.0622081
0.00674832
0.00150434
0.00150434
0.00463024
0.0332057
0.220898
0.306564
0.101986
0.148204
0.00494102
0.00335906
0.00158101
0.00414391
0.0107487
0.0590337
0.488263
0.224541
0.0187869
0.0103297
0.00541561
0
0.00615476
0.15441
0.568635
0.0507231
0.0182022
0.0316206
0.0156015
0.0246276
0.0728983
0.0948119
0.162453
0.0905505
0.297192
0.226249
0.116642
0.00806278
0.0127149
0.0679761
0.163119
0.0650705
0.0296799
0.0267887
0.00456589
0
0.00544293
0.109935
0.155468
0.17482
0.238186
0.171546
0.00795348
0
0.00517193
0.0479395
0.0904187
0.0241786
0.362409
0.22406
0.0337279
0.000395047
0.00733161
0.0484524
0.0361545
0.0684697
0.572715
0.50342
0.019508
0.00341595
0.00371435
0.0219536
0.0117763
0.096054
0.261043
0.238671
0.0375364
0.00696386
0.00974107
0.00956304
0.0560663
0.0361729
0.195936
0.266198
0.114416
0.0177905
0.0325463
0.0489429
0.054294
0.0753177
0.563809
0.331049
0.0987356
0.017853
0.000413176
0
0.00568559
0.073623
0.341212
0.252364
0.192511
0.0274052
0.0516231
0.072609
0.0198287
0.0773653
0.0802675
0.134229
0.0784823
0.0172843
0.0597392
0.142959
0.207108
0.190829
0.00518878
0.00160203
0.00608033
0.0146575
0.0337159
0.16623
0.376034
0.113305
0.136012
0.119933
0.0922031
0.0267823
0.142427
0.292162
0.174534
0.264006
0.00746877
0.00101356
0.00831471
0.05262
0.117476
0.309619
0.492592
0.103021
0.00117287
0.00208196
0.00573196
0.0169389
0.0462291
0.20447
0.200224
0.0299607
0.00801243
0.0278491
0.0140418
0.0230655
0.108674
0.274864
0.0985583
0.137135
0.00223318
0.00334066
0.0104667
0.0956896
0.135788
0.345951
0.284382
0.0319948
0.00452174
0.00787462
0.0263895
0.262919
0.298144
0.556245
0.127221
0.045327
0.0353762
0.0833914
0.0735119
0.0497141
0.0902259
0.167785
0.0752712
0.0808816
0.0587148
0.0638
0.199508
0.126159
0.0288631
0.0310861
0.0904183
0.0500402
0.0294411
0.0303775
0.162423
0.466125
0.330993
0.397853
0.115205
0.248691
0.0885672
0.0423612
0.18006
0.214069
0.100304
0.110531
0.201713
0.00163923
0.00257593
0
0.00290717
0.0329005
0.283511
0.311317
0.045832
0.00177394
0.00026584
0.00026584
0.000818233
0.00703105
0.211956
0.341898
0.0794613
0
0
0
0.00219843
0.0548438
0.360169
0.295211
0.0399536
0.00399336
0
0
0
0.0142842
0.278514
0.517339
0.182593
0.0172424
0.0100523
0.0198102
0.00852929
0.00709723
0.0468668
0.163861
0.11561
0.021523
0.163145
0.281861
0.177861
0.00506957
0.00314108
0.0270765
0.0523663
0.104572
0.0368258
0.0142133
0.00595407
0.00314866
0.046756
0.490286
0.273164
0.190412
0.188103
0.460338
0.341585
0.0118066
0.00113339
0.106604
0.130327
0.00803984
0.302752
0.299654
0.10084
0.000443755
0.000920042
0.00190441
0.00250564
0.0356713
0.440773
0.3468
0.0467445
0.0119069
0.000660972
0.00380201
0.00478771
0.0300955
0.147169
0.410922
0.29247
0.0185394
4.75452e-005
0.000282967
0.0055179
0.0154115
0.156159
0.335802
0.168075
0.0406054
0.00861949
0.00811432
0.00657695
0.071955
0.373198
0.232377
0.157539
0.105426
0.00208572
0.00749357
0.0170659
0.0788134
0.266116
0.120659
0.220719
0.137298
0.0287361
0.0861936
0.0151111
0.0187029
0.0971658
0.193531
0.365869
0.202411
0.0290374
0.017902
0.0152007
0.0203978
0.0621406
0.0629237
0.387976
0.354883
0.141908
0.0753585
0.0214626
0.11577
0.130616
0.0514902
0.0806037
0.0513316
0.0778016
0.292536
0.120186
0.215036
0.0791403
0.0640039
0.0681849
0.115922
0.115871
0.222148
0.409494
0.0838432
0.0432695
0.0269469
0.146638
0.229902
0.186476
0.18978
0.105309
0.205996
0.165206
0.261501
0.269072
0.187569
0.109602
0.0978591
0.177205
0.0772922
0.0505776
0.0761375
0.0970098
0.16095
0.137515
0.22311
0.234495
0.0137162
0.00752408
0.0216099
0.0620238
0.296123
0.285912
0.402386
0.110532
0.0885507
0.132402
0.250905
0.226738
0.134851
0.0918983
0.0581289
0.119891
0.0261206
0.0279159
0.0456292
0.0931876
0.204699
0.252373
0.235546
0.192879
0.0168391
0.00243342
0.0141462
0.0795161
0.323501
0.226782
0.220682
0.0603177
0.121505
0.0706534
0.102361
0.0633135
0.150221
0.110678
0.148059
0.0827266
0.0274126
0.000185431
0.0285357
0.150068
0.35924
0.232841
0.209391
0.101193
0.0853873
0.0849193
0.276449
0.333635
0.309197
0.127797
0.153655
0.0640929
0.0176071
0
0
0.00523561
0.0563828
0.228624
0.229105
0.0964298
0.0236034
0
0
0
0.0124937
0.167405
0.561879
0.314113
0.0963654
0.00718497
0.00201752
0.0167415
0.0153914
0.0379745
0.112714
0.171451
0.0526358
0.00234196
0.00123229
0.000278655
0.0027423
0.0482101
0.37823
0.422701
0.0989597
0.0228624
0.00623537
0.0081974
0.00285844
0.0349091
0.357302
0.271407
0.159104
0.101244
0.225061
0.21692
0.0357975
0.0507889
0.115071
0.0932105
0.0284629
0.0039812
0.00381461
0.0396586
0.0589533
0.0699337
0.379747
0.289905
0.0269678
0.0189099
0.0563092
0.379044
0.324715
0.145956
0.225683
0.0821399
0.0376967
0.0606093
0.262869
0.419197
0.0970845
0.0177136
0.00918469
0.00444157
0.0095087
0.0276099
0.14498
0.293795
0.14011
0.0129485
0.0103638
0.00607743
0.00540233
0.00937497
0.0394066
0.511994
0.314558
0.0660635
0.0252403
0.00511939
0.00591416
0.000575961
0.0134307
0.352795
0.232926
0.0447843
0.00558446
0.0124727
0.00377261
0.0104961
0.0707462
0.319203
0.2675
0.0504365
0.0159153
0.00416036
0.0203953
0.0153137
0.0464499
0.252571
0.327635
0.190369
0.0706271
0.066616
0.00234646
0.0151831
0.0727368
0.394542
0.331654
0.0620921
0.00641593
0.0049486
0.088902
0.102113
0.19003
0.324289
0.259872
0.0783832
0.0327483
0.112903
0.074854
0.0286932
0.036409
0.0691691
0.157419
0.148818
0.103663
0.17864
0.101715
0.0637139
0.201594
0.202814
0.274318
0.146964
0.0806196
0.122565
0.168611
0.0781123
0.106858
0.0500935
0.0456134
0.0637126
0.0729078
0.314281
0.0966553
0.0228313
0.131062
0.115734
0.394943
0.416976
0.136836
0.216855
0.0331005
0.0479449
0.144385
0.165378
0.227288
0.114946
0.0224808
0.0416261
0.00889142
0.0137672
0.0170003
0.104575
0.353428
0.187136
0.0510092
0.0700438
0.0141076
0.00336897
0.0656945
0.176737
0.480512
0.288677
0.0395083
0.0258667
0.0108539
0
0.0820889
0.342184
0.356928
0.0627454
0.00183382
0.0108539
0.00393931
1.49536e-005
0.00364656
0.161798
0.291514
0.082663
0.0249929
0.0150932
0.0361665
0.0127356
0.0610609
0.34014
0.250534
0.0298862
0.024536
0.048352
0.000743203
0
0.0590975
0.433515
0.215108
0.0288109
0.000125568
0.000743203
0.0320012
0.00427747
0.0378931
0.596571
0.186996
0.0202307
0.0252411
0.0441133
0.204608
0.0430706
0.023536
0.0994114
0.0580268
0.0407456
0.110021
0.232256
0.0939359
0.0267052
0.0168647
0.016242
0.0520338
0.104481
0.453822
0.523115
0.0482293
0.0557587
0.0207098
0.041402
0.0591254
0.0810123
0.16959
0.153841
0.0395712
0.0679081
0.0233525
0.0356855
0.0776884
0.182048
0.179002
0.213067
0.000735257
0.000847585
0.000538758
0.0852867
0.125251
0.0535359
0.146711
0.0709961
0
0
0.000669599
0.343368
0.464812
0.185179
0.0968912
0.0203308
0.00101189
0.00227136
0.00260201
0.0671883
0.132592
0.117672
0.0326127
0.0135342
0
0
0.00104397
0.130813
0.326538
0.584309
0.0981023
0.000673011
0.000509516
0
0.000461084
0.229716
0.310096
0.202458
0.0214817
0.00303743
0.00203806
0.00802108
0.0473978
0.134796
0.1556
0.177498
0.0230933
0.0104381
0
0
0
0.0436018
0.1681
0.599346
0.159218
0.000525001
0.0236909
0.0346864
0.117955
0.0233462
0.0683414
0.448096
0.186636
0.0498819
0.000917264
0.0322864
0.186069
0.293427
0.223685
0.079239
0.0145437
0.00469783
0.048671
0.0880956
0.235429
0.300861
0.193059
0.0601225
0.00664714
0.0469328
0.0310534
0.115112
0.48058
0.116017
0.106203
0.132049
0.0792875
0.0754443
0.0869135
0.155744
0.397413
0.149625
0.121047
0.0610664
0.0577643
0.117947
0.0738886
0.0458535
0.106643
0.111432
0.0297112
0.0509375
0.0187801
0.102552
0.0321039
0.0140462
0.249598
0.290929
0.192521
0.156117
0.0312814
0.0694477
0.0855946
0.198526
0.179736
0.156305
0.0307469
0.037676
0.0487526
0.065075
0.0449549
0.177703
0.408904
0.580523
0.107038
0.0175223
0.0163752
0.00833288
0.00991063
0.0103898
0.162514
0.235159
0.184927
0.0771257
0.00824913
0.0105831
0.013618
0.0177389
0.189035
0.284593
0.0798664
0.00494184
0.00157759
0.00815439
0.0284186
0.14068
0.286328
0.342452
0.106385
0.0125562
0.0234822
0.0115385
0.0204325
0.239123
0.567732
0.264319
0.038618
0.00346772
0.0146811
0.00942958
0.00125699
0.00305792
0.122878
0.401231
0.042158
0.00117004
0.000145618
0.00075268
0.00735353
0.00562979
0.0454201
0.527643
0.0679676
0.0302267
0.0302354
0.0124417
0.00109
0.0415209
0.265045
0.420148
0.0368626
0.0117095
0.00351143
0.00681661
0.058923
0.0495756
0.057471
0.455483
0.0905449
0.0581376
0.0230036
0.0405708
0.0530118
0.0440716
0.00692366
0.0169929
0.0744714
0.0992401
0.151963
0.187019
0.0224208
0.0429074
0.0207126
0.0777172
0.125784
0.247097
0.193228
0.178645
0.13228
0.0685033
0.0394779
0.107082
0.203518
0.0876464
0.158202
0.167591
0.110491
0.0324995
0.028609
0.188541
0.34287
0.284047
0.233698
0.27203
0.00482326
0.00338852
0.00692055
0.0313714
0.058493
0.143774
0.0361056
0.0132423
0.00648399
0.00422055
0.00470962
0.0172862
0.0801763
0.828542
0.156483
0.0155412
0.0761225
0.0138676
0.0116237
0.0345748
0.0471153
0.0577451
0.0354694
0.0471976
0.140082
0.0903283
0.0290682
0.0328538
0.0446266
0.347355
0.0658418
0.0340449
0.00044061
0.000447212
0.000291299
0.000295698
0.0242881
0.517514
0.136399
0.00225621
0.0227552
0.0188825
0.0406572
0.00535356
0.0550715
0.384529
0.143072
0.0316692
0.0184907
0.0326851
0.014664
0.0332967
0.105791
0.369551
0.0604652
0.00362863
0.00904491
0.010389
0.00700724
0.0260699
0.229266
0.517514
0.102358
0.032106
0.0447275
0.0706936
0.209723
0.0310957
0.101101
0.165241
0.0747463
0.115808
0.128134
0.156326
0.171235
0.0675176
0.0712376
0.0346286
0.0919306
0.183044
0.112123
0.0236829
0.0106515
0.0168642
0.195024
0.402128
0.143291
0.257983
0.388045
0.0738797
0.021463
0.0688066
0.0677947
0.0515387
0.085607
0.461002
0.131363
0.288428
0.0916599
0.065008
0.0257155
0.0116549
0.0544037
0.0669312
0.165227
0.356065
0.185384
0.183318
0.0420084
0.0140278
0.0158116
0.0264073
0.280763
0.126622
0.0161898
0.0517099
0.030114
0.0163841
0.0609099
0.316574
0.373949
0.415485
0.086051
0.00993204
0.0166558
0.00708359
0.0408062
0.237292
0.0627762
0.243091
0.137825
0.081865
0.0289181
0.0139586
0.0136365
0.00764543
0.0719506
0.332241
0.291243
0.0715534
0.0114374
0.00348965
0.00773654
0.00575479
0.134709
0.490796
0.172797
0.00136243
0
0.00421722
0.00580396
0.0271565
0.158368
0.544717
0.170779
0.00986092
0.00221154
0.00247104
0.0324358
0.0632558
0.099974
0.211009
0.33613
0.336801
0.0719714
0.0342442
0.0139263
0.0481789
0.193945
0.0909965
0.0609367
0.286215
0.106308
0.0796778
0.033656
0.220887
0.274986
0.330924
0.0837803
0.0381204
0.0231037
0.0200842
0.0755459
0.186743
0.26362
0.0912444
0.0114184
0.0202716
0.0232315
0.0270183
0.0600324
0.31766
0.21482
0.0356017
0.0104452
0.0166775
0.0387872
0.00963693
0.0290153
0.109842
0.198529
0.00954269
0.00336924
0.0181443
0.0402946
0.0447308
0.0619712
0.26988
0.380061
0.0269526
0.0137753
0.00579464
0.00626334
0.000456208
0.0130505
0.361385
0.390456
0.00856434
0.0110289
0.0103499
0.00675674
0.00319737
0.0273261
0.542785
0.208539
0.01436
0.00319016
0.00884168
0.0177804
0.0227891
0.0315731
0.214126
0.405216
0.114124
0.0336766
0.0470629
0.018773
0.0401393
0.00537944
0.067005
0.305515
0.00880016
0.00517836
0.00210469
0.0018345
0.00146489
0.0208708
0.430045
0.542564
0.0819734
0.041187
0.0168589
0
0
0.0315944
0.229184
0.197736
0.0781026
0.052423
0.134713
0.150527
0.165979
0.00863255
0.011346
0.0720482
0.0114316
0.0194979
0.1119
0.325266
0.549512
0.165367
0.110842
0.417679
0.0643249
0.0365683
0.0640975
0.0311031
0.0185955
0.0106398
0.0924919
0.265972
0.0389026
0.0417163
0.0926645
0.147281
0.126108
0.0765351
0.108045
0.152989
0.00900519
0.00100256
0.0102014
0.0735578
0.187776
0.125851
0.238751
0.465911
0.0106223
0.00327519
0.00794422
0.010471
0.019024
0.0403605
0.473545
0.150414
0.040424
0.021086
0.0161836
0.0464048
0.0709692
0.082241
0.124313
0.364661
0.0347129
0.00471769
0
0.00225063
0.0269957
0.073866
0.39579
0.263653
0.0119773
0.00160291
0.00528072
0.0030753
0.00402279
0.015769
0.396326
0.329592
0.174757
0.0325666
0.000730128
0.00170093
0.00173135
0.0147393
0.336127
0.261929
0.0482284
0.00128598
0
0
0.00146354
0.0208626
0.354515
0.368645
0.140548
0.00625517
0
0
0
0.00671465
0.327139
0.269685
0.441232
0.12115
0
0
0.000650335
0.00664653
0.101231
0.204337
0.363619
0.0861735
0
0
0.0070775
0.0618187
0.111036
0.382068
0.147757
0.0161633
0
0
0
0.00362599
0.222481
0.408436
0.0713409
0.0100613
0
0
0.00471833
0.0257466
0.220316
0.246
0.126619
0.00753215
0
0
0.0142058
0.120727
0.204078
0.275164
0.059481
0
0
0.000269221
0.00886439
0.0737104
0.19453
0.489265
0.0191563
0.000316024
0
0
0.00763436
0.0502527
0.252567
0.524817
0.0357343
0
0
0.000179481
0.00315529
0.0283398
0.233185