0.000295337
0.000464101
0.026054
0.204026
0.329967
0.00897389
0
0
0.00354009
0.000620156
0.0519176
0.180114
0.505526
0.0983973
0.000834129
0.00111141
0
0.00161165
0.0588809
0.231822
0.338739
0.00707229
0
0
0.00446867
0.00884232
0.203627
0.252858
0.439571
0.0479182
0
0
0.00759842
0.000706286
0.0229742
0.111307
0.296155
0.0741488
0.0214132
0.00442304
0.015805
0.0335246
0.130973
0.163452
0.207795
0.144618
0.0660208
0.00944356
0.0101564
0.0305911
0.197592
0.161475
0.327057
0.03829
0
0
0.0330001
0.274617
0.59329
0.279433
0.198401
0.0238272
0.00298713
0.00100403
0.0129808
0.119908
0.311176
0.0955739
0.0474506
0.0632788
0.0207959
0.00533517
0.0139891
0.175709
0.352264
0.0862163
0.0167719
0.0272585
0.049181
0.0225877
0.0792317
0.288964
0.50683
0.139762
0.0326699
0.00597637
0.0158455
0.035018
0.332539
0.136366
0.2755
0.0488297
0.0227431
0.0172599
0.0887777
0.266942
0.0428004
0.0465557
0.0668319
0.03731
0.035674
0.0544482
0.0467286
0.0399595
0.0606459
0.0354511
0.0490836
0.0731017
0.239141
0.231755
0.0506116
0.0495293
0.438801
0.0202536
0.0222736
0.00516201
0.0134126
0.0308498
0.067753
0.324335
0.520458
0.027594
0.0127553
0.0110636
0.0919733
0.184408
0.0961937
0.417275
0.119493
0.0722337
0.0538163
0.0482387
0.114322
0.109801
0.0688756
0.10302
0.183107
0.0607364
0.0233329
0.0209349
0.027037
0.0251331
0.0964538
0.273212
0.375735
0.0116058
0.00850506
0.00990371
0.0489614
0.102238
0.159313
0.397516
0.343816
0.0283715
0.0110135
0.00959539
0.00745689
0.0338411
0.250407
0.491783
0.169768
0.0328201
0.0187582
0.0235497
0.0198626
0.014101
0.0504252
0.215546
0.378381
0.126224
0.0341579
0.0387898
0.00297508
0.0190938
0.049724
0.367742
0.296766
0.0525755
0.0215767
0.0210801
0.0166416
0.0098273
0.0768397
0.280062
0.437111
0.12362
0.0221973
0.022168
0.0174348
0.0127441
0.0344716
0.437111
0.303405
0.18591
0.0364591
0.0291901
0.0052186
0.0564514
0.0857654
0.274401
0.110356
0.105365
0.0396268
0.159093
0.10866
0.0456327
0.0818967
0.101515
0.498975
0.173929
0.0533969
0.0182774
0.0217823
0.0507015
0.0773226
0.445845
0.19687
0.10678
0.090465
0.165301
0.162946
0.097005
0.126587
0.164712
0.000626585
0.00455968
0.0257038
0.137251
0.211936
0.00690739
0
0
0.00536416
0.0345977
0.199536
0.185673
0.216864
0.0437266
0.0545146
0
0.0159144
0.018597
0.0872525
0.170028
0.213413
0.0188444
0.00399052
0.00501835
0.0118462
0.319796
0.704058
0.185454
0.118018
0.0507637
0.0827696
0.00125459
0.00694274
0.0690117
0.199927
0.0701502
0.0705208
0.0217049
0.0259346
0
0.0251422
0.258399
0.436656
0.0795267
0.0310586
0.00637235
0.00476069
0
0.00173568
0.268523
0.436656
0.0961251
0.0240318
0.0207521
0.0389019
0
0.00784801
0.402161
0.436656
0.089242
0.0217044
0.00896791
0.00714103
0
0.0793975
0.320735
0.348148
0.0773042
0.00940701
0.00522439
0.00707075
0.024778
0.300885
0.172913
0.114915
0.0688476
0.0108363
0.00636568
0.0642375
0.258075
0.0225449
0.292324
0.367612
0.178689
0.152273
0.0362699
0.0068897
0.00550392
0.0907456
0.177584
0.260537
0.248348
0.198349
0.0507072
0.0802507
0.119983
0.349064
0.0248235
0.0211283
0.0171054
0.00444178
0.0204215
0.154657
0.302244
0.401671
0.00757766
0.0313765
0.0505745
0.0134696
0.049109
0.174988
0.341112
0.0776005
0.0960551
0.178433
0.0647121
0.0367515
0.0591082
0.277013
0.149317
0.11727
0.0716663
0.105692
0.0866971
0.00484502
0.0653722
0.375382
0.249889
0.263989
0.0124876
0.0398144
0.0490907
0.0266718
0.0477114
0.144431
0.30494
0.149824
0.0354727
0.0471778
0.0365959
0.0394659
0.0954322
0.385763
0.315825
0.101985
0.104606
0.179371
0.168917
0.0941305
0.0481045
0.135372
0.182405
0.051258
0.0780452
0.182862
0.262715
0.232151
0.132681
0.355792
0.149648
0.125175
0.0551967
0.0341236
0.0516782
0.0478249
0.0704062
0.205936
0.147429
0.274912
0.0570212
0.0193142
0.0376438
0.0656406
0.141401
0.197636
0.357212
0.0204307
0.0185602
0.0331948
0.0850958
0.0800031
0.184153
0.41968
0.0641679
0.0441149
0.0117794
0.0137602
0.0452989
0.103703
0.380502
0.432301
0.1237
0.291588
0.0608595
0.039044
0.0204695
0.0551545
0.121231
0.187185
0.47057
0.24346
0.0995371
0.0767248
0.0933046
0.126354
0.077499
0.0970174
0.213708
0.0789432
0.00718925
0.0445078
0.0894582
0.143337
0.275151
0.316052
0.281392
0.166586
0.058252
0.0509434
0.145231
0.140116
0.0635371
0.0981552
0.202374
0.0239126
0.0307163
0.113976
0.0605835
0.0587283
0.0221558
0.0119639
0.018309
0.01521
0.196501
0.499007
0.123371
0.00757508
0.00544061
0.00857834
0.00547431
0.0628429
0.0461534
0.14076
0.175239
0.0905103
0.0253155
0.0213734
0.0443352
0.0239465
0.102981
0.499007
0.499007
0.218417
0.00307648
0.00230129
0.0095488
0
0.260747
0.439935
0.11167
0.000458639
0.00210911
0.00591602
0
4.43349e-005
0.306555
0.433612
0.0715484
0.029415
0.00335688
0.00108598
0
1.05174e-005
0.0847348
0.343613
0.400524
0.111242
0.00138762
0
0
0.00083478
0.113586
0.184125
0.210695
0.072189
0.000890106
0.00108183
0.00056842
3.86291e-005
0.149264
0.192601
0.150695
0.248073
0.0535233
0.0141572
0
0.00668767
0.0800769
0.268852
0.216334
0.344145
0.109983
0.105063
0.0234415
0.000707162
0.0490363
0.102223
0.296309
0.239181
0.038446
0.00906807
0.00391911
0.0126656
0.104566
0.22823
0.378614
0.316685
0.156666
0.184421
0.108685
0.0145805
0.0775487
0.185143
0.0582907
0.0683363
0.0663956
0.193867
0.108152
0.165143
0.111222
0.0606073
0.0212858
0.00309011
0.0444421
0.241449
0.30407
0.108881
0.095581
0.112566
0.0781742
0.0740194
0.0833486
0.225836
0.309878
0.447665
0.0686842
0.0214516
0.00663956
0.00463516
0.0235627
0.144877
0.477144
0.192524
0.250083
0.179159
0.107506
0.0451954
0.0162743
0.071018
0.186488
0.0521946
0.162999
0.252584
0.272846
0.158247
0.0591735
0.113989
0.0481489
0.406856
0.161656
0.0900524
0.041399
0.0569706
0.0722965
0.0757618
0.38725
0.0875582
0.116978
0.178551
0.2347
0.212092
0.123352
0.0767147
0.102815
0.0102712
0.00914673
0.0616377
0.13125
0.0676796
0.14105
0.228362
0.0146266
0.00776697
0.000167397
0.0957189
0.195535
0.173373
0.27448
0.304237
0.070695
0.0017044
0.014139
0.178676
0.329043
0.116034
0.056988
0.024582
0.00638904
0.0487367
0.0344985
0.383926
0.50376
0.179591
0.0757372
0.0343785
0.011377
0.0220132
0.0115697
0.0780002
0.184753
0.232883
0.167406
0.133687
0.133114
0.134491
0.0745821
0.0741059
0.157485
0.151476
0.066265
0.0668919
0.142298
0.0420498
0.0310046
0.161116
0.368141
0.404557
0.127943
0.0702178
0.0185492
0.288032
0.0649986
0.0705414
0.173985
0.344003
0.172789
0.136772
0.206914
0.142544
0.0554283
0.132081
0.159912
0.0693601
0.0220263
0.020029
0.136171
0.0490825
0.0481192
0.20482
0.525343
0.342561
0.0199471
0.000188172
0.0171764
0.301243
0.0840569
0.0855074
0.0369663
0.0202476
0.0419211
0.0693189
0.211929
0.0866985
0.0423211
0.154594
0.33632
0.251543
0.187964
0.0928034
0.0699562
4.897e-005
0.0108708
0.0828532
0.464688
0.315674
0.0129353
0
0
0.00219915
0.0261783
0.0437667
0.250899
0.167518
0.00987291
0.00999552
0.0131948
3.26467e-005
0.0126444
0.0627664
0.523797
0.309971
0.0761774
0.0158877
0.00518308
0.0236722
0.0423053
0.0423253
0.339441
0.1579
0.0295147
0.0375321
0.0661867
0.00151712
0.0120672
0.0359867
0.221253
0.255802
0.0883515
0.0206731
0.0270201
0.0471327
0.188978
0.121624
0.249205
0.270597
0.172264
0.124951
0.134159
0.0187618
0.0140348
0.0197521
0.11204
0.332193
0.169755
0.0522319
0.066115
0.107873
0.0869394
0.0812003
0.237376
0.498141
0.248837
0.0811582
0.106881
0.17969
0.191453
0.0622958
0.0355409
0.0383986
0.0554957
0.114649
0.227649
0.458971
0.0511179
0.00870424
0.001113
0.00223493
0.0112034
0.0570199
0.461405
0.172135
0.0920821
0.0417054
0.0846922
0.127854
0.0866197
0.0958152
0.159051
0.362591
0.0710125
0.0455741
0.0250275
0.0508949
0.0310124
0.102627
0.340692
0.305093
0.0390986
0.0691877
0.0297203
0.0401184
0.0595093
0.105223
0.268184
0.0786126
0.0379407
0.126854
0.231391
0.199552
0.121416
0.109836
0.0608847
0.208063
0.0560823
0.139849
0.0527636
0.11187
0.0918318
0.205239
0.21232
0.044231
0.0354146
0.122847
0.220241
0.488493
0.269163
0.229148
0.0574823
0.000441236
0.0114788
0.138423
0.282244
0.170559
0.0493245
0.0194541
0.00336376
0.0885995
0.0427133
0.27823
0.337656
0.165365
0.07436
0.0575381
0.0622852
0.00200022
0.00550725
0.0397027
0.1666
0.341816
0.169077
0.102209
0.053142
0.0731153
0.0149044
0.085934
0.152334
0.239555
0.263656
0.351865
0.328997
0.0864631
0.0303042
0.11723
0.163538
0.275851
0.130942
0.0844002
0.0718508
0.218511
0.0371287
0.0284528
0.0673859
0.270199
0.148985
0.117358
0.117894
0.107897
0.0216039
0.0966964
0.155995
0.244587
0.269367
0.240109
0.274917
0.385096
0.0591199
0.079646
0.122128
0.185279
0.157509
0.053141
0.261142
0.226308
0.110083
0.0226354
0.00783777
0.0431566
0.0805273
0.0849442
0.153981
0.0610751
0.0158277
0.0365545
0.142623
0.298331
0.332023
0.127465
0.0860637
0.0800876
0.0832291
0.0276196
0.0706972
0.235157
0.0868586
0.0325686
0.083945
0.0247982
0.0114361
0.00291177
0.0781084
0.53568
0.445942
0.104966
0.0409071
0
0.00581815
0.0324322
0.306983
0.29636
0.143385
0.0242215
0.00417126
0.0255627
0.0256073
0.0286416
0.201719
0.145648
0.0559117
0.0323634
0.03971
0
0.000981731
0.00526526
0.0918286
0.465428
0.338654
0.207652
0.0103483
0.014304
0.0103964
0.011803
0.0639988
0.183288
0.242751
0.444018
0.0355871
0.0256954
0.0119662
0.0119088
0.106476
0.254499
0.0814422
0.0276073
0.0333356
0.0413181
0.000737322
0.0293441
0.209774
0.466459
0.280754
0.0416373
0.0384478
0.0180647
0.00913956
0.0402696
0.175162
0.224086
0.106142
0.195473
0.023935
0.00426088
0.00928072
0.202352
0.324782
0.413276
0.250488
0.057179
0.0280674
0.108312
0.00516456
0.0155187
0.108822
0.220792
0.257396
0.135115
0.190618
0.336594
0.0984026
0.0826906
0.0488295
0.062892
0.0611817
0.133225
0.362333
0.0516453
0.0251997
0.161277
0.134818
0.180763
0.268892
0.176673
0.142075
0.323869
0.174185
0.104198
0.0368606
0.0061922
0.0851937
0.13842
0.265501
0.108182
0.0727858
0.141097
0.0982985
0.132083
0.0532487
0.0676984
0.0990669
0.00995562
0.0535344
0.115957
0.313954
0.435448
0.128943
0.0680761
0.0186655
0.240491
0.142088
0.140344
0.105882
0.0993145
0.0347158
0.0159884
0.085536
0.129912
0.154044
0.218593
0.439146
0.359469
0.0483313
0.00249571
0.0268068
0.00571853
0.0228632
0.0399466
0.132975
0.201937
0.0837573
0.0561415
0.0466621
0.0172474
0.0777994
0.196671
0.125157
0.0941223
0.178532
0.214583
0.179223
0.0151955
0.247117
0.224545
0.19334
0.130614
0.0106628
0.00163092
0.00774721
0.00546136
0.500889
0.516382
0.106758
0.0203315
0.0261828
0.00558754
0.00681942
0.0293203
0.0593054
0.24623
0.308714
0.128468
0.160504
0.12441
0.10287
0.194252
0.0502922
0.139024
0.256786
0.0724083
0.0544747
0.0162644
0.136337
0
0.278209
0.553286
0.229028
0.0305459
0.0214824
0.00183888
0.000631485
0.0136234
0.0687079
0.28621
0.19375
0.045234
0.0144965
0.0100075
0.0105659
0.00320789
0.0106395
0.0109268
0.135597
0.304313
0.0626625
0.00438482
0.0109272
0.00183569
0.00164597
0.00520223
0.058838
0.457024
0.508822
0.280272
0.0121351
0.00263723
0.000995793
0.00909267
0.176258
0.297096
0.0347166
0.00335251
0.0032145
0.00395585
0.00127173
0.0237974
0.114625
0.171844
0.235039
0.222067
0.0142086
6.53526e-005
0
0.000622845
0.00908689
0.11355
0.271498
0.302462
0.013988
0.00261701
0.000843349
0.00355621
0.00589402
0.0460431
0.256807
0.442504
0.0465771
0.00026141
8.40388e-005
0.00296513
0.0328854
0.0941363
0.216369
0.262647
0.00855404
0.00224662
0.00516676
0.00216659
0.0853479
0.293601
0.308322
0.442504
0.0393765
0.00791803
0.00111811
0.026534
0.101459
0.114179
0.152235
0.364431
0.0497168
0.00594179
0.012623
0.132869
0.20874
0.234216
0.129817
0.120288
0.0446943
0.010848
0.0202206
0.00560418
0.0915463
0.210702
0.255904
0.471982
0.0624663
0.0960157
0.0276481
0.0159657
0.0574881
0.123264
0.245173
0.406499
0.147059
0.0248592
0.05081
0.116252
0.087136
0.0897233
0.125865
0.122259
0.0904185
0.177649
0.25076
0.250594
0.0108611
0
0.0814052
0.0931026
0.126811
0.260182
0.117641
0.0316399
0.029638
0.0490185
0.113941
0.183632
0.18185
0.505623
0.307342
0.266359
0.0120485
0.00427057
0.0434202
0.0545927
0.301757
0.208317
0.190576
0.153616
0.0199056
0.0132989
0.0123321
0.00747138
0.0568087
0.167816
0.307075
0.195858
0.119597
0.0646961
0.0089196
0.000548422
0.0343807
0.416454
0.177221
0.130029
0.00166974
0.00133119
0.00950536
0.0105308
0.165112
0.440541
0.440541
0.162256
0.00503754
0.00454599
0.00718436
0.00283191
0.0688384
0.0194283
0.380029
0.280772
0.0712622
0.0330355
0.00137545
0
0.00311659
0.00185503
0.373241
0.449188
0.117191
0.0232367
8.58022e-005
0
0.000261828
0.109227
0.449188
0.228557
0.0145603
0.0132057
0.00529288
0.0017929
0.0115492
0.0125145
0.181532
0.136648
0.168638
0.152773
0.0163109
0.002902
0.00944261
0.00649141
0.336304
0.663241
0.241889
0.0484996
0.00163408
4.33213e-005
0.00628478
0.0157884
0.0763544
0.244927
0.0775591
0.0421029
0.0195326
0.00894837
0.012568
0.0249433
0.0628228
0.0823288
0.336645
0.274979
0.040138
0.00904093
0.0403878
0.0573256
0.0538525
0.0968807
0.0731803
0.044343
0.0187972
0.0110364
0.0633458
0.00126047
0.00200706
0.0114129
0.305698
0.30798
0.0261303
0.000451967
0.00131404
0.0018907
0.00301059
0.0190806
0.230733
0.243427
0.0537722
0.0239679
0.00407722
0.00110094
0.0037206
0.00891046
0.535202
0.303436
0.0299544
0.00010086
0
0
0.000752647
0.00351916
0.270627
0.383822
0.0410626
0.00015129
0
0.000117575
0.000187216
0.00168103
0.0847939
0.199508
0.073618
0.0660387
0.00172168
0.00684755
0.02117
0.00917125
0.205905
0.550515
0.202686
0.142452
0.012753
0
0.000244655
0.0307211
0.126654
0.227525
0.00904207
9.40808e-006
0
0.0310657
0.0710564
0.35184
0.247262
0.447762
0.137481
0.0353908
0.0303814
0.0479247
0.0878547
0.0228159
0.135758
0.343101
0.188521
0.244819
0.0636958
0.201587
0.0865256
0.0142357
0.0131135
0.0220815
0.153318
0.348161
0.23511
0.157151
0.185299
0.260843
0.0950366
0.222287
0.136596
0.163965
0.151976
0.237825
0.140691
0.0297763
0.0762293
0.0736608
0.133079
0.186511
0.21885
0.366219
0.0995695
0.00949612
0.026839
0.0187503
0.0528986
0.145797
0.19791
0.560482
0.155974
0.118303
0.0418588
0.0192044
0.0160691
0.0630156
0.318896
0.16669
0.0694145
0.0394572
0.140208
0.090313
0.098936
0.116665
0.104832
0.148035
0.0967727
0.23758
0.170125
0.063428
0.050716
0.155471
0.130186
0.447612
0.0652812
0.0664979
0.00939297
0.00781904
0.0584389
0.0467402
0.250358
0.473476
0.239273
0.058836
0.014866
0.0311847
0.128865
0.0454359
0.123852
0.0794783
0.0398499
0.144615
0.148068
0.118372
0.112644
0.0700724
0.157992
0.0600036
0.0154762
0.0284911
0.108814
0.256284
0.366652
0.089342
0.112259
0.222318
0.306561
0.123489
0.0493458
0.0793372
0.0889367
0.0224898
0.0380585
0.0396166
0.101356
0.0778897
0.261133
0.354046
0.0581437
0.0208298
0.0422299
0.0484976
0.0596936
0.0637454
0.148319
0.223696
0.283362
0.0845728
0.034882
0.0305225
0.0707629
0.137134
0.508358
0.241824
0.0988778
0.0701332
0.0371152
0.0353109
0.0279639
0.043224
0.315516
0.409956
0.0801143
0.0421553
0.103088
0.0611741
0.0634016
0.104551
0.0580537
0.124462
0.0333304
0.0586068
0.130664
0.027124
0.0289584
0.103067
0.484139
0.272463
0.0945926
0.165915
0.0954572
0.0750271
0.034665
0.0451162
0.110473
0.296606
0.0504624
0.156446
0.141704