0.188802
0.0938814
0.0750848
0.0893993
0.0593425
0.00868834
0.0366951
0.187874
0.283117
0.0481393
0.0385141
0.0233368
0.0343374
0.00858363
0.0448677
0.416938
0.165092
0.0969181
0.177061
0.28069
0.0392284
0.0532561
0.0979855
0.307825
0.305734
0.022011
0.0230269
0.0637098
0.0127493
0.0181265
0.08749
0.480029
0.263338
0.0373961
0.020443
0
0.00225485
0.0014349
0.0147753
0.334389
0.316205
0.0161581
0.00163726
0
0
0.0018049
0.0135705
0.330216
0.302969
0.00213913
0.00233901
0.0285221
0.0136823
0.0311159
0.0343578
0.460885
0.285081
0.0965339
0.0565519
0.00885217
0.0472219
0.0496098
0.0621927
0.380755
0.213399
0.0032458
0
0
0
0.00224765
0.0105709
0.213751
0.275188
0.0160481
0
0
0
0.000561911
0.00214107
0.261715
0.256624
0.228283
0.119636
0.00537273
0.0193638
0.0196876
0.0430341
0.219333
0.488238
0.212371
0.103163
0.0103565
0.00740147
0.00295524
0.015171
0.488238
0.154097
0.0217646
0.000544013
0
0
0
0.00171089
0.18367
0.171688
0.0282402
0.0059646
0
0
0.00335942
0.0164831
0.209376
0.440921
0.0329212
0.0138418
0.00355486
0.00541071
0.00807997
0.0250276
0.444569
0.460501
0.0380462
0.0181994
0.00420276
0.00315871
0.0247417
0.0385795
0.460501
0.167814
0.0881383
0.0744889
0.0342352
0.00152228
0.0100639
0.022622
0.114301
0.089834
0.212725
0.193638
0.139356
0.0356623
0.0469476
0.048209
0.0756291
0.477987
0.118856
0.053127
0.00668371
0.00743505
0.0799102
0.111931
0.474697
0.191955
0.195765
0.140408
0.0241879
0.105114
0.278831
0.233996
0.209273
0.0490118
0.19617
0.202545
0.166375
0.134718
0.166736
0.110784
0.113817
0.028443
0.0349423
0.0785628
0.0784826
0.094594
0.105621
0.108953
0.150615
0.0259681
0.092023
0.109344
0.0517697
0.396952
0.490606
0.205532
0.0794224
0.00568866
0.00399352
0.0098029
0.0198702
0.298917
0.301929
0.114728
0.0994451
0.0801178
0.0127381
0.00738445
0.0177272
0.0182576
0.0350733
0.190576
0.357236
0.130603
0.0352306
0.000959883
0
0
0.00344953
0.128467
0.478942
0.0389907
0.00778341
0.000530077
0.0119675
0.113495
0.200075
0.255901
0.228271
0.300811
0.060343
0
0.00353366
0.0099559
0.063569
0.164475
0.328967
0.216013
0.0255931
0.0858269
0.21691
0.0293345
0.0579435
0.0945599
0.375655
0.516317
0.0137768
0.0216794
0.0583531
0.019448
0.0185539
0.0511589
0.382534
0.181988
0.0310426
0.0088996
0.0195905
0.00584264
0.00819028
0.0430344
0.259684
0.294009
0.0674414
0.132724
0.0819318
0.0494647
0.0134907
0.0527803
0.209916
0.220743
0.0136434
0.041281
0.0311318
0.0203786
0.0219592
0.0285145
0.153952
0.112366
0.224513
0.27632
0.0394483
0.0346645
0.0281758
0.0327144
0.0887113
0.0964567
0.16307
0.413394
0.073137
0.0330085
0.0104939
0.0251329
0.0637173
0.0286819
0.486299
0.509911
0.0646897
0.0175202
0.00688906
0.015072
0.0258526
0.0793566
0.331651
0.249149
0.069893
0.0302667
0.00781192
0.0117789
0.0397573
0.199496
0.283298
0.190119
0.117495
0.0531365
0.00923333
0.0182008
0.180484
0.01789
0.2871
0.376978
0.176084
0.131814
0.036105
0.006796
0.0141955
0.064924
0.191025
0.23563
0.277145
0.290682
0.171505
0.0342534
0.065911
0.247428
0.121511
0.0614066
0.0481871
0.0682237
0.0405764
0.0839875
0.266837
0.282072
0.151477
0.0967771
0.0865384
0.0790345
0.0818942
0.138059
0.297567
0.0895966
0.207277
0.21414
0.0927302
0.206364
0.150423
0.14336
0.136072
0.0983349
0.346315
0.176754
0.209576
0.182494
0.144823
0.226918
0.161355
0.127185
0.0651703
0.0472755
0.0556156
0.09861
0.137501
0.159696
0.19428
0.0444187
0.0208921
0.0261131
0.0224686
0.139672
0.407474
0.334617
0.0951305
0.0507396
0.171162
0.124456
0.265645
0.207218
0.0988092
0.111486
0.0595692
0.00948475
0.0309516
0.0482628
0.182081
0.205864
0.389412
0.33592
0.0165376
0.0020855
0.00465314
0.0137891
0.00639566
0.094809
0.327317
0.19145
0.00747319
0.001589
0.000122043
0
0.0028595
0.0700397
0.21036
0.115198
0.00572001
0.00027542
0
0.000656166
0.0145609
0.0368555
0.433954
0.417017
0.00205224
0.00385922
0.00239037
0.000848964
0.000522824
0.0317255
0.433954
0.433954
0.00774366
0.00964822
0.00738139
0.0138613
0.00625261
0.0218893
0.0910996
0.0575742
0.0104186
0.128965
0.155806
0.102721
0.00617987
0.00381652
0.0180113
0.0134383
0.0247612
0.0196361
0.0757015
0.187456
0.0538703
0.0491577
0.324794
0.218413
0.00900405
0.105557
0.572494
0.572494
0.0803139
0.021996
0.0694736
0.00848865
0.00580969
0.0360568
0.0218004
0.00178697
0.0213457
0.0263143
0.00738077
0.032782
0.0461056
0.0223364
0.0809187
0.230182
0.393272
0.144877
0.012069
0.0324928
0.0279691
0.0108545
0.00796766
0.00341441
0.0724657
0.0533027
0.0205012
0.0293978
0.0171743
0.00121124
0.0211081
0.13961
0.671508
0.457144
0.0191259
0.00556873
0.00504598
0.00290004
0.166187
0.422213
0.213171
0.056389
0.00242618
0.00446586
0.00296874
0.00178294
0.25333
0.452818
0.0586627
0.0220027
0.00344025
0.00147904
0.00129649
0.000379617
0.0514451
0.207506
0.452818
0.299208
0.00141111
0.000202126
0
0.00594585
0.0604893
0.188748
0.179104
0.125821
0.00333687
0.00102743
0.00107519
0.00900483
0.12259
0.241659
0.185517
0.148336
0.0537703
0.0140745
0.00388047
0.0892749
0.124435
0.20972
0.263505
0.272811
0.220244
0.0965527
0.162122
0.0126623
0.0334515
0.0719594
0.249168
0.225623
0.0307295
0.014053
0.00142943
0.12092
0.234028
0.135178
0.350568
0.334792
0.104612
0.137124
0.214505
0.111514
0.0785626
0.159256
0.0425362
0.0918636
0.0942905
0.156185
0.187871
0.264148
0.14157
0.078068
0.0580524
0.0614991
0.0722197
0.188961
0.273045
0.268858
0.135689
0.0508198
0.0489435
0.0500708
0.0297048
0.13622
0.285243
0.473096
0.0662623
0.0202556
0.00376734
0.0231403
0.0122257
0.11231
0.413517
0.242883
0.221815
0.143832
0.234306
0.150312
0.0449237
0.1065
0.200128
0.0286539
0.0677331
0.0895148
0.221395
0.167245
0.187995
0.168208
0.0248549
0.419596
0.163849
0.084689
0.0983693
0.222521
0.0411435
0.138749
0.301626
0.0408552
0.0887329
0.0965963
0.196059
0.275411
0.0631967
0.0779091
0.0442062
0
0
0.0153419
0.021608
0.0344951
0.324412
0.229961
0.00295452
0.00635045
0.0325879
0.0581649
0.066819
0.126007
0.474311
0.40004
0.0140016
0.000463234
0.00646478
0.152547
0.109288
0.0642388
0.0748549
0.0311434
0.00464862
0.0206244
0.115552
0.376618
0.334842
0.178235
0.180881
0.0696999
0.00432118
0.00858431
0.0918999
0.205275
0.104222
0.0920934
0.168226
0.0985664
0.00589166
0.0148287
0.405632
0.405632
0.185741
0.0455673
0.0472329
0.00911331
0.0002576
0.0230571
0.224636
0.287138
0.194526
0.115898
0.0609597
0.0155884
0.00137631
0.0207656
0.243655
0.351073
0.252391
0.135265
0.125841
0.115422
0.0270148
0.0097906
0.00595958
0.00302089
0.0663859
0.0496142
0.0116408
0.00846835
0.00638175
0.00229718
0.000498435
0.0280668
0.551398
0.415142
0.0250563
0.0010788
0.00189746
0.0111522
0.00556699
0.00424144
0.0471685
0.0828192
0.0166124
0.0106997
0.0120718
0.00487483
0.00274941
0.0102426
0.374162
0.551398
0.0811049
0.000631576
0.00318986
0.000216187
0.000752058
0.0270469
0.48305
0.404289
0.00867422
3.16907e-006
0
0.00357844
0.00474837
0.0213358
0.169745
0.167763
0.00266599
0.00100823
0.00122514
0.000749361
0.00100379
0.00348231
0.392318
0.48305
0.0423144
0.000846668
0.000116404
0.00381715
0.00460007
0.00927602
0.181654
0.273453
0.0159725
0.00405883
0.00128532
0.00399795
0.00543862
0.0207423
0.14083
0.230601
0.0335265
0.0184147
0.00114926
0.0869054
0.218534
0.0798163
0.257589
0.321671
0.118918
0.118472
0.0813287
0.0026226
0.00307871
0.0294361
0.248959
0.213755
0.0276397
0.0127771
0.00155544
0.0651457
0.164343
0.128423
0.560219
0.319
0.0961003
0.0955377
0.110984
0.262109
0.183447
0.0358563
0.0621503
0.0449579
0.0335507
0.0824368
0.198727
0.518719
0.0999582
0.0202326
0.00463168
0.0258926
0.0320233
0.0751589
0.308683
0.170175
0.131516
0.0676597
0.257768
0.0869547
0.0329611
0.0764197
0.190098
0.349418
0.0750433
0.0619476
0.138892
0.164263
0.0870641
0.0669955
0.227892
0.271322
0.11782
0.0543284
0.0625792
0.158414
0.100022
0.125978
0.150429
0.0219037
0.0629383
0.0710939
0.154586
0.228303
0.0746656
0.0544101
0.0209245
0.180271
0.0558883
0.0765363
0.248575
0.435132
0.161756
0.10593
0.112105
0.022131
0.02187
0.0458905
0.314841
0.471617
0.110376
0.0481942
0.0240792
0.00252065
0.0118547
0.146808
0.17198
0.113337
0.0397884
0.0113964
0.00342733
0.00763568
0.0599143
0.261358
0.358688
0.248929
0.16636
0.0280983
0.000226669
0.0071682
0.0033364
0.0373582
0.144719
0.196176
0.171165
0.041696
0.00805112
0
0.00176686
0.0922607
0.397925
0.409114
0.3838
0.131242
0.00446819
0.00910529
0.124061
0.153882
0.152908
0.182366
0.160774
0.0253623
0
0.0353747
0.107176
0.114039
0.11934
0.200439
0.225244
0.10574
0.0548193
0
0.00389278
0.0479039
0.216551
0.301461
0.404064
0.163173
0.0188024
0.133863
0.161634
0.107897
0.112021
0.301805
0.415446
0.143004
0.0736659
0.00452292
0.00819657
0.0102485
0.0248917
0.0567183
0.0199402
0.0088316
0.0115981
0.00163567
0.00598684
0.0123128
0.257732
0.64587
0.130757
0.00916284
0.00231164
0.00310892
0.00430107
0.00719181
0.0148383
0.0308322
0.0369995
0.0284352
0.0115424
0.00125758
0.0031183
0.00751331
0.105005
0.506383
0.385251
0.106196
0.00953913
0.0011226
0.000268878
0.000756367
0.182662
0.436656
0.153258
0.0276775
0.00119104
0.00583189
0.00186572
0.00380829
0.0822223
0.167045
0.130328
0.0430203
0.010054
0.000688484
4.46237e-005
0.000561051
0.0579848
0.259595
0.436656
0.208177
0.00252828
0.00382579
0.00111318
0.00271956
0.0192085
0.0739114
0.436656
0.391671
0.0130928
0.00549234
0.0105638
0.0189284
0.146402
0.161073
0.0486562
0.027945
0.00955008
0.0865851
0.0855429
0.0599911
0.343667
0.294036
0.113525
0.0761334
0.171956
0.00392554
0.032931
0.0577913
0.170881
0.156485
0.353092
0.244147
0.0114768
0.206583
0.166424
0.166128
0.318543
0.345785
0.148768
0.0972963
0.177789
0.188257
0.0704653
0.0372656
0.146477
0.0883868
0.0359619
0.0401562
0.220268
0.299625
0.0471457
0.047383
0.0967913
0.0893769
0.0392916
0.0428255
0.269494
0.326487
0.102269
0.0789063
0.0765972
0.137693
0.0669595
0.0704596
0.271331
0.511017
0.206123
0.115082
0.057158
0.0338543
0.0426105
0.102556
0.269727
0.174956
0.0811915
0.101479
0.255939
0.214501
0.0857579
0.0639165
0.133858
0.0294857
0.0501202
0.0755387
0.320731
0.244018
0.0719887
0.0298928
0.0121808
0.355943
0.192495
0.153023
0.181377
0.0764528
0.127643
0.154658
0.134204
0.0825597
0.210926
0.351352
0.26651
0.164446
0.124335
0.0616392
0.0157
0.00251025
0.0216159
0.0776043
0.0704496
0.0793763
0.0698642
0.011313
0.00384087
0
0.0501986
0.255262
0.343693
0.146552
0.10815
0.0379346
0.00473945
0.000694288
0.25717
0.448
0.0547365
0.0371979
0.0157405
0.00126677
0.00116495
0.0028454
0.421229
0.468436
0.201967
0.033907
0.0139101
0.00141196
0.00118486
0
0.016197
0.132171
0.278036
0.138442
0.210203
0.123182
0.0414358
0.0755312
0.113707
0.153866
0.102197
0.147396
0.33138
0.257565
0.139754
0.0030192
0.166595
0.310231
0.203105
0.0319342
0.0748542
0.0805215
0.029045
0.0159595
0.0399278
0.106115
0.0706527
0.0537625
0.349968
0.403931
0.163077
0.0152985
0.00470111
0.0132551
0.0111745
0.0390992
0.0667765
0.0772166
0.0361446
0.00681574
0.000510958
0.0163556
0.0348677
0.287457
0.759215
0.326355
0.0432781
0.0286257
0.0102242
0.0116996
0.0120988
0.0496286
0.0623595
0.0489481
0.0318677
0.0278401
0.0161335
0.0303776
0.0625985
0.100112
0.147802
0.118895
0.0356446
0
0
0.000776728
0.00364981
0.0362197
0.332971
0.199615
0.00169642
8.45628e-005
0.000184851
0.00077492
0.000726499
0.00967243
0.450934
0.450934
0.00169818
0.00177157
0.00193292
0.00197035
0.00488272
0.00641595
0.0945407
0.0909964
0.00194426
0.000687858
0.00554628
0.0109848
0.0282393
0.0165031
0.450934
0.418005
0.000823904
0.000103066
0.00537143
0.013941
0.0570925
0.0906746
0.345173
0.313942
0.00642594
0.0553071
0.0426753
0.0453145
0.113283
0.22864
0.199932
0.165573
0.0452771
0.0138329
0.0259303
0.03267
0.0381621
0.0514758
0.394436
0.394436
0.0332248
0.138843
0.0451064
0.0251593
0.0167491
0.0934189
0.316061
0.323236
0.190751
0.117272
0.123582
0.100309
0.0469068
0.146126
0.0992971
0.0945405
0.0909518
0.198205
0.301352
0.256623
0.0517837
0.0425071
0.0231462
0.0355317
0.0857441
0.278253
0.127527
0.0769145
0.0132522
0.0605772
0.102558
0.121068
0.267181
0.422401
0.198013
0.209695
0.0346789
0.029455
0.00686018
0.0390751
0.434472
0.160034
0.177624
0.12955
0.0573714
0.0173594
0.0226834
0.026615
0.045667
0.0611512
0.310064
0.398377
0.0674013
0.0313819
0.0185621
0.00962
0.0119256
0.291344
0.18368
0.13006
0.0130455
0.00461229
0.0130251
0.0225721
0.274149
0.14527
0.421816
0.43194
0.0738304
0.0278514
0.0197408
0.0209942
0.0866711
0.000536656
0.352016
0.420873
0.0139972
0.00660966
0.0013923
0
6.42126e-005
0.00169436
0.330069
0.420873
0.0179338
0.00114097
0.00162044
0.000852756
0.000101606
0.0279818
0.292539
0.420873
0.073827
0.0173293
0.0116143
0.0143964
0.0342116
0.0928053
0.160727
0.227629
0.0203126
0.00264638
0.00473408
0.0120231
0.114227
0.00715185
0.305175
0.46931
0.068036
0.00878861
0.0273024
0.0503153
0.0114548
0.0135904
0.0344907
0.0560718
0.028255
0.0291757
0.245364
0.398585
0.183007
0.236396
0.0771458
0.143111
0.00260349
0.0122194
0.0172563
0.0290206
0.320412
0.196396
0.0213283
0.00633465
0.0405942
0.0340836
0.0424305
0.105292
0.317827
0.145454
0.0224718
0.0161773
0.0174049
0.0674606
0.103114
0.120881
0.188411
0.184862
0.0866027
0.0674594
0.0945517
0.122363
0.167141
0.105673
0.18385
0.243041
0.0257784
0.0253267
0.0331985
0.0320732
0.00800464
0.0404641
0.20057
0.348218
0.0765843
0.0503166
0.0064928
0.0540411
0.196255
0.0561501
0.19555
0.00575829
0.00581171
0.00458716
0.007011
0.0105832
0.0394833
0.0301737
0.00417713
0.00199271
0.0303406
0.0748391
0.292825
0.160884
0.26868
0.160384
0.00148592
0.0104139
0.00511196
0.0053789
0.00590586
0.0128307
0.0384677
0.00577653
0.00328262
0.0006589
0.017948
0.0701674
0.657848
0.524761
0.0347755
0.00330441
0.00014876
0.0594174
0.0719341
0.132664
0.203507
0.0864468
0.156945
0.115852
0.0302592
0.277593
0.0764861
0.104555
0.0642495
0.0212232
0.092862
0.106521
0.252567
0.0605957
0.0874239
0.142492
0.424383
0.370736
0.00526955
0.000363936
0.00754951
0.318191
0.218556
0.183658
0.253277
0.145267
0.0162029
0.00718469
0.210033
0.272529
0.0182937
0.00884322
0.00159926
0.00353587
0.0123237
0.0195517
0.263014
0.384561
0.0147686
0.012202
0.00404138
0.00503326
0.00805636
0.0146757
0.372266
0.314069
0.0696007
0.0523756
0.012495
0.0224928
0.0311425
0.0117931
0.310602
0.397257
0.0485257
0.0558087
0.0229403
0.0328686
0.0335385
0.0221346
0.397606
0.328137
0.057247
0.0423201
0.0276941
0.0591234
0.0628603
0.0457845
0.355504
0.123818
0.130485
0.213105
0.131457
0.1637
0.0903214
0.0872858
0.139082
0.235573
0.0594567
0.0428822
0.129592
0.249701
0.0859368
0.057918
0.309857
0.0300316
0.0230033
0.0207072
0.243582
0.456502
0.110276
0.0879675
0.105392
0.0921966
0.143064
0.229925
0.169281
0.122256
0.0708733
0.0927781
0.122793
0.321932
0.135046
0.0779747
0.102948
0.0353645
0.0567774
0.0654602
0.375465
0.0431334
0.0568608
0.0391021
0.238059
0.275881
0.118628
0.0759071
0.074971
0.182786
0.125884
0.0880498
0.401602
0.178266
0.201804
0.0654663
0.183789
0.241025
0.0424704
0.0100614
0.0221852
0.0106267
0.0526285
0.0582907
0.324821
0.180084
0.0303091
0.0011116
0.0921788
0.169951
0.0879185
0.105825
0.265004
0.134118
0.0810199
0.0497023
0.132866
0.0864176
0.220303
0.0757493
0.163222
0.0810588
0.0817919
0.031312
0.283054
0.566734
0.210217
0.0728109
0.107515