0.115804
0.110312
0.132461
0.115793
0.0595608
0.0122777
0.015378
0.0453796
0.0510728
0.345959
0.29896
0.0724938
0.0112171
0
0
0.00248895
0.0880332
0.244957
0.164008
0.321669
0.1444
0.0282279
0.0254098
0.0688749
0.044412
0.499353
0.350861
0.0930801
0.0347936
0.00498537
0.00392771
0.0116151
0.0226582
0.160643
0.16726
0.0371438
0.004923
0
0
0.000835759
0.0415712
0.224346
0.212341
0.0847996
0.0180474
0.011756
0.0014921
0.0197799
0.0282249
0.299387
0.173247
0.031186
0.023798
0.00126962
0
0.00579524
0.0621376
0.733117
0.320732
0.019173
0.0164572
0.0167264
0.000994734
0.00275353
0.0611541
0.191652
0.0894514
0.0213449
0.00864166
0.00592783
0.0091113
0.0301553
0.258701
0.14631
0.066834
0.011038
0.00237556
0.0015628
0.0248939
0.238481
0.0926935
0.499963
0.211437
0.00405879
0.00173712
0.0101158
0.00322791
0.0157166
0.379968
0.43907
0.19288
0.0144002
0
0.00545445
0.010668
0.268001
0.223283
0.0360592
0.0181553
0.00200241
0.000884125
0.000442138
0.0224494
0.308791
0.184994
0.0259953
0.0130896
0.00339278
0.0151521
0.00826747
0.0356584
0.416701
0.285721
0.0815497
0.0431745
0.00429655
0.0092902
0.0177701
0.02903
0.411041
0.295594
0.0103008
0.00320565
0
0.0287814
0.0439426
0.0405533
0.491482
0.134297
0.0190824
0.00728153
0.0168332
0.0232497
0.0170219
0.0634485
0.291703
0.0611004
0.0297911
0.0185187
0.0580633
0.0403316
0.0547151
0.118696
0.211254
0.237255
0.0101031
0.00642698
0.00129686
0.00868028
0.0406147
0.0975774
0.510615
0.0987038
0.0203797
0.00887527
0.00893618
0.00793062
0.275012
0.437184
0.404579
0.0189941
0.0155126
0.0631185
0.0825634
0.0645524
0.0973193
0.0834999
0.0830643
0.0182291
0.0244111
0.0864506
0.0980379
0.0651484
0.0375595
0.0132467
0.00547085
0.0252516
0.0110842
0.0270626
0.0310288
0.0448089
0.595599
0.554681
0.136527
0.0302015
0.0325688
0.0763277
0.0858423
0.104777
0.340446
0.209628
0.00724729
0.0263206
0.0425044
0.140699
0.210735
0.0962158
0.0492331
0.021656
0.0136976
0
0.0278946
0.231796
0.371232
0.234393
0.0384878
0.0281789
0.00642484
0.0310562
0.0582219
0.201055
0.266785
0.189853
0.125871
0.0558503
0.0134038
0
0.0688509
0.301856
0.463578
0.220105
0.0646275
0.0169535
0.00428323
0.0457594
0.108028
0.0679215
0.10645
0.0513235
0.0209496
0.0185881
0.0205757
0.023598
0.283395
0.221628
0.0298098
0.00961467
0.0118795
0.00639988
0.0100915
0.0420125
0.0552934
0.131906
0.138497
0.0318742
0.0365589
0.0659878
0.0430105
0.0112217
0.316115
0.714889
0.321366
0.00633674
0.0177394
0.0138711
0.00889794
0.0101518
0.272945
0.141305
0.00847486
0.00563196
0.00159596
0.000460228
0.00405703
0.0161141
0.444101
0.226179
0.00305536
0.00283844
0.00114194
0
0.000602281
0.00298428
0.360034
0.416938
0.0624368
2.03989e-005
0.00179489
0.000690342
0.00101426
0.00501967
0.444101
0.328621
0.0101849
0.000264112
0.000878165
0.00139014
0.00274571
0.0438731
0.510476
0.231922
0.0483311
0.0051608
0.0139806
0.00144771
0.00201596
0.138731
0.376738
0.284532
0.141993
0.0148995
0.0196078
0.015647
0.0786485
0.014692
0.29144
0.202841
0.132607
0.0395124
0.0168038
0.00321635
0.0050263
0.0563394
0.167564
0.236245
0.315991
0.126041
0.0571146
0.0591072
0.0780292
0.197476
0.175551
0.177155
0.0597822
0.0421674
0.0865962
0.0669356
0.199991
0.214953
0.0437963
0.033866
0.0222137
0.0948296
0.229613
0.146991
0.334355
0.163785
0.189261
0.218157
0.134478
0.0948914
0.186574
0.128187
0.0963046
0.110726
0.140074
0.104537
0.044865
0.0752267
0.369235
0.373092
0.107034
0.121413
0.0490523
0.0437551
0.0449586
0.039927
0.0999314
0.124506
0.27365
0.050205
0.0248094
0.0280439
0.0741254
0.0411386
0.321473
0.44277
0.188041
0.0404239
0.17972
0.254643
0.116264
0.0894268
0.118674
0.181022
0.0902281
0.0265356
0.121514
0.281426
0.267864
0.163513
0.221955
0.231281
0.0632077
0.00443149
0.000265424
0.00448972
0.0145674
0.0163954
0.378688
0.294957
0.0229194
0.00485285
0.0144653
0.0200396
0.0167803
0.0280633
0.395712
0.182089
0.00412781
0.00157747
0.006053
0.0262245
0.0502303
0.0355477
0.397107
0.22034
0.011776
0.000206964
0.002454
0.00398266
0.00602409
0.0338739
0.481132
0.293178
0.00256759
0.00406196
0.0207634
0.0645568
0.0907143
0.0645572
0.198736
0.0837707
0.00553512
0
0.011554
0.0783309
0.215134
0.101465
0.0184739
0.00217795
0
0.00528966
0.00519166
0.0252835
0.066855
0.161966
0.740337
0.257296
0.00363737
0.0074947
0.00367315
0.0522282
0.253233
0.241856
0.170233
0.0218904
0
0.00406516
0.0031839
0.0864716
0.101163
0.00754049
0.0257114
0.153845
0.0939934
0.000558969
0.0444911
0.453371
0.401941
0.0051167
0.00470273
0.0269061
0.0289763
0.0260782
0.0194276
0.115884
0.0924085
0.0270805
0.0301935
0.262768
0.267005
0.00335633
0.0103313
0.30747
0.501994
0.096439
0.0162238
0.0591565
0.0636421
0.000913557
0.175882
0.483893
0.339453
0.0103716
0.000427305
0.000164348
0.000425354
0.00780932
0.219706
0.257774
0.089617
0.0131601
0.00233451
0.00796312
0.00578425
0.00260471
0.00549187
0.163231
0.588721
0.137885
0.00247146
0.000364083
0.00266703
0.0137639
0.00955514
0.0518798
0.184454
0.0942675
0.0056731
0.0105576
0.0126063
0.00868856
0.0882941
0.129053
0.20198
0.0546436
0.0112518
0.0118238
0.00696464
0.041873
0.124184
0.19133
0.363041
0.150946
0.14435
0.13274
0.0849045
0.0108708
0.0212426
0.0602569
0.300785
0.189429
0.00911237
0.0465045
0.0203428
0.109061
0.183099
0.22037
0.482197
0.233784
0.126427
0.245069
0.139381
0.0703738
0.096817
0.0757886
0.0697229
0.0713623
0.142145
0.151622
0.12114
0.0937901
0.0851932
0.0433478
0.0166844
0.0208259
0.13543
0.259523
0.302725
0.179308
0.091883
0.0753166
0.0773266
0.0493951
0.087449
0.148648
0.332993
0.267705
0.0381615
0.0163491
0.0063729
0.00907392
0.0365608
0.128757
0.607882
0.100223
0.18526
0.215439
0.0579877
0.0541478
0.0530742
0.173927
0.272001
0.043309
0.157359
0.272686
0.179547
0.13337
0.0861637
0.0843447
0.0733477
0.236158
0.142661
0.151904
0.0469976
0.0792706
0.0635917
0.14512
0.535767
0.0697657
0.126741
0.197913
0.167187
0.170564
0.074661
0.0750006
0.105107
0.00150207
0.0164829
0.0333517
0.0469201
0.057532
0.302348
0.103065
0.00563803
0
0
7.95344e-005
0.00856611
0.114173
0.646729
0.26872
0
0.00610145
0.014717
0.0270816
0.0536862
0.0690411
0.101014
0.0217283
0.00668688
0.00224487
0.00353758
0.00264162
0.204178
0.320174
0.389848
0.0909204
0.000770975
0.00223783
0.00076821
0.00389849
0.0388072
0.193449
0.540127
0.114314
0
0.00612336
0.00115231
0.0450478
0.120538
0.199259
0.187242
0.0170148
0.00467264
0.000205884
0.000391843
0.00927376
0.335375
0.38242
0.255304
0.0390071
0.00883576
0.0638878
0.0161943
0.05999
0.259839
0.271235
0.128151
0.0720517
0.117668
0.0545802
0.0152503
0.0394449
0.0827811
0.0867054
0.0553664
0.127038
0.192828
0.00593531
0.00613226
0.0933667
0.448473
0.219326
0.0352009
0.0439442
0.0365556
0.0416256
0.00480215
0.00732358
0.286421
0.203119
0.0513143
0.0487637
0.066141
0.00395835
0
0.00816317
0.503479
0.469269
0.0570766
0.0231651
0.0127453
0.0019416
0.00169705
0.0413283
0.549589
0.217114
0.00990724
0.00130609
0.00374062
0.0138284
0.00895776
0.0110329
0.144301
0.099666
0.020259
0.0105041
0.0189565
0.00256825
0.00206082
0.0154331
0.621795
0.348544
0.0605791
0.0112665
0.000907413
0.0140271
0.0195736
0.0332558
0.155645
0.105844
0.0410976
0.0107584
0.0122849
0.0190368
0.0285754
0.0459139
0.190777
0.148284
0.0152513
0.0297453
0.0307232
0.174233
0.197329
0.15755
0.271534
0.160625
0.0265241
0.106825
0.269642
0.0137143
0.037303
0.0903062
0.293646
0.208585
0.05222
0.0368989
0.0271806
0.147747
0.1198
0.192486
0.461685
0.199912
0.102685
0.153759
0.293327
0.198046
0.0755036
0.0430373
0.0340037
0.0115727
0.0100382
0.0308548
0.344421
0.24304
0.0216762
0.00598029
0
0.0027717
0.0258386
0.0812765
0.530745
0.169804
0.0342596
0.0456296
0.0837126
0.0139922
0.0481004
0.0454424
0.334122
0.19493
0.0309611
0.0494566
0.0537501
0.0564797
0.0626707
0.1189
0.458786
0.19739
0.112613
0.102277
0.0267824
0.0772142
0.151851
0.152319
0.421744
0.0552531
0.0975401
0.137892
0.0904777
0.141026
0.135904
0.0557157
0.0456737
0.101594
0.0723679
0.137419
0.208359
0.271734
0.270731
0.211964
0.29229
0.0407719
0.0565279
0.115038
0.20894
0.275864
0.233201
0.0735816
0.0307971
0.0144575
0.0099661
0.025548
0.0483801
0.0506884
0.0310578
0.00925811
0.00677679
0.00641969
0.0033828
0.0102074
0.477571
0.278335
0.0603155
0.00768112
0.00232395
0.028269
0.0127493
0.0202377
0.0723722
0.061448
0.0396334
0.0233785
0.0145654
0.0142388
0.00122217
0.0307544
0.702335
0.327398
0.0104829
0.0117664
0.00719735
0.000400997
0.000625009
0.0186003
0.487452
0.236389
0.0359324
0.00283843
0.00598923
0.0834747
0.0327396
0.0586707
0.258718
0.112432
0.0658404
0.0505503
0.10224
0.00322136
0.00143761
0.0301609
0.569328
0.310271
0.0184565
0.00369692
0.00877949
0.0924399
0.0314383
0.0774096
0.274666
0.129242
0.0684616
0.0226331
0.0753635
0.00545032
0.00278431
0.00897574
0.229389
0.228683
0.0584455
0.019996
0.0044071
0.000315706
0
0.00904861
0.367687
0.427989
0.195104
0.0952779
0.00508735
0.00992641
0.00251125
0.0108436
0.0694853
0.200995
0.173871
0.058665
0.00243776
0.00225826
0
0.00609531
0.0564304
0.202247
0.526197
0.270908
0.00718312
0.000468928
0.000391226
0.0104093
0.185637
0.221871
0.221482
0.0951479
0.00822906
0.00196551
0.00471206
0.0172623
0.0630943
0.0821071
0.132431
0.0440313
0.00403552
0
0
0.00477203
0.022717
0.0888911
0.590843
0.319552
0.0123436
0
0.00799573
0.0286347
0.0660134
0.0527363
0.456592
0.304884
0.00473389
0.0218591
0.0382469
0.0659506
0.174674
0.15797
0.10145
0.0485289
0.0156932
0.133528
0.0625582
0.0902338
0.213428
0.141423
0.142838
0.193643
0.318791
0.0446378
0.0679541
0.216264
0.329431
0.0828348
0.170239
0.120083
0.0105903
0.222057
0.187975
0.290557
0.291739
0.108021
0.0897342
0.0812721
0.33326
0.13156
0.0138315
0.0232547
0.0463967
0.0128516
0.0520626
0.0771153
0.384557
0.129275
0.0775042
0.094554
0.0803971
0.066281
0.0379308
0.0642423
0.360274
0.132151
0.157796
0.0709489
0.0500563
0.0407294
0.0444511
0.0453449
0.443523
0.180007
0.312094
0.104612
0.1161
0.0679668
0.0517056
0.061484
0.408128
0.0584434
0.15752
0.274475
0.27831
0.211118
0.0875634
0.060923
0.146031
0.026254
0.0800251
0.203148
0.270891
0.174309
0.0837048
0.0247727
0.0299511
0.128518
0.241132
0.194599
0.318665
0.249408
0.0886318
0.0430744
0.146116
0.026306
0.211931
0.204165
0.260728
0.201628
0.0382864
0.0103973
0.0310514
0.0104375
0.0180167
0.0241464
0.056629
0.0268599
0.0205721
0.0165364
0.0211514
0.00306671
0.0236599
0.066396
0.513087
0.157239
0.00564895
0.0111501
0.00732572
0.0159114
0.23572
0.174172
0.0442951
0.0153917
0.00643471
0.00524311
0.0231749
0.0187258
0.341994
0.515712
0.416131
0.0446912
0.00149622
0.00319233
0.00579748
0.00405139
0.0103568
0.0422916
0.546507
0.189027
0.00982155
0.0112661
0.00980114
0.0982179
0.0305649
0.0317734
0.206171
0.0802725
0.0322183
0.0532173
0.0855998
0.00680333
0.0963432
0.349048
0.546507
0.0550662
0.00343802
0.0118549
0.00576635
0.0707217
0.0505771
0.0837589
0.284712
0.0478013
0.0117021
0.0643734
0.0497309
0.0136442
0.00690065
0.0331338
0.063274
0.104195
0.142556
0.0643932
0.0032609
0.00341105
0.00280541
0.00293154
0.026212
0.0819903
0.763328
0.25069
0.00239015
0.00973966
0.0225988
0.0689013
0.146306
0.0335086
0.031981
0.0226865
0.00273414
0.0181486
0.0231809
0.027254
0.0533552
0.0706585
0.426404
0.103449
0.00984627
0
0.000215337
0.000213978
0.00125249
0.0165226
0.440845
0.16657
0.00106926
0
0.00365586
0.0116142
0.0264196
0.0178643
0.368167
0.259226
0.00376948
0.00217519
0.00187081
0.00200141
0.0028403
0.0205178
0.373305
0.148804
0.00194786
0.000542227
0.000352396
0.00115787
0.00492043
0.0149269
0.446019
0.409993
0.0195974
0.00809551
0.0189379
0.0941057
0.179849
0.0804172
0.225336
0.227118
0.0264647
0.0862195
0.110026
0.157005
0.173818
0.119259
0.0797141
0.107581
0.142949
0.0115184
0.00860632
0.00643296
0.0255165
0.0367867
0.341632
0.485297
0.180697
0.0897537
0.0772609
0.0301385
0.0434749
0.0512193
0.0808804
0.252873
0.430624
0.0719928
0.264247
0.112036
0.0491851
0.0540875
0.031101
0.0250798
0.141378
0.166923
0.426116
0.123014
0.0568661
0.0329405
0.0188778
0.0156977
0.159118
0.104157
0.178039
0.0841556
0.0358941
0.0473856
0.0138685
0.0881595
0.361027
0.278152
0.251908
0.0882843
0.0110745
0.0235864
0.0055584
0.0147086
0.481357
0.114553
0.175361
0.0684944
0.098797
0.0734655
0.0160625
0.00676671
0.056883
0.0386068
0.366643
0.1549
0.0798685
0.069639
0.00551805
0.00119166
0.00389163
0.222888
0.336041
0.0862749
0.0107999
0.00504035
0
6.59613e-005
0.168397
0.0800974
0.584712
0.395846
0.0149197
0.0106283
0
0
0.00736899
0.0198829
0.331937
0.179092
0.00961496
0.00436001
0.000341542
0
0.00285043
0.0174438
0.392862
0.387152
0.0751124
0.00249638
0.000838086
0
0.00076973
0.014273
0.450679
0.280341
0.00739295
0.00956443
0.0045523
0
0
0.0144887
0.40275
0.235255
0.0392647
0.0305086
0.0132923
0.000356097
0.00169221
0.00777221
0.249412
0.57627
0.345654
0.0321969
0.00637484
0.00251568
0.00256714
0.0127819
0.0198746
0.152939
0.326443
0.0937518
0.00708042
0.0157915
0.00613789
0.0108581
0.194718
0.229598
0.181661
0.0724207
0.0147104
0.00270863
0.0128717
0.0033209
0.00303295
0.13355
0.33286
0.1143
0.0049909
0.00180575
0.00858113
0.0188045
0.0610751
0.224701
0.340292
0.089585
0.0190955
0.0270275
0.0135116
0.0378607
0.0517876
0.110033
0.15354
0.236085
0.243461
0.106707
0.0444416
0.0243359
0.0372662
0.275188
0.374623
0.168675
0.0201112
0.0363272
0.0645387
0.0463978
0.0157941
0.14384
0.319695
0.296787
0.0603393
0.05856
0.10412
0.00383256
0.00358254
0.00531763
0.0221432
0.0700107
0.280236
0.13733
0.00768397
0.0261227
0.00342014
0.00659373
0.00772347
0.0218822
0.535725
0.617321
0.149056
0.00734158
0.00208442
0.0272244
0.0841497
0.1031
0.0643483
0.0228817
0.0127679
0.0434177
0.0136805
0.0598933
0.122387
0.0888013
0.115611
0.198459
0.167075
0.046003
0.0033282
0.00285373
0.000350638
0.00113619
0.127637
0.323836
0.310639
0.107231
0.0136604
0.00168806
0.00566564
0.00391297
0.0127887
0.163784
0.562744
0.066342
0.019074
0.0316339
0.0323589
0.0443464
0.0344614
0.153833
0.256872
0.155813
0.043446
0.0205764
0.0109621
0.0310666
0.0340874
0.142611
0.469605
0.103131
0.0115292
0.00670182
0.00708995
0.00887425
0.00214008
0.0665306
0.420306
0.266603
0.0314957
0.00662818
0.00177249
0.00522822
0.00128864
0.0119828
0.496423
0.146311
0.0307771
0.00884031
0.0061029
0.00801613
0.0135556
0.0758307
0.346987
0.340563
0.039851
0.0128016
0.0133765
0.00872016
0.00054149
0.0311766
0.414946
0.2912
0.241135
0.0586472
7.68032e-005
0
0
0.000366229
0.229167
0.124872
0.542767
0.299311
0.0159429
0.0123014
0
0
0.0189814
0.373815
0.114518
0.0509063
0.0143985
0.0160503
0.00197121
0.0104853
0.21856
0.168137
0.269472
0.178002
0.0623296
0.0713113
0.00370374
0.00312211
0.0407879
0.010315
0.687891
0.371899
0.0639201
0.05421
0.0143828
0
0
0.00650148
0.230335
0.162081
0.120348
0.101808
0.0451918
0.000552262
0.00206512
0.0141099
0.189683
0.167256
0.16665
0.151478
0.0132384
0.000173538
0.000315575
0.000441444
0.0377432
0.123545
0.228937
0.124092
0.0241238
0
0
0.00617163
0.0464938
0.0799086
0.253877
0.151583
0.036933
0.00308418
0.0115329
0.00210995
0.00465045
0.157231
0.420846
0.205415
0.0111722
0.00683111
0.0113401
0.0024653
0.0464144
0.145687
0.31262
0.172213
0.0279442
0
0
0.00164353
0.0229158
0.125211
0.498093
0.359853
0.0279269
0.0191
0.0146059