0.12817
0.100434
0.231824
0.094719
0.167072
0.166179
0.111248
0.144329
0.149877
0.155839
0.122385
0.0257937
0.0631423
0.0888266
0.106157
0.196738
0.334216
0.182845
0.194495
0.0691548
0.10628
0.114214
0.0704432
0.175922
0.329602
0.280943
0.35937
0.143211
0.154001
0.0864891
0.0553651
0.132418
0.0965304
0.082258
0.0786386
0.00914015
0.0655642
0.0637642
0.0605597
0.0882584
0.114635
0.0807287
0.0345843
0.0160069
0.0315759
0.0255388
0.0584227
0.125956
0.409906
0.318089
0.254194
0.0686595
0.0858082
0.0740986
0.0279875
0.0789556
0.44124
0.345704
0.10982
0.00448289
0.0531416
0.0424675
0.074747
0.407244
0.0974331
0.0669219
0.00946391
0.0190673
0.0140914
0.00302655
0.038786
0.129583
0.22293
0.0801242
0.0179234
0.0433592
0.0443147
0.0283618
0.0498785
0.200644
0.274165
0.296596
0.155506
0.00334363
0.0547609
0.0210304
0.0404002
0.314689
0.550358
0.242366
0.104617
0.000835906
0.0267104
0.00735807
0.0247023
0.373347
0.172956
0.0481568
0.0191011
0.0219653
0.0548288
0.0340464
0.0937074
0.198119
0.153902
0.025064
0.0138164
0.00717109
0.0480157
0.0258303
0.0777649
0.204891
0.41584
0.102081
0.0159923
0.00227046
0.00473539
0.0119313
0.0844043
0.368442
0.456974
0.0509806
0.0226778
0.0334507
0.0078293
0.015004
0.0808986
0.482502
0.123662
0.0395636
0.00586039
0.00229523
0.013881
0.0239904
0.0483475
0.159853
0.0543096
0.0287556
0.00616186
0.00603059
0.0143094
0.10911
0.128482
0.104284
0.30497
0.0221388
0.0140355
0.0202746
0.013461
0.0707787
0.135952
0.417622
0.0971294
0.0105472
0.000218123
0.00123533
0.0109709
0.41166
0.571404
0.225721
0.0164049
0.0167585
0.00525289
0.0123618
0.0231118
0.118836
0.125265
0.0352711
0.016053
0.0260303
0.0565735
0.0215734
0.0310129
0.0477061
0.0499174
0.0181869
0.00710484
0.000297725
0.000297725
0.0106928
0.0146563
0.60335
0.624916
0.0452851
0.0366661
0.0263846
0.0369415
0.0210266
0.0249887
0.258209
0.191738
0.0370761
0.115412
0.103141
0.146807
0.0535657
0.0831295
0.0395158
0.073233
0.0462502
0.234118
0.249921
0.239878
0.134884
0.0697432
0.0272163
0.031079
0.0738171
0.184125
0.134762
0.110997
0.0574717
0.0419591
0.110928
0.137303
0.0867627
0.547234
0.260093
0.162393
0.0909066
0.0592451
0.0417565
0.0765837
0.121377
0.236927
0.18629
0.153153
0.055053
0.0589515
0.0928836
0.0684997
0.113814
0.258898
0.221915
0.302423
0.218521
0.153053
0.0641833
0.106654
0.127716
0.106481
0.133992
0.0821719
0.0569585
0.104795
0.221291
0.206239
0.053098
0.11633
0.257216
0.395454
0.215082
0.0666707
0.102444
0.164726
0.0685256
0.212745
0.195531
0.135612
0.0880086
0.0669739
0.0701323
0.0434034
0.087543
0.207192
0.36749
0.192112
0.00926714
0.0465176
0.0623751
0.0366367
0.174686
0.0512703
0.241504
0.321086
0.119291
0.0246707
0.0301423
0.0385113
0.0520588
0.0318777
0.434198
0.437878
0.0359131
0.0333017
0.0357003
0.0160006
0.0261225
0.115879
0.353711
0.34427
0.0216316
0.0460281
0.0234457
0.0166111
0.110931
0.248263
0.26433
0.27226
0.0297004
0.0331871
0.0174085
0.0270455
0.166512
0.00719226
0.268666
0.347645
0.104858
0.11378
0.0694663
0.0197493
0.00389451
0.0521898
0.1429
0.29694
0.15651
0.198469
0.163468
0.085887
0.0569612
0.239044
0.105586
0.063496
0.0131245
0.0112115
0.108431
0.103392
0.209754
0.259489
0.0380923
0.0445026
0.106667
0.0359557
0.222032
0.13133
0.222818
0.0618339
0.0629554
0.11274
0.0567364
0.101873
0.303815
0.240316
0.108847
0.122866
0.0524256
0.0587789
0.0992339
0.0874503
0.467516
0.366144
0.113074
0.137588
0.00519738
0.0229697
0.0622708
0.0557027
0.205137
0.152506
0.168173
0.0341595
0.00058364
0.00358017
0.0124584
0.0530183
0.460695
0.475211
0.0841822
0.0991002
0.108768
0.105602
0.133401
0.136976
0.24663
0.132569
0.047611
0.0232635
0.0785334
0.0923969
0.176044
0.147844
0.330602
0.213263
0.00570704
0.00153282
0
0.000873946
0.00348927
0.00782743
0.340683
0.317597
0.0068046
0.012711
0.0131027
0.0120766
0.00762103
0.00496713
0.220077
0.199832
0.0151009
0.00536573
0.00591645
0.0132967
0.0347057
0.0226576
0.332071
0.299528
0.00340227
0.00604261
0.0151303
0.0129531
0.0140554
0.00722418
0.452678
0.485582
0.0298449
0.0750724
0.0867724
0.0704048
0.0280983
0.00533097
0.0715526
0.0930106
0.0290917
0.445755
0.132461
0.0621107
0.0235281
0.00284814
0.00269724
0.0134433
0.0693303
0.0691179
0.121608
0.115926
0.132501
0.0623205
0.300906
0.368212
0.0733633
0.510636
0.198694
0.141732
0.18085
0.103019
0.0295138
0.0185081
0.115072
0.0354544
0.0507363
0.0532053
0.0626327
0.125666
0.155569
0.160734
0.015677
0.0357852
0.231831
0.447786
0.133717
0.0664005
0.0804352
0.0670744
0.00942356
0.030234
0.0331607
0.05135
0.113695
0.299685
0.0882942
0.0407085
0.00694043
0.0194285
0.109264
0.274919
0.42834
0.426583
0.0482406
0.0114101
0.00452445
0.00888756
0.309459
0.55154
0.130153
0.0064172
0.0065612
0.00667954
0.00414962
0.00931421
0.301315
0.374799
0.0483709
0.0243117
0.00549807
0.00252101
0.00754255
0.00396578
0.101924
0.295072
0.338733
0.196641
0.00168349
0
0.00166321
0.0101183
0.0697999
0.1244
0.0894358
0.0741601
0.00548492
0.00547548
0.00701706
0.015867
0.0880677
0.152083
0.143964
0.144312
0.108081
0.0241139
0.00797091
0.101174
0.0222949
0.149038
0.199973
0.310713
0.272824
0.13798
0.066103
0.037863
0.0239785
0.0724381
0.267412
0.262032
0.0391206
0.01448
0.0106389
0.246157
0.134453
0.109555
0.361111
0.375234
0.112769
0.179949
0.131784
0.0829754
0.0201435
0.0582181
0.0507047
0.115723
0.155265
0.201315
0.0968785
0.208345
0.0826297
0.031334
0.0165877
0.0302699
0.14012
0.28923
0.21217
0.301865
0.0775185
0.0361822
0.0573115
0.0753314
0.0420832
0.129661
0.231207
0.50742
0.0529963
0.00691736
0.00971882
0.00417121
0.0114553
0.0856233
0.436971
0.241659
0.273933
0.142708
0.0863236
0.0657684
0.0635516
0.107939
0.199518
0.065907
0.195061
0.156712
0.179871
0.0950257
0.0674795
0.0647437
0.068394
0.426837
0.152533
0.0325547
0.113808
0.0481266
0.0143326
0.0937338
0.446712
0.109057
0.133776
0.0489124
0.225594
0.157118
0.0369294
0.108568
0.163831
0.0156436
0.0173904
0.02507
0.0424791
0.0242391
0.190946
0.161952
0.0136714
0.01013
0.00960347
0.00676194
0.0511963
0.14049
0.540092
0.491145
0.0440597
0.0105204
0.0203114
0.0183425
0.0579541
0.056352
0.0489681
0.0324531
0.0129287
0.00549913
0.0039274
0.0136105
0.261933
0.429605
0.167246
0.10783
0.0120394
0.0215679
0.0293603
0.0256218
0.137161
0.228912
0.282298
0.266984
0.0544361
0.107802
0.0743634
0.0733939
0.186261
0.206553
0.0498053
0.0282605
0.0478066
0.00317479
0
0.00362925
0.296725
0.568228
0.119662
0.0770434
0.0123069
0.0745993
0.154607
0.0935172
0.183643
0.291717
0.0616683
0.0238751
0.0320035
0.00666402
0.00469581
0.00682308
0.0551814
0.237132
0.0321326
0.0018867
0.00385761
0
0.00193619
0.0223293
0.318658
0.468152
0.0260669
0
0
0.00404036
0.00513073
0.00344326
0.115757
0.229174
0.018942
0.00243121
0.00290003
0.000259265
0.000532844
0.000990558
0.428097
0.559149
0.0164549
0.000166913
0.000259265
3.59021e-005
0.00738476
0.0437873
0.411528
0.397029
0.00848656
0.00107653
0
0.00622582
0.0177151
0.0442558
0.1135
0.123392
0.0105189
0.00820585
0.00503753
0.000331449
0.00191603
0.00388927
0.461257
0.557846
0.0202199
0.00667084
0.000331449
0.00970236
0.0100875
0.0239235
0.118394
0.147764
0.0240795
0.0164916
0.00970236
0.0214072
0.011081
0.0398267
0.190692
0.26301
0.0301513
0.0102315
0.00388132
0.224523
0.15946
0.105736
0.268815
0.333528
0.0630327
0.0679134
0.0724424
0.0138083
0.0112099
0.0944576
0.248454
0.194401
0.0334409
0.00956816
0.00617694
0.2165
0.138697
0.329143
0.396476
0.283541
0.0733766
0.0450993
0.0732111
0.26164
0.0746097
0.0390943
0.0429097
0.0315267
0.0110556
0.02479
0.157998
0.396801
0.00764942
0.00356665
0.00488913
0.000264993
0.00287757
0.0166003
0.321367
0.334043
0.0876137
0.0952563
0.0630978
0.0396185
0.0154422
0.0251116
0.180371
0.479551
0.0246387
0.0217007
0.0129127
0.0093467
0.04443
0.0430754
0.422225
0.353373
0.058164
0.00431533
0.0738531
0.0319808
0.0501794
0.116802
0.319786
0.0863075
0.0826778
0.0078571
0.159599
0.115111
0.0827199
0.113605
0.0788128
0.305584
0.0431934
0.0664888
0.152227
0.0932544
0.264109
0.188786
0.33937
0.0430617
0.0421786
0.0556835
0.313895
0.195218
0.263582
0.154952
0.0432305
0.00604438
0.0209746
0.0196815
0.0706062
0.0629549
0.0367911
0.0308161
0.0115652
0.0039107
0.00659634
0.0227262
0.427016
0.423104
0.0252988
0.0145444
0.00539621
0.0117412
0.0159958
0.0329438
0.120112
0.0809934
0.0609533
0.0497914
0.0219686
0.00540824
0.0105626
0.0242137
0.470568
0.529109
0.0262992
0.0401508
0.0135288
0.00223477
0.000554225
0.0081468
0.344721
0.416399
0.0131667
0.00149878
0.00467183
0.0532427
0.0895669
0.0499328
0.162991
0.181014
0.0236945
0.0406473
0.0921028
0.00335216
0.00218106
0.0143454
0.406259
0.505184
0.00466504
0.0133613
0.0071509
0.0862808
0.049707
0.0386452
0.178769
0.231924
0.0531448
0.0658893
0.153562
0.0089823
0.0254879
0.0338922
0.18501
0.139988
0.00866706
0.00396448
0.00286437
0.00108877
0.00879542
0.0297639
0.431541
0.554147
0.0337015
0.00455999
0.000503487
0.0322136
0.0839599
0.240404
0.191855
0.0489645
0.00578543
0.00598535
0.000503487
0.102482
0.133709
0.220558
0.300133
0.297417
0.128269
0.0675204
0.0416125
0.000518546
0.00297034
0.00651474
0.280747
0.492419
0.0814488
0.0251893
0.00220176
0.00992758
0.0110482
0.0138879
0.0701365
0.108297
0.0429982
0.0303821
0.0132106
0.0683314
0.0632644
0.0739141
0.15177
0.286098
0.392341
0.306862
0.0619933
0.0281615
0.0135724
0.0246663
0.0405049
0.0677912
0.294148
0.319813
0.0511901
0.0104386
0.018692
0.0572222
0.174273
0.181088
0.0861964
0.0430124
0.00877153
0.120754
0.0905306
0.189155
0.261139
0.298728
0.219004
0.247146
0.102866
0.0226762
0.0785373
0.0994245
0.147156
0.139349
0.132301
0.0918365
0.0203749
0.298589
0.251927
0.200897
0.200355
0.211765
0.199825
0.256921
0.181464
0.232379
0.0528047
0.0447754
0.0334262
0.0456958
0.0413107
0.082777
0.172029
0.426255
0.0546872
0.0332084
0.0119226
0.00705718
0.0303003
0.0248581
0.304685
0.300452
0.0535848
0.0335259
0.0309481
0.0359312
0.0542899
0.0758432
0.244311
0.49064
0.0823261
0.0438126
0.0183891
0.00298188
0.0289801
0.0273928
0.380787
0.251185
0.163444
0.131877
0.159612
0.0644225
0.111233
0.0526953
0.17194
0.0359919
0.130315
0.128793
0.322576
0.136522
0.100035
0.051938
0.0281654
0.415239
0.240865
0.112449
0.0573921
0.0903146
0.029145
0.0700179
0.365636
0.110993
0.193649
0.144956
0.169197
0.226135
0.0520307
0.0783228
0.145187
0.0116328
0.024389
0.0384498
0.0831954
0.0405925
0.0285056
0.0252637
0.0132103
0.0177012
0.0723813
0.106998
0.222543
0.274769
0.0144184
0.0202909
0.00907018
0.0154595
0.123221
0.218812
0.0667103
0.0599726
0.0218858
0.0213982
0.00912524
0.0494439
0.504359
0.645445
0.139142
0.070971
0.0055951
0.00645171
0.00337029
0.00552273
0.0516584
0.0936543
0.310728
0.365611
0.00368687
0.014735
0.00835147
0.0738418
0.0326802
0.0422126
0.189428
0.2124
0.0754507
0.0454976
0.111864
0.0278267
0.327531
0.433636
0.2294
0.182853
0.011227
0.00722981
0.00792673
0.0369032
0.0480823
0.109695
0.234505
0.321491
0.0736295
0.0531152
0.0707027
0.0580722
0.0541018
0.155756
0.0795615
0.0144272
0.0018054
0.000965281
0.00960942
0.198065
0.237325
0.154052
0.0920627
0.0379336
0.0312266
0.0415732
0.064791
0.177693
0.153553
0.313601
0.0837692
0.0155203
0.0196131
0.00643356
0.0440848
0.307588
0.491611
0.491611
0.154513
0.0573371
0.0181086
0.0517117
0.0829666
0.112183
0.138078
0.0768787
0.0257273
0.0185776
0.12465
0.161418
0.0780327
0.031841
0.0151528
0.014626
0.00698846
0.0117935
0.228896
0.30219
0.0440478
0.192611
0.324372
0.198522
0.0607412
0.0469941
0.20576
0.186022
0.0874868
0.0481233
0.0378545
0.0109812
0.0168446
0.0615511
0.461641
0.466608
0.0966305
0.00464841
0.0189836
0.035793
0.0636392
0.102199
0.117351
0.158258
0.00518823
0.0901446
0.0739801
0.0888568
0.117535
0.191714
0.0693167
0.0528011
0.0648863
0.00452651
0.00378815
0.0116398
0.0182575
0.124715
0.318073
0.562053
0.0865205
0.0975964
0.014204
0.0183835
0.0433537
0.179604
0.17617
0.455044
0.287745
0.196241
0.0829535
0.0709785
0.07586
0.0928008
0.0815767
0.0345292
0.172518
0.29922
0.154647
0.201786
0.11613
0.0122109
0.0579312
0.0335439
0.212182
0.254288
0.157384
0.0543476
0.0441649
0.0754039
0.0739684
0.119109
0.37152
0.381531
0.287328
0.216671
0.142963
0.0127684
0.0234782
0.0217276
0.25276
0.321595
0.128739
0.128794
0.0672052
0.0518623
0.020302
0.0334326
0.175308
0.146252
0.163331
0.15415
0.0626289
0.126739
0.023838
0.0238748
0.0798733
0.387839
0.135836
0.114477
0.0871465
0.00563612
0.00500188
0.019841
0.208262
0.248602
0.473452
0.359836
0.0165175
0.00734435
0.00869556
0.00677311
0.0954295
0.0120638
0.195346
0.261583
0.0253617
0.0258348
0.00427344
0.00311133
0.00424034
0.0298892
0.374036
0.414146
0.0200738
0.000136975
0.00202731
0.00386154
0.00264122
0.0452298
0.404579
0.392109
0.0170549
0.00385202
0.00535668
0.00011777
0.00662132
0.0327485
0.323302
0.309465
0.0229525
0.00429412
0.011375
0.0164165
0.00666685
0.0521063
0.389978
0.3754
0.0681807
0.0995616
0.0464893
0.0296212
0.0304522
0.173206
0.0532638
0.0873817
0.109303
0.246168
0.120893
0.0946674
0.216273
0.065962
0.25706
0.166992
0.0308821
0.0406409
0.0455563
0.0628451
0.056264
0.378462
0.270375
0.058402
0.0223497
0.060793
0.0714694
0.0641624
0.249599
0.16407
0.225103
0.159052
0.0386529
0.0181477
0.0212853
0.0354955
0.0634808
0.145517
0.163086
0.239855
0.107129
0.0781299
0.0507712
0.140768
0.09809
0.185613
0.277061
0.148065
0.0276462
0.0180053
0.0361149
0.228447
0.262942
0.327139
0.151919
0.0527165
0.0249501
0.0558975
0.0823294
0.375847
0.392464
0.0915295
0.114637
0.0885238
0.066576
0.0532352
0.125711
0.178195
0.0693402
0.0752618
0.0298322
0.0216254
0.0205907
0.0673604
0.230364
0.400171
0.127771
0.240727
0.137802
0.0359365
0.0163814
0.0297169
0.0785399
0.331773
0.232303
0.287504
0.06426
0.0878594
0.051529
0.077907
0.168498
0.369269
0.333236
0.049247
0.00193011
0.0113349
0.0013865
0.0313807
0.121312
0.37678
0.116286
0.0881917
0.00138433
0.000459421
4.2284e-005
0.0110068
0.0892676
0.338869
0.24578
0.356011
0.0527166
0.043298
0.0252231
0.0335408
0.147279
0.242628
0.234474
0.37678
0.14295
0.00285962
0
0.0044664
0.146088
0.248832
0.288859
0.207187
0.0389858
0.00781397
0.000575874
0.00583666
0.0646166
0.135137
0.380146
0.319838
0.0731334
0.0281274
0.0163072
0.0109349
0.0380683
0.0462253
0.252879
0.399089
0.170102
0.0511877
0.0211415
0.0161307
0.119784
0.20026
0.366863
0.282078
0.15962
0.117471
0.0809832
0.0600838
0.0693612
0.117816
0.182018
0.424961
0.0800047
0.0198736
0.0154908
0.00568647
0.0104327
0.00971027
0.2519
0.277844
0.352356
0.24134
0.0613589
0.00256567
0.0382814
0.00523351
0.0994406
0.395886
0.141706
0.0537629
0.0364927
0.0274767
0.00924801
0.0183772
0.167122
0.332904
0.212441
0.0993713
0.133222
0.0181367
0.0574527
0.00971062
0.0992919
0.134266
0.454439
0.405944
0.0962116
0.0248221
0.0913856
0.0110974
0.0201331
0.0849809
0.229926
0.22419
0.0447449
0.0454341
0.125595
0.035776
0.0150177
0.141969
0.180912
0.142984
0.229454
0.111802
0.192316
0.0414498
0.0329324
0.0418968
0.0546114
0.129985
0.157127
0.296482
0.230114
0.0409201
0.00804387
0.0832404
0.0907898
0.0840414
0.0380588
0.0161375
0.0224587
0.0190991
0.0181333
0.358384
0.238624
0.0713985
0.0326998
0.00589246
0.0023414
0.0252418
0.100488
0.10984
0.0932452
0.113297
0.171876
0.305567
0.0620062
0.00507483
0.0105957
0.545764
0.219519
0.104568
0.204849
0.30972
0.127798
0.0824266
0.155