0.0914363
0.154058
0.323268
0.092527
0.0455137
0.0173765
0.0110993
0.0757508
0.0507154
0.146409
0.194797
0.246675
0.111178
0.0679973
0.0586415
0.0950117
0.177516
0.087137
0.295049
0.220458
0.360296
0.0626897
0.0553626
0.259195
0.134447
0.0935166
0.144085
0.186618
0.237171
0.108328
0.137327
0.273982
0.0527234
0.100619
0.0636263
0.144788
0.0834462
0.0839823
0.104218
0.0998449
0.186274
0.0820433
0.111663
0.0776748
0.0713681
0.0882148
0.115617
0.161319
0.088469
0.096184
0.102017
0.161527
0.0736236
0.0949529
0.184697
0.163605
0.503102
0.37636
0.175011
0.123652
0.147598
0.0868071
0.191674
0.320866
0.178057
0.0317546
0.0821668
0.0640588
0.0567241
0.070087
0.109637
0.130637
0.095943
0.0505794
0.118412
0.159045
0.10392
0.0803574
0.106492
0.0947391
0.498647
0.193067
0.0994496
0.0437403
0.0929466
0.0902097
0.194978
0.279243
0.234774
0.0937748
0.158809
0.115589
0.221748
0.315877
0.236464
0.179728
0.0547638
0.0943268
0.145229
0.211774
0.178084
0.0589698
0.0463177
0.0450666
0.169337
0.141541
0.0980292
0.234979
0.305963
0.0957369
0.0642226
0.0932423
0.0817973
0.0956275
0.23143
0.17363
0.318366
0.355876
0.114045
0.0266116
0.127145
0.177656
0.185667
0.16175
0.17669
0.176805
0.164617
0.103858
0.133239
0.121015
0.0583145
0.122926
0.176089
0.124208
0.0732893
0.0786813
0.123676
0.0962601
0.118122
0.151554
0.232211
0.301454
0.155676
0.106978
0.131568
0.204564
0.0533156
0.0664683
0.140565
0.16195
0.115636
0.0565332
0.303008
0.421143
0.174056
0.0949229
0.202571
0.222798
0.181252
0.125947
0.0371577
0.0276205
0.0539426
0.0705069
0.0931494
0.126008
0.0484323
0.0347434
0.10569
0.0944646
0.072285
0.0570832
0.0544686
0.0582422
0.0450566
0.059718
0.263798
0.403168
0.144189
0.0499203
0.060573
0.0354988
0.0548824
0.0750311
0.374172
0.560423
0.362543
0.0280426
0.0248091
0.00428593
0.0344284
0.0947096
0.127582
0.0625479
0.0531264
0.0401841
0.076498
0.0462237
0.0291195
0.054491
0.199097
0.046694
0.137467
0.109305
0.291683
0.0486009
0.0416148
0.184897
0.252573
0.34771
0.165716
0.0781894
0.12662
0.00601963
0.0374671
0.148184
0.282066
0.0987691
0.15725
0.418258
0.400492
0.0139657
0.0336052
0.11678
0.128147
0.0451015
0.172371
0.168359
0.361993
0.0924634
0.119301
0.222049
0.165836
0.050177
0.103591
0.0952113
0.176775
0.0938225
0.136724
0.237825
0.171475
0.0703187
0.0829232
0.076976
0.238681
0.145522
0.327338
0.275565
0.118316
0.0402826
0.0531878
0.0848514
0.126636
0.150167
0.241689
0.238386
0.0899051
0.0768839
0.0768258
0.125643
0.0697338
0.0900375
0.106764
0.0951614
0.253137
0.27797
0.138649
0.210943
0.255149
0.110169
0.13288
0.174593
0.0713938
0.0850817
0.0439771
0.143683
0.102355
0.179036
0.0963894
0.10626
0.21821
0.36492
0.250236
0.215932
0.232555
0.176092
0.166108
0.174701
0.260609
0.157831
0.0595201
0.0506741
0.12198
0.0752817
0.140299
0.139427
0.156783
0.151403
0.0615753
0.0960656
0.222017
0.218098
0.138659
0.0852367
0.231155
0.285832
0.157593
0.109354
0.0922898
0.0610106
0.124003
0.104385
0.279546
0.430806
0.118853
0.109653
0.104748
0.0919076
0.272466
0.107076
0.054434
0.0563745
0.0424995
0.0617487
0.124974
0.10032
0.027664
0.0266942
0.174419
0.134389
0.0694638
0.0227729
0.0285786
0.0583762
0.0459727
0.0356877
0.341713
0.371107
0.0991081
0.0596425
0.0595575
0.0394166
0.109899
0.0569559
0.500355
0.500355
0.223855
0.0712974
0.00828568
0.0268349
0.0300936
0.0658995
0.10908
0.184783
0.0435889
0.00587569
0.0173992
0.0270007
0.0336652
0.0130372
0.179236
0.414306
0.0933063
0.00455242
0.0178569
0.0179385
0.0259243
0.0273402
0.317882
0.427786
0.119754
0.0123508
0.00215736
0.00998629
0.0279036
0.0424702
0.427786
0.427786
0.152741
0
0.000539339
0.00155475
0.022681
0.0415354
0.18945
0.34943
0.0814527
0.00213565
0.00561787
0.00323943
0.0119652
0.0225206
0.201421
0.367621
0.106604
0.0193448
0.0551874
6.35825e-005
0.0448738
0.0740589
0.355054
0.367621
0.0673447
0.00624378
0.00681531
0.00872646
0.00575245
0.0384087
0.279016
0.310637
0.0138228
0.281435
0.246375
0.0349059
0.050509
0.120941
0.0993505
0.184067
0.0734703
0.159179
0.17432
0.00118325
0.0440215
0.0996389
0.0633338
0.0365481
0.0848824
0.404755
0.227017
0.0104911
0.0149062
0.0371212
0.067018
0.0555516
0.0467877
0.440782
0.362608
0.0142967
0.0409527
0.0677212
0.000574535
0.00229503
0.131015
0.440782
0.237779
0.00502199
0.00267987
0.00149379
0.0900176
0.069556
0.064132
0.0332436
0.133313
0.0514248
0.135237
0.101073
0.0587008
0.0475203
0.040464
0.0758407
0.111249
0.0560291
0.0964376
0.0959533
0.214424
0.265721
0.181773
0.14509
0.0793758
0.0502517
0.0807913
0.075706
0.454998
0.51165
0.223551
0.261567
0.111955
0.0381058
0.126679
0.159925
0.0463827
0.0888243
0.0145332
0.0524445
0.0362848
0.0392758
0.0261277
0.0374434
0.123357
0.295602
0.136658
0.0808319
0.054617
0.0296408
0.0403322
0.0431085
0.242897
0.452238
0.140856
0.110605
0.0391275
0.0139336
0.0432163
0.0489177
0.444241
0.452238
0.291276
0.102254
0.0277485
0.00510359
0.0340438
0.0385724
0.129012
0.183014
0.135532
0.0762789
0.0201554
0.010065
0.0339188
0.0423308
0.223959
0.311961
0.135088
0.0481995
0.0130919
0.0118444
0.0858682
0.0587017
0.33941
0.414232
0.190175
0.0623248
0.0089425
0.00112091
0.00739822
0.0514515
0.414232
0.414232
0.153893
0.0411164
0.00958032
0
0.00464042
0.061361
0.252292
0.307553
0.0841189
0.0153637
0.00696517
0.00359237
0.0327835
0.0205248
0.339879
0.358404
0.106683
0.0264827
8.68114e-005
8.05927e-005
0.00924695
0.0366811
0.334125
0.358404
0.0796279
0.051417
0.0248426
0.000604967
0.000539721
0.0494771
0.317296
0.358404
0.115781
0.156864
0.0378529
0.00268798
0.0443172
0.131137
0.287503
0.371656
0.0512921
0.00879083
0
0.000161579
0.0187746
0.0749893
0.371656
0.371656
0.046637
0.00571132
0
0.00342488
0.0213934
0.087526
0.247928
0.322918
0.0831723
0.062514
0.0266027
0.0048735
0.0793286
0.211218
0.271507
0.272606
0.131576
0.10819
0.0726613
0.0319723
0.0722506
0.174178
0.321048
0.340703
0.0339656
0.0442206
0.0225926
0.0102463
0.0226861
0.0722793
0.137654
0.11728
0.00804453
0.46474
0.242889
0.0298937
0.0182736
0.0702194
0.153667
0.141585
0.105328
0.194212
0.0773493
0.0434314
0.0900771
0.0704381
0.0435826
0.061555
0.0344573
0.46474
0.268765
0.0270567
0.0379062
0.0294732
0.0111747
0.00680875
0.0194853
0.42763
0.213103
0.00761615
0.00412712
0.0124668
0
0
0.0511242
0.42763
0.207467
0
0
0
0.00251
0.00394572
0.020871
0.42763
0.20616
0.00612499
0.00118313
0.00218828
0
0
0.0166549
0.42763
0.301319
0.0170254
0.00324944
0
0.0721502
0.129393
0.133085
0.152321
0.0698577
0.0686788
0.151066
0.0551297
0.18423
0.277353
0.216264
0.289406
0.0995117
0.105474
0.381665
0.12569
0.0181375
0.0304675
0.0692344
0.0935173
0.0738782
0.0639719
0.166824
0.0743766
0.034191
0.038451
0.114432
0.171769
0.125696
0.318776
0.436384
0.154369
0.110372
0.224079
0.108212
0.148841
0.0459104
0.064281
0.179025
0.0407811
0.242163
0.32364
0.131973
0.158163
0.0474809
0.0525057
0.231825
0.03119
0.032801
0.0330947
0.0317962
0.0820471
0.0748837
0.29034
0.363217
0.128444
0.0929248
0.0548967
0.0210881
0.105442
0.110607
0.314899
0.388176
0.162095
0.232218
0.356548
0.0878176
0.0597283
0.0178309
0.0131161
0.209764
0.0355293
0.239022
0.40175
0.033114
0.014565
0.0159037
0.00200509
0.0968855
0.0484877
0.0654651
0.0485093
0.0205391
0.0398189
0.0350213
0.200142
0.428012
0.112235
0.030487
0.0267508
0.00493501
0.0127337
0.0221011
0.176408
0.428012
0.15931
0.199876
0.28136
0.0680551
0.101059
0.0978432
0.0173175
0.0126519
0.0623839
0.23026
0.25594
0.216838
0.28906
0.132018
0.0316828
0.0334415
0.273403
0.0540833
0.0488155
0.0370749
0.0602646
0.0954001
0.10511
0.435066
0.177165
0.186687
0.156516
0.170174
0.084778
0.0983955
0.0492236
0.119748
0.304318
0.205827
0.169499
0.148634
0.0953882
0.0368075
0.00892943
0.0667209
0.318989
0.153224
0.253687
0.247259
0.116438
0.0715719
0.0442343
0.103636
0.201307
0.13509
0.0897277
0.119196
0.0926429
0.0351818
0.012313
0.0450822
0.251849
0.120185
0.407023
0.339445
0.253849
0.0728829
0.0710888
0.116281
0.171205
0.0571913
0.117829
0.0955266
0.142204
0.0742982
0.0653544
0.0988491
0.0403213
0.0267063
0.0299621
0.0203912
0.452015
0.238272
0.0520995
0.0448826
0.00835467
0.0955399
0.312279
0.144221
0.321954
0.151709
0.060938
0.113257
0.0293474
0.0388599
0.04766
0.0390611
0.452015
0.365977
0.0337593
0.0589264
0.00290605
0.00745844
0.00544402
0.0388828
0.41664
0.162972
0.0133818
0.00352347
0.000282855
0.0135007
0.0063508
0.0365834
0.41664
0.200543
0.0352308
0.0116954
0
0.0286345
0.0166228
0.0297389
0.41664
0.273456
0.016034
0.00209914
0.0289209
0.0565548
0.0254032
0.0322876
0.41664
0.328265
0.0215631
0.00779693
0.0433813
0.0911779
0.0265168
0.105771
0.100301
0.128115
0.0514904
0.0839957
0.114162
0.142596
0.0225537
0.0944694
0.152336
0.203727
0.428102
0.415366
0.261484
0.147832
0.136234
0.233868
0.0945429
0.0874909
0.060447
0.0450311
0.135431
0.0754824
0.1873
0.237198
0.199662
0.0853603
0.1074
0.120441
0.155069
0.0394439
0.0117041
0.0235992
0.0210906
0.0705782
0.25464
0.250854
0.227763
0.0476324
0.00927103
0.00351875
0.00140503
0.119038
0.446392
0.492746
0.303856
0.0240293
0.0733071
0.0690747
0.069478
0.0299918
0.0542535
0.0721216
0.0858585
0.105313
0.0813417
0.0146075
0.0185376
0.0591237
0.210923
0.26068
0.216589
0.0170615
0.0018676
0
0
0.0324142
0.23763
0.425015
0.128291
0.00392754
0.000434362
0
0.00121222
0.0240899
0.245669
0.425015
0.17487
0.0738825
0.0152843
0.000875036
0.000298313
0.0226436
0.109463
0.232867
0.208377
0.039217
0.00594298
0
0
0.0210257
0.236808
0.425015
0.276236
0.0106542
2.93438e-005
0.00244876
0.00347778
0.0122091
0.120455
0.432791
0.123546
0.0321086
0.0087005
0.0155381
0.00598043
0.00724584
0.0711034
0.397368
0.145777
0.00688334
0.00567307
0
0
0.0104637
0.249913
0.432791
0.162291
0.00300407
0.00152207
0.00051465
0.00120383
0.0205831
0.231829
0.432791
0.190788
0.0198232
0.0189457
0.03325
0.0842524
0.0585793
0.044171
0.173815
0.0825124
0.0304812
0.192797
0.168063
0.286968
0.138322
0.152776
0.225435
0.0744191
0.00853656
0.000199633
0.00167069
0.0205971
0.0442527
0.138898
0.48983
0.172229
0.0373337
0.0249143
0.0267553
0.0750096
0.0828872
0.212266
0.48983
0.247316
0.0416814
0.146805
0.119059
0.367971
0.110247
0.0658235
0.130679
0.0600085
0.0166676
0.0259288
0.0716046
0.442096
0.216697
0.00625254
0.0177415
0.0140925
0.0692612
0.0477896
0.0715499
0.278944
0.107324
0.0764275
0.298774
0.20078
0.039898
0.0240753
0.074547
0.442096
0.230874
0.00545819
0.0156974
0.0592219
0.0125341
0.00502609
0.0149124
0.387121
0.246686
0.0144285
0
0.0227071
0.0229142
0.00768096
0.007594
0.334809
0.342362
0.0163476
0
0.0340607
0.012983
0
0.0168811
0.387121
0.251465
0.0286373
0.000344332
0.0229686
0.0194745
0
0.00450587
0.387121
0.387121
0.0472068
0.000516497
0.0344529
0.158147
0.202382
0.123232
0.0529371
0.0349433
0.0858628
0.131119
0.129612
0.0559939
0.218308
0.110031
0.0885978
0.0227195
0.117326
0.198466
0.23488
0.095498
0.133895
0.0581687
0.349894
0.164325
0.138206
0.204737
0.117432
0.0491189
0.0757512
0.0148087
0.18899
0.128951
0.151702
0.365008
0.386736
0.0918296
0.242474
0.108126
0.163016
0.0233426
0.0655568
0.111426
0.206812
0.230355
0.23083
0.046552
0.109981
0.0532188
0.0847577
0.186367
0.298322
0.115522
0.0866501
0.0395652
0.108322
0.0619489
0.20356
0.279124
0.379037
0.123625
0.0819077
0.134027
0.193181
0.154777
0.203275
0.165951
0.120821
0.128973
0.0331854
0.00387589
0.00488316
0.0241837
0.0311941
0.184489
0.281165
0.130256
0.0364371
0
0
0.024465
0.225955
0.595883
0.424027
0.0731035
0.0252962
0.044143
0.0699892
0.0871784
0.050866
0.079214
0.0957217
0.0977994
0.029917
0.0183043
0.116686
0.222641
0.129532
0.193781
0.193102
0.0387888
0.0265081
0
0
0.0142021
0.192307
0.427472
0.180484
0.0197748
0.00662703
0
0
0.0230332
0.33116
0.462147
0.179741
0.0435308
0.0206389
0.00150005
0.0290466
0.101418
0.0918555
0.148302
0.0990445
0.0631743
0.0432687
0.0131243
0.0269354
0.0389362
0.225459
0.462147
0.129313
0.00226524
0
0
1.05327e-005
0.00481394
0.175801
0.424559
0.0985259
0.0132326
0.00213578
0.00439796
0.00202798
0.00237162
0.186671
0.424559
0.136443
0.0279621
0.019581
0.00732227
0.0105328
0.00208912
0.158783
0.424559
0.0848134
0.0101708
0.00260641
0.0117854
0.00970453
0.0379918
0.300474
0.424559
0.129884
0.0436332
0.0458925
0.0308826
0.173262
0.0617424
0.0971542
0.397029
0.170162
0.0313121
0.0630943
0.0522926
0.397029
0.164462
0.00982731
0.0635995
0.0805899
0.0307922
0.0574485
0.0353336
0.0768349
0.0378236
0.282368
0.397029
0.195619
0.0447355
0.0940965
0.0839012
0.351934
0.119751
0.138688
0.191074
0.150198
0.00640718
0.00979677
0.037121
0.407053
0.172545
0.0407805
0.000593581
0.0233095
0.00677794
0
0.0175817
0.376152
0.328789
0.061422
0.000890371
0.0325987
0.00883596
0.0214106
0.0676703
0.323501
0.209939
0.11175
0.0188899
0.0316165
0.000515125
0.00120196
0.0193622
0.407053
0.407053
0.0790474
0.00102381
0.0064552
0.00888167
0.0200663
0.047174
0.485006
0.180941
0.0446089
0.0397016
0.0144197
0.0420033
0.0470259
0.102657
0.252764
0.138473
0.0509915
0.0972327
0.101084
0.0361406
0.0060202
0.0545189
0.517307
0.235921
0.0167996
0.00854434
0.0127037
0.0737447
0.0590262
0.219781
0.320046
0.157611
0.0817904
0.0320013
0.114519
0.0737033
0.0414886
0.124155
0.0945855
0.0840731
0.1418
0.0882274
0.110841
0.0311724
0.0116575
0.207349
0.247624
0.199381
0.159557
0.0466775
0.0304328
0.124583
0.0505199
0.290127
0.166062
0.101392
0.168463
0.034144
0.182512
0.0495471
0.00706037
0.402757
0.403709
0.254585
0.218292
0.0103266
0.152001
0.0239682
0.0100056
0.0968966
0.182561
0.171771
0.0480715
0.0165787
0.0204305
0.0249436
0.00657985
0.058428
0.415636
0.247078
0.0703415
0.0388004
0.0440494
0.00684367
0.000968211
0.145812
0.272811
0.233055
0.11002
0.000925181
0.0325512
0.00383064
0.00367538
0.0987249
0.622997
0.20842
0.0376841
0.00151096
0.00443001
0.0340239
0.0481456
0.0195448
0.26218
0.21544
0.130216
0.0964689
0.0596368
0.166104
0.283068
0.065148
0.0939627
0.100361
0.145778
0.353797
0.129188
0.015669
0.0580058
0.0575387
0.446307
0.139208
0.0426246
0.0756547
0.0567001
0.101546
0.304613
0.106861
0.124003
0.161234
0.186802
0.190731
0.12139
0.0913606
0.0967666
0.0323325
0.0243855
0.0193427
0.0918518
0.400759
0.0783662
0.0365874
0.0158196
0.0217145
0.0235932
0.0913683
0.438483
0.520311
0.236096
0.0818955
0.10687
0.0484894
0.0237661
0.0754744
0.15553
0.0872611
0.0334859
0.0840926
0.060206
0.0502955
0.0323514
0.0915222
0.24198
0.208031
0.199729
0.0101603
0.0102673
0.010211
0.0134637
0.032545
0.296094
0.410289
0.20641
0.0706198
0.0444113
0.0557551
0.0906573
0.0764813
0.20658
0.326284
0.307974
0.0209285
0.0229215
0.0184248
0.0252908
0.0212037
0.0897636
0.241954
0.206188
0.201562
0.0452221
0.0118151
0.0356671
0.0387264
0.0859741
0.246632
0.407182
0.0694517
0.0456771
0.0414109
0.127299
0.178577
0.141299
0.0534371
0.148096
0.0133168
0.0106562
0.00349946
0.365053
0.405851
0.122462
0.0101477
0.0269299
0.201076
0.0574715
0.019371
0.0662084
0.145445
0.22823
0.0615361
0.203034
0.15144
0.0122976
0.0323386
0.233211
0.286849
0.362667
0.107294
0.26857