0.359597
0.0471806
0
0
0
0.00271766
0.0618814
0.321588
0.105439
0.0213474
0.00538835
0.00644557
0.0012672
0.140755
0.349539
0.365732
0.200389
0.00562451
0
0
0.0225819
0.0935986
0.126549
0.32105
0.0473609
0.000902538
0
0
0.00403168
0.104112
0.290473
0.409034
0.0516174
0.0128005
0.00746131
0.0079687
0.00225818
0.205018
0.293704
0.274773
0.118202
0.0497495
0.0353293
0.0313503
0.0106912
0.160637
0.135225
0.399283
0.0147602
0.00160349
0.000878511
0.00328286
0.00749256
0.320918
0.324846
0.24133
0.0490428
0.0157692
0.00528226
0.0194207
0.069825
0.404794
0.222549
0.206184
0.240012
0.198054
0.13305
0.205274
0.0601177
0.121141
0.0896866
0.417366
0.161479
0.123531
0.0701719
0.17855
0.11914
0.327203
0.366313
0.192926
0.103107
0.0647431
0.011984
0.0672244
0.133926
0.288468
0.0928487
0.219721
0.0709174
0.0341515
0.00446887
0.0540777
0.0575644
0.0631853
0.0347511
0.0918432
0.214493
0.042185
0.0368415
0.0472912
0.119976
0.347958
0.276101
0.25925
0.390931
0.0607874
0.131698
0.179269
0.182882
0.267703
0.117647
0.249667
0.175112
0.00882486
0.00226632
0.0104635
0.0241206
0.066948
0.0447997
0.158069
0.322551
0.0132373
0.0117137
0.027405
0.00152487
0.028667
0.0194365
0.221308
0.319306
0.0681195
0.127296
0.203157
0.0461016
0.109155
0.0575075
0.149456
0.565619
0.300741
0.124448
0.122607
0.00440353
0.0301315
0.0559566
0.154732
0.223966
0.0217817
0.0136959
0.0144317
0.000200477
0.0113248
0.0104873
0.133299
0.361759
0.208278
0.12947
0.0211813
0.000133651
0.00566845
0.00474299
0.101169
0.320771
0.122811
0.0412619
0.0153207
0
0.00520589
0.048084
0.117552
0.361253
0.117931
0.103394
0.0474021
0
0.0308938
0.0526734
0.180453
0.256488
0.288741
0.150364
0.0146949
0
0
0
0.0421147
0.381683
0.466256
0.187118
0.0170687
0.104533
0.0813869
0.0422237
0.180926
0.249667
0.0856628
0.0747789
0.0228272
0.0086419
0.0754883
0.0899317
0.240616
0.186549
0.0702448
0.0591275
0.0021556
0.019191
0.0433544
0.0990283
0.34965
0.285494
0.199188
0.0570528
0.0471295
0.392036
0.17333
0.128234
0.251206
0.106129
0.0321231
0.00647192
0.0765903
0.422057
0.127145
0.0799507
0.115047
0.108784
0
0
0.0024468
0.0953282
0.195225
0.147955
0.313722
0.186177
0
0
0
0.00761087
0.0491542
0.115656
0.474769
0.170564
9.40868e-005
0
0.004092
0.0770515
0.0847858
0.0799679
0.27753
0.381547
0
0
0
0.00314511
0.0132837
0.0315295
0.474769
0.138392
0.0022114
0.00366154
0.0136826
0.0114073
0.158389
0.12705
0.393174
0.122463
0.0088456
0.0146462
0.0609448
0.221529
0.408404
0.132158
0.154262
0.2949
0.00290847
0.00244103
0.00993816
0.0150869
0.00676751
0.0367597
0.42899
0.227006
0.0207792
0.0313455
0.0561305
0.222294
0.134843
0.131815
0.224206
0.0656589
0.00682246
0.0112963
0.0762068
0.437357
0.426167
0.0729157
0.0314199
0.0126553
0
0
0.0169324
0.045927
0.0312504
0
0.0121942
0.149572
0.0666761
0.0943858
0.155584
0.485417
0.296059
0.136221
0.0771845
0.237901
0.121688
0.141918
0.0911341
0.105709
0.0482626
0
0.0566041
0.0336452
0.00743717
0.00462209
8.6833e-005
8.6833e-005
0
0
0.0228783
0.147989
0.101373
0.031687
0.0041941
0.000134656
0
0
0.0515663
0.304362
0.134945
0.15567
0.110179
0.013693
0.0243596
0
0.0643182
0.641784
0.346086
0.326293
0.302745
0.0369719
0.0162397
0
0.0656948
0.089717
0.161115
0.0703368
0.00859419
0.000291036
0
0
0.0415222
0.243959
0.362632
0.299992
0.0600821
0.000194024
0
0
0.0307006
0.271879
0.331812
0.247908
0.0895338
0.00681938
0
0
0.0736315
0.31499
0.423056
0.271269
0.0476944
0.000259842
0
0
0.0713044
0.219353
0.349167
0.217481
0.0390454
6.75423e-005
0
0
0.0132161
0.215896
0.356679
0.147739
0.109044
0.243364
0.0902916
0.0280076
0.134597
0.192833
0.184482
0.0890086
0.0240497
0.000896733
0
0
0.0206205
0.105993
0.101863
0.0195216
0.399934
0.419481
0.033279
0.00513659
0.0451844
0.0536371
0.0583592
0.0204411
0.142337
0.396814
0.0790658
0.0303851
0.0746455
0.0413034
0.0572738
0.0100239
0.134767
0.341539
0.0345906
0.0138499
0.0254116
0.013641
0.00743633
0.000296255
0.420392
0.420392
0.0282364
0.00267229
0.0162288
0.0405284
0.0471028
0.00820738
0.273732
0.420392
0.0244395
0.0145121
0.0902178
0.209969
0.0826931
0.0296093
0.0539891
0.0419009
0.0245677
0.0412394
0.291534
0.276231
0.0416138
0.0494267
0.00380055
0.0389415
0.0508395
0.0479696
0.407128
0.246426
0.243779
0.102525
0.116244
0.153827
0.0990415
0.103235
0.289089
0.198
0.288709
0.249024
0.0258533
0.0684443
0.0832721
0.083808
0.241514
0.291105
0.0178137
0.0407768
0.0124983
0.114567
0.0396128
0.0456248
0.380357
0.237722
0.11778
0.124049
0.0911042
0.275747
0.114917
0.244037
0.258881
0.11831
0.136157
0.2223
0.0917528
0.136423
0.0738293
0.0295549
0.0982295
0.183644
0.115729
0.154637
0.247352
0.185397
0.0562798
0.0302505
0.1879
0.134899
0.175662
0.144704
0.0881569
0.113517
0.0677069
0.0798299
0.0663437
0.340876
0.338638
0.312635
0.0610145
0.0356887
0.0364084
0.0125592
0.0658699
0.183605
0.222013
0.159062
0.120759
0.0651386
0.0312742
0.022374
0.122857
0.318358
0.383528
0.27024
0.0414989
0.00978223
0.0351568
0.0188388
0.117433
0.302253
0.287004
0.209366
0.0883995
0.0115823
0.0348889
0.00157332
0.0560192
0.467123
0.246859
0.175919
0.206466
0.0273011
0.0214476
0
0.0531462
0.18689
0.22784
0.117714
0.0379138
0.0337398
0.0121192
0.00235998
0.0654643
0.292993
0.30591
0.0639738
0.106687
0.0979178
0.033525
0.0475118
0.171678
0.389355
0.198876
0.186411
0.117088
0.030139
0.00184947
0
0.103981
0.235556
0.162648
0.0785881
0.0317681
0.0548887
0.00999109
0.00259322
0.12305
0.282941
0.219939
0.0947992
0.169702
0.180417
0.0315483
0.0811043
0.347861
0.165698
0.0550824
0.08524
0.177826
0.289407
0.0334813
0.0338168
0.277213
0.0454963
0.0207833
0.00547723
0.00471602
0.0105309
0.00207024
0.000907272
0.0149204
0.00827445
0.00303377
0
0.443458
0.43681
0.00135252
0
0.00289312
0.0159579
0.00347906
0.0116605
0.0265836
0.0461711
0.0060128
0.00253622
0.021692
0.00570218
0.00113153
0.00206087
0.521818
0.530225
0
0
0.00417712
0.000321359
0
0
0.373762
0.402586
0.00705832
0.00101578
0.000209424
0.0299087
0.0120254
0.00608317
0.232212
0.327025
0.0347374
0.046274
0.0775976
0.0164558
0.00331648
0.000750611
0.402586
0.402586
0.0207298
0.0171727
0.012699
0.115094
0.159894
0.0500198
0.229001
0.235892
0.0485621
0.0654705
0.0751199
0.160223
0.106061
0.0457692
0.0425016
0.0775638
0.0436283
0.0532534
0.137719
0.136364
0.150615
0.0986581
0.0224556
0.0281492
0.0173777
0.0213101
0.0785505
0.269489
0.238918
0.0996611
0.0251771
0.031215
0.000970811
0.00351517
0.156186
0.520635
0.128938
0.0629162
0.0162503
0.0179619
0.00984188
0.246454
0.530034
0.059949
0.0546919
0.0743013
0.0794145
0.0789499
0.0234117
0.0135661
0.0242791
0.0731431
0.0146834
0.0335548
0.151145
0.119318
0.0533796
0.0264954
0.0844967
0.245031
0.0208022
0.00513342
0.0320082
0.0744676
0.0602943
0.554045
0.486461
0.0821638
0.0125947
0.0010041
0.0739277
0.127185
0.11414
0.368293
0.192704
0.180211
0.0933756
0.0592023
0.121249
0.0711119
0.0456456
0.0200179
0.170958
0.184376
0.138605
0.0727817
0.0250087
0.00795471
0.0112468
0.00714665
0.112531
0.235052
0.0274286
0.000430258
0.11365
0.219713
0.133744
0.147017
0.305005
0.242985
0.042671
0
0.0741219
0.20645
0.213816
0.114688
0.530935
0.100732
0.0496813
0.0328495
0.0797233
0.104399
0.00125493
0.00072654
0.0626413
0.426549
0.329808
0.151252
0.249422
0.26537
0.0955738
0.109189
0.390038
0.114233
0.0200697
0
0.0255436
0.0578213
0.0938104
0.109045
0.257401
0.207876
0.00913721
0.0300223
0.0554032
0.057865
0.0492944
0.0602933
0.236875
0.22794
0.165894
0.140534
0.167749
0.13312
0.0452316
0.0806537
0.325421
0.117659
0.0626538
0.0902424
0.139883
0.143057
0.0111602
0.0243406
0.193008
0.100882
0.00906339
0.0369506
0.0462615
0.0165603
0.0106493
0.00850693
0.101083
0.0400322
0.376684
0.604133
0.0997196
0.017926
0
0
0.0244192
0.0477385
0.0374067
0.0104803
0.0103776
0.0186908
0.00143004
0.00143808
0.0231836
0.0614432
0.025377
0.00425649
0.35186
0.323287
0.000644995
0.00264053
0.0383348
0.0952117
0.313205
0.238318
0.0913386
0.0472005
0.000644995
0.0384588
0.046229
0.13415
0.173458
0.0619498
0.485557
0.485557
0.00697548
0.0601638
0.0880129
0.0346102
0.0383156
0.00691771
0.360066
0.334448
0.0190627
0.0258391
0.0212588
0.10627
0.21633
0.0662807
0.175049
0.140333
0.0520995
0.0501586
0.0431178
0.0285705
0.0776134
0.0637195
0.456431
0.384942
0.0269148
0.0406071
0.01701
0.0753311
0.16314
0.109503
0.279004
0.145682
0.160579
0.211909
0.0718149
0.142299
0.283883
0.150282
0.0248378
0.0278183
0.0420611
0.0458884
0.0761353
0.265841
0.132231
0.0864988
0.0172547
0.0246147
0.074373
0.342388
0.339977
0.0801135
0.218021
0.279756
0.1374
0.0730006
0.168154
0.132846
0.0757752
0.195744
0.088874
0.101738
0.0794889
0.0821554
0.238619
0.279569
0.258692
0.0841959
0.0158404
0.00345024
0.00207339
0.0262397
0.0902035
0.423824
0.213344
0.0305483
0.00804784
0
0.0127639
0.0325639
0.113083
0.395379
0.16747
0.129202
0.0432068
0.0550107
0.028667
0.0474936
0.110833
0.267802
0.188665
0.0754949
0.017351
0.0313419
0.0112494
0.0547074
0.166852
0.483308
0.309453
0.0427216
0.0127106
0
0.0351547
0.0736541
0.0725477
0.190361
0.122862
0.0693938
0.0291396
0
0.0381098
0.0920581
0.183651
0.154753
0.170604
0.0444034
0.00788362
0
0.0108772
0.0414748
0.255072
0.487219
0.192243
0.0885914
0.025317
0
0.0181192
0.0749417
0.451057
0.450118
0.143142
0.0537841
0.018161
0.00366229
0.00705932
0.0290432
0.145053
0.173407
0.156548
0.0199249
6.17242e-005
0.00549344
0
0.00749502
0.0780451
0.159953
0.138095
0.124022
0.0360959
0.0227426
0.00454774
0.0619411
0.346965
0.370635
0.169156
0.0477743
0.0175291
0.0341138
0
0.0299801
0.415929
0.515019
0.260505
0.0047816
8.68304e-006
0.00532058
0.0197474
0.0174674
0.0164737
0.0582392
0.0487373
0.00603535
0.0996065
0.373315
0.107389
0.0610682
0.10306
0.06607
0.0280641
0.00872257
0.00069158
0.00593591
0.0144237
0.0219126
0.20897
0.517064
0.188886
0.0324826
0.00661904
0.130104
0.0720272
0.0794405
0.262483
0.511318
0.233182
0.0285956
0.16437
0.265959
0.175547
0.0517015
0.0568717
0.0790209
0.0456115
0.0323493
0.100454
0.0739092
0.439772
0.349839
0.0175858
0.0475255
0.0424662
0.0633605
0.0633221
0.100907
0.134368
0.0318828
0.105982
0.225828
0.201906
0.0666841
0.0852528
0.0670484
0.439772
0.330686
0.0178721
0.0583954
0.114734
0.0036931
0.0180515
0.0534842
0.402794
0.265007
0.0240678
0.0211202
0.00318989
0.0389986
0.044379
0.0730504
0.269456
0.119128
0.106136
0.141826
0.0565629
0.0059337
0.00938467
0.0372948
0.402794
0.376404
0.0133776
0.00202881
0.00276332
0.0095792
0.0601229
0.114304
0.402794
0.304186
0.104163
0.0685678
0.0221549
0.14103
0.146087
0.170729
0.130217
0.0490032
0.140276
0.0705683
0.0360754
0.247568
0.0977855
0.122841
0.10189
0.0953951
0.189766
0.0552379
0.137697
0.423811
0.283293
0.168231
0.0738663
0.0126739
0.0616191
0.0889689
0.113849
0.395623
0.218761
0.209457
0.186811
0.146604
0.1041
0.0928146
0.175396
0.281177
0.115126
0.154594
0.0602825
0.0538599
0.0513589
0.0572697
0.193585
0.30438
0.0973395
0.0664923
0.0118293
0.042533
0.0848322
0.280916
0.382752
0.299937
0.172299
0.200791
0.18579
0.118987
0.0392025
0.0333593
0.140883
0.331174
0.14127
0.0624006
0.105026
0.0454692
0.0723367
0.0660072
0.222533
0.131782
0.0116114
0.00210378
0
0.0234192
0.220138
0.359719
0.170715
0.187793
0.0397418
0
0
0.0279579
0.348031
0.423918
0.185058
0.15043
0.0435063
0.0223104
0.0301927
0.0326757
0.128163
0.155418
0.11383
0.266478
0.0909238
0.0449775
0.0165362
0.0133499
0.154183
0.283002
0.298569
0.244417
0.0725709
0.0141085
0
0.0164214
0.142033
0.173239
0.206867
0.0991923
0.0326468
0.0211627
0.00290962
0.00821874
0.21364
0.430737
0.207002
0.34112
0.111551
0.0714816
0.0104498
0.00221576
0.0366986
0.0943412
0.33351
0.192735
0.0564877
0.0833644
0.00930363
0.0157539
0.121445
0.371708
0.233338
0.00582149
0.000738358
0.00259358
0.00910292
0.00337596
0.149704
0.420478
0.110543
0.0158837
0
0.0140001
0.0192169
0.00814736
0.198773
0.422448
0.193669
0.0207542
0.00490932
0.0254402
0.0300057
0.0230313
0.158219
0.425705
0.0800891
0.0307558
0.0100985
0.0892217
0.116481
0.0245081
0.236659
0.408832
0.16542
0.0618925
0.024482
0.0176491
0.0257456
0.00402599
0.136237
0.258045
0.252787
0.115218
0.076028
0.140914
0.385952
0.200768
0.0447692
0.0915602
0.133947
0.0837325
0.0323814
0.0633092
0.0802729
0.0230502
0.255433
0.30034
0.200372
0.188113
0.169254
0.207325
0.265192
0.142705
0.246141
0.213565
0.15419
0.0180183
0.0183624
0.0707055
0.370016
0.261563
0.00713684
0.00424258
0.00547769
0
0.0252304
0.079299
0.411232
0.322632
0.0429097
0.0167077
0.001989
0.0423222
0.0602124
0.118345
0.345458
0.232128
0.036058
0.0306547
0.0343257
0.00024772
6.64409e-005
0.0996954
0.411232
0.30116
0.0108131
0.000663329
0.00547373
0.257825
0.134284
0.0823492
0.0895062
0.0944517
0.0653734
0.0770662
0.105873
0.248626
0.109824
0.0663737
0.131985
0.134126
0.227984
0.207461
0.185117
0.148847
0.22295
0.087851
0.0965405
0.249809
0.120733
0.0813234
0.0299161
0.172978
0.128377
0.0313892
0.109589
0.325853
0.337743
0.319854
0.157056
0.136561
0.0853227
0.0628066
0.109767
0.0705755
0.130711
0.194263
0.180883
0.127489
0.0514494
0.0574804
0.121114
0.0458869
0.0473666
0.0918239
0.117022
0.107132
0.0595337
0.00978678
0.0902053
0.234453
0.287031
0.475104
0.236357
0.106063
0.0339249
0.0539728
0.184578
0.344813
0.229692
0.247505
0.14386
0.167081
0.0378372
0.0688536
0.102997
0.0641343
0.0594328
0.0887817
0.134312
0.275787
0.0794268
0.165127
0.0874496
0.110515
0.042818
0.136128
0.201359
0.241366
0.0265054
0.0975309
0.234326
0.187716
0.176883
0.102767
0.304497
0.244322
0.022608
0.159794
0.16349
0.297874
0.194839
0.19726
0.316278
0.289146
0.121536
0.217246
0.0581869
0.0707393
0.0452915
0.0755727
0.138433
0.270238
0.153048
0.185385
0.0540623
0.0592673
0.163288
0.212812
0.132039
0.118824
0.0726277
0.159956
0.115875
0.225917
0.163296
0.16618
0.0702436
0.289319
0.242527
0.138278
0.124036
0.0961301
0.197235
0.303313
0.216718
0.0544605
0.0369639
0.0463006
0.0789761
0.0498849
0.114749
0.197787
0.061225
0.0563106
0.0648306
0.142953
0.201054
0.0472124
0.10765
0.301454
0.135157
0.180062
0.163026
0.06034
0.082087
0.0294387
0.0652989
0.162679
0.213876
0.167426
0.172809
0.0927161
0.121162
0.0412796
0.0868861
0.476122
0.476122
0.124296
0.129762
0.11469
0.0814976
0.0214721
0.115566
0.156526
0.101771
0.144128
0.148405
0.109953
0.0807364
0.0742066
0.227077
0.209188
0.133765
0.197546
0.225762
0.175732
0.0369145
0.0266136
0.0623085
0.25916
0.316655
0.280767
0.311169
0.243133
0.022654
0.0609342
0.0934325
0.254405
0.25953
0.0686034
0.0619479
0.124094
0.263028
0.151427
0.0919676
0.114566
0.107698
0.0464932
0.0341227
0.119648
0.512667
0.282106
0.0468543
0.0197765
0.0455878
0.196018
0.238376
0.116528
0.0992379
0.0906113
0.0742593
0.176256
0.16729
0.181921
0.217746
0.0678418
0.295778
0.153593
0.0965067
0.0991185
0.169287