0.354943
0.00677178
0.00213363
0.00113452
0.000746984
0.00153446
0.00389954
0.202608
0.401433
0.00160428
0
0.00160233
0.00380068
0.00320301
0.0047303
0.283288
0.400726
0.0362311
0.0139025
0.00975748
0.00214654
0.00038205
0.000391318
0.219944
0.44986
0.00358409
0.00110809
0
0.00205098
0.00305708
0.00156527
0.353548
0.307358
0.00526504
0.000151852
0.00114193
0.00433249
0.00597939
0.00149628
0.246077
0.424162
0.0254263
0.0054612
0.00253991
0.00238091
0.00311726
0.000487448
0.223164
0.33652
0.00298518
0.000283777
0.00095216
0.00182998
0.00285976
0.00195014
0.325598
0.499611
0.0117411
0.000671223
0.00142824
0.000319077
0.000939954
0.00402884
0.299717
0.383697
0.0489167
0.0170787
0.00675984
0.00320687
1.1071e-005
0.000985306
0.138083
0.397745
0.103188
0.0111707
0.00359763
0.00122898
0.00178334
0.0115382
0.162201
0.454912
0.0164446
0.000627417
0.000216223
0.000237624
0.000452253
0.00499875
0.224385
0.489507
0.0197775
0.000615602
0
5.94061e-005
0.000113063
0.00282312
0.279503
0.237973
0.0565329
0.000235851
0
0
0.00658877
0.0285069
0.273877
0.18721
0.00846149
0
0
0.00219385
0.00867254
0.0902582
0.467156
0.359295
0.00801358
0.00166375
0.00119572
0.000356851
0.00256285
0.0094274
0.300456
0.288962
0.0427223
0.00617773
0.00179358
0.0014274
0.0102514
0.0910544
0.474087
0.286422
0.0132769
0.000496142
0
0.00128919
0.00259267
0.0410678
0.217282
0.4509
0.0198041
0.00946565
0.000799015
0.00262384
0.000125239
0.00976677
0.214775
0.341427
0.115766
0.0016222
0.000212794
0.000376897
0.00270681
0.0428959
0.219253
0.419529
0.406269
0.0376484
0.000528359
0
0
0.00739119
0.192985
0.310717
0.0246452
0.0287289
0.0100065
0.00178082
6.14074e-005
0.00891007
0.187933
0.275364
0.0792085
0.0594463
0.0152738
0.0237549
0.00468737
0.0270112
0.2544
0.205113
0.489934
0.107285
0.0143317
0.000922139
0.00175504
0.00424614
0.121946
0.108875
0.525137
0.169566
0.0442836
0.120942
0.0439461
0.0416768
0.0979776
0.252467
0.0505524
0.0363043
0.0119175
0.056472
0.00885578
0.0295557
0.168148
0.577739
0.0200531
0.0289089
0.0143022
0.0348031
0.0040339
0.0068993
0.213017
0.09271
0.160125
0.0836159
0.173914
0.356826
0.0588068
0.0546251
0.0522861
0.35745
0.0597742
0.0812347
0.210782
0.25325
0.0187899
0.0130053
0.0775347
0.436105
0.117993
0.0592677
0.123627
0.0570388
0.0048225
0.00459901
0.242032
0.502947
0.0384482
0.0169767
0.029319
0.041778
0.0416988
0.0190996
0.407223
0.0466089
0.0586123
0.0535668
0.235981
0.221446
0.0114451
0.0164925
0.0445122
0.0635292
0.0397813
0.0294163
0.0836515
0.0692638
0.0681213
0.0677542
0.101279
0.37485
0.0240612
0.00438924
0.0369939
0.0440009
0.0478167
0.0189966
0.383465
0.584557
0.0787042
0.0224577
0.0489448
0.00978583
0.0212603
0.0353693
0.335441
0.0702504
0.021325
0.00814554
0.0751789
0.0867937
0.0658697
0.0611291
0.079421
0.138093
0.123751
0.0582478
0.108674
0.0298024
0.0254597
0.0314133
0.0508243
0.244318
0.0316668
0.0131546
0.00907312
0.0028415
0.00377814
0.016047
0.136787
0.3087
0.0470399
0.0122327
0.0167112
0.00506601
0.000672305
0.00744801
0.197134
0.104858
0.157045
0.0319768
0.0263842
0.00907183
0.0034262
0.00781848
0.0224169
0.265322
0.761491
0.0223908
0.0283564
0.0196905
0.000448203
0.00342192
0.0473494
0.126904
0.0660991
0.00659526
0.00706955
0.00114423
0.00307589
0.00374503
0.0815138
0.135401
0.280979
0.0190584
0.00479076
0.00171315
0.0123036
0.0336279
0.0952812
0.122801
0.602228
0.0121098
0.00824498
0.00297082
0.000768973
0.000113578
0.0132092
0.170871
0.627279
0.0460485
0.00319384
0.000428288
0.00307589
0.00247121
0.00276937
0.112924
0.285874
0.00419183
0.00046578
0.000370687
0.00266222
0.0126704
0.0333669
0.121878
0.516281
0.0174057
0.000104916
0
0
0.00181374
0.0236218
0.116335
0.516281
0.0220632
0.00031052
9.26718e-005
0.000665554
0.00119003
0.000424761
0.153354
0.516281
0.0188864
0.000947416
0.00043813
0.000812761
9.26899e-005
0.00268801
0.0665078
0.468435
0.049401
0.00187076
0.01253
0.0153168
0.0179646
0.0427884
0.0271149
0.259903
0.0567359
0.0560413
0.158387
0.0633356
0.0318946
0.0492054
0.146753
0.492948
0.0203783
0.0187242
0.130428
0.0502297
0.0387966
0.0346884
0.0599348
0.1006
0.0095071
0.197703
0.506069
0.109365
0.0579982
0.0463298
0.0072175
0.0513147
0.022067
0.213155
0.34393
0.0338308
0.0124278
0.0073128
0.0387819
0.0309978
0.042265
0.225475
0.254871
0.0058931
0.00228797
0.00298594
0.00061891
0.00184507
0.00416126
0.368828
0.49378
0.0250662
0.00746178
0.00581778
0.00357788
0.0196591
0.0295134
0.33693
0.409263
0.00118813
0.00194773
0.000485178
0.0117015
0.0219746
0.0277687
0.128687
0.222739
0.00955593
0.0135403
0.0141134
0.0332022
0.0301079
0.0141655
0.0307131
0.0328573
0.0356133
0.0513465
0.0452469
0.063723
0.103044
0.0117647
0.204585
0.381948
0.0357439
0.0215934
0.0159748
0.309799
0.713927
0.0110896
0.0140318
0.0357075
0.035926
0.0332243
0.0359611
0.0268321
0.0427135
0.00485422
0.0077971
0.0161872
0.0114883
0.0157052
0.0195324
0.0886203
0.248811
0.0116471
0.00836185
0.00504238
0.00214413
0.00259164
0.0133315
0.175434
0.553192
0.0075049
0.0023203
0.00769313
0.00703959
0.00551398
0.0147622
0.274083
0.669051
0.0174454
0.000152458
0.00116772
0.00089962
0.00040969
0.0103512
0.079276
0.264619
0.00592079
0.00283399
0.00121673
8.05185e-005
0.000335742
0.00328507
0.133142
0.512355
0.00576539
0.00177513
0.00221559
0
0.000182547
0.00418533
0.135321
0.512355
0.023334
0
0
0
2.93215e-005
0.00104759
0.218132
0.512355
0.0285592
0.0102399
0.00283873
0.0125352
0.000996319
0.0149425
0.0858493
0.505556
0.0248651
0.00155905
0.000669082
0
2.65362e-005
0.00142818
0.0940028
0.505556
0.0632111
0.0072536
0.00375947
0
0
0.000307996
0.168109
0.434341
0.0550173
0.0332875
0.00852985
0.0200865
0.00410464
0.0432499
0.0969045
0.387847
0.118778
0.0507971
0.0222419
0.00986633
0.0494802
0.122721
0.133472
0.556494
0.0338133
0.00443629
0.0030532
0
0
0.00123892
0.154433
0.556494
0.0242787
0.0132939
0.00142271
0.00634061
0.00631422
0.0125011
0.129887
0.381397
0.0965726
0.0198576
0.0171042
0.00906295
0.0341252
0.0766207
0.148492
0.240836
0.115839
0.0832432
0.0251719
0.0250732
0.0103615
0.0260388
0.066789
0.185596
0.0160147
0.0604047
0.157417
0.0281971
0.0155951
0.0159594
0.019285
0.0234902
0.00350473
0.263779
0.511859
0.036714
0.0139558
0.00649012
0.0326535
0.0319896
0.0512529
0.178844
0.185727
0.03137
0.0141845
0.0111518
0
0.000137781
0.0162042
0.459767
0.511859
0.0173341
0.00490506
0.00232653
0
0
0.000177129
0.27503
0.418573
0.00647689
0.00135414
0.000336654
0.00146234
0.0055273
0.00522822
0.227626
0.290738
0.00364569
0.00655141
0.0012938
0
0.000161881
0.00349265
0.363812
0.440945
0.00124963
0
0
0.00139867
0.000655521
0.00511749
0.284521
0.401456
0.00709432
0.00607877
0.00134929
0.0377342
0.138148
0.0379123
0.144072
0.112959
0.00658678
0.00229834
0.00352247
0.188257
0.530274
0.0365577
0.0354445
0.0114393
0.00513292
0.00228638
0.00446722
0.0172162
0.125391
0.064689
0.356793
0.19413
0.0479659
0.109685
0.0287287
0.103651
0.439403
0.0923227
0.140989
0.0613224
0.0409997
0.331828
0.156931
0.158972
0.520375
0.0290674
0.0262398
0.016593
0.00414888
0.000433558
0.00488994
0.141337
0.520375
0.0776614
0.0588885
0.0103423
0.00295531
0.000219838
0.00573191
0.0740526
0.259065
0.0723269
0.109508
0.0813063
0.0268698
0.164891
0.119531
0.040002
0.285885
0.130169
0.233002
0.0870815
0.0755104
0.18425
0.0994225
0.107696
0.528203
0.0382671
0.0251153
2.56661e-005
0.00387579
0.00174192
0.0018221
0.185374
0.52703
0.0905791
0.065657
0.0157491
0.0317209
0.00927167
0.0218192
0.0502471
0.305005
0.0528523
0.0989113
0.0088942
0.0332883
0.185069
0.150508
0.0882346
0.200944
0.244444
0.165327
0.0226775
0.0270493
0.0957487
0.129709
0.193603
0.226356
0.143117
0.138151
0.0518416
0.0528802
0.022763
0.085329
0.188473
0.17941
0.110152
0.0731613
0.0376089
0.0387903
0.108531
0.252339
0.207108
0.154565
0.304791
0.181213
0.0620379
0.036793
0.0563811
0.0834015
0.558952
0.236531
0.0970709
0.0341707
0.0348875
0.0346664
0.0788291
0.195662
0.143536
0.256311
0.176061
0.0104669
0.0109825
0.0352345
0.0705542
0.139195
0.0901205
0.163044
0.269091
0.0930135
0.0304456
0.0424828
0.0221543
0.0280995
0.381658
0.23779
0.134363
0.0288085
0.0098016
0.0255558
0.044091
0.145959
0.125878
0.462078
0.415728
0.090358
0.0200073
0.0366481
0.0769445
0.0631527
0.00846992
0.0174679
0.0611712
0.114751
0.11046
0.0394912
0.0370588
0.00550569
0.000512769
0.00320418
0.0218704
0.368229
0.497185
0.0233098
0.0243826
0.00244559
0.00616689
0.176608
0.130921
0.0716362
0.180912
0.0656314
0.121785
0.0122604
0.00095845
0.026301
0.0242089
0.4121
0.497185
0.0571454
0.0831508
0.00582808
0.000623006
0.00141687
0.00596413
0.2703
0.433867
0.000927516
0.000314997
0
0.00283699
0.00167141
0.00293628
0.183098
0.363667
0.00775426
0.00278586
0.00118876
0.000934509
0.00183637
0.00343973
0.323811
0.433867
0.00490643
0.00238241
0
0.00210316
0.00843919
0.00305863
0.219461
0.433867
0.00895961
0.0122279
0.00383297
0.00300145
0.0127114
0.0137986
0.212547
0.211686
0.0608648
0.214874
0.0728879
0.0112214
0.0503492
0.0308542
0.0576425
0.0421913
0.0398229
0.60653
0.352412
0.00559032
0.000434881
0.00403689
0.195155
0.22252
0.0197145
0.096639
0.0523723
0.0170086
0.0155533
0.0098593
0.0126446
0.014578
0.0155764
0.335816
0.27968
0.0089997
0.018455
0.0242305
0.0393928
0.0417211
0.0159
0.335153
0.257835
0.00466503
0.0177966
0.0284308
0.0755893
0.0542526
0.0609258
0.415809
0.218436
0.00905302
0.0117772
0.00230414
0.00158419
0.00534895
0.00300731
0.299075
0.273431
0.00513144
0.00199858
0
0.000607843
0.00437001
0.016415
0.507067
0.332468
0.0113457
0.0191869
0.0134126
0.0269665
0.00627478
0.0274151
0.318995
0.208811
0.0420476
0.0382442
0.104324
0.0637522
0.010859
0.0231887
0.260129
0.180848
0.00599831
0.000305151
0
7.76053e-005
0.00048113
0.0160412
0.498814
0.296486
0.0099363
0.00758411
0.0130056
0.00506223
0.00240663
0.0403353
0.498814
0.310106
0.0809649
0.089752
0.123668
0.0451946
0.0121416
0.0395005
0.186558
0.0829339
0.212927
0.0897973
0.0358881
0.00335455
0.00864926
0.026274
0.160711
0.154414
0.00636783
0.0165244
0.0260101
0.00390713
0.00185749
0.0552544
0.548234
0.200983
0.0180784
0.0155969
0.0092795
0.0043963
0.00441546
0.0275361
0.548234
0.344129
0.133758
0.0557282
0.0480569
0.103982
0.0490629
0.0121277
0.0609173
0.10141
0.0415483
0.339324
0.281905
0.211849
0.142869
0.0499181
0.0557778
0.0324158
0.026268
0.0264342
0.0198157
0.155345
0.0817958
0.036565
0.327043
0.303234
0.0349967
0.129539
0.114365
0.317028
0.244544
0.1924
0.377591
0.147052
0.00405277
0.1807
0.100177
0.0946051
0.266834
0.0574872
0.0637189
0.00971285
0.000639693
0.0239957
0.0107041
0.266147
0.486353
0.0399131
0.0346548
0.00286027
0.0399291
0.0862596
0.0549749
0.191363
0.276969
0.0630763
0.193751
0.0330671
0.0253471
0.0270004
0.0332673
0.320728
0.486353
0.00710195
0.0283264
0.00612887
0.000130928
0.000249185
0.00186782
0.230062
0.452175
0.00270817
0.00117176
0
0.000934831
0.00610553
0.00257969
0.175467
0.407513
0.00694148
0.0141757
0.00668234
0
2.7067e-005
0.0051407
0.22198
0.452175
0.000706697
0
0
0.00565169
0.00626269
0.00176798
0.204742
0.452175
0.0151329
0.0148253
0.00527513
0.00323627
0.00470511
0.0116316
0.378213
0.409613
0.0272052
0.0156869
0.0233605
0.0225406
0.0353371
0.0264748
0.0363585
0.0565524
0.0403451
0.0735506
0.109059
0.00229248
0.0102777
0.0125016
0.421806
0.598067
0.0549571
0.0260026
0.0205443
0.0165816
0.0219923
0.0275635
0.0442642
0.0675367
0.0548972
0.0542575
0.0523321
0.0210351
0.0331202
0.00892219
0.00982014
0.0311928
0.0236272
0.210652
0.194824
0.0369498
0.00727161
0.00269821
0.0119855
0.0108237
0.0283341
0.75155
0.438423
0.0277127
0.0118473
0.0113366
0.0246543
0.0335728
0.0441683
0.064903
0.0352727
0.0531637
0.00987156
0.0143717
0.0218879
0.0121703
0.0619069
0.13468
0.0857591
0.0221608
0.00239193
0.00164469
0.00335932
0.000184591
0.00530771
0.377514
0.283691
0.0131211
0.00138927
0.000420909
0.00112217
0
0.023866
0.636874
0.399506
0.0305224
0.00500539
0.00459309
0.00879183
0.000379544
0.0111977
0.0797758
0.0857614
0.0394926
0.00581977
0.0162585
0.0163624
0
0.0159903
0.32325
0.161429
0.000964211
0
0
0
0
0.0197503
0.485821
0.157828
0.00293589
0.00156975
0
0.00050364
0.000153282
0.0107071
0.487977
0.233841
0.0112174
0.00380091
0.0112676
0.00692244
0
0.0160786
0.322278
0.0855975
0.0116484
0.00180437
0.00349723
0.00075114
0
0.0082324
0.487977
0.217812
0.00811118
0.00534016
0
0.0281965
0.0129928
0.0149305
0.351525
0.223247
0.0270904
0.0125148
0.00142209
0.0533177
0.0366111
0.0698575
0.397559
0.162714
0.00971666
0.000264541
0.000275098
0
0.00106147
0.00369276
0.473313
0.241587
0.00958684
0.00124483
0
0
0.0015922
0.0121389
0.494203
0.234599
0.0759147
0.0451459
0.0383371
0.124061
0.0710167
0.0434107
0.309253
0.066457
0.0610553
0.0636413
0.0870563
0.350286
0.472444
0.00999398
0.0802134
0.0100712
0.0455306
0.0211328
0.0135503
0.0207834
0.000642792
0.0307921
0.501945
0.134187
0.109325
0.0700197
0.109846
0.220478
0.111153
0.0441334
0.280243
0.060812
0.00345897
0.00980564
0.0189643
0.234901
0.453861
0.00132933
0.00338438
0.000191623
0.00470137
0.00552204
0.00548111
0.196805
0.473548
0.0115517
0.00583512
0.000680436
0.0275899
0.0163499
0.0529483
0.249807
0.269402
0.0146993
0.0490047
0.0184922
0.0102032
0.00994586
0.0119988
0.24838
0.473548
0.0144175
0.0062759
0.00429192
0.0217476
0.00114424
0.00141207
0.128741
0.233655
0.0393808
0.00872977
0.0693837
0.0499771
0.00257169
0.00367953
0.0115266
0.0187645
0.0246766
0.0154
0.121014
0.17228
0
0
0.0462866
0.158022
0.101807
0.0543342
0.480384
0.380204
0.000126704
9.06031e-005
0.00197048
0.0059473
0.00977938
0.008725
0.629165
0.0684573
0.00321709
0.00293094
0.00779506
0.00596881
0.0122705
0.010903
0.0737441
0.11194
0.00355921
0.00564805
0.00241628
0.00073672
0.0108583
0.0248588
0.0853378
0.415654
0.000962224
0.000418491
0.00149487
0.00182908
0.00468979
0.00180588
0.417863
0.568755
0.00111369
0.00118563
0.00023381
0
6.56213e-006
0.0038499
0.487864
0.107877
0.0016625
0.00217701
0.00212477
9.01152e-005
0.00594396
0.0244011
0.0760392
0.173855
0.0120164
0.0174048
0.00929799
0
0.00577017
0.0364279
0.0782503
0.490219
0.00240226
0.000350112
0
0
9.86884e-006
0.00452766
0.354382
0.626571
0.0159795
0.00328187
7.58368e-005
0
2.46721e-006
0.00243725
0.351039
0.121729
0.018912
0.0170753
0.00634312
0
0.0077308
0.0645011
0.0487544
0.154878
0.0112757
0.00589265
0.000719176
0
0.00478222
0.1858
0.157951
0.564102
0.0180029
0.00322609
9.9138e-005
0
0.000110192
0.000502768
0.217579
0.564102
0.0115283
0.00127046
2.47845e-005
0
0.000440767
0.0473417
0.390082
0.112731
0.00384791
0.000537338
0
0.00461427
0.00399594
0.236685
0.18425
0.0770954
0.0027909
0
0
0.0108516
0.0285448
0.465681
0.220129
0.386062
0.0228624
0.000134334
0
0.00307618
0.00236134
0.0737415
0.282828
0.473402
0.0317959
0
0
0.0105095
0.0220421
0.101822
0.313178
0.0531854
0.00543639
0.00150456
0.000295409
0.0105185
0.0584041
0.483578
0.15598
0.0711649
0.0165393
0.0513035
0.0434353
0.0223058
0.109289
0.458199
0.116639
0.274824
0.0114317
0.00590818
0.00118163
0.0148598
0.0550429
0.156976
0.360058
0.211028
0.0443508
0.0236327
0.00472654
0.0334965
0.130569
0.260215
0.247392
0.0345111
0.00550364
0.0804035
0.218661
0.176124
0.0814503
0.232972
0.0834716
0.0403558
0.0236766
0.0615088
0.357026
0.530086
0.0569286
0.0671339
0.0763899
0.139839
0.0790265
0.0641793
0.0717405
0.0744319
0.129368
0.202185
0.130331
0.195634
0.0424273
0.0835417
0.138298
0.187507
0.0890711
0.128936
0.325718