0.0668314
0.0256627
0.0341415
0.0582574
0.20629
0.332254
0.107302
0.162382
0.182186
0.00309247
0.00135041
0
0.00207784
0.0242692
0.0242222
0.287819
0.108812
0.067668
0.0724326
0.11802
0.299061
0.256684
0.197828
0.335782
0.120442
0.018845
0.0111581
0.00632126
0.0314562
0.0769264
0.160585
0.450998
0.206027
0.00930236
0.0060581
0
0.00932506
0.00672609
0.0219991
0.285585
0.264741
0.0398226
0.0173792
0.00401328
0.0153004
0.0130954
0.037181
0.351914
0.217871
0.0367089
0.0159318
0
0.00287444
0.0106802
0.0466965
0.411379
0.325765
0.0276379
0.00628943
0.000328192
0.00108741
0.00591966
0.063942
0.483823
0.150523
0.0170742
0.0112817
0.00890011
0.00663384
0.00645277
0.0595191
0.382046
0.252689
0.0207357
0.00203409
0.00415214
0.00308338
0.00596857
0.0472311
0.480851
0.166015
0.00810267
0.000786321
0.00115627
0.0012653
0.0258199
0.11472
0.415174
0.245618
0.074071
0.0486784
0.00697367
0.000770845
0.0304618
0.0841422
0.349301
0.243658
0.0121087
0
0
0
0.00323673
0.0254101
0.350474
0.305916
0.0261191
0
0
0
0.00173866
0.0311695
0.501781
0.271894
0.0585875
0.0310203
0.00380839
0
0.00619768
0.0254967
0.219451
0.330197
0.0431013
0.00339453
0.000312691
0.00531575
0.0172734
0.0449641
0.346659
0.199081
0.0177307
0
0
0
0.00374548
0.0263572
0.302642
0.220265
0.0222366
0.00182834
0
0.00478378
0.0721916
0.368638
0.321444
0.209864
0.0370565
0.00634053
0.000325028
0.00552548
0.00683513
0.031389
0.243001
0.556324
0.107032
0.0274561
8.1257e-005
0.00457055
0.0137507
0.0324052
0.251226
0.0864145
0.0296066
0.00175317
0.00310577
0.0193214
0.121856
0.357054
0.134701
0.179614
0.0618918
0.00234255
0.0124231
0.0432566
0.139847
0.362659
0.359756
0.309201
0.176326
0.0921773
0.00484606
0.00680583
0.028783
0.0492802
0.0822898
0.302083
0.171595
0.107259
0.00918581
0.0383061
0.083042
0.190605
0.35986
0.269768
0.182942
0.0680522
0.0126422
0.0112981
0.0277154
0.109776
0.279877
0.154519
0.309089
0.391592
0.0349485
0.00448035
0.000109615
0.00947246
0.113778
0.20144
0.0599912
0.0184588
0.00395495
0.0535459
0.0927032
0.191574
0.356678
0.240648
0.106112
0.0457432
0.00557761
0.0244144
0.038533
0.0900483
0.38431
0.096188
0.0489303
0.0389121
0.0708717
0.122602
0.0759909
0.132108
0.215873
0.106353
0.0212315
0.0226933
0.0209457
0.0439444
0.0595131
0.135326
0.42112
0.0789184
0.0135527
0.0158247
0.0341198
0.0403096
0.101879
0.198723
0.285895
0.157126
0.0092214
0.0130837
0.0174384
0.011646
0.0203399
0.0929164
0.650208
0.196123
0.0233574
0.0146264
0.00357646
0.00760863
0.00706169
0.0283562
0.220595
0.274908
0.0125364
0.0036566
0.00290054
0.0143892
0.00985742
0.0477346
0.317812
0.257797
0.0126861
0.00714417
0.0143058
0.022493
0.00505267
0.0184113
0.364501
0.362563
0.0106373
0.00178604
0.0116022
0.057557
0.0306621
0.0654717
0.561686
0.0874325
0.0027813
0
0.000121093
0.00435744
0.0148975
0.114874
0.316174
0.0658804
0.0345365
0.0315
0.0112014
0
0.0129033
0.170757
0.23476
0.176795
0.0147749
0.00352911
0.000484371
0.0174298
0.0149931
0.156934
0.550197
0.176702
0.0680701
0.0446683
0.0261305
0
0.0202111
0.295922
0.478033
0.0860903
0.0344183
0.0233826
0.00751945
0
0.00232777
0.0565195
0.158704
0.189395
0.0455298
0.0284316
0.00759753
0.0104957
0.0212023
0.0269618
0.153928
0.216901
0.135129
0.0784644
0.0377506
0
0.0129358
0.101058
0.344702
0.676916
0.260178
0.111297
0.0407348
0.0069971
0.0139525
0.0211003
0.286966
0.165391
0.0659266
0.077187
0.0261529
0.0130238
0.010886
0.0132114
0.0792532
0.43623
0.117636
0.102403
0.0320551
0.0220655
0.0250445
0.00580914
0.0820918
0.387453
0.238948
0.196872
0.0670535
0.00868251
0.0118546
0.0117548
0.0959792
0.471392
0.3264
0.221253
0.0918794
0.0631654
0.0547894
0.00727682
0.116451
0.36684
0.173318
0.165382
0.0394363
0.0276824
0.022939
0.00998485
0.0548955
0.15124
0.147457
0.193744
0.0735389
0.137899
0.142789
0.0937076
0.126041
0.396263
0.156153
0.0996585
0.0958799
0.11412
0.0970383
0.0852878
0.187195
0.072637
0.0392441
0.093495
0.260723
0.371254
0.233348
0.144495
0.134151
0.0505303
0.0280483
0.0505013
0.0512232
0.151407
0.159365
0.117034
0.169045
0.264062
0.0173884
0.0455867
0.0166657
0.0581203
0.059999
0.0831117
0.410727
0.0448182
0.0332395
0.0565615
0.181458
0.303584
0.181048
0.0684855
0.143065
0.308287
0.183103
0.0811175
0.0553488
0.0796752
0.091858
0.0835934
0.480328
0.121122
0.0110714
0.0125806
0.00533177
0.0026797
0.0680702
0.132587
0.273384
0.163696
0.00373739
0.000954775
0.00136402
0.00023029
0.00802314
0.0590705
0.527518
0.176198
0.0232491
0.0253594
0.0109829
0.0131179
0.0523134
0.0762518
0.310893
0.228574
0.0327104
0.0176606
0.00796823
0.0207968
0.0205103
0.102808
0.534992
0.201444
0.00774966
0.00227248
0.00464729
0.00713492
0.00131404
0.0143287
0.312385
0.389823
0.0346424
0.00189813
0.00376899
0.0186976
0.00989043
0.0352586
0.435023
0.155532
0.0329042
0.0373977
0.0844263
0.0388775
0.0422985
0.0810265
0.22105
0.466114
0.113692
0.179535
0.160225
0.0331252
0.0276161
0.0380402
0.231572
0.242749
0.0647813
0.00210283
0.00168512
0.00479119
0.00344115
0.0349909
0.265639
0.278635
0.193726
0.0329504
0.0176528
0.00190548
0.0234786
0.058243
0.193439
0.335436
0.153859
0.138473
0.049969
0.00419118
0.00365876
0.032573
0.15149
0.460306
0.471323
0.130673
0.0575988
0.00762192
0.00830883
0.0154098
0.0801491
0.191116
0.164826
0.0741236
0.0279543
0.000468211
0.0128394
0.0176599
0.0859397
0.295657
0.340662
0.116998
0.0311676
0
0.00184684
0.00420018
0.0682186
0.351601
0.358678
0.0798681
0.0660896
0.0060127
0.00320985
0.00123456
0.0734259
0.292904
0.460483
0.178206
0.0918666
0.0145719
0.00241109
0.0300133
0.189306
0.154536
0.376299
0.1436
0.0240089
0
0.00563673
0.00983865
0.0338457
0.291562
0.39085
0.133975
0.0268977
0.0197406
0.0149856
0.00992309
0.0767163
0.217743
0.398069
0.169759
0.0481912
0.0107671
0.0202298
0.0272989
0.121793
0.290674
0.338033
0.157033
0.0942292
0.0587526
0.0436935
0.0315314
0.0649089
0.25615
0.108867
0.0439332
0.130062
0.0733525
0.0624131
0.0361085
0.123363
0.0442244
0.0154824
0.029407
0.394452
0.219138
0.112499
0.0560727
0.0720079
0.137905
0.0895932
0.144133
0.293567
0.139678
0.0435877
0.0160966
0.048993
0.0149665
0.0191616
0.106172
0.579489
0.279293
0.0933182
0.012273
0.0227403
0.0413549
0.0446539
0.0274047
0.26557
0.236966
0.0865578
0.0582551
0.0537759
0.207408
0.259113
0.112065
0.0646601
0.0913806
0.0777783
0.071015
0.148359
0.0181807
0.0727597
0.107076
0.368358
0.252402
0.089017
0.0472357
0.044188
0.0919314
0.307452
0.436978
0.288235
0.100498
0.0333976
0.0415523
0.0447557
0.0774679
0.0142803
0.0158023
0.0118885
0.0376427
0.0649264
0.0438556
0.131286
0.0988721
0.0589977
0.0634011
0.0106296
0.0535681
0.0875922
0.0686387
0.194564
0.390858
0.16294
0.0677123
0.041772
0.046309
0.114223
0.127159
0.398246
0.2878
0.152146
0.18458
0.0334907
0.103452
0.214722
0.190878
0.470592
0.0332467
0.0676657
0.121158
0.101706
0.0422308
0.0434972
0.0497182
0.0694918
0.145801
0.11016
0.190287
0.209994
0.0626807
0.0350022
0.0637096
0.0681446
0.142739
0.170749
0.341337
0.104926
0.063654
0.104569
0.0679505
0.149393
0.2838
0.236488
0.252843
0.176561
0.127603
0.16124
0.348247
0.388384
0.115182
0.119753
0.15427
0.103136
0.0570261
0.0405426
0.051311
0.0512338
0.292
0.324727
0.183932
0.106969
0.0302803
0.0392405
0.0219469
0.0219297
0.110932
0.107324
0.100424
0.141284
0.198619
0.331504
0.210139
0.158771
0.119246
0.196638
0.152842
0.160146
0.131778
0.407774
0.235635
0.149381
0.29636
0.24929
0.0897515
0.212101
0.0152017
0.00903309
0.0150736
0.0427577
0.304
0.175746
0.0843863
0.251852
0.0455062
0.0182802
0.0655071
0.169335
0.131818
0.151874
0.113841
0.27109
0.0394591
0.10183
0.173762
0.161143
0.411127
0.15694
0.0982602
0.245656
0.0470021
0.0539087
0.108879
0.189729
0.317208
0.139888
0.0697879
0.0877991
0.0322815
0.036379
0.040141
0.150704
0.197982
0.16631
0.107976
0.134335
0.103773
0.0751041
0.0448123
0.0620437
0.450319
0.157641
0.0792445
0.0873488
0.0193783
0.0367221
0.0774759
0.153267
0.223376
0.5133
0.223937
0.104787
0.0529066
0.0544369
0.0889884
0.0589544
0.0419807
0.0930664
0.182228
0.259953
0.109912
0.046905
0.0285614
0.0327272
0.000997242
0.0351301
0.161484
0.431779
0.150137
0.124008
0.0383992
0.0344115
0.0676011
0.410558
0.209071
0.193439
0.115965
0.0567009
0.086995
0.028662
0.138394
0.230895
0.197996
0.330635
0.142299
0.0915901
0.126339
0.108307
0.0119559
0.0723538
0.0859588
0.151664
0.0787091
0.0821993
0.04371
0.0516372
0.0233812
0.150162
0.377149
0.334584
0.0433463
0.0133481
0.0164904
0.0309925
0.145098
0.136833
0.0906571
0.133308
0.101802
0.0640699
0.150607
0.131289
0.0653869
0.0653408
0.244688
0.409328
0.488626
0.0706101
0.0968518
0.054288
0.27407
0.109837
0.0510398
0.012639
0.00583302
0.0283265
0.143015
0.374907
0.285026
0.109642
0.0958542
0.0296285
0.0512647
0.0728939
0.128154
0.387277
0.221101
0.0432812
0.0132196
0.00187813
0.000610328
0.0114158
0.0929731
0.356375
0.289268
0.0606166
0.0436439
0.0125576
0.0138933
0.0181814
0.0578856
0.378372
0.146791
0.0635168
0.150731
0.0653852
0.0527105
0.112408
0.0590272
0.219209
0.334107
0.110814
0.102057
0.0774683
0.0380997
0.151625
0.19369
0.375878
0.173469
0.0194608
0.0413655
0.0194069
0.0194323
0.0595131
0.0555713
0.336887
0.380335
0.0352281
0.021556
0.030829
0.0106014
0.0775342
0.0821952
0.417542
0.184925
0.0666493
0.028141
0.0702954
0.0796294
0.250582
0.205769
0.221591
0.0360874
0.0450991
0.0198411
0.0503341
0.0666465
0.323711
0.286366
0.264081
0.205905
0.025118
0.0112903
0.0339461
0.0143554
0.111856
0.19693
0.227466
0.0366028
0.00524443
0.00225953
0.0214073
0.0217283
0.262426
0.429912
0.271198
0.0322868
0.0486979
0.0330299
0.0535007
0.0203554
0.167288
0.272611
0.189272
0.133099
0.0845288
0.0600386
0.0391059
0.0141827
0.130002
0.208318
0.160478
0.0450374
0.00342496
0.00356659
0.00879469
0.00845144
0.237789
0.413852
0.200624
0.0322374
0.00915538
0.0139788
0.00704528
0.0169821
0.27184
0.509525
0.286539
0.116248
0.0637297
0.0868141
0.113822
0.0332542
0.0429487
0.0758727
0.123261
0.0637291
0.313116
0.237236
0.177986
0.105135
0.0752118
0.0858149
0.0306164
0.0115768
0.0118606
0.0432637
0.1253
0.0767592
0.169936
0.306543
0.257728
0.015767
0.104984
0.12008
0.202425
0.168206
0.225051
0.487112
0.279362
0.0396501
0.245078
0.11695
0.140455
0.184008
0.0506895
0.0654898
0.00604022
0.135963
0.163733
0.183022
0.210436
0.288823
0.0772582
0.102609
0.0924202
0.0243086
0.12277
0.0706973
0.219374
0.187532
0.12127
0.264683
0.170013
0.16342
0.0635408
0.139394
0.33875
0.341648
0.136263
0.182591
0.173717
0.148767
0.0745923
0.100181
0.0920603
0.181598
0.120995
0.164361
0.12865
0.048469
0.00323025
0.0338175
0.115675
0.45808
0.215665
0.164137
0.0543503
0.252813
0.0181134
0.0971898
0.163098
0.19926
0.141143
0.18183
0.216185
0.109583
0.0025554
0.0320667
0.0927382
0.223183
0.257072
0.340395
0.138755
0.16848
0.0306942
0.00459527
0.0019694
0
0.00453588
0.0248003
0.300392
0.208414
0.0163103
0.0100224
0.00429529
0
0.00244753
0.0434217
0.351175
0.201098
0.0316807
0.00914064
0.00979236
0.0138018
0.0417354
0.081645
0.435916
0.379169
0.0648182
0.0460771
0.0161622
0.0132478
0.00649892
0.114741
0.452711
0.125299
0.0109847
0.00132151
0.000566362
0
7.3228e-006
0.0326748
0.207765
0.218902
0.0126482
0.0017036
0
0
0.00777264
0.0489278
0.306447
0.283167
0.10214
0.114162
0.0135801
0.0146803
0.0182292
0.0259812
0.209528
0.368108
0.0970293
0.116265
0.0185719
0.0207357
0.0366744
0.120212
0.633864
0.10087
0.00448293
0.00102759
0
0.000663839
0.0472312
0.136467
0.165184
0.0584277
0.000983894
0
0.00629216
0.00785415
0.155257
0.391554
0.303447
0.20801
0.0578045
0.0364553
0.0167417
0.00315271
0.0323688
0.166188
0.392213
0.372269
0.126227
0.0447756
0.0393465
0.00893628
0.0511506
0.141625
0.438523
0.0434753
0.000739367
0
0.00573006
0.00895637
0.178089
0.301941
0.202677
0.0245029
0.00444335
0.00437786
0.00410165
0.027237
0.239406
0.427639
0.286505
0.191103
0.0396966
0.0123806
0.0313054
0.0149428
0.0949961
0.215575
0.301125
0.0810155
0.0158014
0.0111121
0.0430598
0.0382612
0.146482
0.342497
0.347063
0.01769
0.0117552
0.013027
0.0442122
0.0504077
0.140244
0.283636
0.248149
0.0364074
0.0343661
0.0208591
0.0646867
0.0594095
0.157701
0.52365
0.376706
0.0413301
0.0171473
0.0253605
0.0896687
0.119917
0.113965
0.148656
0.188483
0.104534
0.0312178
0.0280513
0.0767252
0.116856
0.161688
0.361557
0.212347
0.0506811
0.0683676
0.0732873
0.120702
0.0861577
0.139015
0.387438
0.254742
0.105027
0.039604
0.100052
0.386181
0.160277
0.0892625
0.132218
0.139666
0.175054
0.0518652
0.0922836
0.0459458
0.0467537
0.136704
0.347122
0.182636
0.100877
0.0722103
0.140034
0.282235
0.217409
0.145077
0.122139
0.10798
0.151426
0.0160726
0.0499376
0.246394
0.0862191
0.0673754
0.133802
0.135883
0.0749556
0.0107151
0.0208766
0.0646265
0.0378351
0.164103
0.48957
0.101444
0.108258
0.0283835
0.0387782
0.214998
0.177568
0.146628
0.107875
0.151241
0.28303
0.00874389
0.00705067
0.0438158
0.0414847
0.160194
0.379309
0.348052
0.17869
0.125287
0.0131611
0.0160213
0.0381899
0.0967182
0.121969
0.278201
0.418528
0.185716
0.0513225
0.0183681
0.0273237
0.0136716
0.139707
0.371489
0.210289
0.163374
0.0185456
0.00400532
0.0366687
0.0876263
0.0798057
0.203744
0.294867
0.192791
0.0304963
0.00321329
0.0126922
0.00673895
0.0668202
0.311103
0.306648
0.136355
0.15403
0.0201609
0.0325654
0.040969
0.033049
0.221671
0.386017
0.103479
0.162233
0.0439064
0.0574645
0.0986604
0.121539
0.588694
0.178666
0.0604884
0.0258784
0.0102857
0.00814135
0.0128681
0.033971
0.171029
0.190981
0.0421925
0.0322588
0.0254642
0.0286991
0.0752642
0.0767939
0.187014
0.227727
0.0920516
0.098764
0.0458602
0.0183475
0.086138
0.193938
0.391274
0.504636
0.254811
0.14601
0.0882083
0.0114389
0.0434279
0.100425
0.297703
0.121252
0.0703647
0.0424805
0.0149037
0.0173736
0.0579562
0.0824767
0.149498
0.24245
0.215808
0.0850779
0.0217251
0.00579547
0.0124815
0.0323709
0.119439
0.439972
0.167568
0.066468
0.0960109
0.0371411
0.0385453
0.222906
0.319814
0.215383
0.0864251
0.0546376
0.102151
0.0681489
0.0921916
0.345062
0.357834
0.227307
0.138869
0.0467085
0.0444164
0.034962
0.0110321
0.0357986
0.105516
0.185078
0.106754
0.0713946
0.0719372
0.0610263
0.0153419
0.0588343
0.149329
0.0800136
0.0720712
0.0921582
0.13691
0.169068
0.113608
0.0918857
0.119956
0.162864
0.160688
0.0962516
0.107638
0.162763
0.182325
0.323749
0.198684
0.063309
0.0945472
0.13245
0.139734
0.0790926
0.0834395
0.0570789
0.0600869
0.16513
0.25334
0.202168
0.168515
0.0667524
0.166516
0.242361
0.455466
0.136967
0.0828394
0.0366674
0.0163396
0.0255919
0.0866589
0.279249
0.281509
0.0992451
0.141141
0.124657
0.0952982
0.138478
0.158953
0.185565
0.208505
0.18633
0.165728
0.066097
0.0504938
0.066857
0.0622613
0.178426
0.494933
0.1807
0.184613
0.115794
0.171265
0.148532
0.0785233
0.109545
0.2212
0.17459
0.0621534
0.0742092
0.066494
0.107571
0.125595
0.106082
0.196519
0.513958
0.0476835
0.0352077
0.0212201
0.0365012
0.0666798
0.123759
0.498839
0.110251
0.0864061
0.119013
0.146454
0.0952886
0.06608
0.0347434
0.0997556
0.213397
0.0875818
0.164953
0.164865
0.12607
0.0932576
0.0680572
0.239761