0.209251
0.0627589
0.00153837
0
0.00010984
0.00962813
0.0638133
0.0962528
0.133654
0.0598223
0.00400729
0.00238364
0.0268314
0.024787
0.10532
0.153886
0.448668
0.223409
0.0529248
0.0391346
0.0192076
0.0498769
0.0856405
0.136547
0.321992
0.190898
0.125438
0.331348
0.315952
0.167879
0.207828
0.229681
0.0659685
0.054481
0.00282176
0.00460317
0.0229715
0.0168499
0.0553626
0.0850549
0.137345
0.0685283
0.0163563
0.0175866
0.0174039
0.0167668
0.0686443
0.111111
0.064187
0.215032
0.142427
0.346671
0.305005
0.0860719
0.10137
0.0906813
0.113697
0.247453
0.28551
0.541642
0.270868
0.0579952
0.0975005
0.0885923
0.159573
0.0431016
0.0251067
0.0162212
0.0135794
0.0516444
0.0568193
0.117346
0.156868
0.0555063
0.0332745
0.0273751
0.0205359
0.0815385
0.0648069
0.122174
0.188499
0.128029
0.312282
0.394725
0.198561
0.153396
0.0488099
0.103882
0.159777
0.126635
0.366435
0.223075
0.254834
0.317856
0.078687
0.0890647
0.117632
0.0574956
0.0385201
0.014595
0.0114035
0.0284739
0.037104
0.120398
0.216588
0.0673617
0.011137
0.0020175
0.00195846
0.00737513
0.0498299
0.203154
0.182172
0.129197
0.287212
0.131618
0.0992548
0.0975807
0.0921117
0.140997
0.623074
0.178376
0.0695516
0.0171914
0.0276989
0.0503191
0.165048
0.32662
0.0935564
0.0268289
0.00212713
0.00311602
0.00311602
0.0011651
0.0469279
0.112191
0.162366
0.103764
0.0298739
0.00955158
0.00410734
0.00403688
0.0440961
0.076521
0.257787
0.115994
0.0117665
0
0.00394074
0.0354514
0.182821
0.208939
0.258584
0.759007
0.145462
0
0
0.0187376
0.120242
0.123364
0.164994
0.0628866
0.0150029
0.00356418
0.00125417
0.00331414
0.0281318
0.0599126
0.149993
0.0309798
0.00626569
0.00161381
0.0106672
0.0399323
0.133996
0.152293
0.307035
0.48259
0.106476
0
0
5.91558e-006
0.0640772
0.0583702
0.314082
0.339148
0.0743351
0.000760501
0.0288663
0.163398
0.401367
0.290139
0.104551
0.0194348
0.00292307
0.00539903
0.00795371
0.0360896
0.0983987
0.130396
0.188657
0.0132798
0.00199678
0.017995
0.0034975
0.0171736
0.0489441
0.18403
0.151986
0.111222
0.0213221
0.0314124
0.147805
0.301986
0.324171
0.397017
0.193337
0.0273843
0
0.123568
0.360819
0.273086
0.199987
0.34128
0.147485
0.0937089
0.0644934
0.0541557
0.0334014
0.036756
0.0409494
0.0438495
0.127249
0.0752287
0.234612
0.42674
0.166856
0.0713599
0.0529405
0.0533334
0.0513418
0.0163792
0.038366
0.105813
0.0611616
0.0228114
0.0280638
0.0297154
0.0595627
0.0141777
0.215891
0.687491
0.19923
0.0161241
0.013648
0.0177986
0.00968179
0.0399845
0.139937
0.326192
0.103869
0.0165798
0.0118202
0.0064251
0.00855875
0.0411888
0.203785
0.413323
0.104214
0.00916373
0.00865686
0.00405732
0.00402717
0.00476492
0.129882
0.50289
0.101035
0.000851964
0
0.00066111
0.00392736
0.0408402
0.179503
0.50289
0.13639
0.0245516
0.0145983
0.00383437
0.0336857
0.0435941
0.210478
0.307306
0.0932498
0.0359536
0.0039467
0.0102122
0.0744302
0.102847
0.192358
0.0857898
0.0912358
0.098137
0.0152859
0.0202095
0.0778262
0.142844
0.169534
0.370876
0.110733
0.0338281
0.0224225
0.0473846
0.532588
0.436291
0.0850708
0.0870115
0.0208312
0.0187763
0.0176479
0.0755896
0.0710897
0.0811526
0.0798783
0.0257418
0.0295045
0.032059
0.0524301
0.0327321
0.1332
0.133665
0.115469
0.00582425
0.0187506
0.0295091
0.0895617
0.0717207
0.47302
0.331656
0.0358993
0.000658956
0.00548602
0.00664328
0.0329348
0.0262171
0.427842
0.533289
0.22376
0.00969177
0.00755503
0.0112495
0.0458461
0.0533407
0.122232
0.123027
0.0712064
0.000395315
0.00439053
0.0159672
0.0563925
0.0387601
0.16805
0.415928
0.0485462
0
0
0.00553139
0.0301725
0.0253043
0.264533
0.427806
0.151552
0.00412569
0.00253325
0.00433574
0.00987219
0.0212289
0.433962
0.486408
0.0715942
0
0
9.85165e-005
0.00308793
0.00817334
0.138937
0.340483
0.0547147
0.00158506
0
0
0.0134165
0.0210413
0.138304
0.325043
0.0649773
0.0165337
0.0420184
0.0736637
0.0750855
0.102355
0.339657
0.439847
0.038682
0.00687157
0.0171782
0.0125846
0.0172662
0.0437333
0.208855
0.349077
0.0356517
0.19683
0.327683
0.111289
0.0647418
0.150278
0.051659
0.100501
0.0193998
0.0837852
0.186684
0.142393
0.0551065
0.0858159
0.0276109
0.0132429
0.000352466
0.178133
0.323669
0.140508
0.0587018
0.0554311
0.0302841
0.0548275
0.00945814
0.416455
0.416455
0.077078
0.0170056
0.0382043
0.0152898
0.00527538
0.00685259
0.416455
0.416455
0.0443027
0.0376867
0.0163662
0.0235594
0.0121622
0.0329515
0.0853103
0.0643344
0.0113778
0.00596665
0.0140081
0.0203589
0.0495755
0.132982
0.518189
0.186956
0.0136008
0.00345816
0.00543606
0.0539348
0.04798
0.0565859
0.0992239
0.0780149
0.0366337
0.0906893
0.0531254
0.131685
0.494473
0.395266
0.326421
0.154983
0.0477743
0.0659259
0.00416567
0.0446956
0.0509081
0.0830297
0.370289
0.104584
0.00244955
0
0.0131156
0.115774
0.226716
0.116327
0.295694
0.110633
0.024184
0.0207007
0.0241485
0.181683
0.323679
0.219226
0.149225
0.075502
0.0118356
0.0050563
0.0409874
0.323158
0.479243
0.217432
0.0865671
0.0582097
0.00448702
0.00517517
0.0732723
0.121014
0.194906
0.0736526
0.0648842
0.0264906
0.0130661
0.013082
0.0237567
0.293895
0.341377
0.0365957
0.0166248
0.00115482
0.0005157
0.00345781
0.0266822
0.244028
0.449471
0.121048
0.0160934
0.00517053
0.00194752
0.00278969
0.0142777
0.449471
0.449471
0.067545
0.0276526
0.0149456
0.00156063
0
0.00997863
0.25909
0.290085
0.0346051
5.55394e-005
0.000104005
6.61851e-005
0.00120095
0.00972208
0.230915
0.403145
0.113836
0.00677767
0
0.0055968
0.016739
0.0194311
0.310216
0.415409
0.0642109
0.0922874
0.0467049
0.0073436
0.00443801
0.0281178
0.207897
0.415409
0.109759
0.0682378
0.0349398
0.0319145
0.0921365
0.22153
0.205146
0.384894
0.0698037
0.00405524
0
0.00341025
0.0143465
0.0101679
0.346501
0.406441
0.024375
0
0
0
0.00208574
0.0064605
0.241424
0.330215
0.0495984
0.00479801
0.0153546
0.0198886
0.0810006
0.162937
0.31331
0.406441
0.0560019
0.0363502
0.069947
0.0184021
0.0254422
0.0344644
0.264332
0.369353
0.0144419
0.02521
0.0452409
0.00722316
0.0138935
0.035177
0.118916
0.114789
0.0124379
0.373071
0.35895
0.0418257
0.0405592
0.0576763
0.126487
0.245671
0.0681783
0.0870508
0.0879547
0.00896276
0.0338336
0.0348438
0.0340915
0.0790143
0.0453856
0.418069
0.401154
0.00517638
0.0324147
0.0271842
0.00625821
0.00483611
0.00543733
0.417748
0.300248
0.0166061
0.00951655
0.0101354
0.00864872
0.000641075
0.0203739
0.417748
0.255193
0.00326523
0.0148152
0.00950416
0.000745228
0.00205649
0.028456
0.417748
0.25483
0.0190418
0.00961101
0.00102409
0.0187884
0.00472249
0.0526813
0.417748
0.174383
0.0543946
0.0318593
0.0148888
0.0563282
0.0687028
0.0727744
0.124753
0.0261144
0.0756982
0.130992
0.0543209
0.147387
0.315347
0.266241
0.12115
0.0582197
0.245465
0.202315
0.0675206
0.0981521
0.201225
0.140253
0.163902
0.0519757
0.0497819
0.0642937
0.0397555
0.101665
0.0914705
0.168799
0.24405
0.248027
0.409236
0.266265
0.209987
0.131602
0.220436
0.134578
0.0532405
0.0433222
0.10619
0.0916464
0.0613029
0.154041
0.34783
0.201447
0.137876
0.114068
0.0964909
0.083312
0.0828651
0.10203
0.049176
0.0630993
0.0917165
0.0909691
0.219661
0.285808
0.165323
0.0771197
0.0775052
0.0872689
0.133245
0.12635
0.251432
0.513656
0.159926
0.138521
0.328301
0.10948
0.0445174
0.0419235
0.0677077
0.0826406
0.0139717
0.301976
0.440019
0.0708924
0.0648536
0.037849
0.0255163
0.0741033
0.00913258
0.0286226
0.0779259
0.0494744
0.0375753
0.0563721
0.163118
0.446976
0.0481672
0.0579995
0.110488
0.0841574
0.0885514
0.0446498
0.0944635
0.446976
0.12632
0.217505
0.295066
0.128382
0.183226
0.0741219
0.0275711
0.0169238
0.0371787
0.321371
0.18774
0.104207
0.115172
0.0538365
0.0425547
0.0610661
0.301977
0.102676
0.19943
0.162979
0.146211
0.0526653
0.0748164
0.247478
0.105675
0.432863
0.172492
0.114172
0.0577613
0.0292337
0.0463811
0.0993079
0.277768
0.321831
0.143101
0.0481313
0.0107199
0.0245713
0.0171677
0.0587483
0.295426
0.192901
0.184609
0.121031
0.0737617
0.121765
0.0267111
0.0370712
0.0932185
0.388262
0.0597305
0.0714288
0.0430321
0.0108339
0.00650111
0.0532933
0.340953
0.193716
0.399189
0.309408
0.104877
0.0415183
0.0107233
0.0602494
0.174416
0.0362009
0.107071
0.0679023
0.0921524
0.0806123
0.0351043
0.0742044
0.027217
0.00880262
0.052391
0.0210867
0.458195
0.311773
0.0346845
0.0760922
0.0144834
0.102851
0.330429
0.145759
0.157977
0.105653
0.0583266
0.0690916
0.0242964
0.0503691
0.0856861
0.0184447
0.458195
0.425131
0.0774017
0.0660832
0.00927909
0.0159751
0.0114914
0.0253656
0.431627
0.214481
0.049045
0.0451514
0.000180216
0.0784962
0.0270442
0.0604516
0.315006
0.117387
0.13089
0.164699
0.038678
0.0799033
0.0545986
0.0711027
0.431627
0.319806
0.0430306
0.0389034
0.0166043
0.238855
0.223777
0.228025
0.160854
0.127762
0.0757232
0.142575
0.127251
0.0406042
0.0844757
0.0388153
0.116403
0.075007
0.0308203
0.0205867
0.0179801
0.0265427
0.0447281
0.11044
0.482078
0.198557
0.0791745
0.0423377
0.0601626
0.00138298
0.00801518
0.0269847
0.251122
0.187957
0.0471396
0.0136487
0.012848
0.000212071
0.00521258
0.0854658
0.676447
0.192978
0.0021253
0.00204805
0.002928
0.0499615
0.0451311
0.0973253
0.268105
0.0774883
0.0899993
0.162931
0.0697831
0.0355617
0.0282805
0.0403072
0.0813592
0.0229857
0.134282
0.547712
0.0932978
0
0.0119968
0.075465
0.547712
0.127063
0.0136107
0.0286547
0.00349112
0.00604573
0.0167207
0.0561833
0.209937
0.0698994
0.0447742
0.314342
0.0278105
0.000665564
0.000189085
0.000692341
0.00526938
0.0109255
0.0827146
0.497149
0.0510278
0.00141116
0.0145074
0.0154784
0.0279157
0.0205517
0.122811
0.497149
0.119038
0.00695086
0.0045625
0.0130484
0.0132644
0.0117141
0.0638925
0.374927
0.0226144
0.00207754
0.000971993
0.00232684
0.00609925
0.0173565
0.142357
0.497149
0.0510009
0.0203831
0.0566087
0.0365408
0.0250493
0.0159839
0.108989
0.459039
0.0706246
0.114146
0.0529897
0.0368729
0.0101964
0.00985446
0.054335
0.44177
0.105308
0.00233166
0
0
0.0014105
0.0104332
0.114557
0.471541
0.0646254
0.00605273
0.00472036
0.00182297
0.00196229
0.00692892
0.0854771
0.471541
0.154404
0.0872493
0.0202705
0.0696946
0.0891631
0.0339958
0.0189764
0.182357
0.122672
0.0562238
0.310461
0.330359
0.165182
0.0701605
0.0825542
0.144489
0.0630407
0.00455767
0.0175496
0.0459341
0.0704022
0.0407299
0.0635047
0.461324
0.171348
0.0266384
0.0974937
0.167124
0.127169
0.0950456
0.248488
0.461324
0.134196
0.0472629
0.248813
0.132611
0.249355
0.0799608
0.0397059
0.0933769
0.0163174
0.0248981
0.0500864
0.0250996
0.433507
0.297626
0.0170729
0.026783
0.00579595
0.0735248
0.0948818
0.118653
0.273271
0.0447732
0.115175
0.33923
0.0493666
0.0540439
0.0427756
0.112868
0.433507
0.26703
0.0121791
0.0436421
0.0149574
0.0331918
0.0259611
0.0860463
0.414588
0.296633
0.0116344
0.00214172
0.0100682
0.110509
0.11919
0.184152
0.180066
0.126139
0.0205788
0.0126254
0.0880656
0.00143685
0.00300678
0.0508536
0.414588
0.414588
0.00299419
0
0
0.00701626
0.00506381
0.0562835
0.393277
0.260346
0.0158372
0.00915246
0.0165629
0.0061152
0.0119103
0.0300931
0.214223
0.12375
0.0125811
0.000491032
0.00283591
0
0
0.0583659
0.585479
0.163069
0.00437739
0.000122758
0.000484406
0.0100765
0.0121491
0.0500076
0.275868
0.119633
0.00743041
0.00399211
0.00236988
0
0
0.120219
0.585479
0.237302
0.0159992
0
0
0
0.000829868
0.0456905
0.565401
0.187534
0.0177735
0.000115302
0.000576509
0.0138686
0.0185412
0.0588422
0.198589
0.122032
0.0231829
0.0260089
0.010437
0
0
0.108053
0.609146
0.172837
0.0667226
0
0
0.0253453
0.0430202
0.113833
0.279036
0.0952336
0.0542979
0.000286787
0.00876236
0.0483127
0.0295926
0.0647498
0.0449362
0.0457441
0.0657855
0.167667
0.0343386
0.0417431
0.012019
0.0102308
0.011937
0.054115
0.160928
0.74053
0.0882052
0.185332
0.124012
0.0889518
0.121286
0.0303075
0.00642637
0.00226917
0.082297
0.322824
0.0577548
0.00461988
0.0119242
0.0348512
0.0186084
0.109789
0.282311
0.0119878
0.00115563
0.000483012
0.00124875
0.00884795
0.0558267
0.531071
0.0734914
0.00546424
0.00280429
0.00234672
0
0.0019006
0.0733694
0.598289
0.1652
0.0633108
0.00601372
0.00193205
0.00130083
0.00897501
0.0136406
0.162598
0.12248
0.0152095
0.032089
0.0534511
0.0253231
0.011282
0.0756848
0.443848
0.079018
0.000270359
0.0025228
0.00708627
0.00701583
0.00544118
0.079023
0.491749
0.130293
0.026215
0.0175629
0.0143392
0.012913
0.0161298
0.184968
0.491749
0.142091
0.00205786
0.0249439
0.0581479
0.050244
0.0280833
0.128003
0.286968
0.0318208
0.0149172
0.0274443
0.0602141
0.0984645
0.0673939
0.181201
0.46162
0.128738
0.121809
0.0515521
0.0738804
0.112767
0.0130883
0.118377
0.380279
0.0647059
0.119215
0.0518104
0.145666
0.440885
0.213977
0.033196
0.0595472
0.0173016
0.1042
0.0410695
0.059815
0.0662874
0.0296577
0.109212
0.383625
0.136774
0.163871
0.0641872
0.15371
0.381
0.149022
0.0822058
0.178981
0.120653
0.00772166
0.00452454
0.0257466
0.399454
0.367032
0.0010411
0
0.000445334
0.00132187
0.00227175
0.00359465
0.3022
0.255329
0.0117728
0.00495728
0.00157928
0.0332583
0.0253454
0.0914352
0.399454
0.344287
0.00970772
0.0137474
0.0402052
0.0111537
0.0181934
0.0394187
0.353588
0.302342
0.0102587
0.00617185
0.00603253
0.00181939
0.0020212
0.0356514
0.204995
0.0925811
0.0150989
0.00995233
0.00280041
0
0
0.0973144
0.568663
0.180271
0.0164975
0.000101805
0
0.00156058
0.0037143
0.0672437
0.313019
0.116784
0.0316037
0.012564
0.00345207
0
0
0.156817
0.568663
0.245816
0.0199206
0.000152708
0
0
0
0.113294
0.487012
0.0924058
0.0239658
1.58177e-005
0
0.0131374
0.0322358
0.117284
0.299304
0.0342317
0.018773
0.000354104
0.00100565
0
0
0.146804
0.589076
0.187852
0.00329824
2.37266e-005
0
0.00266809
0.00926675
0.1741
0.370899
0.0692601
0.00888542
0.00697047
0.000196302
0.178721
0.121713
0.0857607
0.227687
0.0569205
0.0201629
0.0100394
0.0495217
0.326376
0.0550545
0.0134492
0.039501
0.0366146
0.0455638
0.132193
0.350214
0.0612487
0.0329414
0.11583
0.240073
0.138954
0.0965009
0.154006
0.0304402
0.17288
0.0369175
0.0507785
0.051881
0.0939778
0.180867
0.49513
0.303356
0.0967228
0.00772567
0.00221719
0.0159365
0.0711921
0.0827395
0.219573
0.285662
0.0308231
0.0722037
0.2301
0.156476
0.107574
0.107497
0.171259
0.075976
0.122304
0.0878791
0.163187
0.0831147
0.163648
0.148364
0.313146
0.249287
0.0559641
0.107829
0.39049
0.267328
0.205134
0.172316
0.16894
0.108956
0.00797842
0.0695383
0.173679
0.173813
0.0714812
0.0749387
0.0567396
0.00883509
0.0323838
0.0705135
0.14928
0.385518
0.286656
0.134605
0.202267
0.12275
0.0140006
0.0441119
0.13224
0.154408
0.0824294
0.125887
0.0948235
0.105412
0.120088
0.111316
0.0471402
0.330737
0.363294
0.261532
0.259668
0.176685
0.0480522
0.0575804
0.070779
0.182862
0.110845
0.0595647
0.191847
0.0968068
0.132718
0.131094
0.166822
0.265759
0.0870313
0.051843
0.145624
0.234606
0.092108
0.146846
0.15805
0.350278
0.152287
0.0677875
0.129791
0.0836145
0.119393
0.165087
0.3145
0.434202
0.133754
0.00947451
0.0660937
0.22485
0.173694
0.16979
0.238017
0.458988
0.241823
0.0140053
0.0286216
0.231118
0.0827835
0.12985
0.107026
0.334062
0.269435
0.00597108
0.0059627
0.0242906
0.188785
0.144582
0.172674
0.243922
0.101147
0.00676084
0.0317622
0.279795
0.1081
0.131819
0.0525622
0.0760944
0.0826626
0.0161007
0.0183212
0.0812491