0.0157366
0.0384035
0.0608268
0.189688
0.156725
0.0854306
0.0437446
0.0125337
0.00118268
0.014615
0.0497556
0.419319
0.237801
0.0707662
0.0337998
0.0158666
0.0145171
0.0374491
0.0601001
0.270674
0.203917
0.0984699
0.0327602
0.00582817
0.00353757
0.0110237
0.0898938
0.59105
0.293207
0.0666777
0.0232326
0.00405508
0.0074066
0.0217906
0.0336665
0.501119
0.24926
0.0422295
0.0411429
0.0104197
0.0441746
0.064421
0.0566051
0.0914147
0.0512318
0.0612319
0.0434274
0.0336138
0.00545581
0.0115281
0.0700832
0.518099
0.401256
0.0799467
0.0404803
0.0126969
0.0703854
0.0788719
0.0421794
0.0733601
0.113433
0.117244
0.0564663
0.0585741
0.117982
0.0825447
0.100305
0.10846
0.036581
0.089839
0.0747403
0.11041
0.166359
0.111968
0.0961211
0.0827384
0.0507917
0.0810803
0.132066
0.131806
0.256687
0.180914
0.094766
0.135107
0.0715528
0.175748
0.0666896
0.105952
0.421841
0.160977
0.0725347
0.160435
0.116264
0.167038
0.0582003
0.180037
0.107628
0.0938362
0.0796865
0.0408392
0.0281819
0.0491244
0.133917
0.0963702
0.0880656
0.133343
0.148587
0.0521645
0.0565321
0.0658425
0.146306
0.143697
0.327419
0.119772
0.0884335
0.0875561
0.0758966
0.0433981
0.0604849
0.19223
0.333647
0.217741
0.297873
0.0961016
0.0184029
0.0333098
0.0862748
0.281504
0.049043
0.10103
0.0762129
0.0399666
0.0611525
0.066145
0.0475569
0.0520497
0.0812663
0.142998
0.110872
0.026655
0.0397039
0.0789562
0.108347
0.078032
0.174621
0.227329
0.174939
0.0606307
0.0405706
0.0647011
0.0472017
0.17184
0.436083
0.358882
0.338353
0.12373
0.0583126
0.0721054
0.096467
0.230236
0.038375
0.0725178
0.0581319
0.0183182
0.0116897
0.0329417
0.065448
0.0617679
0.152209
0.079804
0.0742314
0.029126
0.0113321
0.0215893
0.0569725
0.158531
0.22846
0.189621
0.268092
0.0554513
0.00969815
0.0241115
0.0599771
0.24268
0.40394
0.29766
0.256534
0.044895
0.00910054
0.0100405
0.0449008
0.461245
0.210281
0.0534997
0.0294902
0.0167499
0.0398944
0.0250187
0.0606691
0.185435
0.0987081
0.0230304
0.0122131
0.0368964
0.158485
0.0546487
0.0894525
0.119933
0.412539
0.14474
0.0708364
0.127658
0.154787
0.0544281
0.0713653
0.325804
0.184254
0.0163826
0.0328459
0.29383
0.415763
0.0958361
0.0759248
0.10712
0.00461001
0.00651227
0.0432425
0.2487
0.160056
0.033088
0.0136591
0.00275823
0.00196873
0.00209061
0.078912
0.470294
0.167978
0.0158256
0.00470443
0.00202369
0.0161203
0.0184519
0.056073
0.309058
0.180352
0.0372866
0.0145283
0.0250741
0.01139
0.00278681
0.0536735
0.602418
0.246802
0.0188457
0.0092051
0.0158951
0.00136926
0.00169807
0.0992552
0.469901
0.211786
0.065834
0.0288243
0.00796945
0.0366443
0.0564668
0.0333724
0.0675407
0.081497
0.095138
0.0470369
0.0444769
0.0586104
0.0752974
0.107652
0.559393
0.211968
0.0370676
0.0380035
0.0328539
0.13989
0.235321
0.209443
0.0933126
0.0656796
0.0274226
0.0453451
0.0776933
0.101078
0.0774802
0.0421868
0.0529301
0.0373501
0.0413349
0.0197337
0.0347665
0.212884
0.0701383
0.0387172
0.0578263
0.0674609
0.0490384
0.0210359
0.0878761
0.271315
0.193064
0.253692
0.0849684
0.0554101
0.00904846
0.0183272
0.111799
0.521439
0.330255
0.287824
0.093679
0.0455067
0.00887097
0.021668
0.235714
0.165916
0.0697716
0.0583515
0.026621
0.0291476
0.0114492
0.011256
0.0809707
0.220385
0.158793
0.146079
0.0630493
0.0190002
0.00182986
0.00635774
0.131057
0.34953
0.224798
0.177533
0.0392796
0.00807929
0.00395684
0.0140008
0.157137
0.492873
0.375001
0.209759
0.0677951
0.0280595
0.0119262
0.0131736
0.207362
0.141213
0.140528
0.0941294
0.05429
0.0145695
0.00418431
0.00605444
0.0948842
0.24854
0.187899
0.133887
0.0691501
0.0133656
0.00981557
0.00909856
0.142037
0.365161
0.315409
0.102792
0.0473367
0.0132833
0.00380963
0.00255659
0.108727
0.49274
0.391542
0.100629
0.0377015
0.012722
0.00551777
0.00221661
0.1688
0.216755
0.153849
0.15742
0.0444396
0.0113646
0.0135108
0.0288698
0.164789
0.199331
0.145657
0.104293
0.0892493
0.0521794
0.0164675
0.0552746
0.263496
0.368031
0.241586
0.102905
0.0689278
0.031387
0.00941203
0.0232106
0.175644
0.179137
0.103429
0.062959
0.464108
0.247042
0.0296034
0.0597291
0.18534
0.095425
0.0407365
0.0209671
0.15152
0.147195
0.0281049
0.0329234
0.10634
0.0950415
0.00625346
0.0300516
0.231369
0.271326
0.0469885
0.0158539
0.0663259
0.0172324
0.0235476
0.0182036
0.3309
0.374788
0.0769164
0.0361839
0.048837
0.0538519
0.0283471
0.144786
0.270124
0.518266
0.193695
0.0192047
0.0721534
0.0834548
0.0149528
0.0412446
0.191109
0.151698
0.0577938
0.0282215
0.197952
0.0831242
0.0490794
0.0504534
0.369766
0.254845
0.0421524
0.017026
0.162029
0.12054
0.0198648
0.0543924
0.0816675
0.0676102
0.106706
0.22411
0.475245
0.185856
0.100668
0.0767254
0.108334
0.0825461
0.0966636
0.192057
0.327237
0.132227
0.149728
0.074334
0.229201
0.151311
0.0377086
0.0213903
0.103293
0.238871
0.261601
0.240544
0.0939158
0.0442695
0.00251034
0.0212535
0.115774
0.21237
0.146688
0.10044
0.116065
0.117292
0.0600125
0.0808903
0.15886
0.405681
0.289844
0.220282
0.0895115
0.10823
0.0769949
0.0893817
0.23091
0.196831
0.163139
0.162791
0.0565577
0.0234835
0.000419305
0.0100679
0.103439
0.27463
0.295116
0.133472
0.0685378
0.0128251
0.00238429
0.0388707
0.160915
0.271841
0.261498
0.0967425
0.0414691
0.0169272
0.0230367
0.0486249
0.178018
0.275479
0.47597
0.199605
0.119456
0.0230418
0.0114427
0.0731237
0.144817
0.20611
0.195306
0.12136
0.0839321
0.0134758
0.00924798
0.0609867
0.113171
0.274538
0.224964
0.119348
0.0870171
0.0239342
0.044687
0.13544
0.171076
0.204777
0.296588
0.237607
0.169621
0.0958055
0.0356283
0.101411
0.148658
0.288757
0.121243
0.122383
0.226412
0.114052
0.100945
0.232534
0.268802
0.282955
0.230079
0.0490293
0.0206409
0.00418784
0.0331584
0.0794886
0.0988173
0.39489
0.298055
0.0902158
0.00312131
0.0126662
0.00938878
0.0120134
0.127653
0.238162
0.136798
0.0361261
0.0871886
0.0857911
0.0632141
0.136459
0.17671
0.406254
0.303331
0.163576
0.0308632
0.107289
0.0433527
0.0253442
0.192327
0.273246
0.116799
0.067573
0.072525
0.0293416
0.00124295
0.0106139
0.158807
0.114121
0.0431372
0.0249616
0.420993
0.17667
0.0111592
0.0183364
0.105917
0.348948
0.179956
0.127323
0.0852393
0.057943
0.0478706
0.00737407
0.252619
0.124563
0.0726064
0.10246
0.423644
0.22193
0.0583731
0.00833221
0.171866
0.011131
0.0346678
0.0306689
0.301134
0.260338
0.100582
0.0275536
0.014059
0.0100044
0.060814
0.2105
0.192076
0.293015
0.19293
0.0464535
0.0122037
0.00757144
0.0255047
0.0621823
0.279056
0.334743
0.136218
0.0242134
0.0182241
0.0173452
0.0416334
0.208089
0.205326
0.387269
0.207045
0.0514763
0.0129864
0.0604877
0.0390223
0.05307
0.051187
0.0366395
0.122862
0.251512
0.283281
0.0597989
0.0382325
0.0666759
0.10788
0.104196
0.207277
0.36114
0.173463
0.0198584
0.0488182
0.0566585
0.218768
0.117426
0.0620833
0.0553468
0.0334817
0.0103381
0.0403563
0.121271
0.441734
0.337966
0.139553
0.214604
0.0575549
0.0468782
0.0204309
0.0349021
0.0700558
0.116251
0.105134
0.191357
0.0890098
0.133055
0.0855744
0.0742012
0.04895
0.0872945
0.176868
0.30043
0.136173
0.0271649
0.037726
0.0514607
0.130296
0.193532
0.17054
0.269526
0.0958959
0.0627987
0.0259834
0.019763
0.025087
0.0805697
0.348587
0.548292
0.142093
0.100821
0.0844076
0.0315861
0.0501959
0.0100623
0.0848121
0.199995
0.111237
0.116436
0.234042
0.154818
0.126574
0.0179903
0.0370087
0.127515
0.153182
0.0444631
0.0130319
0.0102044
0.0308703
0.0203019
0.214991
0.430517
0.141746
0.0848564
0.0516536
0.0321647
0.0679044
0.00839499
0.188183
0.520477
0.304041
0.191284
0.218483
0.166137
0.0722717
0.0535861
0.0278002
0.11293
0.218122
0.231966
0.130614
0.0632986
0.0639404
0.0628497
0.0621238
0.214113
0.326651
0.152916
0.0675908
0.0362871
0.0190654
0.0024778
0.103532
0.348367
0.286109
0.157
0.093672
0.0306916
0.00471536
0.0093774
0.0668246
0.278444
0.328575
0.136079
0.129393
0.0651342
0.0515938
0.100817
0.0999308
0.151568
0.226853
0.326231
0.155051
0.144514
0.0380582
0.161601
0.120992
0.0867662
0.218594
0.0623297
0.101671
0.051512
0.0142842
0.0562678
0.140056
0.250763
0.247949
0.203692
0.102024
0.171802
0.0909901
0.163712
0.242437
0.317761
0.217319
0.269667
0.100398
0.0923963
0.0682033
0.087746
0.104522
0.0173275
0.181306
0.0802021
0.0556487
0.11248
0.318811
0.194522
0.102841
0.000486987
0.0991197
0.269484
0.065124
0.0982891
0.218135
0.146816
0.10254
0.078095
0.143579
0.129774
0.0228414
0.0715927
0.542027
0.203056
0.057899
0.00518157
0.0746867
0.0228651
0.027363
0.0393493
0.158878
0.229943
0.0832677
0.0125435
0.0127297
0.0523986
0.0197356
0.0476617
0.18542
0.39526
0.159896
0.0228462
0.0191059
0.108494
0.0351886
0.0450578
0.272137
0.162171
0.0913875
0.0170641
0.0180675
0.108777
0.0509393
0.0509264
0.509634
0.395453
0.143969
0.0206707
0.0180306
0.125461
0.0593772
0.0632163
0.159618
0.0813694
0.00678654
0.00708614
0.124796
0.0535743
0.0763253
0.196184
0.36502
0.21012
0.0204053
0.0339493
0.0485662
0.381729
0.0875792
0.0853016
0.0469011
0.0243827
0.0104104
0.0218067
0.461903
0.16989
0.136222
0.267162
0.158548
0.0602334
0.0309804
0.0578688
0.233392
0.0778274
0.0774238
0.120399
0.211761
0.151632
0.100667
0.156007
0.136415
0.165727
0.0494068
0.026406
0.0261589
0.0565297
0.267812
0.457954
0.272732
0.10103
0.102863
0.136551
0.137932
0.044112
0.0199215
0.102016
0.170963
0.176507
0.124228
0.0275977
0.0505471
0.0417095
0.0463989
0.213156
0.302602
0.062336
0.0147764
0.00783588
0.00119693
0.02927
0.200281
0.289079
0.134132
0.0676551
0.0104649
0
0
0.0182875
0.276112
0.462161
0.202804
0.07583
0.0432208
0.00786491
0.00597923
0.0531792
0.165233
0.176779
0.131562
0.0872965
0.0196347
0.000533685
0.00105385
0.0780458
0.366808
0.356104
0.213489
0.0477152
0.0103656
0.00228954
0
0.0135496
0.136789
0.367791
0.143843
0.0592441
0.0254156
0.0122809
0.00389893
0.00623017
0.0937587
0.335349
0.138783
0.0428684
0.00925783
0.00162177
0.00176845
0.0658265
0.222423
0.346247
0.195017
0.0528525
0.0149821
0.0165621
0.00275445
0.0256201
0.213062
0.502988
0.24386
0.0392128
0.0310723
0.0273724
0.0237926
0.0474644
0.0714784
0.151277
0.0836546
0.0645315
0.0951281
0.185587
0.168587
0.144172
0.136253
0.113439
0.0629168
0.0533425
0.013107
0.0260419
0.0250678
0.0605673
0.19378
0.384659
0.186252
0.0605274
0.0585328
0.126582
0.161557
0.171052
0.46352
0.428945
0.129271
0.0918528
0.0826669
0.115249
0.273067
0.153868
0.0519734
0.032402
0.0437263
0.0497106
0.0216362
0.0404001
0.390992
0.259887
0.0162203
0.00636627
0.0245136
0.0221548
0.0588285
0.0838029
0.311256
0.177455
0.283973
0.202764
0.0564067
0.0201392
0.0353622
0.0404189
0.39674
0.321991
0.107469
0.0273555
0.0269562
0.052503
0.0257493
0.0436918
0.218671
0.221498
0.0868923
0.0303551
0.00706793
0.0426397
0.0833951
0.118914
0.426042
0.26136
0.112213
0.0378467
0.00448447
0.0122539
0.0378105
0.042752
0.212145
0.329245
0.168509
0.0185922
0.00821836
0.0130425
0.110042
0.157609
0.29927
0.374898
0.180106
0.0378723
0.00954094
0.259725
0.0835061
0.106378
0.0711229
0.0423082
0.0295147
0.0698779
0.441633
0.161054
0.126097
0.225659
0.153639
0.0544452
0.0668086
0.134031
0.271482
0.048581
0.103658
0.135222
0.101465
0.173891
0.129781
0.0884453
0.0512727
0.0777519
0.0787058
0.213774
0.172504
0.19105
0.173723
0.145183
0.0465966
0.177854
0.155436
0.125668
0.104829
0.0556824
0.0423403
0.155428
0.155137
0.18348
0.186852
0.0581299
0.105594
0.146086
0.0764087
0.18465
0.178403
0.22298
0.116798
0.168387
0.135544
0.14308
0.108435
0.156047
0.0652396
0.236519
0.0864601
0.154445
0.137544
0.157051
0.0718461
0.123805
0.160972
0.063918
0.0596861
0.0333173
0.0364739
0.130422
0.164217
0.153318
0.108563
0.0694214
0.0213589
0.0348182
0.0277919
0.169225
0.407495
0.344311
0.320119
0.0810938
0.0311638
0.0900445
0.0823418
0.107714
0.110044
0.0544906
0.0901725
0.0841461
0.12865
0.143284
0.212011
0.159546
0.253099
0.0834609
0.136985
0.0284511
0.00386881
0.0179349
0.0171039
0.0719583
0.224111
0.247849
0.21462
0.0515211
0.00771321
0.0218154
0.008744
0.040514
0.356799
0.470936
0.278307
0.0322459
0.0447521
0.0723257
0.0958356
0.0607794
0.112485
0.0731097
0.0840324
0.0792936
0.00972024
0.059353
0.0390045
0.0392038
0.272007
0.325261
0.14079
0.0541881
0.00528463
0.00865088
0.0063227
0.0191151
0.178662
0.299682
0.140835
0.0583751
0.00649973
0.00491408
0.0413211
0.049542
0.310017
0.47561
0.189182
0.0802633
0.0028245
0.0173277
0.0226813
0.0240585
0.199899
0.228999
0.102654
0.0626429
0.00344845
0.0025739
0.0426268
0.0494316
0.297582
0.340795
0.259935
0.0399957
0.028683
0.0470341
0.16161
0.0929254
0.29479
0.344463
0.193506
0.0404065
0.0537979
0.0807492
0.272095
0.25207
0.112882
0.0507745
0.080336
0.0860139
0.0188509
0.0414538
0.0583728
0.0652243
0.22816
0.264953
0.281364
0.0670823
0.0697765
0.109883
0.285982
0.280033
0.0638924
0.0571555
0.128363
0.00998174
0.0174259
0.0271536
0.155968
0.309978
0.128977
0.0323088
0.0197583
0.0235084
0.0273819
0.0553277
0.163921
0.330505
0.168806
0.183511
0.100468
0.0286574
0.0431751
0.0585191
0.285873
0.33641
0.060969
0.0542331
0.0607125
0.153682
0.0370042
0.0190561
0.13142
0.203221
0.104083
0.317297
0.354287
0.0787321
0.0447866
0.0598246
0.0779752
0.157732
0.137481
0.155266
0.0697835
0.0752765
0.0238769
0.0817611
0.0572799
0.148189
0.228223
0.344265
0.133257
0.0632872
0.0106458
0.0423429
0.0879667
0.0857144
0.0937982
0.213453
0.12346
0.109036
0.027461
0.0670457
0.0527212
0.0634288
0.147726
0.478685
0.267136
0.0867146
0.0371115
0.0463932
0.0525232
0.0675957
0.111882
0.181553
0.10227
0.176619
0.119288
0.0437482
0.0731833
0.0789659
0.0490576
0.0583697
0.0934504
0.174253
0.0654723
0.0263408
0.0422166
0.0337348
0.107875
0.284101
0.296208
0.490496
0.32963
0.0257671
0.0541302
0.0535475
0.0467384
0.058492
0.197417
0.144079
0.136831
0.0837798
0.096277
0.0547069
0.0585658
0.0346855
0.04657
0.116907
0.219376
0.15286
0.284627
0.0798693
0.0799966
0.0235577
0.0639873
0.432336
0.321791
0.0781235
0.058833
0.0412395
0.0260205
0.0227035
0.0589187
0.266043
0.258432
0.121375
0.16196
0.100067
0.0382384
0.0891504
0.113142
0.0925172
0.166851
0.169227
0.254823
0.0985506
0.0810786
0.0620893
0.102999
0.0985782
0.0771234
0.163801
0.111571
0.084236
0.144472
0.275611
0.144753
0.139671
0.17894
0.0861862
0.15444
0.137314
0.0761355
0.197186
0.116003
0.108829
0.178221
0.0790222
0.119712
0.135922
0.134559
0.18312
0.124651
0.0659996
0.0217031
0.0558063
0.0568822
0.0546954
0.16809
0.186419
0.118406
0.108294
0.03034
0.0157109
0.0662387
0.0879889
0.427513
0.481441
0.35431
0.0710078
0.0797269
0.0540868
0.0658481
0.0582507
0.0652698
0.0415416
0.0722508
0.117198
0.121136
0.0573325
0.0966802
0.0800938
0.0949444
0.139582
0.117995
0.0925062
0.0197445
0.00686796
0.0321721
0.0704812
0.245357
0.373931
0.244518
0.0956272
0.179039
0.163301
0.252046
0.159312
0.126165
0.225895
0.171886
0.0917325
0.049128
0.0230467
0.0500151
0.0694457
0.0882175
0.219766
0.134697
0.221403
0.182489
0.13475
0.0603268
0.100931
0.114936
0.23849
0.160969
0.0684631
0.228427
0.247238
0.401027
0.204778
0.0594366
0.0637104
0.071233
0.189892
0.128215
0.100044
0.19138
0.118108
0.0649719
0.13962
0.277424
0.149712
0.211225
0.206303
0.110574
0.0710729
0.106175
0.0846648
0.0891055
0.0908436
0.12451
0.183759
0.141924
0.0520736
0.0982288
0.0343244
0.0529528