0.000177069
0.0345641
0.128692
0.353603
0.158964
0.028815
0.00691207
0
0.0700451
0.0152781
0.15651
0.499421
0.311747
0.11406
0.0203066
0.0131644
0.0104793
0.0385736
0.0618792
0.189712
0.207407
0.107706
0.011576
0.0196732
0.0870987
0.0479308
0.130348
0.286633
0.321479
0.239836
0.0635107
0.0198183
0.150158
0.123014
0.210559
0.327967
0.188183
0.084761
0.0258776
0.0365179
0.0881687
0.155503
0.251856
0.526002
0.181764
0.0184438
0.0161471
0.0278044
0.113671
0.159246
0.225236
0.207711
0.0671275
0.0706091
0.036215
0.0289895
0.0701777
0.177785
0.18766
0.264355
0.0974811
0.00434379
0.0263414
0.0528143
0.00650714
0.0508179
0.199693
0.686026
0.219526
0.013602
0.00330693
0.00382853
0.0362095
0.0178686
0.0668391
0.134702
0.0796094
0.0476577
0.0230964
0.0268131
0.0422571
0.0852909
0.133597
0.37266
0.2544
0.018585
0.0359572
0.0432649
0.0153249
0.0173598
0.0440836
0.134068
0.112933
0.0523819
0.0642619
0.0369008
0.15273
0.100353
0.0945779
0.0814527
0.127452
0.0994583
0.0940621
0.154703
0.141461
0.18378
0.173944
0.0762388
0.104544
0.0927561
0.054098
0.0687481
0.0632923
0.0766575
0.0886381
0.116594
0.184059
0.147625
0.203675
0.154595
0.129622
0.21451
0.157952
0.142888
0.133358
0.196402
0.0976668
0.0856864
0.0618584
0.104703
0.129218
0.0257213
0.0317858
0.0367195
0.0252375
0.0241902
0.123323
0.120361
0.107168
0.0268867
0.053099
0.036732
0.0667768
0.123284
0.166325
0.21364
0.095138
0.0296502
0.0285793
0.054425
0.0340711
0.0377328
0.463919
0.526922
0.155685
0.0069028
0.00585752
0.0061543
0.0724179
0.123946
0.0643828
0.0430434
0.0110449
0.0144401
0.0313333
0.0324855
0.0392139
0.0805133
0.111393
0.0801999
0.034545
0.020934
0.0231892
0.0211032
0.0262157
0.0511586
0.274773
0.425023
0.0742396
0.00336485
0.00336485
0.000334073
0.0364805
0.0844349
0.594055
0.335604
0.0508968
0.0247789
0.0681392
0.0160733
0.0866123
0.19419
0.121164
0.178509
0.0950133
0.0372309
0.0121245
0.0268409
0.0147852
0.0248432
0.0858851
0.167631
0.10939
0.0729516
0.0280952
0.0554719
0.0468469
0.03643
0.45189
0.183757
0.0743458
0.0941905
0.217371
0.0864485
0.173465
0.181093
0.315413
0.117785
0.0994615
0.10172
0.136881
0.140011
0.0879843
0.233071
0.0620222
0.0167789
0.0115039
0.0380503
0.138327
0.173027
0.0530843
0.0702717
0.187475
0.0633529
0.0683079
0.0768543
0.183242
0.26364
0.0860337
0.0497289
0.330134
0.0132625
0.000746497
0.0130158
0.0592449
0.0887006
0.114947
0.35489
0.488664
0.0363118
0.0157722
0.0338281
0.0637436
0.0889175
0.0732363
0.423932
0.183584
0.160128
0.187391
0.164311
0.0505871
0.075239
0.0552423
0.0522646
0.160555
0.133056
0.147955
0.156386
0.0467592
0.00436956
0.0477653
0.0889217
0.437747
0.0742141
0.0443134
0.045478
0.0227589
0.0299994
0.0260511
0.36917
0.432953
0.0572501
0.0386027
0.0193488
0.0172423
0.0113105
0.0379513
0.37326
0.17184
0.0904104
0.119245
0.152311
0.0751916
0.00478786
0.0336002
0.0737493
0.05118
0.0530554
0.0782119
0.0874067
0.0434132
0.0165874
0.0463565
0.0713341
0.468977
0.066521
0.0506515
0.0217662
0.0146718
0.0150984
0.0841142
0.441344
0.336988
0.172562
0.0536874
0.0164241
0.010033
0.00611622
0.13521
0.386349
0.0476752
0.0262123
0.021283
0.0185333
0.0248559
0.0160401
0.0287176
0.0448582
0.178867
0.0905865
0.028593
0.0204462
0.022254
0.0159795
0.00883299
0.0241966
0.243159
0.325245
0.0362802
0.00270283
0.00671613
0.00590392
0.0333908
0.115775
0.619701
0.513547
0.0760974
0.00200457
0.00658142
0.00476466
0.00265195
0.029884
0.157001
0.158074
0.0394081
0.00522326
0.00443556
0.00345699
0.00267967
0.0135131
0.262038
0.319225
0.0457785
0.000640354
0.000494551
1.74642e-005
0.00587479
0.0323194
0.430557
0.356253
0.0672892
0.00466229
0.000604406
0.000204548
0
0.0222521
0.392485
0.430985
0.124389
0.0237175
0.000340625
0.00187903
0.0154578
0.0445771
0.239269
0.431786
0.0450553
1.9412e-005
0.00483286
0.0135293
0.0161855
0.0421742
0.294994
0.226179
0.0168131
0.0850404
0.133857
0.0559435
0.0641921
0.124474
0.255728
0.30923
0.0917369
0.0903222
0.0632391
0.0463658
0.0733038
0.0738429
0.0757863
0.0753666
0.0340581
0.33574
0.318994
0.0932896
0.0720147
0.0683958
0.125887
0.03991
0.0344846
0.163673
0.223599
0.0665246
0.0840698
0.0866245
0.217301
0.06677
0.0629696
0.128828
0.0833733
0.0778391
0.106405
0.20585
0.0179344
0.0125446
0.0573924
0.341425
0.341669
0.083382
0.0995259
0.0406738
0.133946
0.0508052
0.0745321
0.205999
0.100757
0.183319
0.373206
0.298944
0.249982
0.0292567
0.0204244
0.0195206
0.0154707
0.00932704
0.0998569
0.339579
0.344213
0.02092
0.00493657
0.00939306
0.00713399
0.00283345
0.060287
0.502951
0.180663
0.0719135
0.0676943
0.0933437
0.0758525
0.0300556
0.0531755
0.152893
0.353629
0.149018
0.0263925
0.115822
0.0670524
0.00691702
0.0816364
0.315017
0.274694
0.0571255
0.00582322
0.00465406
0.00197806
0.00131464
0.0232637
0.374429
0.237012
0.121924
0.0391843
0.00183748
0.00829123
0.015737
0.0611466
0.30674
0.307991
0.309482
0.0191717
0.0343432
0.0110614
0.00676899
0.0591401
0.2143
0.262892
0.439183
0.0924162
0.0216616
0.0128929
0.0169806
0.0552548
0.11305
0.224917
0.108418
0.0665824
0.00447196
0.0266001
0.038816
0.0884154
0.288302
0.31523
0.150771
0.047217
0.00298131
0.0145583
0.017399
0.0812691
0.284722
0.253724
0.38034
0.156509
0.0182744
0.0280949
0.0432118
0.0434805
0.087868
0.291775
0.36367
0.188427
0.0240568
0.0284788
0.0290218
0.034073
0.0909047
0.271125
0.292883
0.0532668
0.00399367
0
0.0130693
0.0257745
0.0987288
0.295771
0.493129
0.123244
0.0240113
0.0208952
0.0139416
0.0274469
0.0296066
0.271838
0.202989
0.186127
0.0345852
0.0268731
0.0107472
0.0443148
0.0553254
0.255046
0.2972
0.140485
0.0448723
0.0392787
0.0145265
0.0950037
0.15148
0.31664
0.377239
0.0665089
0.0150958
0.0154955
0.0106952
0.0329395
0.0590603
0.348027
0.32574
0.131066
0.0313149
0.000659938
0.00865907
0.026098
0.0834635
0.245353
0.215397
0.0309566
0.0297409
0.0507577
0.0218531
0.112056
0.256703
0.275959
0.167132
0.0728565
0.0827985
0.134755
0.069894
0.0544729
0.199901
0.169045
0.153335
0.161908
0.187851
0.0484547
0.0212852
0.047453
0.0530953
0.0235016
0.0195207
0.100394
0.456807
0.257978
0.0299315
0.0397561
0.0249916
0.0933632
0.10052
0.179085
0.20026
0.131368
0.0739451
0.0115793
0.0552989
0.0184755
0.0802921
0.21413
0.488228
0.197229
0.0239546
0.00805924
0.0361064
0
0.000163559
0.0746489
0.32941
0.253041
0.0238357
0.0509288
0.0159661
0.0296578
0.00740991
0.0998785
0.188397
0.12554
0.0842478
0.211303
0.183305
0.00622706
0.0387713
0.174616
0.462136
0.191757
0.01531
0.00680341
0.0421212
0.015651
0.0113291
0.242812
0.35517
0.206784
0.03383
0.047006
0.0577863
0.214378
0.0891504
0.12116
0.212759
0.159642
0.035098
0.0202442
0.150494
0.345328
0.142535
0.0544185
0.264015
0.2004
0.0241303
0.0895741
0.198267
0.338552
0.102414
0.161419
0.160734
0.0944308
0.0133834
0.0530557
0.268236
0.215448
0.0844762
0.0718292
0.183872
0.125653
0.033678
0.123618
0.211557
0.255714
0.204477
0.0218066
0.0846528
0.0407306
0.0736889
0.202877
0.108489
0.153418
0.273232
0.0609277
0.0379561
0.0453806
0.140883
0.180662
0.0292528
0.0915443
0.0236666
0.0247416
0.0689508
0.0549217
0.182991
0.279584
0.113587
0.0207423
0.0258773
0.0279341
0.0507163
0.152485
0.560778
0.27634
0.0176685
0.139985
0.259478
0.0828316
0.0220437
0.0501061
0.13703
0.0802784
0.0350302
0.13967
0.252161
0.168478
0.123965
0.0517737
0.0848041
0.0692399
0.0560741
0.0213327
0.0465535
0.0247464
0.0336155
0.133764
0.476611
0.251195
0.029808
0.0320277
0.0314873
0.0501064
0.146306
0.117712
0.317466
0.350805
0.161699
0.123282
0.104029
0.211436
0.120424
0.054051
0.0190829
0.0468096
0.116274
0.250828
0.125948
0.0943292
0.0347932
0.0207768
0.00651887
0.104992
0.27054
0.0404395
0.0107162
0.0567096
0.119404
0.084563
0.1122
0.18047
0.317247
0.140824
0.019293
0.0186898
0.023069
0.0152227
0.0137279
0.305777
0.556418
0.178822
0.071219
0.0385274
0.0484744
0.0581744
0.017175
0.164479
0.240775
0.0892422
0.0769277
0.118865
0.177364
0.190571
0.0746578
0.092274
0.15244
0.121869
0.077019
0.101104
0.0890997
0.0411588
0.0351558
0.37917
0.280725
0.179402
0.168075
0.267239
0.328922
0.114857
0.0819602
0.165725
0.204094
0.017343
0.0445583
0.112264
0.217799
0.16025
0.0751507
0.0357653
0.0557785
0.0289413
0.0884043
0.126554
0.308639
0.204424
0.0770847
0.101047
0.0898618
0.108902
0.0823208
0.203217
0.379801
0.0770311
0.0407325
0.048235
0.133798
0.0315557
0.0659784
0.271737
0.396404
0.127208
0.078461
0.20369
0.172084
0.027476
0.0528941
0.113465
0.243462
0.138403
0.0446656
0.0697083
0.1103
0.00432868
0.00551924
0.224751
0.326778
0.149157
0.0219843
0.0115057
0.0450114
0.0308905
0.0265971
0.175144
0.325124
0.134077
0.0351529
0.157441
0.142116
0.00649302
0.0146152
0.203275
0.477009
0.276241
0.0135571
0.0169233
0.0301211
0.370187
0.0830425
0.151758
0.129459
0.137852
0.0206658
0.109681
0.336913
0.239915
0.114596
0.104161
0.170888
0.0332764
0.0561525
0.0935503
0.153621
0.221864
0.056524
0.0896157
0.103772
0.144776
0.0306566
0.0904655
0.319491
0.252156
0.129537
0.116689
0.111963
0.0492671
0.0409017
0.0768499
0.231909
0.107806
0.0549067
0.0506985
0.0975669
0.0581767
0.104417
0.0864181
0.0710001
0.032939
0.00718476
0.0708655
0.288129
0.235068
0.347345
0.0910087
0.033071
0.156026
0.0872542
0.0921637
0.166354
0.0453257
0.0212687
0.053268
0.173697
0.0635155
0.0390451
0.162131
0.603374
0.153062
0.0407057
0.0460561
0.0908929
0.0119612
0.011472
0.0345202
0.14505
0.136585
0.240728
0.140451
0.0585804
0.0448106
0.0232783
0.0111215
0.0441959
0.0741679
0.258924
0.378944
0.17059
0.0297565
0.029516
0.0764645
0.311736
0.114892
0.0996012
0.112664
0.102944
0.0785814
0.0680677
0.0252175
0.0886006
0.175679
0.316896
0.382473
0.216664
0.0159211
0.0044039
0.00111612
0.0163844
0.0354726
0.125118
0.300799
0.147187
0.0249687
0.00240953
0
0.00477753
0.0130483
0.0406757
0.358113
0.244957
0.0187348
0.0187214
0.00719519
0.0234792
0.13793
0.226601
0.340965
0.0994043
0.0112139
0.0171908
0.00138025
0.0100056
0.0910442
0.234173
0.5407
0.111781
0.0454768
0.0482495
0.071699
0.0784166
0.0670599
0.0415006
0.227398
0.142841
0.155077
0.11916
0.156166
0.270471
0.125349
0.089839
0.0608774
0.128951
0.0269409
0.0252286
0.0499699
0.0747891
0.216994
0.274155
0.365163
0.0864926
0.0914647
0.0674801
0.165147
0.283589
0.324921
0.276075
0.108048
0.111816
0.126792
0.0767271
0.135681
0.255494
0.0744029
0.0500191
0.00597387
0.08921
0.0163808
0.0407659
0.260419
0.387189
0.0913273
0.0145898
0.0390262
0.0417451
0.077953
0.0409545
0.138876
0.263728
0.174401
0.13845
0.0285023
0.0678398
0.0120433
0.0185209
0.132102
0.504748
0.279694
0.0290568
0.0149324
0.00543229
0.0042542
0.0247758
0.17057
0.349346
0.124996
0.00472463
0.0366051
0.0303225
0.000873654
0.0295065
0.101654
0.32782
0.310036
0.0246166
0.00834826
0.00279881
0.00155961
0.025559
0.0934041
0.409712
0.257418
0.0266759
0.0453031
0.0150268
0.00623845
0.0304102
0.192421
0.308841
0.262718
0.0957031
0.0483082
0.0192492
0.114453
0.0411838
0.109409
0.108811
0.0865376
0.103123
0.110854
0.130153
0.133379
0.12162
0.205364
0.195135
0.114202
0.0466869
0.0898978
0.167169
0.0619331
0.0501345
0.194487
0.100036
0.0201086
0.209383
0.174465
0.0525088
0.0365339
0.259203
0.466428
0.293817
0.0718646
0.0741219
0.0616164
0.00750854
0.116471
0.0875051
0.153574
0.217179
0.0684574
0.0042754
0.0256006
0.168277
0.0489751
0.0595491
0.186149
0.462264
0.173239
0.0595907
0.0952526
0.126964
0.0426445
0.176839
0.216839
0.249059
0.113974
0.0152974
0.000961728
0.00988285
0.0785539
0.0739869
0.0986855
0.30013
0.245914
0.0841073
0.126777
0.103357
0.0480493
0.022046
0.053251
0.181788
0.120155
0.107734
0.179243
0.156609
0.085152
0.0235739
0.0150052
0.0894045
0.214966
0.316671
0.318287
0.234904
0.056694
0.0154464
0.0346005
0.125365
0.127105
0.130916
0.206546
0.252751
0.0890519
0.0107026
0.0742693
0.151427
0.191366
0.168887
0.25732
0.255245
0.0226639
0.0104428
0.012998
0.0468704
0.18293
0.284404
0.245887
0.0923096
0.0213076
0.0160446
0.00316251
0.0161989
0.124843
0.350001
0.401604
0.0936511
0.0719334
0.0154218
0.0369577
0.0671331
0.0988509
0.173726
0.250072
0.0702205
0.0681021
0.0111783
0.00203266
0.0166671
0.10325
0.305995
0.294189
0.168389
0.0308572
0.00617624
0.00477418
0.0248044
0.127131
0.321764
0.338978
0.0849325
0.0898253
0.0145456
0.0966002
0.121868
0.198464
0.334767
0.238434
0.173307
0.0732003
0.0205423
0.00228248
0.015229
0.057284
0.183844
0.22361
0.192461
0.0897115
0.0330303
0.0488264
0.0447845
0.072405
0.255907
0.253143
0.258728
0.0694912
0.0336636
0.183708
0.175818
0.162458
0.17081
0.0798609
0.12145
0.00623367
0.0281004
0.130992
0.399198
0.317404
0.0893785
0.0628347
0.0356508
0.0758168
0.057424
0.1603
0.125991
0.143074
0.14262
0.10395
0.158427
0.0354378
0.056099
0.128008
0.242304
0.306016
0.215713
0.118608
0.103321
0.0121707
0.0115888
0.0516513
0.25558
0.202435
0.0889419
0.143009
0.108446
0.0773195
0.0460238
0.142314
0.204629
0.0896522
0.118973
0.126739
0.129279
0.0624819
0.0353872
0.0233976
0.122519
0.168617
0.269889
0.2358
0.239317
0.275597
0.149306
0.0546274
0.0897945
0.110956
0.275675
0.225872
0.256457
0.102146
0.13455
0.120332
0.029577
0.0127653
0.1067
0.190208
0.0771803
0.131739
0.334766
0.331344
0.175831
0.0168945
0.033757
0.0199458
0.0156545
0.222265
0.180957
0.109031
0.0697676
0.0475099
0.0205469
0.25068
0.160052
0.178915
0.329919
0.149371
0.110628
0.0787812
0.0225134
0.0511164
0.0489578
0.0863345
0.192486
0.191529
0.184272
0.0742108
0.0232716
0
0.00549829
0.153264
0.0873078
0.0896912
0.22896
0.197635
0.156592
0.0660714
0.0632788
0.100886
0.14256
0.103369
0.13361
0.109822
0.0191385
0.0648309
0.0406507
0.142128
0.0831499
0.108954
0.211665
0.250572
0.465871
0.147316
0.0474271
0.0442417
0.0125389
0.0603297
0.1694
0.161628
0.133345
0.0783683
0.115041
0.0378506
0.0281045
0.105676
0.297143
0.228736
0.0987433
0.0747873
0.0846877
0.0630532
0.0185739
0.0894068
0.248189
0.169225
0.319179
0.111562
0.0598305
0.0655759
0.0534114
0.125559
0.483096
0.224994
0.151105
0.0890086
0.0525839
0.0754297
0.0636381
0.0855696
0.178825
0.113044
0.145586
0.170355
0.0463991
0.22173
0.0498753
0.0253371
0.0142055
0.052824
0.251378
0.292022
0.371669
0.0874772
0.0830845
0.111924
0.23502
0.109111
0.118345
0.117978
0.0624653
0.234057
0.105794
0.118584
0.0270304
0.0114895
0.084046
0.155564
0.262078
0.208197
0.0247903
0.00543925
0.0105764
0.0388887
0.096028
0.124473
0.362455
0.0934884
0.0253076
0.0461564
0.089912
0.0876813
0.150497
0.197772
0.268293
0.177493
0.0344271
0.0235339
0.0713865
0.11436
0.0525846
0.0765119
0.244256
0.0593658
0.0246669
0.112275
0.373002
0.374213
0.0840139
0.0931808
0.151604
0.0294702
0.0416996
0.116162
0.0988802
0.070405
0.0864044
0.0898624
0.0643663
0.0961018
0.148031
0.116549
0.0850218
0.102368
0.173713
0.111974
0.0524823
0.0443958
0.183345
0.278989
0.197202
0.144265
0.0445658
0.0464155
0.0447682
0.19766
0.511022
0.371329
0.123613
0.118575
0.104636
0.0706819
0.0368143
0.139847
0.0951226
0.0224016
0.045171
0.0499028
0.126916
0.114915
0.12789
0.226466
0.0725944
0.0159333
0.0373755
0.0559908
0.100554
0.209098
0.315497
0.217325
0.253672
0.0996622
0.0722229
0.0928284
0.0761482
0.0854265
0.144834
0.197613
0.102208
0.131725
0.0775533
0.0491202
0.0599888
0.342067
0.455431