0.147597
0.0330996
0.00167902
0.00058257
0.000458731
0.0182137
0.107521
0.308779
0.254342
0.0618582
0.0163494
0
0.00135548
0.0379757
0.139466
0.336087
0.215723
0.191064
0.0498933
0.033259
0.0407084
0.0393666
0.122156
0.32723
0.281761
0.138203
0.0345839
0.0808898
0.0552525
0.0568676
0.207805
0.464953
0.314538
0.107114
0.0259827
0
0.00502953
0.0210623
0.0409107
0.192919
0.359101
0.128834
0.0221598
0.000205636
0.00335302
0.005265
0.027376
0.169662
0.375945
0.103412
0.0222591
0.0357473
0.0188749
0.0275892
0.104434
0.285247
0.42955
0.122521
0.0636829
0.0130779
0.000341901
0.0197683
0.139245
0.335163
0.219449
0.157561
0.0422484
0.00104067
2.50349e-005
0
0.0330512
0.118967
0.271376
0.210078
0.0461457
0.00271818
0.0115828
0.0474141
0.167834
0.23286
0.239786
0.261142
0.218574
0.0391037
0.00539759
0.0377965
0.0909491
0.11165
0.193078
0.385949
0.206775
0.0569456
0.149313
0.312282
0.227327
0.142933
0.182958
0.0497283
0.00544795
0.00830527
0.0203991
0.0632512
0.133971
0.254525
0.150008
0.042122
0.000375497
0.0277615
0.0224598
0.0442329
0.0785555
0.267278
0.162945
0.0961923
0.01756
0.0202603
0.17291
0.320067
0.189445
0.275468
0.36832
0.127542
0.000563246
0
0.0328177
0.0536375
0.11845
0.481012
0.106314
0.0426412
0.00304443
0.00882665
0.00733851
0.015884
0.0667574
0.141053
0.173257
0.0692264
0.0302897
0.0084707
0.0179449
0.0265676
0.0573788
0.153758
0.376877
0.212296
0.000614103
0
0
0
0.0397692
0.188321
0.659464
0.352651
0.0450782
0.0150271
0.0114364
0.0264009
0.0313749
0.199316
0.0985097
0.0609852
0.0877474
0.00947373
0.0235464
0.0228822
0.0454431
0.0946304
0.233789
0.121971
0.137776
0.0123088
0.0081041
0.00487359
0.0285785
0.134902
0.368571
0.302773
0.16847
0.0421571
0.026776
0.0300257
0.052115
0.120961
0.505939
0.360811
0.287398
0.0894405
0.0930504
0.041265
0.0993334
0.156499
0.203064
0.0875445
0.0361138
0.0123774
0.013309
0.0306215
0.0475949
0.0918091
0.138918
0.0407928
0.0473208
0.0670882
0.0392962
0.101563
0.0845901
0.0865423
0.313556
0.143568
0.0930638
0.106537
0.157308
0.151526
0.105084
0.189233
0.084154
0.0266437
0.0715321
0.577636
0.385741
0.258088
0.119283
0.121671
0.112065
0.179972
0.202894
0.159875
0.0749106
0.0268388
0.0557719
0.08539
0.112839
0.114719
0.134494
0.260933
0.137807
0.053446
0.116684
0.120051
0.0688814
0.264905
0.386555
0.225521
0.17394
0.0343793
0.0177965
0.0399757
0.0983451
0.302667
0.35783
0.281621
0.109818
0.0205127
0.0443866
0.034049
0.137012
0.0610803
0.0459269
0.103899
0.0494752
0.0457964
0.0723955
0.0927693
0.214754
0.124818
0.0494054
0.0250892
0.0303118
0.0387001
0.0869742
0.154157
0.112993
0.276646
0.183641
0.100808
0.0352155
0.0380941
0.0677858
0.0483578
0.291462
0.609275
0.374684
0.0170005
0.0445685
0.0290623
0.102193
0.0856127
0.151799
0.130117
0.106095
0.0432911
0.0228264
0.0584394
0.0696162
0.0588109
0.130557
0.158364
0.13387
0.0766815
0.104866
0.223136
0.109889
0.0639535
0.221055
0.421061
0.145455
0.0134518
0.0256099
0.0233378
0.133697
0.0996656
0.355636
0.516706
0.111817
0.0345486
0.0146796
0.0651679
0.113256
0.126119
0.121527
0.0878235
0.0233338
0.0244148
0.0706315
0.133573
0.058148
0.114939
0.386239
0.189
0.00111025
0
0.0112625
0.0228839
0.0347747
0.17316
0.27316
0.321913
0.0698635
0.0161143
0.00743372
0.0529882
0.0507453
0.0943478
0.440335
0.471217
0.195404
0.0278952
0.000850855
0.0231056
0.0261794
0.0664474
0.259844
0.159095
4.10808e-005
0
0
0
0.00755786
0.0427272
0.347549
0.28457
0.0183938
0.00493645
0
0.0144055
0.0065367
0.0439066
0.326345
0.329714
0.0729098
0.0114102
0
0
0.000803608
0.0108099
0.465581
0.465581
0.0170501
0.000627646
0
0.00878435
0.00337859
0.0165339
0.225829
0.238132
0.0607998
0.0205206
0.00510613
0.0185481
0.0241764
0.0392775
0.179097
0.160834
0.112659
0.159693
0.165644
0.0670785
0.098514
0.0820425
0.322284
0.319999
0.0248432
0.0200032
0.0294739
0.0273287
0.0168684
0.0223784
0.144774
0.132359
0.04846
0.462255
0.462255
0.106632
0.0640153
0.0462535
0.0532582
0.0313372
0.0669717
0.154748
0.206852
0.0827629
0.035232
0.0447117
0.00678318
0.00487975
0.033321
0.313294
0.299969
0.0790939
0.0118999
0.0173395
0.00926856
0.00888449
0.0486781
0.409568
0.409568
0.0472285
0.0153145
0.010987
0.00197194
0.00170112
0.0397121
0.409568
0.409568
0.024432
0.00312703
0.00515508
0.0433229
0.19139
0.121227
0.0730598
0.085969
0.0349174
0.0154874
0.0361306
0.108385
0.443549
0.196359
0.037444
0.0201899
0.00215515
0.0051159
0.0255146
0.0305415
0.121452
0.268946
0.166177
0.0740761
0.0208094
0.0103707
0.0222816
0.113092
0.412875
0.537095
0.141311
0.0574848
0.0496354
0
0.02276
0.11348
0.374585
0.104205
0.00861377
0.0044211
0.00475447
0.0166291
0.0126015
0.152785
0.408942
0.237654
0.0210138
0.0158089
0.0104988
0.0478471
0.0262959
0.124987
0.35564
0.207321
0.103809
0.054171
0.0483056
0.0239939
0.0509153
0.140015
0.30788
0.226256
0.3309
0.178452
0.0850134
0.04841
0.0785881
0.151559
0.24119
0.105776
0.0118934
0.00466314
0.00210498
0.0416054
0.0321748
0.340396
0.358581
0.0322154
0.00703235
0.00942093
0.0134039
0.0303128
0.0367302
0.226538
0.270855
0.141175
0.199971
0.0710678
0.0207057
0.00915585
0.0170944
0.472611
0.41803
0.0478239
0.105727
0.0588391
0.0111477
0.0236286
0.0340717
0.27553
0.262628
0.0562818
0.0336592
0.0369924
0.0518302
0.0514778
0.0362106
0.143518
0.222228
0.340175
0.1513
0.0362382
0.0379468
0.0416549
0.0340241
0.336478
0.266683
0.0625853
0.205783
0.137326
0.0410371
0.0862952
0.118776
0.13976
0.131749
0.278492
0.354627
0.12433
0.081948
0.109498
0.165307
0.270843
0.330882
0.288892
0.123592
0.0148196
0.00722762
0.00780857
0.0188242
0.415666
0.459816
0.0409601
0.0134511
0.00254946
0.00964132
0.0141753
0.0227081
0.16808
0.0938972
0.22058
0.237001
0.0730072
0.0738818
0.0730277
0.12763
0.175148
0.110752
0.0796067
0.0832455
0.0540754
0.0774654
0.10081
0.132261
0.108008
0.111477
0.00332929
0.0331917
0.0412258
0.00777736
0.00366508
0.00715596
0.0377856
0.0323497
0.000423881
0.488338
0.437687
0.0227979
0.0059883
0.00477084
0.0260752
0.0135594
0.00860571
0.0832347
0.0763844
0.0139924
0.0138224
0.0210089
0.0103166
0.00086813
0.00010597
0.488338
0.488338
0
0
0.00720602
0.00137341
0.00103634
0.00290992
0.368991
0.330653
0.00426517
0.00112033
0.000440362
0.000755804
0.000584513
0.0131227
0.368991
0.246878
0.00582444
0.00352692
0.00165464
0.000395039
0
0.000278848
0.368991
0.357128
0.0210941
0.00644025
0.000244377
0.00527146
0.00208956
0.00620866
0.368991
0.317164
0.111245
0.0775021
0.0348868
0.021951
0.0605011
0.24451
0.222136
0.163268
0.0400876
0.00370953
0.00972926
0.044763
0.128027
0.524805
0.252039
0.158718
0.0965209
0.0521335
0.0450306
0.0681892
0.0490489
0.0565342
0.120316
0.242746
0.163001
0.0242688
0.0238076
0.0806737
0.0491789
0.128262
0.108045
0.281711
0.305718
0.154468
0.20844
0.0413511
0.155695
0.210312
0.154079
0.0452819
0.0420497
0.0481161
0.045487
0.0373938
0.219033
0.306748
0.431444
0.12394
0.0665599
0.069493
0.0415979
0.0394784
0.106521
0.0962919
0.0636769
0.0425695
0.102905
0.175532
0.135255
0.016067
0.141485
0.187124
0.211502
0.0432203
0.139555
0.514855
0.107611
0.0664436
0.136881
0.201475
0.289273
0.0898314
0.0278926
0.075616
0.0105689
0.175961
0.227545
0.0928544
0.173776
0.0604393
0.00808282
0.0534301
0.0408725
0.00993667
0.0519833
0.0990695
0.120021
0.0474493
0.0629926
0.555249
0.12366
0.0894254
0.284239
0.185271
0.116702
0.0725439
0.0436559
0.36644
0.135388
0.231129
0.258816
0.154869
0.277004
0.0856305
0.00460745
0.0532518
0.146606
0.221422
0.235528
0.158751
0.227141
0.0590106
0.0431969
0.107064
0.211086
0.160945
0.261326
0.285625
0.241733
0.140608
0.0474262
0.118655
0.136981
0.217882
0.160496
0.150257
0.119703
0.0663342
0.0218357
0.0980186
0.164322
0.175354
0.14026
0.0646613
0.118694
0.0327593
0.0426716
0.0607401
0.151944
0.181982
0.207203
0.151066
0.095744
0.0456015
0.0432889
0.056317
0.120707
0.166436
0.114936
0.0654805
0.0690138
0.0155519
0.0032465
0.0267303
0.105871
0.215221
0.332227
0.612052
0.321968
0.0427595
0.00315604
0.0216146
0.0751234
0.0687641
0.0585347
0.0234553
0.0695274
0.0559325
0.016666
0.0175129
0.0283884
0.0412763
0.0155676
0.000673666
0.465039
0.378524
0.0159081
0.0170691
0.0240607
0.135514
0.152435
0.184845
0.163297
0.122843
0.0425978
0.0382512
0.0576648
0.0819526
0.040179
0.0216931
0.465039
0.465039
0.0636324
0.0397262
0.0478629
0.00122506
0
0.00131339
0.419621
0.275838
0.0238842
0.0127347
0.00181093
0.00402415
0.000716742
0.030763
0.352004
0.24631
0.123872
0.100135
0.0261155
0.000725379
0
0.0187213
0.419621
0.295813
0.0106962
0.005472
0.00196876
0
0
0.135573
0.419621
0.183631
0.0327303
0.0252698
0
0.15723
0.0774592
0.04776
0.167729
0.184427
0.176877
0.037097
0.0316108
0.23424
0.112749
0.0684626
0.0979354
0.236823
0.367439
0.162555
0.32465
0.247791
0.0498798
0.0570066
0.206214
0.118775
0.0348479
0.0210141
0.0549806
0.346358
0.153614
0.129463
0.10222
0.0978275
0.0730231
0.072516
0.180961
0.076413
0.0423499
0.0233867
0.00688385
0.0300745
0.0916111
0.224042
0.225548
0.0230368
0.00943388
0.0139534
0.023874
0.0127567
0.0952087
0.623465
0.318201
0.105994
0.0510757
0.0477217
0.00680051
0.0321987
0.0289395
0.129754
0.14265
0.0669589
0.0250062
0.0171923
0.0145923
0.0164093
0.0458131
0.388116
0.313402
0.0148292
0.012301
0.00641717
0.00712095
0.00411219
0.0464461
0.451316
0.169481
0.0483391
0.0954671
0.0820662
0.0391878
0.0413552
0.109003
0.462697
0.131267
0.0245778
0.0083326
0.00181542
0.00532851
0.000136364
0.0658643
0.328466
0.156823
0.0107449
0.00103582
0.00415844
0.00454527
0.00668754
0.12117
0.523931
0.147314
0.0270636
0.0515256
0.0791625
0.0769058
0.0832022
0.0876338
0.308101
0.0609527
0.0252298
0.014055
0.0280208
0.0345812
0.0409311
0.0283761
0.308343
0.0665378
0.00271049
0
0.00616772
0.00674146
0.0117351
0.0843644
0.571509
0.103507
0.0151527
0.006103
0.0157418
0.00168536
0.00533917
0.0495208
0.571509
0.189081
0.0179262
0.031226
0.0953987
0.0420525
0.0102876
0.00599439
0.0835506
0.032138
0.0329021
0.129553
0.442432
0.337546
0.0966093
0.0386864
0.070717
0.0166221
0.0384776
0.0489855
0.156968
0.0268085
0.0483349
0.04562
0.389621
0.169772
0.0275312
0.114988
0.324372
0.207583
0.186488
0.20509
0.361035
0.0564238
0.0392896
0.0862508
0.155095
0.234798
0.133944
0.0258077
0.0601236
0.0224263
0.0249856
0.0333525
0.043901
0.420437
0.38092
0.0170631
0.0262873
0.0156956
0.00982191
0.0780088
0.133
0.281432
0.119908
0.0655253
0.163615
0.003196
0.00731736
0.0457022
0.157959
0.420437
0.409079
0.00583488
0.031231
0.00214208
0
0
0.0268994
0.395951
0.307616
0.00866185
0.000386686
0.000191167
0.00366048
0.00109799
0.120909
0.395951
0.157397
0.0389323
0.0184725
0.0103326
0.000186706
0
0.0527352
0.395951
0.393066
0.0186315
0
5.68236e-005
0.0403197
0.00683102
0.0740475
0.329496
0.255734
0.112677
0.0411434
0.0229656
0.161936
0.0381764
0.0607358
0.0883308
0.0852275
0.0189039
0.0450049
0.0827234
0.121784
0.055899
0.0748811
0.0769904
0.113592
0.0282094
0.018595
0.0747261
0.241348
0.318294
0.141729
0.291987
0.345173
0.233777
0.168837
0.117306
0.063507
0.101014
0.15284
0.347409
0.374191
0.0950048
0.0465486
0.0411052
0.183803
0.108608
0.115846
0.05969
0.143255
0.0574787
0.0500641
0.159349
0.244862
0.130925
0.0854882
0.0937468
0.054752
0.101792
0.3432
0.241474
0.145791
0.129474
0.16362
0.23786
0.226592
0.0698481
0.020905
0.0999433
0.308199
0.103029
0.211586
0.175343
0.112917
0.14185
0.0881678
0.113711
0.0653431
0.0286406
0.0230041
0.0318593
0.00781534
0.100263
0.31152
0.103767
0.017663
0.0167086
0.0452423
0.0171553
0.0200535
0.12125
0.74468
0.25114
0.0669858
0.0228968
0.0875395
0.0882213
0.0431026
0.0461202
0.0603373
0.0322247
0.0702557
0.0878316
0.113104
0.159256
0.107076
0.0675133
0.200082
0.109517
0.0074086
0.00314376
0.0140972
0.00389038
0.0161351
0.101918
0.457118
0.122358
0.0292947
0.00383173
0.0140766
0.0168618
0.0243863
0.135507
0.615656
0.17786
0.0461183
0.0396065
0.0331901
0.0891105
0.0869166
0.129406
0.152687
0.0603308
0.0229316
0.012454
0.0979335
0.186825
0.22032
0.197898
0.269176
0.0649767
0.0614963
0.0160301
0.0935162
0.0392331
0.0742149
0.0666518
0.303276
0.143945
0.0971869
0.0373532
0.163353
0.0868583
0.117093
0.161962
0.276067
0.0613472
0.0695766
0.0264606
0.318083
0.257972
0.197832
0.0751858
0.13829
0.0435705
0.15889
0.0527883
0.402012
0.313276
0.19255
0.171074
0.228515
0.056655
0.0288527
0.0469496
0.151648
0.232218
0.0553464
0.0755166
0.148303
0.00455367
0.00782306
0.0436244
0.285046
0.472387
0.304857
0.0417744
0.0357158
0.00230739
0.0547418
0.0958653
0.133644
0.140398
0.0353734
0.101684
0.182471
0.0719575
0.0427268
0.126115
0.254575
0.472387
0.112164
0.0788272
0.0965457
0.0813846
0.000742754
0.00395055
0.116663
0.417209
0.251484
0.0239627
0.00434355
0.000226055
0.0375462
0.0143253
0.125768
0.368445
0.15148
0.0538691
0.0293895
0.0171577
0.0107214
0.0425847
0.278505
0.417209
0.0937767
0.032392
0.0243728
0.0207959
0.0122708
0.0876797
0.324384
0.369722
0.0504833
0.013346
0.0978821
0.0224914
0.0548473
0.139387
0.171899
0.355962
0.180543
0.086904
0.0294586
0.0120389
0.0427827
0.0681525
0.089876
0.245758
0.135747
0.0202985
0.00738922
0.0130295
0.109046
0.222016
0.338511
0.3714
0.102733
0.0312619
0.00992276
0.0399489
0.403917
0.204836
0.152946
0.186347
0.0548976
0.00493295
0.0107108
0.176432
0.0554381
0.059658
0.0559891
0.0738564
0.0419781
0.00722113
0.00523043
0.025145
0.155238
0.0245314
0.0802802
0.0750875
0.0744549
0.0301323
0.00928789
0.0778202
0.608319
0.151291
0.0778458
0.041011
0.0212408
0.0367906
0.1076
0.277401
0.354184
0.143541
0.155483
0.345427
0.130603
0.0745593
0.148884
0.167654
0.117822
0.0265543
0.0902877
0.13758
0.13026
0.0328149
0.00945659
0.070296
0.101444
0.165761
0.103131
0.26159
0.165492
0.0176017
0.0115761
0.0194432
0.143403
0.0622409
0.0999748
0.546566
0.263536
0.0736294
0.0366533
0.105534
0.139736
0.192924
0.0660119
0.321454
0.288623
0.0507373
0.00847638
0.114075
0.0408959
0.0540847
0.0276536
0.152265
0.0896091
0.0249349
0.0116457
0.00434413
0.0170085
0.0567961
0.130969
0.390883
0.282555
0.0582878
0.0504781
0.0104986
0.0382564
0.0596793
0.0192189
0.177003
0.128608
0.00580282
0.00378097
0.0191221
0.0759939
0.306067
0.217274
0.625269
0.224371
0.0071157
0.00106286
0.00734514
0.0144609
0.0856302
0.176481
0.337152
0.175339
0.0268228
0.0270268
0.00596333
0.022447
0.104153
0.176479
0.338258
0.160463
0.0893197
0.153869
0.058346
0.0432549
0.258438
0.195093
0.418164
0.144694
0.015466
0.0395492
0.0181984
0.0207595
0.227923
0.137516
0.334722
0.157981
0.0753892
0.184268
0.0610848
0.0293439
0.0812178
0.0538843
0.115554
0.0768541
0.167322
0.351054
0.167165
0.0676097
0.0857037
0.168705
0.268328
0.0915445
0.142699
0.195624
0.181868
0.00843336
0.0534407
0.0245914
0.0950107
0.192936
0.252419
0.323179
0.0739966
0.0680134
0.0450825
0.245716
0.0595773
0.210562
0.35624
0.197881
0.136402
0.0176535
0.0404488
0.306926
0.423167
0.0549643
0.0247097
0.0392046
0.049273
0.0027825
0.0890884
0.278295
0.341196
0.0707954
0.0196056
0.137979
0.0418119
0.0375856
0.0577593
0.42403
0.264802
0.0456919
0.0554148
0.0352308
0.0611996
0.0344956
0.0290695
0.240803
0.310538
0.0831589
0.0473834
0.0856
0.075734