0.0831622
0.171017
0.198783
0.177771
0.0349712
0.0403714
0.0579964
0.0635681
0.0831009
0.13235
0.10526
0.191714
0.0976909
0.0654847
0.104094
0.105652
0.239422
0.247008
0.122538
0.0932924
0.140327
0.0724599
0.120578
0.161995
0.239157
0.162578
0.0169197
0.0957893
0.0877435
0.0643385
0.324299
0.314931
0.123475
0.0636246
0.0445776
0.0889848
0.0815151
0.03388
0.0643475
0.118561
0.10856
0.11391
0.0512626
0.0690557
0.0741505
0.0767479
0.0690379
0.13722
0.20467
0.0744982
0.00330669
0.045977
0.0423995
0.0186622
0.325248
0.33776
0.201621
0.0630412
0.0280189
0.0214813
0.017716
0.0962776
0.297907
0.450086
0.0312972
0.0808223
0.0706718
0.139202
0.0844455
0.0982879
0.0450918
0.0612175
0.0712457
0.0570011
0.0911912
0.257027
0.218887
0.345665
0.0819565
0.0557191
0.126213
0.0647907
0.124665
0.122857
0.0196642
0.0975002
0.111861
0.216068
0.0683588
0.0453152
0.267474
0.302386
0.204403
0.267137
0.123579
0.0711177
0.0650168
0.0494207
0.0484345
0.132239
0.23382
0.271672
0.122643
0.050923
0.080489
0.0979823
0.165443
0.262941
0.274139
0.102657
0.110911
0.0546867
0.105685
0.054324
0.16281
0.172594
0.261136
0.140573
0.0712307
0.0724192
0.191416
0.0945327
0.208221
0.281021
0.230167
0.0756195
0.116615
0.152319
0.11054
0.0768901
0.103374
0.154632
0.10341
0.0403268
0.0235815
0.0678945
0.316302
0.0988023
0.00810338
0.0593627
0.0943196
0.103945
0.0424751
0.157053
0.234222
0.0418746
0.0932797
0.10275
0.0520249
0.028541
0.0862379
0.253665
0.528775
0.0949458
0.0179465
0.00739934
0.0219135
0.0293727
0.0261147
0.365226
0.334683
0.054486
0.000989171
0.0151675
0.0731426
0.0676222
0.037407
0.162442
0.332702
0.102163
0.21438
0.0864917
0.0241631
0.014061
0.0655806
0.190189
0.324148
0.211865
0.0460756
0.0194139
0.0314942
0.0329905
0.0267395
0.187733
0.319304
0.25649
0.143152
0.0682441
0.019422
0.0185326
0.113237
0.197219
0.140968
0.116621
0.254109
0.151062
0.0167593
0.0211608
0.124406
0.0738984
0.0605492
0.0665903
0.105046
0.0958976
0.0888153
0.121457
0.169968
0.0647343
0.373968
0.14769
0.0912129
0.0795975
0.0372548
0.125275
0.237473
0.142858
0.175462
0.0454361
0.0808506
0.0652082
0.10642
0.30435
0.289636
0.187017
0.24659
0.126845
0.0547102
0.05311
0.136745
0.0959773
0.133458
0.146518
0.364472
0.12061
0.0282693
0.061351
0.064105
0.0292392
0.206458
0.260053
0.149462
0.116126
0.203371
0.146209
0.100872
0.077544
0.092696
0.0697191
0.221767
0.118055
0.160742
0.147623
0.106616
0.0285124
0.0664477
0.119679
0.168746
0.0340227
0.0101648
0.0181026
0.0200234
0.0104671
0.194277
0.296143
0.181673
0.0315625
0.0133063
0.000587973
0.00886667
0.073223
0.252324
0.44486
0.125768
0.0540514
0.081315
0.0615722
0.051363
0.0243509
0.0571761
0.160334
0.184901
0.142523
0.112731
0.163566
0.14101
0.0973418
0.136535
0.296279
0.113483
0.052209
0.0554757
0.0314147
0.00830219
0.106417
0.123798
0.164406
0.0940172
0.158094
0.1319
0.0837039
0.044131
0.10319
0.0926644
0.0865623
0.171524
0.210664
0.105114
0.131999
0.113482
0.173372
0.0870275
0.185272
0.229484
0.518079
0.103513
0.0866015
0.103708
0.155813
0.060293
0.220758
0.0843118
0.0823451
0.0972171
0.0670479
0.0733322
0.0515571
0.04266
0.126486
0.113797
0.0640082
0.133918
0.104063
0.0776431
0.072365
0.0873562
0.178273
0.16987
0.412681
0.0960861
0.0893167
0.0558571
0.0301503
0.0167421
0.165198
0.173417
0.462447
0.367235
0.12174
0.0452835
0.028658
0.0165727
0.108272
0.132874
0.0664448
0.0317909
0.0209441
0.00981847
0.011878
0.0367667
0.125191
0.346553
0.127568
0.0164501
0.00844218
0.00342505
0.00403589
0.00819915
0.162411
0.25339
0.290751
0.112965
0.0244897
0.00489828
0.00417949
0.00482162
0.0389876
0.569686
0.421615
0.0432968
0.0305809
0.00384417
0.000808661
0.00511436
0.0670958
0.238578
0.216036
0.0517224
0.00891074
0.006898
0.00984435
0.0303174
0.122768
0.146556
0.200816
0.141404
0.0495367
0.0398184
0.0335966
0.067393
0.118599
0.44882
0.352236
0.0655905
0.0308502
0.0437108
0.00779936
0.0534666
0.123157
0.168461
0.171411
0.100623
0.297041
0.276797
0.0549775
0.13787
0.131179
0.161236
0.0757326
0.0881129
0.113417
0.102656
0.106861
0.0721898
0.0682532
0.14551
0.0274207
0.0421315
0.0972205
0.105871
0.207842
0.133916
0.165912
0.026845
0.0625561
0.174996
0.430866
0.276001
0.059595
0.0654368
0.0420716
0.154633
0.0763607
0.295543
0.358281
0.153691
0.0623898
0.067084
0.128186
0.13611
0.045087
0.141213
0.125809
0.0971186
0.0719584
0.0803667
0.0679335
0.156115
0.0648222
0.120515
0.122736
0.153105
0.0637564
0.0487962
0.0767084
0.157287
0.0261346
0.120126
0.122674
0.0611093
0.121942
0.11788
0.170387
0.248814
0.259128
0.434787
0.149067
0.121849
0.169265
0.0791827
0.0852486
0.130922
0.0492243
0.0619348
0.0492415
0.04286
0.0141597
0.0153813
0.0522289
0.166281
0.0959861
0.181939
0.18931
0.126134
0.0449557
0.0428532
0.0790546
0.311916
0.212984
0.222583
0.0587898
0.0367924
0.0270109
0.0127683
0.056824
0.494743
0.247814
0.307433
0.160352
0.0839928
0.0287514
0.0266853
0.0827018
0.121063
0.0862591
0.0886669
0.103528
0.0762389
0.0554228
0.0229016
0.081008
0.150751
0.2984
0.0569355
0.0500354
0.0374683
0.0416696
0.0389234
0.140201
0.348578
0.209255
0.139166
0.0615823
0.0460722
0.0354138
0.0154191
0.0490985
0.341617
0.568279
0.144117
0.0386388
0.00957898
0.0220394
0.0512715
0.0975773
0.149284
0.313163
0.0534629
0.0197728
0.0117438
0.00546756
0.0224662
0.0685083
0.136388
0.384741
0.150845
0.0271235
0.00396463
0.0162297
0.0178948
0.0606883
0.181588
0.365017
0.254997
0.0851051
5.21393e-005
0.00797285
0.0877157
0.0712044
0.24394
0.273269
0.28351
0.0688192
0.00081812
0.0338056
0.0806238
0.256912
0.227232
0.256638
0.0534677
0.00961981
0.000535483
0.0221969
0.0189977
0.0372683
0.440345
0.346526
0.0256703
0.00868742
0.00498168
0.00821488
0.0141705
0.0499796
0.324445
0.142007
0.0547286
0.0298955
0.00764686
0.0459947
0.0513595
0.177026
0.429069
0.249333
0.0774853
0.0565453
0.0116545
0.0259022
0.0735026
0.152184
0.289677
0.26649
0.0885247
0.0455483
0.0411665
0.00329988
0.0162344
0.070824
0.10429
0.108617
0.10118
0.376126
0.21003
0.0119573
0.0354504
0.0520904
0.223934
0.26839
0.129334
0.0922476
0.0239094
0.0305272
0.0498342
0.138633
0.0762334
0.100321
0.125013
0.457715
0.237507
0.0465179
0.0154805
0.0614772
0.0085516
0.0379276
0.127174
0.339742
0.127309
0.00506723
0.0142435
0.0101122
0.0200387
0.035201
0.244858
0.317305
0.0774355
0.00011795
0.0220565
0.0289603
0.00803529
0.0132687
0.0784812
0.376387
0.235963
0.0534246
0.0135932
0.00728006
0
0.013471
0.182484
0.52215
0.176129
0.0618879
0.0170868
0.00912996
0.0792441
0.0269826
0.0578976
0.0649765
0.0528742
0.0751178
0.0687562
0.16587
0.130593
0.152422
0.264921
0.152853
0.126627
0.188955
0.0899911
0.110191
0.101135
0.047981
0.030205
0.0398723
0.0761935
0.103986
0.102893
0.203853
0.118123
0.0675792
0.0748286
0.115226
0.17095
0.30616
0.318911
0.410752
0.14931
0.119498
0.150663
0.0633464
0.0538262
0.0787404
0.0403612
0.0823721
0.207888
0.120526
0.153265
0.110249
0.145567
0.0827491
0.056752
0.0903531
0.0661353
0.0236439
0.0343567
0.0378044
0.0563585
0.232924
0.297665
0.330949
0.0352207
0.0115403
0.0320003
0.0849513
0.154908
0.363523
0.362793
0.238502
0.192862
0.134151
0.0828528
0.0355638
0.0699005
0.0561755
0.0741803
0.071303
0.22352
0.299932
0.104557
0.0577033
0.0472863
0.0707454
0.102791
0.0798174
0.0263295
0.0168027
0.0205738
0.0512258
0.0798428
0.160753
0.283263
0.156087
0.0766101
0.0627585
0.0396428
0.0607192
0.0752467
0.221386
0.602887
0.200662
0.125879
0.172581
0.239297
0.097669
0.0189199
0.0343889
0.0906167
0.0730444
0.276154
0.126901
0.214383
0.0498709
0.00107824
0.0230416
0.0753425
0.220432
0.215024
0.0708498
0.0848101
0.0519281
0.0307751
0.127412
0.360496
0.165231
0.408227
0.0974096
0.0713022
0.0133876
0.00740082
0.0436633
0.14449
0.342704
0.356415
0.142893
0.0956439
0.0519044
0.021475
0.0583152
0.0487439
0.174718
0.271476
0.164558
0.138425
0.122045
0.038683
0.0758365
0.119485
0.180642
0.280205
0.126758
0.062203
0.0262071
0.0246717
0.152448
0.158974
0.202702
0.172471
0.127547
0.143467
0.111561
0.0768044
0.268118
0.289576
0.162192
0.107782
0.161404
0.0971304
0.107937
0.0183291
0.0511134
0.0687897
0.163145
0.0290316
0.0687399
0.132828
0.409446
0.152341
0.0614985
0.0218822
0.0563679
0.147712
0.130022
0.110079
0.211497
0.0731222
0.0894995
0.13644
0.208718
0.0582626
0.0797456
0.177765
0.54325
0.122332
0.051471
0.0603804
0.0842692
0.00132111
0.01418
0.0718708
0.263056
0.207791
0.0690214
0.0294297
0.00413715
0.0164005
0.029044
0.0858862
0.376986
0.251992
0.0899865
0.0268491
0.0191629
0.00968442
0.0888774
0.191637
0.332717
0.132688
0.0375351
0.0409005
0.00900632
0.0625496
0.0701351
0.199956
0.471399
0.250301
0.0530573
0.0248996
0.028137
0.0994646
0.0764477
0.083966
0.0852774
0.060045
0.0584434
0.110527
0.130294
0.156735
0.154535
0.057631
0.0586991
0.0792267
0.15577
0.255175
0.345348
0.151707
0.163492
0.16346
0.100845
0.0427397
0.0219306
0.0775383
0.0880879
0.328141
0.194063
0.125011
0.101908
0.0563788
0.0741807
0.0993342
0.105155
0.029035
0.0292585
0.00672903
0.00783218
0.0195287
0.163562
0.263011
0.178893
0.0129858
0.00190168
0.00382857
0.0403252
0.0567463
0.400211
0.480028
0.228476
0.0991166
0.0702616
0.0460918
0.0510573
0.0209985
0.054529
0.0840181
0.0442906
0.0731924
0.0665378
0.0312861
0.0327602
0.0204205
0.173142
0.291675
0.267254
0.0144378
0
0.00220555
0.0296137
0.0327661
0.116416
0.233108
0.131516
0.0223896
0.00340362
0.00224086
0.0130941
0.0416637
0.117055
0.525477
0.142278
0.039291
0.0121722
0.00159672
0.00457692
0.0123575
0.0637149
0.271424
0.19147
0.0372869
0.00154365
3.94562e-005
0.0023158
0.0338683
0.107869
0.563578
0.196554
0.0577215
0.00987745
0.00220303
0.00466025
0.0105175
0.10883
0.402746
0.0968025
0.100564
0.0136127
0.00289308
0.00414593
0.0100171
0.10007
0.281318
0.15483
0.0228578
0.00078382
0
0.00339994
0.0217246
0.144428
0.422532
0.0947727
0.0214624
0.00234032
0.00023101
0.00437316
0.0266425
0.168425
0.580257
0.109142
0.0547257
0.0118248
0.0211733
0.0441385
0.024347
0.100377
0.172004
0.0894674
0.0496988
0.0865839
0.185749
0.19507
0.0897512
0.137484
0.153211
0.0512423
0.00874378
0.00247054
0.0192165
0.0692798
0.0668433
0.137409
0.546646
0.0975237
0.0130666
0.0638766
0.214048
0.274045
0.299389
0.20339
0.284923
0.101313
0.0805464
0.1215
0.144533
0.217708
0.18583
0.0491691
0.0852576
0.0944133
0.0352455
0.0487324
0.0750012
0.279703
0.323186
0.0446592
0.0419866
0.0508378
0.018969
0.0905495
0.205167
0.298105
0.295967
0.140471
0.0912504
0.0786572
0.0196677
0.100281
0.154429
0.301924
0.359776
0.0831252
0.0258227
0.0254904
0.00665249
0.0569305
0.140409
0.203909
0.193975
0.0630105
0.0316829
0.011739
0.0235195
0.037859
0.253883
0.403402
0.140857
0.0423691
0.0182607
0.0147597
0.0335113
0.160635
0.152334
0.225159
0.26852
0.0733038
0.0121207
0.00547853
0.0157493
0.0755787
0.198414
0.394815
0.326605
0.113214
0.00671502
0.00365236
0.189191
0.175127
0.143194
0.0989162
0.0496465
0.0306113
0.0735061
0.09024
0.250529
0.168026
0.141393
0.13209
0.0636349
0.144945
0.118505
0.1029
0.157414
0.130714
0.0908889
0.125487
0.122088
0.117481
0.141848
0.127903
0.130642
0.134276
0.112583
0.148384
0.128143
0.189503
0.174163
0.130505
0.111435
0.111256
0.0842069
0.153644
0.0759257
0.0973159
0.0750461
0.0463792
0.13953
0.171799
0.072038
0.12067
0.131464
0.111808
0.172879
0.193234
0.0679048
0.0716025
0.0526947
0.129236
0.132079
0.167244
0.108192
0.076038
0.0951262
0.0852649
0.055706
0.144855
0.254019
0.261187
0.37822
0.175078
0.0648578
0.0394857
0.0181019
0.0250423
0.0348547
0.0569712
0.208773
0.173875
0.144622
0.0280368
0.0163144
0.026844
0.0339939
0.12301
0.514672
0.364798
0.0448296
0.0237053
0.0241141
0.0452269
0.0899528
0.10245
0.203632
0.118463
0.121353
0.039979
0.0296855
0.0684477
0.0710068
0.209212
0.303631
0.236876
0.110357
0.00801379
0.00414645
0.0201459
0.0803663
0.158801
0.31281
0.156563
0.054493
0.00273473
0.000609342
0.0125818
0.104984
0.24112
0.476205
0.142499
0.145327
0.014256
0.0123131
0.0554653
0.102137
0.188677
0.162565
0.123383
0.205921
0.0178953
0.0129701
0.0223882
0.109425
0.285041
0.268715
0.215774
0.00564346
0.000259062
0.00178186
0.0134639
0.0333718
0.144572
0.400426
0.0775311
0.00963842
0.0156422
0.036562
0.0593957
0.113694
0.224979
0.391203
0.119298
0.0416646
0.0102503
0.00963934
0.00161764
0.0173599
0.183326
0.325069
0.114344
0.0136475
0.0135168
0.00960196
0.00032324
0.0424019
0.246713
0.479394
0.136469
0.0237084
0.0485196
0.0925981
0.130867
0.112286
0.15627
0.176281
0.142003
0.0239767
0.0926567
0.169507
0.369127
0.121365
0.038897
0.0378104
0.0439023
0.0642099
0.0659344
0.0493009
0.0483022
0.0767005
0.15442
0.250995
0.147109
0.052221
0.0732318
0.10363
0.588979
0.231712
0.0178765
0.0518326
0.0585352
0.0385
0.116453
0.1383
0.276491
0.129155
0.0456658
0.0143491
0.0103343
0.0299961
0.0494557
0.112171
0.23064
0.238748
0.137729
0.0390041
0.0144128
0.040906
0.036334
0.160211
0.492766
0.209547
0.0762721
0.034816
0.0252526
0.333919
0.0832596
0.266743
0.138756
0.124601
0.140147
0.0920837
0.0869839
0.089322
0.0651167
0.0583072
0.134546
0.134139
0.0838906
0.0996611
0.107919
0.119934
0.0605977
0.0954533
0.147554
0.10844
0.0585617
0.0792207
0.125676
0.0776322
0.132863
0.2981
0.215262
0.0987116
0.0781201
0.103589
0.0921633
0.119051
0.173404
0.275281
0.254334
0.110277
0.0324661
0.0286811
0.0785146
0.0883137
0.0657409
0.0809759
0.108955
0.102011
0.0708279
0.0576777
0.085068
0.111492
0.0735555
0.0959492
0.104359
0.138951
0.160508
0.341134
0.225267
0.103121
0.110504
0.141393
0.163579
0.118009
0.0221924
0.0193236
0.0804343
0.215109
0.14715
0.184965
0.178263
0.13765
0.0267372
0.0872956
0.217338
0.0673688
0.0274691
0.0227234
0.0210877
0.0582987
0.0808429
0.219689
0.144275
0.0441437
0.0279572
0.0381388
0.0696934
0.150258
0.33164
0.337478
0.141762
0.0801784
0.0895123
0.100466
0.0659887
0.0528627
0.0163972
0.0783447
0.0948737
0.0390191
0.215807
0.39316
0.235027
0.194758
0.18825
0.130735
0.0722214
0.0767044
0.0175989
0.0235719
0.0982528
0.175396
0.241113
0.128945
0.0654302
0.222024
0.101257
0.105147
0.0536949
0.0900041
0.137134
0.0955637
0.163489
0.0436071
0.159112
0.242635
0.253069
0.215147
0.167936
0.0603226
0.0328432
0.0896361
0.316946
0.376882
0.1969
0.10685
0.0592596
0.0446524
0.0742668
0.0966932
0.0945905
0.0922296
0.00869496
0.0188545
0.103835
0.16932
0.142054
0.0633055
0.0361495
0.0252719
0.00179902
0.0688406
0.214462
0.424439
0.24587
0.130899
0.237352
0.237182
0.0592143
0.00979858
0.0114953
0.0491933
0.170461
0.183629
0.0762271
0.066125
0.0104098
0.0304515
0.100412
0.273176
0.392294
0.0612932
0.0274579
0.01983
0.0233256
0.0463809
0.118383
0.2809
0.179159
0.0612931
0.0515084
0.0685538
0.393867
0.219089
0.0483886
0.154326
0.124354
0.0928931
0.0253602
0.0829538
0.0256864
0.012119
0.128572
0.29601
0.230073
0.119368
0.0557603
0.125551
0.173853
0.10625
0.192827
0.366001
0.20235
0.0214334
0.0380332
0.157716
0.314666
0.151987
0.0428701
0.0780161
0.0466243
0.228622
0.123004
0.289077
0.127722
0.045186
0.0471556
0.0547707
0.183063
0.0370111
0.0326524
0.0871127
0.156988
0.0832058
0.182131
0.371615
0.113409
0.179556
0.064571
0.121073
0.117021
0.0757429
0.13225
0.324209
0.301845