0.245743
0.0233763
0.000187449
0.00409895
0.0187241
0.0222027
0.0312523
0.280347
0.257751
0.013419
0.00968377
0.0064261
0.00748749
0.0103803
0.031564
0.519433
0.269555
0.0163724
0
0.00411541
0.00556822
0.00457982
0.00620738
0.292689
0.290391
0.00110253
0.0167415
0.0136607
0.0115153
0.00174183
0.00979044
0.450042
0.312626
0.0374993
0.0392598
0.0214623
0.00238164
0.0193126
0.0675382
0.411305
0.104192
0.025945
0.0481483
0.0559479
0.0178643
0.0568262
0.232102
0.338434
0.28141
0.014686
0.0310753
0.0161778
0.0209404
0.0342218
0.0990551
0.371379
0.0827341
0.0621889
0.050796
0.0143667
0.0521113
0.1123
0.33218
0.261529
0.00770962
0.0357855
0.109449
0.286373
0.0849548
0.0215913
0.100496
0.110737
0.0305359
0.175882
0.302808
0.660465
0.219098
0.031865
0.0214393
0.00938393
0.0138536
0.0998048
0.0818151
0.113434
0.0632431
0.0623501
0.163575
0.074222
0.111859
0.18073
0.099444
0.189802
0.104032
0.0531942
0.0694831
0.0495061
0.0434707
0.129435
0.218532
0.223258
0.183959
0.0974234
0.0641791
0.0240271
0.126708
0.229342
0.160785
0.117331
0.18555
0.152017
0.137389
0.0994676
0.17693
0.104434
0.0334983
0.0586404
0.0475763
0.0682993
0.078511
0.057741
0.54591
0.428081
0.0316453
0.0292341
0.0165242
0.0641302
0.107173
0.104689
0.0584119
0.138974
0.0601676
0.063535
0.0474518
0.0367154
0.102006
0.0661881
0.0776873
0.20394
0.0716203
0.0253767
0.0235179
0.019435
0.0810037
0.0593234
0.303758
0.468855
0.0433285
0.00913443
0
0.00921102
0.0613062
0.0718008
0.378559
0.595674
0.0506582
0.00528525
0.00217034
0.00494715
0.0475063
0.0455156
0.0823398
0.184279
0.053733
0.0150026
0.0306755
0.0429331
0.0272192
0.0241622
0.0822965
0.182409
0.129104
0.0356987
0.0567671
0.0566579
0.037586
0.0584863
0.40392
0.503331
0.0291459
0.00504286
0.00686388
0.00987746
0.0118498
0.0144284
0.456748
0.420742
0.0892153
0.0247011
0.0417462
0.0725332
0.044884
0.0820978
0.0481131
0.0764895
0.0947823
0.061078
0.0467235
0.0450595
0.0336272
0.099579
0.0257912
0.0518325
0.295298
0.35614
0.155674
0.0836206
0.0310356
0.061988
0.190579
0.145761
0.0641716
0.174702
0.160936
0.106771
0.0808094
0.145047
0.027845
0.0268173
0.22154
0.531816
0.380861
0.106952
0.0630735
0.0837568
0.180074
0.00411006
0.00168517
0.00374331
0.00570075
0.010129
0.0292424
0.252011
0.266042
0.005557
0.0163513
0.0124256
0.0130181
0.0115648
0.0181726
0.233771
0.116629
0.00738974
0.00252776
0.0335027
0.137413
0.198354
0.329171
0.509826
0.308169
0.072119
0.00168517
0.00769484
0.0448344
0.0748546
0.113054
0.347478
0.128495
0.0210465
0.0151579
0.00730548
0.0100036
0.012283
0.0208115
0.0955024
0.0789757
0.0632283
0.024753
0.00592821
0.0232336
0.0351684
0.0631777
0.0538642
0.372305
0.143552
0.000510766
0
0.000821102
0.00401972
0.0280046
0.142572
0.753974
0.354746
0.0061983
0.00108378
3.91604e-005
0.00327699
0.0261233
0.0634826
0.043357
0.0620576
0.0112388
0.0138765
0.0113953
0.0180643
0.0306502
0.01386
0.14424
0.199745
0.00409075
0.0165335
0.00636452
0.0102872
0.0218396
0.0398479
0.445359
0.321652
0.00462247
0.00176004
8.07478e-005
0.00289399
0.00916439
0.0174472
0.51274
0.555681
0.00191964
0.00101197
5.38319e-005
0.0018413
0.00368892
0.0207489
0.174717
0.172488
0.00147152
0.00746599
0.00170686
0.00464448
0.00919836
0.0292618
0.375578
0.335593
0.00274716
0.00684965
0.000774112
0.00511765
0.00700818
0.0167043
0.32831
0.415282
0.00267681
0
0
7.10161e-005
0.000434978
0.0117487
0.399716
0.443521
0.0621196
0.00166483
0
0
0
0.00320258
0.254331
0.28795
0.00683686
0.00174358
0
0.000941208
0.00224677
0.00642327
0.283553
0.374558
0.0088886
0.000868287
0
0
0.00104016
0.00278178
0.307537
0.379483
0.0399278
0.000950725
0
0
0
0.000650523
0.418278
0.418278
0.00545818
0
0
0.000128579
0.000422472
0.00209037
0.264649
0.254663
0.00214815
0
0
0.00449315
0.00303929
0.0131822
0.248433
0.171071
0.00591011
0.0836791
0.130226
0.120581
0.0261075
0.0587301
0.356979
0.358614
0.000785724
0.0161544
0.0235244
0.0183917
0.00231066
0.0169691
0.212267
0.157719
0.00285924
0.41232
0.412084
0.141215
0.00927043
0.0562897
0.0645001
0.0498222
0.0131119
0.229416
0.18732
0.092333
0.0273137
0.0285197
0.0143841
0.0126042
0.0239565
0.380984
0.223767
0.0340244
0.0152233
0.0116134
0.0227108
0.0156883
0.00542059
0.403065
0.403065
0.066392
0.00356081
0.0138541
0.0170609
0.0207712
0.0245962
0.403065
0.403065
0.0347714
8.55918e-005
0.00282201
0.0369674
0.0541241
0.0336816
0.0842606
0.220713
0.139547
0.139231
0.127843
0.279291
0.255469
0.0700933
0.0122369
0.056922
0.0438572
0.0516963
0.112234
0.108339
0.147507
0.171667
0.206626
0.187456
0.0807772
0.0386963
0.0497114
0.2651
0.461838
0.384623
0.233021
0.102358
0.0613658
0.0321495
0.021143
0.305331
0.207579
0.0114144
0
5.5055e-005
0.000269523
0.00745347
0.0388507
0.476907
0.253279
8.20071e-005
0
0
0.000121742
0.00237312
0.00836821
0.306319
0.28438
0.0974905
0.0855321
0.0312895
0.0176635
0.0206707
0.0201193
0.441771
0.287513
0.157408
0.147268
0.0601121
0.02389
0.021403
0.024922
0.333476
0.194775
0.000207986
0
0
2.3734e-005
0.000574157
0.00201676
0.324315
0.380681
0.000138657
0.000223739
0.00380356
0
0.00537896
0.00465831
0.310156
0.323087
0.0842815
0.0571778
0.0188956
0.00558313
0.00221266
0.00341605
0.415189
0.415189
0.0254166
0.0386223
0.0304081
0.0137942
0.00994106
0.0111913
0.292233
0.322752
0.0108523
0.000915259
0.0155594
0
0.0234246
0.0208904
0.224691
0.314373
0.224502
0.0210581
0.0103729
0
0.032873
0.0449685
0.313788
0.384656
0.0890832
0.0691499
0.114854
0.0243551
0.0538212
0.0571637
0.194388
0.253722
0.248661
0.0465358
0.0946291
0.019698
0.203437
0.254952
0.254595
0.373257
0.185867
0.0287604
0
0
0.0214074
0.0296203
0.384268
0.43254
0.0183191
0.00750232
0.00133594
0.000625182
0.037672
0.0417641
0.290483
0.159003
0.172902
0.0551517
0.0194506
0.00511469
0.164275
0.208663
0.279107
0.127238
0.0735429
0.143716
0.0640987
0.000532774
0.150022
0.113442
0.151788
0.145763
0.00112171
0.045924
0.0460546
0.00730789
0.0186665
0.0192253
0.055315
0.0403902
0
0.507869
0.376183
0.0270215
0.00437986
0.00889106
0.0455517
0.0280002
0.0206768
0.166769
0.0949269
0.00133245
0.0582364
0.0307614
0.0153411
0.00319438
0.00164011
0.507869
0.439136
0.000888297
0.00570575
0.0101549
0.00275851
0.00134911
0
0.37827
0.282515
0.0141787
4.85372e-005
0.00110858
0.00337255
0.0094287
0.0237993
0.306224
0.363893
0.0401012
0
0.000388737
0.000684002
0
0.0014595
0.37827
0.278358
0.0106888
0
0.00072341
0
0.000441963
0.00962027
0.37827
0.37827
0.0625271
0.00910561
0
0.068073
0.0541104
0.112427
0.192529
0.111327
0.0849639
0.0502067
0.0421244
0.0524364
0.132392
0.224135
0.330927
0.176031
0.18363
0.180565
0.0169998
0.0250751
0.0124053
0.0288893
0.0745481
0.0835146
0.109096
0.137468
0.062069
0.0131211
0.00229761
0.0244099
0.0860948
0.112861
0.245253
0.660169
0.0911215
0.091721
0.120197
0.104684
0.1544
0.0634989
0.0715788
0.123191
0.0190531
0.128381
0.183947
0.268736
0.372134
0.131007
0.0813407
0.113135
0.0210694
0.0103837
0.045986
0.0395042
0.0541108
0.0333941
0.124532
0.412255
0.040228
0.0273663
0.0754748
0.128172
0.201354
0.0924758
0.211851
0.504437
0.0598561
0.136064
0.258742
0.15647
0.194538
0.0772922
0.0561899
0.107323
0.0122439
0.245946
0.327134
0.0753523
0.14575
0.0434217
0.0330825
0.0808695
0.0429475
0.0224581
0.0275591
0.0511396
0.109159
0.0650102
0.160705
0.500173
0.103019
0.120993
0.165857
0.0568531
0.114625
0.0650348
0.0871821
0.375388
0.241515
0.17492
0.275863
0.15127
0.214507
0.0787129
0.0269946
0.0600752
0.0801169
0.348814
0.239273
0.129721
0.0579405
0.0614637
0.0321935
0.17342
0.23946
0.189856
0.241141
0.0848136
0.193842
0.109675
0.0713615
0.108803
0.151693
0.433489
0.180002
0.0510641
0.068533
0.0453217
0.0483571
0.105008
0.176395
0.348036
0.12376
0.0616132
0.0333625
0.0144135
0.00892064
0.0984436
0.209941
0.20109
0.17579
0.159167
0.170104
0.0702516
0.00523842
0.0712008
0.115624
0.29885
0.102629
0.036755
0.0483319
0.0201445
0.0125306
0.0282631
0.178891
0.133736
0.521359
0.366688
0.140952
0.0669477
0.0291586
0.0506676
0.123704
0.0743627
0.0679222
0.0531072
0.117228
0.0687561
0.0097862
0.0383916
0.02064
0.0490798
0.019771
0.00609861
0.448088
0.323338
0.0121901
0.0277564
0.0210243
0.110083
0.333625
0.169456
0.128053
0.135234
0.0476784
0.0546316
0.0138571
0.0741642
0.0835893
0.0223379
0.448088
0.448088
0.0560013
0.0509784
0.0132301
0.00153795
0
0.00207361
0.393118
0.206247
0.00748811
0.00266066
0.00206703
0.000881565
0.00154035
0.0132249
0.393118
0.308103
0.042231
0.0136255
0
0.000778137
0
0.0440157
0.393118
0.310576
0.0128225
0.00399099
0.00131138
0.0133082
0.00616141
0.267744
0.393118
0.179082
0.0173745
0.0106287
0.0160535
0.0516504
0.0523935
0.0705402
0.0242796
0.0402511
0.0618438
0.115412
0.0682852
0.0526275
0.0541385
0.05765
0.0259155
0.0998211
0.20539
0.712868
0.133504
0.127551
0.160151
0.0984453
0.0889827
0.0301709
0.037875
0.0237753
0.0583581
0.186418
0.223
0.114769
0.205428
0.131782
0.122077
0.114187
0.0919574
0.0148283
0.0171102
0.0179779
0.0260088
0.0369578
0.163568
0.360352
0.0469648
0.145731
0.0511439
0.0399401
0.0276713
0.0312157
0.252272
0.536471
0.147564
0.0323913
0.0521589
0.0855139
0.153738
0.0681905
0.0979789
0.0633468
0.0257028
0.19686
0.180382
0.281083
0.302787
0.132535
0.16089
0.166435
0.0738673
0.0869317
0.0285018
0.0127481
0.00258449
0.00562849
0.129008
0.373767
0.126798
0.100676
0.0725601
0.0107069
0.0216745
0.0389978
0.169973
0.368847
0.230939
0.184998
0.0866721
0.0964866
0.106181
0.100917
0.127552
0.189354
0.0842513
0.180053
0.0327511
0.0316134
0.0388562
0.0707877
0.372523
0.450924
0.146301
0.0543665
0.0611049
0.00767596
0.0448279
0.0731554
0.151485
0.279785
0.0893283
0.0700136
0.0243537
0.00454529
0.0236128
0.0311135
0.077339
0.364633
0.0675208
0.0241257
0.00230101
0.00316791
0.0069988
0.0180612
0.225666
0.528043
0.124053
0.0141433
0.00152589
4.1269e-005
0.00132007
0.00266886
0.0556253
0.528043
0.213978
0.0487483
0.0221961
0.0478847
0.0875014
0.0352467
0.0112263
0.12137
0.0502283
0.0323896
0.343069
0.316723
0.258884
0.115646
0.0817869
0.133295
0.0234899
0.042461
0.0356709
0.0690089
0.0618712
0.0241625
0.0217259
0.451938
0.15971
0.0471043
0.12457
0.19795
0.216187
0.0977704
0.182692
0.451938
0.0780837
0.0318109
0.205797
0.141066
0.231408
0.10345
0.0479642
0.0926333
0.000988518
0.0209799
0.0453734
0.0304734
0.41262
0.37987
0.0212446
0.0291399
0.000152603
0.0370355
0.108185
0.130604
0.288294
0.0523414
0.0695178
0.263237
0.00608575
0.0245817
0.0659503
0.136197
0.41262
0.339834
0.00438617
0.0453076
0.00360677
0
0
0.0685445
0.409614
0.251652
0.00603981
0.000548356
1.89088e-005
0.00773529
0.00188407
0.30448
0.409614
0.0941971
0.00706559
0.0109386
0.0161557
0
0.0023731
0.0535998
0.409614
0.270476
0
0.000108239
0.000404472
0
0
0.0901031
0.409614
0.184392
0.00402429
0.00273466
0.00237467
0.0912514
0.154121
0.103233
0.171307
0.0261782
0.0660359
0.0690576
0.207431
0.104527
0.156738
0.164307
0.350603
0.0919344
0.118276
0.0572853
0.0994307
0.0935619
0.105481
0.124288
0.222929
0.145199
0.112967
0.139988
0.26464
0.0337382
0.066634
0.135299
0.286118
0.389748
0.219288
0.0965494
0.0939959
0.0149521
0.0487553
0.0718747
0.147253
0.0363543
0.0221785
0.0200653
0.0211003
0.0301791
0.108909
0.237506
0.49101
0.132155
0.0357536
0.0311952
0.0135525
0.007049
0.0255989
0.0862904
0.156234
0.103101
0.0316248
0.0126987
0.0148005
0.0045768
0.0353634
0.312009
0.646361
0.113276
0.0164733
0.00380112
0.00576353
0.055312
0.0452618
0.114807
0.361458
0.145378
0.0595828
0.0420786
0.0220726
0.0731249
0.0250889
0.0463664
0.213307
0.155206
0.21768
0.232085
0.0822107
0
0.0140501
0.264349
0.496219
0.143547
0.0277042
0.00213984
0
0.023028
0.0274935
0.129076
0.399443
0.228325
0.0831655
0.0901142
0.0838341
0.0197824
0.00648621
0.00509112
0.025519
0.0326193
0.107694
0.366017
0.203932
0.00984626
0.00145986
0
0
0
0.0432814
0.505811
0.291371
0.0471605
0.0394477
0.00223347
0.0489423
0.0509997
0.0324148
0.168766
0.195043
0.034054
0.0258318
0.0033932
0.0132768
0.00909291
0.0963112
0.505811
0.272841
0.0147237
0.0140738
0.0142888
0.00288109
0.00155249
0.0357691
0.443145
0.161181
0.0186889
0.0384228
0.0290099
0.0448848
0.013649
0.0783183
0.447224
0.117128
0.015461
0.00787491
0.000817568
0.00575427
0.00386142
0.0611444
0.461573
0.200649
0.00602169
0.00715886
0.00690966
0.0220384
0.00758964
0.0454951
0.461573
0.179398
0.0217384
0.0778077
0.118182
0.185842
0.0287896
0.046977
0.21946
0.0263428
0.0142785
0.0730392
0.281502
0.426079
0.258055
0.00832647
0.033081
0.0146008
0.00130523
0.0711323
0.106213
0.0925692
0.0386496
0.0634665
0.369008
0.0587908
0.00665864
0.0976316
0.291131
0.426079
0.216876
0.0536986
0.127509
0.0672111
0
0.00478109
0.0602312
0.424191
0.252165
0.000808007
0.00040907
0.00152863
0.00103884
2.97376e-005
0.00590415
0.424191
0.218668
0.0132836
0.00199138
0.00103884
0.00274942
0.0109457
0.105766
0.424191
0.25369
0.00717065
0.0212428
0.022532
0.00415538
0.000610658
0.0299188
0.424191
0.211979
0.0193734
0.00899502
0.00415538
0.0529564
0.0521764
0.0676612
0.144332
0.112584
0.0628107
0.103991
0.0875428
0.0311844
0.0107247
0.0466454
0.127147
0.387723
0.197435
0.117128
0.0726896
0.0453378
0.0730706
0.169822
0.391695
0.0765095
0.104517
0.217181
0.0915604
0.0428851
0.0487349
0.222878
0.346198
0.293646
0.174452
0.210721
0.0764117
0.00185731
0.00320086
0.0467583
0.0980017
0.140796
0.0403562
0.0131786
0.00411931
0.000276106
0.0118658
0.253492
0.535506
0.131678
0.00806691
0.00398376
0.000125781
0.00218986
0.00709502
0.0618905
0.227072
0.186572
0.0281169
0.0119445
0.00300836
0
0.0118201
0.168261
0.585999
0.277719
0.00679717
0.00264416
0
0
0.0140358
0.323047
0.49072
0.129009
0.0201317
0.00688848
0
0.0147692
0.0213162
0.170369
0.19541
0.142981
0.0923862
0.0448357
0.0380215
0
0.0124383
0.207599
0.544539
0.181416
0.0119302
0.00647716
0.00202002
0.00893425
0.0280508
0.152355
0.27037
0.094248
0.0601524
0.027815
0.0135365
0.109737
0.10026
0.00893873
0.0901556
0.132623
0.150253
0.16725
0.186896
0.19668
0.190691
0.0268694
0.112982
0.0975337
0.157303
0.564016
0.266597
0.114203
0.107318
0.0632699
0.0452951
0.122099
0.139604
0.0546701
0.0635005
0.283434
0.197929
0.0146566
0.0539182
0.0766223
0.042752
0.0642564
0.138502
0.0570851
0.0411411
0.00555522
0.0297942
0.0159148
0.0425583
0.421023
0.149326
0.0160738
0.00723254
0.00212547
0.00808928
0.00315477
0.0628699
0.680278
0.183118
0.0646179
0.0430752
0.00653546
0.0179337
0.0112012
0.0110083
0.0803822
0.0436623
0.0734167
0.0464063
0.00772165
0.00419406
0.00538721
0.0679289
0.440736
0.0588174
0.00175891
0.0403695
0.0271902
0.0155984
0.0188867
0.0699083
0.484151
0.0880637
0.0415642
0.081063
0.139048
0.194918
0.0958062
0.0506093
0.323451
0.229582
0.0498217
0.0222117
0.002192
0
0.000439435
0.060771
0.440599
0.0647584
0.136815
0.0937692
0.0609628
0.03127
0.000719648
0.0265831
0.375454
0.297635
0.0359946
0.0521861
0.183867
0.470593
0.108977
0.00535629
0.0442265
0.0881779
0.00796182
0.0246604
0.0970941
0.470593
0.106442
0.0426731
0.0196992
0.00333746
0.0966184
0.162704
0.145823
0.298499
0.0648855
0.0125533
0.0468289
0.119088
0.016488
0.0805296
0.0900917
0.470593
0.139218
0.065655
0.0228068
0.00294503