0.259879
0.0653308
0.0134407
0.00470114
0.00894459
0.00467501
0.0406379
0.230824
0.2746
0.0439208
0.0106224
0.00705465
0.0182485
0.019505
0.103054
0.228631
0.296528
0.104902
0.00575114
0.00478967
0.0283696
0.00469852
0.0829144
0.378464
0.338713
0.0394838
0.00136164
0.00718451
0.0425544
0.0149415
0.140805
0.458974
0.150381
0.0275015
0.00951085
0.00929876
0.0117649
0.0122572
0.082639
0.181733
0.21273
0.0225598
0.00897642
0.016525
0.021452
0.0129987
0.0864103
0.209365
0.320115
0.0121425
0
0.000933788
0.0055309
0.019159
0.105727
0.346533
0.394278
0.0323447
0.0207074
0
0
0.0415878
0.158225
0.539971
0.180405
0.0264373
0.0206743
0.0123038
0.0141606
0.00884385
0.0677
0.183185
0.235113
0.0402365
0.024417
0.019746
0.015177
0.0284303
0.0569745
0.250724
0.314999
0.202515
0.0778806
0.0106584
0.00726582
0.0412685
0.0954649
0.408463
0.33975
0.221978
0.0670919
0.2052
0.0763928
0.117754
0.052646
0.330689
0.115429
0.0240769
0.0223947
0.041987
0.0366829
0.0446196
0.0915965
0.205099
0.0883623
0.0431017
0.0637573
0.0526933
0.0312275
0.0312619
0.0795469
0.12836
0.19363
0.0423348
0.0203543
0.264133
0.131428
0.083488
0.0857969
0.377775
0.460572
0.0605875
0.0674192
0.0982921
0.0533136
0.00502669
0.0604095
0.44178
0.0654841
0.0630535
0.0619048
0.0404949
0.0147279
0.0136444
0.0345839
0.0727778
0.0841707
0.0708128
0.0728234
0.0430873
0.0353784
0.0110386
0.0418375
0.108473
0.428034
0.131219
0.068729
0.037431
0.00193881
0.00228198
0.0244196
0.249285
0.536813
0.427327
0.114014
0.0111956
0.0012222
0.00342298
0.0552388
0.181129
0.104758
0.0510246
0.0317624
0.0196035
0.0187612
0.0121414
0.0197143
0.107397
0.239901
0.0733361
0.0411521
0.0240115
0.0167469
0.0246717
0.0407771
0.221939
0.293117
0.449485
0.114214
0.00261545
0.000675745
0.000917678
0.0220768
0.0838796
0.383357
0.410368
0.246482
0.0296164
0.0261236
0.0323794
0.0494678
0.217647
0.214487
0.0462055
0.0368377
0.0253119
0.0123866
0.0316027
0.118931
0.28007
0.139022
0.0622483
0.0156723
0.0182145
0.016005
0.0538526
0.142388
0.215814
0.270981
0.118843
0.164985
0.0987231
0.115408
0.133866
0.210452
0.338215
0.196327
0.13882
0.0889273
0.180135
0.114067
0.172417
0.24074
0.306858
0.136792
0.0356685
0.00191668
0.00158154
0.00936756
0.000919351
0.0963634
0.315798
0.204707
0.0186155
0.00371059
0.00387598
0.0140513
0.00303318
0.0873531
0.409394
0.168707
0.0196835
0.000739055
0
0
0.000154459
0.194848
0.393605
0.232432
0.0336898
0.0140343
0.00601468
0
0.000286685
0.107835
0.469893
0.255886
0.0170641
0.00226136
0.00127786
0.00324136
0.0261404
0.0853542
0.261531
0.320623
0.0362343
0.00724616
0
0.00565158
0.0704128
0.151529
0.442346
0.196302
0.0246641
0.00904544
0.00434531
0.00842767
0.00886987
0.0710515
0.308915
0.236686
0.0510311
0.00183958
0.00187477
0.0337107
0.0269979
0.114769
0.421322
0.207088
0.116512
0.0230441
0.0145497
0.0059664
0.0484095
0.0589023
0.356219
0.250125
0.132102
0.0278507
0.170591
0.03959
0.0597732
0.029712
0.251107
0.217545
0.0953908
0.00878054
0.00413825
0.0090053
0.0128159
0.0467319
0.33957
0.306253
0.380048
0.171364
0.0282428
0
0.00559696
0.0298748
0.248212
0.12212
0.0543118
0.029866
0.0940877
0.0331969
0.0223465
0.0290278
0.163252
0.245721
0.156186
0.103668
0.0347027
0.00908348
0.0016139
0.0149534
0.208486
0.207527
0.334414
0.192567
0.0117638
0
0.00381515
0.0141478
0.0861459
0.313351
0.580188
0.234399
0.0187843
0
0.000953788
0.00511709
0.0729845
0.173399
0.135745
0.064885
0.0248144
9.75118e-005
0.00334239
0.0121682
0.0938734
0.256581
0.262543
0.0780428
0.0071963
0
0.00501359
0.0207826
0.0638982
0.202357
0.440337
0.101978
0.0191279
0
0.00222826
0.00785942
0.0283227
0.346134
0.574604
0.088878
0.00637704
0
0.00334239
0.0147464
0.0805205
0.23431
0.3531
0.0770373
0.0027594
0.00593613
0.0129155
0.0184693
0.0251817
0.147127
0.236082
0.10016
0.0691404
0.0884268
0.0672399
0.0486026
0.0581679
0.363915
0.372957
0.0450657
0.0552614
0.0590631
0.0468372
0.0384674
0.0992146
0.16031
0.118571
0.00769071
0.338065
0.373098
0.126688
0.0690016
0.0573055
0.0464078
0.0467913
0.0790552
0.203855
0.196789
0.0903526
0.0624475
0.0655918
0.0746131
0.0996696
0.151847
0.239136
0.160691
0.0860045
0.0930857
0.13733
0.0203224
0.0166293
0.0665747
0.416407
0.448876
0.0668046
0.0237785
0.0196557
0.0886296
0.110994
0.274814
0.256496
0.196478
0.0271949
0.0493028
0.158998
0.153521
0.0240097
0
0
0.00215321
0.00590104
0.127814
0.279276
0.232865
0.0528395
0.00927294
0.00144335
0
0.022802
0.0682205
0.287707
0.294084
0.0896334
0.00904371
0.00370833
0.0281597
0.0246942
0.0994849
0.267702
0.38639
0.507309
0.0281284
0.020098
0.0113305
0.0459682
0.0655131
0.15921
0.102033
0.0612153
0.035217
0.00962988
0.00785814
0.0138869
0.0565396
0.182982
0.123667
0.120991
0.0832019
0.0858798
0.0314326
0.0027515
0.0646473
0.232869
0.216945
0.43816
0.111303
0.0738639
0.00507589
0.0207342
0.0418238
0.0740603
0.286392
0.516464
0.270827
0.200238
0.0176883
0.00348627
0.0516395
0.0884584
0.154807
0.112803
0.0263239
0.031868
0.00663738
0.000450396
0.0171428
0.137466
0.195381
0.302978
0.11154
0.000507299
0
0
0.0151541
0.0820478
0.259198
0.40159
0.0874997
0.0600029
0.00373511
0.00159079
0.0170187
0.0669318
0.354204
0.574832
0.0611746
0.0407908
0.0524308
0.00719112
0.0132022
0.0579136
0.153093
0.284866
0.150862
0.00151211
0
0
0.0125339
0.0506194
0.216105
0.412856
0.128366
0.00634673
0.0403764
0.0200912
0.0291231
0.0734592
0.227294
0.308905
0.115968
0.121994
0.104212
0.0161623
0.0516557
0.112295
0.292825
0.392031
0.104293
0.0905653
0.103882
0.0850853
0.143657
0.205123
0.194342
0.391506
0.0662455
0.00240721
0.0231683
0.0115285
0.010215
0.0347024
0.298985
0.421215
0.09215
0.000565161
0
0
0.00785332
0.0853027
0.224156
0.355127
0.0586684
0.038262
0.0911285
0.0566528
0.0673483
0.0874603
0.241131
0.318651
0.149442
0.0579422
0.112862
0.0354096
0.0370203
0.191976
0.218761
0.215287
0.0414216
0.0795106
0.0500849
0.0342281
0.0301559
0.0998817
0.0545257
0.0513113
0.017064
0.384905
0.275017
0.0617957
0.0289264
0.0394065
0.185066
0.209371
0.0681484
0.158355
0.107336
0.0364923
0.0358783
0.199754
0.0422986
0.0599773
0.0472087
0.513801
0.352017
0.0365161
0.0210745
0.0658722
0.00951872
0.00531157
0.0579111
0.320587
0.266994
0.0199967
0.00319879
0.00053433
0.0510192
0.139808
0.22863
0.190809
0.110936
0.00798278
0.00688122
0.0390607
0.0280532
0.0298748
0.121177
0.395012
0.284109
0.0173735
0.0196939
0.00225759
0.0728588
0.245167
0.379846
0.353021
0.093645
0.032963
0.0281546
0.0123557
0.196968
0.0946146
0.0570718
0.0364561
0.120575
0.104521
0.107073
0.161239
0.26747
0.441092
0.0207322
0.0274956
0.0445712
0.0759692
0.068919
0.111578
0.261699
0.117878
0.139506
0.0564108
0.117265
0.151462
0.140264
0.170741
0.216803
0.137292
0.0360076
0.0119996
0.0516745
0.316969
0.27131
0.20311
0.147995
0.270236
0.0450236
0.0718133
0.0250086
0.0392395
0.03181
0.0435055
0.172836
0.428902
0.129746
0.103812
0.0267238
0.0935833
0.114779
0.0336701
0.0580186
0.0458299
0.0100058
0.0301955
0.0454534
0.255945
0.199074
0.112337
0.0405366
0.136201
0.0355969
0.0439593
0.0512052
0.313211
0.518017
0.124373
0.160342
0.351262
0.0587989
0.0215855
0.00569343
0.0418419
0.0752841
0.0241513
0.220327
0.323804
0.0947168
0.0624803
0.091624
0.0194244
0.0233991
0.0158818
0.0414996
0.0857991
0.0181351
0.0112973
0.0231827
0.150347
0.495679
0.0834614
0.129464
0.0814015
0.114241
0.0348366
0.155759
0.0804137
0.464261
0.113545
0.193886
0.170924
0.144694
0.158817
0.15191
0.0288942
0.0443095
0.0781519
0.368896
0.231585
0.0870417
0.114618
0.0750392
0.0509122
0.105102
0.231448
0.222477
0.145072
0.222152
0.0541768
0.124598
0.0464145
0.178321
0.152817
0.397026
0.140726
0.149152
0.0411675
0.0326211
0.0245394
0.0429729
0.288939
0.270027
0.233247
0.0511456
0.0679644
0.0712279
0.0434393
0.0730281
0.14942
0.161276
0.175379
0.0973333
0.0957773
0.134946
0.0817338
0.0708904
0.274466
0.2802
0.12078
0.102427
0.0422858
0.0393591
0.0386683
0.0653006
0.199535
0.167265
0.457634
0.327671
0.0866196
0.0930167
0.0977945
0.0876182
0.154596
0.0931087
0.0772075
0.0854028
0.173356
0.0888044
0.0453136
0.0438203
0.24652
0.0194989
0.0155972
0.098077
0.439259
0.233112
0.0177542
0.0197191
0.0832666
0.0837664
0.302396
0.204534
0.175946
0.173375
0.106999
0.0423312
0.127593
0.0194402
0.0410399
0.0955713
0.416813
0.301992
0.0774286
0.0225274
0.0690565
0.0831721
0.06941
0.112972
0.326049
0.213257
0.0170571
0.0469037
0.0473168
0.141096
0.277486
0.307848
0.261176
0.101374
0.0390873
0.0523751
0.0506979
0.0953486
0.0810817
0.0497706
0.278004
0.190283
0.0448503
0.0994951
0.121253
0.127108
0.159138
0.072855
0.185874
0.258071
0.166598
0.243538
0.143809
0.260894
0.103649
0.108212
0.0241699
0.0162893
0.0428644
0.0980371
0.137605
0.231824
0.0575582
0.0192537
0.00504692
0.0333722
0.220043
0.196876
0.167758
0.290548
0.0948233
0.0609367
0.0141758
0.00588994
0.0087417
0.0727532
0.254029
0.430064
0.0710737
0.0221378
0.0201877
0.0119656
0.0456714
0.125493
0.443471
0.0571646
0.00578764
0.00347955
0.00410574
0.024926
0.209264
0.212366
0.0974789
0.0190289
0.00325103
0.00071053
0.00232668
0.0473905
0.204069
0.551359
0.168248
0.22917
0.0195452
0.0139182
0.012466
0.009237
0.0412377
0.113639
0.294835
0.188614
0.029225
0.0020872
0.00304774
0.0305254
0.061063
0.340804
0.320015
0.00295144
0.000517648
0.00068511
0.00246078
0.0228282
0.0923559
0.409078
0.085317
0.040064
0.0123211
0.0161383
0.00520374
0.0417972
0.0838457
0.592723
0.112687
0.0570432
0.0199374
0.00101095
0.00121043
0.0154845
0.0873211
0.260984
0.104324
0.0864379
0.0143234
0.00404379
0.0226702
0.00847689
0.146598
0.477213
0.136355
0.0603818
0.0379863
0.0431346
0.00272646
0.0220354
0.0441706
0.369686
0.106072
0.066423
0.0321467
0.0410745
0.0118405
0.0203275
0.0281111
0.18636
0.112108
0.0641117
0.0061381
0.00211831
0.0149471
0.0179368
0.0933594
0.49822
0.140896
0.0350074
0.00548525
0.00392602
0.00732548
0.0385911
0.169014
0.611094
0.158552
0.0420001
0.0408584
0.0917906
0.0292453
0.0721442
0.0606942
0.0514786
0.0495165
0.027815
0.243159
0.269746
0.0546991
0.1157
0.135048
0.0536272
0.0235297
0.0230641
0.0137031
0.0400566
0.0182172
0.0780237
0.201721
0.386341
0.119127
0.0197547
0.0576173
0.105947
0.0341761
0.123457
0.359402
0.592022
0.0704548
0.0194328
0.172974
0.117098
0.159986
0.236254
0.0791824
0.0292386
0.0299964
0.0064608
0.0186817
0.0149135
0.325693
0.322554
0.0331118
0.00768813
0.0221654
0.0364711
0.0455719
0.0824311
0.166492
0.259218
0.137472
0.37063
0.0348391
0.024314
0.0180875
0.0485441
0.388285
0.391423
0.0241319
0.0455365
0.014348
0.0177646
0.0291426
0.0258797
0.275676
0.160531
0.0376966
0.0591976
0.041877
0.0186515
0.0377671
0.0485795
0.147809
0.161291
0.294409
0.215097
0.0490176
0.00467921
0.00725849
0.0338155
0.419029
0.270158
0.0744676
0.0160816
0.0115432
0.0103958
0.0235259
0.0875663
0.19599
0.223301
0.461297
0.156716
0.0112166
0.124005
0.0293208
0.011476
0.00956192
0.0670457
0.0362508
0.020946
0.127283
0.31946
0.0156179
0.0177907
0.00917982
0.0416216
0.0292127
0.0530985
0.353872
0.081095
0.0222925
0.0114628
0.00857535
0.10139
0.0542229
0.0277237
0.284206
0.394996
0.00906109
0.0259391
0.0129752
0.064696
0.0394883
0.055705
0.630229
0.284492
0.00607139
0.05763
0.0290791
0.00413707
0.00506581
0.0382614
0.351707
0.189332
0.019107
0.0699888
0.0670939
0.000809155
0.00528606
0.0596557
0.233922
0.473168
0.0111841
0.0848428
0.0431584
0.00733861
0.0060882
0.0343649
0.450386
0.333419
0.0518257
0.106668
0.107865
0.00392896
0.00520355
0.0377898
0.201919
0.1152
0.0206446
0.0225571
0.0315237
0.0521817
0.035037
0.102003
0.114971
0.295944
0.0198462
0.0192393
0.0929193
0.147632
0.0724246
0.187642
0.237755
0.130962
0.0398891
0.0331574
0.0526116
0.0804998
0.0203618
0.1171
0.151321
0.459081
0.0189761
0.024532
0.100963
0.216908
0.0200845
0.207724
0.534266
0.262179
0.0225775
0.0266623
0.101223
0.069243
0.0585315
0.16467
0.160747
0.14475
0.0265245
0.0254165
0.0499797
0.0316342
0.1375
0.312553
0.131507
0.554761
0.0485864
0.0407105
0.128488
0.0873281
0.0111724
0.0571068
0.330261
0.3186
0.0612485
0.040914
0.0776146
0.0259955
0.0695931
0.127959
0.207055
0.026119
0.00343164
0.00336516
0.0087231
0.0166776
0.134393
0.315339
0.112972
0.0181672
0.00494597
0.0092024
0.0118391
0.0173901
0.186855
0.615073
0.0903895
0.0454371
0.00962226
0.00620107
0.0141622
0.0113645
0.108625
0.234399
0.145142
0.0174458
0.00466923
0.00361118
0.0147177
0.00311898
0.189773
0.483255
0.132696
0.0620134
0.0272116
0.0614609
0.0856601
0.0993432
0.12213
0.518249
0.087947
0.0406375
0.0351911
0.101515
0.281102
0.255087
0.0431144
0.0841019
0.0407226
0.0307678
0.0306877
0.0373421
0.0428167
0.036928
0.15896
0.459558
0.17123
0.0267078
0.0640334
0.128822
0.207347
0.246711
0.0519451
0.128422
0.101325
0.0125622
0.0259795
0.1114
0.349419
0.266924
0.0563739
0.00179238
0.0129328
0.053191
0.0296042
0.0831987
0.150864
0.234166
0.286516
0.0883715
0.0469267
0.0544027
0.0836354
0.252366
0.350967
0.284311
0.0210214
0.0102777
0.0519511
0.19598
0.0900797
0.132754
0.164142
0.102662
0.068565
0.0682324
0.298773
0.0622318
0.0350648
0.0390243
0.0180863
0.0628068
0.0442548
0.0368241
0.317453
0.308983
0.0364037
0.0468203
0.027849
0.050268
0.0314042
0.0809793
0.627652
0.118805
0.0596406
0.0423052
0.0197667
0.0236224
0.0369768
0.0520227
0.287756
0.227487
0.0802606
0.0421387
0.0246858
0.0252557
0.0275347
0.0711458
0.234366
0.414041
0.0264813
0.0580601
0.0415865
0.0190058
0.0115351
0.0831604
0.385269
0.336458
0.0654214
0.0560338
0.0903202
0.0355483
0.0373869
0.082089
0.145198
0.19909
0.031872
0.0282633
0.0184485
0.0118708
0.0300705
0.102354
0.229965
0.357874
0.0489589
0.00975979
0.0285367
0.0366721
0.0611551
0.115673
0.291389
0.106176
0.0528579
0.0171335
0.0527135
0.0612303
0.0409134
0.127206
0.119658
0.386844
0.0452237
0.0348042
0.070704
0.106103
0.0310392
0.192351
0.488674
0.313991
0.0357263
0.00691093
0.0330195
0.0558647
0.056323
0.0820158
0.258422
0.279685
0.0595579
0.0235977
0.0480284
0.05407
0.075927
0.136107
0.208248
0.552035
0.0602009
0.0472602
0.0755803
0.0528783
0.0261695
0.0562075
0.388566
0.325484
0.0688278
0.0402328
0.0541361
0.0263804
0.07966
0.124501
0.298969
0.160197
0.0711038
0.0341477
0.0371482
0.031662
0.0573423
0.078993
0.0875563
0.163129
0.0593471
0.0346471
0.0397015
0.0483652
0.0667346
0.0535649
0.177466
0.0573755
0.0302875
0.0154346
0.0177274
0.0109889
0.119543
0.240445
0.169069
0.0243052
0.0184653
0.00864921
0.0125451
0.00741627
0.309408
0.666758
0.200163
0.101672
0.0345004
0.0223182
0.0211037
0.0337129
0.0579016
0.0467716
0.124285
0.0918994
0.0233281
0.0166792
0.0337417
0.0413763
0.0872942
0.30443
0.184862
0.0115493
0.0109205
0.0100086
0.00927455
0.00689149
0.135028
0.482136
0.119422
0.0404797
0.113698
0.0735517
0.128692
0.119076
0.0385862
0.319547
0.0640472
0.0385638
0.00920445
0.00444919
0.0161722
0.0163284
0.0480107
0.405171
0.120291
0.147713
0.146892
0.0451789
0.0514288
0.0180406
0.0302383
0.462872
0.167154
0.0753995
0.212217
0.189292
0.402114
0.224864
0.0123012
0.0787847
0.0375133
0.144704
0.0987863
0.0998548
0.230263
0.100143
0.0195538
0.0367745
0.240003
0.184161
0.305793
0.170431
0.205911
0.0591214
0.0221928
0.197347
0.145627
0.116616
0.11661
0.130467
0.153284
0.149658
0.0957686
0.0363323
0.0690424