0.276585
0.0041413
0.00203045
0.0144297
0.0191935
0.00712964
0.0248043
0.351688
0.338947
0.00366666
0.000522527
0.00228018
0.0171834
0.0502236
0.023231
0.366743
0.310231
0.000104081
0.00156557
0.0214562
0.0288053
0.00848376
0.024489
0.366743
0.366339
0.00232146
0.000130632
0.00266662
0.0251571
0.0786683
0.0347443
0.366743
0.30145
0.00568615
8.24441e-005
0.000211714
0.00845114
0.0470851
0.019745
0.362226
0.319404
0.0127052
2.7641e-005
0
0
0.0286565
0.0992411
0.383537
0.312253
0.00848598
2.0611e-005
5.29284e-005
0.0124121
0.0717766
0.033362
0.330217
0.300855
0.00590729
0.00456129
0.000157286
0.000308271
0.0398894
0.158035
0.383537
0.214116
0.0226996
0.00469734
0.000334177
0.00306237
0.0215808
0.11134
0.358107
0.200746
0.014853
0.013145
0.00815871
0.0118049
0.0122359
0.0341252
0.343154
0.237864
0.000120995
0.00384236
0.00122791
0.0135357
0.0330483
0.18483
0.439713
0.35369
0.00126343
0.00249497
0.013705
0.0367172
0.0256148
0.0550014
0.439713
0.177587
0.00328577
0.0102706
0.0295304
0.00720165
0.00298439
0.00796755
0.21218
0.303225
0.00253643
0.0274161
0.0509659
0.00578515
0.00119402
0.00849127
0.308564
0.354063
0.00182028
0.0175363
0.0624949
0.00949763
0.00368686
0.00253352
0.402106
0.438874
0.00293919
0.0609538
0.088384
0.0115367
0.00022029
0.00616094
0.438874
0.23683
0.00283199
0.0129777
0.0188406
0.015338
0.00345464
0.00680604
0.252563
0.313676
0.00727202
0.00151162
0.0176035
0.0376943
0.0147266
0.00799987
0.333606
0.390629
0.0119195
0.0285799
0.0279253
0.0300993
0.0123207
0.0092925
0.392719
0.392719
0.0552976
0.0125696
0.0175352
0.0606044
0.0536975
0.0205437
0.392719
0.330851
0.0105752
0.00230933
0.03734
0.0558839
0.0269152
0.00999791
0.389997
0.272886
0.0391348
0.0338293
0.0328159
0.0516938
0.0349764
0.0123422
0.401247
0.466
0.108731
0.014344
0.0878664
0.113005
0.0721602
0.0187912
0.30349
0.204984
0.137265
0.0719583
0.107275
0.0999949
0.0163967
0.0133796
0.0857999
0.204133
0.0262795
0.046316
0.0105372
0.0284622
0.0558171
0.0246396
0.289584
0.262706
0.00535791
0.0353644
0.00661416
0.0127204
0.0551139
0.0698011
0.483018
0.0928395
0.0544984
0.0696903
0.0791636
0.105871
0.0133151
0.0177217
0.0698378
0.279778
0.0286991
0.0888518
0.277266
0.25723
0.0681505
0.0167192
0.483018
0.225537
0
0.000198414
0.00287439
0.0045033
0.0077929
0.0173644
0.244669
0.244097
0.000290591
0
0.000337635
0.00378432
0.0280489
0.0423109
0.278322
0.418572
0.000107773
0
0
0.00044664
0.00463734
0.00584398
0.418572
0.418572
0
0
0
0.00029776
0.0341102
0.0760982
0.418572
0.202944
0.00136537
0
0
0.00182187
0.0349287
0.0600425
0.250064
0.202287
0.00134311
0.00741182
0.00025558
0.000500921
0.020099
0.0834721
0.294792
0.42677
3.24644e-005
0
0
0
0.0872893
0.153649
0.42677
0.279501
0.000129858
0.00661965
0.00678003
0.0104245
0.0742739
0.229166
0.42677
0.207033
0.000200177
0.00635691
0.000585098
0.00621957
0.0133781
0.0636755
0.295656
0.271509
0.00463018
0.000833377
0.0137956
0.0197257
0.0159588
0.0201896
0.355502
0.232962
0.00732064
0.0381158
0.0163069
0.0262098
0.0630948
0.125511
0.423096
0.402768
0.0463028
0.0504579
0.129111
0.125649
0.0321646
0.00973273
0.404823
0.310439
0.0142782
0.028579
0.0610352
0.0207243
0.00590602
0.00222357
0.341044
0.435395
0.0341004
0.125029
0.096886
0.036282
0.00114713
0.00737508
0.428057
0.307841
0.0911316
0.0919662
0.223424
0.100119
0.00310733
0.00788619
0.19474
0.174523
0.147134
0.202789
0.127261
0.0385325
0.000764754
0.0317451
0.0853455
0.340336
0.0667041
0.0956282
0.051555
0.0383792
0.0109898
0.0168
0.362177
0.414219
0.190021
0.0667797
0.0238419
0.0380781
0.0345911
0.0249716
0.417184
0.155146
0.187843
0.132097
0.0420239
0.0194121
0.00194501
0.0187655
0.06498
0.237052
0.359256
0.118279
0.0115379
0.00484962
0.00269964
0.00699213
0.0973223
0.460449
0.262393
0.0484768
0.0434563
0.0541587
0.0366201
0.0167029
0.231305
0.215131
0.216353
0.0430717
0.086741
0.122642
0.00910956
0.0326238
0.147472
0.257854
0.384847
0.116832
0.00871226
0.0106069
0.00664177
0.00954858
0.121863
0.17361
0.239992
0.0704688
0.185212
0.253239
0.0137142
0.0288021
0.131538
0.024096
0.0236808
0.0211932
0.0834192
0.087126
0.00304468
0.0102389
0.0484908
0.120806
0.162532
0.292527
0.272164
0.158978
0.0550282
0.003347
0.202807
0.0138124
0.0222353
0.0493426
0.238637
0.167903
0.00494602
0.00758928
0.023846
0.230705
0.319063
0.433171
0.433171
0.130103
0.032512
0.166637
0.0590335
0.294057
0.000287343
0
0
0
0
0.0108805
0.391926
0.347879
0
0
0
0
0.00653308
0.0205373
0.391926
0.256587
0.00609517
0.0322815
0.00875852
0.0271925
0.0124828
0.0140135
0.391926
0.256961
0.0221643
0.0528628
0.0192672
0.0285602
0.00412553
0.00970009
0.391926
0.304804
0.0149388
0.0232093
0.0029121
0
0.0224724
0.0440087
0.420519
0.206362
0.070706
0.0944283
0.0310952
0.02839
0.0264547
0.0741536
0.420519
0.215473
0.0555233
0.0695009
0.0273991
0.00669644
0.00061723
0.0173752
0.420519
0.238605
0.159124
0.146217
0.0395607
0.0202934
0
0.014365
0.325633
0.214295
0.116126
0.127565
0.0575582
0.0503805
0.051793
0.0700534
0.361978
0.442348
0.148495
0.0739513
0.111997
0.103079
0.0239276
0.0132425
0.270016
0.247486
0.305844
0.156384
0.0423872
0.0243393
0.000212023
0.0123939
0.125724
0.265961
0.339677
0.0797689
0.0423942
0.0420154
0.00190376
0.00915735
0.122456
0.368814
0.159617
0.109919
0.204254
0.0870109
0.00276265
0.0266544
0.157825
0.171826
0.182948
0.171142
0.119083
0.0793303
0.0371855
0.130298
0.103559
0.211033
0.230883
0.156403
0.172321
0.150005
0.015892
0.0320032
0.145375
0.344479
0.174599
0.205186
0.257801
0.236779
0.0819458
0.118862
0.100166
0.186417
0.238621
0.109286
0.0388601
0.041853
0.0438646
0.0636927
0.0587099
0.276774
0.381321
0.212821
0.0703908
0.00648862
0.0112998
0.0107478
0.09012
0.332125
0.176862
0.0802216
0.15075
0.138345
0.0926438
0.0754492
0.0607826
0.33259
0.248992
0.196327
0.222192
0.125937
0.143207
0.125967
0.141638
0.21812
0.321976
0.244572
0.044617
0.0137399
0.0105613
0.00386099
0.0922042
0.136621
0.179707
0.166975
0.199188
0.218831
0.0377508
0.0101186
0.0530745
0.303212
0.214397
0.212896
0.0874336
0.0710905
0.092091
0.0833454
0.238824
0.213004
0.126778
0.120428
0.283677
0.302326
0.0552811
0.0128793
0.146457
0.0189022
0.0150189
0.0411106
0.278189
0.221857
0.0186043
0.0107584
0.0238319
0.349104
0.173764
0.234548
0.462371
0.20866
0.0529133
0.168236
0.104587
0.037895
0.018192
0.0196661
0.252816
0.22414
0.0257211
0.00599976
0.0451743
0.17972
0.0531887
0.108761
0.279859
0.207885
0.0503273
0.0270562
0.151097
0.353214
0.0178212
0.0837625
0.044502
0.119971
0.075851
0.0321105
0.380028
0.202406
0.0471238
0.0938817
0.0747269
0.103894
0.0429687
0.0294656
0.251521
0.327136
0.0181336
0.0289127
0.0330965
0.065175
0.0613897
0.10194
0.436945
0.250944
0.0218292
0.0184419
0.0521749
0.0511375
0.144099
0.188481
0.280584
0.181398
0.101194
0.104181
0.0984736
0.0653274
0.0408519
0.0296588
0.344721
0.299788
0.236694
0.141247
0.0658143
0.0494194
0.0674476
0.0858211
0.251634
0.264233
0.0598909
0.0260822
0.0595966
0.0760217
0.185119
0.199611
0.205392
0.173336
0.0783192
0.0578004
0.0640375
0.09555
0.147602
0.372695
0.287556
0.219758
0.2811
0.10544
0.0174489
0.0112286
0.0259204
0.067254
0.112165
0.200989
0.274501
0.077597
0.156351
0.107005
0.0277609
0.0307346
0.0857648
0.0834123
0.0468496
0.0320964
0.0290516
0.0316607
0.113619
0.426999
0.257116
0.146451
0.0717344
0.0544366
0.167682
0.11775
0.127513
0.409594
0.277241
0.160433
0.175273
0.103212
0.223237
0.175122
0.0520047
0.0696561
0.0645195
0.437081
0.158945
0.112821
0.199231
0.144442
0.0533184
0.0815161
0.168011
0.199522
0.160925
0.109783
0.176209
0.106631
0.0991321
0.230516
0.197253
0.341448
0.148009
0.0802411
0.120449
0.0418313
0.0479115
0.101188
0.224732
0.387593
0.0831169
0.027681
0.151274
0.110423
0.0404331
0.0546079
0.21001
0.262889
0.158593
0.0514799
0.191666
0.179148
0.16895
0.169006
0.240885
0.257559
0.0550524
0.0244411
0.0563235
0.0317832
0.0258497
0.0568018
0.229843
0.165072
0.273971
0.245063
0.166276
0.0584259
0.118131
0.138997
0.215521
0.211272
0.152925
0.0505465
0.0432031
0.0865484
0.0916332
0.0793646
0.23585
0.151417
0.127238
0.0381287
0.199458
0.257543
0.032854
0.00722099
0.179237
0.14226
0.357333
0.216296
0.108142
0.0632416
0.0498653
0.0551801
0.133907
0.0899682
0.245491
0.0855528
0.401234
0.348081
0.0113968
0.00687892
0.11719
0.0338132
0.0414485
0.0363566
0.290656
0.268913
0.0342552
0.000935304
0.0427458
0.166233
0.125148
0.162859
0.265457
0.252189
0.0923068
0.08086
0.102309
0.0253576
0.0372861
0.0319876
0.362541
0.333555
0.0423329
0.00760733
0.0555427
0.198605
0.143851
0.131942
0.18804
0.293445
0.157015
0.136516
0.220067
0.358043
0.0319881
0.0249678
0.00265953
0.00118029
0.0128689
0.0480791
0.417575
0.366218
0.0164691
5.15491e-005
0.0075698
0.0125715
0.140089
0.12109
0.4174
0.246243
0.03135
0.0210918
0.000588863
0.00306557
0.010793
0.0194743
0.277989
0.265407
0.014138
0.00162072
0.00587811
0.0118414
0.0698251
0.0327264
0.303739
0.434114
0.064317
0.0181722
0.0388134
0.0582924
0.200124
0.136832
0.347521
0.195083
0.0443427
0.0289723
0.0845941
0.128083
0.0712163
0.203298
0.292255
0.351728
0.0372354
0.0150914
0.0305871
0.0381444
0.102567
0.0250497
0.326316
0.2095
0.041048
0.0319812
0.0609782
0.101246
0.051106
0.0577979
0.227081
0.0571556
0.0100767
0.0106392
0.0344296
0.0821592
0.109383
0.30785
0.244429
0.0901677
0.0140067
0.0164604
0.0237343
0.0367206
0.139363
0.523933
0.301647
0.0703591
0.0131336
0.0182778
0.0247191
0.0937698
0.120915
0.170039
0.167616
0.0669693
0.00451864
0.00475775
0.000741703
0.10089
0.232509
0.373661
0.245029
0.0909733
0.0249223
0.0307231
0.0252511
0.0205348
0.0855613
0.351419
0.207407
0.0739392
0.0315162
0.0281999
0.0282647
0.00572138
0.0577627
0.219376
0.138509
0.0491622
0.01403
0.00181394
9.2953e-005
0.0391743
0.192506
0.345184
0.226399
0.0979273
0.0268407
0.00747962
0.00424318
0.00588977
0.176294
0.531199
0.365591
0.037953
0.0285585
0.0349217
0.0392697
0.0363609
0.042383
0.0553915
0.0519014
0.0251186
0.185982
0.258665
0.107606
0.0515803
0.147966
0.112333
0.0316959
0.0775899
0.0147759
0.0181914
0.0345198
0.0343632
0.141122
0.36008
0.210774
0.0469316
0.0533322
0.0890709
0.0565299
0.0511074
0.385322
0.600004
0.201956
0.023522
0.170382
0.163752
0.101561
0.0477549
0.0583402
0.0731715
0.0200853
0.0162795
0.069386
0.0298879
0.375555
0.262992
0.00615805
0.00813086
0.0125334
0.0171333
0.0396688
0.0364602
0.0619726
0.0574697
0.241405
0.490348
0.13471
0.0193503
0.0452895
0.00314321
0.365571
0.364177
0.0776615
0.196707
0.0741292
0.0146309
0.0130915
0.0169107
0.328166
0.268778
0.0127051
0.0174006
0.0153207
0.130551
0.0625906
0.047417
0.143478
0.256105
0.0981188
0.126786
0.101822
0.0174384
0.0271028
0.00949625
0.38061
0.407175
0.0102165
0.0251108
0.0174636
0.143775
0.0321013
0.018078
0.277424
0.402458
0.113685
0.0917133
0.086436
0.0946164
0.00522951
0.00486531
0.000386114
0.00232498
0.00394232
0.00654737
0.119115
0.100511
0.00511473
0.00216536
0.00347466
0.00463776
0.00551642
0.00486939
0.128465
0.337821
1.20976e-005
0.00107668
0
0.000374414
0.000617258
0.0406874
0.5218
0.484773
0.00232433
0.00377073
0.000488545
0.000779322
0.00134022
0.0562429
0.5218
0.0690965
0.00835752
0.00217183
0.00358957
0.00130867
0.0011749
0.00528226
0.0918618
0.0743208
0.0101289
0.00823853
0.00202985
0.00291362
0.00459881
0.00952762
0.0793751
0.481081
0.00874613
0.0114047
0.000734806
0.000164582
0.000293725
0.023239
0.481081
0.481081
0.00731585
0.0089855
0.000183702
0
0.000330869
0.0195161
0.481081
0.0411909
0.00338547
0.00546419
0.00105114
0.00740114
0.0127297
0.0217525
0.0639905
0.0421695
0.00973508
0.0101762
0.0025376
0.0285999
0.042591
0.0505988
0.0883543
0.471118
0.00136238
0.000887687
0
0.00121191
0.0092057
0.00490957
0.471118
0.471118
0.160824
0.120128
0.00349889
0.0403411
0.0437356
0.0129135
0.471118
0.0421269
0.0648694
0.063683
0.00627078
0.019024
0.0489147
0.0450656
0.0666818
0.117096
0.0866157
0.0764313
0.00852114
0.00975084
0.0518149
0.225064
0.215235
0.278648
0.376538
0.346865
0.0103514
0.032554
0.0217161
0.017941
0.166663
0.234655
0.317909
0.376538
0.128996
0.0855087
0.0615686
0.245281
0.247405
0.065989
0.0156429
0.0111261
0.0199011
0.0186864
0.0615799
0.311373
0.196883
0.0198491
0.000365758
0
0.0145154
0.0193214
0.109054
0.310376
0.147718
0.13036
0.0565178
0.188362
0.234119
0.170933
0.122428
0.35176
0.360256
0.135121
0.0443178
0.0518081
0.113928
0.0985562
0.101078
0.191797
0.425545
0.0240966
0.0126356
0
0.0102006
0.0163417
0.13928
0.414047
0.183162
0.0461212
0.0505634
0.0200202
0.159189
0.174098
0.0752177
0.216992
0.175245
0.174134
0.0227356
0.0101202
0.0328739
0.0380029
0.0856252
0.224753
0.481264
0.0875508
0.0168304
0.0317726
0.100912
0.115069
0.0578436
0.151604
0.442685
0.0225078
0.0256858
0.0206343
0.255044
0.250426
0.0097377
0.0183817
0.0538368
0.0655329
0.0114837
0.00605757
0.312225
0.245125
0.0442585
0.033687
0.0382469
0.0352968
0.0134408
0.0333422
0.236288
0.190152
0.0178799
0.0307891
0.166273
0.136533
0.0033808
0.0340258
0.46429
0.270451
0.0135923
0.092548
0.443145
0.332575
0.00108981
0.000452853
0.00019408
0
0
0.0244143
0.464684
0.44445
0.00249614
0.00431151
0
0
0
0.0336389
0.464684
0.164012
0.00624795
0.00517075
0.00077632
0
0.00219119
0.0104418
0.210639
0.206644
0.0085208
0.00667208
0.000924338
0
0.00012922
0.00721677
0.313036
0.418111
0.00787994
0.013664
7.97587e-005
0
0
0.0108562
0.426688
0.426688
0.00685273
0.0143895
0.000319035
0
0
0.00793333
0.426688
0.170228
0.0101756
0.00662714
0.00210074
0.00117119
0.00162611
0.013069
0.219462
0.201825
0.0758817
0.139831
0.0406968
0.0120624
0.00341703
0.0144635
0.300937
0.280929
0.0294485
0.0384917
0.00846482
0.00246629
0.0177125
0.00440508
0.355154
0.34458
0.106376
0.118714
0.0545257
0.0876438
0.0832427
0.0125452
0.355154
0.0878151
0.190225
0.346433
0.0366084
0.0125529
0.0127357
0.00615814
0.218919
0.0688958
0.270334
0.355154
0.13618
0.101745
0.0573332
0.0178054
0.137717
0.207408
0.229069
0.19032
0.0298331
0.0647066
0.0392308
0.0143809
0.132561
0.201862
0.309742
0.238202
0.0897205
0.0753023
0.0263523
0.0407253
0.154623
0.0660857
0.346125
0.363758
0.0802332
0.0694149
0.0279903
0.0127057
0.0382392
0.161899
0.363758
0.363758
0.0220947
0.0173015
0.00702626
0.0080654
0.111944
0.194154
0.101492
0.115829
0.117329
0.108865
0.0459802
0.0789228
0.398238
0.298078
0.0328737
0.0312982
0.0628313
0.0400808
0.0312998
0.0546279
0.401305
0.21661
0.152926
0.089864
0.0134825
0.0197405
0.00903599
0.0253244
0.31351
0.323454
0.0174262
0.0056834
0.0157157
0.00521296
0.00670141
0.0233001
0.401305
0.313604
0.022016
0.015135
0.0793587
0.0746877
0.0207845
0.0415559
0.454462
0.110028
0.0225111
0.00690471
0.0704387
0.164383
0.0425828
0.0495074
0.34239
0.317877
0.0194796
0.010824
0.053463
0.0498216
0.00576207
0.00900997
0.454462
0.149283
0.0392508
0.00545922
0.0457079
0.123272
0.0299595
0.0428395
0.334503
0.0312063
0.0250007
0.0108417
0.108667
0.120106
0.0340591
0.0413369
0.122065
0.179311
0.0102883
0.0654519
0.314179
0.122164
0.0100159
0.10468
0.523995
0.0687917
0.0439557
0.006085
0.0569562
0.0903763
0.0310499
0.0772844
0.211863
0.249612
0.0259466
0.0435623
0.177409
0.0641742
0.0165392
0.146679
0.523995