0.181162
0.0284004
0.00807144
0.00530802
0.00419207
0.00732905
0.0153747
0.0503173
0.292633
0.0309525
0.00962718
0.00700646
0.0043001
0.00987523
0.00860693
0.0915455
0.392796
0.157626
0.107681
0.0923145
0.019107
0.000187293
0.00227118
0.102542
0.697787
0.0622349
0.0211315
0.00479659
0
0
0
0.313349
0.176332
0.0240924
0.0105208
0.0066948
0.00548524
0.00289739
0.00154302
0.109012
0.214305
0.0104853
0.00638315
0.00582361
0.00727677
0.00176331
0.00402903
0.184388
0.493429
0.00705214
0.000900918
0.000354819
0
0
0
0.281317
0.514117
0.00195408
0.000135691
0
0
0
0
0.47695
0.213178
0.0130461
0.00202049
0.00169792
0.00248242
0.000545111
0.00391178
0.12346
0.255397
0.0440454
0.00327295
0.00404941
0.00417945
0.000835082
0.00581898
0.134408
0.468177
0.00234489
0
0
0
0
0
0.336732
0.560375
0.0129714
0
0
0
0
0.000396717
0.379916
0.206286
0.0652477
0.00692756
0.00140933
0.00159661
0.00136568
0.00512967
0.132775
0.153897
0.0521936
0.0242325
0.00767697
0.0015629
0.014651
0.0205654
0.221143
0.32707
0.0169193
0
0
0
0.00184191
0.0101798
0.468744
0.297663
0.0150004
0.00048625
0
0
0.00795029
0.0200497
0.611809
0.13969
0.0181991
0.0186188
0.00656318
0.00115568
0.0110236
0.026952
0.24494
0.281663
0.0101191
0.0143766
0.00546914
0
0.00883402
0.0557809
0.240839
0.398175
0.0352286
0.0229528
0.00368425
0
0.00389221
0.0102926
0.41284
0.471406
0.171262
0.158685
0.0236804
0
0.00639832
0.0287305
0.306564
0.291329
0.0185581
0.0210166
0.00407123
0
0.0124283
0.0426923
0.161409
0.436303
0.0911609
0.0288387
0.00392602
0
0.0147102
0.00768477
0.15782
0.340594
0.2079
0.15005
0.0192612
0.0230082
0.0487809
0.0411483
0.187571
0.460005
0.164848
0.0975354
0.172144
0.163576
0.139396
0.0202153
0.173835
0.342124
0.0970899
0.0283161
0.00222607
0
0.00408576
0.0135512
0.0814353
0.389827
0.116148
0.0288926
0.000698899
0
0.00115717
0.0523601
0.174806
0.46053
0.0795458
0.0827581
0.110593
0.0662703
0.0336673
0.00266424
0.133674
0.482049
0.0495164
0.0283845
0.0166101
0.00951953
0.045715
0.094786
0.28859
0.157554
0.140206
0.173169
0.28537
0.115381
0
0
0.054204
0.445889
0.0930312
0.0700463
0.0335161
0.0106661
0.000385249
0.000898324
0.210281
0.00878708
0.0346396
0.0929311
0.515526
0.415736
0.00151652
0
0.00737133
0.0849023
0.0520446
0.0873666
0.135209
0.085552
0.0144529
0.00245683
0.0430005
0.544927
0.0121029
0.00632049
0.000324055
0.00196952
0.00374538
0.00416043
0.256129
0.555987
0.01167
0.00132867
0.00056943
0.00564983
0.00923849
0.00277362
0.41864
0.137759
0.0230284
0.019831
0.00770132
0.0283131
0.025284
0.0113784
0.0531387
0.152924
0.0499821
0.0195761
0.00227772
0.028757
0.0215746
0.0086009
0.0501045
0.453843
0.0105755
0.000394286
0.00121419
0.00501146
0.00559432
0
0.307367
0.511108
0.0272582
0.00369873
0.0120778
0.00330087
0.00280474
0.00238849
0.358773
0.13212
0.0684911
0.0157043
0.0036007
0.0150364
0.013048
0.00149234
0.0515396
0.155154
0.391788
0.0637398
0.0235446
0.00800762
0.00804936
0.00196541
0.0614365
0.13753
0.0368685
0.0122467
0.00496053
0.000218042
0.00565151
0.0199641
0.232506
0.172584
0.172517
0.0342719
0.000398242
0
0.0133827
0.0312069
0.268907
0.0771672
0.4515
0.0586398
0.00836959
0.000600718
0.00401159
0.0111603
0.0276365
0.122211
0.684361
0.157828
0.0113362
0
0.00892178
0.0175809
0.026051
0.175927
0.21422
0.0377675
0.00344562
0
0.00246859
0.00404445
0.0922275
0.136215
0.331454
0.152463
0.0127972
0
0.00142461
0.00570594
0.074057
0.127327
0.564347
0.077171
0.00651698
0
0.00164573
0.00235353
0.00683343
0.237796
0.538837
0.0716408
0.00331985
0.0200109
0.0257743
0.0441344
0.0664067
0.0860038
0.214382
0.103114
0.0327284
0.0424809
0.0263415
0.017469
0.0818554
0.071042
0.0607669
0.0589462
0.307838
0.237292
0.0657258
0.0121815
0.0581886
0.133065
0.158699
0.0345345
0.0692859
0.158222
0.0781893
0.0950027
0.108544
0.00917262
0.00968607
0.0202712
0.477145
0.598492
0.0503443
0.0371294
0.0353141
0.1333
0.0328501
0.134942
0.353297
0.18786
0.0305222
0.00376856
0.0572904
0.159292
0.0237637
0.0597669
0.106689
0.059631
0.083854
0.0568742
0.127775
0.00530448
0.00591342
0.0501715
0.511745
0.535539
0.0126126
0.0107746
0.00505813
0.0112101
0.00924098
0.0293643
0.183974
0.201335
0.101497
0.0257168
0.00637435
0
0.000751617
0.00961925
0.287538
0.43702
0.0025536
0
0
0.00878111
0.0072468
0.0176844
0.106925
0.112902
0.0112651
0.00350468
0.00581428
0.00095506
0.0018177
0.000281895
0.276473
0.697895
0.00979268
0.000574212
0
0.0703742
0.0566268
0.0122842
0.101979
0.223746
0.0192222
0.0099741
0.00575992
0.0288421
0.0161023
0.007172
0.00859087
0.0169122
0.012311
0.00861132
0.0146967
0.0487229
0.136019
0.0256425
0.00517817
0.00868995
0.00415776
0.00590101
0.0167306
0.158796
0.283045
0.0118519
0.00921283
0.0153099
0.00632518
0.00893291
0.0125943
0.201801
0.861333
0.0547954
0.00697475
0
1.02159e-005
0.00164353
0.00838442
0.0414994
0.168817
0.0117917
0.00126247
0.00166984
0.0012436
0.000922398
0.0109377
0.0624409
0.471317
0.0298989
0.0024074
0.000785039
0.000873792
0.000230599
0.00791807
0.102875
0.568589
0.0370681
0.00111349
0
0
0.000230599
0.00271494
0.160521
0.568589
0.044499
0.00474178
0.00622918
0.00166696
5.76498e-005
0.00982147
0.0502188
0.439579
0.0382181
0.00103057
0.000100285
5.74399e-005
0
0.00409887
0.0619983
0.503127
0.0718222
0.0104907
0
0
0
0.00258617
0.0808182
0.460876
0.0735742
0.0140135
0.00373053
0.00218747
0.00510642
0.0282704
0.108182
0.496271
0.068921
0.0189744
0.00229835
0.00893182
0.0204726
0.0428906
0.0891725
0.631293
0.0744165
0.010222
0
0
0.00124387
0.0089564
0.222955
0.355906
0.0214641
0.0253828
0.0854172
0.0408836
0.0534774
0.0730968
0.132681
0.458695
0.0401436
0.0284588
0.0390061
0.00993447
0.0131812
0.0346677
0.0952955
0.124053
0.0194271
0.14434
0.211171
0.039697
0.0388524
0.0649889
0.0642556
0.0370933
0.00122622
0.0792737
0.218547
0.0521285
0.0496256
0.0390863
0.000179147
0
0.0014121
0.281863
0.472421
0.0215594
0.0130748
0.00478842
0.0128216
0.00377082
0.00390876
0.194908
0.350192
0.0202561
0.0159541
0.0190231
0
0
0.000589807
0.359111
0.535541
0.00163153
0.000428999
0
0.00371072
0.00117602
0.00159888
0.316151
0.454749
0.00455824
0.0104814
0.00460352
0.00985834
0.00256783
0.00622342
0.131768
0.148581
0.0358585
0.020877
0.00958272
0.0019096
0.000482284
0.00483113
0.390865
0.600822
0.003713
0.0107438
0.00542414
0.00763839
0.00192914
0.00936561
0.16208
0.172491
0.0293231
0.0218505
0.0117126
0.00244132
0.0184531
0.0128248
0.171533
0.456669
0.0116784
0.000659525
0
0.117378
0.239941
0.0493483
0.0519499
0.133625
0.0228578
0.00430536
0.000942719
0.00162755
0.0267153
0.0454061
0.420149
0.418531
0.0228876
0.00916224
0.00296214
0.102533
0.33286
0.166796
0.157914
0.242795
0.0684133
0.116643
0.0539096
0.132125
0.401403
0.0236555
0.00874748
0.00477123
0.0044246
0.0016981
0.00124893
0.118583
0.553536
0.0892291
0.0204909
0.000608027
0
0
0.000352397
0.116439
0.386976
0.100797
0.0698209
0.0807272
0.0340029
0.085972
0.0784104
0.0646689
0.374728
0.232057
0.128821
0.0775343
0.069669
0.0923716
0.0574467
0.0835279
0.552865
0.0931187
0.00615985
8.52127e-005
0
0
0.00142782
0.145715
0.541949
0.0635872
0.0494965
0.0481038
0.00829811
0.00216674
0.0163932
0.0527232
0.329149
0.179389
0.0333425
0.0368618
0.0636496
0.104392
0.0666717
0.106113
0.260846
0.179311
0.0820961
0.0671458
0.0383807
0.0647149
0.0807072
0.142451
0.387283
0.121234
0.116744
0.08687
0.0158319
0.0189844
0.0815199
0.21462
0.335768
0.124315
0.0672342
0.0321572
0.0373169
0.0358875
0.144003
0.22195
0.14279
0.179966
0.144803
0.146905
0.0747816
0.0751283
0.0971654
0.45954
0.281665
0.12633
0.0612698
0.0602746
0.0553283
0.0382188
0.149248
0.202532
0.261251
0.0722136
0.0845563
0.09803
0.0382694
0.0185917
0.0653168
0.0635961
0.0639134
0.0418427
0.252918
0.276408
0.108278
0.0787482
0.044484
0.291597
0.307011
0.254452
0.0711613
0.0599864
0.0542692
0.00986637
0.0758352
0.110227
0.301599
0.284081
0.181791
0.187183
0.191535
0.169066
0.141168
0.00205089
0.00164008
0.00966558
0.187843
0.228399
0.0246913
0.0180893
0.00899881
0
0
0.00205273
0.277835
0.527244
0
0
0
0.00826369
0.0304308
0.0395062
0.198465
0.21456
0.0601705
0.0438743
0.0380908
0
0
0.00661438
0.354476
0.532019
0.00601522
0
0
0.000545884
0.0001582
0.00514883
0.25345
0.49469
0.00171563
0.00277981
0.00130353
0.00218354
0.0006328
0.00826652
0.0886548
0.14022
0.0345391
0.0077504
0.00401768
0.00027402
0.00040682
0.0037821
0.363208
0.630697
0
0.0010204
0.000711335
0.00109608
0.00162728
0.0126387
0.186492
0.155115
0.0112488
0.0040816
0.00284534
0.000561169
0.00428716
0.0145963
0.435403
0.296339
0.028315
0.0209594
0.0139498
0.0190702
0.059615
0.0571967
0.147159
0.188335
0.0769335
0.261465
0.193833
0.000841753
0
0.00181439
0.401379
0.466878
0.00750056
0.0101255
0.0120697
0.0123404
0.00126304
0.00639738
0.130101
0.19051
0.0251649
0.137654
0.179434
0.0296762
0.0657974
0.047096
0.0444491
0.0634243
0.0328806
0.294306
0.250758
0.0179026
0.0548702
0.0806926
0.0709691
0.0678768
0.0600359
0.406374
0.189691
0.00886612
0.00411642
0.00192102
0.00790783
0.0104098
0.0165666
0.289913
0.220877
0.00773849
0.00445535
0.000493164
0
0.0045432
0.0120795
0.593159
0.260543
0.0267978
0.0473569
0.04651
0.0151653
0.0271362
0.0453336
0.285493
0.15178
0.0622101
0.054614
0.0807767
0.0204917
0.0173197
0.0357505
0.247049
0.158752
0.0116965
0.00202242
0.000134676
0
0.00122737
0.00268534
0.531016
0.242418
0.0135591
0.00633975
0.00321419
0.00103707
0.00511042
0.0180598
0.562011
0.270093
0.0987617
0.0480758
0.0717885
0.0233971
0.0389156
0.0509175
0.188292
0.0975076
0.220457
0.0819546
0.0579938
0.0510593
0.0366498
0.0314681
0.0846288
0.134916
0.0139861
0.00847393
0.00898289
0.00408254
0.0148847
0.0314349
0.613045
0.218217
0.0651871
0.0253177
0.0220502
0.0485338
0.0372493
0.0289765
0.514907
0.289323
0.138357
0.135238
0.219207
0.144505
0.0840286
0.0463575
0.0181038
0.0672819
0.0538794
0.204909
0.283393
0.219992
0.21451
0.164144
0.0516558
0.0619609
0.0732186
0.0566717
0.0918332
0.157276
0.146681
0.113816
0.305217
0.246402
0.051755
0.157954
0.249762
0.277332
0.234911
0.196462
0.192537
0.150746
0.00767511
0.031381
0.0405432
0.157814
0.234647
0.0681384
0.0208585
0.0208328
0
0
0.00357026
0.284868
0.500231
0.00592638
0
0
0.0130806
0.0519868
0.107811
0.186516
0.219218
0.0458767
0.031224
0.020611
0.00305604
7.55875e-005
0.0265563
0.334338
0.558443
0.0114494
0.00299933
0.000863999
0.000955252
0.00196273
0.00399758
0.308775
0.477384
0.00162518
0.000974508
0.000232936
0.00143288
0.00330579
0.0162757
0.145726
0.129048
0.00785054
0.00352485
0.000931744
0.00251971
0.00344413
0.00971884
0.374507
0.610238
0.00800273
0.00549175
0.000121062
0.00368154
0.00563749
0.0189294
0.115985
0.19869
0.0277769
0.0166008
0.00754583
0.000122626
0
0.000588254
0.275083
0.479729
0.000677351
0
0.000726324
0.00579527
0.00197796
0.0031533
0.112383
0.20302
0.00919737
0.0116183
0.0308483
0
0
0.00158781
0.353883
0.595907
0.0160951
0.000418266
0
0.0024151
0.00296171
0.00301194
0.118404
0.279295
0.0549656
0.0123143
0.00730723
0.0184331
0.0142702
0.0105049
0.0333545
0.050442
0.0418659
0.201327
0.143739
0.0548894
0.0245954
0.0303546
0.00883668
0.00187776
0.0364168
0.757805
0.345756
0.0296465
0.0267111
0.0274668
0.047895
0.0745335
0.074366
0.0661746
0.0441128
0.152002
0.0403197
0.0543475
0.0257485
0.00336899
0.00965513
0.0907579
0.139054
0.029283
0.00441504
0.00768484
0.00199562
0
0.00635472
0.368775
0.211378
0.0111647
0.00240544
0.0019811
0.00266962
0.00250355
0.0241237
0.746723
0.297561
0.0710357
0.010435
0.0130348
0.00515865
0
0.00680135
0.0507075
0.0797339
0.0635747
0.0190023
0.0106194
0.0115737
0.0271806
0.0379635
0.258812
0.100287
0.0034421
0.000213533
0.000251432
0.000478532
0.00113473
0.0145801
0.49055
0.140095
0.0141879
0.00453441
0
0.00348582
0.00561039
0.0195143
0.52542
0.195758
0.0261074
0.0138837
0.00409088
0.00234511
0.0156689
0.0183976
0.280199
0.0677731
0.0265628
0.011158
0.00158088
1.70849e-005
0.00152056
0.0129883
0.479658
0.230122
0.0165127
0.00817698
0
0.0102517
0.0248924
0.0361163
0.319452
0.1967
0.0292517
0.0713158
0.0596038
0.0331759
0.0351534
0.0506659
0.285317
0.138325
0.0148982
0.00142661
0
0.000305933
0.00520087
0.00716482
0.477223
0.25156
0.0299641
0.0291329
0.0104038
0.00218589
0.00862241
0.0262768
0.590834
0.201761
0.0421339
0.0863603
0.129024
0.116618
0.0840714
0.0209461
0.101965
0.0662327
0.0250381
0.0329803
0.0789743
0.315903
0.477701
0.00741489
0.00522931
0.0205449
0.0688328
0.111841
0.0631656
0.0295757
0.0153383
0.0573171
0.390479
0.118431
0.0612828
0.125228
0.108345
0.347145
0.421301
0.0364498
0.112634
0.0519791
0.00463266
0.00427643
0.0158874
0.289807
0.517375
0.00561253
0.00497266
0.00321438
0.0101247
0.0112522
0.0133562
0.0830119
0.160889
0.0244168
0.011017
0.00638378
0.0228236
0.0236558
0.0428216
0.380335
0.576409
0.0286084
0.0230674
0.030998
0.117404
0.0409563
0.00625358
0.080092
0.180275
0.0372026
0.0216428
0.0644312
5.84259e-005
0
0.00356782
0.236187
0.376742
0.102106
0.0218884
0.0187561
0.0186671
0.00126229
0.00127747
0.0579363
0.170651
0.123559
0.0515686
0.115056
0.0201097
0.00275896
0.00179252
0.0597213
0.194241
0.256784
0.124481
0.244349
0.0873214
0.000609017
0.000169953
0.0128442
0.0597126
0.114161
0.176667
0.651519
0.0764612
0.00575216
0.0055953
0.0037598
0.0111465
0.0330462
0.0313029
0.104476
0.191464
0.00625033
0.00653269
0.00225838
0.000305875
0.000492095
0.0123324
0.106826
0.280083
0.00136366
0.00102559
0
0.00145878
0.0135385
0.0580392
0.499518
0.608714
0.00155015
0.00104304
0
0
0
0.00165948
0.40605
0.169264
0.00273632
0.00227698
0.00112196
0
0.000706236
0.00327284
0.0936553
0.238937
0.0136083
0.003835
0.00329242
0.0118592
0.00541551
0.0106008
0.0993197
0.498339
0.000256945
8.28403e-005
0
0
0
0.000154404
0.276909
0.646506
0.0102628
0
0
0
0
7.99304e-005
0.297328
0.186316
0.0217418
0.00260883
0.000952244
0.00971342
0.00402594
0.0341657
0.068438
0.226986
0.0195948
0.00116601
1.26013e-005
0.00112152
0.00450302
0.121812
0.175969
0.565869
0.0259082
0
0
0
0
6.1013e-006
0.155302
0.611086
0.0226415
0
0
0
0.00182193
0.00908479
0.286205
0.14388
0.00276203
0
4.52222e-005
0.000768777
0.00326275
0.209072
0.209652
0.108143
0.00683929
0
6.78333e-005
0.00115316
0.0312787
0.428923
0.230742
0.375574
0.00248452
0
0
0.00267022
0.0166263
0.0357221
0.368794
0.26383
0.00270569
0.000615865
0
0.00767468
0.0469583
0.0918647
0.470894
0.119963
0.0386852
0.00547983
0.0057133
0.00879253
0.101061
0.427049
0.135103
0.1474
0.0694081
0.0940675
0.243849
0.173051
0.0807214
0.216303
0.0925863
0.32872
0.0129987
0.00425427
0.00850313
0.0110624
0.0598987
0.116569
0.302969
0.423705
0.0200977
0.0377443
0.0574877
0.0350336
0.0418607
0.103922
0.313942
0.128648
0.0137693
0.0500374
0.189054
0.200247
0.0286123
0.0482964
0.0860832
0.380892
0.0232267
0.000100927
0.026375
0.0681051
0.0205061
0.0239116
0.131375
0.330287
0.00358361
0.0197292
0.0330831
0.0322251
0.00852159
0.0460544
0.269851
0.633092
0.0167956
0
0.00256793
0.00918627
0.00309786
0.020753
0.268009