0.273703
0.0569157
0.0348165
0.105616
0.089794
0.0236033
0.0803076
0.432899
0.280881
0.0903393
0.0537234
0.114074
0.117376
0.0734152
0.100777
0.385592
0.248935
0.0922808
0.0526459
0.0648546
0.05067
0.110811
0.0854903
0.272437
0.217047
0.216272
0.0671837
0.0876381
0.101921
0.0584667
0.12952
0.204757
0.153244
0.0496047
0.0259745
0.0730323
0.120493
0.0568234
0.195434
0.273579
0.20324
0.142056
0.173357
0.0768266
0.187405
0.033679
0.249459
0.522102
0.108449
0.124862
0.0339699
0.038638
0.0625309
0.0322954
0.125715
0.181207
0.178441
0.155571
0.051114
0.015653
0.110781
0.0290015
0.100225
0.372877
0.233567
0.199735
0.287553
0.063083
0.123188
0.0330417
0.122232
0.315254
0.32702
0.142678
0.134606
0.0510551
0.072279
0.0495688
0.15757
0.238416
0.247544
0.144994
0.0606726
0.00627983
0.109956
0.0568234
0.069325
0.238446
0.310405
0.115946
0.0830825
0.0157626
0.0502044
0.0874256
0.118103
0.264204
0.288626
0.0806441
0.114027
0.0710931
0.141578
0.0555229
0.10232
0.167392
0.419484
0.172382
0.198785
0.0568339
0.175109
0.0822153
0.116068
0.260164
0.264338
0.0714388
0.093935
0.0134614
0.0831332
0.0442995
0.0810237
0.229805
0.336346
0.0964234
0.0830091
0.0510059
0.154508
0.0582826
0.0706224
0.255734
0.207899
0.174443
0.0998655
0.029694
0.0440864
0.0315289
0.128428
0.25883
0.138963
0.214496
0.142699
0.0514374
0.0356267
0.013861
0.261729
0.336427
0.211618
0.160334
0.0487173
0.0396777
0.0537718
0.0155345
0.0376423
0.17405
0.18544
0.521623
0.200227
0.0106851
0.0137347
0.00138124
0.0678398
0.168366
0.0902322
0.172672
0.211166
0.0705564
0.105729
0.0392856
0.139072
0.182655
0.115351
0.185602
0.209656
0.0856859
0.097423
0.0812096
0.0779094
0.121567
0.144201
0.538716
0.264992
0.0272515
0.0382137
0.0119575
0.0550764
0.110967
0.14954
0.348289
0.24856
0.0900169
0.093545
0.0533159
0.0299231
0.0805133
0.154811
0.160207
0.150693
0.0554296
0.0547304
0.0609356
0.135096
0.233592
0.273858
0.102466
0.160403
0.0303015
0.145352
0.11171
0.171792
0.417515
0.145474
0.132973
0.160463
0.103649
0.179243
0.0781497
0.0567896
0.126421
0.343208
0.135902
0.187993
0.0863639
0.146493
0.0639973
0.0748229
0.214053
0.181523
0.13832
0.0552167
0.0161128
0.0531412
0.155412
0.169527
0.233434
0.26942
0.26591
0.046096
0.0141833
0.0915712
0.0825686
0.137396
0.185075
0.139459
0.287371
0.135582
0.0384098
0.0719814
0.127639
0.141612
0.163794
0.319357
0.426887
0.140172
0.0216479
0.0724622
0.0740951
0.112321
0.137998
0.223865
0.235398
0.0390784
0.00894291
0.0492171
0.0441888
0.0917998
0.136109
0.263692
0.231202
0.042428
0.00374258
0.0375133
0.0275198
0.0970305
0.20987
0.307642
0.332131
0.106989
0.0404734
0.0182071
0.0419819
0.0444674
0.152809
0.306944
0.362733
0.126975
0.0927197
0.0216164
0.0186248
0.089648
0.291779
0.202533
0.122316
0.0233861
0.00598723
0.0272196
0.0374876
0.0611832
0.119571
0.275573
0.110363
0.0755812
0.023314
0.0295932
0.0474726
0.0503506
0.212648
0.23814
0.270869
0.148467
0.0497751
0.0188969
0.018872
0.0450349
0.143318
0.368779
0.51979
0.269646
0.00911662
0.0577969
0.0243307
0.0103378
0.181968
0.180027
0.0552428
0.034792
0.0169129
0.0324802
0.0218118
0.0321344
0.147401
0.138477
0.179597
0.100568
0.0573433
0.060861
0.025963
0.0284868
0.127291
0.268939
0.427357
0.160775
0.0375458
0.0480421
0.0186878
0.00851475
0.10665
0.176942
0.619797
0.248446
0.0753922
0.0259802
0.0106052
0.00688582
0.0607906
0.0943144
0.236281
0.0736141
0.0259922
0.0229749
0.00535148
0.00731132
0.0645518
0.10971
0.499509
0.100339
0.00113125
0.00111199
0.000625934
0.00106687
0.0182499
0.0987103
0.460114
0.121671
0.0175287
0.00393192
0
0.000921901
0.0204312
0.14915
0.570692
0.0891253
0.00114969
0.00308148
0.00375865
0.00189587
0.0097334
0.162185
0.493021
0.10212
0.00848961
0.0288577
0.0298596
0.0151731
0.0289401
0.0931517
0.148795
0.0679037
0.089842
0.160359
0.0597157
0.0245924
0.0515292
0.169983
0.413199
0.0526526
0.068455
0.152453
0.0566767
0.0259291
0.030515
0.0625273
0.0618284
0.0176401
0.26744
0.486107
0.0685224
0.0306007
0.031222
0.0267283
0.0380518
0.115253
0.155606
0.245514
0.0803507
0.0458622
0.0323061
0.184113
0.0884509
0.196511
0.143558
0.134087
0.119288
0.105072
0.0669499
0.00572773
0.0176724
0.0580694
0.356415
0.501547
0.0885664
0.0509767
0.0105504
0.183594
0.118462
0.143407
0.219756
0.240301
0.148234
0.131115
0.120498
0.150097
0.25347
0.137026
0.053661
0.0442489
0.0513776
0.0402851
0.0473571
0.183766
0.393335
0.227293
0.0401917
0.0532147
0.0162895
0.0321686
0.0317482
0.174003
0.267781
0.231757
0.082034
0.027185
0.0642124
0.0528954
0.119685
0.167815
0.476128
0.287956
0.118935
0.0912186
0.00460833
0.0205168
0.0912229
0.0760353
0.197263
0.109434
0.0456866
0.0165868
0.0099625
0.0209114
0.0236199
0.107669
0.302967
0.144048
0.0776827
0.0084094
0.00816702
0.0369574
0.0470313
0.0669378
0.401868
0.184629
0.0646105
0.0398994
0.00416085
0.0323143
0.0120211
0.201195
0.65335
0.234352
0.0739199
5.73002e-005
0.00851563
0.0767072
0.00631349
0.0841276
0.28251
0.118168
0.0249014
0.00435528
0.0032064
0.00703535
0.0206712
0.120769
0.438217
0.161283
0.00434951
0.0168078
0.00441448
0
0.0249859
0.140919
0.507273
0.106909
0.0122159
0
0.00186552
0.0136353
0.00494318
0.109745
0.540055
0.133459
0.0145586
0.0138623
0.000243964
0.00929753
0.0136729
0.156273
0.475506
0.153575
0.0169698
0.0233104
0.00518893
0.00183872
0.0191724
0.136702
0.498586
0.162811
0.0189154
0.00694573
0.0025336
0.0107072
0.0199107
0.0978113
0.403971
0.154034
0.0291726
0.0270888
0.0138466
0.0480369
0.0338986
0.136111
0.306901
0.14896
0.0155633
0.0133759
0.0380203
0.112101
0.10896
0.102463
0.477903
0.114323
0.00547109
0
0.000217464
0.00574666
0.0197409
0.16862
0.472064
0.130523
0.0106484
0.00734768
0.00410789
0.000815225
0.0191658
0.109381
0.340496
0.123639
0.0389597
0.0114145
0.0345772
0.0758757
0.0908232
0.152386
0.400727
0.204772
0.0711437
0.0144266
0.0311316
0.0345446
0.096474
0.119586
0.17614
0.070285
0.0886113
0.146548
0.0190717
0.00467585
0.0169074
0.0252998
0.0172552
0.0207587
0.250955
0.459461
0.0286339
0.00467401
0.00457824
0.133246
0.190909
0.116147
0.112262
0.168539
0.00912406
0.00513925
0.068291
0.0323338
0.0216064
0.039098
0.308256
0.593405
0.0352543
0.000394947
0.0150308
0.0004011
0.00372075
0.017834
0.21709
0.39614
0.0353319
0.00604434
0.0004011
0.0426427
0.0422096
0.0798196
0.179105
0.286772
0.0474655
0.0171949
0.0344462
0.00111146
0
0.0134652
0.273293
0.485021
0.075923
0.00159456
0.00111146
0.013934
0.0102344
0.0304888
0.238181
0.442703
0.0649762
0.0115693
0.0375894
0.0778346
0.224445
0.141008
0.0390812
0.00813459
0.0250801
0.0136119
0.0464828
0.0651872
0.509683
0.142933
0.0829663
0.0331856
0.00303706
0.00324484
0.033898
0.126352
0.362772
0.103661
0.0390332
0.0222872
0.0581428
0.078394
0.0512201
0.0733522
0.579869
0.0958476
0.0426416
0.0186122
0.107899
0.135573
0.0598045
0.0423441
0.506429
0.124543
0.0475408
0.0216742
0.00194166
0.00626589
0.00418024
0.129605
0.572137
0.142325
0.0434455
0.00260321
0.00248599
0.0181704
0.000284372
0.0545521
0.344665
0.068824
0.0691459
0.0401203
0.043547
0.0496747
0.0477755
0.0708108
0.310094
0.0998885
0.0868678
0.0437415
0.0466476
0.108845
0.137082
0.139787
0.581035
0.0831632
0.0103669
0.000199421
0.00147107
0.00671727
0.00242115
0.11029
0.518584
0.0738864
0.0494193
0.0810552
0.00418555
0.0156911
0.0144002
0.0765409
0.289042
0.0687277
0.0287799
0.0124011
0.0280147
0.145164
0.172224
0.137474
0.175379
0.0591976
0.177854
0.0939028
0.0559585
0.113057
0.0910755
0.11053
0.28982
0.0828261
0.103202
0.162647
0.0188829
0.0669969
0.0377277
0.241344
0.279127
0.0733835
0.0590478
0.0887153
0.0514529
0.11648
0.123887
0.227313
0.189425
0.105456
0.222363
0.16548
0.0442495
0.101119
0.0904388
0.442272
0.38481
0.0851969
0.0770664
0.0867016
0.0218886
0.0528108
0.121131
0.186163
0.248927
0.0854862
0.0566192
0.0553348
0.0841473
0.0832436
0.119615
0.239053
0.212821
0.133916
0.072737
0.0521246
0.0945424
0.0793648
0.232773
0.364215
0.229067
0.0693902
0.0374369
0.0430849
0.0855687
0.0474223
0.125902
0.310332
0.312708
0.286531
0.0709668
0.0760803
0.149855
0.0851805
0.163375
0.155264
0.0745352
0.0478851
0.0759019
0.127529
0.0190939
0.0306105
0.132982
0.0534997
0.0128503
0.0232441
0.249536
0.455171
0.0424961
0.0174072
0.0291253
0.161809
0.213171
0.138664
0.0475737
0.207026
0.0595852
0.0491183
0.0736255
0.0692576
0.036745
0.0192758
0.200381
0.605079
0.0861848
0.0428241
0.020245
0.00598816
0.000168063
0.00777078
0.229706
0.341651
0.0926157
0.0314165
0.00399542
0.0226743
0.00991786
0.00517038
0.213203
0.331971
0.0591272
0.0236439
0.0203415
0.0089859
0.000252094
0.00532358
0.237059
0.482338
0.0816149
0.0484094
0.00774974
0.0124967
0.00353094
0.0335529
0.295122
0.416818
0.0513167
0.0279761
0.00624831
0.312525
0.188995
0.102118
0.0510514
0.0419252
0.070023
0.175779
0.148283
0.190599
0.232389
0.11232
0.0794526
0.0434923
0.181739
0.28595
0.128875
0.289428
0.180975
0.243171
0.0549031
0.0717144
0.016784
0.10526
0.143506
0.270023
0.274028
0.221535
0.0897782
0.0523088
0.0378234
0.144899
0.124501
0.125367
0.109989
0.0643653
0.0746709
0.0686531
0.118364
0.177779
0.136257
0.116085
0.0881242
0.0660953
0.0562434
0.0572303
0.109695
0.38347
0.359153
0.200193
0.193553
0.165363
0.0444228
0.0238898
0.047786
0.136662
0.116845
0.278727
0.123239
0.10483
0.00651209
0.0114183
0.0903864
0.367321
0.291877
0.040861
0.040231
0.0242303
0.0143722
0.00855212
0.0598328
0.310341
0.248901
0.0769951
0.035539
0.0499011
0.107281
0.0239052
0.127865
0.302217
0.220929
0.0873779
0.0483998
0.0342139
0.00838179
0.00554164
0.12238
0.314794
0.227841
0.0541656
0.0314494
0.0188303
0.00759896
0.0129503
0.159449
0.506356
0.336522
0.0975022
0.0632847
0.0751651
0.0811915
0.0167458
0.0582873
0.200619
0.136795
0.146035
0.103898
0.0685899
0.0256406
0.00648515
0.0191548
0.129996
0.102539
0.0231853
0.0120807
0.0153182
0.00262746
0.00586649
0.0726899
0.480401
0.273773
0.0285289
0.0171503
0.024326
0.00696591
0.000710505
0.0422116
0.601188
0.305944
0.1062
0.0607996
0.088668
0.064551
0.0110762
0.0395593
0.0520084
0.0584162
0.0581459
0.205634
0.332539
0.13448
0.045002
0.0649382
0.0580972
0.0367973
0.0371963
0.0264899
0.0683734
0.0750112
0.0265921
0.0409599
0.390873
0.250848
0.0247823
0.055328
0.197903
0.133044
0.0464141
0.0920462
0.59626
0.196366
0.0376079
0.153432
0.144775
0.0570156
0.20704
0.035325
0.0229172
0.0148815
0.0182354
0.022895
0.0130547
0.149391
0.503204
0.0493013
0.0146289
0.00864489
0.0370745
0.0232779
0.0802966
0.092623
0.163365
0.0503212
0.350959
0.0959926
0.0340188
0.00958606
0.0227946
0.261077
0.540614
0.0321097
0.0747457
0.0442152
0.005358
0.00441935
0.00399242
0.173176
0.394542
0.0269845
0.0154684
0.00960394
0.00339868
0.00390771
0.0176897
0.202638
0.35054
0.0416404
0.00542616
0.00240099
0.00808467
0.017556
0.015361
0.268351
0.492148
0.0167442
0.00992491
0.00836673
0.00944638
0.0156308
0.0160234
0.238655
0.424606
0.0715728
0.026942
0.00688884
0.110253
0.256301
0.343176
0.0726606
0.0327359
0.00144042
0.0222378
0.0423261
0.140489
0.270006
0.309839
0.08774
0.028916
0.00438446
0.0366066
0.0584206
0.125503
0.289845
0.370074
0.134418
0.0401439
0.00548534
0.00992615
0.00988817
0.172146
0.213431
0.344917
0.17826
0.0667806
0.0343497
0.0718795
0.0152018
0.130285
0.227112
0.237172
0.0471807
0.0216468
0.00809923
0.0237225
0.0425012
0.199976
0.238223
0.258905
0.0394359
0.00987002
0.0282656
0.0793934
0.1054
0.0921969
0.220832
0.314773
0.128127
0.0617769
0.0510849
0.0631804
0.0377245
0.0825282
0.364752
0.476198
0.136156
0.0392981
0.0226284
0.0170617
0.0710771
0.108944
0.191223
0.207593
0.0629979
0.0262269
0.091622
0.14991
0.139318
0.0672052
0.143698
0.0962403
0.0686558
0.0785763
0.12255
0.465439
0.254921
0.095992
0.255825
0.290625
0.138663
0.0604263
0.0381539
0.0291253
0.0818793
0.125441
0.270546
0.177635
0.184055
0.148611
0.0633453
0.0938073
0.0943111
0.0382235
0.0442161
0.0219478
0.0163526
0.0260022
0.0562821
0.37356
0.202323
0.0745676
0.025431
0.00375229
0.00460221
0.00771026
0.0417778
0.586509
0.363426
0.0719396
0.126545
0.0686827
0.0938338
0.091526
0.0355619
0.103485
0.0821597
0.120716
0.121826
0.0543515
0.147609
0.0745957
0.070357
0.269168
0.194042
0.0275512
0.00449645
0.00434345
0.0120234
0.0129042
0.0284408
0.339114
0.200366
0.0105527
0.0025071
0.00862943
0.0155062
0.0113961
0.0543723
0.609528
0.166023
0.0554869
0.0365107
0.0280935
0.0617508
0.0303672
0.0580476
0.240071
0.0933925
0.0536106
0.0253239
0.015001
0.0129031
0.0138445
0.082427
0.512482
0.135498
0.0537388
0.00120507
0.00799128
0.0377792
0.0382113
0.0553212
0.528816
0.133621
0.104562
0.00705276
0.0299195
0.20292
0.256851
0.0320175
0.161121
0.10055
0.0745321
0.00664513
0.00733921
0.0115674
0.00369581
0.0706276
0.464611
0.233936
0.179701
0.0134382
0.0376488
0.114928
0.0658445
0.0653876
0.206371
0.282116
0.0429617
0.0134702
0.0451778
0.318479
0.442748
0.0372788
0.0114042
0.020431
0.00880893
0.0209155
0.0481073
0.269963
0.374739
0.0822779
0.0685031
0.01273
0.129212
0.0357507
0.0607021
0.271557
0.267605
0.081856
0.0669048
0.0971353
0.0663246
0.0857069
0.0775949
0.218391
0.281892
0.0884993
0.104971
0.0681578
0.0902644
0.226053
0.246564
0.11766
0.0344857
0.0210058
0.0176177
0.0648445
0.162745
0.305652
0.204114
0.11233
0.0596748
0.0337877
0.053363
0.0393994
0.184311
0.121457
0.100176
0.0881011
0.0252068
0.0860447
0.121347
0.377708
0.369156
0.332661
0.137081
0.0532639
0.0304376
0.0311189
0.0590175
0.249942
0.0878839
0.300611
0.259552
0.13154
0.0471973
0.0521958
0.059219
0.0289688
0.104383
0.242505
0.343827
0.175945
0.0765165
0.0249843
0.0686832
0.0440876
0.217027
0.338952
0.169178
0.0870935
0.02865
0.0353464
0.0693685
0.106322
0.36835
0.184928
0.170277
0.120414
0.0633061
0.0501328
0.133708
0.063782
0.160207
0.171162
0.24377
0.15814
0.0869451
0.0318329
0.0583368
0.0724194
0.178475
0.156536
0.151193
0.199765
0.153601
0.0886235
0.0415678
0.0701763
0.280468
0.117212
0.191078
0.0951746
0.0525208
0.0866995
0.17894
0.163889
0.298001
0.161746
0.154135
0.15488
0.0453082
0.0754187
0.119651
0.378923
0.0633394
0.157392
0.0823401
0.130733
0.142181
0.060433
0.0494803
0.0176555
0.13174
0.287874
0.147852
0.215151
0.0997895
0.0647699
0.105506
0.0276331
0.267304
0.19703
0.0920971
0.125919
0.0770325
0.0257699
0.041485
0.244111
0.374784
0.27947
0.161922
0.101319
0.0974407
0.0269052
0.0674817
0.35274
0.161368
0.215113
0.14253
0.15372
0.0639033
0.0685684
0.120779
0.0268095
0.153066
0.189464
0.131722
0.0739564
0.100704
0.112314
0.344375
0.122392
0.286569
0.238258
0.220916
0.0814517
0.075794
0.0363004
0.0272315
0.208673
0.155036
0.207602
0.244003
0.092535
0.180364
0.0314768
0.132586
0.226849
0.0916117
0.0465337
0.0446246
0.0448801
0.0637396
0.109306
0.259089
0.238506
0.190612
0.0540016
0.044542
0.0530566
0.0288864
0.211966
0.233294
0.351225
0.0593385
0.0623244
0.0481895
0.0468685
0.113442
0.0564398
0.211916
0.31838
0.124775
0.108863
0.0500644
0.0821969
0.054219
0.168157
0.296825
0.35367
0.216402
0.0898979
0.0580269
0.175973
0.144751
0.181895
0.185445
0.134683
0.190083
0.122947
0.0736646
0.214007
0.226939
0.124256
0.153389
0.0870155
0.215729
0.151065
0.0823398
0.123357
0.0674811
0.152104
0.227837
0.178145
0.249825
0.235463
0.127295
0.170008
0.170776
0.107172
0.112374
0.154784