0.0636815
0.106671
0.259344
0.19609
0.131322
0.0162045
0.011568
0.0263467
0.0246233
0.102666
0.169139
0.244563
0.252115
0.0328015
0.0202597
0.0321988
0.0737486
0.0239096
0.0930558
0.405183
0.291389
0.0538015
0.0438802
0.0465241
0.0361885
0.0300776
0.156952
0.421164
0.279917
0.0776654
0.0335749
0.0113544
0.0879295
0.0986629
0.10412
0.127436
0.128354
0.035318
0.0415936
0.0747728
0.33444
0.164815
0.113874
0.0639666
0.0708831
0.0362716
0.103082
0.184815
0.0367851
0.0477067
0.105314
0.198992
0.245537
0.23992
0.111554
0.0280386
0.317145
0.109138
0.0887991
0.0674402
0.178563
0.218993
0.274345
0.346676
0.107778
0.0503285
0.0961851
0.0885117
0.150519
0.0215242
0.0362267
0.106021
0.0123983
0.010571
0.17616
0.334622
0.355984
0.0468588
0.0220466
0.0315853
0.154409
0.0845252
0.0307452
0.0524321
0.143064
0.0703265
0.098418
0.221023
0.0283178
0.0468983
0.0360128
0.23572
0.54823
0.270809
0.0927518
0.0800125
0.0218164
0.0361164
0.128965
0.270874
0.188952
0.0554551
0.0221292
0.00464294
0.0509103
0.105839
0.189981
0.185738
0.181916
0.17815
0.0422354
0.0207998
0.0287078
0.0535635
0.0823879
0.22731
0.37231
0.204022
0.119931
0.0607783
0.108967
0.215452
0.232211
0.319734
0.275758
0.175793
0.188949
0.116357
0.100037
0.078529
0.141843
0.0627419
0.128967
0.157908
0.0699172
0.0860268
0.151356
0.0695531
0.145846
0.056896
0.0499132
0.0995494
0.166432
0.126096
0.118101
0.197557
0.197659
0.295677
0.190346
0.106238
0.162894
0.0996244
0.224396
0.447957
0.197114
0.216896
0.104527
0.129046
0.234463
0.0811055
0.0486571
0.0326796
0.164289
0.0677303
0.0506716
0.0658904
0.0605397
0.0531374
0.133324
0.0504477
0.133204
0.0754989
0.0719466
0.100352
0.0712966
0.159451
0.130049
0.275078
0.25703
0.226297
0.0657943
0.0654525
0.0727944
0.107686
0.248795
0.143912
0.174404
0.115436
0.0985046
0.128971
0.2247
0.589152
0.171698
0.0516905
0.0742276
0.0532606
0.0698498
0.110208
0.0629842
0.114221
0.0927583
0.0695925
0.0939837
0.14577
0.235869
0.138309
0.0825602
0.0486566
0.119342
0.0220975
0.0260963
0.0988909
0.227825
0.220175
0.252317
0.357755
0.0156937
0.0310681
0.0461921
0.286455
0.453515
0.303781
0.106964
0.0742258
0.0580235
0.0046858
0.0182529
0.147595
0.18856
0.0343419
0.0462084
0.041128
0.114294
0.00674726
0.0261685
0.107407
0.10623
0.0204778
0.0608342
0.158679
0.295851
0.00810665
0.0193746
0.0635883
0.159055
0.0755209
0.137932
0.308353
0.580328
0.0219119
0.0115429
0.0361017
0.066881
0.0189195
0.0751552
0.454353
0.110545
0.00654299
0.0118563
0.0295676
0.0417214
0.0597282
0.0458409
0.123338
0.243201
0.0295851
0.00676664
0.00951361
0.0241561
0.0583691
0.0770074
0.194984
0.425612
0.0119884
0.0054917
0.00795988
0.0121555
0.0121925
0.0214993
0.317397
0.640337
0.119696
0.00246063
0.00446646
0.0127412
0.0659525
0.0254219
0.283846
0.217851
0.0539092
0.00925317
0.0371831
0.031538
0.0293132
0.0444514
0.200454
0.0960958
0.0400386
0.0391128
0.156563
0.192845
0.115178
0.0468032
0.158484
0.508632
0.142945
0.0222734
0.0309807
0.0135475
0.0479066
0.0481328
0.312989
0.264821
0.131619
0.130414
0.135679
0.0614947
0.0933167
0.10899
0.440012
0.0860599
0.0319401
0.0387365
0.0784763
0.129121
0.0922811
0.0651535
0.0924691
0.290827
0.113957
0.0710978
0.0904595
0.0575473
0.0681187
0.0891511
0.157932
0.305211
0.16788
0.114001
0.0578522
0.0512534
0.0770053
0.0429237
0.183162
0.595448
0.319564
0.177687
0.0637708
0.0178312
0.0371227
0.0253614
0.243596
0.164202
0.133551
0.0447646
0.0632867
0.0190628
0.0204629
0.0363179
0.0541412
0.135304
0.381427
0.120032
0.0536319
0.0151286
0.0211565
0.0255568
0.0184162
0.36401
0.383375
0.140461
0.0388835
0.00669976
0.0157238
0.0128318
0.0951518
0.247131
0.541722
0.193641
0.0348579
0.0120819
0.0253889
0.00255701
0.0608163
0.12978
0.288232
0.167747
0.0852692
0.0141518
0.0215122
0.0221297
0.0497839
0.139608
0.0936492
0.101242
0.0755867
0.113844
0.0643533
0.129673
0.21367
0.25333
0.520655
0.126803
0.037657
0.0832708
0.115251
0.0605839
0.148875
0.132727
0.0758322
0.0636107
0.197668
0.360175
0.206264
0.159827
0.150823
0.044897
0.00932666
0.00853079
0.121823
0.315081
0.105028
0.114442
0.116393
0.0143771
0.00664591
0.00701317
0.182267
0.373281
0.121458
0.0380232
0.0479627
0.0150584
0.0157117
0.0603525
0.32223
0.498768
0.0821865
0.0584863
0.0256698
0.0533423
0.0760398
0.0988308
0.194351
0.401886
0.0788466
0.0476868
0.0736923
0.181514
0.0236861
0.0469315
0.123233
0.156912
0.0956525
0.119437
0.231539
0.329288
0.0602989
0.0577152
0.119493
0.111554
0.0270364
0.0302741
0.203537
0.0251132
0.0401242
0.129972
0.392791
0.329933
0.16181
0.0626687
0.0273023
0.179946
0.167229
0.130493
0.295158
0.29585
0.11062
0.0213629
0.0549257
0.258633
0.0271622
0.0171923
0.0164379
0.00640162
0.0252623
0.0257711
0.190893
0.318621
0.153727
0.0429374
0.0166641
0.0232322
0.177541
0.0690456
0.143229
0.242328
0.17977
0.146163
0.0459548
0.0316298
0.055852
0.0354292
0.0959291
0.306779
0.390165
0.457735
0.160877
0.0157706
0.108405
0.0666899
0.0776107
0.158953
0.155979
0.0540846
0.00918614
0.00794936
0.0605032
0.04102
0.062376
0.127283
0.266096
0.15678
0.0455721
0.00675182
0.042187
0.0494383
0.0965997
0.182489
0.390472
0.243745
0.0547928
0.00738121
0.0285088
0.0191472
0.0193595
0.337939
0.572502
0.247237
0.0327177
0.00734693
0.00816481
0.00632489
0.0170224
0.135915
0.190517
0.104887
0.0278441
0.0134655
0.0263006
0.010434
0.0459546
0.238325
0.420438
0.182834
0.0321095
0.0125567
0.00990453
0
0.0622625
0.273402
0.438228
0.110333
0.0441798
0.00661699
0.0158425
0.00735054
0.0215071
0.281748
0.438228
0.19976
0.0366036
0.0241327
0.0168941
0.0238955
0.13792
0.133954
0.428236
0.12961
0.0156053
0.00820978
0.00426598
0
0.0254842
0.152063
0.428236
0.0951068
0.016721
0.0064904
0.0128203
0.00227225
0.029884
0.186165
0.428236
0.118368
0.0225545
0.0417327
0.00561976
0.0112528
0.107008
0.183926
0.428236
0.207632
0.0946856
0.0308022
0.00784581
0.0437906
0.0587888
0.13904
0.346077
0.0645691
0.0866271
0.130672
0.0684444
0.0290819
0.0744984
0.0434586
0.0284525
0.0245949
0.250024
0.381775
0.10143
0.0480484
0.0520391
0.12899
0.159966
0.182499
0.197443
0.208627
0.0139456
0.0726531
0.0532724
0.0355822
0.0112304
0.0488839
0.402172
0.463544
0.0239037
0.0267966
0.0184591
0.0058846
0.00964968
0.0452467
0.267073
0.388126
0.0422666
0.0167209
0.0123071
0.0638407
0.0503888
0.0734914
0.115379
0.230375
0.0399971
0.042992
0.11173
0.00497714
0.0033655
0.0236909
0.294576
0.531854
0.0629631
0.00452184
0.0123959
0.0667699
0.0104116
0.0151219
0.105939
0.439106
0.0916483
0.0928986
0.163051
0.0191484
0.0226628
0.0902413
0.194746
0.286615
0.0744215
0.0308913
0.0298731
0.179311
0.141092
0.119641
0.125267
0.226188
0.0949209
0.0511221
0.111019
0.105515
0.0336094
0.0691842
0.239371
0.318184
0.0631268
0.0583052
0.1156
0.318671
0.138154
0.162998
0.106217
0.18458
0.0872582
0.16157
0.463148
0.156709
0.135249
0.124386
0.0294995
0.0350534
0.0181456
0.0457673
0.054917
0.171246
0.276286
0.260347
0.105716
0.0589566
0.021098
0.0598673
0.0588358
0.112311
0.0981739
0.0909347
0.0451629
0.06641
0.113111
0.296128
0.236187
0.162386
0.167579
0.117777
0.145725
0.119089
0.223414
0.522535
0.258933
0.100655
0.306704
0.165085
0.0504591
0.0287163
0.0241461
0.0227014
0.0221027
0.193784
0.437125
0.144763
0.0430096
0.0151553
0.0183206
0.01731
0.0131254
0.0777435
0.177504
0.0934397
0.0643193
0.0511397
0.150494
0.429569
0.0853435
0.0678702
0.226051
0.103352
0.0809983
0.0317912
0.133854
0.437125
0.13203
0.236345
0.319562
0.135278
0.114172
0.0166312
0.0454932
0.0200769
0.032406
0.333317
0.193359
0.171344
0.0913087
0.0261958
0.0722837
0.0472145
0.200255
0.110888
0.164562
0.166845
0.147683
0.0325682
0.121962
0.184081
0.171715
0.422118
0.255419
0.182568
0.0750906
0.0182409
0.0954327
0.0808963
0.245645
0.287031
0.194562
0.116812
0.0541434
0.0644503
0.0249458
0.0204978
0.164452
0.156732
0.200762
0.234433
0.17566
0.0677413
0.026667
0.099199
0.139855
0.338111
0.152446
0.130875
0.0706765
0.033291
0.022113
0.0483788
0.251536
0.232838
0.357528
0.306211
0.178661
0.058652
0.0331251
0.0918304
0.228207
0.0652357
0.0724681
0.127666
0.227443
0.126132
0.0443133
0.135433
0.0829446
0.019299
0.0222476
0.0593275
0.407895
0.355635
0.0528708
0.043854
0.00661148
0.178487
0.271986
0.15235
0.232496
0.124982
0.0839038
0.0836416
0.0939658
0.0390851
0.0726324
0.0985124
0.470839
0.252295
0.0759698
0.0397924
0.00670849
0.0134547
0.00930019
0.0545592
0.248465
0.450658
0.0891172
0.00475709
0.0171157
0.0845247
0.00913265
0.027023
0.0758446
0.320493
0.100307
0.101399
0.231756
0.0422735
0.0297127
0.0926297
0.34648
0.327469
0.0772342
0.0140944
0.0228702
0.229198
0.0503862
0.0861983
0.137296
0.195362
0.0523283
0.0522256
0.325039
0.0721492
0.0438002
0.114655
0.280749
0.239269
0.0674324
0.022586
0.0615684
0.159979
0.101395
0.144708
0.183323
0.252011
0.148578
0.0854713
0.20733
0.0521564
0.0592982
0.111632
0.225832
0.190474
0.194253
0.0707441
0.10079
0.0533726
0.0513409
0.0762998
0.129833
0.287647
0.454069
0.157223
0.19381
0.0542297
0.0712261
0.0492467
0.0531279
0.100702
0.102683
0.171526
0.125459
0.151566
0.0685645
0.0270638
0.0568412
0.0708604
0.165292
0.501965
0.311412
0.0613099
0.0489793
0.0374899
0.0422976
0.0883364
0.108598
0.0792862
0.205259
0.244022
0.0575824
0.0229584
0.0334986
0.0489352
0.0886149
0.233033
0.501965
0.0634947
0.0264044
0.00798602
0.0162254
0.0137084
0.16553
0.434486
0.130674
0.024571
0.0180889
0.0108033
0.0188475
0.0106886
0.22094
0.434486
0.164305
0.169326
0.0540093
0.0131501
0.00564246
0.00571916
0.144449
0.238702
0.234425
0.0814542
0.0647925
0.112808
0.0553586
0.010958
0.262007
0.415767
0.139791
0.0446714
0.0446353
0.0333934
0.0221523
0.00947694
0.134418
0.397977
0.156813
0.136623
0.118178
0.0514784
0.0150129
0.00665885
0.0616622
0.34285
0.175833
0.0327348
0.0195343
0.0734852
0.0511274
0.0181139
0.182554
0.440723
0.143647
0.0395958
0.0151603
0.0134271
0.0229589
0.0109294
0.149884
0.466789
0.24155
0.0853747
0.0617741
0.0726829
0.105728
0.0476175
0.0262371
0.149578
0.131818
0.0888609
0.23231
0.260511
0.184348
0.153228
0.0787501
0.11326
0.0865222
0.0111849
0.00955849
0.0267298
0.0846865
0.069186
0.125657
0.475551
0.159226
0.0213528
0.072923
0.0955899
0.148082
0.200382
0.211762
0.475551
0.202152
0.0966183
0.171835
0.124287
0.196006
0.232485
0.0608238
0.0614457
0.0440856
0.0214627
0.0307331
0.0307072
0.316961
0.27199
0.027563
0.0148148
0.00865757
0.0392768
0.0948076
0.0720684
0.241415
0.24768
0.107493
0.389992
0.137798
0.0183437
0.0502095
0.0613984
0.415303
0.349918
0.0124335
0.0357429
0.0342477
0.0138979
0.0158228
0.0330994
0.326945
0.286158
0.0230756
0.00857601
0.00461846
0.0760587
0.0296768
0.0752823
0.229717
0.207865
0.0261781
0.0255085
0.0912258
0.000566186
0.00629065
0.023066
0.5233
0.364832
0.0107368
0.00322954
0
0.00766172
0.0149568
0.051937
0.420987
0.22257
0.0123614
0.0227879
0.00770791
0.139767
0.0110024
0.00783018
0.01563
0.0356264
0.036659
0.0271347
0.172971
0.163794
0.00317653
0.00261199
0.00469448
0.0442172
0.0890425
0.0596517
0.303753
0.370451
0.0042196
0.00211783
0.00164077
0.00431969
0.00115506
0.0066294
0.460085
0.455904
3.68146e-005
0
0.000841199
0.00542803
0.00355579
0.0120399
0.460085
0.136731
0.00209131
0.00245385
0.00266986
0.00898729
0.0265333
0.0255634
0.293357
0.223214
0.00377189
0.00136571
0.00295389
0.00307893
0.0114079
0.0203892
0.414311
0.311845
0
0
0
0.000533661
0.000829645
0.0024462
0.43407
0.393327
0
0
0
0
0.00088555
0.00120659
0.43407
0.256881
0.0356283
0.0147654
0.00274972
0.000797531
0.0222052
0.0316344
0.319157
0.154591
0.0923626
0.154412
0.0753025
0.0298533
0.104009
0.129169
0.13698
0.375821
0.00878523
0.00232623
0.00543446
0.00873275
0.0258828
0.0567017
0.456166
0.189212
0.0366814
0.0364063
0.155105
0.240761
0.219756
0.221064
0.322343
0.0489372
0.0560011
0.141142
0.142517
0.105958
0.131097
0.190307
0.11801
0.0461783
0.0367789
0.0447174
0.0681029
0.074024
0.174378
0.53818
0.195217
0.0243763
0.0321236
0.0435935
0.303259
0.41689
0.159914
0.113306
0.0650896
0.0177476
0.0529202
0.0808735
0.206606
0.226098
0.0605293
0.16393
0.0537766
0.00828868
0.00849285
0.00593839
0.0080685
0.0158261
0.139283
0.486873
0.103397
0.022937
0.0116506
0.00174446
0.0157906
0.0311494
0.187736
0.486873
0.195174
0.0167465
0.0322905
0.033346
0.0437758
0.0235301
0.085687
0.245315
0.0381815
0.0255914
0.0415734
0.00735297
0.00736204
0.0102613
0.157892
0.486873
0.183177
0.0823385
0.0698688
0.058758
0.090969
0.0680369
0.0996443
0.459161
0.196063
0.0673345
0.0867785
0.114351
0.323759
0.189269
0.0175798
0.0550076
0.0785427
0.0635616
0.0499453
0.0313377
0.0241404
0.0251955
0.158384
0.448076
0.248975
0.077164
0.102239
0.106554
0.249144
0.107168
0.129421
0.249527
0.119176
0.00771915
0.0175578
0.0379097
0.443674
0.257643
0.00973453
0.00101959
0.000320495
0.0172855
0.0229874
0.0307543
0.337031
0.148618
0.000651894
0.00622977
0.0059278
0.0229383
0.0543461
0.0861061
0.519039
0.279974
0.0230819
0.0465732
0.0265493
0.029582
0.032733
0.0468202
0.354069
0.230024
0.0112685
0.010403
0.0120296
0.345126
0.0127508
0.0135501
0.0062303
0.00300474
0.00273151
0.0155717
0.432656
0.453219
0.00486698
0.00653849
0.00138182
0.00214631
0.0032621
0.00772865
0.579249
0.135026
0.024325
0.0226125
0.0120547
0.010147
0.0402764
0.0430317
0.155984
0.121785
0.0580795
0.0378557
0.0117173
0.00858526
0.0203219
0.0252796
0.115644
0.309025
0.00562277
0.00738496
0.00118407
0.000345401
0.000322968
0.00180656
0.467377
0.362713
0.00508839
0.0116861
0.00482156
0.00130532
0.00710091
0.00915267
0.64536
0.0893729
0.0410299
0.0243666
0.0049265
0.0013816
0.00100378
0.0194112
0.107826
0.133708
0.0436427
0.0282777
0.0113676
0.00347817
0.00526518
0.032893
0.169376
0.152116
0.000495142
0.00351753
0.0404767
0.0326546
0.0279566
0.0399211
0.27136
0.0600113
0
0.000731651
0.413266
0.362151
0.143653
0.107696
0.147641
0.0454169
0.0481016
0.0445707
0.0857867
0.0510372
0.00583967
0.0101736
0.0807631
0.00718553
0.0559988
0.168045
0.48554
0.445976
0.0274714
0.00513786
0.0274321
0.00274005
0.00187963
0.00460658
0.43518
0.370173
0.0702733
0.0364143
0.0188652
0.00194448
0.0150491
0.0367623
0.227401
0.16595
0.00861789
0.00463252
0.00180073
0.00176794
0.0127639
0.0868171
0.51762
0.377454
0.0536529
0.0171793
0.000192439
0.0086095
0.0444697
0.0657888
0.292486
0.139339
0.039681
0.0267366
0.0016537
0.0209238
0.0750257
0.0879523
0.257879
0.146449
0.0833214
0.119775
0.0290095
0.0399341
0.158581
0.07611
0.0835432
0.0638557
0.212232
0.482325
0.286584
0.0339101
0.166878
0.191866
0.284825
0.143696
0.0619427
0.104869
0.0268867
0.0382683
0.101634
0.0939791
0.112043
0.102938
0.222163
0.25702
0.106334
0.0310169
0.0512064
0.0472714
0.0719788
0.0639246
0.232799
0.387442
0.197378
0.120051
0.113248
0.152337
0.258749
0.121428
0.272807
0.44214
0.207256
0.0221969
0.0173091
0.0555674
0.1434
0.123693
0.103675
0.0883024
0.0547192
0.0994512
0.0587476
0.0960993
0.185144
0.194888
0.159556
0.162054
0.0958375
0.0581838
0.0747091
0.201683
0.472212
0.190347
0.083417
0.104775
0.0862357
0.0196067
0.0238318
0.115615
0.350482
0.233161
0.0829407
0.034491
0.00994412
0.0477449
0.046756
0.110805
0.140886
0.213657
0.288389
0.147884
0.0504876
0.000756114
0.0257471
0.109405
0.14451
0.259048
0.290162
0.126828
0.0246937