0.028216
0.290469
0.310849
0.0346956
0.00691642
0.00146878
0.00288487
0.0123956
0.0274004
0.334461
0.321261
0.0149237
0.00591341
0.00898301
0.00199897
0.00431461
0.0349253
0.312806
0.325112
0.0411605
0.00924442
0.0173582
0.0162912
0.0225645
0.0198312
0.392033
0.420826
0.0387952
0.00580112
0.0126397
0.0041226
0.00725965
0.0140203
0.284398
0.24463
0.0103673
0.00484644
0.0112902
0.00238665
0.00149596
0.0191885
0.391052
0.304443
0.0233161
0.012249
0.0131726
0.00682285
0.00558092
0.0101331
0.388415
0.313218
0.0306286
0.0117692
0.0189649
0.00564802
0.0076769
0.0291093
0.450931
0.305614
0.0292685
0.0168426
0.0255541
0.0206615
0.00366932
0.0246707
0.305444
0.259508
0.0367445
0.0192506
0.00614112
0.00910697
0.0111217
0.0224487
0.345164
0.294764
0.0458127
0.0148427
0.00650067
0.00785517
0.020467
0.0681235
0.337524
0.250657
0.0776661
0.0112777
0.00678179
0.0086115
0.00647816
0.052591
0.43463
0.411267
0.075612
0.00455489
0
0.0060545
0.035881
0.0480475
0.298115
0.291039
0.0505521
0.00426215
0.00332083
0.00163194
0.0157094
0.116823
0.32427
0.295692
0.0721944
0.0194784
0.0155761
0.000173471
0.0048422
0.0491661
0.40861
0.349982
0.0715162
0.00246275
0.000125735
0.00751442
0.0299785
0.169072
0.303912
0.315925
0.103795
0.0220739
0.0226981
0.00701731
0.00905419
0.0790996
0.177659
0.159873
0.0728292
0.0111284
0.019771
0.0057851
0.0124758
0.10859
0.226885
0.293916
0.074138
0.00315554
0.013263
0.0165011
0.0348406
0.0928231
0.215303
0.217134
0.0624948
0.0235939
0.0475309
0.00999711
0.00475658
0.106919
0.579059
0.484475
0.104217
0.0111178
0.0294712
0.00643962
0.0174052
0.0881724
0.21777
0.226728
0.0353133
0.0180635
0.00313002
0.0229652
0.0263005
0.0577584
0.265346
0.192792
0.0283883
0.0696132
0.0217392
0.0410373
0.019303
0.1393
0.526805
0.357349
0.089139
0.00717016
0.00138102
0.0110111
0.0175405
0.100371
0.43265
0.219088
0.0372458
0.100512
0.102365
0.0590357
0.013339
0.0932564
0.290296
0.219002
0.0508785
0.104865
0.0545355
0.036772
0.00928842
0.10179
0.285742
0.239666
0.104886
0.0703089
0.0406082
0.0300097
0.0746376
0.0917549
0.355857
0.177296
0.0287731
0.1909
0.24147
0.0800921
0.0260387
0.146508
0.369895
0.27316
0.11632
0.156451
0.0726239
0.0451486
0.082542
0.0316754
0.253996
0.251887
0.0242116
0.0089147
0.00875618
0.0103671
0.0211431
0.0194349
0.336536
0.297126
0.0354315
0.0096316
0.0181589
0.00204137
0.0112247
0.0694491
0.406578
0.362797
0.0419977
0.0145503
8.27826e-005
0.00113169
0.0056064
0.0452683
0.45761
0.296326
0.06857
0.0200607
0.0174961
0.00210882
0.0281094
0.0228816
0.363614
0.23381
0.0511862
0.0119314
0.0318473
0.00590341
0.0132144
0.056913
0.377831
0.256385
0.0714159
0.0101011
0.0299665
0.0156301
0.00555491
0.0555477
0.371465
0.263271
0.100117
0.0184284
0.0219991
0.00427004
0.0386848
0.127661
0.337289
0.382946
0.133599
0.0138416
0.0103339
0.0101361
0.0348364
0.064808
0.260039
0.24396
0.062978
0.00826267
0.00540871
0.00409841
0.00593526
0.0600612
0.324476
0.352983
0.0335655
0.0135955
0.013557
0.00508561
0.0270607
0.101592
0.270901
0.351342
0.0866086
0.00968461
0.00175609
0.00551176
0.020499
0.159614
0.358713
0.419257
0.113579
0.0363475
0.0316365
0.00473319
0.0417929
0.0289407
0.21741
0.190377
0.0229153
0.0101509
0.0108358
0.0075255
0.0218984
0.0959797
0.207908
0.230953
0.0305726
0.0183926
0.0471829
0.0116068
0.0181555
0.153124
0.329263
0.315387
0.055501
0.0458398
0.0356598
0.00564846
0.0283094
0.237005
0.468094
0.470832
0.0310688
0.0304404
0.0701135
0.0129159
0.0233788
0.0786078
0.201177
0.20451
0.0179249
0.0150925
0.055812
0.0143102
0.00614417
0.0877939
0.42299
0.292137
0.0285321
0.00929537
0.0280301
0.0100916
0.0114189
0.213006
0.364744
0.281865
0.0100015
0.00389062
0.0465516
0.0150487
0.0143056
0.21908
0.454457
0.242243
0.00479216
0.00194848
0.0107699
0.0172659
0.0348228
0.140868
0.497338
0.23464
0.0402541
0.0221561
0.00276351
0.00126303
0.051275
0.108563
0.244509
0.0990593
0.0710819
0.134317
0.0770392
0.0143678
0.0724865
0.183553
0.379864
0.142194
0.0870354
0.122176
0.0058691
0.00876612
0.091291
0.0832671
0.0867036
0.0519107
0.316491
0.353739
0.0283576
0.0112432
0.0979339
0.0829873
0.127298
0.0831121
0.123368
0.178074
0.161155
0.0216446
0.0437498
0.148674
0.183459
0.121158
0.140473
0.165608
0.0594649
0.0249638
0.062176
0.083643
0.0203421
0.082654
0.461341
0.32321
0.0483015
0.0163962
0.116236
0.242947
0.120424
0.082347
0.369182
0.23469
0.0546257
0.0145868
0.19954
0.0748359
0.399266
0.333515
0.0623464
0.011611
0.000158581
0.0052768
0.0258204
0.0667413
0.379167
0.272722
0.0985463
0.0199583
0.0106094
0.0164237
0.0779401
0.145089
0.269054
0.207224
0.0470708
0.00627745
0.0291352
0.0522547
0.22531
0.216526
0.238575
0.157655
0.0676756
0.0435461
0.0663433
0.0997199
0.264999
0.0461573
0.21767
0.21582
0.0865739
0.0182339
0.00802881
0.0114987
0.0632605
0.0793868
0.272688
0.355316
0.0945265
0.0121554
0.00983572
0.0221559
0.0477034
0.16074
0.165568
0.137343
0.106307
0.057542
0.0731942
0.0574434
0.204175
0.199082
0.567562
0.278975
0.093542
0.0544724
0.0804227
0.0160813
0.115527
0.0826236
0.164474
0.233395
0.0732558
0.0047767
0.0237994
0.0165656
0.054111
0.181447
0.251792
0.24127
0.16081
0.0207873
0.0232983
0.00589857
0.057419
0.169637
0.473723
0.240836
0.0350808
0.0116601
0.0494207
0.0146755
0.0592596
0.249876
0.428398
0.276837
0.0862266
0.0095425
0.0259301
0.0101146
0.0890799
0.22477
0.30139
0.244868
0.0761023
0.0273049
0.0150298
0.00400983
0.0340487
0.243938
0.397039
0.313868
0.016591
0.0146134
0.0195798
0.00798591
0.0259989
0.18758
0.288953
0.236144
0.083173
0.0173209
0.00349052
0.00643354
0.0737508
0.204114
0.297543
0.285425
0.0756422
0.0408078
0.0499579
0.0044908
0.0432328
0.197375
0.344527
0.20087
0.00444403
0
0.0126381
0.00870702
0.0165324
0.208843
0.33698
0.235037
0.0170404
0.00332374
0.00554296
0.00942112
0.0427319
0.164194
0.314839
0.237213
0.0256985
0.0379189
0.0480013
0.00686234
0.0273596
0.164816
0.390358
0.378002
0.0604769
0.0331128
0.0231044
0.0112845
0.0636435
0.128871
0.170627
0.125346
0.135964
0.132838
0.00376297
0.00466371
0.078567
0.0376901
0.0342045
0.0324864
0.340379
0.37157
0.00827471
0.00751151
0.0444754
0.161233
0.202864
0.203545
0.186125
0.156644
0.0294512
0.00315136
0.0931599
0.0598135
0.0328844
0.0402371
0.342866
0.502328
0.0808096
0.00810888
0.04052
0.0231559
0.013628
0.038845
0.329521
0.275267
0.0172224
0.0115305
0.0469462
0.108814
0.108378
0.0332517
0.230911
0.219892
0.0521166
0.0238284
0.0849698
0.00498437
0.016957
0.0398595
0.259036
0.4617
0.119477
0.00894192
0.00498437
0.0300473
0.046385
0.0343111
0.256424
0.42007
0.182366
0.0713569
0.0277703
0.150823
0.181214
0.124689
0.0577201
0.00359132
0.0564991
0.058641
0.163964
0.21853
0.229191
0.102395
0.0607269
0.0324756
0.112296
0.110297
0.21631
0.155439
0.292121
0.145856
0.141001
0.0790661
0.0514165
0.0640903
0.0897714
0.132796
0.568476
0.260001
0.101367
0.0384147
0.127764
0.139756
0.0890111
0.140807
0.23487
0.0681316
0.0838938
0.04561
0.0943501
0.0648969
0.163664
0.187786
0.585074
0.101168
0.0491888
0.0432649
0.0762148
0.00397754
0.0718412
0.0839965
0.384159
0.116792
0.0642524
0.0289367
0.0840514
0.0864665
0.0853692
0.100005
0.39968
0.0725153
0.0420997
0.114557
0.069568
0.0777196
0.0868738
0.170937
0.563104
0.141047
0.00720512
0.0124926
0.0260126
0.0039018
0.017132
0.15393
0.448386
0.18485
0.0421776
0.0393054
0.0127928
0.0075529
0.0709449
0.106369
0.331376
0.0958186
0.0109514
0.0613497
0.0589777
0.0994884
0.104681
0.0830262
0.275461
0.101347
0.0622663
0.117848
0.0596064
0.104123
0.101518
0.105848
0.248498
0.196527
0.112191
0.118167
0.0107101
0.0163968
0.0887904
0.232103
0.243621
0.215818
0.138858
0.148185
0.055686
0.020939
0.0481139
0.136582
0.246188
0.102112
0.125735
0.222262
0.0597384
0.106923
0.0808766
0.515563
0.198668
0.0994894
0.133462
0.163165
0.0284048
0.0970659
0.142681
0.180623
0.251256
0.184269
0.0970857
0.128879
0.0895133
0.0248311
0.0500646
0.20683
0.294368
0.241384
0.085234
0.108652
0.0978214
0.0557055
0.13123
0.342479
0.0946073
0.0889413
0.127674
0.112591
0.0524593
0.116053
0.198501
0.202296
0.195443
0.233048
0.130907
0.145641
0.0826848
0.215511
0.24206
0.171027
0.119258
0.0770817
0.101567
0.11377
0.0824477
0.0194889
0.0798866
0.0492761
0.0178249
0.0227595
0.244273
0.445671
0.138411
0.0210163
0.0184465
0.170164
0.17731
0.155012
0.0845064
0.158996
0.0980658
0.0663539
0.0789828
0.0575432
0.0606757
0.0391341
0.250593
0.563617
0.156222
0.0518409
0.00567354
0
0.00388288
0.0229906
0.184602
0.361169
0.113324
0.0211987
0
0.00303626
0.00275057
0.024371
0.219547
0.356968
0.123373
0.0401922
0.0211157
0.0013698
0.0136696
0.0217695
0.217348
0.416991
0.125463
0.0361859
0.0013698
0.00340746
0.00703953
0.0360184
0.27446
0.468347
0.0862976
0.0280813
0.0154287
0.126832
0.206993
0.103814
0.198576
0.168203
0.0992738
0.0643084
0.0880171
0.0843981
0.302343
0.13673
0.127091
0.0894185
0.13084
0.172288
0.0978763
0.224677
0.306489
0.264944
0.196684
0.101012
0.103831
0.0245228
0.0975595
0.200241
0.282642
0.215555
0.231171
0.097811
0.0722124
0.0784098
0.203193
0.102171
0.189996
0.0583196
0.0386338
0.0464249
0.179894
0.146253
0.111457
0.145725
0.130792
0.0150647
0.0298876
0.122135
0.193097
0.244481
0.168171
0.267947
0.234801
0.147863
0.124067
0.0858137
0.135195
0.109845
0.182801
0.34644
0.210011
0.0652762
0.143172
0.22185
0.253704
0.242102
0.129694
0.086995
0.0736991
0.0150133
0.00858951
0.0535803
0.114488
0.246717
0.203251
0.0736131
0.071053
0.0325718
0.0488159
0.0849027
0.142349
0.323896
0.283843
0.159164
0.10106
0.0356791
0.0585393
0.115728
0.162547
0.259564
0.142212
0.157003
0.0661061
0.032667
0.0108751
0.0348583
0.20638
0.466175
0.323346
0.106235
0.0947965
0.0639453
0.0756397
0.0871518
0.113965
0.193561
0.175279
0.252915
0.0632752
0.0471286
0.0727003
0.0416178
0.0428357
0.111918
0.139302
0.090101
0.0207092
0.0239087
0.0214733
0.0197307
0.143086
0.429006
0.281922
0.0768485
0.00935751
0.0126803
0.021631
0.0108474
0.0906669
0.514599
0.347467
0.138171
0.0396799
0.0504754
0.0585817
0.0370912
0.0355431
0.0891657
0.100691
0.0448738
0.197968
0.338325
0.0840366
0.0682224
0.0389295
0.16111
0.094279
0.047769
0.0283953
0.0317892
0.0600394
0.0420979
0.0982373
0.376531
0.249255
0.0285027
0.0973147
0.203497
0.0995776
0.0741305
0.243417
0.515171
0.22759
0.0481416
0.144093
0.219503
0.0720361
0.165726
0.0448733
0.0480798
0.0344685
0.0274047
0.0322289
0.0353985
0.248678
0.433622
0.0711164
0.0187224
0.00303953
0.0206539
0.0511578
0.11134
0.090363
0.176117
0.153088
0.277046
0.109256
0.0199845
0.0261374
0.0299357
0.449628
0.419122
0.0428392
0.0618333
0.0237981
0.00516737
0.0190784
0.058712
0.226454
0.321091
0.061933
0.0132239
0.00516737
0.00409061
0.0356085
0.104082
0.274152
0.300939
0.0426224
0.00661816
0.00336244
0.00519531
0.0157227
0.0851162
0.468589
0.317753
0.0135403
0.0134507
0.00560638
0.00348601
0.0454619
0.160821
0.313415
0.327954
0.023019
0.0395764
0.0168191
0.157187
0.230345
0.29856
0.105714
0.0432777
0.0253852
0.0124044
0.0499772
0.170587
0.32372
0.249813
0.162237
0.0564683
0.0446945
0.0235736
0.0805702
0.116344
0.289477
0.315045
0.11784
0.0551651
0.025805
0.0260426
0.041123
0.152574
0.305354
0.334709
0.179734
0.0465789
0.126688
0.0396878
0.0891038
0.149066
0.210127
0.145167
0.157404
0.0938966
0.0632233
0.0493632
0.0994642
0.145352
0.189194
0.143402
0.249656
0.213194
0.10514
0.100482
0.0663643
0.115448
0.170029
0.288243
0.220736
0.0752131
0.108676
0.0407672
0.131815
0.148525
0.181981
0.42259
0.311773
0.0942445
0.0596947
0.0536091
0.100841
0.105111
0.166362
0.156143
0.13839
0.111248
0.133267
0.18066
0.0458042
0.0934325
0.109913
0.133036
0.0354749
0.0604854
0.186327
0.389117
0.16163
0.160644
0.136
0.303608
0.22442
0.0554606
0.0833663
0.12698
0.0565173
0.17679
0.156553
0.320851
0.233536
0.0725042
0.0911525
0.226566
0.0836404
0.039536
0.0384214
0.04507
0.0213434
0.0344139
0.0668982
0.340092
0.160123
0.072809
0.0103721
0.0192454
0.0399765
0.0157535
0.0760324
0.482512
0.354455
0.0914671
0.0990426
0.241053
0.140616
0.0443511
0.0211116
0.169364
0.0832093
0.13371
0.0915137
0.266357
0.217069
0.0252025
0.0583791
0.226471
0.253304
0.0481051
0.00175452
0.00354016
0.0226251
0.00751338
0.0841022
0.304588
0.25725
0.042746
0.00414132
0.00772634
0.0143497
0.0118261
0.17546
0.466357
0.274871
0.0579092
0.0424399
0.0814207
0.0867872
0.00556054
0.0674531
0.187479
0.264877
0.0809059
0.0336599
0.0242587
0.0169582
0.00817559
0.103228
0.426087
0.327903
0.0495045
0.033153
0.0229502
0.0267954
0.0596223
0.171653
0.397043
0.184023
0.0432166
0.0737357
0.0495719
0.243736
0.289426
0.0646399
0.140776
0.0777627
0.106983
0.0322724
0.0140174
0.0133519
0.0121563
0.118272
0.441816
0.301734
0.0854543
0.0724848
0.0614571
0.0933028
0.184657
0.0957575
0.231968
0.275393
0.006849
0.0276356
0.0396819
0.303118
0.385301
0.0249358
0.0186331
0.0211085
0.0218309
0.0103402
0.0448899
0.182445
0.339389
0.0709014
0.102614
0.0833084
0.0349506
0.0324065
0.0470777
0.185458
0.413176
0.113238
0.0595702
0.101858
0.060122
0.0394483
0.0950367
0.158215
0.372246
0.192225
0.103015
0.161198
0.0796357
0.151158
0.230263
0.0953232
0.0430668
0.0131691
0.0184209
0.0554255
0.0841603
0.124345
0.342425
0.19098
0.0403945
0.0416591
0.0144384
0.0816846
0.0893069
0.228918
0.213654
0.139253
0.096154
0.0327891
0.0262039
0.042554
0.0978689
0.244744
0.624495
0.209216
0.0373741
0.0102701
0.0325792
0.0614395
0.0720693
0.16793
0.339983
0.180387
0.0498938
0.0284344
0.00697566
0.0631025
0.097299
0.194368
0.339629
0.11883
0.0541586
0.0197746
0.0148906
0.0578982
0.0992996
0.240658
0.477384
0.195103
0.0616662
0.00689268
0.0133968
0.0738733
0.0845277
0.256066
0.308691
0.13929
0.105194
0.0181654
0.0201334
0.0807053
0.175433
0.148745
0.248571
0.188975
0.0548779
0.0204937
0.0388456
0.0656478
0.18951
0.192381
0.26087
0.276063
0.0496219
0.0210789
0.0418925
0.0494883
0.138437
0.319256
0.267675
0.13915
0.143539
0.0229745
0.0161675
0.07014
0.129533
0.252486
0.32831
0.24362
0.133815
0.0657392
0.0159603
0.0293825
0.0738981
0.122899
0.314467
0.156151
0.0143196
0.012074
0.0243353
0.0182671
0.127747
0.1692
0.353334
0.255018
0.0258776
0.0141996
0.0268715
0.0644291
0.0626242
0.148913
0.411114
0.205764
0.0165955
0.0258072
0.0115192
0.0129716
0.100854
0.241643
0.34501
0.311685
0.0452017
0.00359708
0.0100882
0.0158376
0.0773046
0.177149
0.235014
0.195648
0.0269045
0.0260272
0.0765761
0.15585
0.135177
0.180287
0.156948
0.119785
0.0564273
0.0650483
0.284457
0.245709
0.0906489
0.244194
0.270972
0.290182
0.0523189
0.00492008
0.0105782
0.0382103
0.162594
0.255285
0.295827
0.20592
0.157463
0.0146756
0.0519956
0.105167
0.163416
0.063637
0.0330325
0.0754741
0.0487539
0.086395
0.336234
0.240155
0.168911
0.0314521
0.0676364
0.068302
0.0621223
0.207568
0.311812
0.311896
0.169025
0.125389
0.182302
0.177348
0.131087
0.0249733
0.0882962
0.0952597
0.201064
0.0812016
0.257269
0.2542
0.0801546
0.14494
0.154746
0.135062
0.153442
0.0514722
0.0821359
0.124469
0.160894
0.195202
0.143677
0.161285
0.147218
0.139937
0.235426
0.185728
0.220293
0.150186
0.0551571
0.101798
0.196009
0.0840561
0.137676
0.183855
0.0948353
0.141755
0.139426
0.191642
0.240097
0.146763
0.28855
0.311726
0.145893
0.0506366
0.0818895
0.170146