0.202592
0.0173876
0.00114744
0.000386489
0.00252639
0.0117465
0.0269805
0.497461
0.26333
0.00748179
0.000181249
0
0.00125791
0.00939012
0.0120693
0.510466
0.210765
0.0379047
0.00172116
0.000579733
0.00807317
0.0475398
0.10235
0.239953
0.335968
0.0466567
0.000724997
0.003061
0.00809263
0.0397769
0.0744605
0.302018
0.244675
0.0046359
0.000633208
0
0.000328587
0.00210748
0.00694111
0.477382
0.295261
0.0066213
0.000422139
0
0
0.000246803
0.000905033
0.523362
0.254983
0.0485494
0.00960812
0.0195777
0.0120082
0.0119092
0.0358672
0.22923
0.28488
0.0884429
0.0492395
0.0248234
0.00712923
0.00185703
0.00693376
0.292049
0.22696
0.00172413
0
0
0
0
0
0.413804
0.297893
0.00103411
0
0
0
0
0.00134029
0.484414
0.234929
0.0808109
0.0405309
0.00407155
0
0.000233172
0.00209855
0.238922
0.378737
0.0788435
0.0178699
0.00133824
0
0.00153157
0.0231674
0.367438
0.183894
0.000119271
0
0
0
0
0.0023379
0.357653
0.251893
2.97364e-005
0
0
0
0
0.00136919
0.413889
0.309174
0.0160718
0.000863986
0.000154347
0
0.00193394
0.0219898
0.305516
0.442892
0.0605781
0.000684894
0
0
0.00112969
0.0170959
0.412207
0.290636
0.00302428
0
0
0
0.00168368
0.00161338
0.291579
0.451309
0.0411884
0.0146123
0.00451198
0
0.00673474
0.00303629
0.201501
0.362471
0.177011
0.0456503
0
0
0.00673474
0.0261523
0.304462
0.250506
0.413859
0.159737
0.0150717
0
0.026939
0.0180052
0.137042
0.349502
0.0537834
0.0211255
0.00687598
0
0.00225725
0.00640588
0.235501
0.210773
0.0236601
0.0085418
0.00293226
0
7.54129e-005
0.0710857
0.500133
0.227683
0.386514
0.0974169
0.0165079
0
0.00902902
0.00581039
0.0919525
0.284461
0.244554
0.0202049
0.00439839
0.00453087
0.00511482
0.114867
0.308796
0.144126
0.0227654
0
0
0
0.00460007
0.140745
0.508613
0.125219
0.0205645
0
0.00131914
0.0208241
0.0404235
0.126915
0.369151
0.158146
0.0934804
0.0032711
0.0146449
0.0352286
0.0541829
0.292177
0.375281
0.0205173
0.00745163
0.00618453
0.12946
0.235795
0.141422
0.230058
0.234289
0.354571
0.019308
0.000212467
7.15645e-005
0.00203345
0.013247
0.0485988
0.322793
0.442561
0.0481202
0.000199178
0.00187156
0.0032539
0.0116741
0.0402564
0.327471
0.284416
0.0107717
0.00373569
0.000752523
0.00196194
0.00298336
0.012511
0.304702
0.322708
0.0247309
0.000557364
0.000108429
0
0.000775637
0.0208742
0.36607
0.389678
0.0560114
0.00606179
0.0144491
0.00832835
0.00536338
0.0216871
0.245723
0.336671
0.0943957
0.0374015
0.0183206
0.00526166
0.00096934
0.00536316
0.224822
0.309532
0.0733378
0
0
0
6.04819e-005
0.00953205
0.330258
0.394134
0.296648
0.000793135
0
0
0
0.00495266
0.318607
0.168482
0.095017
0.0423377
0.00411734
0
0.000413681
0.00722601
0.168595
0.220175
0.152019
0.024616
0.00237422
0
0.00271722
0.051667
0.156479
0.285217
0.42651
0.0086857
0.000395703
0
0.00010342
0.0150188
0.193527
0.372517
0.571742
0.018858
0.000593555
0
0.000679306
0.0279009
0.0936717
0.204839
0.10612
0.00115949
0.000218385
0
0.00273631
0.0372674
0.100529
0.400623
0.287108
0.0019174
0
0
0.00159838
0.0201279
0.138737
0.255246
0.460918
0.00474723
5.45963e-005
0
0.000684079
0.0139734
0.0292235
0.367026
0.460918
0.016764
0.00128886
0
0.000399596
0.00480694
0.0315834
0.213482
0.377218
0.030686
0
0
0.00158111
0.0142708
0.0728126
0.144916
0.447809
0.0867352
0.00330752
0
0.00632445
0.00895162
0.0229422
0.223871
0.447809
0.0268034
0.00394499
0
0
0.000327095
0.0142168
0.280918
0.447809
0.0201075
0.00263
0
0
0
0.015566
0.246213
0.468621
0.0487717
0.00354528
0
0.00248628
0.00399293
0.0107535
0.337755
0.253934
0.0236495
0.0420994
0.0272208
0.013137
0.0615098
0.0748161
0.318169
0.476066
0.0139208
0.00142433
0
0
0.00673752
0.0179337
0.221445
0.24777
0.0950218
0.156348
0.0623321
0.0081736
0.0373729
0.0365223
0.168757
0.0800843
0.0361949
0.126399
0.0895995
0.0621934
0.124669
0.0853483
0.00859531
0.0101762
0.0235588
0.303579
0.230895
0.0672432
0.0622751
0.0208188
0.059039
0.0496343
0.136912
0.429714
0.158822
0.0307233
0.0347116
0.0269934
0
0.00247704
0.0937866
0.635137
0.213213
0.0203088
0.00553118
0.00100253
0.0919719
0.0834188
0.0413846
0.00609154
0.0184707
0.00504968
0.0132331
0.0796035
0.206602
0.271093
0.0221037
0.00106438
0.00336702
0.00136536
0.0263923
0.152089
0.0576479
0.193014
0.222518
0.114553
0.0650957
0.00758076
0.00480209
0.0548823
0.187104
0.650675
0.394246
0.171159
0.0563054
0.0705704
0.058678
0.0621548
0.133971
0.266221
0.00304577
0.000240321
0
6.55487e-005
0.00503033
0.0557584
0.235534
0.481436
0.0102187
0.000961286
0
0
0.00124065
0.0437565
0.135769
0.472327
0.119892
0.0310432
0.0052346
0.0270596
0.0380795
0.0225471
0.171654
0.481436
0.219194
0.0379493
0.00938171
0.00940569
0.0245209
0.0100394
0.171604
0.439916
0.00541781
0.000242148
0
0
0.00268578
0.0182274
0.24648
0.439916
0.00974314
0.00152079
0
0
0.00335307
0.0100226
0.13034
0.439916
0.1025
0.0176142
0.01162
0.00915012
0.020425
0.0126345
0.236644
0.439916
0.0742412
0.0112503
0.0029192
0.00412468
0.0167014
0.032661
0.251107
0.464533
0.0271841
0.00626662
0
0
0.00320615
0.0158788
0.262801
0.455994
0.0507924
0.00638541
0
0
0.00100829
0.0566264
0.187493
0.259393
0.23841
0.0437021
8.07881e-005
0
0.0120779
0.0320561
0.312045
0.208071
0.288418
0.0340742
5.38588e-005
0
0.00320615
0.0632007
0.293192
0.351221
0.0554493
0.0110011
0
0
0.000957286
0.07792
0.390611
0.338218
0.0568963
0.0423995
0.00140192
0
0.00143593
0.0506919
0.460381
0.165526
0.130746
0.015153
0
0.00714321
0.0161674
0.0950186
0.350161
0.123874
0.167635
0.131665
0.0118814
0.013433
0.0265898
0.0660693
0.315864
0.364965
0.120505
0.0507357
0.00742337
0
0.00805424
0.0411439
0.0979974
0.227443
0.206059
0.293727
0.135549
0
0.014452
0.0238493
0.147551
0.119732
0.253143
0.157174
0.0478286
0.00877997
0.0192705
0.047505
0.038381
0.134712
0.337556
0.441665
0.0894924
0.010266
0.013034
0.0330434
0.00487147
0.0226356
0.0715816
0.34916
0.129964
0.000893013
0.00188419
0.00227624
0
0
0.0682737
0.530256
0.134089
0.00176474
0
0
0.00281972
0.0182318
0.115231
0.408003
0.142306
0.0341881
0.00554479
0.00220366
0
0
0.0311307
0.42917
0.30688
0.108404
0.0516013
0.0297376
0.0762325
0.0643991
0.160886
0.148185
0.0942896
0.0695637
0.127767
0.188195
0.0378269
0.205815
0.291379
0.211515
0.123729
0.206213
0.311082
0.0507343
0.0460354
0.000477649
0.143624
0.291759
0.103074
0.211883
0.219606
0.170745
0.0528838
0.00331367
0.0588878
0.104013
0.0863686
0.148787
0.421964
0.0660773
0.0436594
0.190611
0.129043
0.0474177
0.014632
0.0863385
0.255064
0.0694457
0.0533832
0.271187
0.25766
0.102734
0.0220373
0.0497529
0.222892
0.0637891
0.0288158
0.0125859
0.00789553
0.0139783
0.0114205
0.0589786
0.451769
0.0769698
0.01806
0.0162505
0.0235528
0.0421783
0.0062141
0.0864528
0.599026
0.110072
0.0633487
0.264264
0.149696
0.0589487
0.0357663
0.0466325
0.23676
0.100701
0.127939
0.250169
0.194638
0.0556146
0.0143075
0.0127421
0.152254
0.177624
0.00699972
0.00274307
0.00959628
0.020057
0.00900304
0.06452
0.562211
0.148069
0.023954
0.0503113
0.0775096
0.0566313
0.0279927
0.138366
0.407075
0.228755
0.114931
0.168962
0.341824
0.0998967
0.00752822
0
0.0204689
0.0466823
0.502801
0.220958
0.313481
0.0592148
0.00205009
0
0.0014733
0.0396989
0.0947117
0.166083
0.0914738
0.0743177
0.0429046
0.104284
0.16931
0.0994792
0.398163
0.211092
0.0390372
0.028418
0.0168252
0.0250442
0.17847
0.159141
0.486827
0.157224
0.123398
0.0105588
0
0.0152381
0.0262437
0.089694
0.248253
0.143123
0.150196
0.0724405
0.00872776
0.0251963
0.0410895
0.105597
0.319056
0.0939262
0.0802536
0.0105129
0
0.0106922
0.0676104
0.181669
0.157045
0.395411
0.417955
0.0599812
0.00363167
0.0144736
0.0161901
0.121466
0.0723542
0.168393
0.155001
0.0613601
0.0217386
0.00882973
0.014442
0.0384871
0.0439724
0.209084
0.285579
0.188717
0.015243
0.016587
0.0210618
0.0161728
0.0876879
0.576111
0.329737
0.0541512
0.042455
0.0127657
0.0433652
0.0267394
0.078529
0.357928
0.259869
0.126815
0.157498
0.0568865
0.0878111
0.00270672
0.0107792
0.0530077
0.227505
0.254472
0.153803
0.0975056
0.0383798
0.00347272
0
0
0.0257046
0.154196
0.395089
0.277833
0.176328
0.0896943
0.0235536
0.0582462
0.206978
0.137134
0.254556
0.106013
0.071918
0.00538578
0.169663
0.0290611
0.0468195
0.0469961
0.372982
0.23543
0.212654
0.234681
0.0068404
0.00201931
0.419297
0.492125
0.0699091
0.0905696
0.0599149
0.02332
0.0683109
0.0143775
0.118723
0.120907
0.0464211
0.0272
0.13003
0.0346445
0.0105463
0.0548603
0.48856
0.356148
0.0211654
0.00458064
0.00425175
0.00209487
0.044157
0.0578825
0.146613
0.105443
0.0215935
0.00687096
0.00849748
0.0297877
0.0469012
0.026412
0.0242047
0.0169208
0.0148219
0.0257306
0.294177
0.0612768
0.0293013
0.0221597
0.0126945
0.0023727
0.00149909
0.0615133
0.801274
0.217785
0.0412312
0.0605718
0.0873134
0.0453368
0.00562815
0.00235069
0.0167591
0.0474938
0.0611975
0.0765714
0.0860364
0.0308181
0.00174533
0.00406117
0.230672
0.166189
0.00585631
0.00126799
0.000729334
0
0
0.0252862
0.447406
0.0969797
0.00840554
0.00520351
0.0033257
0.00563969
0.0121254
0.109431
0.463078
0.071958
0.0178348
0.0100305
0.0116264
0.00284726
0.00191438
0.0157303
0.318629
0.0819058
0.00630001
5.78869e-005
0.000248573
0
0.00236525
0.0770467
0.614963
0.064087
0.0152339
0.0319499
0.00219024
0.0058103
0.024623
0.0950233
0.310038
0.0722962
0.0620794
0.0446168
0.000835092
0.000951615
0.0120706
0.0240683
0.335732
0.249548
0.00130134
0
0
0
0.00618926
0.0770176
0.554028
0.0550733
0.0127634
0.00080025
0
0
0.00941162
0.0708994
0.521953
0.231274
0.0983932
0.0615112
0.119628
0.0304281
0.0119161
0.00641699
0.126543
0.260041
0.0553594
0.299645
0.517342
0.154005
0.066143
0.066855
0.0526907
0.0771331
0.0627031
0.0108956
0.053085
0.0311523
0.0213084
0.0669458
0.246537
0.322951
0.0552221
0.0277771
0.159038
0.120281
0.0972992
0.213495
0.340405
0.157286
0.0240948
0.357935
0.308156
0.160434
0.0903485
0.0508493
0.105832
0.0250741
0.0264884
0.140168
0.112773
0.309745
0.239147
0.0368516
0.0800149
0.0176428
0.0277355
0.0889349
0.133913
0.12937
0.0568789
0.128693
0.378775
0.0981318
0.0449397
0.142815
0.199975
0.299186
0.277166
0.0179803
0.112015
0.0623398
0.020205
0.0160211
0.0880528
0.225
0.211493
0.0557278
0.0365306
0.0114781
0.343742
0.0789724
0.115476
0.141272
0.150267
0.0704507
0.0816702
0.188788
0.0357387
0.0703916
0.135594
0.251032
0.322701
0.0336115
0.00608412
0.00877638
0.403004
0.335765
0.19306
0.215242
0.169438
0.0243424
0.0053533
0.0515151
0.0365657
0.244447
0.43333
0.239574
0.0140991
0.00121754
0.00113012
0.000556817
0.0728436
0.221719
0.192495
0.117236
0.0220826
0.00412737
0.00197359
0.0214347
0.226962
0.395059
0.211885
0.0632459
0.0102362
8.19584e-005
0.0160229
0.0577639
0.192886
0.285697
0.101497
0.0743443
0.0552035
0.0724859
0.0648902
0.0526958
0.0842856
0.233104
0.270573
0.133684
0.0396709
0.0205391
0.00399877
0.0586227
0.137003
0.254507
0.258112
0.101408
0.0471173
0.0664223
0.0799873
0.137427
0.069325
0.217323
0.151298
0.102845
0.15361
0.187839
0.0890924
0.0724663
0.0564212
0.14169
0.15992
0.068956
0.207946
0.273308
0.172277
0.163211
0.066292
0.0521836
0.0319136
0.00901865
0.0180463
0.0662743
0.174346
0.086782
0.0825793
0.0227838
0.00272683
0.000473983
0.017959
0.192963
0.79178
0.179895
0.0473696
0.0908801
0.0658227
0.0235023
0.0409089
0.0839478
0.052106
0.0375604
0.127367
0.137401
0.0651125
0.0297921
0.0222444
0.0764631
0.150884
0.100495
0.010108
0.00188596
0
0
0.00265225
0.0675375
0.423313
0.0427099
0.000868509
0
0
0
0.00334549
0.101712
0.624426
0.0595687
0.0208299
0.0142942
0.0042916
0.00439534
0.00471052
0.0625414
0.179287
0.0339135
0.000729477
0.000919303
0
0
0.00511893
0.126738
0.540139
0.0405106
0.00710014
0
0.00153503
0.00241097
0.0031169
0.0718868
0.335739
0.0867984
0.00875523
0
0.00230255
0.00462551
0.0113589
0.107257
0.328362
0.0871205
0
0
0
0
0.000622733
0.0840633
0.533832
0.0393211
8.14764e-005
0
0
0
0
0.176225
0.601276
0.0442703
0.0456865
0.0912371
0.0364401
0.00915131
0.00611617
0.0883738
0.330691
0.141863
0.0777718
0.217803
0.232755
0.167987
0.166485
0.0124644
0.0815226
0.0972238
0.0274872
0.0455845
0.0165824
0.00141593
0.0262527
0.219688
0.533613
0.119634
0.0671705
0.168361
0.258269
0.16069
0.0893096
0.10128
0.263599
0.1611
0.0158941
0.0534104
0.143006
0.181774
0.115117
0.0083276
6.15106e-005
0.00741517
0.089631
0.230244
0.268138
0.151822
0.0480284
0.00641726
0
0.0054416
0.0283696
0.0579047
0.301712
0.290406
0.0241895
0.0126194
0.0406806
0.0386088
0.0105302
0.180032
0.618712
0.334615
0.00258856
0
0.000843059
0.00505048
0.132851
0.141878
0.0431695
0.00407687
0.0103595
0.00222698
0.0231167
0.0624187
0.0820453
0.0662444
0.0246036
0.0140884
0.041981
0.0618456
0.0641299
0.0501144
0.391492
0.0657686
0.0214373
0.00179193
0.0143903
0.00507535
0.015462
0.503915
0.377429
0.0614881
0.0318907
0.00934418
0.0324767
0.0320092
0.0281933
0.510407
0.0166222
0.0407856
0.0232723
0.0319905
0.0689227
0.120354
0.062383
0.0360845
0.0143857
0.0692006
0.0824483
0.0387231
0.0602077
0.0774253
0.0712909
0.0598556
0.310578
0.0454866
0.025756
0.0183667
0.0325839
0.0648111
0.0336868
0.541165
0.225485
0.0600417
0.0917901
0.0491426
0.00919663
0.0753825
0.0646293
0.5624
0.0121132
0.112888
0.134321
0.0498224
0.0280105
0.0318305
0.0440344
0.0288215
0.0370021
0.144094
0.13022
0.0513623
0.035974
0.0233181
0.0695651
0.0357945
0.274146
0.0717044
0.114729
0.0634991
0.00966852
0.0484501
0.0553559
0.362797
0.54449
0.12793
0.0752514
0.0430726
0.0333377
0.008295
0.0850007
0.442543
0.0289132
0.0722291
0.0410652
0.0182023
0.0252222
0.102547
0.11042
0.0313891
0.0097274
0.0391382
0.0270011
0.00856693
0.045195
0.208652
0.433034
0.0653024
0.421601
0.17599
0.0385129
0.0136242
0.0195872
0.0266875
0.0343884
0.277166
0.384724
0.192624
0.0656535
0.0128504
0.0479448
0.0604184
0.0613024
0.312778
0.000634943
0.00953195
0.0123075
0.00232767
0.0168881
0.0989609
0.358004
0.0295204
1.84542e-005
0.00178899
0.00455736
0.00183805
0.0138179
0.213571
0.76525
0.0404345
0.106738
0.0436712
0.0365597
0.010226
0.0276801
0.0315152
0.0618631
0.109542
0.105678
0.00578868
0.0192555
0.0196634
0.030762
0.0748577
0.274148
0.130152
0.00295714
0.00414577
0.00229095
0.00080767
0.0149268
0.106671
0.488659
0.0667457
0.0683745
0.052454
0.056743
0.0275509
0.034892
0.0513039
0.416384
0.236267
0.0329392
0.000601543
0.00141103
0.00296172
0.00668137
0.0383179
0.311924
0.13405
0.137655
0.0455806
0.0157573
0.000981865
0.000592937
0.00999916
0.343948
0.423237
0.103635
0.149442
0.238397
0.108901
0.00906793
0.00903034
0.100299
0.128535
0.0792775
0.36019
0.444284
0.14966
0.000136164
0
0.0029881
0.0268027
0.2449
0.246804
0.0897115
0.00879454
0
0
0.0786428
0.230176
0.234658
0.432147
0.121395
0.0114982
0
0
0.00199207
0.0826183