0.00707824
0.00760122
0.0230308
0.104734
0.0567271
0.0231529
0.004447
0.0067952
0.00986006
0.00497221
0.0158055
0.351226
0.57423
0.135528
0.00507372
0.00339679
0.00382901
0.0187873
0.0664629
0.0901187
0.0592948
0.036237
0.00317702
0.00243112
0.0111582
0.00548784
0.019746
0.415175
0.500446
0.032941
0.00476552
0.00664362
0.0246866
0.00175468
0.001703
0.225063
0.409899
0.206595
0.0359556
0.0882002
0.336454
0.0225665
0.004038
0.119418
0.161897
0.174324
0.0720818
0.354245
0.00760858
0.000379868
0.00110563
0.272996
0.402365
0.0254711
0.0326972
0.0459697
0.177231
0.0190621
0.002692
0.123922
0.190093
0.0338276
0.0609991
0.206286
0.419139
0.0791395
0.0963998
0.11153
0.00606741
0.011104
0.0164024
0.266302
0.172115
0.0905326
0.262625
0.459941
0.125822
0.0110561
0.0055457
0.0797166
0.259337
0.0527189
0.0568867
0.109471
0.0170408
0.00543553
0.0128915
0.102192
0.0944977
0.0446935
0.119303
0.442069
0.148073
0.00912156
0.00277611
0.00737845
0.0351407
0.101677
0.200292
0.464433
0.216412
0.101734
0.0801658
0.0294459
0.0710808
0.206244
0.20217
0.168113
0.169009
0.157598
0.118826
0.0787985
0.0108819
0.0574685
0.114819
0.376661
0.201073
0.112211
0.0815035
0.0266547
0.137126
0.269433
0.19612
0.0690466
0.0802272
0.141547
0.127757
0.129448
0.0633556
0.116967
0.1211
0.106202
0.108765
0.111873
0.0417771
0.0316791
0.0501818
0.0492329
0.0844045
0.450484
0.305473
0.0886631
0.0248818
0.0351711
0.181086
0.297433
0.154849
0.0635363
0.0393476
0.0367105
0.0193517
0.0687376
0.221719
0.411677
0.237715
0.293841
0.186923
0.011324
0.000725592
0.0219378
0.112061
0.0720966
0.0431908
0.216533
0.149074
0.0261294
0.0100922
0.0340697
0.235007
0.296605
0.0222049
0.00568045
0.00403615
0.00711664
0.0164847
0.0344254
0.207979
0.430863
0.106569
0.135771
0.103191
0.00254892
0.000671727
0.00450877
0.285303
0.574421
0.0311312
0.0187054
0.0420204
0.0500253
0.0242547
0.143379
0.162456
0.215039
0.00987432
0.0129819
0.0357477
0.0547756
0.0746043
0.059821
0.0607402
0.037491
0.0318192
0.086187
0.130606
0.174922
0.121882
0.0536699
0.165839
0.299024
0.0160986
0.177788
0.235665
0.110045
0.057093
0.133144
0.0534757
0.0416747
0.0234096
0.506445
0.469723
0.220431
0.0816007
0.0326987
0.00461166
0.0227111
0.0895801
0.0672053
0.0394015
0.0261239
0.00612066
0.0023397
0.00702244
0.00517125
0.0266632
0.406325
0.432143
0.0260666
0.00500902
0.00599853
0.01317
0.0306734
0.044464
0.0468421
0.0719921
0.0500969
0.0105403
0.00509384
0.0200516
0.0239381
0.0693444
0.605899
0.402932
0.0194744
0.0107726
0.00719345
0.0121491
0.000266379
0.00462072
0.357311
0.428799
0.00552242
0.015633
0.0160994
0.0905413
0.0291598
0.00554324
0.137441
0.200121
0.0164502
0.0309882
0.0744545
0.0112154
0.00606487
0.0450758
0.540732
0.389609
0.0184594
0.00626245
0.0152731
0.0900075
0.0596931
0.0425446
0.209075
0.207089
0.0437007
0.029079
0.0794332
0.128798
0.0517664
0.021569
0.100426
0.0520314
0.0182178
0.0165413
0.0530048
0.0637226
0.0888318
0.0819781
0.466391
0.229082
0.0179985
0.0514344
0.0445711
0.161543
0.220359
0.0316387
0.0388405
0.0593398
0.036292
0.0407354
0.0817366
0.261739
0.605968
0.0556186
0.113394
0.158034
0.0511181
0.100293
0.147013
0.0376791
0.161865
0.085509
0.150204
0.0673296
0.0130294
0.0264312
0.0197422
0.158993
0.393406
0.0877966
0.0158576
0.00866012
0.0149244
0.0127415
0.0290865
0.1927
0.488415
0.0671677
0.032901
0.0362293
0.00981147
0.032584
0.0568183
0.236109
0.563275
0.177406
0.0163866
0.00449004
0.00396835
0
0.00943472
0.145138
0.281557
0.0395716
0.00452343
0.00353783
0.00392231
0.00184193
0.024749
0.207237
0.453357
0.0858675
0.0240434
0.0158502
0.000737735
0
0.0115135
0.189867
0.478286
0.0764784
0.00723668
0.00397238
0.00427367
0
0.00292974
0.305175
0.478286
0.0267124
0.000901725
0.000817025
0.00106842
0
0.00151049
0.190643
0.422561
0.0421326
0.0112046
0.0095003
0
0
0.00228355
0.180442
0.331619
0.0113766
0.0947815
0.119272
0.0720214
0.0173383
0.0889976
0.246621
0.441438
0.0158979
0.00354926
0.00662953
0.0105666
0
0.0104083
0.169427
0.206417
0.0192587
0.386624
0.278039
0.0670872
0.00454903
0.0309898
0.0395244
0.0677435
0.00605497
0.225467
0.226343
0.0579735
0.015366
0.060537
0.00853937
0.00432574
0.0316997
0.402425
0.243827
0.0268594
0.00671932
0.00488949
0.0235472
0.0207321
0.00899321
0.448228
0.369521
0.0346447
0.00535473
0.0143118
0.023774
0.0090526
0.0336072
0.448228
0.272387
0.00147112
0.00201414
0.00636472
0.0307114
0.0711779
0.0136264
0.0124449
0.0370863
0.0234439
0.00863899
0.0131987
0.0652534
0.228128
0.159232
0.272555
0.0881768
0.00519104
0.0137364
0.0188592
0.0801685
0.40698
0.16049
0.0777315
0.0699275
0.0167595
0.00584639
0.0123994
0.192686
0.666156
0.230259
0.0895262
0.0882086
0.0234763
0.0412216
0.0225197
0.0377331
0.124019
0.151934
0.330717
0.100179
0.00966667
0.0131548
0.0257678
0.178325
0.22818
0.0725972
0.125691
0.0539938
0.0163623
0.0135961
0.0671973
0.13805
0.410419
0.190982
0.129871
0.0408342
0.0207915
0.0544417
0.0327762
0.248564
0.537379
0.233147
0.122868
0.0376702
0.0508388
0.044918
0.0303739
0.145666
0.264125
0.0176038
0.00201141
0.00519012
0.00420316
0.00533309
0.0232869
0.219918
0.461479
0.0223184
0.00226327
0.00902926
0.00656459
0.0129273
0.0284465
0.212577
0.461479
0.0680742
0.0159575
0.00591837
0.0165735
0.0178335
0.00454342
0.341953
0.461479
0.0321455
0.0591169
0.0233946
0.000487073
0.0136233
0.0264071
0.25629
0.410535
0.0331994
0.00816971
0.0138007
0.00245343
0.0194472
0.0415249
0.180363
0.430863
0.135999
0.044648
0.0211845
0.0118752
0.0528955
0.0624739
0.264728
0.336236
0.0553993
0.207128
0.10162
0.0140121
0.0282353
0.0876497
0.246451
0.216206
0.0646658
0.168035
0.0909019
0.0294799
0.141589
0.223317
0.20645
0.428497
0.0872271
0.028574
0.0208721
0.019041
0.0498017
0.0497664
0.286928
0.524629
0.0154037
0.0323595
0.0255009
0.00476024
0.00850734
0.037128
0.295779
0.178844
0.0326166
0.0514083
0.0342821
0.0176957
0.165727
0.177349
0.218867
0.204902
0.0621407
0.18821
0.133911
0.00789122
0.0634966
0.109818
0.157821
0.30293
0.0281358
0.0378878
0.0249884
0.0188107
0.00190659
0.0195205
0.0673418
0.110528
0.0312803
0.537059
0.27643
0.039984
0.00309852
0.0164425
0.0498155
0.147174
0.0615503
0.140513
0.0710958
0.0132256
0.0710658
0.0773949
0.0275646
0.100212
0.0451306
0.537059
0.258153
0.0219007
0.0822599
0.0565024
0.00273045
0.00471549
0.00541923
0.440193
0.225475
0.0058802
0.000784108
0.0023325
0.0175325
0.0159633
0.0114731
0.440712
0.158552
0.000156245
0.000351182
0.00529796
0.00361552
0.00822916
0.00711837
0.440712
0.233193
0.00330896
0.00761585
0.00285373
0.0172651
0.0105953
0.0110277
0.440712
0.219137
0
0.000641264
0.00471918
0.0297375
0.179168
0.141906
0.124709
0.119088
0.0456098
0.117374
0.0121888
0.0768287
0.337694
0.0719332
0.034562
0.130774
0.0668445
0.264468
0.0375881
0.0168334
0.0160491
0.028802
0.0768129
0.0909276
0.0818725
0.411107
0.0848115
0.032773
0.0131088
0.0116413
0.0166613
0.0617081
0.269983
0.580108
0.106801
0.0604186
0.138889
0.0354381
0.0649126
0.0628794
0.0450223
0.195791
0.0447147
0.0695506
0.226455
0.154792
0.129488
0.081198
0.152009
0.252592
0.0403007
0.0591359
0.00372137
0.00399885
0.0312407
0.037157
0.261632
0.497762
0.0818494
0.0473482
0.00803407
0.0274619
0.0544952
0.0592586
0.290574
0.503004
0.0885734
0.0915988
0.282184
0.0787241
0.0288583
0.0193983
0.0714769
0.264697
0.0358163
0.134885
0.245818
0.0713509
0.137661
0.0289708
0.00345234
0.155478
0.0552436
0.00890985
0.0139996
0.0161469
0.0100517
0.0151858
0.147109
0.533566
0.084027
0.00566789
0.0480773
0.0577626
0.135168
0.0212317
0.0809574
0.533566
0.121762
0.0812964
0.179815
0.140486
0.253636
0.0795349
0.0249458
0.0409419
0.0847506
0.363146
0.164327
0.0760591
0.123375
0.0640035
0.0344693
0.0758378
0.250747
0.0301443
0.185334
0.145341
0.142803
0.025972
0.0750669
0.452252
0.0943483
0.309328
0.172353
0.0975117
0.0228887
0.0146574
0.02709
0.24115
0.255201
0.401575
0.0917609
0.0163665
0.0246075
0.0171098
0.00633017
0.0860528
0.237874
0.20863
0.105239
0.10664
0.129691
0.077031
0.00341359
0.0533137
0.163162
0.309331
0.0288427
0.052148
0.0560757
0.0477948
0.00206338
0.0787287
0.257346
0.157813
0.330719
0.468117
0.160985
0.111396
0.000684352
0.0433467
0.149041
0.0448217
0.107756
0.0641739
0.0764256
0.0407849
0.0152344
0.0715474
0.0756702
0.0444362
0.0590654
0.0284154
0.479148
0.151396
0.0326406
0.0973031
0.0583113
0.0519153
0.420582
0.231129
0.122072
0.108469
0.027699
0.0480286
0.0374398
0.0396535
0.163254
0.0257281
0.500153
0.300058
0.0557257
0.0663333
0.0292337
0.00747568
0.00364878
0.00705565
0.449639
0.170542
0.00603811
0.0122743
0.00387353
0.0279623
0.00314573
0.0183145
0.449639
0.185497
0.0046399
0.00825254
0.00308487
0.00421901
0.00011798
0.00282619
0.449639
0.22023
0.00882198
0.00842068
0.0026613
0.0121945
0.0022817
0.0612845
0.449639
0.165992
0.0174647
0.0367299
0.000446231
0.0675092
0.0314824
0.00282502
0.00636502
0.015012
0.0305829
0.227498
0.0906499
0.043663
0.00561834
0.00125038
0.00300293
0.0380886
0.383867
0.651674
0.0809101
0.226744
0.186397
0.104555
0.100455
0.0725133
0.0703507
0.0253116
0.0918303
0.08509
0.104595
0.0480081
0.0904563
0.16692
0.227103
0.18017
0.141975
0.0498863
0.000348343
0.00454743
0.0109352
0.0311761
0.361182
0.369947
0.0797084
0.0967456
0.00139337
0.00898095
0.0192712
0.0263026
0.224403
0.445392
0.213015
0.04254
0.0197484
0.0111977
0.0336773
0.0657576
0.180509
0.227651
0.153776
0.130278
0.00557349
0.0353564
0.0779004
0.108808
0.140242
0.266754
0.354037
0.0227062
0.000368471
0.0071064
0.0116718
0.0177672
0.099566
0.426181
0.129481
0.00197977
0.010828
0.0111283
0.026451
0.0125051
0.0884628
0.510871
0.109029
0.0576774
0.00887404
0.0572735
0.107041
0.168332
0.0857423
0.201926
0.201751
0.0377832
0.0115091
0.0297702
0.0567324
0.0810807
0.0519941
0.510871
0.217245
0.00307107
0.0349686
0.0146051
0.0128157
0.00265119
0.0532384
0.476821
0.0444274
0.0270914
0.0306445
0.012874
0.00172502
0.00323581
0.0200255
0.476821
0.0912996
0.00467038
0.0013205
0.00139153
0.00113227
6.66042e-005
0.0537577
0.476821
0.0944838
0.00152778
0.000484061
0
7.46366e-005
0.000245234
0.0772951
0.476821
0.092831
0.034406
0.00509314
0.0338489
0.0870076
0.0519577
0.0147323
0.253731
0.0911283
0.018297
0.117463
0.286682
0.220323
0.135981
0.0831285
0.150127
0.0378649
0.00558322
0.000875073
0.00484898
0.0504809
0.0355706
0.0780861
0.521987
0.111703
0.00394234
0.00715996
0.038927
0.126593
0.106108
0.252498
0.521987
0.0933513
0.00977798
0.158641
0.139462
0.163536
0.115636
0.0483565
0.109904
0.0097794
0.0069448
0.0569569
0.00975689
0.460761
0.248245
0.014803
0.035507
0.00616787
0.00704458
0.0379684
0.0605038
0.153803
0.069427
0.137922
0.460761
0.034409
0.00956941
0.0463448
0.0922198
0.460761
0.255496
0.0197115
0.145705
0.0143752
0.000358411
0
0.00119564
0.436457
0.196399
0.00145147
0.00101827
0.000207501
1.07547e-005
0.000136512
0.0236055
0.436457
0.123473
0.0119116
0.0211406
0.00261101
0.00105539
0.00531979
0.0275945
0.436457
0.287489
0.000628247
0.000146304
0
0.0126705
0.0072212
0.0148858
0.436457
0.235955
0.00630192
0.0103337
0.0133552
0.154921
0.198062
0.266054
0.257618
0.0796514
0.0627568
0.00849022
0.0503728
0.0504027
0.124254
0.219578
0.310493
0.174893
0.131198
0.0506436
0.0865139
0.136935
0.0961119
0.191163
0.223757
0.124906
0.114852
0.0322511
0.0895549
0.0706524
0.072716
0.33699
0.360969
0.197867
0.182308
0.0499105
0.111158
0.0527863
0.0515143
0.0828522
0.153617
0.103069
0.0645944
0.0764136
0.128521
0.109463
0.0186418
0.198022
0.314804
0.132764
0.0542138
0.088552
0.215079
0.1027
0.105782
0.314358
0.2448
0.0997776
0.0456407
0.037209
0.0890632
0.170324
0.0860803
0.43706
0.357269
0.203775
0.0466904
0.0817121
0.166329
0.0390853
0.0148292
0.178377
0.313236
0.156898
0.0315038
0.0543718
0.0773863
0.0465606
0.0227672
0.0702292
0.179595
0.078408
0.0142692
0.419229
0.188081
0.0252843
0.0119719
0.203913
0.470343
0.259119
0.0312303
0.0189535
0.0272694
0.0218629
0.00952246
0.0624703
0.390231
0.126407
0.00676509
0.107613
0.081514
0.0110912
0.00316092
0.00544864
0.0129159
0.00235788
0.0397143
0.52288
0.164048
0.000970901
0
0
0
0.00444992
0.157289
0.523457
0.123058
0.0169991
0.00412072
0.00998565
0.0729732
0.0367958
0.0450068
0.229577
0.101487
0.0224089
0.00616656
0.00849601
0.0977129
0.07906
0.306313
0.373708
0.100939
0
0
0
0.00194566
0.00433691
0.110684
0.486849
0.0680839
0
0
0
0.00291849
0.0116464
0.155247
0.486849
0.0686704
0.0189171
0.00608667
0.0247137
0.0437983
0.0637096
0.190867
0.308593
0.0779701
0.00613301
0.00152167
0.0618908
0.0450472
0.0700778
0.180987
0.486849
0.0817534
0.0137093
0.0480791
0.040838
0.0373157
0.0105504
0.10129
0.457274
0.0455473
0.031527
0.107527
0.124658
0.457274
0.124052
0.0322078
0.195421
0.0218525
0.0211918
0.0288465
0.0284391
0.0146572
0.020634
0.130084
0.457274
0.0873305
0.0794304
0.105528
0.0922438
0.252563
0.0742351
0.0791213
0.304327
0.0699781
0.00713745
0.0219144
0.0458454
0.434983
0.206317
0.00234469
0.0059073
0.000739684
0.035892
0.0225515
0.0191075
0.434983
0.220674
0.00108998
0.00311967
0.0258146
0.0308391
0.0322303
0.0727358
0.434983
0.173064
0.0167612
0.0508579
0.0192027
0.0341446
0.0352355
0.0804754
0.434983
0.229096
0.0193024
0.00232632
0.033837
0.114048
0.0588311
0.0454207
0.120278
0.231897
0.175882
0.04255
0.187708
0.0638992
0.105191
0.22234
0.175778
0.364805
0.233646
0.0843883
0.222575
0.0670815
0.117586
0.0931449
0.117237
0.205464
0.119183
0.0742635
0.151382
0.0692857
0.223309
0.331829
0.110938
0.241732
0.119803
0.108384
0.130546
0.0639866
0.15815
0.27464
0.144571
0.09616
0.0445863
0.0394638
0.0658697
0.123692
0.128623
0.249012
0.292704
0.250988
0.0947809
0.0555506
0.0920394
0.0727167
0.187993
0.206244
0.0625899
0.043845
0.0378158
0.0443892
0.0482048
0.104987
0.0918824
0.0969294
0.536831
0.308159
0.0906677
0.0339147
0.0513843
0.0174942
0.012735
0.0551928
0.409599
0.286583
0.0486848
0.0112124
0.015779
0.00883737
0.00808085
0.0210662
0.340351
0.142671
0.00816819
0.0102242
0.016454
0.0198405
0.00526518
0.00769049
0.526137
0.28816
0.114692
0.0596595
0.0423527
0.116177
0.00507748
0.00578108
0.23941
0.14696
0.106019
0.0754062
0.249847
0.0178759
0.0101048
0.0121116
0.151599
0.082791
0.0440657
0.0508755
0.0360188
0.0645632
0.0340367
0.0256214
0.268037
0.169622
0.264486
0.132802
0.168822
0.290666
0.00508008
0.00521167
0.0558923
0.0483904
0.0377368
0.0269313
0.368315
0.376295
0.062349
0.0190846
0.177594
0.0851347
0.0728172
0.0454713
0.493466
0.0370184
0.0302928
0.0582488
0.206201
0.137565
0.138203
0.113592
0.0888419
0.0301068
0.0126134
0.1312
0.285689
0.131892
0.115644
0.259844
0.122597
0.0995027
0.0722244
0.112127
0.395524
0.124522
0.0380182
0.0205364
0.155519
0.0511651
0.0862241
0.184138
0.543133
0.213608
0.0360225
0.0830964
0.0705688
0.0348718
0.00941556
0.0395724
0.0620988
0.0234515
0.106737
0.362182
0.195576
0.0721148
0.0330594
0.0611874
0.0861579
0.0429803
0.111377
0.453425
0.217161
0.0729268
0.103142
0.0482631
0.103894
0.0557668
0.062535
0.199737
0.185558
0.082383
0.059429
0.04642
0.0198194
0.0213382
0.0808123
0.4239
0.39898
0.0558691
0.0624569
0.185596
0.33791
0.121094
0.0284801
0.147653
0.101919
0.0203195
0.0990013
0.224301
0.49053
0.276615
0.0259734
0.00631427
0.0502973
0.111109
0.166366
0.160956
0.0815351
0.0611143
0.0259649
0.212924
0.193153
0.0860174
0.239405
0.213648
0.176637
0.20758
0.0442433
0.045677
0.0967085