0.160488
0.027827
0.00764039
0.0149267
0.0320265
0.0338063
0.0569911
0.230253
0.158542
0.0621683
0.033994
0.0289951
0.0557117
0.114022
0.067917
0.225075
0.312496
0.0946521
0.084479
0.0494177
0.0676917
0.0281709
0.0436406
0.36233
0.320714
0.143829
0.115138
0.0443748
0.0431096
0.0577188
0.0823224
0.556606
0.0999444
0.0634473
0.0327394
0.0266157
0.0666677
0.126666
0.143709
0.0809294
0.0236156
0.0466927
0.0190859
0.0348857
0.053905
0.0883091
0.160007
0.0459611
0.182443
0.139394
0.0680097
0.0277609
0.0665795
0.175921
0.348829
0.276865
0.110739
0.08065
0.00623351
0.00876944
0.0282814
0.159485
0.586258
0.30399
0.0380858
0.0400203
0.0183864
0.083907
0.0683938
0.0382938
0.0410797
0.0485195
0.257465
0.105425
0.0345683
0.158495
0.131179
0.046254
0.0770984
0.176854
0.177481
0.0684106
0.0111503
0.0629197
0.033968
0.0475471
0.180641
0.306149
0.506913
0.135086
0.0281858
0.158023
0.115149
0.0775742
0.106963
0.453953
0.242908
0.0714898
0.00764532
0.0417445
0.0260449
0.00795878
0.0421915
0.152704
0.288687
0.0444243
0.0037056
0.0156011
0.00209579
0.00299102
0.0352119
0.357467
0.220327
0.0388528
0.0132863
0.0468031
0.0445815
0.0214174
0.0690798
0.433145
0.296712
0.0539301
0.0146438
0.0189503
0.0150976
0.0153077
0.0275604
0.525747
0.177341
0.0056877
0.00087122
0.0103591
0.00091253
0.0136989
0.0433096
0.397216
0.245485
0.0159629
0.00335335
0.00258977
0.00239489
0.0242627
0.0587986
0.383273
0.300213
0.100517
0.0398743
0.0135788
0.00163986
0.0110958
0.00932739
0.27729
0.452866
0.161048
0.0574755
0.006175
0.0015966
0.0161751
0.0307031
0.316387
0.209874
0.0244843
0.0222317
0.00716348
0.0118245
0.0332054
0.074087
0.22783
0.1623
0.0416464
0.0298403
0.0107452
0.0118476
0.0468041
0.0852888
0.268678
0.537312
0.120439
0.0447043
0.0067806
0.00788302
0.0228042
0.0637526
0.268962
0.286062
0.0835711
0.0348452
0.0240831
0.0378296
0.0929676
0.248037
0.383149
0.165263
0.0251401
0.00823159
0.00183627
0.00165872
0.0287422
0.0334387
0.306782
0.27098
0.0118055
0.00520618
0.00377875
0.00814906
0.0164169
0.0200976
0.414266
0.147549
0.045196
0.00997669
0.0117248
0.0832325
0.151438
0.207845
0.311735
0.31734
0.0539886
0.014651
0.00555918
0.0782083
0.105015
0.143154
0.439508
0.15314
0.103401
0.114987
0.121331
0.129612
0.0575703
0.0228784
0.152597
0.185904
0.198572
0.254877
0.10952
0.0616492
0.0653672
0.0244767
0.212535
0.131819
0.180405
0.237846
0.252622
0.109006
0.111672
0.0268891
0.0813078
0.179197
0.352997
0.365905
0.272781
0.068407
0.0608621
0.019421
0.0748809
0.0854302
0.17007
0.111632
0.0439419
0.024877
0.0861958
0.0746834
0.069991
0.279495
0.16989
0.0362728
0.0235099
0.00652499
0.0663428
0.192012
0.275574
0.103498
0.273074
0.185014
0.219129
0.113183
0.0780711
0.0110332
0.0292465
0.38975
0.263935
0.19521
0.19823
0.184584
0.170774
0.0610651
0.275422
0.170775
0.0890537
0.017449
0.00391285
0.000589064
0.00465384
0.047087
0.191586
0.375027
0.170356
0.041773
0.0116866
0.0114464
0.00724412
0.00728421
0.25922
0.245133
0.180518
0.107267
0.0156164
0.0183418
0.0369938
0.0534501
0.219036
0.51222
0.360205
0.142625
0.0315235
0.00713939
0.00611854
0.041369
0.248751
0.224078
0.0370117
0.0105523
0.00526554
0.0127764
0.00598895
0.00710323
0.313352
0.154892
0.0334835
0.022637
0.0023944
0.00698059
0.00538037
0.0191175
0.4302
0.344482
0.219673
0.0641588
0.0508821
0.0188622
0.00991061
0.0130648
0.245819
0.22876
0.357153
0.121864
0.0241063
0.0125748
0.00660708
0.0351753
0.404107
0.142626
0.100688
0.0708952
0.00623501
0.000512391
0.00244173
0.0367727
0.233037
0.211255
0.183944
0.105858
0.00912176
0.00510603
0.00698776
0.0217194
0.0944019
0.203496
0.404279
0.201526
0.0154939
0.00058933
0.00698776
0.0676391
0.247239
0.371694
0.518548
0.147931
0.0283941
0.0107147
0.0382596
0.0511934
0.105711
0.278334
0.151699
0.0401331
0.0043677
0.00840359
0.0094749
0.0599213
0.122065
0.152861
0.0966046
0.0695684
0.0597359
0.0449247
0.052616
0.175399
0.191305
0.383715
0.28408
0.0413849
0.0393984
0.0796649
0.14982
0.14158
0.20038
0.120642
0.105722
0.302097
0.338116
0.166812
0.24425
0.207299
0.154647
0.0383553
0.0342998
0.0677868
0.0392164
0.0916986
0.140466
0.132576
0.111123
0.0612056
0.0184627
0.0142652
0.00126685
0.0734765
0.125278
0.0934431
0.205809
0.0617461
0.0791163
0.31734
0.235039
0.0979819
0.165296
0.202862
0.155937
0.0599351
0.0219558
0.0581598
0.0143485
0.0454124
0.10943
0.357065
0.615221
0.117131
0.185854
0.129895
0.119227
0.0476104
0.0596528
0.0289459
0.0414358
0.0740159
0.141785
0.166641
0.148308
0.0643371
0.0807701
0.111909
0.141114
0.296585
0.274691
0.0482413
0.0424173
0.047243
0.0867664
0.0431203
0.18507
0.295931
0.242544
0.139371
0.0674251
0.0739339
0.191742
0.249228
0.461007
0.0268323
0.0680899
0.0790713
0.118256
0.146363
0.129739
0.0617736
0.0494454
0.182361
0.0813313
0.0899183
0.104542
0.210257
0.292132
0.0810371
0.101084
0.146444
0.188133
0.125815
0.090402
0.123132
0.160888
0.123031
0.106115
0.457351
0.460847
0.0940752
0.0962412
0.133471
0.18835
0.0587622
0.110057
0.136321
0.111753
0.0489615
0.00790388
0.0165923
0.0522502
0.0600865
0.118467
0.367007
0.263682
0.0535372
0.0163127
0.00166003
0.0035986
0.0495577
0.174742
0.226566
0.410168
0.0413242
0.0102966
0.00940439
0.0254327
0.0222277
0.0734315
0.456854
0.456854
0.0298302
0.00863925
0.0207606
0.0116425
0.0171787
0.114156
0.246834
0.347763
0.0543771
0.0336123
0.00597641
0.00286155
0.0130518
0.0602883
0.146148
0.444502
0.094719
0.019154
0.00575175
0.00474935
0.0140577
0.053594
0.316186
0.407492
0.0488199
0.0350425
0.043941
0.0206892
0.00851346
0.0594715
0.172857
0.42823
0.101841
0.0438543
0.0291593
0.0231414
0.045573
0.173826
0.196409
0.472927
0.0797445
0.00517531
0.000906528
0.00400724
0.0174456
0.0349967
0.318851
0.449633
0.0450457
0.0203116
0.00876058
0.0252403
0.0177969
0.0590419
0.233652
0.293878
0.0487572
0.0218055
0.026874
0.0333016
0.0549762
0.212847
0.329111
0.198068
0.0550502
0.0719915
0.083616
0.0602359
0.0335439
0.101241
0.178554
0.12843
0.0222406
0.127663
0.0897596
0.0872306
0.0412863
0.0879458
0.0306478
0.0131503
0.119738
0.478956
0.192551
0.105924
0.0425255
0.0442673
0.155721
0.0395297
0.0556602
0.341376
0.118887
0.0344819
0.0140758
0.0348477
0.0163959
0.00104245
0.0598215
0.499951
0.383563
0.0174605
0.00385964
0.00461431
0.0453462
0.0340422
0.188559
0.415812
0.106502
0.0394779
0.089379
0.0798425
0.0923745
0.0164123
0.0531453
0.0488411
0.0394268
0.0352301
0.274605
0.346655
0.0239273
0.0157678
0.0549833
0.496102
0.409957
0.0280229
0.0328076
0.0307408
0.0905115
0.0491546
0.0849627
0.0956285
0.152199
0.0793751
0.0927454
0.0748474
0.19631
0.133193
0.0618082
0.0252139
0.0191853
0.0600639
0.0406227
0.111695
0.144852
0.134915
0.0864741
0.0510234
0.117219
0.342284
0.193126
0.210596
0.171713
0.0850867
0.140186
0.0753347
0.0927242
0.110637
0.0956644
0.108335
0.0740573
0.0510394
0.0680326
0.117788
0.403787
0.470369
0.266795
0.0830062
0.0891368
0.0859605
0.041121
0.0618946
0.101682
0.19279
0.142177
0.055562
0.156648
0.233193
0.0827744
0.108482
0.131073
0.116383
0.113929
0.0421653
0.0254557
0.0244134
0.0291173
0.0676035
0.209454
0.327548
0.297289
0.0500965
0.0279262
0.0517979
0.0673446
0.0941532
0.202871
0.46273
0.438472
0.0563156
0.118036
0.337056
0.073949
0.0362368
0.0643922
0.0645293
0.0519975
0.0117262
0.21716
0.420497
0.0613016
0.0521078
0.0739776
0.0432819
0.0314012
0.0273198
0.0226534
0.078344
0.0485145
0.0334671
0.0953582
0.27116
0.445765
0.0110499
0.0460785
0.0934867
0.0828481
0.109945
0.106371
0.164566
0.457641
0.0232066
0.190577
0.222722
0.107205
0.117697
0.160956
0.055336
0.0248132
0.0580729
0.249007
0.171065
0.152883
0.106315
0.0895435
0.0425997
0.0664557
0.26474
0.156912
0.103397
0.103859
0.130834
0.154646
0.108992
0.277615
0.0855305
0.523049
0.131176
0.0963368
0.06781
0.0773833
0.0591915
0.0958506
0.293209
0.23262
0.111426
0.0953463
0.0567276
0.0846574
0.0649342
0.0781465
0.286619
0.205888
0.0704167
0.0873424
0.107319
0.169579
0.130042
0.093078
0.125661
0.360043
0.185013
0.190752
0.0534055
0.0920569
0.0300926
0.0808677
0.262861
0.285641
0.34425
0.234013
0.0929109
0.154604
0.0840776
0.138177
0.153214
0.0873219
0.0130557
0.0686171
0.298886
0.088247
0.0285613
0.0380718
0.0329313
0.017328
0.00351106
0.0474798
0.488609
0.365654
0.0460129
0.0236842
0.0129926
0.111093
0.0782759
0.149091
0.264558
0.0786012
0.039402
0.0807794
0.0588923
0.0329071
0.0351572
0.158219
0.487827
0.241435
0.0531656
0.0416601
0.0656852
0.0574368
0.0105862
0.00916122
0.205307
0.350454
0.0841698
0.0700794
0.0915597
0.22894
0.0774293
0.0687504
0.0367751
0.0753121
0.0506942
0.055903
0.140773
0.169238
0.0421953
0.054684
0.216019
0.191189
0.0747073
0.0813242
0.249301
0.569858
0.10546
0.0463208
0.00687164
0.0158762
0.0296263
0.05665
0.354886
0.095926
0.108281
0.194131
0.133189
0.138439
0.0695872
0.0548599
0.0872698
0.0526765
0.0921232
0.078479
0.20495
0.507117
0.224408
0.0830801
0.0244583
0.111406
0.109685
0.126935
0.136454
0.106177
0.0251357
0.0479635
0.110393
0.0400464
0.140372
0.152351
0.205544
0.404598
0.292058
0.0490856
0.101311
0.0282595
0.0893385
0.0692122
0.0789616
0.222044
0.217852
0.116692
0.0220643
0.0433927
0.0489546
0.0630091
0.0535725
0.148046
0.494517
0.350165
0.0431238
0.0682174
0.164238
0.184124
0.0791089
0.175401
0.181423
0.0296812
0.0723061
0.152765
0.0906318
0.119462
0.0846081
0.153468
0.293393
0.202153
0.245112
0.0340595
0.00357643
0.00338605
0.00965694
0.030534
0.189776
0.387309
0.0428545
0.0266365
0.00766106
0.0131658
0.0274861
0.0356466
0.213553
0.468099
0.0526881
0.0903495
0.00977148
0.00917895
0.0417051
0.078833
0.174999
0.241711
0.131923
0.0544001
0.00930329
0.0269007
0.0602723
0.0842445
0.362926
0.468099
0.0715748
0.0778381
0.0299697
0.0110649
0.0186249
0.0237093
0.155611
0.445006
0.0332983
0.186738
0.0354584
0.0269178
0.0405114
0.0430625
0.0691295
0.246217
0.0908142
0.0288242
0.00365561
0.01004
0.0176054
0.0307824
0.315847
0.466008
0.0382665
0.0299997
0.000857293
0.0131966
0.0536273
0.0689577
0.227261
0.466008
0.102445
0.0983376
0.0951278
0.162063
0.108068
0.108315
0.0399653
0.0817744
0.0834354
0.135822
0.238319
0.200276
0.195932
0.154382
0.063442
0.0518264
0.0580151
0.0102105
0.03111
0.0748527
0.139246
0.150324
0.228911
0.474687
0.127011
0.0536337
0.0987826
0.136931
0.273213
0.17183
0.19004
0.33002
0.24227
0.0894438
0.0837758
0.100001
0.300916
0.169973
0.0522763
0.0388341
0.0315449
0.0864038
0.0304519
0.149779
0.423949
0.176263
0.0168833
0.0184025
0.0655786
0.0458665
0.0507667
0.115332
0.375221
0.186158
0.0361661
0.0772643
0.138979
0.100048
0.0742996
0.325109
0.437704
0.129672
0.00943214
0.00869244
0.0372398
0.160212
0.0433995
0.0898951
0.158294
0.0847795
0.0490125
0.0652505
0.155734
0.466332
0.107772
0.0559082
0.00535428
0.0355113
0.0908977
0.0822365
0.190931
0.128062
0.119544
0.278909
0.147626
0.176913
0.0780156
0.0588671
0.0699676
0.322917
0.169856
0.101433
0.0641612
0.457403
0.14463
0.0726137
0.0694975
0.0623385
0.11028
0.056015
0.0676539
0.0817203
0.0636307
0.0765326
0.098936
0.0443585
0.0638755
0.0990333
0.104757
0.211606
0.300845
0.0929377
0.176413
0.0446946
0.0922182
0.0799373
0.08132
0.108469
0.253754
0.267403
0.175882
0.0807536
0.0886873
0.0946911
0.124231
0.161976
0.238864
0.341292
0.479019
0.0628523
0.0957049
0.121661
0.0509902
0.144459
0.141022
0.051878
0.0880363
0.142283
0.102251
0.0914665
0.0534958
0.208884
0.133636
0.207496
0.296529
0.0524343
0.0579698
0.0611271
0.070233
0.165283
0.0970927
0.207386
0.202148
0.095125
0.12572
0.0871583
0.0617604
0.274985
0.15973
0.531644
0.26966
0.102977
0.0361281
0.0388702
0.0782867
0.243616
0.165325
0.268412
0.232743
0.0613525
0.021595
0.0961121
0.149753
0.196001
0.284691
0.215183
0.0581357
0.0676143
0.131807
0.177953
0.172773
0.305287
0.105046
0.298905
0.163543
0.0438213
0.0415946
0.232918
0.262969
0.210299
0.120023
0.0995972
0.0563906
0.0257817
0.00342908
0.0355664
0.0546469
0.0499334
0.251117
0.261004
0.0670013
0.0314234
0.00028778
0.00301486
0.048666
0.0640923
0.249593
0.59444
0.170126
0.063106
0.00770067
0.053399
0.0726238
0.0497712
0.121301
0.207424
0.0757486
0.100988
0.0269475
0.0313875
0.1179
0.0883486
0.157454
0.439403
0.129121
0.0042092
0
0
0.0281703
0.0384007
0.171604
0.441625
0.115165
0.0597199
0.0232663
0.0340777
0.0675
0.0348473
0.145484
0.370383
0.234387
0.0508979
0.0197191
0.0256267
0.06127
0.0371418
0.104199
0.388427
0.151759
0.106904
0.0449886
0.0267422
0.0278018
0.0352492
0.183884
0.441625
0.231102
0.0691625
0.0452848
0.0899113
0.246168
0.0464321
0.0178592
0.0957015
0.149292
0.0331204
0.0625241
0.256637
0.494364
0.0348853
0.0102992
0.00390902
0.0071083
0.102531
0.0971316
0.0783237
0.304035
0.0658908
0.106788
0.186283
0.0968803
0.0299704
0.0481995
0.142278
0.546787
0.126628
0.042985
0.0237978
0.0271192
0.0287035
0.0648317
0.148994
0.175771
0.164416
0.0345854
0.0111121
0.00358691
0.0362434
0.0463213
0.0391058
0.140236
0.441149
0.0384575
0.0110739
0.00394285
0.0183538
0.0106533
0.0544973
0.435003
0.234608
0.0370027
0.0172248
0.0244294
0.00662814
0.00387675
0.0070571
0.445846
0.445846
0.0225688
0.0187907
0.00783972
0.0188716
0.0237944
0.0231335
0.0659254
0.117997
0.0893621
0.109062
0.074383
0.0414214
0.0537688
0.0454032
0.0596044
0.0448179
0.0572694
0.25284
0.347599
0.113308
0.0149427
0.012912
0.0666827
0.167847
0.0629235
0.134573
0.408587
0.239965
0.0447405
0.0539076
0.0720072
0.0500575
0.0799591
0.3353
0.527869
0.0185859
0.0327591
0.0288702
0.031084
0.0239344
0.0648213
0.243005
0.232656
0.0315939
0.107849
0.0668397
0.0405442
0.0456474
0.0898037
0.282372
0.127281
0.32607
0.0801051
0.0416711
0.0694148
0.0226154
0.0830008
0.220086
0.467564
0.332751
0.168897
0.0560514
0.0957722
0.0547278
0.0734274
0.120917
0.373462
0.0461062
0.100611
0.117338
0.123065
0.119675
0.097137
0.135704
0.0715754
0.0589106
0.0214029
0.124828
0.176478
0.206299
0.0954466
0.0892225
0.0688981
0.342016
0.209772
0.0547733
0.143831
0.132232
0.0878957
0.0527573
0.296597
0.423688
0.329352
0.0429309
0.164068
0.257277
0.0832314
0.0887558
0.21191
0.122786
0.0252947
0.0359553
0.040248
0.0959025
0.0593891
0.12338
0.100638
0.151631
0.0690221
0.0786504
0.164928
0.11965
0.0726308
0.125606
0.0760764
0.456978
0.161454
0.0236931
0.0282649
0.0940893
0.0264568
0.0686075
0.338385
0.451014
0.125654
0.0855824
0.090972
0.0798928
0.0429867
0.0915081
0.414724
0.112207
0.0415054
0.0509609
0.137248
0.0717015
0.0560764
0.196016
0.132226
0.1323
0.0290132
0.0187201
0.0172978
0.0417
0.285766
0.403387
0.181211
0.260032
0.0542065
0.0375891
0.0694772
0.0574105
0.0545016
0.135964
0.278075
0.489586
0.0489425
0.00294271
0.00649076
0.0272437
0.170791
0.141871
0.284769
0.10983
0.0731257
0.0585395
0.181024
0.0638117
0.199412
0.187632
0.0573676
0.10387
0.0816351
0.0942512
0.48942
0.135431
0.0531407
0.0601926
0.186729
0.409334
0.143517
0.0284076
0.0401721
0.0229481
0.11591
0.0808635
0.121686
0.318018
0.230055
0.0841065
0.0876222
0.0367088
0.0321366
0.0415753
0.294203
0.0591611
0.00941971
0.0255843
0.270308
0.132859
0.0230246
0.0568203
0.217624
0.052469
0
0.00616056
0.330878
0.239132
0.0199557
0.182602
0.159391
0.148606
0.0548171
0.0222508
0.0407096
0.0387901
0.0106021
0.0894194
0.39273
0.173676
0.00805087
0.00211614
0.0520024
0.0739936
0.0130355
0.356867
0.470908