0.0189701
0
0
5.42377e-005
5.42377e-005
0
0
0.0353472
0.00356316
0
0
0
0
0
0
0.00465732
0.227638
0.00339572
0.00821984
0.095077
0.119063
0.246327
0.143932
0.474946
0.531412
0.00649392
0.00243216
0.0192309
0.0154287
0.0466432
0.0184983
0.527512
0.0106105
0
0
0
0
0
0
0.0106105
0.0443572
0
0
0
0
0
0
0.0435289
0.628608
0.00980106
0.000530956
0.00629561
0
0
0
0.243093
0.628608
0.0557349
0.000132739
0.0015739
0
0
0
0.285316
0.0678931
0
0
0
0
0
0
0.0442099
0.202439
0.00614165
0
0
0
0
0
0.0538646
0.623911
0.0518217
0.00380373
0
0
0
0
0.223209
0.623911
0.0695358
0.0057056
0
0
0.000253191
0.00430426
0.228385
0.204159
0.0154651
0
0
0
0
0
0.0591406
0.395486
0.0275607
0
0
0
0
0
0.0985851
0.563384
0.0848419
0.00433162
0
0
0.000327044
0.00555977
0.16079
0.563384
0.143142
0.00573699
0
0
8.1761e-005
0.00138994
0.209092
0.345707
0.0328106
0
0
0
0
0
0.0642948
0.501557
0.0474689
0
0
0
0
0
0.113691
0.501557
0.0942482
0.000747436
0
0
0
0
0.116606
0.501557
0.0867325
0
0
0
0
0
0.160898
0.448813
0.040461
0
0
0
0
0.000897849
0.0806649
0.448813
0.180279
0.022198
0.0148263
0.00530683
0.00085176
0.0207126
0.142349
0.448813
0.0560344
0.0187058
0.00013271
0.0118113
0.0116637
0.0103441
0.130897
0.448813
0.11596
0.100297
0.102093
0.061108
0.0473227
0.0466979
0.15723
0.295498
0.132231
0.0335032
0.0445586
0.0700319
0.0483056
0.134185
0.258918
0.0555187
0.00767583
0.024432
0.112522
0.184614
0.0747574
0.145746
0.161586
0.218853
0.0757982
0.215244
0.313893
0.188244
0.0789888
0.0915374
0.163218
0.0290279
0.00741457
0.242454
0.399795
0.345399
0.131227
0.128852
0.0946929
0.125789
0.00608767
0.00662136
0.0618967
0.084914
0.361419
0.115529
0.206787
0.402029
0.0194923
0.0525799
0.0259347
0.035339
0.182445
0.034697
0.283984
0.0341175
0.00405844
0.00165534
0.0132272
0.0652125
0.402029
0.138519
0.0300455
0.124006
0.0301213
0.140161
0.0315113
0.0699056
0.402029
0.266024
0.0562206
0.493886
0.0451152
0.0759413
0.0242863
0.00183204
0.0166987
0.00260439
0.182088
0.493886
0.055353
0.0174703
0.00577576
0
0
0
0.208262
0.187155
0.0754669
0.19911
0.0594519
0.0760233
0.231011
0.107452
0.0604363
0.418151
0.0727366
0.0520731
0.0302271
0.0446285
0.0653675
0.03848
0.158128
0.493324
0.0373144
0.0100472
0
0
0.00347997
0.00633493
0.170681
0.493324
0.137569
0.0312981
0
0.00427155
0.0161373
0.0387209
0.147419
0.357241
0.0699832
0.0975054
0.0562175
0.0053945
0.0159316
0.0265665
0.13848
0.182733
0.309715
0.25076
0.0882398
0.0204842
0.0291313
0.109791
0.10858
0.503702
0.173293
0.0484826
0.000550804
0.0109343
0.0106715
0.0368724
0.0923544
0.503702
0.152347
0.0704434
0.00220322
0.00695136
0.00364049
0.00938589
0.116201
0.0890287
0.25461
0.125689
0.021445
0.0481007
0.0602358
0.188876
0.085815
0.394747
0.0885192
0.0984811
0.0134541
0.0333171
0.073082
0.123128
0.159242
0.536491
0.0701283
0.0146986
0.000703963
0.000726646
0.000381797
0
0.105309
0.536491
0.04263
0
0.000717499
0.0034674
0.00521465
0.00502301
0.1344
0.413255
0.0203693
0.0325153
0.0189411
0.0154842
0.0274875
0.0209621
0.129213
0.341719
0.0458083
0.0529882
0.0709353
0.0361716
0.0256754
0.0128892
0.125176
0.412262
0.0281332
0.0643392
0.0544556
0.0676335
0.0158757
0.0128856
0.0991601
0.166897
0.0535438
0.252905
0.260632
0.195469
0.0426371
0.0304806
0.078886
0.0991308
0.0734433
0.213273
0.233506
0.126806
0.0243615
0.00932187
0.0493707
0.0174873
0.109714
0.396309
0.418995
0.276484
0.00964004
0.00328927
0.0114694
0.0216408
0.0657334
0.233239
0.305493
0.209818
0.0359345
0.0384156
0.0257706
0.0880928
0.0692173
0.188197
0.298205
0.245676
0.16835
0.147521
0.0615125
0.0101953
0.112829
0.236541
0.306555
0.209129
0.0338156
0.0405513
0.0468625
0.256937
0.169323
0.212221
0.148952
0.233637
0.171941
0.165493
0.159422
0
0
0
0.00244234
0.0326435
0.296581
0.103208
0.000604422
0.000277188
0.012572
0.0693997
0.0216449
0.0625644
0.538186
0.44807
0.000906633
0
0
0
0.0026346
0.00370555
0.0338464
0.00678124
0.000402948
0
0
0
0.0108736
0.0431418
0.538186
0.233699
0.000604422
0.00988014
0.016204
0.0514763
0.0224514
0.0594148
0.445088
0.211225
0.00511684
0.0496127
0.0355957
0.0452663
0.0352562
0.0374654
0.215242
0.135059
0.040408
0
0
0
0.00370006
0.0436487
0.445088
0.305054
0.00512719
0.00180261
0.0142481
0.0645974
0.0276611
0.0345643
0.445088
0.364062
0.038473
0.106281
0.167648
0.235189
0.145357
0.0128913
0.0634233
0.0793959
0.0622179
0.132577
0.32776
0.320568
0.166533
0.0240872
0.0163719
0.149667
0.163554
0.093926
0.128918
0.274236
0.119889
0.0530534
0.240637
0.217077
0.0528162
0.231206
0.165771
0.182058
0.0821126
0.0324745
0.0611766
0.239777
0.322282
0.12246
0.155196
0.0903578
0.0377325
0.039632
0.0634257
0.223807
0.234024
0.284404
0.0409775
0.0965946
0.0789301
0.031814
0.0936857
0.172972
0.251855
0.15049
0.0432676
0.0233975
0.0127715
0.015526
0.0453455
0.268671
0.494027
0.209007
0.0581961
0.0896462
0.117775
0.0265129
0.0673933
0.24028
0.328954
0.215087
0.042608
0.129972
0.129382
0.054815
0.062771
0.0511603
0.143777
0.105084
0.156096
0.216745
0.229149
0.136158
0.0525796
0.018193
0.0796194
0.128123
0.11849
0.185077
0.182884
0.0667718
0.048157
0.109661
0.0920113
0.0293857
0.241904
0.474862
0.372848
0.27907
0.119237
0.135455
0.0230917
0.0087649
0.0861112
0.199388
0.228402
0.0913778
0.0123842
0.00232536
0.00991238
0.0107211
0.109249
0.318793
0.338992
0.132264
0.0107909
0.00439738
0.0107898
0.00253768
0.106928
0.277049
0.31442
0.158378
0.0201989
0.0157794
0.00182318
0.045592
0.133506
0.407908
0.407908
0.181718
0.0618759
0.0380791
0.038489
0.0343799
0.105118
0.229726
0.177237
0.113883
0.0502576
0.0307931
0.0493494
0.110507
0.0831939
0.146653
0.0978172
0.177405
0.105796
0.132209
0.101465
0.0924376
0.122028
0.389316
0.22719
0.244031
0.21745
0.12392
0.0897494
0.0656143
0.0599313
0.0805069
0.180152
0.404668
0.255974
0.292659
0.0732919
0
0
0
0.00214946
0.00256887
0
0
0
0
0
0
0.0146852
0.128537
0.855715
0.262322
0
0
0
0
0
0
0
0
0
0
0
0
0.00224834
0.0125869
0.028945
0.00674062
0
0
0
0
0.00195209
0.0288244
0.428891
0.166669
0.00167425
0.000595491
0.00195546
0.0187558
0.00630358
0.0566309
0.482271
0.385753
0.0130624
0
0
0
0.000705929
0.0108312
0.111027
0.0394091
0
0
0
0
0.00121888
0.0518128
0.482271
0.324584
0.00171061
0.0149744
0.0141864
0.0568457
0.0165165
0.0626391
0.382293
0.19327
0.0114765
0.0339469
0.0178872
0.045184
0.013045
0.0231767
0.179209
0.134467
0.0815752
0
0
0
0.00157164
0.0395767
0.475315
0.384903
0.00573624
0.00237136
0
0.00616466
0.0129247
0.0114048
0.475315
0.313756
0.00950882
0.0233177
0.00845181
0.0428909
0.0248479
0.0109418
0.0905111
0.160339
0.173315
0.191717
0.145247
0.130773
0.067273
0.0221225
0.0619609
0.136906
0.118024
0.0107233
0.00712974
0.24564
0.130917
0.0543128
0.318992
0.16569
0.0113817
0.213477
0.389554
0.532871
0.196702
0.144721
0.106829
0.0380122
0.0104363
0.120979
0.143662
0.100968
0.0300767
0.0286513
0.0221009
0.0392189
0.0370557
0.0297392
0.207671
0.275074
0.147963
0.122258
0.0518871
0.0600216
0.0284676
0.180564
0.315749
0.234
0.11389
0.10034
0.0484403
0.0135309
0.0322693
0.0650729
0.379285
0.414248
0.401583
0.214967
0.0439244
0.0200944
0.04018
0.000911911
0.0828832
0.21703
0.205905
0.103409
0.0129774
0.0116717
0.00271655
0.0185353
0.0426385
0.375826
0.334981
0.122589
0.0272503
0.0177143
0.0285497
0.00204141
0.107852
0.346509
0.357159
0.143529
0.00615083
0.00661813
0.00335538
0.00845859
0.00778214
0.375826
0.375826
0.141317
0.000422696
0.00128866
0.0179138
0.0435317
0.0350022
0.322802
0.226501
0.173497
0.144999
0.160292
0.103412
0.0324619
0.0518563
0.0770357
0.150299
0.374443
0.285251
0.294935
0.0936169
0.0239163
0.00518321
0.210285
0.183934
0.0811851
0.0408596
0.0826461
0.0816647
0.0565613
0.0347641
0.038101
0.121113
0.166416
0.351503
0.267161
0.146456
0
0
0
0
0
0
0
0
0
0
0
0
0
0
0
0
0
0
0
0
0
0
0
0
0
0
0
0
0
0
0
0
0
0
0
0
0.00589072
0.0211403
0.00288957
0
0
0
0
0.00219198
0.0406585
0.894783
0.317171
0.00171175
0
0
0
0
0
0
0
0
0
0
0
0.000547994
0.0105379
0.0917156
0.0200275
0
0
0
0
0.000376504
0.0106625
0.45279
0.220559
0.00145628
0.00519248
0
0.00448035
0.00896559
0.0138829
0.45279
0.314767
0.0012763
0
0
0
0.000157881
0.0124092
0.223413
0.0796744
0
0.00346165
0
0.00106972
0.00693417
0.0289696
0.45279
0.367009
0.00199623
0.0213486
0.000650878
0.0899026
0.0777693
0.0587481
0.328449
0.15463
0.0012558
0.0425366
0.0947081
0.19418
0.125488
0.167931
0.298626
0.044184
0.00607435
0.0142324
0
0.00439809
0.0237405
0.0478849
0.4641
0.366129
0.0082074
0.0133923
0.0505708
0.0747845
0.0605762
0.131096
0.4641
0.152098
0.0202076
0.0365619
0.154748
0.159695
0.1393
0.105274
0.119656
0.0143709
0.0108155
0.0240207
0.237934
0.308077
0.351071
0.155052
0.014042
0.00474721
0.00764629
0.0107901
0.223709
0.222535
0.157109
0.10091
0.193808
0.0316382
0.017021
0.0106983
0.269253
0.378399
0.378399
0.185469
0.0099983
0.00544519
0.00425525
0.0055391
0.0799083
0.273137
0.348924
0.147483
0.00451342
0.00273364
0.000536355
0.0248206
0.0221185
0.273153
0.355761
0.166547
0.0171304
0.00640389
0.0304374
0.0172702
0.0849966
0.355761
0.355761
0.132917
0.00904557
0.0229065
0.0249029
0.0897685
0.0644791
0.200966
0.355761
0.183003
0.0448466
0.0692964
0.0994514
0.0571175
0.00383303
0.092769
0.185457
0.115231
0.0254148
0.0286511
0.0834049
0.116797
0.00186858
0.00443881
0.120094
0.126617
0.194308
0.101782
0.157023
0.167755
0.0189731
0.03001
0.321258
0.325648
0.0647909
0.0855801
0.229776
0.331095
0.176192
0.203599
0.140261
0.162788
0.0287386
0.0836409
0.469505
0
0
0
0
0
0
0
0
0
0
0
0
0
0
0
0
0
0
0
0
0
0
0
0
0
0
0
0
0
0
0
0
0
0
0
0
0
0
0
0
0
0
0
0
0.0194857
0.0178273
0
0
0
0
0
0
0
0
0
0
0
0
0
0
0
0
0
0
0
0
0
0.000281028
0.00894291
0.0815336
0.0188802
0
0
0
0
0.00619725
0.043332
0.795661
0.462958
0.00355048
0
0
0
7.02569e-005
7.02569e-005
0
0
0
0
0
0
0.0209933
0.0567533
0.235399
0.0807598
0
0
0
0
0.00548855
0.0347521
0.410584
0.24518
0.00396275
0.00627615
0.0429495
0.0602797
0.0393214
0.0820941
0.410584
0.152305
0.00620194
0.0089529
0
0
0.0273917
0.127988
0.330359
0.139375
0.010169
0.019695
0.0457463
0.0464493
0.0592016
0.179683
0.410584
0.410584
0.0182939
0.0127638
0.160587
0.178363
0.111086
0.0721541
0.0966272
0.0196779
0.0051353
0.00613291
0.133502
0.410371
0.390376
0.130954
0.00385473
0.00150435
0.00128382
0.0134935
0.117416
0.128241
0.112806
0.0868196
0.265919
0.176416
0.003174
0.00630688
0.0716666
0.410371
0.410371
0.148752
0.0422996
0.00854931
0
0.0422975
0.0298058
0.43415
0.43415
0.0879387
0.00495097
0.0213469
0.0379112
0.141817
0.0269849
0.169586
0.260162
0.0932653
0.0195463
0.0530218
0.13808
0.0293836
0.00272101
0.43415
0.43415
0.0918481
0.000264369
5.03112e-005
0.0135033
0.0903473
0.000811559
0.074588
0.111835
0.0298965
0
0.000201245
0.0769757
0.14998
0.00684002
0.0161144
0.205116
0.205157
0.0414686
0.0336366
0.214501
0.268934
0.127386
0.204379
0.105081
0.12886
0.0415457
0.128347
0.557235
0.113623
0.00415822
0.00295082
0.0529999
0.0422968
0.00692429
0.000105379
0.125018
0.295995
0.0225066
0.0360806
0.0395483
0.0296378
0.0141553
0.0799738
0.413372
0
0
0
0
0
0
0
0
0
0
0
0
0
0
0
0
0
0
0
0
0
0
0
0
0
0
0
0
0
0
0
0
0
0
0
0
0
0
0
0
0
0
0
0
0
0
0
0
0
0
0
0
0
0
0
0
0
0
0
0
0
0
0
0
0
0
0
0
0
0
0
0
0
0
0
0.255423
0.400618
0.164479
0.0223583
0
0
0
0
0
0
0
0
0
0
0
0
0
0
0
0
0
0.0267909
0
0
0.0322359
0.100838
0.106112
0.0893812
0.0284261
0.0418873
0.0181698
0.025313
0.0469362
0.136755
0.602494
0.602494
0.0515804
0.00669773
0
0
0
0.000266841
0.000210286
0.00853721
0.00669773
0.0126733
0
0
0
0.0161064
0.332939
0.209586
0.0320865
0.0621396
0.0557328
0.0892596
0.0599581
0.0386738
0.408961
0.297715
0.0304694
0.0948338
0.106709
0.408961
0.389492
0.0926238
0.128572
0.0758639
0.0362722
0.129942
0.0443374
0.0469376
0.00525634
0.00951305
0.262982
0.200455
0.0881336
0.218725
0.151087
0.223798
0.137635
0.0471744
0.0917917
0.100739
0.111324
0.0474086
0.0574365
0.532286
0.425593
0.11538
4.98275e-005
0
0.0212656
0.0934293
0.0590783
0.0416871
0.0730498
0.0453434
0.00160861
0.0147969
0.0537977
0.135965
0.0959986
0.141194
0.255001
0.152235
0
0.0111206
0.0981406
0.214748
0.0965547
0.0965023
0.268032
0.309309
0.0507792
0.0916426
0.224518
0.0785391
0.0383883
0.0365298
0.124646
0.0202317
0.0101057
0.0180468
0.0354073
0.290504
0.0589462
0.0353246
0.208073
0.0479615
0.0395729
0.0944115
0.235839
0.131447
0.091199
0.123493
0.286404
0.177798
0.0763657
0.121238
0.0737056
0.316081
0.176134
0.126581
0.370626
0.142674
0.334019
0.251024
0.25687