0.0107588
0.0106682
0.0614071
0.264454
0.221642
0.0546931
0.00736216
0.0173562
0.0101845
0.0308649
0.0871176
0.327099
0.316576
0.0624577
0.0188028
0.0288217
0.0120209
0.0139091
0.0640797
0.247967
0.279447
0.100522
0.0118841
0.0309024
0.0170883
0.0154292
0.0786174
0.418309
0.321714
0.136663
0.0380713
0.0901906
0.00189517
0.0169907
0.0231547
0.322039
0.319147
0.0436402
0.00749413
0.00567106
0.0252885
0.0261919
0.0179791
0.256535
0.23484
0.0311651
0.0308683
0.0201064
0.00202047
0.0142324
0.0459074
0.473338
0.279122
0.107723
0.0177523
0.0264929
0.0208258
0.0494239
0.0535812
0.369043
0.229969
0.0825403
0.0452033
0.00686932
0.0641526
0.0652318
0.123547
0.142357
0.151293
0.0671232
0.122217
0.0674037
0.042694
0.112439
0.226775
0.109396
0.0841359
0.140667
0.137003
0.084135
0.0720778
0.0869816
0.0971645
0.285668
0.167885
0.15438
0.209893
0.0315347
0.112827
0.175309
0.131741
0.174894
0.1526
0.278526
0.277853
0.0645934
0.0327948
0.0796055
0.0728309
0.0845424
0.0643387
0.0966288
0.127248
0.061642
0.0799986
0.124924
0.12345
0.121982
0.123634
0.0738055
0.0635122
0.0359128
0.221174
0.223168
0.0747762
0.0631587
0.0765761
0.189597
0.203319
0.0806152
0.318022
0.286249
0.083293
0.0656875
0.0902398
0.223416
0.209996
0.254136
0.0629654
0.0815563
0.083689
0.0528797
0.0535852
0.0635851
0.0366751
0.0427617
0.0444767
0.0627052
0.125891
0.12371
0.0600805
0.0680208
0.0549362
0.0623087
0.190907
0.141502
0.0542898
0.0491339
0.0476001
0.173128
0.108904
0.223231
0.565487
0.223888
0.106662
0.0788672
0.0471569
0.0819088
0.16488
0.260439
0.0223816
0.0301658
0.0836243
0.156205
0.09899
0.0453206
0.00827676
0.0105172
0.126123
0.100835
0.113337
0.179198
0.17278
0.0497778
0.101016
0.066296
0.227754
0.101986
0.199177
0.164442
0.178083
0.0449642
0.0413797
0.0769731
0.144101
0.174536
0.387472
0.326573
0.354474
0.0507997
0.195901
0.24136
0.0204173
0.0201239
0.0327404
0.117782
0.0554222
0.0122497
0.0256684
0.020762
0.00218822
0.0102961
0.0365592
0.575052
0.353743
0.0077587
0.00564492
0.00648987
0.0286168
0.0436319
0.0658081
0.148098
0.0536031
0.00751211
0.0547041
0.0680487
0.0262284
0.0308642
0.0940652
0.575052
0.28903
0.0305077
0.0129875
0.0221658
0.00530441
0.00355191
0.0303944
0.146581
0.151427
0.0715309
0.0120964
0.0226359
0.00745793
0.000252581
0.0555018
0.215173
0.193663
0.10483
0.0226845
0.0622897
0.193819
0.154497
0.0686771
0.155464
0.154051
0.086518
0.0106451
0.124385
0.634904
0.0637565
0.0276938
0.157057
0.199756
0.10914
0.0305127
0.285003
0.00288935
0.00071498
0.0305221
0.161662
0.13397
0.0395453
0.0111627
0.0183898
0.0185141
0.0453294
0.0408297
0.123275
0.0999316
0.0398041
0.0194741
0.00509091
0.435012
0.00515156
0.0221774
0.0773594
0.111828
0.0267678
0.0247054
0.163912
0.721159
0.223039
0.0519393
0.0481457
0.063308
0.0179227
0.0198443
0.125922
0.0333017
0.056651
0.0375984
0.0393644
0.0224506
0.0281833
0.0238085
0.0161963
0.110916
0.0602302
0.0356328
0.0220345
0.0244299
0.0297672
0.0413408
0.0731343
0.414261
0.3401
0.0496325
0.0157953
0.00758601
0.00801417
0.00585995
0.0871316
0.67983
0.191481
0.0306506
0.0059692
0.00581233
0.00504012
0.0158129
0.301058
0.125782
0.0420059
0.00946254
0.0033346
0.00989763
0.0119813
0.0217772
0.0426334
0.198005
0.0522662
0.0059634
0.0006066
0.00497206
0.0223159
0.0347031
0.0979233
0.582055
0.0440075
0.00262174
0
0.00239073
0.00159143
0.00737515
0.156695
0.655889
0.0484491
0.00133768
0
0.00095267
0.00379366
0.0117137
0.252857
0.148344
0.0413938
0.00294704
0.00259781
0.002339
0.018675
0.0217082
0.10923
0.320771
0.107932
0.0061162
0.00414492
0.0016027
0.00428981
0.0144415
0.0665824
0.496646
0.0551283
0.000380816
0
0
0.00283206
0.00753795
0.276257
0.640859
0.165472
0
0
0
0.000412842
0.00092729
0.130489
0.286339
0.120918
0.0876598
0.022838
0.0150745
0.00148749
0.00834768
0.0566071
0.130047
0.149815
0.214726
0.0609649
0.0359399
0.00184922
0.0564125
0.173008
0.643202
0.15486
0.0567299
0.00898867
0.00247449
0.00924678
0
0.109626
0.338408
0.228124
0.203753
0.0721849
0.0129434
0.0341923
0.0819679
0.168599
0.0746724
0.0596522
0.0877517
0.128999
0.0390006
0.000694912
0.088479
0.214874
0.132281
0.0216776
0.110727
0.619291
0.19479
0.0689331
0.0419865
0.119188
0.122397
0.0897325
0.0831316
0.187655
0.07722
0.0643934
0.157029
0.169889
0.170276
0.0335782
0.0964378
0.356531
0.10614
0.0895819
0.160521
0.167572
0.121279
0.154651
0.10042
0.029398
0.0120098
0.00725127
0.00087747
0.0865851
0.486554
0.141399
0.0222951
0.0150757
0.013087
0.00674338
0.00295282
0.130987
0.0808252
0.220455
0.284488
0.21245
0.0161162
0
0
0.0500357
0.533992
0.299021
0.116328
0.149773
0.0455893
0.00720009
0
0.0769224
0.388439
0.0200941
0.00309994
0.00565904
0.00665997
0.001435
0.00306441
0.0875966
0.524746
0.0762953
0.00575004
0.00290696
0.0026932
0.000574153
0.0019793
0.0894936
0.41763
0.0801919
0.021492
0.0845945
0.0204743
0.00328218
0
0.0662136
0.528385
0.0812439
0.0274532
0.0671738
0.0135049
0
0
0.122638
0.375526
0.190683
0.00909579
0.000589132
0.000202034
0.000151124
0.000233123
0.0761154
0.422043
0.114554
0.00758123
0
0
0
0.00924379
0.190065
0.564523
0.10713
0.00867123
0.00773422
0.00406461
0.00692889
0.00923155
0.117085
0.351437
0.090989
0.0435236
0.0378626
0.0127134
0.0686589
0.0834442
0.206076
0.449505
0.0484845
0.0142876
0
0
0
0.00706188
0.141075
0.613183
0.0577825
0.01407
0
0
0
0
0.193937
0.167876
0.103798
0.0874736
0.0580797
0.019716
0.0441255
0.0717632
0.116509
0.416764
0.164958
0.109198
0.0575468
0.0300095
0.00384847
0.0258702
0.0904812
0.428011
0.0293091
0.000910373
0
0
0
0
0.153324
0.556204
0.0679567
0
0
0.00288246
0.00151451
0.00381622
0.0746369
0.412373
0.0513392
0.0219189
0.00808066
0.00753821
0.00311342
0.0072994
0.0646308
0.473403
0.0936775
0.0148729
0.0532712
0.0490017
0.00683639
0.0148309
0.0432733
0.393884
0.0419361
0.0385321
0.0355457
0.0337927
0.0283992
0.0128062
0.0774214
0.169493
0.0673962
0.143235
0.176299
0.0691259
0.0665302
0.0420557
0.0635807
0.221003
0.0573318
0.132756
0.282416
0.178
0.036807
0.0307535
0.0488731
0.0454077
0.072552
0.372317
0.507541
0.273678
0.0838315
0.0719277
0.0381377
0.0492851
0.0414964
0.0994383
0.302174
0.120876
0.0637136
0.0537668
0.0141689
0.0602026
0.0450629
0.0855561
0.269563
0.140517
0.0511651
0.0757026
0.0527869
0.00864235
0.0701739
0.277419
0.462276
0.279023
0.044548
0.0367614
0.00322853
0.0338952
0.056704
0.165187
0.420089
0.333649
0.0193122
0.0141464
0.0408197
0.0172132
0.0549141
0.188362
0.330487
0.100981
0.0161076
0.000191903
0.00172934
0.188861
0.0868381
0.0795376
0.294423
0.207327
0.0422689
0
0.028892
0.0596532
0.00500163
0.0615179
0.283884
0.291948
0.14784
0.050891
0.166788
0.14116
0.0817569
0.0391231
0.326814
0.447705
0.144113
0.0250962
0.114151
0.203355
0.0597567
0.0394877
0.215568
0.155973
0.0466159
0
0.0350165
0.413195
0.0794603
0.0740561
0.170424
0.182015
0.0723945
0.00269442
0.0843281
0.179806
0.169647
0.100348
0.204243
0.272172
0.115931
0.0061336
0.0583698
0.144722
0.149537
0.149907
0.287095
0.415979
0.180576
0.0116945
0.0432391
0.460862
0.053411
0.0270725
0.0606476
0.074752
0.0696331
0.0164472
0.1116
0.223714
0.0494913
0.150772
0.20396
0.113266
0.12223
0.11516
0.134373
0.0820404
0.0577189
0.0620401
0.251461
0.22154
0.187109
0.0621779
0.070579
0.0686134
0.0338229
0.1239
0.290776
0.190945
0.188926
0.318475
0.252366
0.0745507
0.0881375
0.177682
0.208018
0.126254
0.0746045
0.168648
0.100774
0.200818
0.157644
0.139649
0.197522
0.107242
0.0204311
0.11964
0.0869853
0.177855
0.0804967
0.172793
0.177611
0.152287
0.0903415
0.31422
0.327358
0.211273
0.280679
0.254566
0.169572
0.120529
0.0471573
0.136807
0.138458
0.230704
0.115573
0.0911322
0.0575286
0.0274158
0.019704
0.0382217
0.0469708
0.230918
0.279817
0.0924768
0.184941
0.110975
0.0174534
0.0379433
0.0238322
0.103278
0.236354
0.20663
0.0869113
0.0842522
0.0568855
0.0675591
0.0546388
0.122198
0.314343
0.47354
0.368605
0.153122
0.104483
0.0548804
0.0546376
0.0337545
0.0570645
0.0777787
0.28432
0.161881
0.00973799
0.0260858
0.00874333
0.00263336
0.0383912
0.210222
0.381032
0.207374
0.0182321
0.0397818
0.0106811
0.0179889
0.0684365
0.269491
0.396573
0.118471
0.016972
0.0175194
0.00916147
0.00189871
0.0299088
0.337707
0.462996
0.144038
0.00464317
0.0158159
0.00767312
0
0.0750846
0.30747
0.344364
0.164185
0.0179435
0.0244233
0.00466136
0.00689558
0.0453456
0.208734
0.358139
0.18986
0.0239476
0.00538683
0.0325032
0.000430607
0.0433941
0.418399
0.34245
0.0525091
0.0112527
0.00927319
0.00347506
0.000689787
0.0319514
0.188768
0.324861
0.191509
0.0422825
0.0186045
0.0214052
0.158108
0.0162085
0.0189179
0.0777749
0.0832678
0.078059
0.208006
0.317022
0.214263
0.124172
0.0760209
0.15441
0.132358
0.0571266
0.150944
0.164073
0.200295
0.01837
0.0314323
0.0477742
0.0514454
0.0726069
0.338541
0.305437
0.228273
0.119437
0.122618
0.211876
0.179329
0.0812649
0.371866
0.198997
0.278054
0.244526
0.0874931
0.101603
0.0765352
0.036775
0.0321125
0.086921
0.130597
0.169608
0.100254
0.17536
0.133896
0.0832146
0.043578
0.0821818
0.244445
0.192579
0.123966
0.330492
0.209095
0.0189872
0.0916947
0.0984733
0.115417
0.114994
0.162475
0.490987
0.234049
0.0563048
0.0879644
0.126554
0.0272269
0.0424321
0.0548416
0.180406
0.137677
0.138926
0.105252
0.123883
0.0280189
0.0138705
0.0211749
0.0706747
0.133152
0.265113
0.283849
0.27285
0.0492406
0.0405806
0.0796676
0.239854
0.206033
0.136963
0.186159
0.189126
0.0314568
0.00820284
0.00722915
0.0938335
0.288275
0.330624
0.34276
0.245313
0.0758766
0.0293468
0.0579928
0.0227272
0.0667852
0.167327
0.206708
0.254411
0.115237
0.142149
0.168912
0.0259276
0.0510588
0.0787687
0.109766
0.125334
0.0277344
0.0113045
0.0428298
0.102867
0.286936
0.289558
0.29294
0.201267
0.126904
0.252626
0.233617
0.17861
0.355073
0.1784
0.174263
0.124983
0.0477918
0.0872247
0.0733735
0.0232861
0.0672282
0.0343351
0.0553121
0.0569602
0.0285668
0.0842812
0.32775
0.292102
0.0946834
0.0438911
0.0323434
0.0501923
0.0821542
0.138617
0.141171
0.118631
0.156098
0.0658837
0.0735018
0.0955391
0.0358023
0.0657832
0.516718
0.525578
0.182476
0.104889
0.0473484
0.0593738
0.02961
0.0448022
0.290837
0.321197
0.0429184
0.00888139
0.00296274
0.0163827
0.0323214
0.0256642
0.280456
0.376187
0.0542723
0.000238845
0
0.0175487
0.0577484
0.0553772
0.329013
0.385648
0.0541538
0.0195147
0.00276449
0.013842
0.0562598
0.0432178
0.272345
0.431258
0.059454
0.00138802
0
0.0146056
0.00827718
0.0416267
0.406258
0.404406
0.0720297
0.036031
0.00206937
0.00613408
0.00801394
0.0267486
0.128974
0.187294
0.260744
0.105868
0.0530073
0.0451915
0.0106331
0.0220868
0.265158
0.499556
0.130885
0.0841961
0.000369423
0.00370797
0.0384082
0.0344236
0.0841825
0.094282
0.212331
0.170481
0.054122
0.0439749
0.135964
0.0220284
0.0518627
0.100601
0.136113
0.0634874
0.195068
0.169299
0.323814
0.146006
0.13043
0.28767
0.295795
0.0914278
0.342975
0.342227
0.0477487
0.0122889
0.0116273
0.0611977
0.0584235
0
0
0.051132
0.29976
0.061367
0.0327163
0.174831
0.157378
0.000145952
0.0210223
0.256677
0.0860983
0.0478485
0.0556748
0.252829
0.261028
0.0259227
0.0501196
0.0699981
0.103539
0.0401547
0.0855189
0.382401
0.418091
0.0953383
0.0803207
0.119871
0.120186
0.047354
0.0227231
0.131774
0.184823
0.0281015
0.0252962
0.0807604
0.240394
0.121379
0.0514294
0.24397
0.365286
0.153795
0.14976
0.182518
0.109569
0.0657589
0.0502662
0.141852
0.218558
0.0947945
0.0991917
0.132732
0.0379171
0.0464023
0.0209402
0.0826788
0.223209
0.230952
0.135538
0.0834309
0.230968
0.14405
0.104328
0.299038
0.303696
0.156912
0.181381
0.213798
0.188622
0.174464
0.127761
0.167886
0.170896
0.308607
0.225608
0.146668
0.0179389
0.00895754
0.0186937
0.116601
0.202987
0.161038
0.0951202
0.0616444
0.0395915
0.0979404
0.0743977
0.247303
0.445889
0.102984
0.0590902
0.0359422
0.0475294
0.0586129
0.038471
0.156538
0.157238
0.214308
0.12442
0.0755864
0.0210734
0.148926
0.106681
0.391919
0.480458
0.122387
0.0381845
0.0459176
0.0376637
0.0906039
0.149345
0.206672
0.179139
0.0679401
0.0436384
0.0260669
0.0331307
0.0920714
0.425886
0.342505
0.0844585
0.0612988
0.0261004
0.0178167
0.0321889
0.189574
0.214203
0.281684
0.209626
0.0610137
0.0280848
0.00384115
0.0327318
0.227563
0.375193
0.308589
0.118509
0.0299021
0.025815
0.000438707
0.0468547
0.0896516
0.32542
0.307261
0.0746935
0.017435
0.00508032
0.00672682
0.0356641
0.0535473
0.283402
0.370149
0.0768777
0.00313501
0.000901188
0.00548743
0.0139807
0.127339
0.31629
0.350045
0.134761
0.0124954
0.0139032
0.00160058
0.0124951
0.0456129
0.281363
0.390924
0.10052
0.016164
0.0126921
0.00425931
0.0206742
0.0209122
0.320005
0.496758
0.143864
0.0890422
0.0138923
0.00931291
0.0362488
0.03414
0.0767628
0.0890292
0.287062
0.169888
0.048879
0.0433746
0.0358954
0.0272294
0.202993
0.322213
0.123239
0.151889
0.076266
0.026494
0.0122374
0.0120911
0.0571052
0.060969
0.279568
0.242352
0.127294
0.053322
0.020673
0
0
0.0593449
0.0604377
0
0
0.020673
0.427671
0.000929018
0.0348872
0.427603
0.423565
0.00635224
0.00971284
0.358698
0.000438681
0
0
0.00583042
0.00819003
0
0
0.000438681
0.083966
0
0.00801936
0.114345
0.155304
0.0147414
0
0.10851
0.190282
0.066339
0.053045
0.215008
0.188284
0.0136503
0.013581
0.1405
0.261078
0.171759
0.170052
0.495603
0.364062
0.0893025
0.0960256
0.239572
0.0805369
0.00779784
0.0296367
0.092808
0.114246
0.0133743
0
0.0934313
0.126587
0.0146131
0.107268
0.211394
0.21465
0.00891623
0.00575003
0.173197
0.111186
0.0874115
0.174047
0.291144
0.20823
0.058824
0.0786076
0.171445
0.170879
0.109589
0.230617
0.194592
0.136045
0.294626
0.174708
0.16712
0.0712923
0.0162217
0.106288
0.0848595
0.103912
0
0.0158556
0.13103
0.0644874
0.02238
0.176846
0.397472
0.336432
0.232861
0.065082
0.0992228
0.0355446
0.0317939
0.0817423
0.146522
0.164484
0.234925
0.0933947
0.0324965
0.0219211
0.130629
0.110516
0.168732
0.243477
0.152608
0.053118
0.0407011
0.00588858
0.00966466
0.15139
0.470852
0.329849
0.239921
0.101372
0.0159768
0.00610276
0.0504009
0.138553
0.202737
0.187373
0.310657
0.246014
0.0685867
0.0280961
0.241293
0.203302
0.138972
0.12568
0.056145
0.0326532
0.0258985
0.00983426
0.248829
0.354454
0.247064
0.112945
0.0161657
0.00853094
0
0.0174842
0.126065
0.146064
0.13322
0.11277
0.15663
0.134987
0.0535818
0.0416333
0.186259
0.45817
0.410666
0.0936595
0.00755069
0.0154647
0.00671881
0.00197474
0.103343
0.308415
0.369089
0.118615
0.0066387
0.00514362
0
0.00351632
0.0149143
0.176608
0.349773
0.134961
0.0170568
0.0122287
0.00131649
0.0150616
0.0776899
0.397681
0.446996
0.105265
0.00741768
0.00380837
0.00282356
0.0146436
0.0199369
0.149909
0.294844
0.15518
0.0189181
0.00460611
0.00453089
0.0335409
0.0138453
0.108782
0.296731
0.199485
0.124931
0.0519816
0.0109719
0.0256675
0.0257829
0.128282
0.155622
0.18837
0.174944
0.0994083
0.0331468
0.0698601
0.0378538
0.120827
0.451195
0.296
0.0347409
0.00794484
0.0176702
0.0683435
0.0503053
0.19592
0.349824
0.275442
0.0456991
0.0220436
0.0668544