0.255779
0.184781
0.234197
0.0394938
0.0791716
0.174163
0.157349
0.226627
0.235468
0.0763654
0.2657
0.0886849
0.0985559
0.119021
0.0636522
0.223432
0.249389
0.125721
0.174431
0.0248815
0.029665
0.24683
0.299549
0.219625
0.109074
0.0800213
0.0526453
0.0571861
0.107927
0.182525
0.117647
0.114873
0.167323
0.0329332
0.100517
0.0789872
0.0767826
0.0774155
0.0450783
0.176134
0.262132
0.0267584
0.0428342
0.105585
0.157851
0.106936
0.128158
0.614175
0.0827807
0.0509707
0.0226808
0.0477126
0.0923127
0.0605652
0.0311821
0.0451328
0.178
0.218796
0.0767754
0.268001
0.301354
0.0677825
0.0482136
0.139918
0.183606
0.022022
0.00545986
0.0234942
0.0238866
0.0148443
0.039389
0.337073
0.30814
0.0529023
0.0142048
0.0393218
0.0683701
0.0536621
0.0313837
0.506456
0.112126
0.121721
0.0386795
0.0977593
0.0662227
0.0842833
0.0927532
0.146382
0.290449
0.135221
0.090914
0.0641811
0.10691
0.153262
0.183008
0.411819
0.112235
0.0307142
0.0341516
0.213919
0.180943
0.0461173
0.00876717
0.160101
0.04196
0.0339645
0.0709531
0.427665
0.243422
0.0331359
0.00123849
0.0179345
0.105558
0.0546822
0.0939039
0.321244
0.291272
0.063618
0.0357057
0.169662
0.0619567
0.0356115
0.0377511
0.459471
0.342368
0.0297144
0.0102685
0.0327156
0.0784712
0.0606893
0.100013
0.299117
0.166463
0.0583878
0.00268532
0.0205894
0.0767131
0.0558542
0.0768896
0.0759043
0.0560908
0.0637543
0.0359601
0.0463184
0.205314
0.126777
0.0590323
0.347022
0.157477
0.053791
0.0353301
0.0664678
0.395632
0.5166
0.30806
0.0571906
0.0635528
0.0742531
0.0523656
0.0632933
0.0340741
0.0174585
0.0197597
0.0135144
0.0391555
0.0495425
0.0312705
0.045525
0.10948
0.122732
0.106663
0.0393258
0.0724461
0.0759296
0.0454695
0.0717729
0.266786
0.363898
0.214899
0.00715082
0.0316957
0.044078
0.0229106
0.107679
0.39582
0.472368
0.348412
0.00921834
0.0490023
0.0529129
0.0354398
0.336757
0.116552
0.168865
0.150633
0.0459319
0.0621758
0.0850833
0.0609301
0.0572439
0.0610025
0.118409
0.104458
0.110734
0.0933622
0.0910867
0.137968
0.129207
0.248736
0.2379
0.215786
0.0844123
0.216404
0.092599
0.0627174
0.186143
0.0532791
0.0691934
0.0961748
0.447852
0.490343
0.127611
0.145669
0.106693
0.158593
0.0457648
0.0457508
0.0169508
0.00857466
0.0349196
0.0406697
0.104872
0.089926
0.0345736
0.0214903
0.0178743
0.0220823
0.0435191
0.0179258
0.109691
0.375617
0.0262028
0.0516939
0.0574977
0.0238269
0.0382668
0.062262
0.3036
0.565394
0.0238907
0.0046546
0.00840294
0.0107067
0.0239472
0.0119294
0.555779
0.0573429
0.01245
0.0111394
0.017672
0.0204073
0.0279884
0.00654026
0.0584073
0.103634
0.0552662
0.0339266
0.0759866
0.0510591
0.0170257
0.0118191
0.105574
0.459888
0.00661028
0.00411004
0.00799869
0.00458399
0.0124468
0.00160581
0.397271
0.524499
0.0209169
0.0114445
0.0169648
0.00335051
0.00506765
0.00870642
0.509029
0.0732429
0.0515765
0.0253143
0.0456361
0.0259054
0.0413448
0.0597261
0.0994192
0.142782
0.0775997
0.0714609
0.0411987
0.0397973
0.0633132
0.128581
0.200201
0.390176
0.0733038
0.0314696
0.00764665
0.00631478
0.00286423
0.0120525
0.386878
0.455278
0.277008
0.176107
0.0390291
0.0165366
0.0036337
0.0187586
0.455278
0.0473839
0.0968685
0.109669
0.177503
0.125231
0.0146854
0.0227013
0.0792203
0.0910277
0.156048
0.123007
0.326814
0.190459
0.0113447
0.0102144
0.0327389
0.182957
0.308294
0.24675
0.113043
0.0465412
0.00035305
0.00330521
0.160668
0.367819
0.397201
0.352261
0.165709
0.10067
0.0057103
0.00500466
0.0754587
0.127916
0.168339
0.0715136
0.0633376
0.0339942
0.0107957
0.0157273
0.0472127
0.237654
0.375784
0.125246
0.00226614
0.00457768
0.00625521
0.0115508
0.0591502
0.355668
0.404359
0.168345
0.0292589
0.0251994
0.0039382
0.00743981
0.0664171
0.404359
0.404359
0.157191
0
0.000229708
0.00142036
0.0076259
0.0960212
0.244359
0.359379
0.129379
0.000397523
0.00255603
0.00306158
0.00313117
0.0537105
0.27623
0.288259
0.104911
0.0291492
0.0895772
0.0303913
0.00395055
0.158135
0.35757
0.359379
0.104426
0.00278133
0.00621942
0.00361308
0.0029853
0.0764629
0.271175
0.224979
0.0529325
0.241256
0.28656
0.0444449
0.000698349
0.0870034
0.103465
0.0669077
0.0382752
0.120433
0.223085
0.0329087
0.00797071
0.0944747
0.011792
0.00876129
0.0301238
0.368568
0.31055
0.0173334
0.0123279
0.0165923
0.0602705
0.0320142
0.0119821
0.391648
0.397615
0.0328183
0.00120145
0.0390673
0.0117003
0.00827425
0.0111324
0.397615
0.397615
0.00030756
0.00364973
0.00893395
0.176199
0.0341231
0.0672675
0.0296396
0.0383762
0.068467
0.0943182
0.194068
0.409523
0.0256728
0.00563312
0.00220462
0.0129848
0.0365338
0.0354591
0.459352
0.123549
0.0795118
0.123033
0.0695478
0.0975832
0.0630279
0.0822969
0.153481
0.306424
0.204408
0.242676
0.0609303
0.0111126
0.123208
0.138991
0.402551
0.253603
0.033553
0.0051115
0.000514871
0.000123865
0.00639056
0.0399129
0.232691
0.346684
0.207687
0.0370767
0.000305887
4.50858e-005
0.00413343
0.0572979
0.240582
0.216426
0.293158
0.161219
0.00738767
0
0.0535342
0.112308
0.203582
0.36021
0.418023
0.182202
0
0.000217244
0.0070509
0.0920767
0.222573
0.225756
0.226512
0.0701372
3.0813e-005
7.8058e-005
6.58321e-006
0.00882103
0.143706
0.299715
0.34526
0.157584
0.00864685
0.00354154
2.63329e-005
0
0.178252
0.273619
0.374117
0.148533
0.00130426
0.00109804
0.00268431
0.00984838
0.104125
0.366305
0.374117
0.182383
0.0266684
0.0612767
0.00400185
0.000647822
0.0977665
0.204881
0.263589
0.181535
0.0355489
0.0102531
7.67848e-006
0
0.0863277
0.299646
0.334729
0.219889
0.043206
0.0394918
0.011055
0.007534
0.0800951
0.197692
0.339817
0.207708
0.0759481
0.15073
0.0130599
0.000420406
0.0515062
0.280974
0.278519
0.304162
0.164575
0.197696
0.050856
0.0253831
0.0736741
0.271156
0.347859
0.118215
0.0087727
0.0225532
0.0151637
0.0120035
0.0583351
0.303278
0.351231
0.15987
0.0143567
0.000138365
0.00405343
0.00775133
0.0655329
0.288439
0.206369
0.163163
0.112523
0.0884148
0.0751222
0.0657819
0.0868961
0.276881
0.33267
0.273129
0.134786
0.0643523
0.0955335
0.0698523
0.134856
0.254541
0.279761
0.152914
0.0402959
0.00637096
0.00255039
0.00344162
0.0583234
0.139409
0.0962129
0.0857098
0.342842
0.253735
0.00943752
0.00112212
0.0389165
0.291441
0.265953
0.246026
0.0934555
0.047098
0.0433823
0.0224992
0.130844
0.176822
0.0852525
0.114206
0.366128
0.366128
0.00375597
0.00584443
0.0790477
0.0148327
0.00475098
0.0113188
0.352441
0.293407
0.00463107
0.000655339
0.00493245
0.00340241
0.00681732
0.00414447
0.349127
0.34291
4.15275e-006
0.00203571
0.00471894
0.0146828
0.00450627
0.0173126
0.357614
0.357614
0.00228366
0.00965607
0.0126125
0.0127315
0.0123449
0.0203334
0.357614
0.357614
0.0116821
0.0212836
0.0244695
0.129866
0.0985867
0.109539
0.0845781
0.104665
0.0486884
0.0931684
0.070466
0.245374
0.159341
0.286096
0.0824675
0.0191082
0.119381
0.179329
0.130769
0.164867
0.0917146
0.0693831
0.0457206
0.0742094
0.103783
0.229111
0.193885
0.202498
0.0675429
0.0964667
0.0314608
0.0267584
0.383107
0.439513
0.31673
0.157701
0.206435
0.168019
0.0448582
0.0347637
0.0466213
0.0808457
0.107535
0.218402
0.410477
0.161821
0.0433026
0.0518165
0.0267483
0.111704
0.120978
0.116414
0.0648249
0.0543616
0.0537252
0.0532179
0.239959
0.292698
0.1946
0.0948853
0.177252
0.0700305
0.0649538
0.077133
0.197132
0.410477
0.308224
0.176201
0.364215
0.13291
0.0177833
0.0219641
0.0178117
0.0493509
0.0831127
0.248853
0.335274
0.0982854
0.105597
0.112152
0.0164988
0.00994355
0.0549432
0.0587116
0.09385
0.0437469
0.0278886
0.0342251
0.0943002
0.385289
0.230834
0.16559
0.0929613
0.022046
0.156089
0.201003
0.140167
0.371157
0.271005
0.166355
0.219022
0.0924584
0.157055
0.206331
0.0418893
0.0333703
0.0261756
0.336968
0.216204
0.145789
0.20532
0.162096
0.0645172
0.0577132
0.11157
0.202729
0.211432
0.0488863
0.195022
0.201191
0.0929383
0.147768
0.209124
0.362355
0.191972
0.0674074
0.149127
0.089483
0.0455456
0.0855642
0.293154
0.317661
0.0933355
0.0892984
0.185713
0.0742819
0.0901943
0.0691743
0.149142
0.214752
0.154984
0.123304
0.181327
0.19583
0.197386
0.124092
0.218375
0.328453
0.040256
0.0334186
0.101227
0.0351865
0.057195
0.0752091
0.269223
0.186924
0.282872
0.197238
0.161379
0.130293
0.168319
0.184251
0.21873
0.206727
0.116542
0.0733248
0.0523914
0.120414
0.0749303
0.0384966
0.20673
0.163338
0.0488673
0.0247996
0.296596
0.351912
0.0193519
0.00398622
0.126452
0.130269
0.35871
0.18429
0.102793
0.137398
0.0706863
0.058245
0.156719
0.0928297
0.207283
0.114454
0.35871
0.35871
0.0636838
0.00277862
0.0985485
0.0248406
0.0127906
0.0110556
0.39114
0.368931
0.019402
0.0176277
0.0149876
0.0405711
0.0389964
0.035381
0.24906
0.30537
0.0732162
0.0667391
0.0568033
0.0155542
0.0489395
0.0512138
0.39114
0.39114
0.0400574
0.00912829
0.00994131
0.0235291
0.141967
0.0671271
0.302853
0.234064
0.0932206
0.0545343
0.034632
0.0966244
0.0157699
0.0307357
0.0297222
0.0330691
0.0487615
0.148622
0.165078
0.128383
0.0524882
0.0366541
0.0165935
0.114484
0.22151
0.251221
0.322476
0.269629
0.0349651
0.0369269
0.0393046
0.0437099
0.0210078
0.143133
0.279256
0.438408
0.0491883
0.0529016
0.0253084
0.169393
0.020793
0.0766562
0.477255
0.101238
0.0809293
0.0496845
0.0143827
0.0660661
0.175829
0.167983
0.154519
0.158165
0.0652592
0.0471901
0.00897956
0.0207782
0.223527
0.388802
0.314323
0.270382
0.0887475
0.0600688
0.0147715
0.111425
0.0283544
0.0270373
0.274691
0.388802
0.0799662
0.0378782
0.00191758
0.0327171
0.099237
0.16554
0.388802
0.068264
0.00846043
0.00578839
0.00365597
0.0113718
0.10794
0.341534
0.240695
0.0627917
0.0247573
0.00157128
0.0259955
0.0664693
0.172096
0.341534
0.335335
0.227321
0.00984757
0.0104483
0
0.0285294
0.116475
0.218883
0.298389
0.0830961
0.016197
0.0380518
0.00751253
0.065886
0.2821
0.327035
0.322311
0.0761225
0.0827998
0.0119324
0.0421625
0.0582697
0.134501
0.289592
0.308078
0.0944868
0.0621586
0.0196133
0.0296089
0.0244122
0.0801755
0.169522
0.238669
0.0521202
0.0145387
0.0275991
0.0136235
0.0479519
0.229005
0.369785
0.333248
0.0524566
0.00342742
0.0120685
0.00970459
0.0221112
0.239362
0.370464
0.370464
0.0863595
0.0349615
0.0229224
0.0533638
0.0430307
0.0400523
0.0683978
0.122414
0.0739993
0.279481
0.234096
0.156133
0.0836862
0.0921772
0.103405
0.0547901
0.0477486
0.0176687
0.0125071
0.0661694
0.0556324
0.189817
0.418479
0.309529
0.0283798
0.12227
0.0812534
0.148934
0.114505
0.354676
0.418479
0.236015
0.0342462
0.243417
0.19111
0.153663
0.0974119
0.0395166
0.0364656
0.0228304
0.0148568
0.0932069
0.0918809
0.373775
0.349623
0.0229407
0.00102588
0.0120537
0.0108755
0.0557621
0.0538958
0.156919
0.11575
0.209389
0.373775
0.143914
0.00558868
0.00333446
0.0293216
0.373775
0.373775
0.0479434
0.0991451
0.0931619
0.00359704
0.0193822
0.0399443
0.329594
0.333378
0.0110261
0.000131031
0.00111725
0.001324
0.0629697
0.053317
0.264091
0.281738
0.0178587
0.0054446
0.00414383
0.0012948
0.000346495
0.0117246
0.386227
0.386227
0.0104717
0.00443377
0.0107755
0.00212991
0.0207362
0.0314823
0.386227
0.366302
0.00607844
0.0057319
0.00201519
0.246287
0.0243538
0.0219165
0.00799173
0.0175975
0.00472791
0.0392321
0.291237
0.369443
0.0047627
0.008891
0.00358022
0.0218613
0.0018601
0.0185379
0.430573
0.229932
0.0170643
0.00772349
0.000715293
0.00774841
0.00154968
0.0139207
0.355434
0.354027
0.0203521
0.000704829
0
0
0
0.00619996
0.424856
0.281695
0.0104418
0.0115262
0.00324092
0.0252387
0.00205071
0.00938724
0.323854
0.410696
0.0112062
0.00288155
0.00052694
0.0102325
0.00422966
0.0308749
0.410696
0.273392
0.00605848
0.000527783
0
0
0.000219977
0.00646957
0.31033
0.342556
0.00408908
8.44751e-005
0
0
0.00137291
0.0183306
0.383091
0.341871
0.00837575
0.00907944
0
0.0152724
0.0459971
0.0757002
0.38199
0.233871
0.0415682
0.0876628
0.0626475
0.0902248
0.200005
0.167588
0.293602
0.328455
0.0208763
0.000852842
0.000970077
0
0.000683561
0.011706
0.324058
0.393438
0.0435797
0.0741889
0.0703254
0.0327747
0.0296971
0.0328017
0.267494
0.0803804
0.0293566
0.0920334
0.0832149
0.100499
0.178543
0.212506
0.168686
0.0608998
0.00552298
0.0455706
0.0557784
0.0701749
0.292135
0.405573
0.365972
0.116738
0.0188143
0.102184
0.0914575
0.0859538
0.116266
0.105288
0.108252
0.11114
0.00515794
0.0427335
0.0582209
0.0967322
0.248662
0.306843
0.405573
0.0392209
0.000472592
0.00311061
0.0129718
0.0135804
0.172073
0.35348
0.237683
0.0262438
0.0020493
0.000248798
0.0153656
0.0161601
0.258916
0.358942
0.294749
0.10074
0.00173814
0.00333683
0.00708942
0.0182179
0.154273
0.240743
0.284123
0.0981423
0.00415763
0.000931082
0.000130089
0.0736729
0.25806
0.358942
0.289814
0.0151538
0.00107084
0.0057906
0.039511
0.0317804
0.184589
0.343265
0.251121
0.0361514
0.00259719
0.0273281
0.323005
0.193725
0.0574573
0.228375
0.200421
0.0836395
0.00134072
0.00138886
0.00324068
0.0535815
0.216127
0.343265
0.265559
0.156897
0.0128423
0.0156509
0.171096
0.0786785
0.105922
0.325406
0.293388
0.022463
0.00213374
0.0187137
0.393197
0.322658
0.00504358
0.0329004
0.042648
0.0032319
0.0256452
0.0342428
0.369841
0.277662
0.0151933
0.0345378
0.0173079
0.101968
0.0223225
0.0277551
0.382501
0.218612
0.0253531
0.084573
0.108841
0.0336034
0.0971791
0.0935935
0.382017
0.291613
0.022834
0.0499384
0.0489599
0.270849
0.0509921
0.0148157
0.00348471
0.000748741
0.00654199
0.0680813
0.447304
0.453755
0.0881051
0.0127092
0.000701048
0.000696251
0.00797234
0.031608
0.487638
0.101021
0.0298364
0.0165618
0.00884839
0.00654953
0.0310398
0.112025
0.211052
0.130716
0.0387683
0.020943
0.00280419
0.00333489
0.0251911
0.0809809
0.30733
0.37944
0.0461435
0.0181738
0.000889986
0.000515392
0.00309111
0.0134919
0.398125
0.468278
0.0291908
0.0132582
0.00168577
0.00168577
0.0125781
0.0547017
0.496431
0.116868
0.0337973
0.0334585
0.00355994
0.00388187
0.0249878
0.0617534
0.19594
0.184526
0.0320916
0.0350405
0.00674307
0.0079566
0.0227744
0.0799869
0.216498
0.430235
0.0442538
0.0107493
0.0088057
0.000541934
0.00833163
0.0304114
0.385114
0.49716
0.0543577
0.082614
0.037763
0.0200426
0.0372687
0.0284291
0.396577
0.149411
0.0325101
0.0187804
0.00767692
0.00216774
0.0081552
0.0570674
0.196865
0.197583
0.0362017
0.0216712
0.0110171
0.00336168
0.023023
0.04974
0.235917
0.195137
0.0273062
0.0945221
0.0402852
0.0866055
0.098073
0.108139
0.253208
0.269937
0.0298823
0.0322566
0.0251125
0.0938985
0.137387
0.229429
0.676322
0.165129
0.022871
0.0151523
0.0083151
0.0109952
0.0181505
0.0456612
0.183342
0.196786
0.0576098
0.0183689
0.0124411
0.0218989
0.0276151
0.0538415
0.234045
0.218955
0.00889807
0.0141599
0.00681016
0.0199366
0.0891792
0.205275
0.413264
0.236768
0.018778
0.00881314
0.00123135
0.136971
0.439575
0.363114
0.40449
0.0820855
0.0156427
0.0104102
0.00707621
0.015894
0.0293762
0.0613629
0.132306
0.135511
0.0400489
0.00598614
0.00300941
0.00848773
0.100045
0.0872803
0.202596
0.112668
0.00727115
0
0
0.0953795
0.365793
0.206631
0.236569
0.15606
0.0122734
0.00902638
0.0413311
0.133627
0.387628
0.29523
0.345893
0.0736378
0.0194228
4.51145e-005
0
0.0235253
0.133901
0.0714608
0.156452
0.129706
0.0185413
0.00164672
0.0119812
0.0925769
0.3242
0.216133
0.263995
0.0950852
0.0568443
0.0810389
0.214292
0.14346
0.206622
0.122955
0.160241
0.0406601
0.186397
0.209246
0.464668
0.180594
0.0473419
0.0463882
0.0504588
0.17049
0.0924518
0.126902
0.0669145
0.0766694
0.295051
0.193041
0.204693
0.111992
0.221307
0.281254
0.206189
0.0591178
0.100475
0.0758039
0.124539