0.0334583
0.028206
0.0368312
0.0386267
0.0597946
0.203698
0.348762
0.127044
0.0300351
0.0157925
0.0026559
0.0194057
0.0300044
0.179778
0.41987
0.147072
0.0832898
0.0604428
0.012758
0.0484216
0.0643647
0.14202
0.285773
0.159246
0.0390322
0.0152722
0.00775627
0.0174628
0.0858241
0.330056
0.489124
0.106796
0.0129043
0.0417294
0.0369575
0.0933572
0.102962
0.13478
0.206686
0.058717
0.01287
0.0921917
0.121773
0.172096
0.218075
0.128526
0.117518
0.033984
0.0421595
0.0221247
0.036587
0.0682214
0.175375
0.330721
0.39022
0.173002
0.100501
0.0836719
0.197193
0.183284
0.355856
0.149531
0.19648
0.304824
0.0265373
0.0416775
0.0834771
0.0784284
0.121738
0.200429
0.195852
0.0568327
0.0157645
0.0392145
0.194108
0.165993
0.121773
0.154009
0.170783
0.0497876
0.108202
0.0515082
0.189791
0.121873
0.143189
0.225284
0.248141
0.158161
0.113587
0.0245211
0.151625
0.224072
0.11057
0.375317
0.437841
0.125431
0.00831572
0.0783359
0.294665
0.205752
0.119012
0.0682579
0.0820807
0.0116497
0.10736
0.0915678
0.372362
0.185686
0.176856
0.135049
0.088266
0.10465
0.0500296
0.0869343
0.159229
0.344168
0.182261
0.162832
0.146692
0.0755565
0.165407
0.171259
0.152745
0.256141
0.265194
0.0745673
0.070429
0.154068
0.106777
0.0514076
0.129049
0.0984297
0.154456
0.0953191
0.0595791
0.123775
0.0732391
0.0292326
0.0493708
0.0698556
0.0895036
0.284795
0.404732
0.240041
0.103768
0.0684414
0.0843538
0.234576
0.215638
0.0499127
0.10605
0.115415
0.160213
0.202129
0.165423
0.249273
0.156378
0.227688
0.307146
0.168563
0.050962
0.0433437
0.0274075
0.0443994
0.0632322
0.224511
0.379259
0.180552
0.0549638
0.0766136
0.087414
0.0797875
0.0655659
0.114886
0.144601
0.0928746
0.240314
0.427084
0.144864
0.0807065
0.0935133
0.175541
0.233743
0.124751
0.176043
0.349601
0.162958
0.125777
0.107305
0.131909
0.0720816
0.0806159
0.0502684
0.147751
0.151951
0.132458
0.121059
0.129307
0.112716
0.0548987
0.0950259
0.232677
0.202746
0.248814
0.133952
0.092182
0.181813
0.0628207
0.142408
0.186405
0.17372
0.197984
0.171652
0.188237
0.116027
0.0951411
0.27039
0.297753
0.155134
0.147518
0.0781575
0.111134
0.229399
0.130644
0.135633
0.0855391
0.0153736
0.0783117
0.10242
0.0640622
0.120211
0.187799
0.0848672
0.0170902
0.0170658
0.0532387
0.23126
0.219194
0.198113
0.14088
0.0971201
0.0674251
0.0499345
0.203393
0.243043
0.0975074
0.154062
0.254796
0.0754413
0.00738247
0.0439055
0.206251
0.345331
0.274539
0.37615
0.236643
0.0371164
0.0392893
0.0240386
0.0569663
0.182355
0.206731
0.163731
0.17594
0.140656
0.0855789
0.107294
0.0670432
0.17073
0.0946155
0.154292
0.471473
0.0440394
0.0432467
0.0306029
0.207299
0.225205
0.209299
0.219678
0.130068
0.107959
0.0881501
0.0523009
0.168964
0.164881
0.187581
0.236386
0.290079
0.137238
0.0531505
0.171277
0.0546853
0.0543466
0.0761524
0.141177
0.274005
0.123863
0.0436824
0.12275
0.096335
0.0326524
0.243992
0.40307
0.213387
0.111401
0.0721927
0.060813
0.0366833
0.0472342
0.129475
0.254341
0.275456
0.204103
0.119383
0.0784295
0.0420255
0.0352245
0.106609
0.328051
0.303994
0.0627914
0.0489977
0.0573532
0.145097
0.0748263
0.103101
0.185205
0.205961
0.12915
0.167052
0.0486903
0.155536
0.172306
0.0201416
0.078841
0.156557
0.17778
0.141956
0.0662925
0.0400698
0.0270783
0.0596571
0.163046
0.298891
0.329111
0.558875
0.0694202
0.0382078
0.0527437
0.025223
0.079508
0.248676
0.0630318
0.208732
0.0817021
0.111405
0.0789716
0.00640813
0.0378286
0.0515566
0.0654163
0.337869
0.191316
0.111582
0.0314796
0.0161575
0.0475587
0.0454511
0.150394
0.557298
0.0850605
0.0163372
0.0173172
0.00249811
0.0247128
0.0467921
0.118293
0.563888
0.132949
0.0142626
0.00678411
0.00709757
0.0115397
0.0215624
0.182364
0.490903
0.157507
0.0326393
0.0291144
0.0258889
0.0658838
0.0737714
0.132339
0.235998
0.0589285
0.101957
0.137649
0.0746055
0.0521224
0.0710662
0.174029
0.385729
0.103009
0.0375093
0.142527
0.052347
0.03678
0.0664183
0.0744592
0.0448345
0.0321052
0.255816
0.422392
0.0948118
0.0473774
0.0612234
0.104636
0.0785457
0.0723592
0.200708
0.175657
0.082287
0.0469819
0.0982867
0.201284
0.139707
0.084704
0.129119
0.0375808
0.0682252
0.0597366
0.128433
0.159262
0.05242
0.101819
0.349289
0.395315
0.0952431
0.0177519
0.106219
0.445434
0.19477
0.142262
0.127272
0.102911
0.115281
0.0280033
0.130068
0.0625102
0.0507453
0.0341929
0.112687
0.0991791
0.0567224
0.116133
0.0920884
0.126628
0.0270469
0.0312975
0.0940966
0.0925821
0.0962631
0.301417
0.228258
0.363196
0.0897529
0.0461645
0.0549255
0.0549777
0.0476454
0.0899213
0.243607
0.585917
0.139374
0.0824336
0.0470193
0.0389939
0.0372762
0.173308
0.277471
0.109485
0.043893
0.0444657
0.106094
0.0889416
0.0864896
0.283912
0.202438
0.0474413
0.03879
0.0448328
0.108781
0.105626
0.195978
0.220289
0.145983
0.480072
0.22423
0.138076
0.0896901
0.0639854
0.0313918
0.183413
0.162623
0.256507
0.248989
0.177039
0.135295
0.0981826
0.167978
0.135036
0.151361
0.0536166
0.0910574
0.039172
0.0211334
0.0294043
0.14139
0.159703
0.0856889
0.150954
0.310514
0.130024
0.0140552
0.0168686
0.0470078
0.131156
0.0821934
0.179857
0.394944
0.109652
0.0306905
0.0194005
0.10893
0.0795154
0.0858093
0.198639
0.638888
0.169436
0.0121359
0.0106264
0.0180379
0.0495294
0.0302242
0.118151
0.312199
0.144411
0.00913463
0.00875801
0.0295146
0.0529872
0.0573397
0.160414
0.512656
0.128772
0.00195402
0.00214966
0.0128446
0.00933399
0.0510796
0.117622
0.500216
0.146782
0.0148768
0.0258567
0.00642773
0.0163357
0.0104887
0.0993243
0.397488
0.169203
0.0134083
0.0189166
0.017008
0.0186806
0.0664716
0.12829
0.520095
0.099808
9.7642e-005
0.000820251
0.00229123
0.00745836
0.0184993
0.152904
0.501937
0.075084
0.000390568
0.0110194
0.0126246
0.0136274
0.0177274
0.115303
0.341542
0.143871
0.019998
0.00586889
0.0258191
0.0162096
0.0438013
0.155734
0.379194
0.158326
0.0287375
0.0119546
0.0195125
0.0268862
0.0271192
0.123651
0.189634
0.045303
0.0413961
0.184334
0.0314379
0.0197946
0.0289813
0.031997
0.017097
0.0185958
0.184802
0.474891
0.0622515
0.0104556
0.0181053
0.133659
0.195458
0.0593525
0.060194
0.232662
0.0121643
0.0266594
0.037014
0.0269758
0.0350276
0.0215869
0.210215
0.630305
0.036343
0.00816531
0.0128014
0.0674495
0.0495222
0.0622755
0.206719
0.395584
0.0764064
0.0110541
0.02521
0.212399
0.211308
0.129325
0.099593
0.110966
0.0586232
0.0278038
0.045027
0.00461132
0.0153621
0.040158
0.225521
0.57651
0.0792717
0.0143546
0.00661631
0.0428263
0.0805299
0.0620548
0.213776
0.22514
0.145988
0.0875324
0.0287357
0.397128
0.0538938
0.0473123
0.0575566
0.0580836
0.0223185
0.0283187
0.236833
0.577923
0.179766
0.223334
0.106298
0.0287545
0.00824174
0.0293655
0.172869
0.16673
0.0399469
0.0689264
0.0901281
0.0690574
0.0533006
0.0422656
0.0745175
0.119315
0.258223
0.239191
0.184661
0.03399
0.0569934
0.0751535
0.0856757
0.299919
0.338417
0.190455
0.0558745
0.0186576
0.013416
0.0201796
0.0601912
0.189925
0.408744
0.256494
0.0575328
0.0297029
0.0362177
0.0162592
0.0331177
0.095057
0.405755
0.151844
0.0780432
0.031901
0.0459014
0.0590275
0.0740905
0.0858581
0.358385
0.188473
0.024479
0.090217
0.0743591
0.0990366
0.0421546
0.164172
0.461366
0.148329
0.0192594
0.00715348
0.0194966
0.0168251
0.0308267
0.13595
0.62611
0.0910305
0.0258749
0.0342545
0.00173906
0.00420628
0.00893854
0.0648354
0.273993
0.124856
0.0115396
0.0443387
0.0666124
0.145473
0.0510208
0.0680344
0.282973
0.0743632
0.0920037
0.0542527
0.0335119
0.105043
0.074479
0.115323
0.403525
0.101482
0.111625
0.119018
0.0103009
0.00986208
0.0321377
0.166536
0.236707
0.11635
0.121901
0.0823163
0.0439241
0.0457976
0.214518
0.10853
0.194046
0.135298
0.216384
0.149669
0.0633794
0.0762751
0.0706067
0.463491
0.196118
0.0968039
0.182868
0.0904043
0.0653192
0.0711073
0.238968
0.14419
0.251096
0.124179
0.0947874
0.0402764
0.0870674
0.0605344
0.134678
0.184653
0.294443
0.165575
0.112305
0.0394662
0.0692268
0.08495
0.118529
0.341724
0.154283
0.116511
0.109987
0.0495628
0.0599057
0.0793092
0.257245
0.238426
0.304192
0.243013
0.189695
0.0601515
0.0560127
0.11923
0.228442
0.135111
0.122982
0.0425917
0.126773
0.172197
0.0266059
0.0210228
0.0974523
0.0232318
0.036995
0.0296048
0.277842
0.481537
0.0517861
0.00453152
0.025537
0.143867
0.213816
0.0767843
0.204869
0.152497
0.0354628
0.0606537
0.108159
0.0219796
0.059737
0.0229204
0.352893
0.454901
0.0613933
0.0498633
0.0286191
0.000286854
0.00560782
0.0390557
0.217019
0.376323
0.0730854
0.00431843
0.000874884
0.0235609
0.0047108
0.0381499
0.227277
0.265331
0.087217
0.0619422
0.00815453
0
0.0118386
0.0291789
0.31557
0.41055
0.0886583
0.0257889
0
0.00478888
0.0011777
0.0587468
0.313066
0.399945
0.106708
0.0458545
0.00503564
0.184809
0.14115
0.111239
0.160325
0.0482278
0.0666257
0.0600123
0.165523
0.0727546
0.238492
0.113395
0.191413
0.0351494
0.161519
0.293665
0.100673
0.266561
0.271611
0.181186
0.129238
0.0398081
0.054541
0.0388494
0.20125
0.266465
0.245637
0.124165
0.0691858
0.0557029
0.0947488
0.270314
0.208692
0.0434332
0.173309
0.0422886
0.0721337
0.0352885
0.142416
0.314787
0.100828
0.050111
0.101615
0.0473984
0.0142917
0.102618
0.147201
0.475754
0.138437
0.17264
0.192997
0.0791901
0.0137948
0.0398438
0.0862163
0.264125
0.119725
0.209264
0.179458
0.0933473
0.011705
0.0718465
0.114199
0.374597
0.166109
0.0260062
0.0434346
0.0223616
0.00313041
0.0321976
0.0763022
0.336897
0.123362
0.0439677
0.0475723
0.0260065
0.0696708
0.0259552
0.0735999
0.341142
0.191569
0.127917
0.039339
0.0135671
0.0149477
0.0258542
0.0452397
0.292216
0.217604
0.0943363
0.00904785
0.00352873
0.0230975
0.0167483
0.0684696
0.582111
0.327334
0.0713512
0.0621746
0.0511229
0.0815264
0.0326753
0.0516563
0.191287
0.10819
0.204615
0.101137
0.0432891
0.0595904
0.0164402
0.0211745
0.125882
0.10397
0.0451309
0.00479783
0.00738839
0.0162571
0.00973328
0.0450059
0.516151
0.222458
0.0448257
0.0238893
0.0111374
0.0224303
0.00901854
0.027007
0.62663
0.226345
0.160853
0.0851841
0.0825805
0.0878501
0.0384285
0.0163567
0.0488385
0.118024
0.0862673
0.253962
0.278039
0.174561
0.0811866
0.0392354
0.049584
0.0762484
0.0414349
0.0490035
0.0652491
0.104879
0.0746029
0.058842
0.448551
0.165981
0.0140714
0.103182
0.21801
0.16467
0.140311
0.203934
0.47318
0.112725
0.0474425
0.175624
0.104101
0.136955
0.19337
0.024367
0.0411414
0.0210699
0.00748784
0.0395382
0.020411
0.211984
0.418985
0.040131
0.0276841
0.00739595
0.00390819
0.0456395
0.0824465
0.144062
0.266385
0.10862
0.223301
0.0706735
0.00586228
0.0148916
0.0443908
0.231526
0.591824
0.0963286
0.0191534
0.0276244
0.000685643
0.0177056
0.0205008
0.214964
0.321542
0.0755979
0.0194813
0
0.003827
0.00738625
0.023342
0.243235
0.280775
0.100786
0.0286485
0.00343257
0.00378566
0.0288096
0.0369548
0.228821
0.500851
0.110999
0.00354642
0
0.016587
0.0318749
0.011528
0.257471
0.433627
0.0993607
0.0308413
0.00662683
0.152717
0.209098
0.155369
0.0349579
0.0269631
0.0506588
0.0242685
0.0889122
0.148111
0.312395
0.213393
0.06236
0.0520471
0.0438534
0.0550391
0.0682325
0.202059
0.319973
0.273692
0.0563462
0.0512221
0.0379791
0.0154843
0.0921261
0.22967
0.456572
0.31976
0.10106
0.0954031
0.0341862
0.0329023
0.0569263
0.150326
0.329106
0.142283
0.0336999
0.0625114
0.028923
0.0316085
0.0367572
0.265508
0.283447
0.132023
0.0150739
0.104703
0.0541142
0.037267
0.0568081
0.156481
0.439082
0.23604
0.0505683
0.0836868
0.0325698
0.0548274
0.0489714
0.221325
0.375254
0.222879
0.0586271
0.107005
0.0312167
0.0698645
0.0846516
0.282672
0.15463
0.084337
0.0252964
0.0379148
0.0201697
0.0832252
0.119548
0.192025
0.137025
0.0731956
0.0734914
0.050687
0.042317
0.357554
0.187928
0.226745
0.425894
0.162217
0.0399691
0.0324756
0.0156416
0.0348474
0.0376911
0.145489
0.437132
0.167399
0.152391
0.0520563
0.0282068
0.0472202
0.0584807
0.0448359
0.057901
0.0187195
0.0345805
0.0371572
0.0373631
0.389121
0.163062
0.0278236
0.0205009
0.00356986
0.0224382
0.0217808
0.0360588
0.63481
0.255411
0.0540297
0.197411
0.0943648
0.0944011
0.0539942
0.0167889
0.0929328
0.0880454
0.0290032
0.0834048
0.0806331
0.0852958
0.10582
0.0513633
0.302869
0.215116
0.024488
0.00614905
0.0113268
0.0229811
0.0242657
0.0527554
0.419731
0.173629
0.0323931
0.0116496
0.022967
0.0272604
0.0298617
0.181549
0.518153
0.151251
0.0237928
0.00499959
0.0369166
0.0519071
0.0539353
0.111015
0.281162
0.175475
0.0790393
0.0116567
0.0172914
0.0193643
0.0219257
0.186889
0.401437
0.215897
0.0520745
0.0206033
0.026429
0.0813518
0.0983628
0.159726
0.36987
0.166948
0.055063
0.0312833
0.0936702
0.188902
0.418912
0.0998777
0.0604705
0.0884912
0.127917
0.0445921
0.0217575
0.0177013
0.0121745
0.144572
0.414859
0.2449
0.134322
0.091581
0.107785
0.158963
0.19047
0.0997278
0.195688
0.157028
0.0130589
0.0362575
0.0627852
0.16771
0.488973
0.127386
0.00166824
0.00292889
0.0336791
0.0455825
0.0125361
0.159135
0.34724
0.127666
0.0785999
0.0580452
0.0551674
0.0643273
0.0909226
0.270558
0.364478
0.116845
0.0600769
0.0435455
0.0771626
0.106838
0.0943492
0.241512
0.216701
0.112341
0.109957
0.130819
0.258834
0.241434
0.241923
0.086145
0.0326782
0.02359
0.041081
0.086212
0.353913
0.246119
0.198376
0.0886646
0.0774387
0.0300853
0.0492158
0.150832
0.2339
0.147616
0.254084
0.136186
0.0474744
0.0245929
0.0826309
0.0881196
0.292277
0.181627
0.18532
0.184511
0.0369125
0.0574038
0.0725086
0.231323
0.273695
0.222043
0.132275
0.0385811
0.0742651
0.058815
0.0746805
0.161774
0.280432
0.224954
0.104026
0.0542743
0.0757453
0.0986428
0.0910958
0.228405
0.280516
0.194245
0.176285
0.166176
0.0352404
0.0560422
0.0342271
0.260929
0.234524
0.191379
0.170142
0.207584
0.0534907
0.121058
0.0540489
0.216444
0.248448
0.406747
0.0791257
0.0394012
0.0430235
0.0907379
0.0439885
0.142121
0.107806
0.399207
0.150226
0.119894
0.0461737
0.0855146
0.0266674
0.138858
0.216761
0.149875
0.106538
0.115251
0.0674308
0.117417
0.0618275
0.185398
0.109438
0.246915
0.220809
0.207942
0.108321
0.0961458
0.0461379
0.133287
0.0864999
0.266194
0.167569
0.106675
0.0433766
0.0247744
0.0285231
0.112721
0.126044
0.139004
0.143594
0.142757
0.178451
0.101128
0.133644
0.22448
0.10226
0.340392
0.240828
0.147585
0.0884503
0.0333063
0.0238634
0.066846
0.227911
0.369793
0.181923
0.121249
0.138254
0.134843
0.120807
0.158001
0.101376
0.0416169
0.106929
0.14189
0.154704
0.157456
0.174248
0.214953
0.125423
0.0898371
0.141728
0.0970563
0.0890331
0.159207
0.290318
0.21475
0.204548
0.185732
0.161483
0.122497
0.122406
0.129711
0.125068
0.152415
0.12251
0.230013
0.357121
0.206686
0.0929395
0.0663169
0.0982822
0.0906692
0.106738
0.0991569
0.0742836
0.0174672
0.039955
0.136071
0.361386
0.13516
0.214449
0.106348
0.0515662
0.106863
0.112401
0.164503
0.349015
0.155518
0.0919366
0.202847
0.201122
0.0951652
0.054505
0.118004
0.113743
0.0437941
0.331684
0.259058
0.0924159
0.0936352
0.0907543
0.1492
0.159703
0.135917
0.166906
0.0714302
0.0698399
0.246041
0.16684
0.112178
0.118263
0.116297
0.239487
0.135692
0.187017
0.235932
0.105498
0.120294
0.0533894
0.161645
0.27032
0.208239
0.10244
0.135218
0.0781878
0.0697709
0.0559278
0.167433
0.341958
0.163681
0.121276
0.119633
0.0855058
0.101581
0.0559033
0.277313