0.0312282
0.069916
0.0246308
0.347065
0.281897
0.117265
0.000528196
0.0402711
0.0642219
0.0290526
0.0608731
0.202433
0.223773
0.149368
0.0123573
0.0971979
0.043858
0.0184852
0.0106025
0.234697
0.429721
0.208007
0.0368725
0.0492321
0.149865
0.0142251
0.0260431
0.108578
0.260203
0.250064
0.0395515
0.127085
0.0278232
0.0166797
0.0608866
0.169427
0.236764
0.200844
0.0631341
0.0573753
0.00590489
0.0242136
0.0370153
0.0640349
0.174192
0.250199
0.249277
0.0655972
0.065266
0.00991107
0.0443327
0.227763
0.346469
0.188737
0.0683275
0.0928133
0.0374757
0.151686
0.158469
0.23029
0.22708
0.165664
0.206389
0.130796
0.0161553
0.0635535
0.0649065
0.0314995
0.0498179
0.0821829
0.1201
0.0238861
0.0818644
0.0999435
0.0694621
0.0531972
0.0886766
0.0318895
0.105181
0.161586
0.068339
0.330464
0.322194
0.123312
0.0395838
0.0513395
0.0965285
0.053007
0.355257
0.352611
0.256772
0.0546028
0.0246785
0.00858172
0.228897
0.325097
0.0726945
0.0640629
0.0463208
0.0456665
0.0608565
0.0331782
0.064659
0.151985
0.0647639
0.0499608
0.0732266
0.0515545
0.0842597
0.103563
0.0744799
0.114629
0.277288
0.085266
0.0250148
0.0169755
0.0259142
0.0211833
0.135872
0.478239
0.1238
0.055104
0.0673139
0.0316211
0.0553704
0.101281
0.256111
0.558334
0.0544062
0.025999
0.0296253
0.0484975
0.0687359
0.0855304
0.0905914
0.120203
0.0627258
0.0550725
0.0461651
0.076401
0.0926596
0.0970624
0.0938716
0.165612
0.130493
0.0806057
0.128507
0.0587252
0.0406949
0.0774858
0.291058
0.343109
0.345562
0.508017
0.150614
0.0594779
0.0400559
0.0999071
0.100177
0.190716
0.0347877
0.085568
0.0676266
0.0448574
0.053098
0.0373455
0.0211826
0.036686
0.0994062
0.257534
0.0677712
0.039823
0.0370037
0.050608
0.0143055
0.0290734
0.242738
0.441254
0.0471441
0.00610397
0.0178081
0.0321389
0.0135528
0.0248525
0.438141
0.567443
0.0216236
0.0379612
0.0189663
0.0301626
0.0264419
0.0463683
0.168442
0.209252
0.0208075
0.0122512
0.016409
0.0350397
0.0237352
0.0643202
0.142027
0.0575419
0.0341695
0.080761
0.0670395
0.0709048
0.0991335
0.0855077
0.283974
0.318253
0.012231
0.117266
0.145976
0.0844449
0.0589363
0.101248
0.123232
0.0836963
0.0248683
0.498415
0.428481
0.202326
0.102429
0.0903843
0.0346453
0.0154895
0.0342351
0.281355
0.331731
0.129881
0.115532
0.0704954
0.099959
0.091489
0.0689558
0.0849631
0.231914
0.180056
0.0856692
0.0917285
0.0666253
0.105598
0.233055
0.321541
0.149416
0.062493
0.127523
0.053046
0.131868
0.180762
0.288602
0.12395
0.111525
0.0809276
0.0763388
0.122372
0.0344247
0.0578968
0.0496756
0.0979703
0.223684
0.0911638
0.0348708
0.0246866
0.0386802
0.107584
0.128136
0.306662
0.201945
0.117265
0.0538031
0.0500599
0.133477
0.129177
0.0993778
0.0784275
0.143956
0.0287105
0.0218457
0.0614283
0.11124
0.139117
0.162061
0.591782
0.265406
0.0548921
0.0332919
0.0635602
0.029048
0.103435
0.175435
0.169249
0.0225901
0.0160421
0.00608851
0.0177898
0.153724
0.129027
0.188984
0.0943334
0.0422213
0.0011314
0.0368571
0.104175
0.0277117
0.0697576
0.171747
0.410392
0.102891
0.0299611
0.00856169
0.0379222
0.109921
0.22976
0.579518
0.315392
0.144791
0.0301486
0.017668
0.0950945
0.136845
0.0532024
0.0715245
0.0360465
0.0355172
0.0013087
0.0369163
0.165875
0.0502197
0.0839521
0.150172
0.043676
0.0211715
0.00937154
0.076469
0.171349
0.0920572
0.306488
0.485118
0.0984808
0.0662473
0.00464229
0.0392427
0.0771422
0.0602666
0.542734
0.352825
0.0421952
0.0276437
0.00121438
0.0309725
0.0388718
0.0522163
0.0772446
0.182783
0.0294741
0.00802208
0.00593498
0.0539725
0.0654593
0.166897
0.222738
0.128043
0.0241938
0.00599446
0.00586746
0.0121933
0.0441242
0.0766905
0.402655
0.265545
0.020543
0.0067241
0.00069023
0.00300249
0.00839786
0.317272
0.64378
0.150793
0.0179744
0.00389861
0
0
0.0240237
0.143189
0.246335
0.0285365
0.00251555
0.00070064
0.00176987
0.000668179
0.00892895
0.228281
0.190604
0.0062781
0.0514603
0.0599052
0.0773264
0.0498923
0.0179302
0.279687
0.526433
0.0287234
0.00372578
0.00415186
0.00127339
0.00802805
0.0160183
0.262345
0.303625
0.0144001
0.276533
0.355676
0.139797
0.0782531
0.0399189
0.0689701
0.0464043
0.00297083
0.131008
0.144487
0.0566211
0.0370462
0.0195539
0.0123605
0.020305
0.00559801
0.320891
0.248013
0.0346381
0.0140381
0.0112866
0.0402275
0.0264794
0.00295051
0.394978
0.386541
0.0715656
0.0339748
0.00895615
0.000681662
0.00624063
0.0021922
0.500117
0.405186
0.016128
0.00509193
0.000779735
0.133521
0.245907
0.188486
0.157957
0.060018
0.0223295
0.0374572
0.0352363
0.220853
0.176975
0.200867
0.103977
0.0693696
0.0299014
0.0369469
0.0875227
0.25376
0.318259
0.0505642
0.0615335
0.0635487
0.144016
0.160871
0.0974489
0.273139
0.274468
0.149211
0.231698
0.049753
0.0638452
0.10397
0.0825002
0.123254
0.066645
0.0731847
0.0605616
0.040006
0.0142795
0.0158963
0.0437181
0.12536
0.139662
0.167953
0.253193
0.112068
0.014025
0.0252906
0.0488119
0.19538
0.223792
0.145465
0.100134
0.0325229
0.0188573
0.0195868
0.0233021
0.437028
0.512347
0.31285
0.0888002
0.0642138
0.0256482
0.0165678
0.07501
0.0605572
0.0768411
0.0714728
0.147097
0.0676488
0.0182496
0.0159654
0.0349708
0.160884
0.213981
0.307521
0.0890209
0.0556759
0.0189219
0.0123444
0.0529185
0.189744
0.302746
0.0740541
0.0319331
0.021234
0.00826792
0.0105652
0.0335387
0.348346
0.66697
0.0878555
0.00960407
0.00677697
0.00300291
0.00671979
0.0333543
0.137234
0.266037
0.249968
0.0230027
0.017964
0.00183289
0.00801903
0.0325601
0.0990189
0.402619
0.19907
0.00852232
0.0142123
0.00239274
0.00574999
0.0271659
0.335924
0.45923
0.0789334
0.0494814
0.0177144
0.0137772
0.0289797
0.0736174
0.211649
0.233682
0.293131
0.0909974
0.0415104
0.0726177
0.10031
0.122175
0.0662058
0.397901
0.173786
0.00546684
0.00180032
0.00743571
0.00125538
0.0045112
0.22209
0.587962
0.0677123
0.00211694
0
0.00496812
0.0018139
0.0115569
0.114538
0.246429
0.235808
0.0301606
0.0137375
0.0669432
0.0793566
0.0913305
0.272015
0.309003
0.0789193
0.0428978
0.0254699
0.0449316
0.0741119
0.079716
0.153647
0.313277
0.0113693
0.0106963
0.0151111
0.00164742
0.0127432
0.0155847
0.0763071
0.111942
0.0149411
0.398442
0.31335
0.0306486
0.0292567
0.0249883
0.0938059
0.0932062
0.0215915
0.0787245
0.0541464
0.0236874
0.047435
0.0263526
0.0098358
0.0125215
0.0369657
0.607234
0.371654
0.0129095
0.0174919
0.00931508
0.00749137
0.00582184
0.0021126
0.387792
0.275057
0.0135304
0.00612496
0.00463682
0
8.61492e-005
7.2084e-005
0.329154
0.255061
0.0115
0.00152554
8.94807e-005
9.01383e-005
0
0.00720284
0.501621
0.298719
0.00124119
0.000824799
0.000353224
0
0
0
0.372387
0.265987
0.0147071
0.00307769
0
0.0527401
0.0366391
0.0153559
0.0887986
0.0568386
0.0954156
0.0924911
0.0416658
0.0585249
0.138255
0.128718
0.33672
0.117946
0.0598934
0.0451753
0.0215701
0.0129216
0.00986923
0.0289145
0.209705
0.178913
0.0841541
0.0695555
0.0202724
0.00923165
0.0565846
0.123337
0.567077
0.367024
0.275388
0.139099
0.00696788
0.10258
0.173527
0.105602
0.133475
0.117536
0.0239881
0.0194352
0.008289
0.275673
0.271215
0.189335
0.238331
0.103618
0.0424377
0.0237455
0.0534542
0.0391142
0.0608505
0.0658574
0.174433
0.219986
0.181366
0.189808
0.094481
0.130773
0.144519
0.222017
0.367432
0.205618
0.126218
0.230314
0.250555
0.123591
0.25744
0.137558
0.153256
0.0364563
0.0205646
0.00397879
0.0192184
0.226089
0.60056
0.125696
0.0759576
0.0218922
0.0154423
0.0109208
0.0170307
0.0330588
0.104206
0.167326
0.249439
0.131048
0.0967173
0.149909
0.0540677
0.0734949
0.225184
0.167646
0.138351
0.076602
0.0956477
0.28117
0.152125
0.215162
0.342653
0.155085
0.165578
0.0395265
0.0154905
0.0296724
0.0520678
0.161729
0.0766574
0.245974
0.224283
0.0611288
0.0560479
0.115655
0.112573
0.126368
0.179737
0.242449
0.232222
0.0653618
0.0278993
0.102683
0.110862
0.457007
0.140463
0.220016
0.220966
0.0703862
0.0330902
0.0606893
0.0960376
0.216177
0.114393
0.119805
0.059436
0.0286201
0.0627746
0.120678
0.16682
0.254619
0.144894
0.0954263
0.15654
0.0608579
0.0436421
0.0850461
0.125646
0.562399
0.124
0.04601
0.0373972
0.0232719
0.0306742
0.0762965
0.229341
0.254191
0.188882
0.231538
0.130392
0.0396432
0.0445416
0.0910624
0.254538
0.0718968
0.0390271
0.0672814
0.123649
0.0536832
0.0329014
0.0361442
0.0287502
0.035724
0.0232396
0.0972833
0.557838
0.282003
0.0239641
0.0139818
0.020729
0.0984991
0.156956
0.246026
0.0723068
0.0440925
0.0335233
0.0444205
0.073892
0.0986924
0.0865608
0.139793
0.504086
0.289375
0.0642687
0.0532631
0.0546646
0.00308951
0.00289393
0.0196438
0.458989
0.265968
0.00239223
0.00185133
0.00201261
0.00198223
0.000239536
0.00105488
0.337018
0.230526
0.00990159
0.0063514
0.00198223
0.00944879
0.0043409
0.0134837
0.475993
0.275673
0.0131045
0.00889399
0.00557028
0.00375637
0.00183752
0.00509589
0.364678
0.241036
0.00432822
0.00567736
0.00368585
0.00446078
0.0166855
0.0345154
0.141805
0.179105
0.11392
0.0496514
0.00900708
0.0085203
0.00160424
0.0313419
0.232214
0.266674
0.45894
0.288516
0.0220559
0.0730624
0.108445
0.117334
0.0799585
0.0740385
0.0728868
0.0512839
0.111769
0.189848
0.14465
0.153209
0.100529
0.0681565
0.253218
0.321171
0.152764
0.0139438
0
0.00708178
0.0423982
0.0700604
0.21272
0.29657
0.126382
0.0306209
0.0562997
0.0591534
0.0731952
0.0691997
0.163415
0.373838
0.276933
0.0814652
0.0188537
0.0300518
0.0289588
0.0147269
0.102742
0.331584
0.139509
0.104013
0.0210389
0.0222198
0.0288801
0.0544332
0.20721
0.463677
0.227767
0.015308
0.0297437
0.0381686
0.0639811
0.069303
0.111347
0.288635
0.113088
0.0404599
0.0570406
0.036329
0.0444863
0.0437268
0.0849973
0.502032
0.28041
0.119922
0.0363429
0.0112541
0.00993445
0.023635
0.127007
0.258226
0.144841
0.0826355
0.026239
0.00147309
0.000407015
0.0141754
0.133398
0.494806
0.242171
0.0690277
0.0775874
0.0757867
0.0722244
0.0697523
0.0509043
0.192709
0.129081
0.230063
0.0874444
0.100209
0.0602333
0.0772999
0.0685491
0.206221
0.098328
0.0145835
0.00567426
0.00823966
0.00462033
0.0432637
0.0827188
0.391405
0.142031
0.0106355
0.00684264
0.0189732
0.00604682
0.046279
0.0657193
0.681969
0.236644
0.214392
0.0393951
0.0365548
0.0304153
0.0226864
0.0383329
0.146019
0.163219
0.080647
0.131059
0.274562
0.237909
0.08168
0.0628709
0.0844936
0.131069
0.0901971
0.0159693
0.0567355
0.0378111
0.0165142
0.0241447
0.452478
0.286322
0.139627
0.0975084
0.276197
0.350283
0.199509
0.142628
0.160848
0.144298
0.0308496
0.162092
0.21964
0.136567
0.089746
0.031597
0.0384074
0.0323937
0.0313101
0.0726748
0.0631382
0.361306
0.288112
0.0357027
0.0397118
0.0213937
0.0225348
0.0956809
0.151755
0.241734
0.157568
0.115971
0.106533
0.0249246
0.00361604
0.0560394
0.0791585
0.61549
0.268373
0.0278885
0.0633697
0.0124224
0.00372795
0.000636654
0.00102701
0.387491
0.248628
0.00871021
0.00614424
0.00235704
0.0014638
0.00347678
0.00335118
0.276259
0.217039
0.00562441
0.00328176
0.00127244
0
0.00354538
0.0167819
0.594046
0.213022
0.000563713
0.00102237
0
0.00422026
0.00643554
0.0097779
0.413483
0.186114
0.00377511
0.00257132
0.00161387
0.112716
0.11667
0.0701157
0.0055386
0.00331458
0.00155722
0.0355732
0.158641
0.182848
0.126221
0.0981274
0.00911478
0.00241922
0.0304739
0.193252
0.113834
0.255509
0.205172
0.19937
0.224776
0.137036
0.0123523
0.213706
0.317098
0.273467
0.247077
0.266834
0.125368
0.10271
0.244653
0.326431
0.104547
0.0981937
0.0225417
0.0231952
0.00855701
0.00802116
0.0587763
0.307616
0.118196
0.0679189
0.0305931
0.0559458
0.0457943
0.0540162
0.0658715
0.189479
0.106937
0.12929
0.10024
0.0764153
0.0514703
0.109788
0.441819
0.495016
0.0879354
0.105441
0.0600377
0.0627254
0.0407605
0.0773538
0.253977
0.37448
0.108342
0.163492
0.0830443
0.0902549
0.0753558
0.0908356
0.133445
0.161832
0.104017
0.148524
0.0400854
0.0261357
0.0362853
0.0883472
0.265929
0.335007
0.164206
0.216442
0.142262
0.120195
0.0824288
0.113031
0.21647
0.207744
0.169003
0.221776
0.144486
0.0717887
0.0856338
0.141812
0.215716
0.246062
0.332681
0.0431102
0.000484075
0.00159053
0.00776724
0.0373286
0.11252
0.3342
0.13713
0.00886663
0
0
0
0.0257891
0.111036
0.60038
0.201683
0.099176
0.0149798
0.0266206
0.038385
0.103759
0.122308
0.252038
0.241382
0.115358
0.00955526
0.0553017
0.0303381
0.089851
0.209282
0.262347
0.23464
0.081488
0.0172076
0.027026
0.00834108
0.0106384
0.0744288
0.494498
0.327426
0.161826
0.0687335
0.102504
0.0845059
0.115921
0.17174
0.245495
0.300346
0.0771199
0.0283288
0.0740818
0.0667537
0.0371973
0.148486
0.208444
0.236485
0.103583
0.0339963
0.0888348
0.0992157
0.0392561
0.0925464
0.167458
0.288056
0.0323434
0.0674624
0.0860539
0.0945211
0.0787478
0.137196
0.1646
0.0548673
0.00142075
0.0874963
0.158638
0.660267
0.132693
0.0348542
0.0868949
0.00845271
0.0546158
0.0648548
0.0586377
0.0310464
0.0203315
0.0590959
0.0898068
0.183122
0.0185746
0.171936
0.2175
0.43758
0.0827825
0.0367752
0.0496615
0.103732
0
0.0118168
0.03972
0.574462
0.159789
0.00195601
0.000139116
0
0.00535155
0.0100297
0.0156971
0.408797
0.165335
0.00294426
0.000708759
0.00112722
0.00381269
0.0507056
0.107932
0.429028
0.179771
0.0293454
0.008917
0.011449
0.0104261
0.0400013
0.047592
0.297847
0.224068
0.0409655
0.0287344
0.0202193
0.0921868
0.0753605
0.247691
0.32859
0.124109
0.0140281
0.125799
0.139342
0.215668
0.171962
0.1147
0.106493
0.0792388
0.095894
0.109307
0.118314
0.0573562
0.0757058
0.333314
0.500247
0.174729
0.00463877
0.0448765
0.0998259
0.286308
0.102024
0.0595621
0.107545
0.0341468
0.00438779
0.0554
0.222738
0.236631
0.226128
0.0683109
0.0650095
0.131008
0.234657
0.115005
0.0831604
0.236368
0.104301
0.0283828
0.0100066
0.0631523
0.14942
0.150587
0.126614
0.440397
0.157759
0.0238813
0.0220468
0.0365281
0.0156981
0.0191863
0.242745
0.492237
0.0851287
0.0164037
0.00185426
0.0191017
0.0131256
0.0199404
0.241146
0.276113
0.0559812
0.0148564
0.00561877
0.0142847
0.0735275
0.0947879
0.179947
0.201584
0.0647408
0.0119368
0.0123251
0.015931
0.0353446
0.182444
0.343195
0.400808
0.0148307
0.00242163
0
0
0.004329
0.052794
0.292539
0.210658
0.0075198
0
0
0
0.00251175
0.21466
0.512082
0.136315
0.0135911
0.0129584
0.0126768
0.0233221
0.0241432
0.156376
0.316159
0.207792
0.0136447
0.038775
0.0170061
0.0215614
0.0369354
0.0920915
0.357553
0.17607
0.00405872
0
0
0
0.000993696
0.1366
0.447848
0.290836
0.00471574
0.00352996
0
0
0
0.0758618
0.505733
0.144966
0.0414785
0.0872246
0.0473253
0.0135213
0.0294233
0.0810041
0.332734
0.120831
0.0676649
0.130896
0.0864645
0.0279029
0.05323
0.0520583
0.205244
0.185608
0.0176648
0.0193171
0.00197584
0.000333584
0
0.138098
0.562094
0.211683
0.0771729
0.055004
0.0102574
0.00823623
0.0289113
0.0992387
0.471812
0.0879076
0.0896918
0.0842023
0.0277351
0.0231584
0.0508327
0.0481761
0.263788
0.0902637
0.173227
0.154984
0.16974
0.0608719
0.0317926
0.0590687
0.310611
0.217561
0.0717027
0.0531063
0.00442901
0.0119702
0.0286181
0.032088
0.391211
0.208307
0.0401746
0.0923283
0.0994057
0.0566494
0.00797004
0.0801886
0.559916
0.055185
0.07888
0.1529
0.264921
0.155809
0.0536363
0.0490117
0.111949
0.0390254
0.0418077
0.067516
0.175457
0.20233
0.106218
0.176461
0.119082
0.192765
0.0377112
0.243639
0.226852
0.115561
0.0198521
0.0959156
0.293512
0.247949
0.0311833
0.165567
0.17001
0.0685474
0.0660338
0.308782
0.354354