0.0858239
0.076218
0.217065
0.14468
0.0859149
0.0736691
0.0169475
0.0953021
0.160695
0.184503
0.176467
0.0863215
0.0831637
0.0837294
0.0329964
0.116637
0.33491
0.0416708
0.0554355
0.0573958
0.0509959
0.048419
0.0171215
0.42431
0.44437
0.102518
0.0618259
0.0448811
0.0257712
0.0404209
0.0129741
0.44523
0.123023
0.226981
0.189225
0.0278782
0.0444161
0.0771738
0.0203706
0.0598191
0.137813
0.137792
0.0719954
0.0783345
0.0639498
0.0692599
0.0273542
0.129769
0.439254
0.0855012
0.0546914
0.0146087
0.019522
0.0377221
0.0131145
0.360268
0.441515
0.0510552
0.0169675
0.0411783
0.0327693
0.0446685
0.0325594
0.460347
0.141835
0.0756294
0.0300497
0.0685107
0.0460604
0.0307415
0.0471311
0.206751
0.185091
0.0668822
0.0480355
0.0132202
0.0194723
0.0449764
0.0594711
0.247294
0.299797
0.0412195
0.0125387
0.0376337
0.0254453
0.0196128
0.0364546
0.501193
0.376873
0.0691564
0.0314347
0.00881344
0.035107
0.025231
0.0621127
0.497594
0.141175
0.095047
0.101066
0.00877718
0.0156528
0.0150949
0.0335896
0.140098
0.259739
0.204908
0.188809
0.00423371
0.0512777
0.0140893
0.0276512
0.257143
0.197907
0.115713
0.124834
0.00726654
0.0795839
0.0334693
0.232439
0.284018
0.202923
0.214962
0.219786
0.0103479
0.0958122
0.039258
0.397481
0.380608
0.269578
0.0866716
0.0437944
0.00604659
0.0363372
0.022125
0.0220689
0.268651
0.47719
0.0690716
0.0123366
0.0255497
0.0221689
0.0182268
0.0180999
0.323004
0.188961
0.0856559
0.0555406
0.0240583
0.0239733
0.0228709
0.116912
0.279698
0.352165
0.305354
0.0450844
0.0215313
0.00794985
0.0217211
0.0473664
0.296762
0.211201
0.125673
0.0208241
0.0134081
0.00972784
0.0061649
0.0303259
0.113081
0.157813
0.240878
0.0318432
0.0230203
0.0138834
0.0808223
0.165782
0.182824
0.251732
0.449861
0.0386649
0.000963031
0.00514598
0.00961399
0.0141217
0.128102
0.397402
0.479051
0.0298305
0.00228508
0.0102586
0.0207772
0.0704914
0.218917
0.0970604
0.276986
0.0583941
0.0313873
0.0372236
0.171363
0.184026
0.150984
0.0445236
0.180878
0.102254
0.160853
0.139691
0.101586
0.0871745
0.0862996
0.238694
0.476529
0.0299572
0.0325843
0.200198
0.0809985
0.117287
0.16406
0.0596225
0.164862
0.126278
0.109239
0.446125
0.113645
0.0926321
0.0812005
0.354757
0.0134091
0.00790179
0.00907984
0.028444
0.0141968
0.00847329
0.25115
0.399936
0.022682
0.00627326
0.00217379
0.0115302
0.00433016
0.00615358
0.320082
0.31944
0.0113193
0.0234271
0.0484483
0.135465
0.0581689
0.0402119
0.238029
0.399936
0.00672463
0.0161167
0.0094782
0.0275049
0.00335956
0.028033
0.399936
0.299903
0.00990669
0.000709739
9.72543e-006
0.000975143
0.00107288
0.00129202
0.243903
0.308589
0.00536192
0
0
0
0.00114743
0.00215693
0.329448
0.39551
0.00521403
0.000177435
2.43136e-006
0.000216392
0
0.00497638
0.362765
0.399369
0.00300809
0
0
0
0.00388643
0.00613732
0.399369
0.214767
0.0116493
0
0
0
0.000833221
0.00253975
0.363973
0.202623
0.0176244
0.000303318
0.00752833
0.0684684
0.0303035
0.0718949
0.357794
0.331564
0.00639635
0.00463431
0.00767612
0.00129597
0.0157838
0.0220924
0.433737
0.321857
0.10807
0.0752072
0.0433677
0.16184
0.0742889
0.137802
0.354551
0.0957221
0.0448773
0.0296891
0.0283938
0.127435
0.0428916
0.14088
0.193965
0.0806573
0.172325
0.122245
0.041619
0.0638205
0.0195003
0.210972
0.164218
0.273494
0.251962
0.10672
0.0916192
0.257767
0.0651121
0.121101
0.150089
0.397695
0.46126
0.265742
0.104458
0.10272
0.010756
0.0473889
0.076669
0.0860103
0.119223
0.0947821
0.0446449
0.00527682
0.00378482
0.0649242
0.120839
0.16707
0.403451
0.094944
0.0327253
0.00130406
0.00315429
0.0188103
0.133553
0.267993
0.453558
0.172632
0.044904
0.00574966
0.000522535
0.0133282
0.0541112
0.37055
0.453558
0.124727
0.0242421
0
0
0.0029336
0.114331
0.18724
0.389569
0.0665201
0.000982578
0.000783888
0.00165396
0.00453329
0.0429704
0.251233
0.389569
0.0445369
0.02639
0.0795614
0.0296272
0.00669168
0.104276
0.308987
0.389569
0.0932142
0.00086573
0.00115929
0.000737732
0.00117103
0.0520487
0.238069
0.297741
0.0576737
0.213836
0.265901
0.0432115
0.00141811
0.0838147
0.109942
0.158768
0.0237153
0.10918
0.245386
0.0416472
0.0144063
0.0827492
0.0217913
0.0239103
0.0678805
0.190873
0.356161
0.0340357
0.0150796
0.0171818
0.0534193
0.0535719
0.0203702
0.408554
0.420414
0.0430521
0.00152639
0.0476367
0.0241198
0.027909
0.0591688
0.420414
0.365014
0.013532
0.00135171
0.0065222
0.17505
0.00603569
0.0184206
0.100454
0.121202
0.0510103
0.0736979
0.23476
0.402957
0.029873
0.00822371
0.0155531
0.0348869
0.021016
0.0664948
0.436803
0.131786
0.041745
0.0834005
0.191151
0.23777
0.0704034
0.134952
0.144908
0.270537
0.1925
0.103224
0.0984657
0.215323
0.102807
0.19739
0.29597
0.310445
0.0424352
0.00703818
0.00455916
0.00629806
0.00232801
0.0159253
0.247117
0.345288
0.0421318
0.0854439
0.0467554
0
0.0114771
0.0242438
0.356498
0.252594
0.257317
0.112247
0.0269637
0.0467441
0.0156913
0.0617539
0.146275
0.367384
0.293304
0.333923
0.099344
0
0.0076514
0.0370032
0.175806
0.211909
0.0523028
0.096291
0.0675047
0.00348702
0.042469
0.0396555
0.243143
0.241523
0.328834
0.130213
0.0513398
0.0372498
0.0412324
0.0633594
0.115432
0.275438
0.286639
0.284198
0.104833
0.00232468
0.0283127
0.0237811
0.147157
0.351557
0.425839
0.194337
0.0488712
0.0148827
0.0338288
0.0237852
0.0870485
0.191176
0.38686
0.0988859
0.0283994
0.0426991
0.00984832
0.0387367
0.0441157
0.232007
0.409367
0.121303
0.035944
0.0298824
0.0158734
0.0229202
0.0487917
0.228523
0.409367
0.0903221
0.0795141
0.061977
0.0421656
0.0108576
0.0305716
0.185441
0.409367
0.128132
0.134217
0.147917
0.0846939
0.066606
0.0707719
0.177669
0.396027
0.0670985
0.00998557
0.0101326
0.017344
0.0156992
0.0351997
0.262385
0.396027
0.0762887
0.00405646
0
0.003455
0.00284436
0.0366647
0.234595
0.385538
0.099861
0.0449661
0.0757402
0.0715474
0.0617469
0.0725113
0.278901
0.396027
0.200848
0.0694704
0.0716254
0.0849655
0.0364566
0.0628416
0.264526
0.333904
0.100351
0.0305856
0.00422627
0.00268945
0
0.0295414
0.17023
0.101533
0.0547852
0.33668
0.246641
0.017067
0
0.0279954
0.256748
0.314106
0.193152
0.0704091
0.0326497
0.0567556
0.0296619
0.0817394
0.204484
0.0907089
0.0804928
0.383698
0.350953
0.0273092
0.00534977
0.0685304
0.0167341
0.00682501
0.00824092
0.3499
0.291428
0.00920634
0
0.00640241
0.0111962
0.0143601
0.0185623
0.356241
0.264939
0.00394113
0.000599585
0.00399578
0.0220692
0.00497655
0.0180572
0.372357
0.372357
0.00879458
0.00208192
0.0146162
0.0120857
0.0129563
0.0246507
0.372357
0.372357
0.0112818
0.0194693
0.0162011
0.0537493
0.0311155
0.070922
0.132218
0.244231
0.0762966
0.165014
0.0536341
0.101842
0.29398
0.163473
0.149081
0.161886
0.110879
0.234709
0.104424
0.0369384
0.00313487
0.0808388
0.239785
0.225453
0.0589373
0.179477
0.0914009
0.0509715
0.177759
0.104266
0.138915
0.0902372
0.32108
0.4705
0.15516
0.13701
0.292332
0.152681
0.061395
0.0377189
0.0289588
0.073141
0.0439018
0.27249
0.377877
0.276144
0.0969715
0.00949389
0.0232811
0.0619487
0.0348219
0.0432439
0.139858
0.0501718
0.0689654
0.0388333
0.220206
0.379022
0.0540848
0.0694854
0.174365
0.124079
0.101395
0.0405247
0.210983
0.412556
0.0859409
0.167728
0.386138
0.193892
0.0428233
0.00322173
0.012578
0.0398304
0.0417341
0.19435
0.411268
0.141636
0.0584874
0.0244135
0.0178103
0.0106934
0.0343827
0.046983
0.167838
0.0933415
0.0344617
0.012926
0.11301
0.411268
0.124072
0.070532
0.125578
0.0877133
0.116091
0.12101
0.0769497
0.411268
0.192771
0.125018
0.318549
0.0660462
0.150677
0.0999233
0.0604682
0.0155619
0.0438157
0.246421
0.32497
0.115009
0.160614
0.165401
0.0825174
0.0710274
0.123041
0.117329
0.135126
0.100664
0.229063
0.147376
0.0971571
0.145953
0.202424
0.34657
0.254111
0.103384
0.254202
0.0769506
0.0731935
0.0893979
0.274396
0.330441
0.303082
0.177633
0.0653521
0.0779107
0.0478752
0.0586176
0.0953186
0.221238
0.317332
0.186132
0.118633
0.0730894
0.186586
0.0957329
0.121654
0.339061
0.158511
0.102947
0.0746796
0.0181813
0.0357944
0.0794342
0.229596
0.176564
0.18091
0.201461
0.113397
0.0324741
0.16697
0.163787
0.221787
0.178511
0.15419
0.0838134
0.0406543
0.0464544
0.128297
0.069968
0.196448
0.151432
0.0510147
0.021222
0.332168
0.289313
0.0832738
0.0382649
0.150155
0.212922
0.229814
0.206921
0.0630835
0.0929523
0.0976258
0.0870548
0.171148
0.180383
0.151927
0.0959797
0.368945
0.395773
0.0857311
0.070765
0.116151
0.0222443
0.00719272
0.0200099
0.418327
0.35327
0.0388673
0.0200205
0.0165553
0.0336992
0.0152737
0.057882
0.248968
0.30095
0.066108
0.0786258
0.0410214
0.0246696
0.0164807
0.0298366
0.418327
0.358056
0.0637703
0.0305156
0.0118503
0.0363147
0.0142305
0.144659
0.237515
0.245437
0.133421
0.104061
0.0912407
0.0314091
0.00573748
0.0658228
0.237319
0.138462
0.0435455
0.103998
0.116655
0.10343
0.0298669
0.0470974
0.0359158
0.044227
0.232925
0.387804
0.288687
0.174881
0.0613329
0.0746618
0.159488
0.0865942
0.107401
0.0973654
0.173201
0.353962
0.0882072
0.072741
0.0130859
0.0257249
0.0737977
0.244369
0.462451
0.0523656
0.0267876
0.0066812
0.00935504
0.0138073
0.189887
0.326019
0.141006
0.0428584
0.0212141
0.0137665
0.0303342
0.0698761
0.219472
0.389265
0.158447
0.228533
0.0472849
0.0188725
0.00273788
0.00650545
0.0660977
0.182731
0.389265
0.321459
0.0464285
0.00734146
0.0387962
0.0940922
0.14177
0.175146
0.389265
0.0410469
0.0200157
0.0110887
0.018659
0.0517477
0.109616
0.391852
0.146112
0.0645651
0.0199084
0.0157206
0.032968
0.0653779
0.111867
0.391852
0.220935
0.23046
0.0570255
0.0183489
0.040187
0.0899079
0.100283
0.149979
0.29996
0.213958
0.0537372
0.0122326
0.047154
0.0647261
0.197236
0.391852
0.327719
0.0908382
0.0222333
0.0296095
0.0789829
0.0593654
0.122159
0.384709
0.229464
0.134526
0.0465426
0.0246776
0.106689
0.0116867
0.0722616
0.229244
0.211149
0.0772623
0.0205897
9.08065e-005
0.0280405
0.0218577
0.206922
0.433245
0.241375
0.0607519
0.0059838
0.000363226
0
0
0.143705
0.433245
0.280918
0.0908626
0.0235963
0.0260258
0.0557433
0.0198604
0.0282276
0.102672
0.121591
0.0535832
0.158308
0.311478
0.157648
0.0570613
0.100817
0.0836163
0.071062
0.0402443
0.000910823
0.0186194
0.043727
0.0478292
0.0564115
0.484204
0.197289
0.0136536
0.0858997
0.231954
0.144227
0.125542
0.334326
0.484204
0.104421
0.0784505
0.168842
0.25807
0.114637
0.092309
0.0427851
0.0386652
0.0251538
0.0723906
0.0750923
0.0792779
0.322136
0.358233
0.0348272
0.0164526
0.0142222
0.00729334
0.0620466
0.140224
0.135985
0.128414
0.223558
0.387423
0.041694
0.0109519
0.0227193
0.0182389
0.387423
0.387423
0.0650646
0.130868
0.0302619
0.010755
0.0059613
0.00997743
0.335916
0.308267
0.0304886
0.00545223
0.00193627
0.0147937
0.009849
0.0810345
0.210224
0.284483
0.0646039
0.0213975
0.0496002
0.00301279
0.00775909
0.000230576
0.399299
0.399299
0.0191699
0.00645504
0.00423576
0.0171433
0.0133804
0.0678142
0.356802
0.399299
0.0248871
0.00331478
0.0214971
0.130598
0.158025
0.131807
0.0849053
0.0684345
0.105146
0.0662991
0.108588
0.231961
0.155706
0.181744
0.039139
0.119002
0.0781384
0.0903239
0.233607
0.103528
0.243578
0.217117
0.128962
0.222746
0.119869
0.159631
0.1559
0.119346
0.16588
0.201348
0.100676
0.427775
0.340537
0.113484
0.0962046
0.337233
0.108387
0.0927972
0.0359365
0.0550274
0.0307367
0.07223
0.332127
0.4836
0.0380484
0.00728106
0.0219323
0.0299992
0.0283879
0.0273336
0.513506
0.0925863
0.077886
0.0904721
0.0708822
0.261324
0.261206
0.0305875
0.0265899
0.10096
0.016971
0.00982471
0.0250896
0.0501621
0.0569237
0.018223
0.0955839
0.279623
0.0260943
0.00955741
0.033976
0.0619151
0.0488124
0.0243481
0.324686
0.226139
0.0566687
0.0063322
0.238348
0.242331
0.196833
0.220473
0.254939
0.0554562
0.00322127
0.00606546
0.0816176
0.098485
0.0175899
0.00617539
0.057879
0.0387131
0.021968
0.00257586
0.453483
0.453483
0.0516232
0.0249575
0.0282943
0.0728919
0.052523
0.000251683
0.135802
0.130798
0.166667
0.299895
0.103829
0.0550815
0.0357927
0.00100673
0.0222361
0.0565022
0.141866
0.425007
0.197592
0.0274081
0.0357835
0.000392108
0.425007
0.357771
0.0524401
0.0774688
0.0108368
0.0322808
0.0381239
0.0015101
0.220342
0.223714
0.0970333
0.314613
0.0948967
0.016639
0.00545487
0.00101747
0.00657203
0.0151364
0.0633078
0.444223
0.148415
0.00618608
0.00184238
0.0121661
0.0135142
0.0259729
0.194212
0.444223
0.168237
0.0260836
0.00769695
0.000387679
0.0217609
0.0477407
0.108263
0.379431
0.112278
0.0481704
0.00159585
0
0.000377366
0.0118244
0.186272
0.444223
0.247864
0.0117223
0.011181
0.0076214
0.0372938
0.0464832
0.184313
0.394735
0.124369
0.0427452
0.0650611
0.00101102
0.258913
0.268967
0.062537
0.288577
0.075492
0.0519334
0.00994407
0.00281506
0.00366427
0.00631124
0.130314
0.394735
0.249252
0.117513
0.133455
0.0105502
0.15183
0.0991188
0.0594311
0.394735
0.227432
0.0153452
0.0346864
0.00226652
0.331678
0.329869
0.00730089
0.0287484
0.0105543
0.00634695
0.00482136
0.0220223
0.329261
0.384983
0.0113981
0.00288329
0.00570073
0.0564467
0.0987927
0.0244156
0.336188
0.213701
0.0122589
0.0830634
0.0736733
0.00409303
0.00797875
0.0452341
0.378417
0.384983
0.0708181
0.00213677
0.000990116
0.072226
0.0739538
0.108747
0.16011
0.181341
0.0925243
0.155877
0.097652
0.0911785
0.135452
0.136735
0.151401
0.251095
0.189029
0.0830639
0.0824585
0.0414521
0.0147241
0.0911027
0.396555
0.310202
0.150953
0.0828186
0.0459503
0.0711208
0.0663806
0.1282
0.433779
0.35057
0.114088
0.0514478
0.069343
0.0804842
0.187059
0.152747
0.188003
0.379988
0.372717
0.0202639
0.0566845
0.0219323
0.0278312
0.0234066
0.072431
0.133758
0.105129
0.0174223
0.0339553
0.102554
0.128512
0.200343
0.437524
0.360709
0.16108
0.0110722
0.0947721
0.142844
0.0790032
0.089734
0.0730873
0.074431
0.0410521
0.035152
0.154004
0.00281593
0.00887053
0.00558228
0.0937999
0.0946675
0.00821101
0.00590133
0.004576
0.000755687
0.00422222
0.00145192
0.488317
0.488317
0.027582
0.00545059
0.000429902
0.0502196
0.0315586
0.0192398
0.0836965
0.0817165
0.00935536
0.0266047
0.0632303
0.0211753
0.0183049
0.0475904
0.422396
0.454709
0.0730738
0.0640255
0.189777
0
0.00101498
0.000116284
0.428431
0.372266
0.0151476
0.00663197
0
0.00241901
0.0120635
0.0170863
0.309326
0.225531
0.0424242
0.0405274
0.0163012
0.00490379
0.00131971
0.0368467
0.383656
0.395554
0.0704438
0.0462229
0.109428
0.0759313
0.0250909
0.0737611
0.251552
0.270044
0.0648044
0.0307737
0.0849226
0.0435705
0.031079
0.0328704
0.0847246
0.156574
0.171609
0.214739
0.0726469
0.157494
0.0277509
0.00545049
0.0083942
0.0848524
0.309234
0.64195
0.269501
0.200395
0.0990184
0.12113
0.0922195
0.100071
0.0716369
0.0506788
0.0911247
0.192287
0.146991
0.085324
0.0362135
0.0582702
0.0646251
0.109844
0.136719
0.0929963
0.00701474
0.00321773
0
0.0263098
0.125402
0.406058
0.253566
0.13476
0.0583335
0.0169372
0.0418443
0.0293829
0.115914
0.460036
0.337286
0.0793821
0.0344477
0.025028
0.00315404
0.0188278
0.0540004
0.133259
0.200179
0.113931
0.0858806
0.0411761
0.0193893
0.00744577
0.102465
0.410984
0.256538
0.0896315
0.0575358
0.0522042
0.269955
0.084852
0.0741585
0.262771
0.141601
0.0284915
0.0295224
0.118903
0.411669
0.360691
0.160703
0.0289678
0.0215815
0.193277
0.123272
0.0758706
0.13621
0.0197834
0.0815265
0.326674
0.144311
0.214398
0.123623
0.17724
0.258159
0.168409
0.0971006
0.0666333
0.0829672