0.425828
0.24901
0.0207191
0.000360979
0.00400846
0.00687705
0.012087
0.154739
0.315487
0.268038
0.0786297
0.0549245
0.00782619
0.0397931
0.0671785
0.380688
0.192689
0.00653243
0
0.00106718
0.0126432
0.00232363
0.0130216
0.305748
0.293248
0.00776606
0.00241689
0.00146493
0.0177422
0.00862746
0.0076397
0.324076
0.487145
0.0793508
0.0287964
0.0324773
0.00159109
0.022761
0.0358972
0.242002
0.634094
0.167856
0.00633411
0
0
0.00555247
0.00970543
0.0779352
0.232195
0.0162923
0.00541606
0.000242313
0.00272967
0.00375342
0.00464733
0.191393
0.217196
0.0153819
0.00341585
0
0
0.00455067
0.012203
0.218167
0.563309
0.192163
0.0100692
0
0
0.00827349
0.0213835
0.0968807
0.330708
0.0969083
0.00228562
0
0.0028646
0.0154551
0.028349
0.171139
0.199811
0.0134061
0.00111716
0
0
0.0150551
0.0586613
0.339199
0.222273
0.00583358
0.000279289
0
0.00429691
0.0228578
0.0829034
0.391409
0.153328
0.050882
0.000615091
0.00149821
0.00408133
0.0137796
0.00892136
0.079098
0.119244
0.0653304
0.0149872
0.0039781
0.0104559
0.0178517
0.00475663
0.0740162
0.285709
0.0458622
0.00239692
0.0016704
0.00554507
0.0166759
0.0203417
0.179053
0.69043
0.49344
0.0103921
0.00365945
0.00966567
0.0192268
0.00454065
0.0844828
0.0434154
0.037719
0.00819938
0.000410413
0.00181763
0.00182149
0.00439161
0.0177006
0.170693
0.108429
0.00299698
0
0
0
0.00797854
0.0249541
0.319297
0.402408
0.00206581
0.000329692
0.00141735
0.0019619
0.000639634
0.00848572
0.563543
0.563543
0.000618736
0
0
0
0
0.00293597
0.227731
0.0736167
0.000142962
0
0
0.00123302
0.00417014
0.0218033
0.343788
0.0355602
0
0
0.00273327
0.00758802
0.00728798
0.111603
0.49039
0.422173
0.0050347
0
0
0
0
0.00746284
0.49039
0.224476
0.0109475
0.000756842
0.00644081
0.0069627
0.0292795
0.225889
0.228767
0.0201945
0
0.000946492
0.0101432
0.0114456
0.031071
0.267281
0.0555503
0.00922536
0.0129157
0.0512182
0.117169
0.0797598
0.0924365
0.240221
0.336516
0.0657828
0.00357812
0.0120586
0.0431124
0.0516574
0.119708
0.499252
0.0509747
0.00173753
0
0.0471382
0.366321
0.231205
0.182908
0.334427
0.147024
1.17737e-005
0
0.000134221
0.00164062
0.000330836
0.00392332
0.365566
0.218505
0.0006884
0.00015462
0.000137684
0.0018881
0.000825213
0.000909307
0.384797
0.227095
0.0170023
0.00831869
0.00250832
0
1.98834e-005
0.00385772
0.431339
0.358638
0.0272046
0.00733964
0.00185307
0
0
0
0.483451
0.19519
0.00203823
0.000432859
1.9366e-005
0.000271918
0.000341088
0.000371421
0.305384
0.190551
0.00202735
0.000272999
0
0
0.000609495
0.00674487
0.375478
0.344311
0.0325928
0.0021741
0.0040613
0
0
0
0.434686
0.316355
0.110529
0.00881882
0.024547
0.0101116
0
0.0213945
0.467617
0.131514
0.000924745
4.79062e-005
0
0
0.00102087
0.0108612
0.289482
0.284989
0.0336475
1.19766e-005
0
0.000184261
0.00118159
0.00943363
0.246342
0.259336
0.169719
0.00943215
0.0114269
0.0069614
0
0.0200866
0.329151
0.5308
0.410272
0.0077804
0
0
0
0.00261211
0.219255
0.251334
0.0993497
0.000448591
4.51116e-005
0.000189705
0.000534007
0.00159931
0.0618145
0.34528
0.380377
0.00262997
6.76674e-005
0.000181031
0.000492074
0.000163753
0.0144511
0.38748
0.397332
0.00289026
0
0
0
0
0.0326815
0.31655
0.452052
0.0234134
0.00107769
0
0
0.000941318
0.0112293
0.232826
0.392738
0.000979831
7.99624e-006
2.93136e-005
0.000106587
4.71153e-005
0.00168499
0.298692
0.424449
1.57431e-005
0
0
0
0
4.01325e-005
0.192651
0.424449
0.0200671
0.00140381
0
0
0.00272888
0.01063
0.286511
0.424449
0.0100579
0.000350953
0
0
0.00191594
0.00541282
0.390597
0.463671
0.00548137
0
0
0.00106926
0.0012779
0.0020785
0.383148
0.230105
0.025564
0.0506701
0.0258728
0.0187388
0.0560918
0.0803681
0.323716
0.397978
0.01476
0.000738877
0.00127624
0.00257729
0.00535288
0.0101982
0.205824
0.146636
0.0885376
0.182302
0.0422422
0.0146243
0.0387055
0.0317186
0.141538
0.0507873
0.026903
0.12323
0.103121
0.0634264
0.106198
0.135231
0.00804383
0
0.00821366
0.150565
0.452635
0.124439
0.0682879
0.0576681
0.0403199
0.0204431
0.09262
0.408734
0.139241
0.0287568
0.0419029
0.015953
0
0
0.0187345
0.453495
0.449823
0.0331204
0.0139841
0
0.268322
0.135715
0.0512356
0.016696
0
0.000118978
0.0154664
0.20256
0.39178
0.224022
0.083562
0.0199936
0
0
0
0.232453
0.323093
0.142029
0.0470266
0.0645091
0.0419493
0.0737757
0.140386
0.346276
0.162351
0.312298
0.152475
0.219547
0.0779169
0.0817583
0.150807
0.149439
0.246571
0.222374
0.0248539
0.00980868
0
0
0
0.123815
0.195972
0.449627
0.0350029
0.0325185
0.00778472
0
0.00800214
0.105292
0.121008
0.387727
0.0821103
0.0573088
0.0146876
0.01827
0.046685
0.046212
0.108481
0.585154
0.161201
0.0309062
0.0179307
0.00839926
0.0194303
0.0153282
0.144784
0.318905
0.0202893
0.0089673
0.00369387
0
0.00620191
0.0456281
0.339811
0.457415
0.0144081
0.00412897
0
0
0.00156465
0.0261409
0.135133
0.457415
0.0610557
0.0133958
0.0134234
0.00585723
0.0162798
0.0153413
0.290456
0.423454
0.0796068
0.0253944
0.00296442
0.00365356
0.00748497
0.032139
0.29361
0.445474
0.025785
0.0102621
0
0
0
0.00604711
0.266617
0.485828
0.0545629
0.00712119
0
0
0.00182061
0.0456614
0.198118
0.218128
0.219884
0.0589872
0.00438899
0.00409405
0.000576597
0.0153163
0.345894
0.224384
0.202065
0.0344111
0.00567049
0.00272937
0.000455154
0.0563156
0.324641
0.375927
0.0480128
0.00567431
0.00119723
0.00390699
0.0114735
0.08099
0.403846
0.340997
0.0294482
0.0430143
0.0105161
0.00586049
0.0185706
0.0554184
0.453315
0.190309
0.0683871
0.0227669
0.00564021
0.015628
0.00986401
0.102078
0.295799
0.110169
0.0722513
0.165064
0.0589879
0.0354401
0.0295854
0.0855174
0.342997
0.304326
0.0898366
0.0584064
0.0137975
0.00491481
0.017067
0.0405946
0.127548
0.138873
0.170853
0.400835
0.0929658
0.00668711
0.0192404
0.0411412
0.148915
0.107603
0.136147
0.184406
0.0713755
0.0350736
0.0473704
0.0576986
0.0588982
0.146731
0.317525
0.484418
0.052794
0.00930414
0.0352215
0.0268592
0.0054271
0.0124974
0.0521897
0.393476
0.112161
0.00276399
0.00384887
0.00638338
0
0
0.006431
0.48868
0.269764
0.00508236
0.0020704
0
0.00495416
0.0301747
0.127694
0.400434
0.100826
0.0132153
0.00195489
0.000876681
0.00348666
0.00502036
0.0237327
0.39116
0.332171
0.07645
0.0304988
0.0284778
0.0998038
0.0167953
0.00515452
0.035733
0.0472518
0.147732
0.252834
0.191807
0.0404684
0.0597857
0.0346518
0.137379
0.075065
0.16625
0.478868
0.146512
0.0127706
0.00549324
0.0116536
0.0108979
0.0260286
0.0950865
0.208466
0.0289128
0.00691099
0.000635121
0.00158239
0.00977396
0.0278725
0.167182
0.625058
0.096731
0.0684034
0.155476
0.0458211
0.0433724
0.0180317
0.0423508
0.243024
0.124661
0.0562906
0.364461
0.140904
0.0461333
0.045187
0.0357781
0.159813
0.0603829
0.017332
0.0172501
0.00450183
0.000845412
0.005801
0.086388
0.532306
0.0981524
0.0130147
0.0272846
0.0151015
0.0115333
0.0297488
0.117669
0.559801
0.0753353
0.102366
0.381503
0.0895759
0.0435661
0.0548712
0.0375261
0.189296
0.139095
0.234685
0.25763
0.172734
0.100998
0.030247
0.0441786
0.0892863
0.188937
0.0202226
0.00643531
0.00582841
0.0108915
0.0461186
0.101966
0.457082
0.212465
0.100391
0.0245953
0.0333111
0.0685435
0.106928
0.23135
0.279457
0.244761
0.176528
0.0790664
0.23531
0.100851
0.0208788
0.0372429
0.00817099
0.0342602
0.569196
0.143775
0.174459
0.0478079
0.014298
0.0163144
0.00136772
0.0904787
0.199355
0.0641593
0.0298256
0.0497329
0.0503339
0.163043
0.124472
0.0532243
0.538579
0.0852879
0.00942726
0.0130097
0.0138834
0.0638741
0.116576
0.191605
0.447264
0.153273
0.0454657
0.0197281
0.00317596
0.00551158
0.00483601
0.129777
0.217429
0.141053
0.0816637
0.0963987
0.0368827
0.0214017
0.015501
0.122713
0.355683
0.0955242
0.0879517
0.0187995
0.000371759
0.00302878
0.034334
0.2051
0.140623
0.409871
0.445466
0.0723085
0.00738919
0.00308244
0.0116866
0.127483
0.0672281
0.15944
0.114454
0.0804367
0.0411051
0.0258748
0.0304444
0.0398149
0.0359052
0.188867
0.301742
0.200791
0.0109467
0.0134993
0.0282538
0.0124728
0.057827
0.579426
0.334884
0.0695485
0.045549
0.0246493
0.0367253
0.0256009
0.0538947
0.336487
0.278874
0.171057
0.134293
0.055502
0.0679947
0.0026441
0.0117303
0.0517456
0.218145
0.2215
0.0652413
0.0348947
0.0057577
0.00650866
0.0192159
0.040461
0.125218
0.186342
0.238329
0.133504
0.0331878
0.0672379
0.0127933
0.0398475
0.315667
0.284444
0.073641
0.0292209
0.0171197
0.00870887
0.0675782
0.169679
0.56156
0.387948
0.0712625
0.0441937
0.00818383
0.032443
0.0817172
0.0278868
0.047402
0.0345253
0.0363442
0.048555
0.128866
0.109667
0.024516
0.014923
0.0139076
0.0257644
0.0479644
0.204168
0.538056
0.153143
0.0939249
0.0130574
0.0211214
0.0131843
0.0247329
0.0671219
0.334801
0.317369
0.0902863
0.0187408
0.0198196
0.00538547
0.00999562
0.132593
0.276689
0.327869
0.00644767
0.00304889
0.00316691
0.00102828
0.00691662
0.0813203
0.377661
0.056703
0.00121251
0
0.00134169
0.000113155
0.00811396
0.106449
0.733255
0.0656757
0.0354078
0.00457333
0.00978171
0.00293385
0.0100458
0.0406554
0.119094
0.103045
0.0162726
0.0017804
0.00536677
0.00311691
0.027539
0.0592606
0.418622
0.0816792
0.000569446
0
0
0
0.0125335
0.0542109
0.435121
0.0807158
0.010196
0.00308325
0
0.00229206
0.0408343
0.122113
0.366361
0.0880094
0.0056631
0.000931864
0
0.000621165
0.0129081
0.0605373
0.416312
0.0610598
0.00154753
0
0
0
0.0082282
0.171071
0.601492
0.0608269
0.0463618
0.0197669
0.00262012
0.00191745
0.0296854
0.141724
0.302305
0.0841687
0.150285
0.0484018
0.00393018
0.000331462
0.00860719
0.0577119
0.268904
0.363426
0.00667127
0
0.0104805
0.000883898
0.00801656
0.176528
0.472054
0.0857244
0.0468811
0.0154973
0.0157207
0.00132585
0.0218812
0.10714
0.392377
0.378973
0.14876
0.13158
0.124952
0.0389728
0.019429
0.00990367
0.0657721
0.221938
0.055782
0.331298
0.547259
0.161371
0.057179
0.0832142
0.0278785
0.036369
0.0773571
0.0658724
0.0387566
0.0415453
0.0627644
0.0852057
0.152066
0.285969
0.06273
0.0695267
0.137143
0.135726
0.109897
0.292959
0.281425
0.121264
0.0292017
0.336976
0.312551
0.17007
0.081873
0.072878
0.050245
0.0061922
0.0265264
0.142023
0.141594
0.378884
0.183528
0.0365901
0.0431213
0.00257602
0.106272
0.110746
0.147041
0.143342
0.0484231
0.154335
0.225129
0.106516
0.0858539
0.160069
0.282938
0.40739
0.111535
0.0133028
0.0322569
0.0461648
0.00135057
0.0036293
0.112611
0.335674
0.0737029
0.00499034
0.00493992
0.000925251
0.0210273
0.0624941
0.253611
0.488164
0.0653449
0.000227888
0.00542043
0.000616834
0.0099993
0.0231462
0.081787
0.35697
0.166492
0.0336778
0.0192691
0.00579649
0.0742188
0.00240403
0.0340387
0.482943
0.24613
0.0691561
0.109
0.14338
0.0303283
0.0103455
0.0148449
0.0479672
0.079462
0.158448
0.350894
0.235895
0.0845375
0.0473303
0.0545787
0.0476954
0.0146177
0.13115
0.296706
0.355997
0.0171357
0.0857853
0.126142
0.20104
0.0841889
0.129298
0.0734351
0.0690609
0.0592299
0.22004
0.309764
0.224876
0.0478584
0.0490026
0.0947054
0.106102
0.13199
0.044492
0.0686287
0.0877166
0.0563379
0.0873751
0.167418
0.309926
0.174577
0.0834401
0.0307279
0.0525654
0.169664
0.127165
0.305131
0.196654
0.107611
0.195825
0.234563
0.2311
0.135962
0.069134
0.0449061
0.0707303
0.19376
0.176272
0.0806805
0.154938
0.221665
0.0881067
0.0611656
0.101911
0.0378119
0.0196613
0.00101697
0.002561
0.0551838
0.105107
0.236973
0.081834
0.015138
0.00132686
7.80505e-005
0
0.0379463
0.302486
0.718332
0.163652
0.0461721
0.0387353
0.0188635
0.0192191
0.0528354
0.0379075
0.0440092
0.0733994
0.0304382
0.00590404
0.0164627
0.00558427
0.0329135
0.0803253
0.264623
0.242966
0.00175843
0
0.00280247
0.000236353
0.00388837
0.0945899
0.378364
0.0630784
0.00438734
0.00111433
0.00420371
0.00035453
0.0121879
0.0976612
0.544165
0.0886303
0.00263423
0.000123562
0.000859963
0.000370199
0.00633214
0.0246619
0.25819
0.0817573
0
0
0
8.42399e-005
0.00744179
0.144665
0.606499
0.04028
0.0080655
0.00348963
0.000536604
0.0039866
0.0198324
0.11104
0.296067
0.0743302
0.02522
0.00336782
0.00291281
0.00740855
0.0214841
0.173039
0.282145
0.107596
0
0
0
0
0.00224365
0.214068
0.525367
0.0137925
0.0131111
0.00193703
0.0116513
0
0.011394
0.363749
0.501238
0.0502149
0.140429
0.12924
0.0574163
0.0119174
0.00554078
0.0870751
0.212233
0.177449
0.160904
0.327461
0.275704
0.142845
0.0539522
0.014845
0.0341386
0.0702296
0.104071
0.121222
0.0671327
0.0210448
0.0856712
0.329269
0.234412
0.0898397
0.142986
0.422308
0.331893
0.0978453
0.103983
0.102497
0.0260832
0.0521902
0.0737154
0.0913699
0.0906469
0.116377
0.108439
0.0612531
0.066362
0.0271241
0.366342
0.0616298
0.011287
0.102691
0.143436
0.0895644
0.154481
0.296639
0.108902
0.217736
0.157786
0.0777463
0.0159653
0.0259566
0.0473449
0.0321773
0.620791
0.250956
0.0662501
0.0801009
0.00638441
0.019175
0.057019
0.187959
0.0297571
0.138853
0.240793
0.211021
0.0369837
0.0238352
0.00913657
0.00883382
0.0714984
0.209101
0.355437
0.247917
0.0434
0.00146853
0.00718849
0.00448537
0.138078
0.299024
0.224526
0.098198
0.0434047
0.0267602
0.0441818
0.036098
0.0572442
0.23313
0.297828
0.214174
0.0802109
0.0667491
0.0962685
0.0665705
0.0690651
0.220773
0.281849
0.217764
0.109625
0.0543834
0.0226823
0.0024679
0.0613477
0.11173
0.129326
0.151107
0.163702
0.125922
0.0899996
0.10321
0.0323246
0.135827
0.248768
0.189096
0.0976753
0.0979991
0.173879
0.0783316
0.0380978
0.037506
0.174139
0.181456
0.126567
0.172238
0.235846
0.135014
0.0609091
0.0514853
0.0747563
0.0576265
0.089298
0.0723916
0.056299
0.0913019
0.0826613
0.0506559
0.0762828
0.0219224
0.0692754
0.124798
0.206427
0.165351
0.20197
0.066544
0.193645
0.161998
0.0459179
0.0808252
0.102608
0.136481
0.425293
0.115978
0.214484
0.225829
0.139245
0.120595
0.234601
0.149703
0.0157525
0.00508551
0.00730928
0.00209369
0.0347054
0.0856044
0.258036
0.0673097
0.00443485
0
0
0.00309286
0.0473958
0.286106
0.719523
0.0716646
0.0715045
0.0184506
0.0307309
0.0652646
0.0834911
0.0900296
0.115691
0.0508981
0.0324092
0.0368255
0.127504
0.0551984
0.0595163
0.107083
0.230223
0.0961146
0.00219624
0
0.00245991
0.00481987
0.0166785
0.138419
0.324879
0.0191545
0.00342324
0.00108221
0.0357188
0.0609872
0.0932496
0.374656
0.43943
0.00669255
0.00559293
0.0128023
0.0964779
0.0762926
0.0322988
0.0479919
0.0792008
0.0207001
0.000985506
0.00831845
0.423429
0.451311
0.130071
0.143659
0.0980012
0.00297274
0.0142384
0.0378901
0.0713126
0.0785883
0.157105
0.270978
0.131675
0.00386901
0.029233
0.182871
0.163517
0.0672835
0.141191
0.117471
0.0102782
0.0317942
0.0197153
0.0931661
0.446559
0.339945
0.124781
0.0971873
0.0299981
0.00631167
0.0646495
0.299917
0.490772
0.10454
0.0735388
0.0494136
0.00271687
0.0444029
0.0458675
0.223462
0.126241
0.043729
0.0140018
0.0117735
0.00251167
0.0175887
0.364606
0.317747
0.0808802
0.0455744
0
0
0.0013266
0.0337202
0.0287859
0.289303
0.384765
0.0126802
0.00548531
0.00629926
0.000347844
0.0160612
0.162242
0.528562
0.302142
0
0
0
0
0.00136156