0.113793
0.102025
0.123391
0.10595
0.0834476
0.0523049
0.0536162
0.0819047
0.0570579
0.135583
0.128382
0.217649
0.144562
0.0414274
0.0182991
0.0451385
0.273651
0.0865097
0.0584366
0.087038
0.18442
0.11354
0.0341396
0.410309
0.240767
0.228066
0.123168
0.185123
0.18587
0.0843467
0.0232749
0.209334
0.078529
0.203014
0.0890088
0.194051
0.0972331
0.0157087
0.0327709
0.0780156
0.0816623
0.178407
0.143178
0.208423
0.245962
0.0987501
0.0724874
0.0849652
0.174914
0.177721
0.104867
0.114672
0.0618646
0.0574235
0.123584
0.206857
0.129782
0.218284
0.196782
0.286076
0.0444637
0.0835066
0.158109
0.150792
0.103781
0.0441444
0.043625
0.0478313
0.0649069
0.0594545
0.0366249
0.0834486
0.495487
0.0895581
0.03585
0.0176448
0.0172372
0.035349
0.0297833
0.195635
0.111704
0.0850761
0.125854
0.166735
0.0548396
0.0562107
0.0435014
0.061607
0.535046
0.176203
0.109284
0.0759932
0.0692142
0.152264
0.132433
0.302205
0.251434
0.0214758
0.00547503
0.00533269
0.01043
0.0087171
0.0121751
0.199263
0.120848
0.0244805
0.0196895
0.0142599
0.0108588
0.0179286
0.0362488
0.388188
0.358557
0.0683834
0.0106206
0.000426882
0.00657589
0.0439034
0.0583888
0.315709
0.312438
0.0824773
0.0219256
0.00571492
0.0016508
0.00260664
0.0807476
0.54085
0.10666
0.0451402
0.0230759
0.0216066
0.0164344
0.0387689
0.0424943
0.272251
0.163835
0.0274885
0.00455304
0.00804543
0.0131958
0.0364039
0.0713778
0.239951
0.246925
0.0867754
0.0318044
0.0123645
0.0044035
0.00788015
0.0870742
0.482966
0.285206
0.0458264
0.0125163
0.00408523
0.00270218
0.0330001
0.155424
0.540283
0.194934
0.01967
0.00598879
0.00467271
0.00134776
0.0163286
0.0415497
0.16303
0.234389
0.0231102
0.0207865
0.011596
0.00351481
0.020052
0.0331011
0.191302
0.356239
0.0498859
3.06606e-005
0
0.000305494
0.0164801
0.105939
0.382
0.529478
0.0845984
0
0
0
0.0166169
0.0453411
0.385381
0.108304
0.0131959
0.00926785
0.0027555
0.00193845
0.0128716
0.0354768
0.176016
0.155134
0.0196864
0.0175273
0.0090869
0.00634838
0.0065111
0.0217531
0.229171
0.331781
0.0214038
0
0
0
0.00429244
0.0314867
0.363273
0.445954
0.00921062
0
0.000617763
0.00082192
0.000545444
0.0664062
0.57887
0.172964
0.0129638
0.00225526
0.00529929
0.015327
0.00762718
0.00997225
0.311845
0.124541
0.0472338
0.00760781
0.0134882
0.0125585
0.00960946
0.0528119
0.234748
0.239972
0.0105125
0.0130097
0.0142055
0.0517433
0.0655505
0.218727
0.564212
0.0912242
0.0166667
0.0493458
0.0351551
0.0519217
0.0560669
0.248908
0.462578
0.0533173
0.0247403
0.00681122
0.00667773
0.00257143
0.01976
0.0990774
0.101499
0.0264489
0.023795
0.014352
0.0209687
0.00273429
0.0213745
0.0804546
0.0875868
0.107989
0.0365043
0.0657143
0.0328798
0.00571619
0.0275336
0.208841
0.384582
0.203631
0.0429435
0.0429649
0.0148021
0
0.0154365
0.20773
0.764809
0.0324838
0.0225652
0.0281804
0.0489068
0.0196389
0.031092
0.0534097
0.0611808
0.0883354
0.0478532
0.0203921
0.0262676
0.0273796
0.0807615
0.115196
0.203285
0.09129
0.0112464
0.00608478
0.00872219
0
0.0124764
0.236587
0.690133
0.185413
0.197182
0.0228056
0.0138248
0.00175763
0.0334516
0.173876
0.434188
0.162025
0.0432139
0.00290525
0.000873186
0.0047717
0.0351341
0.0542832
0.175999
0.35288
0.086437
0.0423319
0.0104974
0.00345219
0.00313295
0.0209041
0.125546
0.263733
0.288735
0.0411046
0.00952075
0.00218159
0.0198691
0.0251424
0.124962
0.661564
0.301543
0.0794164
0.012569
0.00260446
0.002727
0.0131964
0.102308
0.189936
0.106463
0.118233
0.0181397
0.00491848
0.003093
0.0169198
0.100231
0.184483
0.110083
0.100549
0.00862851
0.00122962
0.0125375
0.0412692
0.258891
0.396622
0.326409
0.173748
0.0145653
0.00327899
0
0.0296605
0.148704
0.199139
0.290053
0.202702
0.0182971
0.0128951
0.0324849
0.243349
0.432395
0.154774
0.0572791
0.0195202
0.00149954
0.0138689
0.0218945
0.0637231
0.274889
0.192334
0.0434251
0.00999276
0.021381
0.10381
0.0701025
0.0678183
0.176549
0.0790903
0.0839629
0.0711907
0.00792584
0.13421
0.0953658
0.24322
0.354109
0.0593413
0.0285665
0.0231295
0.0679108
0.642206
0.200671
0.114034
0.143022
0.291544
0.0381096
0.0187093
0.0317687
0.0783354
0.0303048
0.0263493
0.195214
0.420006
0.0533409
0.00776966
0.00937098
0.00262197
0.00184188
0.0456078
0.386591
0.13452
0.0322133
0.0363215
0.0903923
0.450541
0.136566
0.107257
0.125113
0.226438
0.07878
0.0180581
0.0300502
0.0208975
0.0269936
0.122167
0.294342
0.0526943
0.0194312
0.0771629
0.0951161
0.105776
0.0966689
0.17988
0.153597
0.00924973
0.0199696
0.155592
0.198502
0.128548
0.0635144
0.10051
0.135394
0.0176359
0.0803769
0.30483
0.295203
0.0845739
0.0765772
0.0940019
0.0339625
0.0173433
0.221341
0.518465
0.426507
0.128573
0.0217383
0.0101311
0.0508013
0.0635262
0.0351898
0.117098
0.159646
0.0466309
0.0262492
0.0397142
0.132209
0.190691
0.0795223
0.116873
0.137623
0.0206004
0.0065549
0.0970807
0.445712
0.109844
0.138784
0.283739
0.283634
0.0864392
0.0172865
0.0287784
0.053336
0.370434
0.317611
0.24505
0.243406
0.0503598
0.00741302
0.0826643
0.15892
0.0723322
0.050853
0.0878326
0.0635307
0.0030171
0.00428975
0.192802
0.422268
0.124072
0.119087
0.0789158
0.0430694
0.000138664
0.0079301
0.163714
0.240095
0.209781
0.370501
0.277288
0.118261
0.00721849
0.00355356
0.101508
0.141095
0.262664
0.3537
0.21805
0.0752898
0
0.00635769
0.104533
0.165256
0.14688
0.233097
0.0439097
0.0228217
0.000197902
0.00251163
0.0199813
0.047549
0.260698
0.449299
0.0511815
0.0123974
4.94755e-005
0.000247378
0.0121017
0.031035
0.188808
0.323018
0.135265
0.0493362
0
0.00212862
0.0244197
0.109037
0.272041
0.547407
0.0872405
0.0438767
0.0017163
0.0054841
0.0368374
0.182957
0.182264
0.455418
0.035055
0.000587509
0
0.00374359
0.0315527
0.0773467
0.0815292
0.272231
0.04551
0.0283332
0.0824537
0.0838126
0.221106
0.223885
0.260218
0.478796
0.018051
0.0169742
0.0200326
0.0188781
0.0375257
0.112679
0.12684
0.22228
0.0832453
0.253092
0.177663
0.0868406
0.0924126
0.0576902
0.0188616
0.0560661
0.0553625
0.0523425
0.219982
0.152837
0.221306
0.146379
0.0348131
0.054987
0.0497291
0.0378949
0.395376
0.192486
0.161211
0.0552782
0.0180551
0.0548694
0.125708
0.417456
0.309289
0.11392
0.068032
0.0214129
0.0950473
0.12921
0.172564
0.304564
0.202084
0.146859
0.178888
0.0457569
0.0349592
0.021268
0.0172537
0.0241915
0.244306
0.188351
0.297804
0.14798
0.0514698
0.0122074
0.00355177
0.00712471
0.0220339
0.0779388
0.230174
0.261396
0.0779824
0.099905
0.164824
0.341044
0.0971886
0.224421
0.355109
0.133521
0.0661193
0.0274004
0.0779293
0.262163
0.0746369
0.184252
0.21973
0.210237
0.098591
0.106496
0.244854
0.244473
0.0529314
0.0245521
0.027235
0.0652435
0.0523567
0.232311
0.504812
0.311754
0.117181
0.041997
0.010957
0.0562503
0.123784
0.085939
0.0925682
0.114379
0.101784
0.0817253
0.0169153
0.0731562
0.0462275
0.111467
0.212646
0.240765
0.336824
0.226499
0.0583331
0.0363824
0.140703
0.143266
0.231744
0.142609
0.0929817
0.0351282
0.0264881
0.0392359
0.354737
0.257425
0.169865
0.151165
0.121749
0.0270618
0.0589674
0.0485167
0.053381
0.0516295
0.0937947
0.112704
0.241746
0.243895
0.179854
0.0406168
0.0913084
0.0885052
0.117446
0.15075
0.378295
0.319609
0.265962
0.0785483
0.245183
0.364375
0.181187
0.0780688
0.0636776
0.0115363
0.0194719
0.0287219
0.290435
0.328097
0.139916
0.0829155
0.0360672
0.0295734
0.0606626
0.135315
0.0817748
0.160415
0.1156
0.0854637
0.245318
0.239947
0.240617
0.0633507
0.141958
0.121263
0.0752325
0.204853
0.156574
0.142133
0.300645
0.119677
0.159144
0.173623
0.182349
0.112414
0.0230473
0.0294935
0.0441563
0.153124
0.240854
0.200395
0.105981
0.0584205
0.0600438
0.0415444
0.0854632
0.28229
0.298315
0.0380501
0.117421
0.196435
0.0911547
0.0898831
0.107447
0.162644
0.509865
0.132174
0.0957954
0.0846952
0.0957212
0.0827822
0.0686663
0.311875
0.234725
0.135366
0.0161523
0.0323118
0.131606
0.0849214
0.0871171
0.175884
0.0901253
0.0690886
0.121863
0.421571
0.205445
0.0786631
0.041033
0.0266326
0.237861
0.168321
0.109617
0.0930618
0.143428
0.117926
0.0650138
0.172156
0.0718134
0.148748
0.367931
0.418082
0.121239
0.104812
0.0353769
0.019053
0.00545239
0.0158248
0.0878292
0.463705
0.210436
0.0348593
0.00721646
0
0.0253997
0.0801308
0.204587
0.283206
0.174089
0.0885258
0.0324702
0.0104759
0.00771048
0.0350244
0.236561
0.482685
0.117978
0.0261635
0.00551146
0
0.00758366
0.0182121
0.238624
0.327165
0.148995
0.0590842
0.0232939
0.0334037
0.0347494
0.123957
0.370811
0.362877
0.086412
0.112056
0.0929386
0.043307
0.192351
0.049584
0.144169
0.285738
0.0604521
0.0780637
0.0918006
0.10649
0.0581491
0.0313718
0.256109
0.16804
0.0882388
0.0695655
0.120707
0.175055
0.425085
0.0217142
0.0510747
0.050757
0.0225407
0.0276363
0.115913
0.238832
0.0441961
0.0318815
0.0629848
0.097862
0.109367
0.188016
0.0849506
0.0372062
0.0384586
0.0437438
0.0962455
0.156306
0.211341
0.317566
0.203149
0.0645428
0.0456865
0.0551507
0.116378
0.0990108
0.126122
0.199892
0.190005
0.0511395
0.0320862
0.0416204
0.115632
0.126933
0.421317
0.400005
0.336347
0.074314
0.0155288
0.00759437
0.0124845
0.0270086
0.0816531
0.158655
0.260192
0.10155
0.00588419
0.016004
0.0254486
0.0220907
0.116997
0.203078
0.464382
0.250792
0.0288915
0.0374668
0.0313342
0.0423441
0.148977
0.104914
0.17683
0.154887
0.0704803
0.0411268
0.0292186
0.0346793
0.0256878
0.0380073
0.413289
0.474411
0.00576829
0.0102209
0.0155435
0.0123456
0.055144
0.129719
0.338269
0.111307
0.0349613
0.00481158
0.00906804
0.0474838
0.0463708
0.158878
0.404621
0.0726389
0.0578382
0.00733013
0.0137454
0.0123204
0.0168139
0.059314
0.406149
0.273874
0.0473539
0.0055657
0.0164722
0.0174593
0.0700805
0.343557
0.462181
0.142209
0.180102
0.00688936
0.0244886
0.0515166
0.0384185
0.108717
0.205136
0.119322
0.257945
0.0474986
0.139629
0.150215
0.0556611
0.0392357
0.0568018
0.185702
0.0775485
0.00527374
0.0232928
0.0261611
0.0613396
0.292318
0.480427
0.173173
0.0847406
0.027571
0.168457
0.187714
0.134064
0.128735
0.424878
0.213789
0.143283
0.129353
0.272261
0.168126
0.073995
0.0506969
0.0117996
0.0811813
0.104043
0.149887
0.265196
0.240366
0.128837
0.0750763
0.00397333
0.00701413
0.0818467
0.093129
0.271794
0.234011
0.204028
0.14598
0.288573
0.102634
0.102809
0.0913175
0.135668
0.383471
0.264152
0.143848
0.153633
0.060206
0.0211771
0.0465445
0.214916
0.406915
0.154562
0.0452178
0.000896097
0
0.0107482
0.000398973
0.168031
0.314274
0.110531
0.104499
0.0478063
0.0360114
0.172736
0.0404723
0.0484118
0.376281
0.34434
0.121041
0.0500901
0.049951
0.22369
0.180344
0.0827417
0.176037
0.191173
0.193501
0.0383117
0.126943
0.0514068
0.0084581
0.0578559
0.0795647
0.0578822
0.0948664
0.141464
0.139175
0.274317
0.0228815
0.00257846
0.00834429
0.0110965
0.0149458
0.090045
0.163783
0.27464
0.257185
0.0451038
0.0437878
0.0448586
0.117885
0.073669
0.206298
0.646781
0.250456
0.00308185
0.0112847
0.0155621
0.0164921
0.0385963
0.17216
0.0602066
0.0461022
0.109635
0.0395348
0.0673822
0.0647993
0.0783682
0.054388
0.133048
0.0604196
0.0856767
0.0580358
0.207643
0.108066
0.158137
0.0989566
0.188122
0.0202887
0.0485259
0.0062601
0.0416354
0.0592883
0.237765
0.316653
0.663801
0.110528
0.0330758
0.00993502
0.0286814
0.0350505
0.141195
0.315628
0.0704143
0.0343843
0.0200945
0.0276925
0.0962378
0.0650173
0.166571
0.175257
0.0842455
0.0195101
0.0202491
0.0340955
0.0194377
0.0768429
0.248493
0.373705
0.319258
0.056121
0.00159514
0.00266952
0.0072175
0.0231148
0.159333
0.312856
0.236266
0.00711765
0.00479496
0.00656361
0.00393129
0.0539875
0.255107
0.545281
0.147419
0.0289358
0.0265347
0.0198146
0.0250889
0.0543552
0.151258
0.206936
0.143188
0.162116
0.0559082
0.0533078
0.109983
0.216027
0.178777
0.0873066
0.405256
0.0495822
0.016453
0.00634754
0.00669081
0.0213547
0.0614273
0.380411
0.445693
0.422827
0.0472271
0.0353996
0.0409555
0.0306705
0.00491198
0.110627
0.116325
0.136788
0.0295511
0.044536
0.10084
0.196476
0.186631
0.12893
0.105138
0.0334253
0.0270599
0.0316955
0.0491714
0.105191
0.336849
0.418495
0.200132
0.396015
0.0315453
0.0314298
0.0484787
0.0328713
0.02034
0.115384
0.108349
0.0792163
0.00713984
0.0047804
0.0170108
0.0335328
0.134191
0.49469
0.106583
0.0566371
0.0400018
0.069551
0.0731665
0.117128
0.307246
0.324082
0.273869
0.132769
0.0230199
0.15833
0.104182
0.106869
0.156467
0.0967121
0.189692
0.0836906
0.0102144
0.0126994
0.019325
0.0288225
0.128757
0.428124
0.452136
0.252338
0.0226938
0.0293046
0.0232475
0.0253607
0.0395377
0.102376
0.419863
0.0822946
0.00208303
0.0708396
0.0881456
0.0496528
0.0348274
0.0640169
0.44538
0.113997
0.0116372
0.0181722
0.0477553
0.0412572
0.00572149
0.268737
0.452802
0.130242
0.0115822
0.00781422
0.00589241
0.0135314
0.0128802
0.0555161
0.392247
0.025959
0.00209736
0.00119576
0.00713445
0.00919901
0.0155395
0.25477
0.314584
0.120002
0.00996004
0.00539473
0.00662064
0.012774
0.00893858
0.359783
0.484134
0.106472
0.000533091
0.000948448
0.00130796
0.00138611
0.00823429
0.300702
0.218764
0.014872
0.0022141
0.00380348
0.0155251
0.0148169
0.0408758
0.336934
0.286268
0.0200654
0.00313107
0.00904099
0.0211572
0.0140816
0.0400681
0.317114
0.155486
0.0262613
0.015795
0.00236406
0.010626
0.0264943
0.218957
0.394943
0.65302
0.0703933
0.00575242
0
0.00366193
0.00936948
0.106756
0.373062
0.0506278
0.0546409
0.0540831
0.00415608
0.0212575
0.0530147
0.0884431
0.0929107
0.136238
0.0619481
0.0588937
0.0131043
0.00834381
0.0348954
0.132964
0.140504
0.40865
0.0574986
0.00136435
0.000906741
0.00258976
0.0087533
0.060744
0.260886
0.324816
0.0342977
0.0215174
0.00518935
0.0287127
0.0134632
0.104927
0.710127
0.0920553
0.0350237
0.0335899
0.015011
0.023031
0.0194887
0.0478222
0.0549783
0.0790829
0.0399544
0.0431516
0.0421821
0.117798
0.0572206
0.0313228
0.0466543
0.491017
0.0542099
0.0236216
0.00601555
0.0260587
0.00596225
0.0279497
0.406899
0.562711
0.35698
0.0182362
0.00946734
0.00999956
0.00371219
0.00618939
0.147052
0.0589505
0.0263256
0.0355864
0.0571465
0.112582
0.038512
0.0154522
0.0262532
0.0839138
0.0655378
0.0565482
0.0505893
0.0493291
0.0157589
0.00412626
0.0300583
0.381563
0.586109
0.0305572
0.0191082
0.0187952
0.00849813
0.0304165
0.148736
0.14551
0.155738
0.021678
0.0222699
0.0737419
0.0917446
0.141725
0.398041
0.15846
0.0946052
0.0639838
0.0287544
0.0180174
0.00708803
0.0126592
0.105501
0.127672
0.0363895
0.0142265
0.0120302
0.0414653
0.063046
0.0905723
0.158342
0.263944
0.149234
0.0367532
0.0242328
0.0909761
0.0763693
0.119048
0.377262
0.460469
0.404812
0.0994083
0.0285653
0.0360024
0.0436541
0.0629621
0.1035
0.0817932
0.0448491
0.0380508
0.0364804
0.0791833
0.0640978
0.126672
0.0915909
0.0919473
0.192682
0.133934
0.102286
0.150339
0.0371002
0.0848841
0.0203153
0.381981
0.267525
0.0760349
0.0117057
0.0149495
0.0969725
0.107907
0.0625269
0.293032
0.0539398
0.0180057
0.0163809
0.0750729
0.117566
0.142529
0.19177
0.0576652
0.181443
0.126907
0.0502294
0.120354
0.196368
0.177816
0.0185346
0.125821
0.0646698
0.044421
0.010031
0.0645067
0.285293
0.305247
0.117852
0.127416
0.0489088
0.0342665
0.0360177
0.127137
0.0813434
0.147972
0.209839
0.170728
0.118587
0.0862559
0.0794498
0.138081
0.0651783
0.128366
0.231862
0.229605
0.0846342
0.0526161
0.0158902
0.0566438
0.0677311
0.195009
0.266407
0.184421
0.134562
0.169303
0.0907173
0.0568944
0.0294641
0.309046
0.338191