0.185485
0.253075
0.347771
0.201813
0.0658977
0.0136548
0.0208677
0.0711377
0.125648
0.197049
0.25821
0.275115
0.104412
0.0573926
0.07499
0.0531328
0.114775
0.140788
0.268787
0.189854
0.120332
0.0120114
0.00986058
0.0434426
0.0702657
0.134266
0.279662
0.268022
0.217786
0.0478521
0.0278287
0.0220284
0.119545
0.127034
0.150151
0.125053
0.066695
0.0827311
0.123055
0.149613
0.251934
0.0712311
0.0967971
0.0419161
0.0317528
0.126776
0.160182
0.373988
0.107006
0.096649
0.205914
0.236485
0.144475
0.0602734
0.0621273
0.10152
0.262312
0.183351
0.169402
0.174138
0.0594901
0.0568913
0.0823973
0.372417
0.0878392
0.0952731
0.113173
0.0730819
0.02535
0.0581497
0.101355
0.136513
0.0137271
0.166404
0.221933
0.317816
0.167898
0.235427
0.0949382
0.0271238
0.0734667
0.164996
0.200878
0.182409
0.0547441
0.0510963
0.0614366
0.132366
0.00358638
0.186963
0.417531
0.389302
0.168929
0.130803
0.101537
0.0276895
0.0323566
0.0529225
0.0744716
0.220541
0.169779
0.254376
0.0583784
0.0197331
0.165194
0.233499
0.0633095
0.224283
0.136504
0.138397
0.0505477
0.0368832
0.0209802
0.0525493
0.175593
0.305567
0.17398
0.131053
0.0508928
0.00954979
0.0489595
0.050749
0.105394
0.554327
0.261347
0.0934047
0.0300979
0.0134871
0.215285
0.260568
0.0853964
0.10637
0.050458
0.0223475
0.0229585
0.0651422
0.132433
0.152974
0.109136
0.107706
0.0551143
0.086853
0.218916
0.156151
0.0997644
0.101042
0.109099
0.290964
0.135049
0.0321715
0.0110092
0.0384823
0.188792
0.32874
0.521699
0.224378
0.0219129
0.0370578
0.0222914
0.0991745
0.0677069
0.0724156
0.0719856
0.0967109
0.0536411
0.0742646
0.166793
0.102049
0.103821
0.199014
0.146894
0.119909
0.0400052
0.0397443
0.0698185
0.0998306
0.162928
0.190087
0.355368
0.143541
0.0333952
0.0184385
0.129951
0.249023
0.157984
0.149784
0.156532
0.052367
0.0857001
0.095772
0.349142
0.496368
0.104319
0.232608
0.189356
0.110079
0.0573905
0.0425142
0.0173173
0.0289958
0.271106
0.161023
0.150992
0.140194
0.293813
0.125208
0.0937304
0.0461258
0.0455634
0.118433
0.126221
0.0796174
0.217903
0.137207
0.17292
0.173929
0.0178551
0.0337164
0.114113
0.158462
0.464677
0.322299
0.0975236
0.0066051
0.0225467
0.0197287
0.0360725
0.126485
0.173428
0.0458093
0.0256975
0.0202811
0.0034331
0.0185477
0.0854244
0.165623
0.17834
0.0488392
0.0239838
0.00715639
0.21489
0.0288771
0.0102567
0.0890423
0.182729
0.17537
0.298737
0.370148
0.120072
0.0125453
0.070325
0.122919
0.0953743
0.132551
0.45574
0.417596
0.0174607
0.0241812
0.0660499
0.111429
0.0926536
0.0672631
0.0660671
0.0389061
0.0958231
0.0559309
0.0447547
0.0740758
0.0383274
0.0385804
0.0985948
0.159515
0.267321
0.013312
0.0458182
0.0445619
0.0355727
0.0857525
0.214444
0.364884
0.56987
0.0419044
0.00528077
0.0120302
0.0130114
0.0467836
0.159692
0.444618
0.0736195
0.0520294
0.0443189
0.0602781
0.0375056
0.032333
0.0708018
0.131314
0.0234857
0.0281182
0.0767982
0.11605
0.133173
0.177569
0.176833
0.0914262
0.479066
0.0884834
0.028219
0.00582179
0.0270263
0.0221922
0.0843599
0.334311
0.350788
0.314778
0.24355
0.0828621
0.180042
0.14738
0.157684
0.207213
0.035744
0.034829
0.0511051
0.0827649
0.0967525
0.128396
0.103081
0.0204459
0.0866133
0.209714
0.0824358
0.203956
0.113817
0.0506429
0.0583232
0.0298157
0.125296
0.278316
0.135372
0.0526131
0.115787
0.118031
0.126057
0.0803203
0.191497
0.69728
0.209761
0.0688429
0.071619
0.0589391
0.109647
0.0824132
0.0875957
0.169364
0.0591924
0.0640334
0.0290186
0.00298837
0.00278531
0.0201724
0.176819
0.297286
0.228894
0.0351183
0.000822479
0.00145534
0.00381959
0.0337889
0.128544
0.520044
0.125101
0.0391841
0.00834307
0.00403157
0.0106726
0.0286124
0.358032
0.520227
0.14731
0.0214907
0.0102614
0.00537481
0.0273985
0.0442162
0.143184
0.19746
0.22015
0.0365012
0.0102648
0.00844967
0.0820051
0.125411
0.0776814
0.0426478
0.0513673
0.0565599
0.121818
0.0925258
0.224791
0.215101
0.322521
0.466927
0.110844
0.053151
0.145204
0.0804653
0.134136
0.0716368
0.101012
0.0575951
0.0681731
0.233611
0.412308
0.154463
0.158283
0.0615471
0.0083938
0.012602
0.0403745
0.147106
0.300013
0.125917
0.132195
0.0832528
0.00628372
0.0057823
0.07987
0.127802
0.26194
0.206931
0.0636999
0.0467844
0
0.0140576
0.0822411
0.407584
0.480053
0.116426
0.0801037
0.0115639
0.0347011
0.0127957
0.0993506
0.280587
0.265655
0.113673
0.143248
0.126951
0.140749
0.0293278
0.0271267
0.0515167
0.0484771
0.101141
0.19659
0.268308
0.144921
0.0379179
0.0339745
0.0464726
0.0133039
0.0709632
0.329312
0.509787
0.028688
0.0318896
0.0638367
0.229434
0.22227
0.147965
0.0509713
0.08939
0.145158
0.128949
0.135063
0.146202
0.146724
0.0557977
0.13669
0.355006
0.220668
0.0127569
0.00936449
0.00358576
0.00296587
0.010521
0.0695079
0.323769
0.396765
0.0187878
0.00174773
0.0282657
0.0162219
0.00801871
0.0253429
0.328787
0.248135
0.107464
0.05598
0.0172252
0.0252226
0.0101675
0.0433322
0.310364
0.345397
0.332385
0.115547
0.0991209
0.0482211
0.0182413
0.0373741
0.300614
0.301991
0.0521502
0.0117751
0.0187561
0.0146274
0.00275414
0.0150941
0.239866
0.233153
0.29249
0.127199
0.0185806
0.0446013
0.0154486
0.0141045
0.148047
0.231868
0.325034
0.106024
0.0587724
0.0236935
0.00500691
0.0336364
0.219408
0.256617
0.524689
0.155413
0.0233145
0.0378807
0.00504494
0.0116743
0.153744
0.0734024
0.224627
0.101401
0.0296243
0.043433
0.019791
0.0191982
0.0525165
0.117312
0.425957
0.1126
0.0551932
0.0382673
0.0117237
0.0291317
0.0390514
0.171487
0.452454
0.168353
0.071519
0.0311247
0.00681052
0.00173345
0.0662667
0.223455
0.449068
0.212911
0.136396
0.0269907
0.00274573
0.0465414
0.276648
0.104262
0.426662
0.0641868
0.0264993
0.00478947
0.00284176
0.00783591
0.0126348
0.237152
0.426662
0.0343899
0.0295321
0.0154843
0.00935089
0.015917
0.0220666
0.153148
0.426662
0.0928984
0.0600353
0.0343182
0.0107969
0.0304981
0.156817
0.21611
0.419439
0.141133
0.137611
0.0897309
0.0367524
0.0190039
0.0510277
0.193388
0.259926
0.0152155
0.141947
0.179306
0.0426998
0.0493422
0.0164987
0.0360963
0.0293942
0.0161256
0.244999
0.371474
0.0704233
0.0362689
0.00691071
0.134935
0.104339
0.0892949
0.31784
0.28252
0.0252263
0.0130747
0.0401046
0.0171083
0.0155688
0.0143456
0.403077
0.448572
0.0451283
0.0021391
0.00795756
0.0183704
0.0964409
0.0529294
0.251617
0.347272
0.102559
0.0580228
0.00520376
0.0710369
0.124742
0.0813532
0.156786
0.0990366
0.0569384
0.145811
0.0988574
0.0380304
0.125528
0.0335717
0.345938
0.529027
0.144483
0.0249966
0.0125356
0.175997
0.216386
0.0546535
0.147017
0.226865
0.0725051
0.0884935
0.133742
0.00266175
0.00418689
0.0251561
0.223278
0.264727
0.0972286
0.0143024
0.00823273
0.0537888
0.0776841
0.121626
0.112667
0.205863
0.0914522
0.0455053
0.067343
0.0210569
0.0247086
0.0945895
0.306751
0.245627
0.0956207
0.0430108
0.0911658
0.435137
0.147093
0.164136
0.146465
0.154858
0.13243
0.123334
0.461162
0.110316
0.102732
0.0679719
0.0455301
0.0480799
0.0360874
0.0322399
0.0719981
0.168352
0.363747
0.157647
0.068976
0.0445557
0.0372403
0.0335857
0.0661914
0.24163
0.0652479
0.0560399
0.0523979
0.0453444
0.0771331
0.270702
0.362896
0.0973312
0.146188
0.138985
0.0867674
0.0951976
0.147013
0.472593
0.348831
0.0709718
0.399204
0.152354
0.0269313
0.0203679
0.0293486
0.0110579
0.0285139
0.108951
0.453043
0.103205
0.0677252
0.0269911
0.0123904
0.00275628
0.0196449
0.0166847
0.215185
0.136281
0.0322949
0.0662728
0.21393
0.373344
0.0711118
0.0334652
0.313753
0.170653
0.109604
0.0636484
0.135883
0.311925
0.0985896
0.152351
0.359165
0.110368
0.190059
0.0219927
0.000171137
8.83099e-005
0.0341508
0.32092
0.225418
0.124585
0.162467
0.0137464
0.000304836
0.0404877
0.268709
0.159062
0.186545
0.204325
0.223507
0.0436641
0.0233543
0.0915522
0.0623254
0.425313
0.212339
0.150199
0.159549
0.0164092
0.0092686
0.0344676
0.209629
0.244096
0.257187
0.0798718
0.0528923
0.0780658
0.0266574
0.0524352
0.223992
0.146874
0.232003
0.195187
0.205414
0.122794
0.051027
0.02169
0.0780677
0.382961
0.184156
0.123807
0.0810348
0.058824
0.0133848
0.0310484
0.252767
0.242992
0.281359
0.337843
0.180374
0.0849575
0.0245228
0.0463323
0.120788
0.0866063
0.0508383
0.147766
0.299111
0.191968
0.0197729
0.0144312
0.0525023
0.0120611
0.00997945
0.0615735
0.368167
0.362114
0.0640617
0.00776475
0.00816764
0.194447
0.126521
0.203646
0.284968
0.144831
0.0119941
0.0569462
0.0579712
0.0291976
0.019406
0.120837
0.42799
0.327256
0.0809651
0.0177205
0.0112583
0.0441983
0.0257551
0.034772
0.230529
0.3635
0.104639
0.0166684
0.0471576
0.249106
0.0512211
0.014357
0.0817357
0.174863
0.0338757
0.0480738
0.267472
0.0715327
0.0788011
0.130171
0.249747
0.317535
0.0998224
0.00765211
0.0494266
0.422024
0.134152
0.0974591
0.064091
0.11584
0.0161968
0.0170182
0.36373
0.0115565
0.0260702
0.0743527
0.1798
0.180824
0.0780506
0.0366792
0.0416601
0.309441
0.118186
0.100162
0.167181
0.121974
0.162297
0.134301
0.26638
0.0839932
0.0473034
0.034318
0.100895
0.208798
0.190171
0.106067
0.126476
0.105439
0.0337578
0.0359484
0.0985002
0.205476
0.542067
0.287084
0.136702
0.182677
0.0310369
0.0239024
0.0270532
0.0125854
0.05592
0.226721
0.325661
0.0300198
0.00849389
0.0273303
0.0153899
0.0217051
0.0812928
0.45782
0.351758
0.0525122
0.0110213
0.00994733
0.015103
0.0447013
0.282565
0.204128
0.163317
0.0351683
0.0073025
0
0.0343727
0.0609996
0.139955
0.451371
0.181902
0.00201472
0.0088074
0.0199663
0.005894
0.0159261
0.129804
0.420699
0.116226
0.00837729
0.0247792
0.0458404
0.0222219
0.023735
0.155231
0.420699
0.147477
0.0136705
0.00854217
0.00621077
0.0501542
0.0588426
0.0838304
0.420699
0.13608
0.00442354
0.00812335
0.0188077
0.16238
0.183075
0.237335
0.420699
0.145375
0.0645775
0.0718573
0.0922728
0.0433199
0.0303265
0.104408
0.381652
0.0857554
0.195411
0.0940614
0.0823545
0.0451257
0.0178188
0.0422383
0.257546
0.159884
0.00963937
0.0185023
0.020262
0.103333
0.12331
0.196533
0.467989
0.135649
0.02902
0.0161273
0.0145967
0.0232355
0.0272082
0.162506
0.467989
0.261838
0.120742
0.0393569
0.110494
0.116719
0.0937205
0.0245313
0.062825
0.144661
0.106448
0.168485
0.337378
0.192766
0.172246
0.0497763
0.0647927
0.0738973
0.0718774
0.00289911
0.0395087
0.0685026
0.131164
0.176458
0.418788
0.222484
0.112966
0.0735583
0.178896
0.125718
0.207691
0.290495
0.342698
0.229918
0.103381
0.13579
0.198095
0.241424
0.21718
0.0261737
0.0871892
0.0443237
0.0146587
0.0120797
0.0641133
0.342266
0.322375
0.0361329
0.0178343
0.00627597
0.0859527
0.120285
0.173752
0.21284
0.1966
0.142784
0.173411
0.169105
0.0185938
0.0412328
0.0519772
0.413782
0.384199
0.0258252
0.00572594
0.0313859
0.0215339
0.0538958
0.117261
0.336765
0.309439
0.0439979
0.00416805
0.00617569
0.182291
0.103383
0.135431
0.136529
0.125676
0.0232759
0.0206426
0.147255
0
0.00501733
0.0614087
0.549032
0.427979
0.0029495
0.00402914
8.27386e-005
0.0276931
0.0235117
0.116215
0.228624
0.154323
0.046894
0.0338093
0.0239139
0.201703
0.0655524
0.036041
0.0292579
0.0470592
0.0964842
0.115687
0.265648
0.136484
0.0222741
0.0509247
0.0141871
0.0716659
0.388892
0.204832
0.190249
0.392722
0.0755196
0.0393929
0.0147693
0.00361499
0.0468167
0.122309
0.373973
0.34243
0.0809005
0.0816502
0.0189768
0.0069037
0.0764312
0.107092
0.290266
0.0361812
0.00254295
0.00951249
0.00309086
0.0614637
0.308337
0.21483
0.175946
0.0683618
0.0107227
0
0.0398366
0.141568
0.210089
0.189342
0.287257
0.177587
0.0319872
0.0187967
0.00447434
0.0215927
0.0911128
0.142244
0.311356
0.349369
0.0172115
3.28344e-005
0.0046414
0.0548603
0.0850049
0.148709
0.51857
0.101685
0.0540823
0.0425168
0.0962614
0.0863358
0.0579575
0.10264
0.158943
0.062453
0.0766483
0.152014
0.420904
0.185069
0.0949763
0.110689
0.0826871
0.373259
0.0765128
0.0448953
0.0350697
0.0189117
0.0228792
0.0479866
0.436309
0.241884
0.162226
0.21147
0.31197
0.114847
0.0359233
0.0605457
0.162801
0.0088557
0.0374992
0.0860514
0.32261
0.134163
0.0987434
0.209906
0.13366
0.0142938
0.0161868
0.0124325
0.0627182
0.0413528
0.238356
0.509021
0.191023
0.0266757
0.0532923
0.118946
0.387083
0.268813
0.0504031
0.049784
0.0423874
0.0265856
0.0134824
0.0191143
0.185833
0.170236
0.144862
0.233502
0.0393382
0.0316885
0.00123517
0
0.00251603
0.0289461
0.186305
0.439832
0.152813
0.103501
0.0238631
0.0168342
0.00675577
0.0317448
0.232961
0.441975
0.228794
0.0180205
0.0119576
0.00454398
0.0281991
0.0218433
0.125571
0.323242
0.0432635
0.0463837
0.0116452
0.00256428
0.00418035
0.00721939
0.161947
0.441975
0.201323
0.15393
0.0961891
0.058539
0.0983597
0.0652965
0.11656
0.195389
0.237455
0.0633812
0.0736884
0.0452886
0.352429
0.274525
0.0133024
0.00341455
0.0675741
0.137011
0.0571132
0.0212946
0.0558217
0.02349
0.191027
0.415926
0.243715
0.12343
0.0643841
0.0637085
0.378743
0.267488
0.136444
0.132043
0.0730427
0.0029505
0.0104462
0.0452456
0.422233
0.304868
0.0020403
0.000291109
1.00382e-005
0
0.0267643
0.0892252
0.180425
0.0939332
0.0300636
0.0259023
0.0113476
0.0241972
0.0121302
0.0664217
0.561747
0.407026
0.0221149
0.0117414
0.00634237
0.0192634
0.0244534
0.0738357
0.299172
0.163348
0.0170811
0.0269095
0.0104064
0.344319
0.139915
0.00760821
0.00101018
0.0266968
0.0636186
0.0715706
0.267892
0.311228
0.140521
0.0338365
0.00260661
0.0339992
0.0994513
0.0827082
0.273735
0.25028
0.197355
0.00853021
0.00215421
0.0573941
0.096732
0.0949202
0.177845
0.467463
0.188919
0.0181312
0.000538552
0.0622847
0.141418
0.120792
0.267193
0.267085
0.156914
0.0227483
0.000550466
0.00341938
0.0190715
0.0287834
0.17393
0.464681
0.152578
0.0173667
0
0
0.000225121
0.026585
0.398672
0.380258
0.216163
0.0199985
0
0.00512907
0.0220312
0.0259945
0.145279
0.345802
0.219166
0.0259669
0
0
0.000630048
0.0385614
0.207832
0.321653
0.0560842
0.0088361
0.00404164
0.0233934
0.0463203
0.0739269
0.400572
0.126593
0.0477886
0.0423375
0.110511
0.292821
0.161226
0.139793
0.209519
0.1642
0.0634114
0.00591702
0.0364324
0.112019
0.071972
0.0687323
0.192677
0.0267344
0.0139339
0.00840424
0.306114
0.479159
0.189903
0.0850522
0.101739
0.0147098
0.0189221
0.0316221
0.275104
0.405741
0.0781061
0.040663
0.0159613
0.0106382
0.00732892
0.0131863
0.22023
0.214517
0.0185089
0.0208724
0.00376718
0.000415229
0.0267821
0.0196213
0.415816
0.546731
0.100569
0.0226459
0.00648981
0.000757344
0.0145774
0.050382
0.235004
0.240801
0.0305968
0.00646786
0.000545483
0.0235141
0.0309779
0.0226624
0.146947
0.157481
0.0839624
0.220442
0.0415645
0.0515323
0.0207789
0.0260969
0.0697714
0.0637458
0.195532
0.705329
0.299918
0.00509098
0.0464641
0.113691
0.142114
0.231352
0.0370366
0.0361921
0.000173209
0.0431559
0.0413331
0.0741715
0.148214
0.102323
0.111592
0.110197
0.0322626
0.0876996
0.0147658
0.0169475
0.0715431
0.0430276
0.263068
0.418222
0.169649
0.179384
0.0749415
0.183059
0.395241
0.158664
0.25725
0.21047
0.117624
0.0543829
0.0172948
0.0625599
0.154338
0.050754
0.114162
0.0797459
0.0476442
0.115236
0.123527
0.225081
0.18674
0.116412
0.258482
0.0914392
0.0835951
0.0538461
0.0499265
0.184186
0.596583
0.194965
0.0748682
0.0243896
0.032257
0.0382072
0.0240377
0.0846406
0.300785
0.0945481
0.0680854
0.0316593
0.0118639
0.0378644
0.0803864
0.180272
0.254584
0.239804
0.298456
0.0573423
0.0316281
0.0271569
0.0214956
0.106092
0.172912
0.164123
0.191655
0.065143
0.0290084