0.0550713
0.0942876
0.118061
0.0738781
0.0314327
0.00519128
0.0360117
0.143049
0.198579
0.0785984
0.131919
0.0523705
0.0160836
0.0498223
0.115591
0.34655
0.128082
0.230603
0.367263
0.213139
0.05548
0.0262207
0.00916992
0.0303793
0.294141
0.21332
0.305816
0.173689
0.118349
0.233589
0.0557837
0.331667
0.105725
0.0144045
0.0206692
0.00545091
0.0155465
0.0840064
0.11385
0.276303
0.239908
0.0364724
0.00315523
0.00647969
0.00562657
0.0601247
0.122966
0.278106
0.24602
0.0968254
0.0811827
0.0542775
0.122555
0.258222
0.0830043
0.309442
0.48914
0.237122
0.0295639
0.0575218
0.0692487
0.15211
0.0700996
0.303141
0.330671
0.0437936
0.0222378
0.0419757
0.0113062
0.0130872
0.0447732
0.266508
0.211447
0.0406807
0.0402582
0.0519519
0.013477
0.020799
0.0521022
0.333421
0.458791
0.135239
0.0390749
0.132653
0.0970227
0.0881845
0.0201064
0.30566
0.239491
0.0623841
0.119597
0.132977
0.0733581
0.0710951
0.066995
0.358824
0.120374
0.048088
0.0380391
0.0156367
0.00409075
0.0321023
0.0823855
0.20393
0.301735
0.0963583
0.0478717
0.00689592
0.000733565
0.00886465
0.0376295
0.213254
0.250414
0.0874124
0.144734
0.0607619
0.0260562
0.0759239
0.120553
0.240304
0.540735
0.256038
0.330871
0.161256
0.0467829
0.020761
0.0571958
0.233933
0.178739
0.0296605
0.00638575
0.000840908
0
0
0.00937329
0.198114
0.199424
0.0273474
0
0
0.0010661
0.0155306
0.0380952
0.315805
0.434696
0.0975307
0.108567
0.0560191
0.0213049
0.000566107
0.0224486
0.268845
0.434696
0.228806
0.0887967
0.0773529
0.00836866
0.0571184
0.0935168
0.434696
0.143521
0.0279297
0.00629179
0.00205563
0.0126469
0.058265
0.0973373
0.26588
0.0866828
0.0316847
0.0145076
0.00444837
0.0397196
0.0448321
0.089239
0.104689
0.329745
0.364092
0.220932
0.177183
0.0225576
0.177153
0.20559
0.370329
0.200615
0.254222
0.247339
0.133595
0.0807108
0.0999302
0.222209
0.166895
0.0813738
0.025157
0.00851989
0.00187116
0.0261777
0.0175794
0.047049
0.101093
0.140012
0.0178713
0.00170957
0.000206355
0.00398855
0.00705678
0.0417047
0.26191
0.193708
0.162667
0.178159
0.128143
0.112639
0.0368184
0.0937722
0.147425
0.521856
0.29046
0.17057
0.106381
0.0449504
0.0149499
0.0352587
0.525676
0.157362
0.125801
0.209699
0.29249
0.0986376
0.0142897
9.6907e-005
0.0135707
0.171804
0.130975
0.162251
0.298046
0.180876
0.152979
0.0426691
0.231935
0.132059
0.116757
0.162301
0.26725
0.152849
0.0353793
0.0176913
0.0257482
0.149798
0.0733221
0.318514
0.387535
0.225272
0.0514486
0.0311707
0.0900347
0.144561
0.0948469
0.111031
0.125054
0.175542
0.214638
0.0564452
0.212267
0.350892
0.262011
0.0711077
0.110995
0.104447
0.145665
0.0803563
0.159554
0.056794
0.0292998
0.229796
0.287644
0.231457
0.131418
0.0477176
0.0914286
0.212709
0.192655
0.117188
0.262102
0.14826
0.098735
0.126137
0.24783
0.147578
0.12078
0.0442835
0.151111
0.114323
0.0767895
0.0715032
0.190154
0.0856084
0.0635812
0.1129
0.124151
0.0965819
0.069925
0.11129
0.217121
0.253864
0.229836
0.0796421
0.128615
0.0513637
0.0296902
0.159625
0.317927
0.289554
0.440474
0.221699
0.0585354
0.0509431
0.105443
0.179101
0.265833
0.111911
0.066824
0.0661708
0.0348961
0.025711
0.0354257
0.0986846
0.149215
0.353555
0.148053
0.13472
0.0932573
0.0318579
0.00574156
0.0414893
0.1848
0.122416
0.413609
0.184211
0.0074813
0.0273519
0.0697684
0.0923856
0.108396
0.446033
0.459756
0.104944
0.0110892
0.00872641
0.00812099
0.0304286
0.137423
0.366566
0.0899786
0.0537667
0.0373203
0.0202778
0.000616731
0.00963187
0.084096
0.383082
0.30096
0.0557833
0.0404531
0.00540926
0.012674
0.0234811
0.0936913
0.383082
0.337657
0.0155326
0.00490541
0.0044713
0.000154183
0.000834784
0.0307169
0.383082
0.383082
0.0114223
0.00216185
0.00329901
0.000222501
0.00318173
0.0219253
0.264707
0.411534
0.140021
0.0923532
0.00713424
0.0518881
0.0622648
0.0751547
0.108544
0.197416
0.148316
0.154365
0.0893713
0.0689997
0.0964637
0.0653396
0.351109
0.346264
0.027159
0.0690423
0.0757508
0.050035
0.0676353
0.0783414
0.0969025
0.0706051
0.0809745
0.430169
0.218049
0.12085
0.104126
0.0900247
0.049375
0.0740467
0.124101
0.244426
0.135782
0.0290522
0.0235766
0.0289569
0.165393
0.213433
0.236389
0.271771
0.0827054
0.0141388
0.0019394
0.104556
0.0064985
0.0654055
0.195917
0.428719
0.149694
0.0308111
0.0179979
0.0184613
0.00832725
0.168899
0.382455
0.428719
0.153792
0.0150814
0.012112
0.00161818
0.103171
0.141828
0.134368
0.0965853
0.109135
0.0673421
0.0418253
0.0525991
0.168559
0.0975848
0.191763
0.180893
0.152723
0.0302082
0.057242
0.0813651
0.144051
0.157516
0.253278
0.26312
0.100801
0.086318
0.102998
0.0819796
0.391736
0.352816
0.272224
0.331575
0.146061
0.0901471
0.107796
0.0747116
0.112577
0.0534872
0.0657455
0.0973191
0.11168
0.045433
0.0511495
0.0653015
0.392222
0.181675
0.0266916
0.0954257
0.068436
0.0336403
0.0509522
0.204677
0.364874
0.287337
0.0678703
0.0679487
0.0656043
0.0495958
0.0400331
0.0622724
0.449133
0.449133
0.0298875
0.0288834
0.057612
0.027762
0.0195715
0.105236
0.318981
0.232071
0.0215946
0.0319658
0.00699801
0.00282996
0.024139
0.0921791
0.303989
0.377829
0.0789271
0.0121558
0.00233367
0.0147464
0.0232474
0.0321226
0.365532
0.377829
0.00900551
0.00387882
0.0100163
0.00169889
0.00183592
0.0283236
0.358887
0.377829
0.0296069
0.0276792
0.0278002
0.00382176
0.0141969
0.0380628
0.198039
0.443303
0.144974
0.00315475
0.00816634
0.0184435
0.0182991
0.0202149
0.192226
0.449765
0.0925571
0.0263435
0.0174999
0.00232593
0.0156574
0.0364695
0.280295
0.284728
0.0951339
0.0698946
0.0658607
0.0157069
0.04451
0.0714122
0.346523
0.276385
0.0662953
0.0706779
0.0420028
0.0152363
0.0896145
0.214726
0.297507
0.455947
0.0151866
0.0160144
0.0065446
0
0.00491778
0.0178262
0.373495
0.407742
0.0108007
0.00108149
0.00623505
0.0118789
0.00413148
0.0294321
0.372934
0.201386
0.0151239
0.0605665
0.039506
0.0275499
0.0407068
0.152748
0.274847
0.192923
0.0836744
0.0668824
0.0701592
0.0639786
0.0259997
0.0771643
0.151718
0.136825
0.0209225
0.158589
0.0755074
0.0359326
0.0224247
0.0501335
0.0256982
0.0167312
0.064279
0.509739
0.200331
0.0423748
0.0252687
0.0299979
0.0532661
0.103468
0.0732112
0.26853
0.117358
0.0508887
0.0234062
0.0454827
0.00195451
0.0199695
0.0588082
0.509739
0.433351
0.0489057
0.00448548
0.00878559
0.00889884
0.0383104
0.133128
0.426383
0.118213
0.00639033
0.00737683
0.00575462
0.0490826
0.0726919
0.196058
0.33058
0.168076
0.0151633
0.0213772
0.00896089
0.0487233
0.0166119
0.0770601
0.426383
0.358863
0.0826114
0.0188741
0.0448133
0.224316
0.237768
0.1912
0.204647
0.176852
0.0621358
0.0394734
0.0886702
0.0677095
0.0756212
0.0857096
0.197991
0.0753701
0.0484388
0.0536239
0.0882141
0.144138
0.152805
0.141381
0.26697
0.106984
0.109128
0.133208
0.13893
0.138513
0.118564
0.0415651
0.0785045
0.0475834
0.0875831
0.207253
0.37853
0.221182
0.0493757
0.0311429
0.114673
0.0479329
0.0865778
0.395422
0.462617
0.141347
0.118259
0.0605379
0.073754
0.0822254
0.0888188
0.111387
0.096028
0.144109
0.247085
0.0333329
0.0400786
0.133403
0.0764411
0.182719
0.0423934
0.0844689
0.0130282
0.0131405
0.0296071
0.0536819
0.0711234
0.465179
0.465179
0.0139794
0.0226215
0.00841524
0.0138439
0.0941532
0.142292
0.465179
0.189123
0.198759
0.278366
0.0160253
0.0143357
0.0557262
0.0463036
0.169772
0.0221065
0.193978
0.226878
0.0611935
0.088075
0.0808818
0.0450226
0.0616861
0.056757
0.0277543
0.0319655
0.00568581
0.00924415
0.044174
0.203177
0.510603
0.116933
0.0497348
0.0988764
0.0338843
0.0515764
0.0757178
0.222651
0.510603
0.172526
0.177568
0.147062
0.10363
0.134908
0.0891238
0.0705444
0.0783299
0.108881
0.400297
0.148127
0.0444188
0.0628983
0.0234026
0.0478348
0.123039
0.325895
0.173389
0.132014
0.0625926
0.0480179
0.0468469
0.130264
0.304726
0.185053
0.350651
0.136984
0.0437645
0.0413273
0.0277354
0.0358675
0.119181
0.406296
0.275542
0.172555
0.0363108
0.0684972
0.0351506
0.0381497
0.0607798
0.248427
0.111107
0.18924
0.107849
0.109161
0.0930373
0.0698099
0.0758267
0.141522
0.1591
0.217776
0.174149
0.101901
0.0515006
0.0105738
0.0516111
0.322577
0.136189
0.536528
0.243708
0.142104
0.0988873
0.0781887
0.0636156
0.165451
0.0190013
0.0878452
0.079064
0.226998
0.0846427
0.0317858
0.0603054
0.0695608
0.00269209
0.0263203
0.0794266
0.504571
0.344574
0.0418919
0.0203645
0.0122554
0.0484233
0.195266
0.0764258
0.294409
0.116137
0.0869219
0.04974
0.0739491
0.00207254
0.0186497
0.0965215
0.504571
0.236969
0.0405466
0.028747
0.012629
0.0727146
0.0311322
0.0432648
0.365928
0.393622
0.105873
0.042463
0.0642243
0.269561
0.329466
0.179682
0.0700374
0.127804
0.0703564
0.0443772
0.112196
0.0341794
0.045101
0.1116
0.446823
0.212167
0.02861
0.0433337
0.0260091
0.111858
0.220653
0.203777
0.0962719
0.0693673
0.0297241
0.0342294
0.0481707
0.0591531
0.0491555
0.0209295
0.0116027
0.0313737
0.148114
0.29439
0.33425
0.201022
0.0359381
0.00286193
0.0077166
0.00982714
0.0703856
0.325061
0.466572
0.104389
0.0493787
0.0218062
0.100745
0.0754191
0.132738
0.217706
0.222866
0.101264
0.0691632
0.159317
0.121047
0.0984873
0.151364
0.217702
0.276594
0.0825029
0.0152735
0.000318466
0.000766751
0.00849594
0.0481349
0.417137
0.3732
0.00543419
0
0
0
0.00408567
0.100017
0.488401
0.198917
0.0429225
0.0372117
0.106294
0.0558336
0.0822622
0.149421
0.189354
0.118075
0.0245657
0.0101044
0.0154282
0.0402617
0.0556022
0.183416
0.440762
0.103871
0.00154995
0.00194121
2.18111e-005
0.000288463
0.00109892
0.16406
0.432941
0.077232
0.0089228
0.0117123
0.00147834
0.00204112
0.0102387
0.221736
0.432941
0.0596181
0.011004
0.000514934
0
0.0212931
0.0134983
0.21056
0.432941
0.0607366
0.00935177
0
0
0.0032653
0.00900957
0.263371
0.432941
0.0562353
0.0389097
0.0248692
0.00615213
0.00124806
0.00784165
0.0982247
0.478967
0.0539778
0.0551319
0.0227408
0.0244642
0.04266
0.0353793
0.0336633
0.263601
0.107349
0.00161554
0
0
0
0.00581222
0.142058
0.518999
0.0876738
0
0.00245865
0.0083177
0.0292208
0.0266658
0.178627
0.518999
0.122591
0.0233025
0.0646008
0.13929
0.131097
0.09024
0.0701061
0.0744327
0.0770899
0.0606707
0.263672
0.195465
0.222351
0.120481
0.113978
0.05429
0.0497265
0.00156914
0.0131511
0.0444776
0.0834906
0.0896331
0.260272
0.447026
0.110138
0.0256247
0.116395
0.10596
0.232682
0.107862
0.238512
0.447026
0.226679
0.0323167
0.106462
0.050562
0.356507
0.140146
0.0600561
0.0176525
0.0275215
0.000138674
0.00196509
0.0618176
0.457507
0.199405
0.0138033
0.00441029
0.00226583
0.015405
0.0859781
0.0599509
0.457507
0.126328
0.0351445
0.113335
0.130129
0
0.00994744
0.0829173
0.457507
0.226913
0.00168466
0.00151542
0.00441449
0.00872634
0.0194555
0.277148
0.516452
0.185121
0.00545162
0.0128453
0.00857938
0.0389927
0.0953668
0.275629
0.127375
0.0392528
0.0197179
0.0211253
0.0208115
0.00276036
0.00442416
0.241532
0.539781
0.24551
0.0248401
0.0104421
0.00866053
0.0215617
0.0302712
0.13958
0.089157
0.081002
0.056129
0.062385
0.0252728
0.128505
0.0595844
0.0284104
0.0762558
0.0785261
0.141229
0.107283
0.127236
0.0909716
0.0790539
0.158252
0.158276
0.189592
0.227496
0.10579
0.0854966
0.306654
0.0746226
0.0476551
0.0219831
0.0599474
0.117891
0.129198
0.403636
0.287544
0.154451
0.110327
0.0748078
0.155996
0.257527
0.189917
0.389332
0.0949524
0.0884195
0.121132
0.121308
0.13429
0.187414
0.0955114
0.0682722
0.099277
0.0495789
0.0179037
0.0975152
0.0848835
0.130175
0.116292
0.113017
0.268458
0.115128
0.0501137
0.0796557
0.0929628
0.184128
0.227876
0.382747
0.347216
0.0667178
0.00806677
0.0660357
0.047863
0.0398438
0.253835
0.483323
0.0698157
0.00707889
0
0.0379882
0.0230772
0.0829001
0.141001
0.0965944
0.0914238
0.0136298
0.00408403
0.0126068
0.00511246
0.0845732
0.440647
0.144319
0.331122
0.0174267
0.00151799
0.0298948
0.0201768
0.0168383
0.0681311
0.401949
0.440647
0.0499034
0.012198
0.0439461
0.0129434
0.0225499
0.105909
0.440647
0.0324924
0.00629027
0.00278227
0.00484771
0.00232523
0.055558
0.414315
0.0964597
0.0161841
0.0111252
0.00281874
0.0141553
0.00687369
0.192998
0.414315
0.063076
0.299512
0.0317362
0.00732304
0.0126799
0.00515817
0.0219642
0.190296
0.30252
0.360674
0.0627701
0.0120885
0.0538427
0.0230855
0.157618
0.39258
0.156706
0.00232028
0.00347834
0.000970847
0.0122171
0.0157096
0.234853
0.409063
0.0470581
0.0261393
0.0281261
0.0200428
0.0644763
0.0132701
0.138079
0.409063
0.201876
0.175303
0.0209777
0.004507
0.0412723
0.0386968
0.27413
0.372467
0.0665902
0.0475796
0.00889241
0.0137288
0.0332026
0.0194592
0.242926
0.409063
0.134054
0.0350648
0.0551548
0.0641797
0.333961
0.0576395
0.0222798
0.196599
0.205575
0.00464581
0.0166499
0.066718
0.480025
0.196783
0.00305948
0.00266485
0.0149285
0.0449243
0.0674231
0.0820065
0.21334
0.0301345
0.0726563
0.316843
0.179985
0.0173747
0.0779408
0.127333
0.468551
0.175872
0.00443009
0.0352655
0.0410767
0.0033632
0.000913998
0.0863534
0.572453
0.355264
0.0379256
0.0266713
0.0265896
0.0133953
0.010254
0.0368353
0.0879296
0.142128
0.110066
0.11491
0.0600466
0.0275303
0.0895186
0.163762
0.468973
0.290256
0.0273565
0.0185768
0.0433966
0.048875
0.0856829
0.0938384
0.07667
0.106289
0.0825648
0.0600711
0.0859293
0.254627
0.101508
0.0441828
0.0552938
0.0364487
0.0171316
0.0588157
0.281423
0.215192
0.127008
0.107199
0.184191
0.126331
0.0614705
0.149006
0.329364
0.301173
0.24372
0.0598211
0.0647429
0.0284672
0.00998665
0.0695981
0.177998
0.164705
0.145518
0.141161
0.324655
0.111458
0.00655263
0.15327
0.343915
0.197551
0.109358
0.0753443
0.20622
0.103363
0.0451922
0.128743
0.284717
0.346571
0.0779916
0.0318685
0.0666491
0.0342048
0.0122641
0.123932
0.503481
0.0807549
0.0961512
0.125934
0.446768
0.113256
0.0036753
0.0378263
0.100045
0.113665
0.0636998
0.0635003
0.214932
0.0882786
0.0111
0.0136956
0.0659837
0.252805
0.0224114
0.0118001
0.069969
0.0707136
0.054278
0.0594294
0.298842
0.343864
0.0657922
0.0196696
0.163927
0.105234
0.0699624
0.0526541
0.428273
0.0396422
0.0128399
0.0206176
0.197123
0.256574
0.0489661
0.0282349
0.0391359
0.0633293
0.0292911
0.0366797
0.385142
0.39706
0.055785
0.0427648
0.0534429
0.449868
0.063639
0.0123537
0.0601842
0.0362802
0.0279529
0.0647024
0.434223
0.546152
0.0917358
0.0244382
0.0926803
0.0546797
0.0650934
0.0844796
0.265901
0.152485
0.0434216
0.038868
0.135532
0.104078
0.0275645
0.0581576
0.105201
0.174075
0.106566
0.04211
0.0968116
0.0438755
0.0344807
0.0565964
0.0997965
0.335478
0.0315826
0.0130932
0.0665985
0.0550975
0.167971
0.22137
0.176143
0.0572159
0.0183687
0.0113013
0.014399
0.0363496
0.291402
0.620084
0.176368
0.109351
0.0544695
0.019303
0.0611737
0.0400821
0.044955
0.0873358
0.0839803
0.0392867
0.0232159
0.0432966
0.198655
0.0977687
0.105477
0.308678
0.0836391
0.0499222
0.0956893
0.0532336
0.0841456
0.031333
0.0998875
0.389949
0.170595
0.0592377
0.178017
0.173719
0.283975
0.0801322
0.011874
0.0972695
0.115324
0.0448993
0.074512
0.107009
0.338839
0.168033
0.109683
0.230223
0.108054
0.0545862
0.14316
0.173758
0.403362
0.270116
0.0654085
0.100612
0.112014
0.0528691
0.256599
0.296653
0.41098
0.152758
0.023719
0.0136491
0.0523237
0.0834093
0.125358
0.109616
0.0808419
0.0845114
0.0525443
0.0344045
0.0727555
0.0476821
0.218722
0.26937
0.416945
0.291882
0.0531019
0.0379827
0.0594163
0.0510863
0.0864798
0.149943
0.150269
0.0731946
0.0903658
0.0822912
0.0484066