0.101698
0.0369183
0.0295992
0.13172
0.178507
0.101739
0.0734027
0.114883
0.14535
0.102539
0.162507
0.452899
0.386243
0.0939374
0.0795051
0.0591385
0.371232
0.0830303
0.00570548
0.0449556
0.0635132
0.0322309
0.0433328
0.174282
0.383534
0.204107
0.0885187
0.108487
0.063179
0.0449995
0.0610074
0.176944
0.118277
0.150105
0.380985
0.412354
0.256063
0.0702087
0.0810486
0.0919479
0.0763792
0.0558218
0.157469
0.0820569
0.0850857
0.127269
0.134152
0.17379
0.239216
0.266527
0.189611
0.065235
0.0843214
0.100679
0.0972295
0.0940399
0.202889
0.109223
0.0703465
0.0218504
0.158504
0.222228
0.174829
0.164323
0.111233
0.0430431
0.00563474
0.000757835
0.0292745
0.0931101
0.0849822
0.0984771
0.216288
0.281495
0.0428842
0.00175724
0.000396885
0.0108579
0.0159952
0.0616642
0.449173
0.16403
0.0122702
0.0146076
0.0626434
0.125621
0.0867916
0.187702
0.480904
0.405646
0.0860514
0.0213464
0.0120655
0.0224439
0.0466347
0.260534
0.170144
0.174563
0.032308
0.0373028
0.0263671
0.0493165
0.057025
0.0379889
0.070197
0.0245138
0.0150784
0.348455
0.288578
0.120239
0.162964
0.0846662
0.218206
0.18693
0.0541014
0.0178645
0.013251
0.0790454
0.133187
0.219796
0.116432
0.0271206
0.011842
0.0723959
0.093615
0.162253
0.380282
0.503552
0.144486
0.00159899
0.00510441
0.216066
0.198627
0.0746955
0.0786836
0.136551
0.258503
0.0151158
0.0183537
0.0394205
0.100766
0.0678758
0.0645649
0.120645
0.3081
0.0537587
0.0369106
0.0367417
0.0510036
0.0720714
0.165955
0.406426
0.509851
0.24086
0.154955
0.0322884
0.05539
0.0242829
0.0862181
0.218715
0.134605
0.0331464
0.018236
0.0159416
0.0405273
0.040188
0.0576507
0.0354774
0.156039
0.168383
0.0335898
0.0354054
0.24259
0.104592
0.0310053
0.0368384
0.281556
0.38827
0.119769
0.0207165
0.0350206
0.0129054
0.0631085
0.0554366
0.42786
0.575411
0.0792362
0.0252507
0.0561623
0.0512533
0.0509874
0.075781
0.114213
0.166075
0.0947349
0.0740279
0.363987
0.16463
0.0228151
0.0466574
0.141559
0.196891
0.29184
0.267035
0.147563
0.0909693
0.0185583
0.0943818
0.219729
0.312525
0.0727129
0.148855
0.177588
0.14312
0.0708209
0.0637171
0.177801
0.245145
0.130835
0.241218
0.171689
0.107457
0.0572059
0.170999
0.373606
0.11435
0.0118777
0.000187251
0.00281572
0.011721
0.0124176
0.156636
0.33026
0.100474
0.0177487
0
0.00069741
0.00516827
0.0221279
0.250809
0.345314
0.185088
0.0190861
0.000749005
0.00674105
0.0334957
0.00799947
0.168624
0.536489
0.145122
0.0037762
0
0
0.0035502
0.0154626
0.306363
0.202655
0.102871
0.0251278
0.00457776
0.0153648
0.039566
0.0778358
0.156726
0.218442
0.0890144
0.0163693
0.00686665
0.0386473
0.0789177
0.175
0.260022
0.438178
0.0778751
0.0156754
0
0
0.00882709
0.0865487
0.396764
0.26888
0.0752518
0.0202091
0.00538829
0.0194889
0.0320691
0.183408
0.463141
0.290437
0.155065
0.012468
0.0192142
0.0263283
0.0491413
0.0777337
0.191025
0.265993
0.194129
0.0817194
0.0301947
0.0229085
0.0414408
0.0680164
0.245246
0.177903
0.134784
0.0241179
0.0129079
0.0272803
0.0350578
0.0844715
0.286429
0.396343
0.50319
0.0768287
0.00892991
0.0122727
0.0427532
0.0530993
0.189449
0.122746
0.110132
0.0525365
0.00531823
0.00319293
0.0167024
0.0516333
0.168668
0.109315
0.202017
0.0724469
0.000707054
0.00166368
0.0203826
0.104162
0.334267
0.281421
0.50188
0.0688898
0.00264527
0.00156653
0.00779864
0.0177054
0.0652498
0.191375
0.538967
0.174884
0.014696
0.00157262
0.00137305
0.0115654
0.0768955
0.133986
0.194923
0.0678782
0.000461812
0.000183267
0.00590615
0.0337234
0.158855
0.224861
0.379101
0.0967869
0.00727167
0.00996759
0.000833335
0.00889931
0.048215
0.123698
0.527373
0.0966284
0.00681251
0.000942161
0.00371059
0.00222074
0.0235233
0.267317
0.527373
0.0399303
0.000173179
0.000494745
0.00247373
0.00125032
0.0150938
0.153678
0.402626
0.0694909
0.00448824
0.00906138
0.00829101
0.0201686
0.024125
0.156276
0.342151
0.0544089
0.0401318
0.0741028
0.0560235
0.0621672
0.0734921
0.262691
0.468716
0.0201527
0.0344988
0.0487212
0.0479174
0.0210275
0.028297
0.166631
0.215581
0.0214207
0.283603
0.345438
0.140356
0.0633769
0.0601991
0.0680909
0.0922676
0.0212325
0.209369
0.185013
0.0790601
0.0395183
0.0471767
0.0460321
0.0544711
0.0437224
0.326454
0.185032
0.0487133
0.0255081
0.0548116
0.0203272
0.00974978
0.0130664
0.470464
0.362218
0.062678
0.0195507
0.0206892
0.00431215
0.0528074
0.169754
0.474483
0.283325
0.0487034
0.0146326
0.00193032
0.333986
0.127115
0.00464899
0.00370972
0.00343651
0.0173839
0.0124266
0.114392
0.394177
0.0935197
0.0129439
0.0128829
0.0327975
0.0520913
0.0340224
0.178898
0.279652
0.0795549
0.00921837
0.0205818
0.037647
0.104946
0.149002
0.39338
0.22823
0.0870804
0.0431275
0.0669399
0.26527
0.274547
0.169238
0.316132
0.246927
0.119768
0.0409616
0.0251321
0.0526534
0.0490363
0.0599888
0.185843
0.203741
0.282508
0.0308219
0.0119133
0.0312168
0.0322086
0.0620134
0.156918
0.160968
0.309927
0.116924
0.104854
0.311419
0.156241
0.0617976
0.125317
0.260496
0.546576
0.102922
0.0319375
0.0548938
0.00991028
0.0106358
0.0571666
0.0984243
0.253193
0.026492
0.00665774
0.016079
0.0100075
0.0120368
0.0671133
0.174538
0.499058
0.0471161
0.00322712
0.00269499
0.00265502
0.00488238
0.0374482
0.127511
0.506309
0.0558059
0.00385277
0.00401974
0.00227783
0.00112932
0.00237236
0.214692
0.506309
0.087805
0.0322615
0.0176118
0
0
0.00137588
0.131695
0.41929
0.044033
0.00490521
0.00171474
0.00110157
0.00180254
0.00450935
0.117146
0.419456
0.123994
0.0244555
0.0102562
0.000611001
0
0.00491948
0.234615
0.419456
0.0735708
0.0746546
0.0273508
0
0.00641085
0.0117162
0.318588
0.414665
0.138232
0.0838104
0.0422081
0.00837426
0.0288643
0.111471
0.130139
0.431161
0.0687356
0.0126421
0.005744
0.00200117
0
0.00673165
0.244052
0.431161
0.0209204
0
0.000266822
0.00526589
0.0048521
0.013621
0.272917
0.373124
0.0886776
0.0507002
0.030326
0.0112395
0.0290739
0.0969279
0.244295
0.431161
0.0919178
0.058866
0.0356108
0.0189575
0.062755
0.0701856
0.188985
0.362923
0.0245421
0.0775548
0.0599926
0.043213
0.0212457
0.0285507
0.0580023
0.0621167
0.0210256
0.435714
0.332719
0.0665735
0.0196581
0.0155641
0.132565
0.236701
0.10452
0.168186
0.0778665
0.050464
0.0502784
0.061507
0.0211984
0.038835
0.0752421
0.47128
0.315215
0.0446235
0.013153
0.0198397
0.00456765
0.000521631
0.027122
0.367073
0.30561
0.0486852
0.00488899
0.00387372
0.00323209
0.0736885
0.263631
0.253025
0.241381
0.115182
0.0130125
0.00999985
0.00463296
0.00123173
0.0972599
0.460008
0.285724
0.0692838
0.0128279
0.0236497
0.0283048
0.0984895
0.264278
0.171849
0.233427
0.165825
0.0664723
0.0890206
0.0635205
0.0233306
0.00967818
0.011169
0.0463939
0.0802357
0.164354
0.334874
0.0925896
0.12209
0.0499059
0.0536569
0.16225
0.143985
0.197016
0.242631
0.225999
0.0267332
0.00346263
0.00192538
0.0196286
0.032895
0.139979
0.419306
0.177452
0.073985
0.0280576
0.0469721
0.082723
0.191629
0.35264
0.419306
0.0746339
0.270614
0.093164
0.0888444
0.128319
0.0560676
0.0787901
0.0664305
0.0828942
0.435861
0.129779
0.123392
0.0317908
0.0324174
0.0195741
0.0245749
0.0505008
0.137082
0.0374506
0.0844803
0.0764596
0.20731
0.403296
0.194052
0.0159357
0.184386
0.092825
0.170947
0.061988
0.201538
0.435861
0.117414
0.0918612
0.449953
0.0812596
0.0420305
0.00491906
0.0251669
0.0263918
0.00875126
0.168384
0.449953
0.0766323
0.0604764
0.0340248
0.0122407
0.0272968
0.00596072
0.0406493
0.18958
0.0715937
0.0641641
0.0184008
0.152945
0.425796
0.0814665
0.0562516
0.22879
0.0743801
0.0910539
0.0527176
0.137245
0.373661
0.0575269
0.185138
0.31728
0.124178
0.17455
0.0895459
0.00543966
0.0099064
0.03273
0.390789
0.210424
0.112197
0.142828
0.0809116
0.0321007
0.0297776
0.18982
0.106428
0.242623
0.178514
0.134246
0.106218
0.0789252
0.0969418
0.0508242
0.436788
0.246049
0.146609
0.0752779
0.0834625
0.0404709
0.0172119
0.235187
0.351847
0.190098
0.0688244
0.0777804
0.0373132
0.0341947
0.0514018
0.151122
0.211743
0.218913
0.0785337
0.0916937
0.0716794
0.0381021
0.146129
0.172514
0.419621
0.144243
0.0768377
0.0429286
0.031769
0.0180442
0.0661869
0.263103
0.291016
0.319995
0.212784
0.065726
0.0525333
0.0333169
0.135574
0.227635
0.106506
0.112148
0.0897174
0.176754
0.0627306
0.0593151
0.078185
0.121921
0.0234571
0.0213345
0.0892037
0.494986
0.23908
0.0597048
0.0113069
0.0252222
0.181166
0.211364
0.150642
0.180127
0.11567
0.0721046
0.115976
0.102981
0.0339213
0.0495756
0.151001
0.494986
0.29855
0.0685604
0.0561662
0.0182427
0.0163117
0.0111326
0.0620387
0.445605
0.249758
0.0870689
0.0478929
0.0607035
0.0695561
0.0774843
0.0746982
0.121893
0.130797
0.120944
0.128381
0.149183
0.13412
0.0984599
0.192965
0.457532
0.199628
0.0781047
0.0584852
0.0722093
0.295883
0.168055
0.10856
0.106141
0.0558977
0.0960947
0.146586
0.263625
0.221168
0.0349752
0.000979226
0.0492694
0.0612452
0.0692006
0.090727
0.40576
0.0965314
0.00133638
0.00651305
0.183686
0.191819
0.180787
0.204824
0.304379
0.151127
0.102609
0.0507366
0.28621
0.165643
0.0709423
0.054774
0.0932875
0.0272783
0.00588664
0.0546752
0.40576
0.373579
0.0609244
0.0465391
0.0528708
0.0294392
0.00594878
0.00423599
0.142962
0.178252
0.184875
0.331279
0.136105
0.0173386
0.00617186
0.00890474
0.0422997
0.0414772
0.159435
0.497849
0.140798
0.0165042
0.0092011
0.0182328
0.300039
0.301878
0.0324029
0.0713472
0.0284641
0.0148919
0.0174564
0.0019913
0.0421642
0.0390357
0.0707186
0.484127
0.0788897
0.00275888
0.00189641
0.00682811
0.00834681
0.00478891
0.11914
0.461803
0.0603344
0.00626739
0.025443
0.0123257
0.0287792
0.0185139
0.167704
0.461803
0.0562847
0.000811667
0.00260483
0.000178544
5.01777e-005
0.000745566
0.0808165
0.461803
0.0651598
0.00362835
0.0015744
0
1.75026e-006
0.000503437
0.17695
0.461803
0.0889121
0.0407859
0.107273
0.0592091
0.0248776
0.0328356
0.149172
0.380904
0.0424209
0.16849
0.123065
0.0600999
0.011358
0.0232619
0.0581892
0.20159
0.109651
0.0140923
0.00893639
0.00288624
0
0.0044835
0.182633
0.544619
0.0604048
0.0163913
0.017087
0.00436765
0.0200293
0.0113428
0.136877
0.544619
0.0672903
0.0967261
0.0421126
0.0834189
0.0790921
0.0458174
0.00521626
0.0661939
0.109342
0.0734464
0.261436
0.375702
0.157932
0.102017
0.0234273
0.0467344
0.0639434
0.0119276
0.0359934
0.0627223
0.126982
0.118893
0.0731451
0.423971
0.0553664
0.027541
0.126668
0.28782
0.241503
0.24173
0.208042
0.41084
0.0768603
0.0587267
0.198702
0.163294
0.199326
0.158451
0.0305198
0.0434532
0.0168076
0.0172558
0.0433619
0.0649337
0.443929
0.227933
0.0201501
0.0234425
0.00431229
0.0352041
0.0735087
0.150883
0.378977
0.186556
0.0856495
0.170142
0.0599427
0.0147612
0.0135378
0.0391509
0.443929
0.339495
0.00312321
0.0063183
0.0119734
0.0693689
0.0460474
0.129733
0.445395
0.153506
0.0122393
0.00937002
0.0171385
0.133814
0.0505408
0.0720793
0.180388
0.112666
0.0412875
0.0499518
0.107698
0.00560769
0.00177632
0.0203663
0.458681
0.370601
0.00220951
0.00103617
0.00172204
0.00705584
0
0.0121045
0.400226
0.335481
0.0185945
0.0125508
0.0107576
0.0868788
0.0682152
0.0376689
0.281547
0.166829
0.0467134
0.0644837
0.0105088
0.00869452
0.00417674
0.0386458
0.434866
0.344457
0.00820152
0
0.0012605
0.0536231
0.0481472
0.0629227
0.338704
0.2497
0.113478
0.0735464
0.0313945
0.0171869
0.0338997
0.0993901
0.434866
0.337097
0.0287054
0
0.00403089
0.00205738
0.0059052
0.0311243
0.486308
0.391847
0.0115482
0.00973311
0.00547428
0.00773771
0.0173893
0.0184542
0.0593493
0.0475589
0.0336025
0.121305
0.0282207
0.00802593
0.00742707
0.123053
0.642407
0.286241
0.0245716
0.00111587
0.00677259
0.0130145
0.00589857
0.0521123
0.0693522
0.0430725
0.0182116
0.00520367
0.0125767
0.00979464
0.00826705
0.00647795
0.00186503
0.00690937
0.0682887
0.36755
0.0672827
0.0170961
0.00444638
0.000114807
0.000234724
0.00352748
0.173069
0.805136
0.191784
0.0196978
0.0104367
0.0320246
0.0174911
0.0133816
0.0187317
0.02305
0.00965615
0.033353
0.0173007
0.0117993
0.0143364
0.0272347
0.0214215
0.21953
0.0844392
0.00837239
0.000377838
0
0.0028105
0.00517632
0.0762008
0.51352
0.084842
0.00852378
0.00478132
0
0.0221594
0.023371
0.1921
0.51352
0.0584406
0.00430166
0.0023877
0.016632
0.0672058
0.0460022
0.0423828
0.218948
0.06115
0.0525016
0.00438303
0.0229254
0.200896
0.153982
0.231079
0.412331
0.127078
0.0104043
0.0143331
0.00411339
0.0284408
0.048019
0.114727
0.447255
0.0458987
0.0296814
0.0182084
0.0323251
0.0498667
0.0745592
0.205982
0.447255
0.104017
0.0700672
0.0119492
0.00247425
0.0498529
0.0609541
0.168526
0.385288
0.105832
0.0531807
0.00939608
0.00483899
0.000718319
0.0214821
0.202441
0.447255
0.172358
0.0593434
0.0133929
0.0694051
0.170777
0.0842368
0.105045
0.255154
0.0986748
0.0335849
0.00878606
0.0527764
0.41635
0.304283
0.00239594
0.0188763
0.0285422
0.0823531
0.0308263
0.0652647
0.0606797
0.0372182
0.0915719
0.41635
0.163001
0.0861233
0.0507122
0.103192
0.41635
0.352026
0.0171156
0.0886078
0.0750301
0
0.00034319
0.00310848
0.418501
0.312933
8.54003e-005
0
0
0.00112939
0.00133521
0.00300624
0.303525
0.234594
0.00304725
0.000115592
0.000804076
0.00826401
0.00905367
0.0343705
0.418501
0.418501
0.0155197
0.00187375
0.00173063
0.00163103
0.0032528
0.040089
0.373043
0.213365
0.0121148
0.00170581
0.0017938
0.123356
0.107896
0.0923079
0.2345
0.123837
0.0757792
0.0224782
0.131621
0.0992193
0.10976
0.194812
0.458897
0.121383
0.0403996
0.000609094
0.0625369
0.314892
0.0412941
0.0173284
0.0237062
0.00727338
0.0109122
0.00791873
0.344203
0.36853
0.0570376
0.0661376
0.0533612
0.00459548
0.0107045
0.00091364
0.406776
0.0462578
0.0268688
0.138998
0.250363
0.0851967
0.0277887
0.00104811
0.04676
0.0386787
0.0104546
0.0241142
0.0317576
0.0303343
0.0111762
0.00392635
0.0533363
0.351715
0.0225232
0.0524653
0.0309588
0.0115574
0.00930827
0.00146986
0.464776
0.404875
0.00872274
0.00498861
0.00555634
0.00875448
0.00203348
0.00371672
0.572924
0.0388236
0.0112083
0.0242635
0.0141029
0.00935963
0.00576787
0.00509216
0.0305508
0.0477297
0.0219204
0.0241136
0.0181059
0.013828
0.00644086
0.0108971
0.0316326
0.396535
0.00976036
0.012136
0.00345256
0.00237841
0.000251619
0.00379003
0.479816
0.510842
0.0182992
0.0219455
0.00701019
0.00029703
0.0005789
0.00286109
0.523756
0.020513
0.0065432
0.0252364
0.0861458
0.061489
0.0247367
0.026365
0.0366324
0.18063
0.00950834
0.0305415
0.193024
0.181833
0.154362
0.123132
0.265135
0.274671
0.00499492
0.00727739
0.0150095
0.0177827
0.00708544
0.00802406
0.334962
0.459208
0.00237708
0.00395789
0.0175715
0.0433639
0.0432539
0.0325082
0.558838
0.21329
0.0220784
0.00268305
0.0330523
0.0633258
0.0913322
0.119542
0.197167
0.150171
0.0156957
0.00249995
0.0012925
0.0386537
0.0903587
0.434074
0.276272
0.327879
0.00595665
0.00030991
0.00166445
0.0134261
0.0133254
0.00882693
0.35001
0.316265
0.00455384
0.000624988
0.000323125
0.00966341
0.00562004
0.155513
0.438194
0.0574556
0.0180982
0.0260184
0.0125231
0.00735617
0.0499708
0.424716
0.164925
0.0794846
0.0514629
0.0703779
0.22241
0.255781
0.0568196
0.264168
0.0821055
0.174028
0.000807697
0.0019293
0.000675959
0.00121595
0.0457018
0.33304
0.307238
0.265075
0.0325598
0.0595964
0.0702144
0.097883
0.0748883
0.327468
0.308051
0.0278327
0.0326716
0.0871412
0.404432
0.463385
0.0798932
0.0412472
0.0185862
0.00342918
0.0141066
0.0827621
0.251128
0.197327
0.0562822
0.00554216
0.00439021
0.249885
0.0395292
0.105271
0.12718
0.203954
0.0753247
0.0761133
0.299575
0.298764
0.0205258
0.0548021
0.048994
0.102178
0.0529041
0.00950617
0.316627