0.0796126
0.0952826
0.147909
0.0708798
0.0285298
0.0273731
0.0773087
0.0964298
0.0765668
0.0648345
0.1614
0.0755642
0.0642696
0.0815483
0.0949601
0.0946983
0.115734
0.190677
0.204228
0.139644
0.125344
0.0540241
0.122226
0.0985258
0.116623
0.15415
0.390924
0.196876
0.158998
0.0947708
0.0420985
0.0769214
0.068515
0.0467475
0.118154
0.0715004
0.0918775
0.0867458
0.0521718
0.118888
0.0509932
0.0827764
0.147583
0.0967296
0.1176
0.124139
0.12458
0.148558
0.0497108
0.0447706
0.14388
0.131375
0.257373
0.202583
0.0652941
0.0693677
0.0693815
0.163717
0.0901295
0.111912
0.310455
0.213393
0.106339
0.134442
0.0305295
0.0678512
0.157712
0.113573
0.104744
0.0685799
0.127999
0.0988635
0.0815666
0.0800985
0.185819
0.175466
0.0929039
0.0656627
0.138767
0.101507
0.0905442
0.130427
0.0692251
0.0867392
0.103574
0.0633128
0.177867
0.208647
0.141379
0.085514
0.0776928
0.13723
0.0801132
0.102425
0.239462
0.245703
0.11555
0.0480534
0.0472968
0.0581703
0.0606362
0.108636
0.13968
0.0946748
0.151336
0.0527489
0.0366728
0.0595951
0.141978
0.100421
0.131904
0.137782
0.141649
0.05573
0.0440658
0.0531375
0.0995961
0.139458
0.130201
0.167506
0.192507
0.0936969
0.0624994
0.0519501
0.416115
0.143517
0.116774
0.196245
0.0235709
0.0168401
0.0220947
0.0316143
0.0303734
0.0214771
0.0417642
0.0505258
0.0299631
0.0165785
0.0575243
0.0881708
0.0334176
0.0391488
0.040688
0.0559334
0.141927
0.0800218
0.0264206
0.0203782
0.0789416
0.0267614
0.037051
0.0998074
0.468421
0.71097
0.0595212
0.0694561
0.0309462
0.0452384
0.018049
0.0744618
0.0252095
0.00397067
0.0207088
0.043672
0.023725
0.028216
0.0213879
0.03517
0.0347649
0.00691285
0.0145631
0.0257709
0.0367031
0.0287987
0.0430449
0.0584543
0.389576
0.498133
0.0181472
0.0292562
0.0271903
0.0442901
0.0542848
0.221079
0.33301
0.186638
0.00974724
0.0505887
0.120793
0.148483
0.261749
0.404497
0.081186
0.0302042
0.0439823
0.0709896
0.0736271
0.0328797
0.117827
0.148575
0.0718536
0.0917976
0.0684189
0.0985842
0.0635005
0.0334164
0.0774601
0.266734
0.166751
0.050943
0.0467407
0.203065
0.319061
0.246207
0.346548
0.281393
0.0998901
0.185161
0.0780917
0.11424
0.135562
0.0401125
0.0373104
0.0274942
0.0607682
0.126639
0.118359
0.1631
0.161109
0.0320277
0.0573415
0.0460864
0.0453085
0.148262
0.34569
0.226787
0.158651
0.0293116
0.00914503
0.0200253
0.110129
0.0746471
0.106421
0.190865
0.134199
0.0452028
0.0333004
0.0727175
0.0648432
0.0847359
0.271549
0.275518
0.205379
0.093425
0.0189004
0.0577425
0.0128131
0.0615045
0.162125
0.172072
0.209507
0.100286
0.0258944
0.0132092
0.0852342
0.125136
0.0479073
0.093798
0.204329
0.137125
0.0589498
0.0627812
0.0225587
0.0616688
0.166885
0.279057
0.228383
0.0805471
0.0120793
0.0248936
0.117619
0.16198
0.286645
0.232718
0.134584
0.0701841
0.0504626
0.0340134
0.049478
0.0363295
0.0178231
0.00817082
0.0161816
0.0165845
0.026699
0.0528115
0.0540081
0.018539
0.0191941
0.0202667
0.0142359
0.0415257
0.0613861
0.0719267
0.155299
0.100112
0.110869
0.0243897
0.00994481
0.0123142
0.0093486
0.0239344
0.456774
0.717859
0.122184
0.0154631
0.0123433
0.0286811
0.0221002
0.0355139
0.0202454
0.0052334
0.00260174
0.00504208
0.00384636
0.00963238
0.0128256
0.0161075
0.0651561
0.107845
0.0107805
0.00229989
0.0139449
0.00492848
0.00590228
0.0210573
0.209653
0.364525
0.0283296
0.00559403
0.00140059
0.0045428
0.00920666
0.0142539
0.541675
0.664077
0.0656631
0.00139851
0.000229183
0.000905475
0.00575411
0.016278
0.0935536
0.140462
0.0100797
0.000586861
0.00488822
0.00134346
0.000716086
0.00974714
0.255416
0.406404
0.0104287
0.00199318
0.000773137
0.00177267
0.000349826
0.00449724
0.24174
0.486661
0.082102
0.000986645
0
0
0.000161765
0.0026881
0.378943
0.486661
0.0741284
0.0126885
0.012738
0.0279431
0.0332715
0.050142
0.207554
0.393919
0.00650469
0.0217951
0.0308132
0.0360616
0.0204547
0.0842616
0.103621
0.121424
0.00260347
0.104631
0.199022
0.121839
0.086103
0.142017
0.212299
0.372151
0.0195996
0.0934532
0.179677
0.097545
0.0716987
0.0787618
0.0487806
0.0851124
0.0042115
0.227808
0.480615
0.264622
0.0955049
0.0894729
0.0331366
0.0048456
0.0067468
0.124512
0.217186
0.110012
0.0645801
0.0560777
0.0504209
0.0188137
0.0160403
0.0260727
0.0216698
0.00873913
0.00457766
0.0234381
0.194089
0.00202381
0.00263491
0.164561
0.454798
0.289899
0.136034
0.227699
0.478883
0.00806384
0.0126569
0.0174558
0.0119092
0.0193181
0.0254252
0.423785
0.0676161
0.0481567
0.0453512
0.0531952
0.0236481
0.0614488
0.0473014
0.0491528
0.0985431
0.0987196
0.103725
0.0725489
0.0531929
0.0454932
0.0171122
0.0366983
0.0592148
0.0849328
0.0614377
0.04899
0.0250143
0.111401
0.130888
0.0356445
0.264445
0.577027
0.376517
0.211912
0.0800479
0.0338625
0.0617577
0.0115883
0.0212324
0.0188791
0.0151612
0.0156266
0.0080547
0.00365664
0.000278002
0.00340257
0.0575982
0.114159
0.0385586
0.0225827
0.00367417
0.000490012
0.000672411
0.00296392
0.150679
0.281531
0.0868892
0.0402843
0.0100336
0.00026676
0.000719919
0.00176889
0.564142
0.688942
0.087184
0.0237384
0.00146606
0.00919829
0.00437296
0.0119462
0.081219
0.15026
0.0197729
0.00496925
0.00041115
0.000156766
0.000141662
0.00112218
0.218509
0.418159
0.0279857
0.000315748
0.000193508
0.000357424
0.00231727
0.00113932
0.241737
0.504702
0.0633665
0.0069079
0.00010628
0.0079959
0.00380133
0.00434438
0.338925
0.504702
0.0681417
0.00317541
0.0123646
0.00990467
0.0308359
0.0664227
0.159452
0.469173
0.0623003
0.0020859
7.76709e-005
0.000132165
0.00369391
0.00166225
0.330871
0.469173
0.103393
0.0045449
6.69214e-006
8.8216e-006
0.00221757
0.00832817
0.172537
0.392763
0.0973565
0.014476
0.0328089
0.0298787
0.0633462
0.0627634
0.195689
0.259904
0.153378
0.0348504
0.0327277
0.0417568
0.127938
0.101934
0.299197
0.547221
0.12558
0.0060362
0
0.00688217
0.00706282
0.0233925
0.227219
0.413787
0.0981615
0.0873237
0.0528472
0.080345
0.0488091
0.116076
0.207697
0.1734
0.109264
0.0276761
0.0633225
0.0489575
0.130669
0.147907
0.0978814
0.138711
0.15196
0.185564
0.185314
0.0678378
0.0736782
0.115783
0.0812476
0.0774014
0.0204041
0.187381
0.207708
0.0941005
0.0573598
0.0586823
0.0107937
0.00641132
0.0046123
0.2284
0.436918
0.190633
0.0835335
0.0430111
0.0292417
0.0221788
0.0606316
0.395684
0.243336
0.03287
0.0115609
0.0280271
0.00084978
0
0.021636
0.502675
0.276222
0.0499459
0.0172053
0.00779799
0.16212
0.000308597
0.000452429
0.108913
0.246607
0.209521
0.131323
0.216866
0.469527
0.0115545
0.00266082
0.00933946
0.0102582
0.0163073
0.0279888
0.38498
0.090143
0.0146523
0.0103365
0.391553
0.195146
0.0815579
0.0415209
0.0639983
0.310483
0.0486931
0.0367494
0.074625
0.0582467
0.0329019
0.0233245
0.162729
0.0141672
0.0265457
0.0364739
0.0396816
0.0204977
0.0297818
0.0538429
0.0112634
0.0588147
0.22415
0.228772
0.269348
0.35101
0.126398
0.0537172
0.00444761
0.0283111
0.0490685
0.0472251
0.0403978
0.0299797
0.0277909
0.0518945
0.0178343
0.0428126
0.0903299
0.0976809
0.174269
0.480352
0.440289
0.170127
0.0145795
0.0545004
0.174515
0.102006
0.0658115
0.107615
0.0708883
0.0149691
0.000156498
0.300568
0.432255
0.115006
0.0384172
0.109798
0.125477
0.0542387
0.0190701
0.00551809
0.0388601
0.0560602
0.0436335
0.160807
0.252502
0.172887
0.0081207
0.0635743
0.089018
0.0987689
0.0317821
0.17211
0.365733
0.486261
0.123517
0.207719
0.368824
0.111213
0.0296796
0.0967302
0.0857062
0.041026
0.0134038
0.152855
0.310751
0.122936
0.0379574
0.0962548
0.0695468
0.0660854
0.0787826
0.049645
0.0534601
0.10771
0.0306975
0.16511
0.242004
0.482185
0.129619
0.0500247
0.0933758
0.11395
0.048313
0.128682
0.232083
0.320927
0.165095
0.156992
0.127883
0.0952084
0.0861973
0.158418
0.097464
0.118414
0.142167
0.261099
0.0611043
0.087792
0.106673
0.151185
0.0951196
0.20354
0.245251
0.161796
0.133006
0.0957588
0.0921813
0.119904
0.203365
0.226239
0.193119
0.429
0.139146
0.102556
0.13943
0.11318
0.115759
0.155125
0.316685
0.177572
0.0877643
0.0415037
0.0808143
0.155339
0.0796062
0.170694
0.178936
0.0730526
0.122223
0.0976097
0.170095
0.272017
0.0737865
0.0885006
0.116672
0.247865
0.272627
0.14926
0.170034
0.099949
0.0637168
0.115265
0.22849
0.0750534
0.275747
0.133906
0.274926
0.289918
0.1254
0.183505
0.246102
0.0216896
0.0204299
0.0627021
0.277036
0.224038
0.0233011
0.0111116
0.0296808
0
0
0.0500569
0.50693
0.221736
0.0139243
0.000390751
0
0.0125502
0.022093
0.0936843
0.317091
0.216928
0.0483217
0.0387572
0.0581941
0
0
0.0747084
0.489478
0.310781
0.00857503
0
0
0.0328416
0.0141346
0.0334707
0.434968
0.240016
0.0548728
0.00658846
0.0123746
0.102237
0.061137
0.0653356
0.140488
0.16624
0.088865
0.0178739
0.0638486
0.00261253
0.0253215
0.0993135
0.463783
0.391565
0.0467961
0.00397803
0.00768121
0.0104501
0.0718098
0.12724
0.280927
0.30048
0.102448
0.0159121
0.0307248
0.0717078
0.103336
0.10043
0.0546019
0.0707438
0.0769262
0.063437
0.057746
0.104635
0.160674
0.180794
0.0856842
0.197587
0.440676
0.235419
0.0514727
0.0903789
0.112271
0.0862467
0.122002
0.0648053
0.0762748
0.0614748
0.102628
0.170255
0.143063
0.221326
0.234648
0.0550766
0.0257932
0.0339832
0.0945419
0.00743768
0.00790445
0.0142512
0.0106002
0.0476909
0.176579
0.232129
0.036588
0.00510416
0.00674931
0.0230768
0.00477069
0.05112
0.286668
0.77028
0.241326
0.0149302
0.012295
0.0210666
0.0172723
0.0029638
0.00405992
0.0385934
0.0335001
0.0138481
0.00743096
0.00578971
0.00444964
0.00598905
0.0802761
0.278735
0.100651
0.000753936
0.00288321
0.0186727
0.00230024
0.0244955
0.148176
0.475407
0.108468
0.00978276
0.017544
0.0167278
0.00494745
0.0225326
0.203297
0.475407
0.181324
0.00241917
0.00126642
0.00157646
0.00127999
0.00150338
0.0715281
0.28953
0.0779845
0.000460711
0.00422355
0.000958122
0.000936483
0.00543805
0.178373
0.475407
0.194875
0.0276628
0.0438722
0.0168334
0.00574229
0.0139845
0.169248
0.337255
0.124177
0.0780794
0.0626589
0.0926812
0.0783754
0.0169289
0.0876107
0.247302
0.156608
0.000141619
0.0133742
0.000212032
6.7506e-005
0.00721944
0.242654
0.500772
0.156986
0.0260673
0.0330087
0.0478299
0.0406221
0.0170712
0.165774
0.500772
0.228823
0.0663447
0.15172
0.186083
0.208001
0.0795788
0.0366815
0.109468
0.108327
0.0314721
0.178187
0.135965
0.335065
0.279436
0.0581358
0.0996585
0.0786906
0.0277641
0.0842513
0.108832
0.131369
0.105334
0.149647
0.415921
0.129186
0.0453875
0.206433
0.209422
0.328373
0.226696
0.139249
0.134858
0.0541333
0.00384863
0.0248726
0.0552687
0.335309
0.201326
0.0190045
0.0275258
0.0223244
0.000565566
0.0040618
0.0325288
0.421646
0.21436
0.000146644
0.000428509
0.00214254
0.026298
0.0689245
0.157286
0.426073
0.172013
0.0200345
0.020752
0.0228045
0.0417501
0.0317624
0.209326
0.509868
0.11793
0
0.00228557
0.0397286
0.0172834
0.0370678
0.0865179
0.422366
0.282159
0.0114072
0.0335479
0.0123444
0.0705508
0.103171
0.0976853
0.240895
0.224771
0.0725877
0.0779473
0.0269261
0.123239
0.061649
0.176978
0.386511
0.118884
0.00504307
0.0898864
0.21167
0.256202
0.140351
0.0337328
0.115711
0.119168
0.045963
0.163275
0.292894
0.0743583
0.0862327
0.111303
0.213422
0.0697375
0.0436506
0.0605959
0.0808183
0.142966
0.102927
0.124516
0.298878
0.0675819
0.0260277
0.0637658
0.147816
0.072969
0.0698263
0.177434
0.236373
0.149621
0.0890571
0.0651093
0.0380033
0.136091
0.135211
0.136053
0.274803
0.170525
0.112843
0.067516
0.0974266
0.0923399
0.0801386
0.0657801
0.0830459
0.0708476
0.056476
0.116137
0.11514
0.150157
0.0558308
0.047212
0.0522374
0.0972005
0.145951
0.294213
0.254958
0.174125
0.166027
0.0480829
0.105435
0.129294
0.114324
0.0767384
0.0841339
0.299202
0.132647
0.080961
0.0364806
0.100628
0.116763
0.19005
0.184593
0.025415
0.0119952
0.0220221
0.0214724
0.00917152
0.0220605
0.155276
0.129355
0.00509232
0.00994114
0.0174054
0.0304025
0.0224948
0.241756
0.829704
0.264072
0.0617466
0.0229314
0.0282426
0.0218399
0.0148582
0.0152563
0.0190225
0.0290064
0.0321372
0.0155651
0.0232709
0.0493258
0.0361763
0.0563125
0.0793327
0.0343816
0.000833853
0.00396032
0.000490272
0.00254595
0.00395635
0.119016
0.492134
0.116603
0.00871459
0.0138357
0.00401507
0.00210777
0.00398079
0.129579
0.581146
0.191387
0.00313666
0.00244379
0.00126213
0.00801366
0.00761088
0.0155095
0.0987015
0.0401023
0.00203228
0.00209219
0.00520372
0.00532324
0.00366587
0.0455245
0.508307
0.0949965
0.0040984
0.0220268
0.0101534
0.00517877
0.0135978
0.112932
0.474281
0.0829909
0.044271
0.0695463
0.0646382
0.0646315
0.0310372
0.102188
0.344053
0.10895
0.00126691
0.00244917
0.00298355
0.00304079
0.00258991
0.0716616
0.474281
0.0868014
0.0464699
0.0197288
0.0238984
0.0161983
0.00681199
0.105828
0.474281
0.271511
0.0395277
0.0539877
0.131399
0.287046
0.0446901
0.0217283
0.113253
0.0711161
0.0874185
0.0245072
0.207788
0.412135
0.0365127
0
0.00440602
0.0568633
0.139196
0.0684941
0.156343
0.206298
0.0119342
0.0298402
0.334157
0.31208
0.145987
0.0636075
0.237512
0.455355
0.0284823
0.00558047
0.0143719
0.102667
0.179289
0.0197108
0.12027
0.166245
0.0119444
0.000472476
0.0332615
0.318045
0.244578
0.0477225
0.00694496
0.00958097
0.0179348
0.00249699
0.0514319
0.555339
0.136836
0.0187368
0.108375
0.226211
0.0152046
0.0233445
0.0344596
0.205823
0.194917
0.0201028
0.000978892
0.000932627
0.000930776
0.0132294
0.037969
0.459891
0.0212475
0.0564424
0.102784
0.117154
0.124074
0.230505
0.0861117
0.00796903
0.0580761
0.085996
0.0861473
0.147856
0.194153
0.263812
0.0350281
0.0212048
0.0738343
0.12806
0.144048
0.0909276
0.0801745
0.161535
0.115743
0.0644298
0.124471
0.0686788
0.0309777
0.0753047
0.185603
0.276886
0.19807
0.139957
0.169302
0.124612
0.0657873
0.081675
0.115425
0.130794
0.0611103
0.0613738
0.234638
0.13487
0.174397
0.04092
0.0647207
0.0826873
0.180598
0.132271
0.153936
0.0552245
0.0484852
0.0704707
0.139696
0.17745
0.106393
0.0933514
0.15339
0.166223
0.289384
0.123275
0.0564284
0.0688384
0.10415
0.0987708
0.182391
0.0845223
0.114257
0.0640572
0.0720212
0.0453618
0.0998053
0.115539
0.154524
0.056134
0.0864405
0.181712
0.076598
0.0888178
0.0942132
0.0971002
0.112694
0.233839
0.283781
0.0804858
0.0374069
0.01652
0.086868
0.101523
0.20445
0.220834
0.233236
0.125796
0.0491351
0.0322639
0.0411605
0.149765
0.0311753
0.0148894
0.0457708
0.140698
0.0580699
0.0700838
0.0834769
0.0511459
0.0278062
0.0183415
0.118977
0.159818
0.063467
0.0700862
0.652535
0.158346
0.0820737
0.0444396
0.0642904
0.10678
0.0508622
0.10554
0.0245565
0.0695766
0.0367453
0.0150413
0.0820194
0.112314
0.104036
0.154261
0.149855
0.0626626
0.00722138
0.00765214
0.0123998
0.0116209
0.00767626
0.0386428
0.326434
0.0526198
0.0938519
0.0232364
0.0169385
0.00359343
0.00777473
0.0955111
0.722429
0.493887
0.00880028
0.0104858
0.0118213
0.00784644
0.0206647
0.0178549
0.0285572
0.00972576
0.0487131
0.0272873
0.0126289
0.00481047
0.0149738
0.0125763
0.0414833
0.128513
0.282897
0.0750273
0.120574
0.0750703
0.00463203
0.0286246
0.303863
0.64429
0.233517
0.111864
0.235131
0.254136
0.0126748
0.0132248
0.0260468
0.24244
0.0626791
0.0131689
0.0101899
0.0117646
0.0106421
0.00693405
0.0305005
0.182948
0.051163
0.0231272
0.0270514
0.0258526
0.0156381
0.00986029
0.0329493
0.105338
0.15964
0.14971
0.318043
0.409427
0.036339
0.114686
0.127992
0.133747
0.23713
0.0815066
0.0190095
0.0481079
0.0544351
0.0989205
0.159395
0.284036
0.0791648
0.123073
0.100974
0.122763
0.0670271
0.0345924
0.0936306
0.0790021
0.104363
0.0873578
0.0616674
0.140239
0.12951
0.163207
0.12
0.0436106