0
0
0.0129111
0.514182
0.298687
0.00765833
0.00449354
0
0.00574948
0.0103008
0.0253405
0.280517
0.123575
0.0445784
0.0413535
0.00354224
0.00307471
0.0478183
0.0517927
0.491551
0.376748
0.0362165
0.0113472
0.00459907
0.0314695
0.0774787
0.0257331
0.224698
0.19422
0.0764097
0.0342318
0.0168748
0.0140564
0.034663
0.0552125
0.205821
0.116536
0.0651095
0.0673419
0.0102939
0.0218208
0.030478
0.121774
0.528506
0.293751
0.0322496
0.0258555
0.0149896
0.0807048
0.165365
0.100264
0.14744
0.0596882
0.0627521
0.0772577
0.0606868
0.0323043
0.132387
0.155471
0.508833
0.245609
0.0342131
0.0381205
0.0590253
0.0268216
0.0221111
0.093118
0.32477
0.206319
0.0222191
0.00236057
0.0161034
0.0196897
0.0199578
0.0745036
0.454808
0.290077
0.0271731
0
0.00711565
0.0260992
0.0336218
0.0565665
0.354195
0.215508
0.0342167
0.0159296
0.055832
0.0740044
0.0682476
0.0438453
0.349272
0.370697
0.0337242
0.0193231
0.031034
0.0056461
0.00622503
0.0135829
0.211053
0.173169
0.0100934
0.00274601
0.00183275
0.00127047
0.00150302
0.00138358
0.352411
0.485134
0.0326178
0.011153
0.000458188
0.0093633
0.0176
0.0160137
0.180985
0.227693
0.00768063
0.00836236
0.00265276
0.00154724
0.00454849
0.00787625
0.485134
0.441946
0.0158975
0.00593987
0.000627575
0.000995555
0.00383316
0.00624218
0.279144
0.456612
0.0247602
0.00783864
0.00034021
0.00398222
0.0133425
0.0139974
0.268066
0.179126
0.01471
0.00431654
0.00136084
0.00732298
0.0351556
0.0183289
0.527478
0.3432
0.00750745
0.0054753
0.0035328
0.00941811
0.182411
0.17241
0.255934
0.15727
0.00211088
0.00307813
0.0092061
0.0062136
0.0112309
0.0105211
0.329766
0.155903
0.00213663
0.00047216
0.00438088
0.00767031
0.0114826
0.0133462
0.430772
0.415174
0.00269783
0.000392277
0.00600743
0.0169702
0.166547
0.180371
0.287691
0.139547
0.000308744
0.000981456
0.0127331
0.0365585
0.141794
0.105199
0.390578
0.311597
0.0708906
0.0299689
0.0567289
0.00162602
0.00243418
0.00497928
0.372719
0.531132
0.0137488
0.00252408
0.0012735
0.00126519
0.00756626
0.0105418
0.0810763
0.174927
0.041495
0.0316704
0.0308623
0.0133029
0.0424003
0.0309366
0.318197
0.473562
0.180538
0.0685829
0.0553006
0.00667496
0.0686765
0.102861
0.153926
0.208762
0.102412
0.038924
0.0329398
0.0757383
0.0483918
0.0346442
0.195193
0.224556
0.092715
0.0234472
0.0277169
0.219894
0.0628726
0.0264055
0.0744291
0.129783
0.0733218
0.0169764
0.145268
0.214824
0.0612153
0.0428887
0.140812
0.131423
0.16044
0.0968233
0.219027
0.506622
0.0246041
0.0163268
0.0470484
0.05129
0.0869645
0.0984082
0.534627
0.1449
0.0401557
0.0229428
0.0136094
0.00766384
0.0177622
0.0203705
0.144439
0.1692
0.0305967
0.0344517
0.073747
0.0342867
0.0194295
0.0116281
0.159747
0.405523
0.0137314
0.00502371
0.00281253
0.00266372
0.0132763
0.0266728
0.463702
0.482422
0.035962
0.00729329
0.0231321
0.0054642
0.0111813
0.00406584
0.478123
0.109351
0.00851123
0.0167281
0.0639275
0.0392753
0.0196695
0.0146008
0.154921
0.160597
0.0145378
0.0130224
0.068161
0.0580698
0.0188873
0.0225437
0.154776
0.424843
0.0315867
0.00306949
0.016803
0.00876704
0.0134848
0.0182954
0.459366
0.474483
0.0374071
0.0037067
0.0174272
0.014213
0.044034
0.033605
0.477263
0.160716
0.0329643
0.0314474
0.101874
0.139642
0.00996862
0.0114644
0.0695567
0.0869834
0.0426762
0.0308684
0.429921
0.320137
0.059623
0.0188479
0.020101
0.449774
0.0858779
0.0469812
0.024839
0.0429893
0.0420903
0.0170643
0.303813
0.31235
0.222664
0.129897
0.233072
0.15059
0.144472
0.06689
0.0925061
0.0597767
0.120038
0.0179249
0.2907
0.150822
0.0489398
0.0159614
0.0106524
0.066626
0.365478
0.184639
0.111775
0.0285622
0.00827589
0.00514693
0.0193725
0.154003
0.326788
0.113872
0.196374
0.0757075
0.107735
0.0590298
0.0368309
0.333938
0.512546
0.204669
0.100649
0.00475692
0.0231485
0.0274808
0.0585639
0.0483833
0.266465
0.203813
0.0803469
0.031492
0.00476153
0.00685602
0.0259983
0.0786946
0.182112
0.079805
0.0692776
0.15747
0.11685
0.0643658
0.0996817
0.239189
0.491793
0.204701
0.0463895
0.0357079
0.0322685
0.020997
0.0581542
0.0948726
0.315645
0.100224
0.182748
0.417969
0.179993
0.0860854
0.0971974
0.0200275
0.0347086
0.0126015
0.0465759
0.261017
0.195342
0.0675811
0.0593892
0.0267762
0.0378325
0.073282
0.110428
0.204186
0.0829748
0.0255982
0.0138374
0.0127416
0.0319129
0.0183005
0.251196
0.519114
0.19253
0.0608653
0.036937
0.0331145
0.0387279
0.111321
0.306879
0.512828
0.102869
0.0465255
0.0132568
0.13862
0.0553181
0.0485387
0.207236
0.0894973
0.0838051
0.0983674
0.227935
0.27311
0.0227678
0.0198074
0.0602301
0.0247136
0.0316121
0.111877
0.551116
0.0996787
0.0607939
0.0744014
0.374515
0.181429
0.0346393
0.048843
0.101508
0.213778
0.164964
0.0817361
0.131314
0.060921
0.0142874
0.0501133
0.308097
0.29192
0.0221374
0.0106594
0.00205592
0.00101647
0.0060914
0.0447152
0.42702
0.475912
0.101627
0.0467825
0.0262482
6.5284e-005
0.00512545
0.02909
0.272254
0.208258
0.150475
0.0743749
0.0608784
0.00688212
0.0272723
0.0687775
0.225053
0.275191
0.218953
0.243775
0.184094
0.0115261
0.0364414
0.0631814
0.109529
0.330399
0.101272
0.0466647
0.0145318
0.000920443
0.0147511
0.0168288
0.202565
0.316331
0.11382
0.0333543
0
0.00879938
0.0961333
0.0270128
0.305012
0.226817
0.281765
0.184244
0.0636024
0.0044763
0.0326902
0.0134354
0.0350094
0.350668
0.4866
0.16452
0.00318133
0.0119723
0.0756535
0.0183517
0.0838013
0.273676
0.132731
0.0560133
0.00257407
0.0110031
0.0633535
0.00890005
0.163467
0.269137
0.397586
0.166761
0.0738505
0.0163211
0.0365459
0.0171991
0.0395095
0.270139
0.352706
0.144549
0.0409491
0.0406863
0.0671094
0.0273931
0.117248
0.225748
0.390667
0.258815
0.131679
0.0902513
0.0742964
0.0696277
0.110986
0.177872
0.36178
0.100049
0.0609883
0.00559218
0.0186816
0.0142618
0.00824074
0.284025
0.432621
0.100998
0.0261323
0.00056295
0.00659341
0.0102415
0.0281041
0.236043
0.381778
0.109593
0.0451952
0.0396387
0.0284464
0.0488924
0.0884717
0.229624
0.432621
0.080099
0.0887954
0.076104
0.0237313
0.0624417
0.0899029
0.241137
0.408583
0.0758747
0.0589337
0.036342
0.0222725
0.00657199
0.058931
0.0720327
0.150991
0.0628659
0.293937
0.351372
0.125071
0.0168009
0.044367
0.127099
0.245438
0.0813517
0.213047
0.0814096
0.0364494
0.0511763
0.0719289
0.0620713
0.0645379
0.178593
0.460792
0.219802
0.092509
0.0139956
0.0405936
0.0070877
0.0112516
0.0267126
0.279493
0.439885
0.142566
0.0489162
0.00963875
0.00876151
0.00916802
0.0348187
0.180545
0.360235
0.186142
0.0918818
0.0213901
0.0124897
0.0157797
0.171478
0.279191
0.29847
0.150498
0.0396364
0.0123003
0.00893886
0.00594059
0.0815978
0.0850431
0.319554
0.311883
0.117544
0.0397994
0.0188926
0.0633051
0.0709943
0.341306
0.276043
0.0274136
0.0133795
0.0117633
0.0596475
0.297219
0.161565
0.143304
0.14095
0.0605727
0.0421888
0.0248126
0.0268557
0.0403103
0.110742
0.479279
0.2476
0.0649484
0.02147
0.0191652
0.0436481
0.125384
0.137349
0.172524
0.211119
0.259183
0.270775
0.10858
0.126613
0.231889
0.1183
0.0723631
0.064107
0.0690424
0.053183
0.0477796
0.214988
0.303363
0.263309
0.206041
0.0439523
0.0755079
0.0618823
0.0551575
0.0631021
0.0785273
0.089526
0.0649693
0.138036
0.2061
0.318245
0.145819
0.16521
0.147675
0.139856
0.283924
0.0929623
0.167717
0.391261
0.181249
0.138162
0.323916
0.176241
0.0640558
0.012832
0.0310798
0.0223495
0.00926158
0.298968
0.452609
0.141442
0.0218353
0.0212453
0.0169571
0.0178452
0.0199721
0.0748451
0.185409
0.115425
0.11554
0.0290039
0.100184
0.345776
0.0978184
0.177821
0.20672
0.105102
0.0485353
0.058147
0.11121
0.387778
0.132856
0.176139
0.325201
0.149229
0.105792
0.0950507
0.0683904
0.0362331
0.0714838
0.238599
0.157773
0.126461
0.142747
0.129315
0.10359
0.13476
0.184935
0.193764
0.153767
0.175699
0.104196
0.0996159
0.14036
0.160702
0.123812
0.427682
0.138023
0.140293
0.063093
0.0515345
0.0837274
0.117284
0.372162
0.249908
0.204268
0.0902075
0.0463298
0.0616705
0.0422159
0.10161
0.195831
0.177972
0.191675
0.0945728
0.142008
0.17136
0.0590566
0.113694
0.135741
0.327227
0.114735
0.0875877
0.0452896
0.0235666
0.0121017
0.0687687
0.378401
0.321617
0.313811
0.271786
0.111285
0.0920206
0.0270361
0.0646158
0.196343
0.0747012
0.055078
0.0539727
0.258188
0.115745
0.0554485
0.0893319
0.0491972
0.0248925
0.0165437
0.110643
0.523564
0.169994
0.0560919
0.0265275
0.0187038
0.22617
0.175216
0.0966058
0.271508
0.117801
0.0421264
0.0820092
0.0336384
0.0562065
0.01589
0.0383132
0.523564
0.229083
0.0340165
0.0427999
0.00616182
0.00388241
0.00760354
0.105134
0.314257
0.225983
0.0678303
0.00419018
0.0124807
0.00834533
0.00877686
0.0879858
0.111487
0.231458
0.182466
0.144371
0.0748848
0.0147604
0.00723484
0.0540211
0.46409
0.259776
0.0373611
0.000399129
0.00750202
0.025307
0.0158909
0.0797082
0.206902
0.489466
0.24517
0.11356
0.0463829
0.071267
0.0116403
0.0398345
0.293627
0.148803
0.0436109
0.0476559
0.0635151
0.168135
0.0136966
0.0199643
0.0699446
0.0774212
0.123987
0.171162
0.252108
0.130952
0.0270363
0.00804234
0.162879
0.164669
0.0410612
0.192562
0.246831
0.399242
0.0247304
0.00444025
0.017658
0.02824
0.0261736
0.214842
0.543839
0.102165
0.00318418
0.0080002
0.0121791
0.0258623
0.104999
0.222077
0.225261
0.133455
0.0231084
0.0318851
0.0888968
0.0297327
0.0760439
0.31954
0.239724
0.361599
0.040803
0.00307537
6.74294e-005
0
0.015998
0.0716804
0.36154
0.407285
0.085418
0.0411599
0.0285233
0.00698733
0.0220889
0.0920517
0.427445
0.0424485
0.024913
0.0246044
0.0593079
0.0171977
0.0919621
0.348065
0.134175
0.0323837
0.0237382
0.0162531
0.018097
0.0263073
0.162156
0.467132
0.164271
0.155142
0.0486406
0.0300713
0.0366506
0.00969348
0.0656939
0.129322
0.31649
0.0950265
0.0168798
0.00721074
0.00954969
0.0119864
0.173077
0.467132
0.342407
0.0616786
0.0312345
0.0493622
0.01352
0.0261169
0.0960569
0.39201
0.112812
0.110087
0.0471324
0.0602877
0.0167879
0.0148104
0.0366676
0.273094
0.171782
0.0466562
0.00321361
0.00131493
0.000582429
0.0150591
0.160309
0.49323
0.17487
0.0251444
0.0105142
0.00304182
0.0165449
0.0283153
0.278701
0.49323
0.13755
0.0694792
0.0319406
0.0734904
0.0866371
0.0584411
0.0301099
0.0784304
0.145366
0.114696
0.261827
0.301603
0.139481
0.110474
0.0891209
0.037777
0.0640275
0.00442639
0.0103043
0.0371697
0.103377
0.112421
0.261429
0.36064
0.126255
0.0170569
0.103849
0.151945
0.210231
0.211639
0.360308
0.414195
0.154813
0.12398
0.177758
0.128262
0.215867
0.141842
0.0448788
0.043937
0.00855725
0.031589
0.0130187
0.0322593
0.473812
0.17713
0.01657
0.0210262
0.00185878
0.0366921
0.0695268
0.0710893
0.374366
0.152666
0.118211
0.274362
0.0901292
0.0180102
0.00636112
0.043221
0.473812
0.245215
0.00881901
0.0284525
0.0203198
0.0256939
0.0209596
0.075279
0.419776
0.144432
0.0217558
0.0108029
0.000884259
0.0499027
0.0312724
0.0611164
0.141764
0.444912
0.220026
0.145117
0.0203223
0.0104676
0.0238382
0.115512
0.451587
0.144814
0.0301135
0.0501238
0.0206759
0.104901
0.0316124
0.139637
0.113627
0.121027
0.188449
0.278465
0.178859
0.0865128
0.0421215
0.00789961
0.154144
0.179712
0.0171569
0.174242
0.185581
0.293525
0.0311222
0.00291414
0.0105452
0.0181345
0.0181716
0.257077
0.408649
0.073172
0.0422208
0.0274519
0.480058
0.254092
0.0203724
0.0592535
0.0928927
0.221258
0.041992
0.0193454
0.0748443
0.046479
0.0363711
0.138128
0.31446
0.397015
0.105452
0.0134873
0.000325022
0.000991865
0.0122135
0.0758471
0.335946
0.410152
0.18503
0.0681772
0.0140494
0.0159875
0.012617
0.0145848
0.414441
0.196174
0.0631911
0.0615992
0.0246575
0.0422182
0.064618
0.108393
0.265169
0.132364
0.125155
0.159354
0.116972
0.153
0.0618845
0.0436377
0.188305
0.271023
0.0923668
0.0494272
0.0251625
0.0239737
0.0201817
0.0377515
0.413048
0.215777
0.0317127
0.0191462
0.0273351
0.109871
0.225248
0.24354
0.413417
0.139528
0.0651818
0.0832545
0.134712
0.194024
0.0263424
0.0114772
0.113805
0.110295
0.0185116
0.0329254
0.215507
0.357871
0.191639
0.070315
0.0906813
0.0644592
0
0.00179781
0.0244164
0.112476
0.22229
0.262425
0.102974
0.0423415
0.0245295
0.0233075
0.0552528
0.0919369
0.37114
0.43321
0.085313
0.0191396
0
0.0173775
0.205515
0.299241
0.140425
0.0484325
0.0179714
0.0182602
0.0379488
0.0711114
0.43012
0.254414
0.169342
0.116508
0.0838895
0.0126142
0.0161607
0.0167205
0.0358689
0.0448625
0.242825
0.283327
0.141059
0.0155835
0.00731368
0.00618056
0.0556105
0.0666068
0.243869
0.448147
0.23891
0.0144896
0.0249495
0.0320157
0.143548
0.055894
0.193365
0.258245
0.150742
0.0125314
0.00249527
0.0118447
0.0123628
0.0690366
0.258182
0.444493
0.213206
0.0349035
0.0153238
0.0349612
0.207853
0.0565556
0.107052
0.360954
0.176026
0.0226562
0.0178496
0.0708137
0.473628
0.219427
0.014544
0.055525
0.0552531
0.0260307
0.0537983
0.08808
0.0839818
0.0691452
0.15442
0.252397
0.201548
0.0376737
0.0818471
0.126083
0.473628
0.159683
0.0701831
0.0921276
0.0902027
0.00833914
0.0109818
0.0952814
0.435442
0.181801
0.0251412
0.0435272
0.0468194
0.117545
0.0204782
0.120691
0.125118
0.0323076
0.0875573
0.197244
0.241138
0.016721
0.0242929
0.072354
0.603124
0.203271
0.088002
0.0439786
0.0500029
0.0744087
0.0239936
0.156582
0.155061
0.0705369
0.114029
0.176264
0.159498
0.0323646
0.0422974
0.063464
0.537701
0.323384
0.0460713
0.004522
0.0234123
0.122949
0.0697966
0.0415031
0.0851156
0.0824607
0.0467854
0.0320552
0.10757
0.0179193
0.0329275
0.194108
0.507407
0.371287
0.0251489
0.0102151
0.00996289
0.0579272
0.0591617
0.0966857
0.111574
0.0871506
0.0346149
0.0411886
0.0466534
0.121392
0.0888428
0.173997
0.067294
0.109234
0.0816809
0.102222
0.126998
0.0351482
0.194675
0.322599
0.200606
0.29992
0.115506
0.0891844
0.0574249
0.0525508
0.0754694
0.184528
0.156702
0.140416
0.122498
0.11259
0.0501864
0.0242881
0.202403
0.394065
0.236834
0.169604
0.140521
0.251066
0.0970279
0.0816405
0.091772
0.0947099
0.143783
0.223754
0.0645705
0.0171466
0.0743511
0.127339
0.0236354
0.0495898
0.319013
0.40254
0.106889
0.0350048
0.104279
0.108295
0.121463
0.106363
0.12192
0.118754
0.0709803
0.0979128
0.202621
0.217761
0.0615229
0.0297015
0.329406
0.387779
0.0997725
0.0741016
0.240351
0.0105055
0.00135901
0.0123506
0.229133
0.234886
0.0197456
0.0098509
0.00805636
0.00119258
0.00870334
0.0222169
0.443586
0.28958
0.0270094
0.0248764
0.0315101
0.023981
0.00543605
0.00540047
0.255753
0.307754
0.0147095
0.0147943
0.0167174
0.00146911
0.00593286
0.00490755
0.448358
0.448358
0.00722946
0.00198358
0.00146911
0.00390292
0.0154179
0.0180515
0.254749
0.154363
0.138526
0.183561
0.0849021
0.0094411
0.0114457
0.0747421
0.161252
0.143514
0.209889
0.266075
0.111118
0.00325338
0.0200552
0.0178609
0.382494
0.258118
0.0344217
0.0228329
0.00325338
0.0193603
0.0264647
0.109318
0.579403
0.187705
0.113296
0.0394033
0.0130786
0.0518866
0.0472086
0.115007
0.138091
0.120664
0.19472
0.191764
0.159077
0.0858244
0.0729712
0.122696
0.462146
0.0774856
0.165889
0.198406
0.168561
0.0719731
0.0532434
0.0865647
0.448774
0.20029
0.207267
0.0562968
0.0963809
0.0970778
0.0594506
0.0439419
0.165243
0.0999348
0.137049
0.114466
0.21502
0.0397966
0.075149
0.171212
0.639614
0.131286
0.113958
0.0701163
0.120956
0.0860683
0.0585074
0.271512
0.208626
0.122557
0.132752
0.093558
0.162225
0.076188
0.0892026
0.106283
0.198127
0.0372711
0.046269
0.0623027
0.232135
0.109224
0.092108
0.146965
0.0863511
0.0613588
0.0582715
0.0340397
0.195494