0.178228
0.330454
0.220579
0.054686
0.0118224
0.0929556
0.145268
0.0920987
0.2078
0.317007
0.167189
0.0620966
0.072963
0.0437703
0.0312145
0.275375
0.245357
0.176184
0.0767683
0.0357665
0.00913651
0.0689145
0.102916
0.227563
0.329664
0.0891826
0.0128868
0.0119996
0.0190829
0.0114886
0.0303809
0.427986
0.13057
0.0809252
0.102415
0.195049
0.101639
0.0646856
0.0406425
0.217472
0.10212
0.0935444
0.152516
0.446097
0.1794
0.092868
0.037482
0.0532752
0.223218
0.0601195
0.0480061
0.0720386
0.0277938
0.00820358
0.0152573
0.446097
0.171691
0.117004
0.120012
0.366592
0.16647
0.169802
0.0370542
0.151373
0.0541382
0.0677499
0.142558
0.324122
0.135622
0.0739012
0.0609649
0.0305304
0.0382442
0.0423183
0.159762
0.372981
0.208614
0.0961636
0.128649
0.0408774
0.0715352
0.0649758
0.117987
0.372796
0.164313
0.230814
0.0682394
0.0128666
0.0540738
0.0900111
0.169413
0.4191
0.239698
0.167692
0.0950878
0.0304053
0.0372925
0.0541279
0.125539
0.26051
0.102706
0.124576
0.0950195
0.0290094
0.0850843
0.0683773
0.275165
0.363074
0.011285
0.124961
0.100974
0.10083
0.0296242
0.167308
0.22689
0.261121
0.120582
0.104727
0.11516
0.0923401
0.210447
0.170648
0.442969
0.199837
0.078119
0.132679
0.10339
0.192253
0.121363
0.0168245
0.103183
0.0870831
0.00079241
0.0462954
0.0758359
0.210289
0.239158
0.0161912
0.0100981
0
0.00118862
0.00754672
0.0653949
0.386796
0.194541
0.123258
0.190555
0.0687657
0.0656132
0.0490156
0.0702304
0.266571
0.3851
0.329028
0.236653
0.00863182
0.0309094
0.00827152
0.128275
0.396239
0.211431
0.0555707
0.0610097
0.00591162
0.000145341
0.000423384
0.0226987
0.230951
0.180755
0.0720817
0.192328
0.0290525
0.00230187
0.0843612
0.0302623
0.24747
0.380879
0.273332
0.228262
0.0113315
0.00640669
0
0.0499059
0.260324
0.35692
0.165819
0.319862
0.121404
0.0924859
0.0707516
0.0265428
0.288751
0.152985
0.0575361
0.187327
0.0326182
0.0371089
0.176537
0.0812729
0.266383
0.232391
0.0704791
0.0757689
0.0148832
0.0540138
0.136563
0.0747812
0.184195
0.18949
0.131752
0.335312
0.226808
0.203494
0.221474
0.0649364
0.227694
0.2112
0.185553
0.179686
0.11269
0.130453
0.267471
0.158226
0.234771
0.0838348
0.0947938
0.0548459
0.00883252
0.00648892
0.0174426
0.0205911
0.109456
0.118275
0.0549869
0.0177294
0.00605144
0.00383698
0.00109754
0.0129845
0.223876
0.408324
0.0256204
0.0207443
0.00493186
0.0108147
0.00468404
0.00407934
0.54169
0.394265
0.133158
0.043054
0.00819824
0.0292061
0.0351096
0.0591922
0.452698
0.0645098
0.0497584
0.0237663
0.0113796
0.00376174
0
0.00389773
0.156158
0.0613185
0.114584
0.140717
0.256568
0.160694
0.0797572
0.00989402
0.0611176
0.223199
0.321628
0.0715076
0.00483819
0.00679357
0.0143796
0.0297249
0.121951
0.406345
0.476954
0.345835
0.251189
0.090933
0.0158564
0.00119265
0.156088
0.0376225
0.0698777
0.117954
0.180363
0.138608
0.131233
0.0292396
0.0147748
0.0847389
0.146206
0.166389
0.217037
0.122262
0.162455
0.05559
0.0826919
0.23549
0.246641
0.262386
0.143848
0.110129
0.0489284
0.0254958
0.156267
0.390196
0.390196
0.265774
0.0506635
0.0688591
0.0856024
0.0603281
0.278676
0.0716824
0.150342
0.155551
0.0973339
0.0637202
0.0607078
0.034622
0.0949749
0.20089
0.143042
0.293147
0.0540347
0.0674848
0.0710466
0.0189194
0.135275
0.315613
0.364276
0.212513
0.0312523
0.0303035
0.0291112
0.022148
0.182559
0.364276
0.364276
0.26968
0.0292528
0.0423994
0.0414987
0.00692554
0.223651
0.212238
0.157988
0.171994
0.0398166
0.0386259
0.0236209
0.0123911
0.105515
0.351761
0.351761
0.142495
0.00844267
0.0137075
0.00358163
0.0278744
0.152231
0.351761
0.351761
0.123649
0.0141001
0.0101045
0.0175162
0.000934828
0.126469
0.351761
0.351761
0.0884611
0.0168997
0.00629196
0
0
0.153744
0.360267
0.308112
0.0923301
0.0441709
0.033532
0
0.0110886
0.145112
0.204385
0.103161
0.104875
0.250201
0.205415
0.0053376
0.0051875
0.16645
0.274912
0.24862
0.0620479
0.22034
0.117641
0
0
0.138249
0.0818397
0.0549232
0.138105
0.366742
0.342708
0.000605604
0
0.0819028
0.0651976
0.0422525
0.147541
0.345697
0.29196
0.0318394
0.0087655
0.081379
0.0836515
0.059075
0.116648
0.176979
0.130141
0.0651704
0.130138
0.167716
0.0111232
0.0255197
0.206391
0.406936
0.406936
0.0253056
0.00914762
0.0404533
0.0735405
0.0148899
0.125799
0.265368
0.255067
0.0420479
0.0972355
0.229582
0.279888
0.07943
0.0427016
0.0281235
0.0116668
0.0302123
0.00577938
0.361154
0.270751
0.119478
0.134401
0.0458468
0.0387887
0.0699731
0.0878565
0.3489
0.139916
0.186474
0.200341
0.150516
0.0134127
0.079506
0.0401367
0.206228
0.148644
0.141937
0.271353
0.19326
0.0379647
0.259531
0.259582
0.211312
0.246236
0.19725
0.121875
0.0130434
0.0108249
0.0265491
0.0526492
0.142633
0.357555
0.357555
0.172559
0.0370407
0.00547252
0.00108424
0.00222836
0.161221
0.17714
0.105751
0.150192
0.0792442
0.0605175
0.154565
0.186621
0.119708
0.309011
0.357555
0.153815
0.0637171
0.0662014
0.186385
0.233608
0.142611
0.303545
0.317041
0.127988
0.0299441
0.0141628
0.00327413
0.00803384
0.132279
0.34444
0.34444
0.123088
0.0448597
0.0193314
0.00218275
0.0313614
0.168915
0.280217
0.318849
0.0616287
0.0177349
0.0118264
0.0737608
0.143587
0.0962883
0.276141
0.320189
0.100988
0.165617
0.0477023
0.0390647
0.0405959
0.110418
0.237284
0.303065
0.166256
0.119306
0.0426654
0.000590846
0.0356219
0.119316
0.260397
0.343384
0.171426
0.125066
0.0902266
0.0752598
0.0185624
0.122206
0.182916
0.183066
0.164221
0.282819
0.0957581
0.0665877
0.0259239
0.170229
0.197146
0.206414
0.176435
0.26403
0.127016
0.0886181
0.0416371
0.271215
0.290834
0.332067
0.0943605
0.040263
0.0290347
0.0668892
0.0236005
0.0981572
0.355877
0.310779
0.156896
0.0765112
0.0167617
0.0200253
0.0164038
0.128541
0.169791
0.242922
0.125927
0.111864
0.0925761
0.143556
0.100897
0.152552
0.274703
0.206536
0.140555
0.10234
0.0838829
0.198917
0.224968
0.219682
0.182145
0.0856524
0.10251
0.293366
0.107089
0.00241917
0.000898682
0.0719456
0.0317781
0.0274954
0.125952
0.399431
0.266822
0
0
0.017309
0.139815
0.0385304
0.150829
0.365382
0.118731
0.0408158
0.0864651
0.12305
0.0154959
0.0351221
0.22388
0.399431
0.361915
0.00406522
0.00682174
0.0141124
0.00552595
0.0720315
0.249888
0.446922
0.264639
0.0420477
0.0268196
0.0418892
0.0725158
0.0378438
0.111689
0.141167
0.144651
0.0651024
0.0738671
0.278266
0.0159502
0.0883336
0.233837
0.446922
0.358201
0.0239452
0.0222618
0.0342755
0.0789523
0.0637995
0.0860018
0.137838
0.084576
0.0420661
0.0545371
0.159252
0.0633215
0.153482
0.22996
0.14128
0.0189419
0.089536
0.108016
0.0673311
0.0494556
0.0802766
0.14188
0.144656
0.0747047
0.503945
0.516164
0.125734
0.0768131
0.0619693
0.0764013
0.0407543
0.0409498
0.0219495
0.0562179
0.0273087
0.0882626
0.158186
0.124235
0.0986172
0.08707
0.193429
0.311338
0.0956071
0.0248899
0.0218629
0.0285641
0.0380971
0.0630572
0.253891
0.309705
0.0573426
0.0590573
0.0758246
0.0353462
0.0383127
0.0614936
0.333918
0.4085
0.0926497
0.03035
0.0820597
0.0710613
0.0272238
0.0658161
0.212845
0.262981
0.0635714
0.021122
0.0226052
0.0275406
0.00349386
0.0698022
0.4085
0.4085
0.0961386
0.0583157
0.0533658
0.0118172
0.025669
0.0209561
0.175055
0.405023
0.0605013
0.12518
0.133283
0.0767762
0.136609
0.0658199
0.150174
0.211391
0.070254
0.0118463
0.000485671
0.000335655
0.0112609
0.0277237
0.337059
0.405023
0.0915431
0.0650529
0.0498309
0.0288214
0.050624
0.0530999
0.374517
0.405023
0.123587
0.180381
0.210367
0.184064
0.161319
0.0620093
0.12498
0.0483815
0.255719
0.226548
0.116145
0.125929
0.115567
0.0523832
0.0497492
0.0852922
0.419855
0.107131
0.111375
0.0760143
0.0351197
0.0218248
0.262684
0.419855
0.177859
0.12124
0.0836558
0.0648789
0.0491615
0.0377093
0.0864131
0.2284
0.23259
0.178911
0.0640945
0.0801834
0.0616121
0.074339
0.0922931
0.158065
0.214029
0.22905
0.146704
0.120211
0.0849292
0.102065
0.174703
0.255485
0.225961
0.105419
0.197188
0.240103
0.0705249
0.0599231
0.0836599
0.128184
0.103318
0.194738
0.385981
0.385981
0.226451
0.0965295
0.0651146
0.127984
0.101281
0.0686356
0.0531494
0.0946249
0.307446
0.126287
0.04306
0.104495
0.104777
0.00474851
0.00610157
0.115862
0.399992
0.294313
0.0211371
0.0140691
0.00991558
0.0604732
0.155734
0.159627
0.399992
0.191172
0.0084722
0.0618627
0.0372906
0.00177662
0.0446192
0.139318
0.399992
0.332057
0.0419
0.0143133
0.00281096
0.0171249
0.0222039
0.0882241
0.46704
0.393189
0.0684803
0.0102081
0.0431175
0.102137
0.0371555
0.0358408
0.0873528
0.103541
0.0431562
0.0519889
0.154833
0.00774877
0.0580936
0.141856
0.437697
0.352016
0.135253
0.00922912
0.0659295
0.0654177
0.0548279
0.0213575
0.0711884
0.11571
0.111118
0.124212
0.30026
0.04897
0.0518996
0.0739663
0.096183
0.0801779
0.0441544
0.0453612
0.0313604
0.183084
0.265938
0.300226
0.197718
0.0911644
0.0518284
0.0776722
0.0710616
0.0604078
0.0920957
0.171582
0.13087
0.120161
0.167597
0.118398
0.0195959
0.225329
0.282276
0.505472
0.294695
0.238788
0.0748968
0.0631845
0.0182711
0.115188
0.14801
0.177475
0.0624629
0.0869452
0.158699
0.165475
0.0650621
0.0634125
0.0352118
0.0732891
0.031333
0.0942215
0.478278
0.50103
0.109503
0.110987
0.0941368
0.172725
0.100779
0.146834
0.109621
0.107188
0.0362111
0.0521241
0.0664905
0.0987188
0.0973625
0.0935675
0.229602
0.317807
0.0833205
0.0154818
0.00430955
0.0188404
0.0147381
0.0237505
0.276458
0.378746
0.0594501
0.00934985
0.00360165
0.00460934
0.00815602
0.0150622
0.401494
0.401494
0.102699
0.0182818
0.0407577
0.0643041
0.0488334
0.0193384
0.154896
0.195606
0.0370605
0.0150935
0.0226428
0.0301287
0.0309171
0.00400046
0.401494
0.401494
0.0675105
0.00775411
0.00386046
0.00112101
0.000996597
0.00115982
0.214517
0.387436
0.0692353
0.00543668
0.0211934
0.0233316
0.0459715
0.0529201
0.168575
0.387436
0.0481344
0.00312594
0.00131492
0.00374814
0.00299207
0
0.332323
0.387436
0.0591873
0.000431559
0.00179053
0.00985503
0.0189317
0.0372519
0.387436
0.387436
0.0878209
0.0176866
0.100514
0.122724
0.0736323
0.0839869
0.166528
0.218063
0.0116792
0.037598
0.16092
0.236073
0.174075
0.0940695
0.121506
0.106692
0.00481614
0.0034694
0.00593343
0.0155394
0.0298234
0.0584824
0.385033
0.385033
0.0590462
0.0993768
0.0107122
0.0982439
0.254098
0.0996908
0.385033
0.385033
0.0700135
0.0116231
0.0827315
0.224586
0.328063
0.156132
0.0106422
0.018624
0.00256658
0
0.0829284
0.228362
0.37287
0.262009
0.0171632
0.0023249
0.000362405
0.0665669
0.0219043
0.188975
0.37287
0.162318
0.0720351
0.0939641
0.0278398
0
0.037592
0.165509
0.37287
0.338284
0.0542983
0.0121357
0
0.00276818
0.0846884
0.223791
0.332917
0.277936
0.0784828
0.00436668
0.0153338
0.0143085
0.0322542
0.0546287
0.136349
0.128318
0.0999053
0.0694098
0.0898217
0.00155613
0.0351778
0.152935
0.49471
0.471969
0.0946292
0.017802
0
0.0113399
0.0391021
0.124851
0.279609
0.197859
0.0328163
0.0132717
0.00296829
0.075617
0.132383
0.140652
0.145878
0.0598271
0.120449
0.104871
0.0553409
0.105343
0.237072
0.370272
0.295957
0.221333
0.0963813
0.0555625
0.0335714
0.0944773
0.196378
0.0945037
0.260941
0.0627834
0.0363886
0.0665344
0.189852
0.110215
0.235995
0.192523
0.332246
0.11025
0.0796847
0.135751
0.235284
0.0774577
0.0985591
0.173502
0.191571
0.235419
0.133183
0.0879714
0.0835101
0.0381477
0.0899374
0.0844722
0.119542
0.154338
0.344907
0.389359
0.173655
0.107201
0.094282
0.106963
0.203117
0.166229
0.136405
0.200578
0.122131
0.0626624
0.0418331
0.0811119
0.134281
0.248294
0.208595
0.227821
0.145093
0.0497479
0.090029
0.0792374
0.0685704
0.0730114
0.217761
0.29465
0.141232
0.110358
0.0765631
0.0723486
0.0560711
0.0240214
0.38415
0.540986
0.150556
0.0728036
0.0146071
0.0380216
0.0693901
0.197958
0.193983
0.161865
0.109929
0.185665
0.0356257
0.060529
0.0970638
0.154025
0.138843
0.164388
0.122819
0.017665
0.00471896
0.0187517
0.00839658
0.00350725
0.314515
0.372032
0.0484096
0.00174441
0.00227932
0.0367935
0.00469918
0.00785524
0.465418
0.465418
0.0914999
0.0419264
0.0167852
0.0272551
0.0296136
0.0212208
0.066816
0.0938931
0.0380588
0.0178432
0.00994803
0.0451045
0.0326255
0.0455484
0.338274
0.360655
0.0397994
0
0.000368246
0.00633196
0.000525466
0.00644989
0.312507
0.371831
0.0561111
0.0931384
0
0.0400904
0.126575
0.0440395
0.291383
0.371831
0.109551
0.00182889
0.000690488
0.0107753
0.0102587
0.0410249
0.278428
0.318609
0.0294014
0.0459239
0
0.0227958
0.0348214
0.0357757
0.35419
0.371831
0.0998503
0.100504
0.00375205
0.1075
0.37196
0.141676
0.0869431
0.205315
0.0806773
0.00910556
0.0200497
0.141484
0.37196
0.2084
0.0828426
0.0301823
0.00877364
0.081507
0.0226871
0.0981837
0.223363
0.124152
0.161417
0.362146
0.114424
0.0195816
0.0572485
0.263158
0.37196
0.216777
0.0588334
0.0418428
0.0286116
0.00102124
0.0177429
0.10639
0.415865
0.304905
0.114281
0.0415754
0.00262801
0.00878007
0.0263288
0.0625125
0.286532
0.196376
0.0208958
0.0312407
0.0121884
0.00890145
0.0334647
0.198034
0.450008
0.275064
0.0471316
0.0213329
0.0068888
0.0359061
0.00525374
0.0346417
0.367469
0.260606
0.0214828
0.0230713
0.0334829
0.169432
0.254043
0.100838
0.153625
0.082021
0.0270218
0.0600375
0.202824
0.229372
0.227243
0.117119
0.156952
0.105407
0.0392463
0.108967
0.277525
0.204961
0.294333
0.313246
0.10452
0.108929
0.0658127
0.055311
0.145596
0.229621
0.183027
0.127879
0.0691397
0.223262
0.0791656
0.118786
0.202112
0.206029
0.13058
0.0954061
0.182164
0.172913
0.090069
0.186379
0.149464
0.0862475
0.111449
0.104553
0.153924
0.191522
0.146545
0.194664
0.107418
0.276081
0.159012
0.125156
0.0968365
0.164169
0.119229
0.192565
0.20076
0.271289
0.140387
0.190097
0.148365
0.096855
0.176021
0.197349
0.238802
0.0631187
0.0508002
0.0838482
0.144133
0.131379
0.118814
0.10449
0.0626
0.198453
0.0452018
0.0964023
0.196727
0.14372
0.20389
0.0913862
0.106158
0.159429
0.0690023
0.0922687
0.202167
0.0532529
0.174402
0.116049
0.198036
0.443845
0.0802133
0.162558
0.291129
0.0714505
0.272695
0.0951005
0.316308
0.128628
0.0539867
0.0489731
0.0717088
0.0960779
0.17876
0.0487361
0.101726
0.0605861
0.0378035
0.129389
0.105012
0.166048
0.267062
0.232032
0.0616928
0.437316
0.062077
0.0795694
0.0977514
0.131125
0.204206
0.092552
0.241854
0.331652
0.036599
0.117964
0.112781
0.177704
0.159952
0.134607
0.298453
0.00531859
0.00231313
0.0556186
0.0510855
0.101616
0.270501
0.209789
0.0136844
0.0195857
0.000262477
0.0209678
0.0418872
0.0695141
0.535427
0.535427
0.0942854
0.100204
0.00788421
0.0715082
0.0698166
0.0745782
0.0728167
0.0537614
0.0957735
0.17082
0.00671515
0.0279426
0.0561154
0.074747
0.201937
0.269169
0.170555
0.0308821
0.10101
0.0436383
0.164996
0.0705195
0.313496
0.45514
0.124149
0.0156379
0.19341
0.148426
0.384447
0.205728
0.149256
0.15175
0.0676715
0.09281
0.0814254
0.01815
0.0626811
0.0216324
0.166542
0.266043
0.204884
0.0644211
0.190098
0.0343904
0.137488
0.073533
0.113115
0.167143
0.149116
0.0141823
0.0768584
0.126653
0.527317
0.302382
0.0557928
0.031522
0.0142536
0.0522777
0.0132158
0.0530958
0.366373
0.233972
0.0247849
0.0246989
0.0589795
0.0357623
0.0976779
0.103887
0.367799
0.19785
0.0490301
0.0710667
0.0438368
0.0793034
0.0455656
0.10358
0.279928
0.1507
0.0197827
0.0386711
0.0874485