0.0334541
0.044094
0.0541353
0.381319
0.204675
0.0303939
0.0332772
0.0469908
0.0315384
0.0648802
0.0701008
0.257052
0.112625
0.0698304
0.0779843
0.0725554
0.00796262
0.0132954
0.019401
0.494726
0.36533
0.0119244
0.0110204
0.0109059
0.00728322
0.00886362
0.00898934
0.42048
0.299233
0.0394828
0.029122
0.0180954
0.0251329
0.0299606
0.0750905
0.487233
0.101386
0.0324845
0.0390584
0.0526183
0.141459
0.0220424
0.0611328
0.253357
0.0346339
0.0166737
0.0358492
0.239848
0.00306632
0.00436342
0.0159021
0.589468
0.284137
0.0222091
0.0140056
0.00551687
0.0110709
0.0126095
0.047247
0.293406
0.119639
0.0179322
0.0173401
0.0164657
0.256085
0.0469941
0.0528422
0.062456
0.0560244
0.0514504
0.123635
0.50209
0.304457
0.298511
0.0564631
0.106718
0.111366
0.0722714
0.120301
0.257025
0.0116785
0.0183461
0.0841279
0.18267
0.198269
0.0396757
0.034831
0.0423148
0.0431
0.053045
0.10165
0.265594
0.295016
0.0701535
0.0280479
0.0238711
0.152257
0.162266
0.0532744
0.07021
0.0468499
0.0524042
0.10119
0.127002
0.0430734
0.0319188
0.0264859
0.207234
0.392981
0.176373
0.193672
0.167222
0.0248143
0.038059
0.08766
0.147647
0.117791
0.0657679
0.0350538
0.0186683
0
0.0114699
0.0464017
0.410521
0.529448
0.150115
0.0591858
0.026739
0.00196233
0.000299059
0.00150012
0.24461
0.29081
0.0465772
0.0212408
0.0138552
0.000532209
0.00181907
0.019826
0.402834
0.297142
0.0141332
0.000899138
0
0
0
0
0.356168
0.34074
0.0537662
0.00515011
0.00175238
0.0514898
0.0464346
0.0159685
0.46121
0.300514
0.045344
0.000975157
0
0.00116722
0.00398952
0.024194
0.260578
0.177487
0.0265344
0.00424322
0
0.000291805
0.00219183
0.0269541
0.50044
0.260984
0.0229554
0.00282882
0
0.101643
0.234783
0.0757982
0.298864
0.140021
0.0226745
0.00417798
0
0.0902516
0.268157
0.271412
0.381072
0.203908
0.0246897
0.0216476
0.0245959
0
0.000585814
0.0166696
0.340838
0.22603
0.0015073
0
0
0
0
0.0031872
0.344895
0.372085
0
0
0
0.0238234
0.0325304
0.112349
0.273109
0.260562
0.0337723
0.0205883
0.0159549
0
0
0.0127488
0.394637
0.462066
0.0171983
0.00514709
0.00176691
0.00836068
0.001358
0.0151915
0.43202
0.309845
0.00368193
0.009723
0.00433766
0.012541
0.000905333
0.0235369
0.292917
0.271208
0.00614354
0.0127725
0.00650649
0.0298666
0.0186695
0.0371296
0.480301
0.382007
0.00414526
0.0233571
0.0287088
0.0558568
0.0524632
0.10953
0.23234
0.234306
0.0168433
0.0277877
0.0270553
0.0230538
0.0114172
0.00964995
0.338148
0.306889
0.0190392
0.0251171
0.0160247
0.115407
0.038278
0.0111418
0.137711
0.124748
0.0261072
0.0386483
0.080041
0.173114
0.0492745
0.0544677
0.177715
0.268065
0.0462857
0.0856684
0.0940366
0.517484
0.0503152
0.00632991
0.0353353
0.0885478
0.0406788
0.126187
0.470481
0.101475
0.0395752
0.0124272
0.0599756
0.0602478
0.00833868
0.00999263
0.0649306
0.0920839
0.0299741
0.0296434
0.0808102
0.079551
0.0143565
0.0223279
0.116339
0.437355
0.0495682
0.00196873
0.0187305
0.016936
0.00417304
0.0258398
0.415243
0.482505
0.0420541
0.00783847
0.0248554
0.0252267
0.0422137
0.0356891
0.527584
0.0766557
0.0136929
0.0294594
0.0479912
0.0403054
0.0159555
0.0156528
0.118922
0.141315
0.0263801
0.0195011
0.129331
0.199582
0.0418746
0.0107009
0.0626997
0.388165
0.0663528
0.0111307
0.0129852
0.0107456
0.0385152
0.024061
0.484933
0.512246
0.265949
0.0899922
0.0398301
0.0795979
0.0402391
0.050527
0.300707
0.0468345
0.020604
0.014446
0.246882
0.28094
0.0475982
0.0195707
0.0113391
0.120793
0.150796
0.063534
0.363032
0.226074
0.0776484
0.0420185
0.00716465
0.219091
0.286624
0.124283
0.0849849
0.130884
0.0429383
0.0682341
0.0472764
0.236633
0.506446
0.20272
0.143886
0.101054
0.05467
0.0780052
0.0120584
0.140974
0.290583
0.0994477
0.11145
0.0417487
0.0207515
0.0123082
0.00491866
0.156948
0.29145
0.148893
0.0650679
0.0913691
0.0425747
0.0433233
0.0387375
0.246458
0.489508
0.126388
0.059522
0.0242854
0.0127562
0.0395621
0.0302886
0.26161
0.365036
0.0463588
0.157098
0.296428
0.0354163
0.156312
0.0892683
0.0564672
0.0466614
0.0516798
0.105036
0.266155
0.0712993
0.0396151
0.0252575
0
0
0.00356058
0.258336
0.395409
0.0300142
0.00712007
0.0024442
0.0627022
0.0373936
0.004522
0.245482
0.464185
0.045179
0.0697812
0.0263414
0.0007738
6.52603e-005
0
0.3585
0.464185
0.0135887
0.00230001
0.000611051
0.0228577
0.0188942
0.0131276
0.4376
0.317762
0.00926482
0.0155019
0.0175103
0.0417584
0.0543428
0.0621459
0.161022
0.176107
0.0290938
0.0209794
0.015459
0.0103179
0.00699842
0.00952565
0.492063
0.401472
0.0054881
0.00641237
0.00638981
0.0207606
0.0206154
0.0455048
0.313181
0.290007
0.0314512
0.0141603
0.0159547
0.121596
0.0692097
0.0577725
0.0970614
0.133223
0.0200887
0.0878692
0.0833155
0.307605
0.0867296
0.0237856
0.0216176
0.0251426
0.014363
0.175089
0.397951
0.0814815
0.15318
0.0844829
0.181702
0.262194
0.0286437
0.0831608
0.0927505
0.219976
0.541704
0.109633
0.0622201
0.0550866
0.0285117
0.135019
0.229374
0.240186
0.0382864
0.0215748
0.0440579
0.0141431
0.0168364
0.0349989
0.294199
0.303786
0.0505963
0.0367469
0.0621093
0.0222353
0.0794936
0.0294001
0.264103
0.210037
0.32254
0.126183
0.0935638
0.00976894
0.0597961
0.0239141
0.124726
0.35187
0.507238
0.163181
0.100033
0.0161843
0.071478
0.0229737
0.0797139
0.210167
0.149709
0.0107454
0.00851562
0.00261025
0.0457233
0.0234106
0.157943
0.203262
0.435208
0.110897
0.00443069
0.00330556
0.013094
0.0208466
0.0978785
0.253283
0.444387
0.0765224
0.043589
0.00604142
0.0196806
0.0214754
0.0634771
0.259623
0.444387
0.224511
0.0772135
0.0159003
0.00331406
0.0383747
0.105676
0.153292
0.401054
0.121802
0.0110328
0.00625899
0.00729693
0.0179863
0.0192811
0.242379
0.430301
0.106656
0.0268628
0.00412469
0.00232141
0.0106725
0.00746064
0.255573
0.352662
0.121429
0.0291983
0.00743724
0.0116706
0.0552159
0.0888853
0.293806
0.415666
0.0756305
0.0431667
0.0672999
0.0508424
0.0618057
0.0842882
0.227279
0.446359
0.053996
0.0357618
0.0386223
0.00469276
0.0208234
0.0337163
0.146761
0.171795
0.0158743
0.255371
0.332543
0.0130553
0.0740897
0.0571449
0.209764
0.228101
0.0820275
0.112727
0.0972922
0.0317337
0.0514246
0.0714605
0.129653
0.0679632
0.0518326
0.446359
0.316169
0.0217439
0.0405663
0.0503917
0.0315188
0.00962903
0.00384593
0.309995
0.308979
0.00800221
0.0259986
0.0102249
0.004766
0.000264749
0.00175496
0.31347
0.309032
0.00151234
0.000672163
3.4464e-006
0.0315364
0.00388265
0.0124311
0.4211
0.319327
0.0162847
0.0158218
0.00767395
0.00717447
0.000240671
0.00263244
0.352935
0.406631
0.00373707
0.00325774
0.0011275
0.000636838
0.000272931
0.0035334
0.467429
0.298476
0.0127139
0.00241369
0.00180401
0.0109525
0.00888229
0.0259406
0.261467
0.229426
0.0405452
0.00547497
0.00813053
0.0130902
0.0308116
0.0437666
0.467429
0.381921
0.0765288
0.0193859
0.0271507
0.0307202
0.0749085
0.114916
0.258361
0.23674
0.0701321
0.0163361
0.0181005
0.081392
0.132214
0.0540158
0.185159
0.281525
0.0601331
0.0282073
0.0441562
0.201463
0.451693
0.10337
0.167969
0.0986011
0.0450998
0.034747
0.0788348
0.0626403
0.13797
0.141064
0.268908
0.243222
0.139319
0.0435193
0.0241049
0.115472
0.135027
0.0799394
0.234264
0.117641
0.308686
0.271494
0.143839
0.1264
0.276665
0.113082
0.124724
0.0141658
0.040077
0.0276712
0.0222193
0.247386
0.487773
0.114037
0.079609
0.0107627
0.0262669
0.0470861
0.0200264
0.0480144
0.0894568
0.0560146
0.141073
0.0365108
0.208054
0.334837
0.0481624
0.0891367
0.175784
0.0671379
0.113825
0.0289452
0.110598
0.487773
0.0793402
0.207011
0.394064
0.134952
0.116807
0.0260936
0.00288061
0.0130323
0.0472451
0.303084
0.188364
0.221024
0.155485
0.0684241
0.00874689
0.0279937
0.196069
0.0832569
0.131869
0.126527
0.136677
0.0516474
0.0303048
0.387336
0.130426
0.248757
0.206151
0.200859
0.0969199
0.064847
0.0330387
0.137997
0.2583
0.357462
0.142587
0.0728056
0.0337157
0.0261596
0.0271513
0.0590081
0.221993
0.27659
0.161087
0.0652483
0.0382061
0.0863388
0.115551
0.106572
0.192879
0.298072
0.114838
0.0737206
0.044064
0.0219287
0.013198
0.0515115
0.334757
0.307639
0.297607
0.265273
0.119496
0.0308175
0.0425107
0.0507812
0.258336
0.138451
0.0677273
0.0565264
0.109756
0.0848891
0.0690156
0.0803259
0.104097
0.0721069
0.0222891
0.0472685
0.497478
0.206682
0.03893
0.0484229
0.0469533
0.24359
0.250345
0.151093
0.143911
0.138081
0.0730146
0.0312415
0.0829604
0.102656
0.0479421
0.0604698
0.497478
0.332755
0.069814
0.014692
0.0286443
0.0112269
0.000911013
0.0162291
0.335
0.304166
0.014225
0.0108387
0.0078322
0.0024453
1.53867e-005
0.00039548
0.188374
0.416573
0.00339875
0.00203853
0.00163944
0.00163536
0
0.024234
0.424587
0.319767
0.00792115
0.000671141
0.00181496
0.000408839
0
0.00317576
0.282747
0.424587
0.00493115
0
0.000408839
0.0518272
0.0956268
0.0627269
0.277372
0.29226
0.135232
0.0400324
0.0629506
0.0681137
0.117037
0.130451
0.184197
0.132498
0.0734032
0.0244293
0.0681005
0.222925
0.100175
0.0480306
0.146274
0.175252
0.16165
0.20781
0.408628
0.22278
0.0850174
0.0785148
0.139681
0.160438
0.0867961
0.112938
0.415715
0.0533632
0.0498937
0.0782833
0.174577
0.0919286
0.0924388
0.0360431
0.104163
0.116438
0.0199595
0.0296671
0.0535038
0.0411289
0.212938
0.234113
0.250852
0.154038
0.0297714
0.0655046
0.123954
0.10925
0.0585878
0.0647885
0.375276
0.438745
0.0130347
0.0381594
0.0149895
0.0180689
0.052828
0.110521
0.529048
0.0878227
0.0146662
0.0201331
0.0165327
0.0197291
0.172211
0.270129
0.0947466
0.0762814
0.0196184
0.0176214
0.0192
0.00961608
0.103148
0.462525
0.164995
0.378802
0.0291762
0.0324103
0.000188324
0.00799899
0.0491594
0.0761902
0.323726
0.38303
0.0573387
0.0398115
0.000753294
0.00191188
0.0456566
0.241036
0.323525
0.0195096
0.0188121
0.0148107
0.0180383
0.00908208
0.0667536
0.440953
0.13376
0.0345743
0.0648918
0.0377936
0.00792079
0.00554147
0.0713462
0.438538
0.0953468
0.107813
0.0174255
0.00567535
0.000190227
0.000803068
0.106291
0.400884
0.254543
0.0119742
0.00331802
0.00172772
0.000149002
0.0114092
0.238095
0.440953
0.156979
0.0451766
0.0361326
0.0433376
0.0745576
0.0378887
0.0160677
0.22332
0.12996
0.0709674
0.205401
0.250247
0.19544
0.121084
0.0422466
0.132499
0.0920763
0.00525546
0.00325769
0.00990947
0.0514118
0.0571072
0.143916
0.493395
0.13699
0.0185797
0.044091
0.077427
0.127259
0.164351
0.257998
0.493395
0.176225
0.0932724
0.2029
0.161671
0.185178
0.155186
0.0423614
0.0916193
0.0217719
0.0465124
0.0385407
0.0793901
0.457096
0.25951
0.0211067
0.0124972
0.00949719
0.0415663
0.0765922
0.113837
0.177816
0.0929281
0.176194
0.37749
0.111829
0.0256169
0.0493592
0.133378
0.457096
0.18019
0.0224119
0.10208
0.0527149
0
0
0.025066
0.408138
0.245438
0.00148721
0
0
0
0
0.0233254
0.249053
0.339515
0.00455976
0
0
0
0.00365684
0.0248002
0.412285
0.31572
0.000643745
0.00390051
0.0010438
0
0
0.0669996
0.329584
0.409397
0.0267994
0.00549143
0.000141714
0.258349
0.125695
0.0955763
0.10049
0.0657935
0.0429665
0.129593
0.285711
0.178197
0.0562354
0.0315652
0.208463
0.183975
0.0375824
0.101248
0.299356
0.0951651
0.187307
0.199156
0.299529
0.135191
0.0336472
0.0744921
0.124151
0.0576531
0.0667449
0.0290553
0.460094
0.247107
0.0604127
0.113406
0.131925
0.075585
0.0349566
0.0517188
0.188958
0.0992172
0.0155244
0.0873491
0.301896
0.249653
0.0137128
0.0243479
0.0242312
0.00106143
0.00403555
0.140734
0.534811
0.0258909
0.0327709
0.0405551
0.436731
0.122875
0.0162462
0.0826329
0.121575
0.0914021
0.0295654
0.0235518
0.0643616
0.00959388
0.019027
0.217146
0.361797
0.3601
0.024625
0.0192027
0.00336472
0
0.00966981
0.089031
0.4094
0.518139
0.0878272
0.0493196
0.0162346
0.00164743
0.0115464
0.0779867
0.258663
0.145259
0.0226561
0.0189996
0.0176379
0.0215684
0.0255381
0.209328
0.287953
0.288097
0.0730188
0.0848813
0.0830553
0.0281063
0.0190422
0.0811938
0.161462
0.246987
0.0575757
0.0182153
0.0112389
0.0166072
0.0840308
0.183268
0.3016
0.0381862
0.0119422
0.00251848
0.0156981
0.132194
0.333587
0.498808
0.265106
0.153908
0.0583751
0.0627871
0.0647546
0.0392612
0.0432453
0.0503223
0.142936
0.0347721
0.015994
0.0121969
0.142627
0.372213
0.158302
0.179746
0.139967
0.00732558
0.00746828
0.000664539
0.0169862
0.0760363
0.178288
0.44229
0.0817533
0.0130147
0.0133248
0.000166135
0.0122591
0.0532327
0.209031
0.459454
0.186394
0.0127636
0.0298731
0.031205
0.18934
0.244425
0.100182
0.163358
0.0538646
0.0399451
0.0448097
0.0434849
0.144999
0.0920965
0.18491
0.416037
0.204745
0.0539598
0.0330391
0.0549766
0.0747872
0.024121
0.169537
0.401219
0.207283
0.0704199
0.0571612
0.0970939
0.425232
0.113358
0.0407209
0.14281
0.10435
0.0903241
0.0287461
0.0287091
0.042675
0.0383627
0.226671
0.408336
0.18583
0.140512
0.0859486
0.0910942
0.239396
0.107704
0.151215
0.192249
0.180058
0.0101301
0.0126443
0.0208635
0.410215
0.288666
0.0170813
0.00916248
0.00377334
0
0.000750443
0.0533209
0.29216
0.36641
0.0863146
0.0413882
0.00778971
0.0297434
0.051779
0.0589835
0.360702
0.270528
0.0512349
0.038846
0.0642502
0
0.0162794
0.0616789
0.337722
0.349197
0.0674173
0.0448291
0.0111671
0.00615827
0.0699954
0.0873701
0.346253
0.199982
0.0522652
0.0319998
0.0621887
0.00554709
0.0411428
0.0241164
0.416402
0.24989
0.0460464
0.0421822
0.0493126
0.024488
0.0686525
0.0867933
0.345106
0.301525
0.108791
0.0456282
0.0680765
0.0211047
0.0857501
0.0680525
0.457473
0.234616
0.0597319
0.0568022
0.0517941
0.0143143
0.0405799
0.0376325
0.5786
0.245205
0.0173608
0.0500018
0.0319946
0.0524919
0.0526285
0.0459275
0.0925028
0.06243
0.0267188
0.122402
0.117063
0.0512192
0.042806
0.0291282
0.533621
0.357211
0.0639753
0.0349696
0.0624011
0.1058
0.0828722
0.0518443
0.0695516
0.104488
0.0270181
0.0683337
0.100474
0.0923257
0.0519356
0.0597446
0.145205
0.173188
0.0475626
0.2187
0.206382
0.151957
0.0399289
0.163206
0.339721
0.223487
0.0239551
0.130217
0.15254
0.106829
0.166569
0.136011
0.182386
0.184976
0.0542786
0.111781
0.0644266
0.0623436
0.0673233
0.185745
0.406408
0.307237
0.0899457
0.107878
0.036605
0.0417729
0.0141868
0.0742208
0.138334
0.0983372
0.0323128
0.0448723
0.0520186
0.0159067
0.00390899
0.0314779
0.350657
0.48026
0.0727835
0.0822007
0.0524757
0.00586774
0.00813545
0.0768908
0.160481
0.154967
0.0473746
0.063897
0.0272729
0
0.0279195
0.161893
0.482775
0.433813
0.0798113
0.0485468
0.0241991
0.00798816
0.0111727
0.0539526
0.367337
0.294585
0.0315606
0.026176
0.0246482
0.0294058
0.0188098
0.0608621
0.318097
0.136619
0.106116
0.193841
0.119864
0.000874861
0.011947
0.192573
0.472606
0.190987
0.0289042
0.00963917
0.00752825
0.00349945
0.0146378
0.142383
0.450755
0.103327
0.0234962
0.0356465
0.0251787
0.0575246
0.0218014
0.0192342
0.0921584
0.13056
0.261552
0.34773
0.139667
0.13725
0.0860261
0.0674979
0.122651
0.169675
0.224445
0.266084
0.314084
0.00853672
0.0177758
0.0516725
0.34906
0.205274
0.0869148
0.0799104
0.0482506
0.076253
0.0294787
0.0384525
0.301353
0.243253
0.105788
0.153431
0.165802
0.0528479
0.0875093
0.0560914
0.262191
0.180604
0.04757
0.0912718
0.142137
0.00332512
0.0388196
0.0677289
0.466772
0.253885
0.0301264
0.0315743
0.00342191
0.0495053
0.0425849
0.024579
0.238787
0.235574
0.0369902
0.0818776
0.0805308
0.00755931
0.0203965
0.03609
0.382185
0.465348
0.058671
0.0583966
0.00586794