0.139727
0.120562
0.0712102
0.0908374
0.10996
0.0478555
0.10161
0.0977238
0.229303
0.0754093
0.0928367
0.109925
0.116492
0.0435332
0.138878
0.250127
0.223807
0.208847
0.0846987
0.0703732
0.135758
0.0564706
0.145255
0.211355
0.26312
0.144452
0.167013
0.294084
0.210741
0.0518659
0.125732
0.222898
0.161239
0.0678435
0.0415931
0.0752148
0.0423399
0.0639015
0.149479
0.251155
0.11765
0.0786743
0.0346657
0.0283217
0.0500991
0.122214
0.208907
0.308087
0.164596
0.129968
0.0977593
0.317396
0.144378
0.0962364
0.125964
0.138233
0.075088
0.0741918
0.0142676
0.173608
0.167696
0.157234
0.277067
0.278518
0.0770686
0.0759584
0.0572092
0.0238781
0.0984528
0.149362
0.14109
0.20201
0.0870949
0.075422
0.135488
0.0628442
0.126289
0.16629
0.118861
0.100804
0.0330478
0.0320459
0.0398849
0.0527966
0.112704
0.147313
0.34599
0.32877
0.129117
0.0534413
0.152421
0.053858
0.0691043
0.164401
0.329537
0.252743
0.0385497
0.0436925
0.107856
0.0453255
0.0908777
0.117395
0.148116
0.143354
0.11595
0.079207
0.0782915
0.0844611
0.119539
0.133711
0.196331
0.259167
0.0976288
0.0505795
0.140125
0.0786638
0.060672
0.118891
0.162652
0.179562
0.311305
0.330817
0.204628
0.151506
0.118246
0.141187
0.125042
0.208736
0.0515506
0.0427255
0.0295352
0.0215518
0.0160932
0.0148184
0.0201142
0.0368838
0.0604191
0.065677
0.0365383
0.0123233
0.0381944
0.0191955
0.0308047
0.0464549
0.181614
0.203627
0.0247532
0.0188533
0.0179955
0.0206733
0.0145204
0.0517809
0.520635
0.736494
0.0650179
0.00392907
0.0244047
0.0182322
0.0165877
0.0852614
0.0547866
0.0545407
0.00509162
0.00165867
0.016333
0.00969907
0.0134154
0.0163226
0.223351
0.109994
0.0075172
0.00288178
0.00799063
0.0190405
0.0350587
0.0669395
0.284733
0.501201
0.0647118
0
0.00821186
0.00375095
0.00410675
0.0226493
0.501201
0.501201
0.0662639
0.014402
0.044341
0.0833869
0.0845458
0.123951
0.204698
0.0533253
0.0118109
0.00407564
0.0301676
0.0651057
0.0912555
0.130876
0.028393
0.0200905
0.0200471
0.0104863
0.057324
0.0639398
0.0736382
0.0636557
0.42047
0.207722
0.0139369
0.100398
0.325997
0.345028
0.231798
0.217896
0.0281908
0.0371525
0.0228428
0.146447
0.436896
0.246866
0.107066
0.0623253
0.131846
0.165141
0.120341
0.0485212
0.0767423
0.0802
0.143519
0.134885
0.184248
0.104068
0.10588
0.154603
0.119645
0.0581882
0.0950559
0.240448
0.104974
0.176036
0.25398
0.178882
0.157683
0.0706701
0.117124
0.0625883
0.177105
0.144303
0.260655
0.162921
0.240504
0.104324
0.168726
0.262444
0.119744
0.057032
0.0458205
0.126755
0.0954579
0.0450251
0.0691443
0.167971
0.104886
0.109713
0.0283697
0.06992
0.080721
0.0536454
0.168064
0.279261
0.174872
0.0957621
0.0916449
0.112148
0.211967
0.0915625
0.100836
0.267689
0.334069
0.359021
0.107278
0.173473
0.161609
0.0703732
0.0867491
0.285539
0.0104691
0.0203178
0.00886802
0.0117453
0.0161006
0.0160438
0.071608
0.0748229
0.0444207
0.0277818
0.0263918
0.0139184
0.00815715
0.0163968
0.0724653
0.0585288
0.235453
0.196646
0.0290499
0.0527559
0.0270629
0.012289
0.0251479
0.0777638
0.450723
0.740861
0.16823
0.046797
0.0121422
0.00741016
0.0276142
0.117793
0.0421719
0.0487954
0.0112051
0.0111038
0.000671136
0.00750992
0.0186336
0.0278215
0.135114
0.301222
0.0333932
0.0150987
0.00187533
0.00622464
0.0131123
0.0321292
0.231148
0.549249
0.112428
0.00872479
0.000200064
0.00447541
0.0116251
0.0391192
0.367354
0.549249
0.146938
0.00627402
0.00476581
0.00441708
0.0074017
0.0284162
0.129859
0.284785
0.0291805
0.002042
0.00107936
0.00160161
0.00312805
0.0120832
0.218221
0.462469
0.0717348
0.000191983
0.00102664
0.00114572
0.00146553
0.012998
0.186945
0.462469
0.0978898
0.00053947
0.0100531
0.000564982
0.000515104
0.00328512
0.317783
0.462469
0.122516
0.00159031
0.00829238
0.000231106
0
0.00478335
0.183402
0.39099
0.0798605
0
0.00747383
0.00284994
0.0124838
0.0326427
0.202829
0.285548
0.0578518
0.0673024
0.0973947
0.0426163
0.0521662
0.0914819
0.302831
0.39099
0.057517
0.0809785
0.107517
0.00360769
0.0377163
0.0653936
0.146408
0.156778
0.0238567
0.388573
0.356585
0.0179566
0.0744818
0.108867
0.0763602
0.0509374
0.00933458
0.206518
0.278133
0.0971923
0.0478196
0.0582887
0.00520155
0.0202773
0.0105804
0.212457
0.27709
0.0564512
0.0139933
0.00678496
0.0121036
0.0129772
0.0105185
0.41528
0.41528
0.0118885
0.0176486
0.0274625
0.00241354
0.00966926
0.0044911
0.41528
0.412491
0.00613314
0.00170886
0.00652165
0.0375073
0.0340815
0.0432096
0.0264514
0.0224926
0.0105591
0.0134362
0.0159568
0.102748
0.0389424
0.0560497
0.01839
0.0278187
0.0137776
0.0470189
0.0800844
0.0673482
0.0816133
0.132264
0.041405
0.0197624
0.00645944
0.0162199
0.0615022
0.421301
0.740152
0.338141
0.112424
0.00489528
0.00402129
0.0195436
0.0829957
0.071501
0.0549791
0.0127455
0.0117867
0.015038
0.00547019
0.0114134
0.0458096
0.154628
0.333802
0.0273259
0.0181706
0.0156603
0.0046501
0.00245302
0.0361015
0.315342
0.469515
0.128844
0.0353719
0.00458315
0.000600478
0.00438804
0.0409236
0.398998
0.510052
0.198536
0.0389007
0.0173512
0.000745917
0.000892414
0.0264609
0.158133
0.287723
0.0417887
0.00768501
0.00567941
0.000584997
0.000264005
0.0256897
0.217519
0.434735
0.121692
0.00454123
0.00495944
0.00122656
0.000160477
0.0479083
0.217628
0.434735
0.139406
0.0144228
0.0106047
6.91986e-005
0.000381588
0.0158151
0.349926
0.434735
0.1402
0.00463895
0.0259313
0.00403041
0.00417196
0.0711504
0.151483
0.413045
0.137788
0.00233444
0.00548179
0.00552318
0.00322479
0.0190413
0.189896
0.413045
0.151541
0.00575072
0.0126188
0.0195127
0.00658107
0.0105444
0.236108
0.413045
0.0891485
0.0498525
0.0755319
0.0176231
0.0183239
0.0672851
0.150414
0.413045
0.159971
0.0912241
0.101763
0.104148
0.0863117
0.111017
0.155382
0.427894
0.0728112
0.00826437
0.0212958
0.0102265
0.00202074
0.0108035
0.261337
0.427894
0.0807532
0.0130102
0.0152856
0.00196854
0.00292902
0.00718808
0.15538
0.348099
0.0930435
0.0583811
0.0839959
0.0768766
0.107718
0.103421
0.217721
0.427894
0.18347
0.0656739
0.0629221
0.0419756
0.12436
0.0608402
0.190619
0.308899
0.0529873
0.13211
0.138033
0.00165451
0.0115788
0.0137945
0.0714254
0.0578421
0.0125468
0.399212
0.362159
0.00242781
0.016803
0.0218597
0.152608
0.198747
0.137084
0.178127
0.211082
0.0182087
0.0716203
0.0196962
0.0587331
0.0316034
0.0404625
0.399212
0.399212
0.00484834
0.0246122
0.00330026
0.00184998
0.0048215
0.00384621
0.404926
0.299855
0.000917436
0.00304316
0.0042617
5.19162e-005
0.00352416
0.00282241
0.33727
0.258348
0.0101156
0.000742868
0.00341817
0
0
0.0159774
0.404926
0.36522
0.00137948
0.000322779
0
0.00388221
0.00170558
0.00379749
0.361961
0.309802
0.0234889
0.00975897
0.00770053
0.0289162
0.0482713
0.124979
0.0527633
0.0177668
0.0435758
0.0166149
0.0459192
0.12602
0.36567
0.302433
0.173081
0.0107466
0.219574
0.169281
0.0301929
0.0306685
0.0456832
0.0755105
0.0442954
0.0217646
0.0899757
0.0761034
0.0566463
0.0249603
0.0695766
0.1328
0.121401
0.0138424
0.491211
0.5145
0.0428817
0.11357
0.244921
0.147766
0.0553829
0.0111962
0.0943965
0.114864
0.00757979
0.15942
0.378882
0.159726
0.0738157
0.0748936
0.0769916
0.113826
0.0209448
0.0124283
0.0444586
0.0631032
0.035443
0.00956299
0.316039
0.391623
0.0528816
0.0297658
0.0727049
0.0630211
0.0554638
0.0877467
0.391623
0.391623
0.158511
0.154339
0.388814
0.0946932
0.0351042
0.0388898
0.067355
0.0956196
0.0193053
0.220175
0.388814
0.0551874
0.0160259
0.0389095
0.0436458
0.0699103
0.0842347
0.05354
0.0891464
0.032779
0.0253707
0.0483123
0.337696
0.388814
0.115546
0.0627107
0.0697796
0.0249521
0.0328028
0.0781316
0.234643
0.388814
0.161583
0.144408
0.25266
0.060954
0.0891222
0.138446
0.040033
0.0542829
0.112524
0.245546
0.16189
0.171776
0.128482
0.134952
0.0798411
0.10264
0.225229
0.0973988
0.11862
0.119278
0.0958347
0.1329
0.10917
0.39907
0.170931
0.407063
0.172751
0.208172
0.0828935
0.0645664
0.0416524
0.15465
0.260808
0.269508
0.14001
0.112986
0.0798419
0.0686906
0.0657318
0.110501
0.153473
0.192128
0.214747
0.125137
0.0774209
0.0767649
0.0826161
0.177853
0.136116
0.40108
0.125485
0.141874
0.0447115
0.0180578
0.031885
0.0949306
0.17982
0.24306
0.40108
0.339097
0.0586773
0.0373548
0.0698423
0.127288
0.185134
0.0812058
0.0928519
0.0695406
0.165175
0.155612
0.0476917
0.0978017
0.0771573
0.0234686
0.0176886
0.0326376
0.417451
0.390349
0.022032
0.0283546
0.0151464
0.121944
0.207886
0.13108
0.243338
0.166877
0.0830271
0.0442085
0.118611
0.0269056
0.0177329
0.0146556
0.417451
0.417451
0.0510365
0.0100528
0.0390788
0
0
0.0232543
0.430862
0.362448
0.0170296
0.00251363
0.00495611
0.0223881
0.00227495
0.00649869
0.221428
0.288648
0.0417589
0.0253417
0.0758741
0.00779335
0.000698027
0.0537143
0.430862
0.336046
0.0227671
0.00278099
0.0119461
0.0986955
0.0120246
0.0832949
0.334502
0.168203
0.0402199
0.0238583
0.192578
0.0300147
0.0616714
0.0592874
0.0528748
0.0389803
0.125862
0.137009
0.068921
0.0299487
0.032769
0.0503446
0.0679336
0.0314824
0.370225
0.745268
0.0604481
0.0384852
0.0660733
0.18388
0.180569
0.0732854
0.0606469
0.071093
0.0583992
0.0632431
0.032268
0.0635264
0.0674737
0.0673804
0.0469854
0.156413
0.114308
0.0157923
0.00119814
0.00525413
0.00843796
0.0088455
0.202093
0.421173
0.0980771
0.0159534
0.0016208
0
0.00540869
0.0227202
0.467409
0.483834
0.283954
0.0220901
0.00498918
0.00457378
0.011655
0.0228548
0.0310645
0.0757101
0.0550997
0.0356789
0.0134634
0.00512752
0.0256249
0.0260299
0.136417
0.357552
0.17244
0.00210083
0.000515165
0.000324848
0.00119895
0.0144438
0.249952
0.426081
0.135989
0.00720147
0.00269494
0.0037718
0.010124
0.0264203
0.262638
0.426081
0.11143
0.0108497
0.00424329
0.00304276
0.0119243
0.0123174
0.122619
0.363109
0.123646
0.00291301
0.000838766
0.00396739
0.00882677
0.00551508
0.272273
0.426081
0.113498
0.0304981
0.0227125
0.0263149
0.018898
0.0185376
0.139792
0.453988
0.0649099
0.0911888
0.0443684
0.0441392
0.020609
0.00816621
0.0772329
0.394313
0.0653401
0.000458412
0.000375272
0.00284218
0.00703457
0
0.234227
0.453988
0.0674642
0.00335573
0.00143122
0.00156643
0.0117679
0.0071604
0.256667
0.453988
0.0788074
0.0672682
0.0469659
0.107906
0.0749
0.0493807
0.0433097
0.143038
0.0521713
0.0651133
0.279742
0.342237
0.1616
0.129358
0.0652663
0.0905373
0.0438369
0.0110792
0.0172416
0.0463447
0.0837094
0.0750911
0.226744
0.407796
0.0803672
0.0139968
0.0942162
0.132891
0.22532
0.198543
0.343467
0.407796
0.103613
0.0594781
0.140406
0.114323
0.292818
0.162771
0.0377876
0.0310632
0.0313579
0.0144364
0.0060984
0.00420573
0.385323
0.29935
0.0174977
8.66745e-005
0.0116742
0.0113457
0.0527616
0.0426121
0.385323
0.208769
0.0892875
0.272936
0.0748511
0.00477785
0.014108
0.00694921
0.385323
0.370263
0.00122595
0.00804001
0.0188352
0.00503309
0.00100327
0.0336904
0.429717
0.260406
0.00290174
0.000259398
0.00388322
0.0609802
0.00751613
0.060203
0.3099
0.131103
0.00662259
0.00446294
0.0858088
0
0.000250818
0.0062373
0.429717
0.429717
0.00209932
0
0
0.0129149
0.00306636
0.012325
0.361287
0.274411
0.0148451
0.00165561
0.00681378
0.117999
0.0635644
0.302936
0.29679
0.11216
0.0383274
0.110697
0.132305
0.213833
0.0285029
0.10802
0.0879252
0.131259
0.0644127
0.188494
0.227374
0.20824
0.0508987
0.200404
0.129148
0.0345317
0.0285245
0.171317
0.222762
0.294626
0.0551999
0.127398
0.153006
0.147562
0.075941
0.165159
0.196398
0.149116
0.0405404
0.0402422
0.070085
0.0894739
0.129415
0.146912
0.153677
0.11267
0.119114
0.11656
0.286808
0.119796
0.17509
0.363889
0.205437
0.18451
0.057926
0.0317839
0.085114
0.132822
0.182656
0.103509
0.150844
0.235031
0.148122
0.129685
0.136496
0.130776
0.221962
0.156
0.207788
0.0242625
0.0241528
0.03642
0.075606
0.0292185
0.0778644
0.257648
0.11333
0.0232265
0.00920713
0.0235109
0.0498599
0.00994057
0.303377
0.787804
0.223553
0.0614491
0.0293811
0.0413236
0.0414709
0.029035
0.029757
0.0278261
0.0479789
0.0436882
0.0100107
0.0254111
0.0376813
0.0160752
0.0607502
0.182486
0.0883572
0.00905372
0.00113859
0.00270492
0.00765811
6.4977e-005
0.187594
0.47844
0.0821312
0.00689961
0.000882075
0.00010303
0.00141598
0.00182229
0.348729
0.47844
0.102893
0.019802
0.00685055
0.00378551
0.00586117
0.000959163
0.0642669
0.19156
0.0466471
0.0257851
0.00958082
4.44285e-005
0
0.000805243
0.182864
0.47844
0.118265
0.00280954
0.00121613
0.000191616
0.00797197
0.0112333
0.218869
0.407687
0.0628919
0.00753561
0.0135083
0.00285502
0.037909
0.0347202
0.283323
0.407687
0.113391
0.00483691
0.00281367
0.000287424
0
0.0012622
0.174449
0.407687
0.092151
0.00452289
0.00905187
0.00167184
0
0.00444713
0.298245
0.407687
0.136759
0.0279112
0.0423125
0.0405948
0.198217
0.0919278
0.129881
0.349281
0.14566
0.0248125
0.0321572
0.0559305
0.380866
0.290619
0.0115347
0.025996
0.0595381
0.0538356
0.0257793
0.0518311
0.0452428
0.0267072
0.212755
0.380866
0.194191
0.090124
0.04399
0.0954928
0.380866
0.261416
0.0778667
0.150824
0.114696
0.00222444
0.00158491
0.0144872
0.428848
0.34029
0.00133533
0
0
0.0051602
0.00205826
0.0134326
0.300514
0.189628
0.0107706
0.0012935
0.00231199
0.0208539
0.0174936
0.0392477
0.428848
0.428848
0.0160435
0.0120338
0.00442713
0.00518483
0.0031956
0.0144538
0.273568
0.291419
0.0190465
0.00976805
0.00728042
0.224552
0.0675995
0.149732
0.0647954
0.00582067
0.0755408
0.160053
0.189132
0.236099
0.149272
0.143147
0.143913
0.114234
0.0781277
0.132323
0.214855
0.185281
0.0943687
0.156685
0.138604
0.177533
0.25126
0.0869321
0.0969916
0.208744
0.208517
0.153303
0.126057
0.135864
0.144015
0.0722305
0.188358
0.140705
0.152397
0.0583243
0.0803097
0.115139
0.0940394
0.066965
0.140152
0.370394
0.134328
0.115079
0.094377
0.0939082
0.0984192
0.0813149
0.238555
0.144219
0.204813
0.069915
0.0553902
0.142692
0.0757678
0.112179
0.133999
0.372097
0.202243
0.164784
0.100949
0.0825298
0.0212785
0.206725
0.171504
0.329681
0.112325
0.0800583
0.0795365
0.0608971
0.090115
0.0600505
0.22195
0.136827
0.129697
0.085244
0.097684
0.0630036
0.132978
0.090232
0.198608
0.331333
0.237467
0.104636
0.0588273
0.0250894
0.0463754
0.14679
0.211555
0.148911
0.346756
0.114467
0.0948005
0.071908
0.0592785
0.0882387
0.174497
0.0567725
0.0848089
0.0344087
0.0259102
0.0177236
0.0435291
0.0961277
0.0864295
0.15422
0.14465
0.0122213
0.00703921
0.00610394
0.100467
0.762968
0.337199
0.0298072
0.127798
0.0727267
0.0492197
0.0313539
0.0392664
0.0191097
0.0288272
0.0867478
0.161698
0.0416783
0.0495044
0.0422752
0.0569323
0.0720823
0.0973364
0.0290206
0.0115329
0.00261239
0.000219275
0.000384854
0.0840311
0.429024
0.166692
0.0210741
0.00359669
0.00275443
0
9.62134e-005
0.345704
0.595128
0.244658
0.0260497
0.0159104
0.00996268
0.00534409
0.0123282
0.0101612
0.0415686
0.0694469
0.0239685
0.00713252
0.0158343
0.00114985
0.0114975
0.0812789
0.384088
0.156415
0.0267711
0.00444032
0.00799262
0.00155897
0.00804046
0.198705
0.390656
0.11769
0.119287
0.120945
0.0835149
0.214215
0.131084
0.1205
0.380343
0.134935
0.0145697
0.00373945
0.00630582
0.000349655
0.00619719
0.0825384
0.390656
0.138638
0.258183
0.158221
0.0759662
0.0427945
0.0203287
0.0664301
0.345338
0.275466
0.0920956
0.180603
0.197567
0.479753
0.395523
0.0335547
0.0748816
0.0494665
0.0131601
0.0383245
0.0812104
0.248822
0.249559
0.0412134
0.0264465
0.013979
0.302922
0.303861
0.23729
0.16236
0.0506478
0.0184923
0.0845297
0.144684
0.0478816
0.110267
0.119927
0.103716
0.0425306
0.0252732
0.0200223
0.0384488