0.0314608
0.0220059
0.0598552
0.0820003
0.117573
0.167636
0.134896
0.0246359
0.025974
0.0129777
0.0376897
0.0477135
0.195853
0.318298
0.287961
0.0937698
0.0261271
0.0360589
0.0969122
0.178782
0.144765
0.164038
0.0429589
0.0140454
0.0262632
0.035337
0.0859165
0.194229
0.27844
0.246921
0.0894041
0.0719701
0.00155532
0.00327225
0.00291435
0.012142
0.0190443
0.0141131
0.0146169
0.00488238
0.00125766
0.00354974
0.00192761
0.500647
0.422146
0.00322157
0.0058644
0.00108486
0.000820639
0.00409335
0.00968428
0.0257657
0.0249248
0.0108291
0.00686715
0.00355943
0.000632028
0.00299102
0.00714891
0.509011
0.509011
0.00482412
0.00433586
0.000516822
8.35362e-005
0.000320392
0.00330718
0.440875
0.413341
0.000665934
8.42133e-005
0
0.00207525
0.000722685
0.0119226
0.218525
0.18824
0.0117521
0.00138573
0.000997158
5.56908e-005
0.00245475
0.0170295
0.440875
0.440875
0.000520993
0.000324493
0
0.00539431
0.0102126
0.0447221
0.286083
0.185968
0.0035174
0.00737389
0.00500844
0.0178448
0.00953504
0.0108679
0.0627306
0.0646689
0.0272215
0.0207094
0.0161241
0.0350985
0.024329
0.0105699
0.427886
0.395392
0.0319379
0.0661706
0.0440676
0.0324012
0.016889
0.0290369
0.0761622
0.0525587
0.00784357
0.0220851
0.0265222
0.0533533
0.0188067
0.0541019
0.5502
0.504615
0.0291909
0.0221257
0.0400164
0.0041891
0.00358603
0.00300905
0.392349
0.350326
0.00681156
0.0112304
0.00506256
0.00292361
0.00717451
0.0061115
0.246684
0.21559
0.000850316
0.000831959
8.10044e-005
0.0233431
0.020211
0.0154501
0.395171
0.395171
0.0258475
0.00967174
0.00480175
0.0890496
0.336784
0.0209398
0.279498
0.248492
0.0215133
0.00991419
0.00455842
0.0358253
0.0331698
0.00995778
0.02545
0.0184579
0.00332211
0.0036931
0.00107425
0.158685
0.18349
0.00487549
0.0641539
0.120061
0.0565535
0.0274176
0.0364812
0.21107
0.519034
0.046111
0.0202974
0.0147377
0.00315977
0.00251229
0.002484
0.519034
0.519034
0.03759
0.0180633
0.0263548
0.0106198
0.0293146
0.0605405
0.156997
0.116171
0.00678376
0.0750558
0.136062
0.11476
0.118255
0.172143
0.270437
0.130376
0.0714818
0.0861538
0.0475653
0.0785915
0.138597
0.299282
0.308316
0.397787
0.0175418
0.045508
0.14064
0.112351
0.116724
0.194607
0.147551
0.091703
0.158222
0.218185
0.164853
0.158843
0.127488
0.332503
0.0324335
0.0380198
0.0705817
0.149502
0.106122
0.0821994
0.0762816
0.0213541
0.0436205
0.0670642
0.0818032
0.216497
0.254804
0.110435
0.0489849
0.0517636
0.028504
0.0347065
0.0526948
0.116908
0.152431
0.198107
0.198829
0.071086
0.0463177
0.148583
0.164661
0.233828
0.347523
0.179331
0.134946
0.0786101
0.000445193
0.00271558
0.00811881
0.0228641
0.023376
0.00692506
0.00366379
0.000961146
0
0.00105964
0.0063193
0.503879
0.430456
0.00421936
0.00445093
0
0.00112821
0.00520343
0.0119315
0.0254687
0.0295037
0.0095535
0.0057407
0.00115238
0
0.00161275
0.00897814
0.503879
0.503879
0.00761826
0.00559607
0.00012157
3.61867e-005
0.00275418
0.0107185
0.444355
0.41136
0.000570346
0.000707376
0
0.00378196
0.0124274
0.0256883
0.218776
0.161398
0.0059839
0.00853585
0.00599907
0.00181584
0.00286489
0.00251361
0.444355
0.444355
0.00367073
0.000703988
0.000796222
0.0273776
0.0461653
0.0106541
0.269479
0.208479
0.0116352
0.00969493
0.0117925
0.0355501
0.0267304
0.0287463
0.0401563
0.0489825
0.0116805
0.0276359
0.0323379
0.122604
0.0269121
0.044102
0.35005
0.458543
0.0535568
0.02801
0.0857957
0.136037
0.270582
0.0492889
0.0272035
0.0346899
0.0141334
0.024773
0.0410476
0.417085
0.471584
0.0655102
0.0720699
0.187595
0.0346767
0.0365698
0.116236
0.139995
0.0819696
0.00910144
0.240541
0.281719
0.0589949
0.0141828
0.0487621
0.283218
0.436201
0.0427527
0.126673
0.132289
0.047383
0.014853
0.0330827
0.278149
0.215607
0.0113589
0.0395373
0.102526
0.0343133
0.0088967
0.0784489
0.369902
0.436201
0.0425821
0.0143353
0.0372774
0.0240756
0.00371324
0.0564174
0.222678
0.481903
0.0488776
0.00497581
0.00321499
0.00345253
0.00329863
0.00319629
0.30017
0.481903
0.0280194
0.0301955
0.0381875
0.0123141
0.0125752
0.0261806
0.186288
0.481903
0.0316952
0.00429761
0.00605207
0.00302588
0.00461798
0.0184976
0.119267
0.168964
0.0193137
0.103644
0.134119
0.0243275
0.0187101
0.0211785
0.152061
0.183073
0.0294854
0.165728
0.199385
0.0574571
0.036715
0.0807349
0.0707565
0.0218943
0.106685
0.276789
0.286418
0.118423
0.0498607
0.191961
0.0351179
0.013757
0.0372559
0.278374
0.38417
0.0410146
0.0293816
0.0398477
0.0513423
0.0133973
0.0407744
0.322755
0.448539
0.094168
0.118692
0.161451
0.0109507
0.0132164
0.0110172
0.0275278
0.0458947
0.0372914
0.0308045
0.0364207
0.0182841
0.0317324
0.0258792
0.0531557
0.0976826
0.0363991
0.0200538
0.0139822
0.0480065
0.0306803
0.039049
0.0476465
0.0966009
0.0442684
0.0870969
0.0866226
0.438161
0.658275
0.404819
0.0718662
0.0784576
0.0117679
0.0780801
0.0432108
0.00604673
0.0146295
0.0109571
0.0134948
0.0158673
0.00395857
0.00267796
0.00198266
0.00574162
0.0782945
0.105452
0.417024
0.232028
0.00365206
0.00209324
0.00109999
0.207061
0.414427
0.0961616
0.00813127
0.00994011
0.000535912
0.00284476
0.00542782
0.297385
0.483857
0.318182
0.236869
0.0483024
0.000611602
0.000486331
0.00335783
0.00479324
0.0715926
0.11334
0.430456
0.307352
0.00991839
0.000178519
0.00121533
0.0551996
0.158938
0.0480416
0.185349
0.127119
0.0152087
0.00238174
0.0104905
0.082033
0.430456
0.328752
0.303392
0.0655758
0.00631498
0
0.000303832
0.0929021
0.381939
0.12016
0.106994
0.0323715
0.00992255
0.000247373
0.00781392
0.134949
0.390522
0.054206
0.0109983
0.00881108
0.00591417
0.00407028
0.0219243
0.199064
0.443233
0.103531
0.0510531
0.0107438
0.00448994
0.0133721
0.033287
0.180479
0.550841
0.0606288
0.0341629
0.0569374
0.0154684
0.000763833
0.0347322
0.143175
0.283851
0.107994
0.14129
0.105637
0.0351692
0.0586416
0.133266
0.229555
0.399073
0.0524348
0.0395021
0.0115592
0.00391564
0.0152738
0.0492055
0.276659
0.589643
0.0417585
0.00818131
0.00664581
0.00606846
0.00498631
0.0635684
0.186844
0.20066
0.0487533
0.0810352
0.0232215
0.0306255
0.078513
0.147926
0.263162
0.266636
0.0464329
0.0276174
0.0964104
0.0830887
0.0734153
0.100201
0.200036
0.380506
0.0507685
0.0277225
0.0263054
0.00697763
0.00872318
0.085235
0.123876
0.0943165
0.0720905
0.362687
0.281015
0.0150494
0.0169897
0.0611552
0.173447
0.118687
0.0666326
0.045426
0.126443
0.0817285
0.057449
0.142257
0.093046
0.0160172
0.0597581
0.45148
0.397755
0.0184356
0.022041
0.116321
0.00800663
0.00345049
0.0268767
0.234612
0.380589
0.0433304
0.0361774
0.0178412
0.0434302
0.0232827
0.00900891
0.190963
0.465786
0.0745938
0.159552
0.0989551
0.0035335
3.68514e-005
0.0162708
0.335527
0.358183
0.0191752
0.0155386
0.00522473
0.038067
0.00631525
0.00422304
0.279556
0.348478
0.044425
0.0632985
0.0471689
0.0181173
0.00421391
0.0483824
0.051872
0.0846757
0.0190827
0.0256054
0.0234174
0.183636
0.371896
0.400865
0.0670194
0.217598
0.146694
0.0926374
0.0564674
0.0309901
0.00363885
0.0455331
0.0804991
0.138603
0.0415668
0.0241279
0.0297029
0.0893967
0.143706
0.243497
0.0771738
0.340683
0.294346
0.357301
0.220233
0.136366
0.380156
0.14168
0.00513687
0.0480483
0.0972694
0.0693566
0.0145718
0.222122
0.413183
0.110364
0.0264015
0.0171167
0.0601327
0.0680585
0.0229844
0.0311994
0.118902
0.0704677
0.00720742
0.0742438
0.205563
0.413183
0.09808
0.0436834
0.0970207
0.0175219
0.0136068
0.0368448
0.253072
0.413183
0.144646
0.140588
0.455495
0.164979
0.0651401
0.0200064
0.0266827
0.0441372
0.0269129
0.0891033
0.314679
0.0709674
0.0314081
0.00911852
0.0165675
0.062206
0.018781
0.0344434
0.0553345
0.0144362
0.0189283
0.0627841
0.269521
0.5061
0.119975
0.0281878
0.074165
0.014487
0.0138086
0.0280417
0.106306
0.437139
0.0904227
0.134048
0.363216
0.0676826
0.102681
0.0992422
0.0180426
0.0450291
0.0257789
0.243223
0.161976
0.108425
0.203974
0.172218
0.0356523
0.0876346
0.130427
0.0497854
0.111831
0.0841943
0.110126
0.0658039
0.0451414
0.472117
0.160515
0.241887
0.161243
0.246946
0.128736
0.081481
0.0304998
0.258372
0.156055
0.367001
0.119355
0.0583011
0.0748881
0.0417403
0.0423108
0.0910777
0.226896
0.25438
0.261961
0.0893687
0.036206
0.0963947
0.124604
0.0956371
0.158914
0.332132
0.1098
0.145844
0.043322
0.0276766
0.0370153
0.106508
0.205712
0.170928
0.294573
0.320206
0.16688
0.0534797
0.0716997
0.0642551
0.179351
0.108385
0.1465
0.0550797
0.0356081
0.0884269
0.0841611
0.0704956
0.127511
0.0695901
0.0372247
0.0736485
0.392788
0.303829
0.0154664
0.0287082
0.104475
0.126296
0.320991
0.25231
0.123927
0.0891705
0.027325
0.0297354
0.0903901
0.0936559
0.128192
0.105365
0.427738
0.364748
0.0129116
0.0127147
0.0894759
0.00548655
0.00901959
0.0399563
0.345701
0.321245
0.0261077
0.0172851
0.00558994
0.0874232
0.0326071
0.0359107
0.241003
0.278797
0.0649619
0.0670178
0.13277
0.011104
0.0237641
0.0816253
0.400659
0.356518
0.0198844
0.0116359
0.00707623
0.147149
0.101786
0.130189
0.276295
0.298854
0.041835
0.0481148
0.169964
0.0438057
0.0167097
0.0450061
0.11936
0.197613
0.156142
0.036628
0.0269859
0.0939422
0.0528461
0.0970977
0.0902619
0.139563
0.158628
0.310506
0.164078
0.0659833
0.0772375
0.0781174
0.0986069
0.202568
0.507382
0.199265
0.173364
0.136577
0.278699
0.277465
0.0966686
0.058183
0.0689234
0.162255
0.10177
0.0255231
0.0126985
0.0165677
0.0159398
0.024098
0.0950449
0.344503
0.104883
0.0259682
0.0127892
0.0140114
0.0786981
0.171103
0.362984
0.494475
0.155333
0.0557445
0.119421
0.0958147
0.0367622
0.00975177
0.0170489
0.0278932
0.0470085
0.105415
0.0963641
0.217562
0.437303
0.222886
0.134642
0.0936401
0.0825548
0.00451887
0.00285611
0.00909856
0.0962103
0.210793
0.302535
0.446654
0.0458866
0.00163192
0.00213405
0.00323858
0.0368682
0.0785831
0.135026
0.363241
0.0504129
0.0242729
0.0227334
0.130728
0.446654
0.298558
0.126168
0.0949398
0.0199006
0.00786571
0.0277982
0.0487802
0.216519
0.138213
0.0941364
0.194827
0.0212613
0.00724432
0.0125678
0.0104926
0.0145401
0.0161126
0.0914413
0.412759
0.105021
0.0334602
0.0373037
0.0510537
0.00891825
0.00752835
0.0665203
0.418448
0.104386
0.0135158
0.0211183
0.0203682
0.0152353
0.0365799
0.124853
0.370442
0.0849951
0.0129723
0.0133001
0.000901252
0.00248433
0.0087877
0.107514
0.601432
0.134805
0.0359996
0.0293798
0.044548
0.0270885
0.0113417
0.0256663
0.222621
0.083059
0.0192299
0.0697163
0.175537
0.179585
0.0462677
0.0656309
0.101499
0.0556862
0.00986822
0.0236381
0.00787241
0.0159103
0.0109809
0.0388501
0.601001
0.173916
0.00491917
0.0321929
0.0419465
0.0960874
0.0370207
0.152741
0.573097
0.17689
0.0293903
0.13124
0.21421
0.192373
0.0981043
0.0659278
0.0681241
0.0342507
0.020537
0.0562385
0.0510336
0.341123
0.317394
0.0122926
0.0125417
0.0298657
0.045368
0.0396457
0.0797616
0.123898
0.056904
0.188206
0.481019
0.120939
0.0706308
0.0525911
0.0763939
0.400546
0.270588
0.0440909
0.128224
0.0662296
0.00284268
0.00632346
0.0260026
0.302337
0.393237
0.0288417
0.00834226
0.00207961
0.0934758
0.0335642
0.0546369
0.204283
0.38045
0.0818311
0.0479486
0.0791177
0.00850067
0.0146407
0.0185723
0.41354
0.325363
0.036825
0.015224
0.00220678
0.112316
0.0377155
0.0264654
0.279883
0.27805
0.106562
0.0814048
0.0916732
0.0586955
0.03836
0.0228416
0.0134112
0.0327518
0.152513
0.138173
0.146827
0.18145
0.124438
0.0688498
0.00706961
0.00833538
0.0337855
0.0863981
0.145323
0.180526
0.0921839
0.0294602
0.00614996
0.0077731
0.137638
0.367966
0.356349
0.436708
0.169365
0.0344744
0
0.00132616
0.0295334
0.183832
0.46399
0.0855404
0.12077
0.114073
0.0418396
0.00374541
0.00590819
0.0165499
0.0508194
0.0552444
0.0878345
0.288982
0.471579
0.0705758
0.00112368
0.00112368
0.0270463
0.168136
0.0856152
0.113031
0.0302937
0.000831523
0.0183079
0.161444
0.223494
0.0549058
0.0950042
0.471579
0.471579
0.0537124
0.00449471
0.0627634
0.0463163
0.0135202
0.0239956
0.176789
0.553864
0.15627
0.00210202
0.00302113
0.00765948
0.00990742
0.0293171
0.0610588
0.278372
0.102742
0.0228677
0.0287732
0.0104022
0.00453139
0.0343657
0.301272
0.553864
0.136561
0.00517636
0.000481641
0.00117474
0.0218913
0.0358507
0.0798936
0.229217
0.0963271
0.0227095
0.00145282
0.00499436
0.0449889
0.0392143
0.0486106
0.0465329
0.0577196
0.0756533
0.199217
0.0933391
0.0536518
0.0507996
0.0365534
0.0409344
0.102017
0.109397
0.646957
0.197765
0.101828
0.111854
0.120022
0.042941
0.0372005
0.0297889
0.0306044
0.082043
0.189412
0.16523
0.108172
0.158983
0.374632
0.11049
0.106508
0.207753
0.0243734
0.0292626
0.0336414
0.025169
0.0322912
0.0254139
0.23984
0.167682
0.0311172
0.0200354
0.0216178
0.0143948
0.00972074
0.143511
0.381347
0.220517
0.0862038
0.0618627
0.0743199
0.123265
0.265565
0.144513
0.137829
0.140452
0.144941
0.0719783
0.0761725
0.0752053
0.185993
0.46396
0.398957
0.195026
0.0507833
0.0142974
0.00840184
0.00606565
0.00921438
0.17084
0.390836
0.107945
0.0911483
0.0460978
0.0333706
0.145499
0.102091
0.046855
0.138706
0.0560299
0.0957464
0.0515888
0.0467327
0.0130807
0.056831
0.530207
0.471813
0.0927271
0.0853326
0.053602
0.0420588
0.0646441
0.0643086
0.137246
0.308414
0.11827
0.0357782
0.0299443
0.0320842
0.440019
0.276815
0.0309147
0.0181847
0.0113964
0.0702105
0.0534888
0.038667
0.341825
0.230199
0.0862562
0.0833692
0.0897005
0.0484042
0.049684
0.0568397
0.256309
0.288603
0.0796769
0.0804496
0.090122
0.0977017
0.0316884
0.0248906
0.18696
0.353922
0.223442
0.0737184
0.20079
0.167517
0.0564844
0.0153815
0.00447824
0.00500321
0.104004
0.323442
0.291126
0.309929
0.157154
0.0492782
0.00752878
0.00945437
0.045207
0.158045
0.354842
0.100079
0.0258055
0.0269002
0.0120099
0.0828674
0.213124
0.38697
0.182346
0.195745
0.107882
0.112195
0.0353592
0.0642732
0.13636
0.258083
0.209054
0.144277
0.0781661
0.0716949
0.0159425
0.0358226
0.0422592
0.255535
0.279931
0.0630903
0.15565
0.364634
0.330695
0.0820753
0.0261375
0.157213
0.0905915
0.173566
0.0707672
0.0901271
0.030897
0.0588406
0.0577035
0.277603
0.226865
0.259124
0.228639
0.170486
0.225024
0.101741
0.0375427
0.222052
0.144781
0.0391685
0.168367
0.378925
0.56689
0.0924436
0.00405509
0.0118301
0.0150909
0.0749933
0.110739
0.140128
0.173657
0.0367714
0.0097228
0.000199246
0.0165512
0.18776
0.285252
0.255717
0.295893
0.0542673
0.0031836
0.0287074
0.0567311
0.172022
0.171944
0.13638
0.0574172
0.00262864
0
0
0.0467346
0.178489
0.264933
0.186784
0.0313418
0.00688275
0.010341
0.0046093
0.0415621
0.273892
0.227271
0.0824749
0.0990162
0.374281
0.239218
0.0324561
0.140974
0.271114
0.345404
0.134014
0.0170429
0.00311618
0.00655553
0.00655553
0.0393021
0.195627
0.185416
0.0325238
0.0176061
0.116674
0.217237
0.11283
0.102435
0.0928359
0.0286612
0.023505
0.0682365
0.275699
0.261111
0.176174
0.0712629
0.340198
0.103622
0.0755093
0.0480306
0.199856
0.412776
0.322851
0.126689
0.0481713
0.00578569
0.00118397
0.00699412
0.0682532
0.172686
0.140359
0.0912588
0.332852
0.068576
0.0153089
0.00417068
0.028774
0.102366
0.169991
0.250448
0.312364
0.205711
0.108425
0.0218376
0.0737727
0.359068
0.25939
0.0603549
0.0967801
0.166517
0.0938463
0.0202177
0.0390319
0.159645
0.281311
0.106572
0.44378
0.244584
0.0416367
0.00686039
0.0122613
0.0163321
0.0367693
0.143015
0.172712
0.246066
0.0834864
0.0054232
0.0083589
0.0427955
0.126548
0.0949035
0.070735
0.136008
0.136649
0.105408
0.152562
0.107327
0.200079
0.179409
0.270762
0.153446
0.112551
0.0893208
0.211502
0.191189
0.0650493
0.371498
0.0820889
0.137372
0.133094
0.0141895
0.00865261
0.0793842
0.295081
0.207124
0.181879
0.14551
0.251262
0.0559944
0.0289928
0.0389863
0.125366
0.242251