0.145444
0.0532753
0.0172925
0.0493956
0.318501
0.169121
0.0317736
0.214865
0.3229
0.25851
0.023602
0.179857
0.281591
0.171268
0.142891
0.302577
0.067991
0.0146451
0.0312649
0.0628187
0.101162
0.0474311
0.0359584
0.10565
0.140142
0.0639346
0.0216937
0.201284
0.270447
0.0997811
0.106353
0.278284
0.161091
0.111887
0.0262202
0.169366
0.16145
0.0730721
0.120814
0.143807
0.282033
0.14623
0.056534
0.116784
0.200785
0.1332
0.275199
0.215816
0.127788
0.0657108
0.00620869
0.104351
0.106402
0.0809721
0.137462
0.249085
0.27367
0.0655317
0.0107895
0.054927
0.0617606
0.115561
0.272629
0.431237
0.275349
0.192788
0.0914877
0.085742
0.10465
0.0845461
0.0982751
0.121802
0.269079
0.239997
0.114031
0.0724665
0.159536
0.131748
0.0533645
0.173109
0.26402
0.104192
0.0383649
0.107895
0.139307
0.0797462
0.104766
0.23654
0.203271
0.225907
0.161068
0.275126
0.307444
0.176069
0.0587345
0.168645
0.214919
0.150673
0.0873514
0.0459234
0.0711591
0.0520962
0.0405418
0.194689
0.28936
0.230834
0.0912957
0.0615639
0.0374748
0.0363244
0.112129
0.13931
0.141511
0.245951
0.298379
0.156419
0.0932652
0.0658464
0.0534634
0.143927
0.224443
0.305349
0.445433
0.139868
0.0221416
0.0270203
0.114157
0.142425
0.180147
0.203571
0.0598376
0.0457375
0.0542895
0.0257271
0.0445894
0.0509375
0.216262
0.203722
0.159848
0.114118
0.0703901
0.0278695
0.0243715
0.0454301
0.183178
0.315256
0.246213
0.0833213
0.0398854
0.0183587
0.040502
0.0592601
0.362188
0.571402
0.20235
0.0876081
0.0455897
0.0187414
0.0305678
0.0585964
0.0835146
0.169129
0.126007
0.0950616
0.0216833
0.0333989
0.0123684
0.0137212
0.171694
0.320509
0.0985955
0.0721868
0.0231803
0.0482159
0.0362983
0.0387012
0.277745
0.509976
0.0595973
0.0366337
0.0115606
0.0162479
0.0211836
0.0311639
0.331659
0.509976
0.0464296
0.0747413
0.0751423
0.0202303
0.0439024
0.0684894
0.182254
0.151991
0.0671041
0.0843124
0.0678707
0.0391659
0.0904954
0.0896589
0.10141
0.0875684
0.10495
0.162822
0.0870607
0.0243731
0.0762432
0.0843231
0.195585
0.277989
0.0375557
0.444545
0.294286
0.0384956
0.0929637
0.0855222
0.053719
0.046841
0.0708077
0.496797
0.302034
0.036651
0.0910908
0.087715
0.0897799
0.0138545
0.0395469
0.0775321
0.17562
0.0633489
0.103588
0.138016
0.238169
0.0420319
0.0178595
0.169922
0.306071
0.10814
0.151485
0.505216
0.0719033
0.0805031
0.0481052
0.05892
0.0960241
0.104664
0.0852456
0.131234
0.155245
0.0527296
0.0905208
0.0594563
0.149894
0.0811698
0.0864781
0.239166
0.102413
0.0230706
0.00846168
0.0498687
0.062704
0.0745793
0.155588
0.315607
0.226258
0.0532105
0.0368663
0.0566459
0.0405489
0.0776599
0.260533
0.508261
0.0787749
0.0343311
0.0334307
0.048825
0.0632065
0.0152292
0.0452001
0.0978926
0.371384
0.361764
0.0592244
0.0587033
0.0489907
0.0327881
0.076191
0.136456
0.08428
0.0263354
0.017447
0.0927781
0.0884972
0.0343185
0.0461104
0.094115
0.0512427
0.104974
0.107527
0.205971
0.177045
0.0918532
0.113712
0.0845728
0.18963
0.373943
0.0185833
0.0410626
0.043205
0.0364064
0.0361953
0.0360061
0.295993
0.669508
0.104572
0.0613352
0.0671648
0.0812833
0.131495
0.0859569
0.0485217
0.146795
0.105993
0.051227
0.0240602
0.0238898
0.046227
0.0311515
0.152778
0.384095
0.136479
0.0368776
0.00164341
0.00788711
0.0199534
0.0296165
0.211799
0.492561
0.0723587
0.0105875
0.00785209
0.0211189
0.0409652
0.033722
0.412962
0.492561
0.0839865
0.000206427
0.000267032
0.0042146
0.00649898
0.0268498
0.119977
0.387859
0.0825324
0.0198909
0.00327596
0.00539179
0.00718628
0.00894916
0.18733
0.437533
0.0683654
0.0109102
0.0037594
0.00215267
0.00469733
0.00581177
0.252477
0.437533
0.0431292
0.000108426
0
0.0012255
0.0012255
0.00836597
0.320002
0.437533
0.043304
0.00203379
0
0.000306374
0.000306374
0.0171269
0.212265
0.402179
0.0158553
0.00595252
0.0160119
0.00243323
0.0157425
0.0183781
0.163387
0.307768
0.00303576
0.126267
0.181553
0.0095391
0.0538546
0.0574754
0.261217
0.401152
0.0234645
0.0621183
0.0484033
0.0106063
0.00944243
0.0388385
0.114197
0.117714
0.00387874
0.402179
0.382501
0.0175898
0.0358524
0.0379466
0.0477757
0.0552747
0.00417956
0.374352
0.301392
0.0362132
0.0368504
0.032336
0.0548343
0.00122718
0.0104456
0.360251
0.220722
0.0542636
0.0766781
0.161527
0.0252602
0.00616488
0.00928004
0.429891
0.355352
0.0432624
0.0286528
0.014796
0.0871345
0.00865394
0.0415371
0.337915
0.163123
0.0639052
0.081932
0.158601
0.0102698
0.0209353
0.00904344
0.0105547
0.0067587
0.0198678
0.0118659
0.019727
0.0720955
0.0889529
0.0172462
0.0113421
0.0190649
0.0121256
0.0109464
0.0249192
0.0648888
0.103066
0.0993373
0.0562153
0.0316368
0.037813
0.0227844
0.0268666
0.283911
0.777979
0.397471
0.0544582
0.0264217
0.162103
0.0357981
0.0249847
0.0647559
0.130671
0.00447883
0.00411334
0.00689054
0.000485934
0.00198361
0.00451241
0.206926
0.46688
0.00263745
0.00253741
0.00241824
0.00140956
0.00158959
0.00705733
0.18455
0.498274
0.0720598
0.0113688
0.00634324
0.0335395
0.0124484
0.00318155
0.357433
0.498274
0.0425239
0.0267779
0.0199544
0.0223354
0.00978644
0.00219855
0.176243
0.433421
0.00361088
0.000736202
0.000976484
0.00292242
0.00288651
0.00524931
0.217247
0.433421
0.0312589
0.00629566
0.000718421
0.00510962
0.00679652
0.00918793
0.234078
0.433421
0.0300312
0.00618903
0.00664775
0.0149937
0.00804474
0.000783157
0.258381
0.433421
0.0362374
0.0354138
0.0231495
0.00289955
0.00393616
0.0163015
0.226385
0.415097
0.0953405
0.0177607
0.00102354
0.00344338
0.00294475
0.0167935
0.270079
0.415097
0.164119
0.0176674
0.00347602
0.0393566
0.0222264
0.0413301
0.21793
0.353856
0.119108
0.154066
0.0607904
0.0174932
0.00771328
0.0371461
0.311152
0.274802
0.155051
0.126857
0.0483681
0.0962471
0.0612642
0.0741975
0.228622
0.412655
0.08078
0.00277072
0.00537609
0.0368744
0.0301029
0.0228232
0.31897
0.412655
0.147882
0.00821741
0.00642559
0.0133339
0.00654211
0.0194459
0.249391
0.299062
0.0750519
0.0134917
0.0420211
0.117529
0.0778019
0.0619705
0.205899
0.334901
0.190126
0.0134822
0.0616038
0.152027
0.0625777
0.167417
0.220863
0.191005
0.0993211
0.111975
0.0449802
0.0154947
0.00562936
0.042317
0.0656696
0.0280894
0.0150187
0.450411
0.335096
0.0206723
0.00844404
0.0252176
0.143703
0.158874
0.103293
0.133649
0.0911638
0.0717302
0.0434667
0.181706
0.0428961
0.0270303
0.0115903
0.450411
0.434907
0.0270109
0.0149595
0.0602881
0.00302113
4.87363e-005
0.012276
0.454985
0.258101
0.0119123
0.00442764
0.000924624
0.0275175
0.00613152
0.0464308
0.332178
0.143888
0.0148171
0.0167704
0.0206726
0
0
0.0160718
0.454985
0.311542
0.00316198
0.00149802
0.000610748
0.0135484
2.19361e-005
0.0298442
0.452165
0.189688
0.00360157
0.0128483
0.0108308
0.0265685
0.0463276
0.0790034
0.0535407
0.0324298
0.0642895
0.0365337
0.022359
0.0826356
0.406316
0.318315
0.0464608
0.0281764
0.3708
0.330976
0.0368623
0.00796712
0.00905001
0.0255274
0.0263389
0.018743
0.05258
0.0475465
0.028855
0.00492979
0.0168089
0.0733417
0.0243292
0.0199612
0.313139
0.533731
0.0804009
0.0754665
0.322996
0.0857221
0.0164665
0.0110576
0.128825
0.268934
0.0133015
0.122361
0.35393
0.0526042
0.0450427
0.0530904
0.0853286
0.24332
0.0195397
0.00810712
0.0107481
0.0193157
0.00973738
0.00846175
0.137189
0.485821
0.0555955
0.0246212
0.0177046
0.0121237
0.0183374
0.0335813
0.156673
0.485821
0.0931183
0.121606
0.339158
0.0450026
0.0150033
0.0272388
0.0925303
0.205212
0.0313747
0.147803
0.30398
0.0692441
0.0930732
0.059139
0.0273435
0.135545
0.0492929
0.0290063
0.023004
0.00886113
0.00582464
0.0174539
0.157478
0.49117
0.140236
0.0367455
0.0486108
0.0925145
0.0940282
0.0469627
0.18179
0.49117
0.170731
0.133616
0.180213
0.150745
0.200945
0.12815
0.0298236
0.0657858
0.0680985
0.379783
0.231425
0.104223
0.120007
0.0828813
0.0619599
0.0851814
0.212737
0.0691803
0.155592
0.159531
0.130845
0.0883717
0.142343
0.45429
0.121258
0.257691
0.152504
0.0925391
0.0681334
0.0583911
0.0426255
0.218496
0.229226
0.288706
0.208551
0.0359946
0.0311926
0.047696
0.0653305
0.0964592
0.181684
0.137389
0.236815
0.0801007
0.0491268
0.0787343
0.14023
0.115391
0.290071
0.196803
0.0853493
0.103657
0.066228
0.0409315
0.0185012
0.135745
0.169048
0.0882243
0.451247
0.427993
0.148553
0.0743544
0.0447092
0.11778
0.142476
0.0671603
0.101329
0.0330841
0.105126
0.0991002
0.0783849
0.0435917
0.169481
0.0177744
0.0163006
0.0044411
0.442993
0.348705
0.0346218
0.00975733
0.0461654
0.0450359
0.263647
0.156597
0.287278
0.134947
0.0571797
0.0285072
0.0640523
0.0140808
0.0370613
0.00952953
0.442993
0.395134
0.035579
0.0124066
0.0192625
0
0
0.0157
0.471243
0.26964
0.00112496
0.000205093
8.7897e-005
0.00671538
0.000907802
0.0257233
0.366121
0.129356
0.00271039
0.00506979
0.00900614
0
0
0.0122889
0.471243
0.328543
0.00269097
0
0
0.00276115
0.00187793
0.0208397
0.383196
0.170929
0.00897237
0.00193039
0.0073291
0.0384527
0.0481739
0.0460767
0.0811203
0.0426432
0.0458084
0.0582665
0.0469377
0.0151995
0.0207651
0.0145988
0.11717
0.108069
0.266548
0.724344
0.149243
0.0238265
0.0753834
0.0560991
0.093362
0.0564749
0.0483117
0.0509082
0.0398581
0.0115039
0.0283895
0.0276988
0.150747
0.174792
0.235674
0.0486651
0.0241327
0.00455383
0.000595443
0.00024664
0.0179762
0.0198691
0.0662987
0.477163
0.0711784
0.0123801
0
0
0.00485687
0.0106996
0.148263
0.735366
0.153518
0.00391258
0.00139517
0.00102992
0.0210272
0.0484794
0.0485816
0.0183919
0.00921754
0.00490263
0.00286813
0.00316208
0.00945271
0.0439904
0.050594
0.299979
0.0558426
0.00424068
0
0
0.00051091
0.0020512
0.0662038
0.505486
0.0876273
0.00425556
0.0059846
0.0177376
0.0114604
0.00452893
0.135439
0.505486
0.116062
0.00158291
0.000414587
0.00196393
0.00245461
0.010526
0.024191
0.348443
0.0531045
0.00175281
0.00015226
0.00152566
0.00246265
0.00522014
0.0642314
0.505486
0.100091
0.0103572
0.021592
0.018333
0.0144399
0.00653622
0.100689
0.491106
0.0642149
0.0203045
0.0196608
0.0137976
0.022046
0.0134144
0.0542931
0.424244
0.0669276
0.000198124
0.000198234
0.000620407
0.000650233
0.000895112
0.0652706
0.491106
0.0685941
0.000477819
0.000177267
0.00463444
0.00924947
0.00352887
0.0888418
0.491106
0.0804327
0.0135742
0.0446963
0.0911875
0.0941421
0.033703
0.0660675
0.227693
0.0398798
0.00886371
0.208401
0.286121
0.181095
0.0590326
0.11292
0.14987
0.0168243
0.00240777
0.0220957
0.0350332
0.0652039
0.0145708
0.141551
0.488549
0.0638581
0.0126498
0.0486151
0.0739872
0.124018
0.0497028
0.37416
0.488549
0.0528553
0.00589403
0.112975
0.0998532
0.331215
0.130523
0.0389383
0.047025
0.0137653
0.00161694
0.0110183
0.0022082
0.446231
0.275979
0.00877259
0.00336009
0.00451952
0.0266886
0.0159767
0.0761333
0.301046
0.145947
0.152714
0.300668
0.0428007
0.0167564
0.00335129
0.0551149
0.446231
0.298619
0.00944059
0.0294966
0.00966395
0
0
0.00543113
0.502982
0.28059
0.00115107
0
0
0.0010563
0.00357935
0.0103075
0.318286
0.179262
0.0048954
0.000838241
0.00130895
0
0.0106347
0.0296151
0.502982
0.305407
0.0111937
0.0242063
0.00815638
0.0418295
0.0382766
0.0261854
0.270953
0.221241
0.0225036
0.0522772
0.0863691
0.0429219
0.0867048
0.0798816
0.100999
0.0676786
0.124997
0.14982
0.0601855
0.0651556
0.0859203
0.047991
0.144025
0.212923
0.242884
0.151699
0.0333275
0.117812
0.0574768
0.0763889
0.105444
0.102279
0.1566
0.20051
0.179145
0.138063
0.0975465
0.0579444
0.175825
0.407944
0.142956
0.14153
0.0859881
0.0206944
0.0227878
0.00914247
0.0858464
0.262197
0.168456
0.0558046
0.0119465
0.0179093
0.0274093
0.0507431
0.0598624
0.254548
0.211256
0.121187
0.0481352
0.0217295
0.0243411
0.0264844
0.084522
0.438116
0.146344
0.0620219
0.0172002
0.00581297
0.00685232
0.0670242
0.0904319
0.43195
0.244792
0.114569
0.00698149
0.00634497
0.00424455
0.0227299
0.00980695
0.0365758
0.030925
0.112956
0.0514449
0.00842534
0.00576553
0.031234
0.0267832
0.0336012
0.0401884
0.921691
0.140739
0.00225721
0.00783542
0.0288082
0.0240344
0.0616335
0.0416107
0.0273674
0.00511946
0.0143536
0.0285369
0.0453093
0.0451772
0.0237469
0.0270574
0.0476045
0.0253425
0.00161878
0.00141551
0.00583707
0.00483098
0.00331349
0.0389456
0.564819
0.0518368
0.00167861
0.000569924
0.00205203
0.00109013
0.000154664
0.109855
0.564819
0.0768517
0.006564
0.00610972
0.0103984
0.0080942
0.00541237
0.0114002
0.0799747
0.018073
0.00291353
0.000870481
0.00599038
0.00278684
0.0111234
0.0627682
0.51957
0.0530107
0.00232089
0.00346212
0.00149284
0.00163171
0
0.0715727
0.470701
0.038757
0.0109536
0.00656246
0.0105544
0.00621076
0.00494027
0.175803
0.470701
0.0607424
0.000975126
0.000328494
0.000487833
0.000441438
0.00278652
0.060556
0.470701
0.0470011
0.00298108
0.000685195
0
0
0.000799837
0.0982362
0.470701
0.100595
0.0552667
0.00836862
0.0661047
0.112156
0.05047
0.137928
0.376794
0.0716277
0.0528573
0.00591731
0.0871227
0.437559
0.17704
0.0268875
0.0711469
0.038263
0.0468985
0.0028219
0.0209237
0.0295229
0.00771279
0.0955195
0.437559
0.13462
0.0781919
0.00509676
0.0665699
0.39928
0.122273
0.0433922
0.324341
0.114877
0.0296821
0.0122809
0.066157
0.462159
0.173541
0.0150005
0.0508569
0.0411592
0.132964
0.0283594
0.0392115
0.161905
0.0890829
0.027006
0.0998733
0.302502
0.0596089
0.0100657
0.0746962
0.477044
0.223978
0.0102323
0.0616467
0.0624081
0.145684
0.0136257
0.029574
0.339134
0.10082
0.0108207
0.0544196
0.312331
0.105776
0.0288706
0.0661802
0.0802189
0.0726145
0.0671393
0.166923
0.188706
0.103408
0.0310629
0.0452926
0.0827847
0.286422
0.0922121
0.125763
0.173784
0.154435
0.0994143
0.0702853
0.0931566
0.0734883
0.103126
0.229651
0.0991989
0.106806
0.0560022
0.105799
0.0470499
0.178645
0.26738
0.327773
0.251975
0.0173575
0.00942232
0.0264417
0.0325962
0.307118
0.139969
0.0554397
0.0667536
0
0.00273869
0.0386281
0.0555577
0.351742
0.298611
0.105336
0.0452525
0.0169589
0.0206203
0.0771563
0.0443471
0.157693
0.201416
0.143961
0.163906
0.00158295
0.0139675
0.0807989
0.149229
0.339258
0.313422
0.128579
0.0807295
0.0025332
0.00986038
0.0438332
0.0692649
0.225371
0.244138
0.156906
0.0631325
0.0677629
0.106779
0.0690042
0.119348
0.0618271
0.196818
0.187249
0.0965597
0.00875514
0.0042996
0.0354113
0.150789
0.266605
0.314957
0.177001
0.0830888
0.107831
0.0344451
0.0883019
0.163193
0.175616
0.270905
0.169558
0.10431
0.0514782
0.0675137
0.0684307
0.0915682
0.0841286
0.117032
0.114007
0.0534425
0.0181658
0.0136773
0.0789356
0.0784052
0.230509
0.211531
0.495435
0.12748
0.0908542
0.0245148
0.103618
0.119657
0.136413
0.142687
0.10715
0.0582335
0.0354676
0.0205052
0.0711934
0.0851987
0.202305
0.175743
0.287991
0.146961
0.00479867
0.00375687
0.00418537
0.00655367
0.0227764
0.0480211
0.33273
0.0657063
0.00313234
0.00175502
0.000449736
0.00468282
0.0160996
0.0990342
0.845814
0.166689
0.00416972
0.00439442
0.00362615
0.0133941
0.0307994
0.0223022
0.0518735
0.022895
0.00486496
0.00276245
0.00127666
0.0205557
0.0452044
0.0548905
0.183795
0.0422673
0.0101753
0.000373525
0.000702101
0.00187072
0.00233252
0.0570487
0.502672
0.0975168
0.105509
0.02647
0.0791861
0.243882
0.0590199
0.0662721
0.502672
0.222554
0.00206214
0.000860352
0.00107366
0.00713248
0.0129451
0.0250048
0.251089
0.0539678
0.115016
0.0383868
0.0550718
0.0476797
0.0116985
0.038748
0.365451
0.274103
0.134526
0.0651926
0.208982
0.632464
0.18034
0.0252095
0.160938
0.172792
0.0481437
0.020688
0.0668789
0.392232
0.106616
0.00888928
0.010498
0.0669072
0.184633
0.0983618
0.162747
0.167521
0.0248767
0.0205876
0.12691
0.262093
0.0320846
0.0309197
0.0681239
0.113495
0.0333681
0.0177033
0.0162951
0.018809