0.0107251
0.0219312
0.0281848
0.0978506
0.237782
0.150578
0.124788
0.0850422
0.0663095
0.104574
0.0473716
0.186937
0.259994
0.11669
0.181338
0.187447
0.031029
0.0717996
0.05101
0.265852
0.326909
0.155188
0.0548921
0.0644613
0.209767
0.20647
0.0430403
0.253356
0.302521
0.110338
0.182084
0.329065
0.0476517
0.0861035
0.130458
0.280764
0.172763
0.0284618
0.0897647
0.116027
0.0435702
0.0684495
0.268805
0.330456
0.166497
0.0671585
0.119685
0.11766
0.13613
0.143062
0.0703722
0.207156
0.225224
0.0376552
0.147963
0.233449
0.128402
0.0983934
0.173111
0.265382
0.299888
0.0736634
0.196537
0.233504
0.084274
0.0905
0.197029
0.151349
0.0969463
0.136693
0.0741562
0.14613
0.150893
0.143824
0.119941
0.0696193
0.0468845
0.131575
0.0793541
0.220451
0.143141
0.114319
0.205985
0.132337
0.167145
0.155762
0.220339
0.28592
0.228941
0.171946
0.226338
0.152244
0.0647228
0.237772
0.179187
0.362612
0.1118
0.092791
0.117787
0.0767591
0.0779401
0.10478
0.0593953
0.177233
0.175554
0.112117
0.149171
0.0878622
0.0846044
0.119731
0.16245
0.156246
0.249027
0.079322
0.228098
0.149362
0.0503537
0.181367
0.161495
0.272909
0.187546
0.141148
0.331813
0.120798
0.0982078
0.17592
0.301398
0.285429
0.173998
0.0823279
0.107414
0.0380007
0.045772
0.0368723
0.0546182
0.0612275
0.365545
0.249891
0.168468
0.0499084
0.04017
0.0209788
0.0162835
0.0499064
0.127447
0.203076
0.190664
0.0305614
0.0393755
0.0613654
0.0773211
0.101501
0.278435
0.575363
0.335478
0.0276469
0.0650802
0.0695679
0.015439
0.0613261
0.190123
0.179495
0.130898
0.0338034
0.0134809
0.00571642
0.0171236
0.061605
0.12302
0.217928
0.12688
0.0373166
0.00895756
0.0203918
0.136153
0.108479
0.224014
0.487031
0.253273
0.0312212
0.0254333
0.0173549
0.0139863
0.0584701
0.284179
0.49884
0.192186
0.0427766
0.0328102
0.0275537
0.0980186
0.10955
0.131022
0.140788
0.0615095
0.0266643
0.0323581
0.052119
0.118256
0.139605
0.334014
0.174119
0.0799783
0.0384757
0.0931918
0.0461296
0.0420728
0.219972
0.215476
0.300915
0.0658439
0.128458
0.178658
0.0945505
0.101674
0.0862694
0.440846
0.342688
0.0676515
0.154401
0.254975
0.0829584
0.0703949
0.165078
0.0252906
0.0324838
0.0676145
0.181
0.126069
0.0687144
0.113429
0.0925381
0.107728
0.11249
0.241449
0.130352
0.105813
0.0816686
0.215431
0.322734
0.0203083
0.0174814
0.0999414
0.176217
0.0614813
0.067986
0.113251
0.0850804
0.115902
0.078106
0.531929
0.304554
0.0581156
0.142445
0.170919
0.252961
0.0800717
0.155977
0.273592
0.0752945
0.070171
0.0639798
0.120728
0.185701
0.101353
0.146488
0.175253
0.114909
0.19174
0.108061
0.112805
0.234573
0.12675
0.126305
0.450452
0.137991
0.0464354
0.119503
0.0920709
0.188319
0.116653
0.131185
0.218936
0.214755
0.138591
0.109507
0.118493
0.304923
0.0865077
0.116482
0.0829249
0.0981653
0.143281
0.0873649
0.11794
0.178003
0.0949898
0.141971
0.186209
0.159523
0.0659633
0.122804
0.105126
0.177943
0.105828
0.188644
0.0844006
0.152818
0.142597
0.102053
0.122422
0.177307
0.132032
0.598806
0.314287
0.0908595
0.0867013
0.125042
0.0837111
0.0849542
0.0643859
0.0681854
0.105645
0.0600673
0.0208028
0.048479
0.046076
0.103245
0.105566
0.237821
0.128676
0.025975
0.0339053
0.0403828
0.0550576
0.106776
0.146428
0.47942
0.251428
0.0304492
0.0162216
0.0199147
0.0115548
0.068415
0.356268
0.553257
0.213337
0.00976599
0.00960784
0.00929301
0.00328111
0.066657
0.076862
0.219002
0.120135
0.0107686
0.00965454
0.0142606
0.0134408
0.0234862
0.156052
0.442533
0.169076
0.00929454
0.0176108
0.0156323
0.00180687
0.0117828
0.252404
0.445534
0.0871322
0.00198894
0.00170469
0.00219914
7.70446e-005
0.00940705
0.403058
0.445534
0.0713298
0.00176654
0.00477768
0.00140425
0.000433621
0.0310798
0.208385
0.405084
0.102459
0.0101984
0.0112948
0.0125312
0.0073621
0.0292052
0.203693
0.270866
0.0517119
0.0903346
0.100887
0.0366625
0.0304315
0.0776592
0.313413
0.408539
0.0184464
0.0632504
0.0431704
0.0124222
0.0140968
0.0630904
0.143473
0.155643
0.00224581
0.408539
0.315553
0.0477939
0.0404894
0.0720663
0.0837778
0.0956928
0.0153213
0.260552
0.224342
0.0560591
0.039088
0.0349708
0.229143
0.197109
0.0251295
0.220018
0.176975
0.0795701
0.0841177
0.0402901
0.0220971
0.0194121
0.00791782
0.494628
0.353784
0.0373932
0.0260715
0.0182966
0.136851
0.144769
0.0793943
0.411673
0.167241
0.0671985
0.0523243
0.00565338
0.00713379
0.00749974
0.0366871
0.0954298
0.0373993
0.0237094
0.0468035
0.0567949
0.0808801
0.071816
0.140333
0.180447
0.0716245
0.0977247
0.139547
0.213651
0.117894
0.254419
0.0385963
0.0963369
0.0432667
0.0075302
0.0266822
0.0403943
0.331491
0.715274
0.135143
0.118781
0.065158
0.0284299
0.0810667
0.0942786
0.0644982
0.100639
0.110804
0.112581
0.0455296
0.0562312
0.0406293
0.0934586
0.106327
0.245584
0.116946
0.148901
0.0406051
0.0206142
0.0322452
0.0695625
0.158553
0.53819
0.115808
0.0936312
0.0385817
0.018588
0.0185252
0.0254835
0.343259
0.53819
0.144497
0.0877701
0.0209206
0.00483292
0.000160865
0.0177526
0.100917
0.247606
0.0617046
0.0458117
0.020982
0.0198491
0.0278472
0.0422913
0.169661
0.451382
0.125587
0.0102487
0.0133355
0.0283084
0.0174066
0.0298419
0.282273
0.451382
0.0643573
0.0122925
0.00283651
0.000279962
0.000588886
0.0195183
0.337967
0.451382
0.0738396
0.0808649
0.0196091
0.00734753
0.00617521
0.0738337
0.157052
0.407269
0.128873
0.0040903
0.00583023
0.00442609
0.00326703
0.0289329
0.232059
0.407269
0.0958682
0.00239404
0.0156847
0.0134162
0.0142751
0.0529215
0.182836
0.393333
0.128095
0.137496
0.0437642
0.0326992
0.00870583
0.094293
0.30739
0.342484
0.190328
0.0696689
0.0841887
0.054143
0.0420996
0.138645
0.246406
0.409386
0.0379136
0.00501544
0.00478875
0.00862115
0.00842577
0.0249594
0.325992
0.409386
0.0785896
0.00727234
0.00733072
0.000252783
0.000284864
0.0356883
0.262957
0.299292
0.132087
0.0611429
0.0586536
0.0309335
0.0445228
0.0743461
0.225261
0.381273
0.183386
0.065882
0.0530831
0.0399733
0.0723123
0.109306
0.196647
0.259937
0.0478839
0.0925184
0.0735767
0.00256198
0.00357559
0.0531668
0.0547839
0.0559674
0.00717522
0.438515
0.335655
0.00727091
0.00743734
0.0276569
0.161592
0.214932
0.0817745
0.125953
0.1218
0.0144393
0.0442446
0.128682
0.0490984
0.0439918
0.0181347
0.438515
0.438515
0.00141483
0.0112332
0.0380641
0.00241883
0.00339106
0.0124982
0.457543
0.245144
0.00534188
0.00252657
0.00093303
0.0231946
0.0228249
0.0580282
0.368279
0.13071
0.0153986
0.00380365
0.00253867
0.000960529
0.000329734
0.0590468
0.457543
0.262999
0
0
0
0.0023189
0.00249917
0.114821
0.457543
0.152132
0.00150712
0.00365515
0.00426915
0.0619438
0.181565
0.0404488
0.135022
0.0427426
0.044231
0.125622
0.0141456
0.176138
0.524026
0.0934278
0.102285
0.015352
0.0685287
0.35081
0.0444236
0.0184903
0.042757
0.0257814
0.0911402
0.0304963
0.0656313
0.23522
0.0571189
0.0400945
0.0975089
0.0459874
0.0661693
0.00832985
0.119615
0.524026
0.188413
0.110555
0.400654
0.0373953
0.0443873
0.0190642
0.0313321
0.138786
0.0354829
0.183008
0.395482
0.0507616
0.0701573
0.0220006
0.0786006
0.125648
0.0352849
0.0234051
0.0326597
0.012792
0.0264006
0.0116727
0.0657767
0.467588
0.140275
0.0437388
0.053782
0.0175469
0.0454536
0.0146671
0.152765
0.467588
0.20023
0.189806
0.385017
0.0301073
0.0250812
0.00786254
0.0390226
0.1193
0.0342343
0.213299
0.324696
0.0320909
0.149245
0.0709471
0.0259619
0.0351598
0.0616034
0.0479467
0.051966
0.00795526
0.034729
0.0120694
0.120262
0.436241
0.199033
0.13215
0.0827533
0.0444914
0.155494
0.144053
0.107907
0.436241
0.21243
0.202663
0.154195
0.0732654
0.241755
0.0675849
0.0829704
0.0116502
0.140554
0.429004
0.167832
0.120023
0.104825
0.0490202
0.0664143
0.0269533
0.231092
0.246933
0.0841175
0.106288
0.16034
0.0940724
0.0904287
0.193471
0.225665
0.396382
0.0871832
0.066262
0.0618159
0.0100886
0.0386922
0.0700246
0.33035
0.291071
0.139468
0.10471
0.06667
0.0656495
0.0399091
0.0739791
0.152537
0.163752
0.179591
0.0882239
0.0667678
0.0797147
0.116516
0.205282
0.270623
0.226038
0.0891656
0.111116
0.0621481
0.0623234
0.0272091
0.114568
0.219981
0.193514
0.449798
0.308755
0.120798
0.108415
0.0867683
0.212829
0.197395
0.070521
0.0847078
0.0199254
0.122422
0.127089
0.0484726
0.0933407
0.19482
0.0140224
0.0114837
0.0105483
0.452011
0.326406
0.0120437
0.0181843
0.0468316
0.0911528
0.256
0.0925233
0.305969
0.157525
0.0736607
0.0684361
0.102554
0.012493
0.0222695
0.0138999
0.452011
0.346812
0.0369668
0.00881098
0.017324
0.000148927
5.11243e-005
0.0652661
0.492655
0.186082
0
0.00532839
0.00142591
0.000924362
0.00347871
0.12164
0.361648
0.115448
0.00331673
0.0119125
0.00748661
0
0
0.0776688
0.492655
0.220486
0
0.00799258
0.00213886
0.00303675
0.000869678
0.11517
0.430802
0.117587
0.00759976
0.0158051
0.012513
0.0177163
0.016776
0.0173424
0.0224687
0.0148493
0.0349827
0.142002
0.0614257
0.0277229
0.0146312
0.00700514
0.0139053
0.00489929
0.0660444
0.890318
0.273742
0.011437
0.0155277
0.00957904
0.0327332
0.0374849
0.0266186
0.0198387
0.0234084
0.0263588
0.0161604
0.0164031
0.0420506
0.0254552
0.0239133
0.0441965
0.046885
0.00484478
0.00141988
0.00227383
0.00489668
0.000477167
0.0245674
0.547717
0.124592
0.00843076
0.000561015
0.00154801
0.00481611
0.000256778
0.0726505
0.547717
0.237767
0.00601587
0.00639199
0.00902174
0.013498
0.00419489
0.00897436
0.080088
0.0332348
0.00959276
0.00389531
0.00603735
0.0139339
0.0146131
0.0353606
0.492461
0.124994
0.00386834
0
0.000109658
0.00519011
0.00160265
0.0551866
0.455475
0.15248
0.0301697
0.00864748
0.00902812
0.0245742
0.0286368
0.0858653
0.455475
0.182238
0.00272559
0.000648828
0.00223095
0.00354463
0.00769512
0.0313876
0.455475
0.114615
0.000623157
0.000623026
0.00206866
0.00198611
0.00161845
0.0570578
0.455475
0.195584
0.0624181
0.0175568
0.0257179
0.0221372
0.0209086
0.0668952
0.44617
0.142607
0.0646981
0.012652
0.0264747
0.027534
0.0185169
0.0326675
0.307138
0.127689
0.00216391
7.19439e-005
0.000218332
0.000349208
0.000232217
0.0667676
0.508729
0.185122
0.0132734
0.00200297
0.0124232
0.0151759
0.018829
0.0652773
0.508729
0.201807
0.0369966
0.0726679
0.125347
0.0812709
0.0751445
0.0517135
0.153874
0.0664545
0.0589027
0.266411
0.310215
0.159134
0.0972427
0.0754379
0.129491
0.0403628
0.0238796
0.0351008
0.0578735
0.0539318
0.0651534
0.146672
0.469
0.124747
0.040296
0.0677209
0.0881833
0.14016
0.105199
0.338827
0.469
0.099598
0.0388716
0.11663
0.0872688
0.361765
0.116137
0.0254832
0.0305598
0.0195521
0.00587186
0.00633642
0.00765527
0.446879
0.226035
0.00988048
0.000594438
0.00229788
0.0303336
0.0278881
0.0267963
0.389899
0.178282
0.105539
0.210025
0.0588041
0.00717469
0.011306
0.0111215
0.446879
0.300869
0.00556028
0.0116326
0.0102036
0
0
0.0501995
0.508821
0.19101
0
0.00115338
0.000308652
0.00394973
0.000371214
0.0581289
0.375501
0.101158
0.0117673
0.00407714
0.00803045
0
0
0.0279862
0.508821
0.241685
0.0250102
0.0272152
0.00229751
0.0586316
0.00580956
0.0277516
0.39143
0.111689
0.0544216
0.0566452
0.0379918
0.0355031
0.0571764
0.0623183
0.134295
0.146235
0.0924863
0.0829586
0.158201
0.0234138
0.0497228
0.0897703
0.264646
0.200646
0.0897739
0.0371616
0.124877
0.0448448
0.041144
0.119499
0.143431
0.151931
0.0934529
0.125979
0.168027
0.0264405
0.0511641
0.157769
0.260815
0.427192
0.0775829
0.0660585
0.107151
0.0114724
0.0937658
0.136051
0.129943
0.0788877
0.0960902
0.0366823
0.0210793
0.0735771
0.0862062
0.11281
0.0905087
0.147416
0.208698
0.407443
0.304219
0.00331591
0.0884846
0.133153
0.117876
0.219216
0.121623
0.0542006
0.0620524
0.145352
0.084539
0.102765
0.120856
0.113945
0.199864
0.0746555
0.187844
0.01711
0.0113961
0.0138914
0.0169554
0.0204612
0.0325284
0.293248
0.10871
0.00933294
0.0129698
0.0144359
0.0232354
0.0127556
0.0702888
0.842452
0.290988
0.0354535
0.014673
0.010654
0.0237888
0.0123231
0.0187434
0.00780287
0.0297364
0.026247
0.0252915
0.0167529
0.0301624
0.0343465
0.0222779
0.078059
0.0542371
0.00264376
0.000897191
0.000778297
0.00270693
0.00214682
0.0314494
0.530618
0.122519
0.00842835
0.000601783
0.00186928
0.00135302
0.0023341
0.048607
0.530618
0.198442
0.00430099
0.00377568
0.00425906
0.00679215
0.00812407
0.0104085
0.146524
0.0458695
0.00491072
0.00271837
0.00346843
0.00671708
0.00541757
0.0297997
0.530618
0.14241
0.00555655
0.00143493
0.00193467
0.00180322
0.00503976
0.0620678
0.458947
0.11198
0.0136449
0.00703121
0.00337159
0.0210961
0.022809
0.156248
0.458947
0.116133
0.00230306
0.000419635
0.000613096
0.00143482
0.00432615
0.0347328
0.458947
0.111745
0.00453155
0.00151865
0.00072198
0.00100618
0.00354546
0.0816025
0.458947
0.190049
0.0400914
0.0431213
0.0119391
0.176047
0.089297
0.102051
0.331787
0.0843867
0.035622
0.0437542
0.0162441
0.432566
0.241002
0.0178335
0.0630729
0.0211969
0.0557715
0.0332903
0.00298478
0.0508145
0.0163843
0.0794913
0.432566
0.19191
0.0994606
0.0474848
0.0252861
0.420542
0.169133
0.0264017
0.25716
0.10589
0.0296933
0.00457722
0.0288842
0.420435
0.216905
0.0309068
0.0637535
0.0357123
0.152244
0.0030605
0.0243241
0.175474
0.0649587
0.0586115
0.123844
0.248662
0.0695293
0.00957621
0.0571651
0.467615
0.300319
0.00919231
0.0608208
0.0644343
0.168713
0.000901079
0.0345569
0.294742
0.136253
0.0180783
0.0742507
0.341499
0.0365036
0.0581623
0.15239
0.134381
0.129595
0.0630941
0.0744619
0.084826
0.0294819
0.0471738
0.161696
0.134207
0.320117
0.0330358
0.145326
0.0943544
0.0242782
0.0535435
0.144905
0.179336
0.205803
0.128341
0.226911
0.136138
0.10461
0.0784248
0.16935
0.13691
0.208247
0.0775715
0.270124
0.172259
0.0241544
0.0251872
0.05534
0.101371
0.272477
0.0981969
0.118639
0.0845067
0.177492
0.0204536
0.0465755
0.184608
0.179737
0.224619
0.106866
0.167847
0.125481
0.0610233
0.105065
0.157658
0.142593
0.0584913
0.154792
0.0836218
0.185385
0.0830096
0.0749932
0.211248
0.127787
0.185604
0.159345
0.22208
0.176179
0.0690425
0.032511
0.125788
0.101082
0.149452
0.0499411
0.175856
0.112075
0.177007
0.0476011
0.0812279
0.184963
0.111064
0.0888673
0.125267
0.11336
0.101939
0.0238269
0.127709
0.166084
0.206287
0.128039
0.230597
0.0659382
0.240765
0.128333
0.195583
0.170917
0.223008
0.166211
0.0953676
0.0445133
0.0599961
0.0425677
0.0542347
0.076692
0.0420978
0.0590662
0.053796
0.0498135
0.0826898
0.082761
0.0885928
0.0655323
0.0632997
0.699965
0.292239
0.0250277
0.0965283
0.106667
0.11407
0.112002
0.0609597
0.0539852
0.0280827
0.0522067
0.0995123
0.110999
0.137872
0.162693
0.0839627
0.0945034
0.0762026
0.00816233
0.00618877
0.00743549
0.00853022
0.0164836
0.0262232
0.45109
0.105223
0.0113276
0.0021577
0.00221464
0.00521061
0.0102124
0.108028
0.761249
0.265812
0.0112477
0.0172277
0.0108843
0.0162861
0.0158463
0.0191505
0.0285843
0.0177256
0.0193928
0.0242425
0.0123002
0.0115285
0.00883085
0.0329389
0.199291
0.052899
0.0175867
0.00469363
0.000286352
0.00243599
0.00109904
0.0607007
0.472337
0.16862
0.150129
0.0339326
0.0713359
0.220378
0.055519
0.036474
0.472337
0.264642
0.00733219
0.00480561
0.00728767
0.0028643
0.00650424
0.024104
0.275522
0.0852767
0.150953
0.0358018
0.0540691
0.0409399
0.0142274
0.0236652
0.313963
0.333049
0.197278
0.0624142
0.198832
0.611649
0.216769
0.00751328
0.118274
0.170253
0.0680392
0.0168676
0.0706828
0.360799
0.141084
0.0126254
0.00468288
0.089823
0.248043
0.0864316
0.155889
0.16072
0.031425
0.0153273
0.0957114
0.271349
0.0451445
0.027224
0.0637384
0.109551
0.0443131
0.0259566
0.0159634
0.0130724