0.0821748
0.352371
0.138756
0.0847468
0.126172
0.0917322
0.0108679
0.043256
0.0966986
0.260654
0.0292771
0.0948651
0.198569
0.15625
0.0585936
0.128331
0.271852
0.392065
0.233399
0.0653674
0.0566181
0.0301745
0.0443682
0.200113
0.310595
0.212047
0.0527521
0.166586
0.158969
0.126697
0.0562118
0.240128
0.0509904
0.0581728
0.000172362
0.268284
0.244576
0.0849477
0.0798871
0.112676
0.0453357
0.044198
0.0154872
0.293672
0.294375
0.107457
0.119089
0.143236
0.148488
0.0590915
0.0464826
0.397733
0.202491
0.0813609
0.0547758
0.0897906
0.0243139
0.0660365
0.154156
0.425675
0.315962
0.065366
0.103756
0.0324991
0.0587221
0.0392747
0.048348
0.0899098
0.210465
0.122011
0.101628
0.166462
0.0914933
0.0568103
0.0878066
0.160039
0.270755
0.107756
0.0582929
0.172834
0.0033026
0.0202103
0.140197
0.302791
0.370094
0.0894841
0.106222
0.036498
0.0540491
0.0253069
0.154383
0.434353
0.397823
0.143703
0.0904824
0.0679623
0.0625083
0.0284873
0.0353593
0.24894
0.198079
0.0373534
0.0376213
0.127883
0.0644386
0.0235964
0.0401392
0.41749
0.244606
0.0557694
0.0336837
0.166079
0.057122
0.0118701
0.0664958
0.392343
0.225496
0.0905529
0.0467992
0.0728348
0.179868
0.109835
0.121991
0.428745
0.213728
0.109856
0.0089939
0.172387
0.127012
0.0307646
0.0233363
0.140358
0.102885
0.0928685
0.046305
0.230089
0.237068
0.101741
0.0438216
0.0247157
0.0512512
0.0687418
0.132883
0.334018
0.270621
0.190113
0.214525
0.123201
0.0671781
0.0645286
0.0132166
0.260735
0.42703
0.248048
0.26926
0.0585758
0.0775361
0.048729
0.0563588
0.241799
0.131495
0.0518217
0.0426048
0.0131609
0.0107979
0.019173
0.109083
0.283515
0.266177
0.0783075
0.0493108
0.00739095
0.00691496
0.0360826
0.115769
0.394253
0.365239
0.257983
0.152269
0.0458288
0.0324516
0.0270139
0.0304709
0.114187
0.405495
0.330417
0.149921
0.0866795
0.0753052
0.0443537
0.0825481
0.190897
0.288971
0.0595598
0.0299855
0.0228219
0.0863703
0.0966097
0.124111
0.308837
0.111295
0.0342414
0.0496906
0.0385708
0.162224
0.137928
0.0913797
0.153677
0.32259
0.106604
0.100105
0.336033
0.261604
0.0640898
0.136222
0.156848
0.145508
0.035735
0.105783
0.353871
0.313376
0.0905469
0.0589224
0.145266
0.429159
0.164775
0.0688012
0.0193708
0.022162
0.0154255
0.0447892
0.368476
0.429159
0.0564584
0.0237432
0.0616909
0.0657403
0.0569085
0.0165353
0.429159
0.220191
0.0325287
0.00262903
0.00477
0.00281326
0.00475748
0.0117071
0.188268
0.274757
0.0322879
0.010594
0.0026378
0.000157308
0.000913602
0.00928416
0.238595
0.304977
0.0697585
0.0687623
0.173519
0.0861768
0.0554303
0.011914
0.177143
0.0704311
0.071415
0.133286
0.428313
0.264436
0.0601411
0.0600862
0.0358583
0.239802
0.109268
0.0315364
0.0635677
0.0174637
0.0128769
0.00709079
0.119056
0.198859
0.317791
0.0801555
0.423173
0.254561
0.0920018
0.0185081
0.0457929
0.012814
0.0165348
0.0650121
0.231175
0.262707
0.0253938
0.0646638
0.0351177
0.0368862
0.0675646
0.130126
0.185129
0.244524
0.0610012
0.067019
0.0422914
0.220759
0.259581
0.0932649
0.215223
0.261734
0.0377963
0.0209408
0.0925557
0.366051
0.415644
0.293879
0.0837828
0.191171
0.0192516
0.0292171
0.103821
0.0598285
0.0711421
0.0940124
0.165181
0.088815
0.0641064
0.0489174
0.0602127
0.209347
0.18312
0.157069
0.208891
0.077923
0.0880759
0.0133433
0.10555
0.283662
0.424087
0.205806
0.040229
0.0332627
0.029369
0.0360161
0.0738119
0.424087
0.424087
0.193147
0.0369598
0.0130845
0.0323498
0.0260301
0.105733
0.205583
0.200218
0.142601
0.0322616
0.0141958
0.0233023
0.00786874
0.057468
0.367071
0.331061
0.159818
0.0101389
0.0104575
0.00519516
0.0142574
0.0361422
0.376226
0.376226
0.0741906
0.00498865
0.00306194
0.00904173
0.0117913
0.0486886
0.376226
0.376226
0.0819195
0.00951204
0.00516535
0
0.0100819
0.0449039
0.396966
0.283923
0.0756966
0.0399352
0.0171699
0.03737
0.0154653
0.0490694
0.296313
0.139652
0.0854366
0.203643
0.123634
0.0897291
0.0380235
0.10309
0.396966
0.243709
0.0568677
0.222074
0.0509655
0.0389074
0.0162183
0.0665962
0.146019
0.0386064
0.118034
0.396966
0.191928
0.0820628
0.0256358
0.0496606
0.0761461
0.0312443
0.159265
0.391672
0.230805
0.0435205
0.0362069
0.0491718
0.0503439
0.0255243
0.111229
0.342315
0.227866
0.0663251
0.0144565
0.0331202
0.012057
0.0185793
0.235712
0.443519
0.244691
0.104636
0.0163559
0.0146332
0.0207691
0.0606089
0.180658
0.285595
0.183028
0.208685
0.036539
0.024081
0.0923013
0.0358821
0.0184138
0.00688689
0.00128828
0.00303755
0.0032883
0.10451
0.229189
0.298051
0.0321204
0.00352179
0.000224616
0.000424283
0.00314239
0.0386429
0.317515
0.10736
0.0483843
0.0136326
0.0287136
0.0474848
0.142108
0.456878
0.320542
0.456878
0.16154
0.0567646
0.113552
0.115685
0.221461
0.163656
0.235831
0.275561
0.0146875
0.0149862
0.00539557
0.000361278
0.00132548
0.00952569
0.309489
0.372882
0.0536984
0.0683259
0.0453831
0.0208176
0.000246983
0.0345257
0.257778
0.372882
0.0829085
0.0706758
0.0811271
0.0603137
0.0717496
0.0291734
0.372882
0.372882
0.181335
0.0956444
0.0812741
0.0907139
0.114514
0.056977
0.250471
0.356822
0.0597749
0.0293775
0.0347776
0.0124345
0
0.0475391
0.356822
0.356822
0.0851298
0.0157896
0.0224907
0.0157383
0.00210824
0.0529563
0.319713
0.356822
0.072217
0.0177034
0.0117812
0.0295905
0.0719175
0.0417709
0.322519
0.356822
0.0710525
0.121838
0.0527681
0.0333912
0.00965869
0.0508959
0.235482
0.369069
0.0953005
0.0239264
0.0130649
0.03608
0.0109479
0.038895
0.313922
0.369069
0.0812135
0.0158244
0.0205604
0.0649841
0.0359314
0.0761506
0.223492
0.275717
0.0887551
0.222298
0.0815046
0.0850369
0.00520093
0.109642
0.344002
0.308134
0.0848509
0.121276
0.0547942
0.0926208
0.0390396
0.219518
0.36755
0.345005
0.0450127
0.0260091
0.021925
0.036682
0.0168203
0.0715761
0.382933
0.228355
0.149926
0.0718829
0.0274695
0.00743628
0.00619583
0.0680558
0.260058
0.271674
0.117724
0.104656
0.0846074
0.0719529
0.064726
0.108468
0.33014
0.180383
0.193707
0.136767
0.138226
0.0959672
0.118196
0.177554
0.23309
0.0638887
0.0785609
0.286674
0.0779992
0.0051086
0.0148138
0.0799912
0.0358969
0.00831268
0.049813
0.457025
0.186936
0.00626035
0.0112135
0.0322094
0.203078
0.0445461
0.119002
0.388079
0.127312
0.0282396
0.0485852
0.155155
0.0279711
0.00399267
0.0882659
0.457025
0.276292
0.00103089
0.0132086
0.0325661
0.00450559
0.00620107
0.0821674
0.509799
0.188789
0.102943
0.016495
0.00558644
0.0241226
0.0219252
0.0734307
0.222003
0.120067
0.229417
0.0626269
0.0389728
0.00988566
0.0250864
0.118761
0.509799
0.243853
0.0655097
0.0350404
0.00313338
0.0561608
0.0890433
0.130607
0.302313
0.0856484
0.13886
0.11378
0.0968274
0.212806
0.0476567
0.0152566
0.0121164
0.0339856
0.116442
0.194196
0.337567
0.0840324
0.179672
0.0871096
0.0564407
0.103568
0.377214
0.419663
0.10926
0.0981676
0.0367129
0.00984631
0.0163534
0.0284484
0.0856543
0.0818986
0.0658111
0.0715678
0.0719349
0.0135022
0.0261837
0.0373572
0.383441
0.36447
0.173243
0.0363822
0.0841042
0.0570794
0.0512624
0.0795373
0.219039
0.240259
0.0341692
0.0817389
0.12131
0.103221
0.0581316
0.0898784
0.247456
0.394041
0.0584559
0.0200417
0.0409741
0.00788705
0.00737602
0.0237152
0.363563
0.319916
0.0953327
0.00431983
0.027637
0.00239963
0
0.0259324
0.394041
0.394041
0.108198
0.0943974
0.113987
0.0430807
0.0243861
0.0252203
0.107009
0.405564
0.042665
0.102835
0.210062
0.0751987
0.151708
0.0735019
0.0407443
0.181903
0.075696
0.000280668
0.0111115
0.00398311
0.0120852
0.0230811
0.308704
0.426589
0.0836239
0.0321472
0.107245
0.0301114
0.0672587
0.0623307
0.313946
0.426589
0.19576
0.192809
0.242965
0.104442
0.225176
0.084481
0.0718289
0.0275958
0.162901
0.388524
0.224865
0.0624484
0.0993386
0.0375556
0.058706
0.0615488
0.330698
0.108325
0.175074
0.0694693
0.059081
0.0329627
0.15172
0.401223
0.212245
0.162305
0.143364
0.05632
0.0566817
0.0244328
0.0533832
0.191484
0.235261
0.16885
0.202446
0.0772941
0.044285
0.0545613
0.0719248
0.120419
0.165222
0.160616
0.259104
0.108752
0.0552147
0.134035
0.145254
0.122156
0.221972
0.0883456
0.337968
0.168709
0.0583964
0.0508678
0.0817302
0.0920524
0.14356
0.0998999
0.424307
0.424307
0.110704
0.0830447
0.146076
0.059686
0.114968
0.0995681
0.0931127
0.0853957
0.301694
0.111004
0.0580871
0.0305457
0.133638
0.0181242
0.00757878
0.132686
0.416593
0.199544
0.0130613
0.00189156
0.0157753
0.0580291
0.214815
0.25814
0.330275
0.128531
0.0960499
0.0218343
0.0540965
0.0219885
0.0403818
0.269876
0.416593
0.266233
0.0414916
0.00888761
0.00710641
0.0180279
0.0395139
0.139349
0.438447
0.177832
0.0303281
0.0404181
0.021211
0.0765918
0.0869804
0.0863717
0.158109
0.0594587
0.0493703
0.122508
0.286526
0.0721094
0.0742516
0.203747
0.413108
0.205184
0.0280967
0.10002
0.0591833
0.180308
0.0579161
0.0487145
0.106658
0.0529433
0.0258291
0.186814
0.438447
0.24721
0.0966389
0.0103031
0.0145613
0.038031
0.0144326
0.0358728
0.0983069
0.259429
0.242996
0.00374849
0.00480413
0.0327204
0.0805752
0.140846
0.21344
0.387659
0.175904
0.041114
0.0405225
0.126512
0.0326731
0.079829
0.150221
0.406952
0.339472
0.048588
0.0138723
0.098656
0.0842567
0.316503
0.205718
0.0799932
0.120028
0.00200768
0.000435894
0.0237563
0.203119
0.196986
0.13872
0.0253601
0.0250609
0.00139412
0
0.0162943
0.361766
0.417576
0.167829
0.106052
0.122292
0.0104522
0.00129694
0.0226372
0.12296
0.398886
0.17067
0.122955
0.0209271
0.00381191
0.00459491
0.0373086
0.207855
0.417576
0.195731
0.010391
0.00482887
0.000228855
0.000541888
0.00907309
0.275762
0.390795
0.0936454
0.00785353
0.00530432
0.00226798
0.00234369
0.0107451
0.3553
0.390795
0.105001
0.0724377
0.0277656
0.00117703
0.00224015
0.0482709
0.209091
0.240395
0.106506
0.0242703
0.0234258
0.00598247
0.0139591
0.0417423
0.390795
0.390795
0.0599621
0.0115515
0.00845811
0.00551549
0.00111222
0.0015254
0.151557
0.404779
0.0579438
0.0103189
0.0467136
0.0252602
0.0542611
0.054509
0.10298
0.404779
0.0346122
0.00911143
0.00162382
0.00360378
0.00840881
0.0062096
0.307653
0.404779
0.0329623
0.0143035
0.00979441
0.00833916
0.021067
0.0468315
0.39369
0.404779
0.0582611
0.0195142
0.194154
0.0955418
0.0796354
0.122442
0.0869073
0.188574
0.0169349
0.0230149
0.267816
0.229877
0.206518
0.104328
0.0813503
0.120489
0.0056385
0.00981384
0.0324637
0.0152463
0.0325225
0.0984432
0.347336
0.39535
0.0385233
0.0760524
0.062202
0.0727437
0.319073
0.117551
0.266602
0.39535
0.0247002
0.00785309
0.0661281
0.192473
0.397849
0.110681
0.0338436
0.0237285
0.00340276
0.00405725
0.0213422
0.17131
0.425596
0.19484
0.0138276
0.0135122
0.000850689
0.0503163
0.0259278
0.0990325
0.425596
0.163184
0.0493711
0.104758
0.0125851
0.000496782
0.00249082
0.0960185
0.425596
0.264832
0.00327856
0.00472835
0
0.0549689
0.0546049
0.193324
0.525872
0.187509
0.0281909
0.105123
0.0231104
0.153692
0.0716485
0.0928002
0.149199
0.0583173
0.0190904
0.125433
0.209475
0.0129746
0.0246252
0.137173
0.525872
0.26472
0.0356582
0.0349359
0.00692561
0.0479927
0.130554
0.137803
0.192656
0.0926503
0.0446072
0.0405031
0.0349799
0.181947
0.162103
0.0792364
0.0667917
0.0779646
0.0595026
0.0725257
0.0969695
0.179346
0.194677
0.0779965
0.0492432
0.106645
0.152622
0.403789
0.156371
0.166529
0.225124
0.182265
0.092927
0.0891126
0.210609
0.154191
0.0520401
0.110193
0.184415
0.139324
0.0414397
0.0803714
0.19185
0.458847
0.198407
0.0670081
0.0507353
0.0104721
0.00483488
0.0275186
0.153946
0.444412
0.154421
0.135163
0.0204015
0.00999458
0.0181697
0.0468605
0.215942
0.422205
0.123777
0.0768977
0.0704503
0.027467
0.00701458
0.040396
0.153803
0.444412
0.166347
0.129759
0.165327
0.078733
0.0406355
0.0942392
0.228952
0.244108
0.0804991
0.167738
0.0849752
0.00889733
0.0215547
0.0924918
0.230347
0.261474
0.163768
0.111992
0.0846019
0.0203197
0.0590935
0.114555
0.456858
0.383207
0.171091
0.123405
0.183768
0.139031
0.0624023
0.110189
0.17926
0.215037
0.0863886
0.156172
0.141483
0.0653137
0.0841681
0.165188
0.153322
0.170576
0.166442
0.0461403
0.014491
0.00817586
0.0219601
0.0186624
0.29019
0.336527
0.107292
0.0269388
0.00784819
0
0.00088549
0.0163588
0.430566
0.449558
0.118642
0.0719562
0.0389846
0.00330573
0.0509709
0.0730642
0.0768716
0.140272
0.108908
0.0347843
0.0418716
0.00556408
0.0206756
0.0733467
0.269176
0.449558
0.0725829
0.00288671
0.000102445
0
0
0.0163912
0.256756
0.382279
0.0464343
0.0870944
0.0197356
0.0279829
0.124742
0.0389364
0.279986
0.382279
0.0770815
0.00853423
0.0114417
0.00466615
0.000138114
0.0486612
0.245174
0.382279
0.0402815
0.0673339
0.00702322
0.0244134
0.0315921
0.0261436
0.335564
0.382279
0.123582
0.107994
0.021445
0.0738362
0.410697
0.106171
0.115407
0.1765
0.0674242
0.0171419
0.00645272
0.138782
0.410697
0.149489
0.00165962
0.00553844
0.0165911
0.122581
0.0525242
0.130142
0.193476
0.0499802
0.161608
0.346887
0.12934
0.0406709
0.0625927
0.279326
0.410697
0.0915181
0.00294737
0.0346096
0.0470646
0.049027
0.0402466
0.185906
0.522594
0.193524
0.0309345
0.0132737
0.0335236
0.102655
0.117039
0.0776715
0.102921
0.0971168
0.0671114
0.0180002
0.0673379
0.106604
0.0457506
0.306344
0.547327
0.0939884
0.0114275
0.0101946
0.103358
0.235576
0.119329
0.0703155
0.0608822
0.0615108
0.0403547
0.0208854
0.142204
0.276062
0.15827
0.0907908
0.0516632
0.0827266
0.151481
0.101742
0.146945
0.192437
0.113261
0.0648488
0.0063123
0.0360658
0.0994216
0.376896
0.298923
0.250885
0.115125
0.062434
0.0407006
0.0707251
0.170076
0.170107
0.191358
0.397818
0.111987
0.0542
0.0304153
0.0390773
0.0946821
0.200163
0.2805
0.205512
0.11405
0.0306065
0.00581149
0.0205093
0.0563135
0.230603
0.147673
0.203308
0.318694
0.11773
0.0374155
0.0447116
0.0690838
0.0377173
0.0571929
0.442785
0.147306
0.0820398
0.0308731
0.00305802
0.00794562
0.0772229
0.222207
0.442785
0.265657
0.0976289
0.0295153
0.0374008
0.055411
0.0506301
0.294746
0.106505
0.32697
0.245757
0.0740584
0.0644968
0.0850454
0.061385
0.0510333
0.128049
0.153067
0.119258
0.0923935
0.121471
0.152714
0.108681
0.0437654
0.230858
0.201399
0.170536
0.101469
0.132832
0.106857
0.106298
0.20084
0.315156
0.147907
0.330026
0.271555
0.152162
0.21746
0.176172
0.061961
0.0787826
0.0678317
0.0416653
0.140771
0.136373
0.0848466
0.111591
0.0722476
0.0758901
0.11183
0.0386982
0.0818558
0.113839
0.210742
0.333527
0.0936808
0.222154
0.127495
0.214751
0.247792
0.0796874
0.176605
0.24627
0.183742
0.119157
0.382881
0.128912
0.125235
0.0563545
0.131024
0.14898
0.340511
0.0535961
0.0470145
0.0245766
0.00175758
0.0434163
0.204739
0.343251
0.0484443
0.0728855
0.034828
0.0438151
0.0115025
0.0133953
0.356683
0.508534
0.0766605
0.0879369
0.132919
0.0340824
0.0608905
0.0422089
0.0687236
0.13276
0.14591
0.101925
0.0852876
0.182587
0.131307
0.0480284
0.176819
0.446627
0.0518639
0.0614505
0.0904771
0.140897
0.065514
0.0209622
0.151763
0.436474
0.0721572
0.0572695
0.110812
0.292949
0.416638
0.0766296
0.0199593
0.101551
0.053646
0.142123
0.144793
0.207202
0.0867302
0.0219348
0.150762
0.281798
0.0510908
0.18455
0.172275
0.267497
0.239723
0.0553745
0.0484387
0.083295
0.0717554
0.162323
0.0645823
0.219553
0.507546
0.0556981
0.00282347
0.0129897
0.122968
0.231996
0.0851789
0.0596378
0.0527312
0.0210082
0.0123209
0.050815
0.211106
0.334173
0.185634
0.203882
0.298906
0.0722995
0.00894791
0.0334059
0.119279
0.24246
0.142604
0.0878301
0.085986
0.0420157
0.0352022
0.0897642
0.25051