0.325036
0.0061979
0.00195291
0.000524681
0.00177316
0.00506799
0.0138803
0.488758
0.452721
0.0121604
0.00098635
0.000787021
0.00258593
0.0181541
0.0668966
0.549209
0.0942143
0.0103653
0.0100427
0.00620689
0.0268294
0.0262123
0.0398524
0.128154
0.124846
0.0171627
0.00540872
0.0119038
0.0381148
0.0411803
0.10711
0.161577
0.30598
0.00969101
0.000425076
0.000125218
0.000411431
0.0451759
0.172606
0.480802
0.516629
0.0419339
0.00458846
0.00154972
0.0186634
0.0283234
0.133425
0.385452
0.0983419
0.0349292
0.00979417
0.0107182
0.0105949
0.040607
0.134466
0.183383
0.19897
0.0838699
0.0301935
0.0104121
0.0369252
0.0242208
0.0601607
0.155691
0.439828
0.0288053
0.00432608
0.00203552
0.0181124
0.0113185
0.0176791
0.285573
0.404846
0.0151542
0.00713365
0.00221251
0.00592875
0.0146669
0.0192547
0.587037
0.178918
0.045378
0.0305863
0.0105646
0.0366206
0.0190469
0.0125172
0.0954399
0.196707
0.0378036
0.0545478
0.0128418
0.0137925
0.0278485
0.0418084
0.24944
0.321469
0.0500944
0.00564755
0.00236711
0
0.00774825
0.0204456
0.391534
0.503849
0.0951799
0.00454038
0.0254829
0.00918113
0.0254296
0.0335487
0.462604
0.149887
0.057367
0.0344707
0.0124478
0.0151724
0.0179009
0.0461089
0.180311
0.246371
0.12648
0.0175303
0.025263
0.0283945
0.0308782
0.0477773
0.24485
0.30478
0.0641094
0.0201957
0.0840097
0.0362651
0.0387185
0.0629318
0.468879
0.312275
0.0967928
0.124125
0.112209
0.0441635
0.0132407
0.0533658
0.361582
0.211496
0.132279
0.0312123
0.0714692
0.0445673
0.0312505
0.0349909
0.225961
0.314718
0.241101
0.101668
0.0633679
0.0453046
0.0598856
0.0658719
0.171196
0.170506
0.0775315
0.103338
0.207415
0.0865209
0.0162263
0.0296313
0.109933
0.125155
0.0301805
0.0602037
0.235859
0.168905
0.0935889
0.12721
0.111407
0.241574
0.308022
0.08402
0.0270564
0.0524513
0.0433177
0.0706056
0.131867
0.471525
0.341196
0.0736025
0.0778037
0.101183
0.0862039
0.111462
0.349499
0.173971
0.0198477
0.0376289
0.114576
0.158601
0.147542
0.158236
0.156231
0.117331
0.0196924
0.0304374
0.129888
0.152792
0.0951922
0.156277
0.145259
0.429405
0.10755
0.0172628
0.1673
0.184758
0.164614
0.145336
0.386675
0.148908
0.0245735
0.0134841
0.0864005
0.112848
0.0628435
0.207636
0.356277
0.105122
0.0550976
0.0199602
0.0159071
0.0507778
0.0473298
0.0478895
0.0978064
0.130793
0.0564142
0.0183186
0.0235659
0.0779371
0.0504675
0.091998
0.152938
0.309824
0.143405
0.0622611
0.0247454
0.0860915
0.0673181
0.097268
0.457776
0.472335
0.166248
0.0913995
0.0276781
0.0733057
0.0737612
0.0965775
0.435945
0.0916595
0.0822683
0.0692855
0.0360854
0.0383293
0.0243178
0.106816
0.171589
0.102201
0.106896
0.10443
0.0223546
0.0536242
0.0319096
0.0325478
0.0922403
0.444446
0.21046
0.170492
0.0174868
0.0506353
0.098302
0.132701
0.307138
0.401683
0.254107
0.226526
0.0222195
0.0478803
0.0804328
0.153641
0.27226
0.0537471
0.0445958
0.0664124
0.0218454
0.0300169
0.0306027
0.024477
0.0565954
0.0982913
0.0376362
0.109056
0.0368841
0.0180196
0.0459878
0.0616183
0.103786
0.246635
0.179315
0.123933
0.0248732
0.0178844
0.0886484
0.134253
0.120123
0.616788
0.426688
0.337509
0.0368329
0.0152416
0.112681
0.0938394
0.107811
0.0557032
0.0370046
0.0411855
0.0136838
0.0137013
0.0155974
0.0362034
0.0578646
0.149689
0.160759
0.03962
0.0192676
0.0145623
0.0158295
0.0296572
0.0906969
0.325937
0.333939
0.157893
0.0086921
0.0041377
0.0184594
0.0208201
0.0678937
0.532463
0.561542
0.133234
0.0115778
0.00936625
0.0234324
0.00806543
0.0885405
0.136507
0.145244
0.0213368
0.00525448
0.00374959
0.00392621
0.00549723
0.0434409
0.247711
0.329343
0.017351
0.00209383
0.00408803
0.0168538
0.0175918
0.0258355
0.346218
0.453086
0.049932
0.00214971
0.00239629
0.00717285
0.000697014
0.0465675
0.453086
0.453086
0.0281107
0
0.00147777
0.000295554
0.00158776
0.0196809
0.269977
0.32529
0.0222052
0.00295268
0.0139701
0.0303108
0.0199931
0.0741247
0.237967
0.203975
0.0341547
0.120644
0.0799392
0.079432
0.0261378
0.153062
0.401169
0.356957
0.00536916
0.11136
0.0597769
0.0444178
0.00414392
0.0751922
0.144306
0.0724331
0.0135472
0.458948
0.212328
0.111062
0.00506139
0.106398
0.141482
0.0620189
0.0251871
0.375494
0.187224
0.0985302
0.0492797
0.125566
0.0617032
0.0266999
0.0203977
0.16016
0.0897938
0.0300143
0.0520773
0.125859
0.0299578
0.0212035
0.0491441
0.666982
0.230705
0.0723656
0.00539777
0.0851359
0.101056
0.0308874
0.0394616
0.235185
0.0720488
0.0268994
0.014013
0.243612
0.182791
0.0455438
0.0823608
0.0710864
0.14712
0.114393
0.0940093
0.289794
0.279951
0.100186
0.0960667
0.0621455
0.132893
0.108792
0.111962
0.399414
0.0895033
0.0736331
0.0872671
0.108682
0.116008
0.0915988
0.0968027
0.149386
0.152331
0.232374
0.12681
0.2136
0.223982
0.166382
0.188313
0.324654
0.176374
0.137335
0.0396859
0.00365101
0.0369
0.0516455
0.0640455
0.109154
0.248317
0.346125
0.0711334
0.00804547
0.00903912
0.020022
0.0576272
0.0926885
0.183892
0.271452
0.0678242
0.09334
0.0861697
0.0956962
0.116031
0.0846281
0.401653
0.533684
0.136334
0.0944995
0.0812096
0.112273
0.144811
0.0700275
0.185144
0.225217
0.0517892
0.00430241
0.00136488
0.0154678
0.0365139
0.0402355
0.391517
0.324897
0.0882223
0.00404197
0.00159719
0.0314423
0.021119
0.0169195
0.285055
0.383735
0.0850416
0.0195264
0.0153109
0.0453166
0.0929568
0.0392206
0.416062
0.405375
0.0801066
0.0481702
0.0137497
0.0294968
0.0500343
0.0232187
0.334575
0.318514
0.106623
0.022235
0.0228624
0.0338368
0.0119917
0.0159824
0.299765
0.387519
0.120578
0.0386699
0.0503961
0.113169
0.0350629
0.0281517
0.301912
0.236872
0.1578
0.164442
0.0394448
0.0560119
0.033265
0.0353834
0.298776
0.207551
0.19429
0.190257
0.0575358
0.140121
0.0826236
0.10107
0.287882
0.392719
0.0727691
0.0138646
0.0254109
0.0719473
0.0368646
0.0320815
0.418506
0.414967
0.107129
0.014843
0.0243296
0.00842208
0.0094169
0.0207179
0.216668
0.225828
0.121156
0.0605649
0.0582119
0.126551
0.111914
0.0646177
0.235204
0.214892
0.192157
0.0347469
0.100882
0.0890796
0.126537
0.120984
0.218779
0.168449
0.0797988
0.201129
0.0607723
0.0155336
0.00646504
0.0296973
0.0441255
0.0225662
0.0432552
0.531704
0.175868
0.0353057
0.00432893
0.0250836
0.129991
0.0917384
0.214251
0.275526
0.0776854
0.0313942
0.0349285
0.0888962
0.0189304
0.0190057
0.151848
0.531704
0.171946
0.0164227
0.00198777
0.0125667
0.0189731
0.0146166
0.0382402
0.464271
0.131163
0.0460242
0.00436955
0.0513254
0.0979179
0.0418434
0.100032
0.111115
0.0421909
0.03096
0.0176218
0.201269
0.0126196
0.0273796
0.0613035
0.562768
0.147099
0.0548412
0.0279007
0.0223736
0.0766549
0.227488
0.430121
0.140983
0.072128
0.0562217
0.0507209
0.0834468
0.0501451
0.101635
0.0565041
0.0808276
0.0630979
0.103757
0.117108
0.116534
0.116262
0.222683
0.141942
0.22746
0.228672
0.437259
0.322891
0.189051
0.0275944
0.0446624
0.0228112
0.0387518
0.0493475
0.101533
0.166204
0.19662
0.0987825
0.141831
0.205542
0.0590496
0.086044
0.21223
0.216769
0.153931
0.058202
0.0809671
0.0410048
0.0615662
0.05664
0.168374
0.19699
0.0361507
0.123578
0.141303
0.0725622
0.061983
0.0857123
0.24568
0.497186
0.0467988
0.03267
0.0325051
0.0631083
0.0104224
0.0158759
0.156323
0.148014
0.0337437
0.0184921
0.0125797
0.0137298
0.0016804
0.0216295
0.380947
0.541925
0.0641054
0.0995665
0.113768
0.0361887
0.0172349
0.0208157
0.125117
0.390215
0.0288107
0.115824
0.154143
0.0599452
0.070016
0.0616044
0.07841
0.265501
0.0582851
0.0033511
0.0025225
0
0.00331535
0.0163339
0.245874
0.48526
0.0379745
0.00752375
0.0346491
0.0155594
0.0298154
0.0741935
0.279496
0.48526
0.0987622
0.127826
0.194644
0.151892
0.144418
0.0546892
0.0478417
0.0746183
0.0994688
0.331929
0.175306
0.131234
0.117335
0.00814943
0.0239848
0.0770334
0.242773
0.0393859
0.113279
0.0544245
0.0289898
0.0664609
0.18151
0.524445
0.119703
0.14926
0.108566
0.0631159
0.0578683
0.0176288
0.0478486
0.396289
0.21441
0.224844
0.142652
0.0946522
0.0397196
0.016501
0.0378607
0.107888
0.157733
0.225515
0.233177
0.144318
0.0267378
0.0873175
0.0838773
0.11499
0.123624
0.119666
0.230715
0.201272
0.112833
0.0241576
0.0382289
0.136237
0.155445
0.226794
0.528793
0.325015
0.181006
0.0869414
0.0956433
0.061865
0.051653
0.100874
0.126922
0.176741
0.178849
0.0698792
0.0482223
0.0247955
0.0604751
0.0119927
0.0260714
0.162163
0.520967
0.11531
0.0121323
0.000614242
0.00652461
0.116293
0.181765
0.13175
0.35427
0.109939
0.0698052
0.00666018
0.00669227
0.0127978
0.0118206
0.132412
0.520967
0.198463
0.0206914
0.00502993
0.00416827
0.00255783
0.0430115
0.0645904
0.420977
0.118218
0.0307835
0.0161634
0.00734909
0.0153566
0.230951
0.325036
0.195358
0.102867
0.0608269
0.0318454
0.0147081
0.00842772
0.0283773
0.0869913
0.350805
0.206705
0.0529289
0.0187172
0.0266207
0.00770704
0.0758367
0.11735
0.328245
0.444851
0.165999
0.042761
0.0344122
0.0797095
0.072176
0.0525698
0.0683895
0.083023
0.123057
0.192474
0.199231
0.0824282
0.146124
0.227406
0.0917861
0.0830012
0.137599
0.181237
0.144783
0.266256
0.178749
0.0667997
0.0870943
0.0672899
0.13437
0.194813
0.20903
0.251257
0.222973
0.127204
0.0350198
0.0705938
0.167819
0.268273
0.305383
0.038915
0.0690458
0.171632
0.0361199
0.0373762
0.168257
0.0835894
0.0443212
0.0549593
0.0550699
0.0499855
0.00544881
0.0366924
0.501242
0.588086
0.103757
0.121057
0.0908674
0.102862
0.0154099
0.0530997
0.0507375
0.0708539
0.161847
0.18854
0.175861
0.0496348
0.00889438
0.0611392
0.106577
0.162458
0.115075
0.0245017
0.0231112
0.00281349
0.0021555
0.0378584
0.199662
0.348682
0.0452265
0.00845623
0.00743767
0.00163811
0.00323326
0.0525169
0.363107
0.608891
0.0908128
0.0609816
0.0615123
0.00648804
0.00298086
0.0286932
0.0653206
0.10923
0.0390602
0.0186877
0.0157165
0.00138964
0.00304867
0.0281795
0.247253
0.398818
0.111967
0.0014642
0.00485334
0.00240628
0.000261264
0.00992624
0.172169
0.468278
0.03169
0.00737852
0.0205041
0.0141096
0.0431486
0.013858
0.144471
0.468278
0.0468861
0.0028306
0.00451453
0
0.000276786
0.0016702
0.176172
0.346235
0.0450663
0.000691338
0.00882327
0.000854959
0.00848618
0.00689817
0.29067
0.468278
0.040336
0.00962358
0.108235
0.0732814
0.0973706
0.0282834
0.151616
0.298088
0.0290889
0.0424356
0.187099
0.112261
0.200412
0.0586532
0.147511
0.197681
0.0192155
0.000690238
0.0175063
0.00300541
0.0208259
0.0153275
0.298309
0.481395
0.0211301
0.0342891
0.0528042
0.0403963
0.128351
0.02887
0.25616
0.481395
0.125085
0.0276043
0.0563452
0.0412097
0.393402
0.107096
0.0409299
0.0448707
0.0113013
0.00324595
0.00388934
0.0784017
0.481738
0.15833
0.00737291
0.00436517
0.00206785
0.0452712
0.0489961
0.108845
0.396983
0.0809255
0.0517298
0.193146
0.107329
0.00963662
0.0155013
0.141115
0.481738
0.170063
0.0074052
0.00625418
0.00736902
0.0119884
0.00885775
0.0927926
0.271313
0.18086
0.0450962
0.0256746
0.0156864
0.00987067
0.00385262
0.0316158
0.16589
0.482708
0.25025
0.141309
0.0316886
0.0117685
0.0209856
0.110092
0.320991
0.16365
0.0469635
0.0321672
0.0037183
0.017604
0.016717
0.0596551
0.0481001
0.229758
0.450381
0.255558
0.0560039
0.270335
0.129392
0.0373927
0.0548377
0.0718853
0.114417
0.116131
0.16899
0.341801
0.194116
0.09798
0.0127808
0.013451
0.0844779
0.164021
0.279451
0.207882
0.0642181
0.112365
0.101462
0.212857
0.118751
0.0871794
0.186661
0.226924
0.0944671
0.230628
0.0654077
0.121858
0.0978088
0.0839912
0.139837
0.241953
0.179351
0.138159
0.0255752
0.0222368
0.023828
0.0802063
0.25673
0.296499
0.293049
0.144317
0.106974
0.0566947
0.0626417
0.127873
0.193119
0.117203
0.124982
0.176609
0.05308
0.104093
0.0747282
0.0683325
0.117599
0.1579
0.115808
0.148927
0.217366
0.201756
0.0988791
0.132705
0.234925
0.130953
0.174407
0.0395938
0.0535404
0.0726226
0.135496
0.166843
0.0948562
0.0580729
0.0717109
0.0160985
0.0478518
0.0984911
0.26821
0.468971
0.27458
0.105915
0.0756734
0.0421541
0.143218
0.145716
0.114567
0.113294
0.150803
0.106019
0.0980067
0.0390207
0.129728
0.205028
0.143887
0.272678
0.174443
0.0178892
0.0176542
0.0023022
0.00698002
0.0199582
0.115071
0.266758
0.0873328
0.02451
0.00632156
0.00720391
0.00149623
0.0227222
0.453153
0.717376
0.105001
0.0395953
0.041195
0.030995
0.0211806
0.0570935
0.0301458
0.0949694
0.058245
0.0707963
0.0560746
0.0696329
0.0177994
0.0461428
0.156664
0.157909
0.11013
0.00622849
0.00065052
0.00106309
0.00043311
0.00813638
0.258582
0.44036
0.0392282
0.0382992
0.0338672
0.029343
0.0288936
0.00708642
0.233072
0.498269
0.134677
0.0214145
0.0135636
0.00829172
0.00347591
0.00921447
0.140183
0.175775
0.0610276
0.0230827
0.0177174
0.00557128
0.00568888
0.0161551
0.224716
0.498269
0.0908453
0.0744268
0.0831264
0.145202
0.225295
0.0418111
0.0709224
0.295846
0.146677
0.0189291
0.0545524
0.240034
0.45715
0.112388
0.0185564
0.0167502
0.0205411
0.0578616
0.0797019
0.0483859
0.122279
0.0439343
0.17072
0.422698
0.106071
0.0472434
0.114714
0.245026
0.33914
0.0917815
0.0374317
0.0929141
0.0524323
0.014614
0.0709199
0.251633
0.405556
0.144546
0.0526448
0.0262534
0.00680431
0.0393908
0.0482473
0.101551
0.0721246
0.129249
0.418883
0.321626
0.102308
0.0389321
0.0906775
0.368423
0.310864
0.0859695
0.0210838
0.0194793
0.045229
0.065054
0.0534849
0.090584
0.0634875
0.0514479
0.0921325
0.158363
0.0802566
0.125238
0.0670268
0.103486
0.0506544
0.136124
0.119359
0.14573
0.151889
0.153023
0.0944429
0.161296
0.0364921
0.101205
0.0606741
0.0681604
0.110923
0.300369
0.0900471
0.0697404
0.0137675
0.0867319
0.161796
0.268717
0.35512
0.275246
0.164064
0.155879
0.00769193
0.0969212
0.182036
0.164188
0.299412
0.144732
0.0485609
0.0485069
0.0147673
0.0776285
0.0616903
0.0811984
0.157359
0.146675
0.0287829
0.0273558
0.0527894
0.113491
0.0702802
0.120049
0.304678
0.273166
0.0957703
0.0842022
0.000316078
0.0306691
0.0733696
0.116704
0.295547
0.32599
0.0674079
0.0259695
0.00164486
0.00525455
0.0645448
0.150088
0.508836
0.0837832
0.020569
0.0208824
0.0435294
0.0829566
0.0684329
0.0912377
0.237101
0.152218
0.097802
0.0741303
0.0867318
0.117091
0.0595052
0.158585
0.219647
0.177437
0.0879649
0.0214619
0.00094071
0.00693814
0.0506334
0.12273
0.453129
0.377946
0.2747
0.107041
0.0616828
0.0488252
0.0517134
0.10297
0.320393
0.213241
0.165481
0.0930918
0.0814961
0.0788992
0.0268203
0.159467
0.170596
0.202518
0.19306
0.119017
0.0426791
0.0607943
0.0870788
0.165238
0.184094
0.335169
0.214561
0.0768826
0.0913527
0.0695034
0.0671531
0.123122
0.120683
0.30918
0.174147
0.0535224
0.0399357
0.0465086
0.116109
0.248473
0.28305
0.0596074
0.045095
0.0153538
0.0100598
0.0361171
0.0948701
0.192223
0.10441
0.0594831
0.0201247
0
0.0148331
0.0537622
0.281742
0.705214
0.175622
0.173872
0.0500524
0.0195123
0.0075852
0.0346852
0.0797074
0.120119
0.163879
0.218488
0.113874
0.0255375
0.0136368
0.0508792
0.0781875
0.131887
0.184397
0.109441
0.0713558
0.0284713
0.0571617
0.0524522
0.233644
0.441092
0.186776
0.181368
0.205064
0.320447
0.154677
0.0809273
0.0650147
0.133517
0.183732
0.208681
0.0652043
0.014191
0.00291119
0.0198303
0.0464455
0.0828418
0.260301
0.278538
0.127578
0.0886199
0.00285581
0.00845183
0.0125679
0.11834
0.296729
0.109514
0.164104
0.352736
0.117862
0.0450909
0.0319629
0.0807799
0.167833
0.0626743
0.0478194
0.0539063
0.0404353
0.0271365
0.138851
0.242623
0.134381
0.2969
0.200259
0.104749
0.044983
0.0208002
0.0394387
0.172412
0.255139
0.232406
0.118473
0.0318889
0.0766681
0.044351
0.189577
0.278952
0.308389