0.0747645
0.093338
0.123193
0.0820841
0.012518
0.0108922
0.0240236
0.055611
0.122282
0.0647709
0.0684759
0.0736227
0.0166471
0.0073903
0.0736895
0.0962566
0.0444223
0.129753
0.158149
0.17468
0.043192
0.0153689
0.0267262
0.0333703
0.611207
0.439541
0.215733
0.199544
0.0276237
0.00683082
0.0838814
0.27938
0.0425803
0.0228932
0.0280075
0.0363527
0.013389
0.0102729
0.019456
0.0369649
0.0579031
0.0471792
0.0198601
0.0198782
0.0220108
0.0335729
0.0181817
0.0394348
0.422458
0.113613
0.0407735
0.0270184
0.00163554
0.0013893
0.0267546
0.363461
0.511552
0.0382587
0.0114173
0.00732574
0.00205575
0.00241962
0.00820342
0.580077
0.0509207
0.0460002
0.00691855
0.00711923
0.00796544
0.0197634
0.0150567
0.0370678
0.0638706
0.0265143
0.00518507
0.0152896
0.022266
0.0155959
0.0163778
0.0555838
0.402557
0.0152336
0.00261679
0.00262299
0.000891069
0.00452008
0.00569494
0.431428
0.565706
0.0139065
0.00112469
0.00639506
0.0034589
0.0030728
0.00831308
0.50931
0.0450436
0.0125435
0.0032593
0.0100719
0.0196508
0.00827
0.0175274
0.0473735
0.0515677
0.032442
0.0161523
0.0151724
0.0261053
0.0135767
0.0123996
0.041
0.444524
0.00861416
0.000300217
0.00229075
0.00383138
0.00259807
0.0112642
0.473864
0.462431
0.0277349
0.00526574
0.00340784
0.0074581
0.00365153
0.00482757
0.544907
0.0534589
0.0257672
0.0188874
0.0177764
0.0208461
0.0092774
0.0111113
0.0238321
0.0316929
0.017234
0.0297943
0.0161252
0.0267244
0.00791495
0.0397751
0.0468787
0.496438
0.0270855
0.00692805
0.00670474
0.00314291
0.000602678
0.00678695
0.411385
0.36667
0.0128398
0.00664652
0.00389988
0.0109419
0.00925298
0.0617567
0.610119
0.0347169
0.0178174
0.0534135
0.0140905
0.0200289
0.00533469
0.0250234
0.0416031
0.0788383
0.0166132
0.0459312
0.011546
0.0159717
0.00649812
0.0328312
0.0689086
0.266241
0.01099
0.0075521
0.0013888
0.0165117
0.0300645
0.0448656
0.549631
0.54349
0.0253185
0.00418281
0.00104661
0.0186374
0.0287412
0.045743
0.488857
0.0329223
0.0125029
0.0209353
0.0151891
0.0158229
0.010226
0.0228494
0.0401753
0.042622
0.0464045
0.0253119
0.0456132
0.049779
0.0167288
0.00609493
0.0291121
0.408679
0.0142407
0.0086443
0.00533378
0.00474764
0.00326458
0.0293495
0.453718
0.426239
0.0334153
0.0180968
0.0178694
0.00315582
0.00047941
0.00753396
0.60658
0.0161163
0.0283145
0.0643521
0.165476
0.0588348
0.00737389
0.0100589
0.0075881
0.204721
0.200615
0.155269
0.363239
0.109691
0.00130657
0.00501428
0.0714663
0.00741119
0.0211658
0.0593823
0.315558
0.152026
0.00705394
0.00482577
0.00170874
0.0399821
0.0488263
0.0769191
0.591893
0.403653
0.00194201
0
0.00903428
0.358245
0.12391
0.0683679
0.118027
0.028937
0.000556143
0.00618001
0.29248
0.400769
0.011164
0.00284876
0.0032357
0.0109351
0.0081901
0.0211912
0.562268
0.103858
0.0550272
0.051866
0.334449
0.150215
0.00481051
0.00671156
0.0733228
0.100869
0.0157307
0.00607367
0.0216246
0.0863103
0.0508525
0.0424823
0.197911
0.3504
0.00403856
4.97734e-005
0.00123097
0.0179032
0.0146227
0.0140053
0.433612
0.567577
0.0283509
0.0101888
0.00535344
0.0335753
0.0244846
0.00456647
0.431656
0.0821236
0.00221123
0.0150719
0.0167852
0.0741164
0.0573757
0.0358888
0.130053
0.226345
0.052333
0.0600308
0.0665815
0.110157
0.0600979
0.0168781
0.0951926
0.336239
0.0138423
0.00705032
0.00362801
0.00905948
0.00670545
0.0118613
0.391591
0.350385
0.0124267
0.004408
0.00132137
0.000164174
0.000613491
0.016553
0.476727
0.18382
0.107012
0.0318229
0.0317204
0.040285
0.0187327
0.0184521
0.114011
0.303219
0.379693
0.0636574
0.00629109
0.00277198
0.00245397
0.0243811
0.179175
0.288551
0.0328993
0.000825808
0.000141852
0
0
0.00264291
0.25505
0.300877
0.130208
0.0126205
0
0.000376023
0.00975316
0.00833691
0.364583
0.299997
0.36438
0.0453981
0.000567406
0
0
0.00296395
0.0812136
0.349529
0.429688
0.0789806
0.000781849
0.00832738
0.0197336
0.0124016
0.149249
0.225275
0.113507
0.0124785
0
0.0142084
0.0702218
0.0170523
0.315119
0.325236
0.0540585
0.00897609
0.00773924
0.120928
0.116235
0.0233814
0.260176
0.22743
0.34214
0.0555326
0.0319074
0.0825577
0.132093
0.0574191
0.202798
0.145033
0.0881486
0.0167217
0.220243
0.446615
0.211131
0.0551615
0.12594
0.332926
0.0194768
0.0138909
0.00777846
0.074877
0.0275916
0.00838513
0.354681
0.31315
0.00239003
0.00422634
0.00102119
0.00150516
0
0.0068863
0.504183
0.147103
0.020431
0.0202202
0.129775
0.29623
0.0599158
0.00746082
0.170142
0.186843
0.0035184
0.00505506
0.00271152
0.0127516
0.00365599
0.0140598
0.398984
0.00596579
0.0336407
0.0284453
0.169954
0.14052
0.00401308
0.00191429
0.000537106
0.00253285
0.00773335
0.00985903
0.426522
0.518272
0.0032898
0
0.000227084
0.0174835
0.0288976
0.0250543
0.0910576
0.193753
0.020987
0.00578968
0.0108978
0.00881479
0.0194551
0.00712153
0.321268
0.539623
0.0462789
0.00740583
0.0115761
0.0124507
0.0163359
0.0142437
0.230867
0.306046
0.0105806
0.00558734
0.00507734
0.0134141
0.0278075
0.033947
0.0360297
0.0984639
0.067203
0.0208806
0.00853955
0.106309
0.159114
0.0141896
0.22723
0.478755
0.0307376
0.00956372
0.0274478
0.316634
0.568545
0.157349
0.0428665
0.0586171
0.0376205
0.00955624
0.0135679
0.0469145
0.0345134
0.0322587
0.0223911
0.0416268
0.0409962
0.0194288
0.0187664
0.206842
0.138038
0.0697001
0.0522993
0.0362027
0.021572
0.0226511
0.0466576
0.214111
0.46566
0.185302
0.014446
0.0126249
0.0184598
0.0081729
0.024262
0.50388
0.50388
0.23278
0.0104344
0.00351184
0.00617628
0.0134573
0.0810586
0.186605
0.211616
0.0568908
0.0175727
0.013003
0.00426983
0.00503685
0.0101917
0.258409
0.428272
0.078999
0.00169305
0.00120716
0.000552226
0.00246528
0.00320227
0.31126
0.428272
0.125326
0.00195453
0.000660457
0.000497204
0.00430698
0.0221016
0.363185
0.428272
0.0736326
0
0.0020374
0.000699408
0.00691655
0.0199821
0.22
0.442835
0.0753549
0.000177668
0
0
0.000417013
0.0020528
0.23855
0.442835
0.0691004
0.0235614
0.0333205
0.0262995
0.00839775
0.0673174
0.221457
0.442835
0.0624124
0.0129033
0.0110838
0.00256301
0.010853
0.0279373
0.211376
0.341448
0.0854395
0.0820441
0.111253
0.0277086
0.00586727
0.0506548
0.0945853
0.187446
0.0355465
0.114574
0.158912
0.0850536
0.0293064
0.09941
0.0259499
0.0276206
0.011666
0.37502
0.373044
0.0825606
0.0218813
0.0365481
0.0663795
0.0850154
0.0506325
0.24761
0.312461
0.0448045
0.00015313
0.0304255
0.006058
0.00871166
0.0173412
0.439824
0.439824
0.0371255
0.000523977
0.00615452
0.0993439
0.040186
0.0264912
0.344031
0.333865
0.0553716
0.0107411
0.0920693
0.190877
0.0228355
0.0154275
0.00697247
0.0263424
0.0455951
0.0494878
0.254471
0.0532438
0.0423424
0.0330194
0.48982
0.363314
0.10756
0.0414596
0.122315
0.0912327
0.0477677
0.0452848
0.039978
0.148724
0.177608
0.154056
0.274573
0.0199099
0.0107081
0.0418969
0.0821931
0.174618
0.0356016
0.00718381
0.0164221
0.0660027
0.0740238
0.0313619
0.212721
0.600925
0.160969
0.0789434
0.0457784
0.00567609
0.0125077
0.084593
0.221259
0.122235
0.0337118
0.0162055
0.00630014
0.115314
0.179693
0.178888
0.41103
0.216771
0.144502
0.176986
0.169415
0.131223
0.243892
0.0109153
0.0716011
0.155583
0.0489189
0.0426582
0.0374684
0.267558
0.45657
0.0802834
0.0407276
0.039318
0.0190813
0.017539
0.0114248
0.140046
0.221935
0.0400241
0.087619
0.056289
0.0494766
0.286744
0.158743
0.157778
0.300522
0.0592109
0.0624213
0.105224
0.0704885
0.45657
0.119605
0.15837
0.429217
0.0951386
0.0100584
0.0115713
0.0132548
0.0191944
0.0038986
0.272488
0.429217
0.105576
0.0218104
0.000997581
0.00177046
0.0119755
0.0181452
0.0791694
0.23941
0.0352295
0.0167781
0.0399563
0.0758447
0.41823
0.0727094
0.16967
0.267481
0.0510371
0.0495336
0.00372751
0.0496893
0.315492
0.0879755
0.205978
0.385393
0.119318
0.0555984
0.00349266
0.000125541
0.00645934
0.0279729
0.283659
0.421213
0.0812253
0.0315618
0.0106812
0.0030694
0.0345025
0.0873166
0.178362
0.199225
0.111492
0.145473
0.0136772
0.0234613
0.093255
0.139149
0.405885
0.203639
0.0896414
0.0903751
0.0146073
0.00874467
0.0615478
0.333553
0.253306
0.292384
0.0781381
0.0617752
0.0728905
0.0146169
0.0568248
0.114539
0.130842
0.200972
0.109688
0.200861
0.189837
0.0675707
0.0571843
0.0530623
0.400186
0.22529
0.12287
0.0693063
0.0604435
0.0102038
0.0536391
0.276335
0.179198
0.394515
0.17428
0.18937
0.142566
0.0708057
0.0868233
0.0654286
0.0212923
0.0504955
0.0280259
0.238295
0.217967
0.0362801
0.011683
0.00794436
0.000425334
0.005302
0.00525782
0.436108
0.385084
0.0227184
0.000796389
0.00494086
0.0273565
0.134386
0.0396182
0.274103
0.173329
0.0297686
0.0273496
0.0128948
1.3879e-005
0.0202407
0.00295734
0.436108
0.436108
0.00469757
0.00122678
0.00363313
0.0155026
0.0166578
0.00782749
0.365683
0.314539
0.077948
0.0298021
0.10142
0.0879879
0.0799676
0.0393151
0.0681953
0.118832
0.0954533
0.084182
0.198413
0.0150693
0.0174292
0.00938329
0.523455
0.423576
0.0216575
0.00782832
0.029705
0.11202
0.116481
0.060739
0.237815
0.196619
0.0670061
0.0354721
0.0789953
0.00420818
0.00997526
0.0306894
0.177337
0.0863746
0.0090958
0.0151198
0.00293545
0.028941
0.0601618
0.0774351
0.511175
0.167333
0.0154829
0.0515751
0.0728994
0.0125256
0.0200144
0.0166571
0.220238
0.203878
0.00702073
0.00893054
0.00338032
0.00454037
0.001778
0.011288
0.515065
0.494248
0.00540256
0.00689706
0.00738051
0.0613328
0.062329
0.0389865
0.216384
0.0759707
0.0136245
0.317405
0.162665
0.0506172
0.0294808
0.0110468
0.0198924
0.0441327
0.0473368
0.586589
0.196339
0.0151493
0.00765289
0.0161359
0.292332
0.221231
0.00848381
0.0728109
0.0310327
0.0142415
0.00852285
0.0105893
0.00827818
0.0115442
0.0220604
0.456949
0.105413
0.00926828
0.0160865
0.00469622
0.00313571
0.0115979
0.063679
0.471729
0.105926
0.0543448
0.0429792
0.0199697
0.0186567
0.00312153
0.0917428
0.471729
0.156602
0.00313554
0.00181572
0.000799608
0.000103892
1.22405e-005
0.0264081
0.412227
0.120238
0.0113634
0.000516528
0.000183737
0.00312859
0.00774073
0.0897201
0.471729
0.195363
0.0929568
0.0417226
0.0248241
0.0594428
0.00717424
0.07936
0.28378
0.164946
0.220475
0.0377889
0.0410716
0.0530011
0.0063733
0.0328844
0.178676
0.314965
0.0119636
1.23409e-005
9.24351e-005
0.00915157
0.0122589
0.128865
0.488282
0.177165
0.0547247
0.0151016
0.0243978
0.0273713
0.00741862
0.142736
0.488282
0.293532
0.196295
0.145102
0.13081
0.089702
0.0284806
0.0190013
0.0532072
0.19227
0.183694
0.338839
0.143533
0.134906
0.138853
0.0364275
0.0697368
0.055393
0.103237
0.0722103
0.087165
0.126468
0.0533897
0.196167
0.389765
0.206174
0.228536
0.150952
0.124841
0.215402
0.244386
0.26922
0.204069
0.148972
0.0469841
0.106403
0.0290165
0.172833
0.195801
0.015403
0.0334147
0.0226126
0
0.00899121
0.000587614
0.360521
0.419963
0.0086927
0.00167861
0.00377616
0.10304
0.0402173
0.0564339
0.224096
0.315921
0.0553424
0.0495649
0.045695
0.00998241
0.00622555
0.0223637
0.439253
0.445053
0.0177386
0.000494969
0.00235889
0.00632729
0.0096022
0.0150227
0.343877
0.392516
0.0246827
0.000165642
0.00366317
0.0250065
0.0810659
0.0748367
0.298665
0.184963
0.0536226
0.00808203
0.0163764
0.00605142
0.0243732
0.0323232
0.360088
0.459841
0.0791022
0.0166054
0.00677854
0.00565882
0.0498127
0.0563059
0.235697
0.232079
0.158923
0.1823
0.0340106
0.00702579
0.013234
0.0482412
0.199225
0.145616
0.00262215
0.00110104
0.0021327
0.000253397
0.00216007
0.023205
0.499995
0.414856
0.0028125
0.00270751
7.82468e-005
0.00395141
0.00766056
0.0686468
0.20597
0.191339
0.0199065
0.00285813
0.00380551
0.0287968
0.00156023
0.0291062
0.323851
0.499995
0.119508
0.0777598
0.058185
0.00628669
0.0153298
0.0191653
0.328931
0.293212
0.0109238
0.0158984
0.00121322
0.0258616
0.0319
0.015915
0.0139015
0.0112581
0.0111081
0.0853592
0.0449121
0.2673
0.0242505
0.0134495
0.200931
0.308031
0.116307
0.128982
0.18487
0.582762
0.0720615
0.00757434
0.00867274
0.00271339
0.00768871
0.0249734
0.321997
0.0228718
0.0127677
0.0026303
0.000353464
8.0988e-005
0.00503651
0.139501
0.0969992
0.032248
0.00341757
0.00121568
0.00431622
0.00462951
0.0450277
0.504007
0.172972
0.28507
0.0228028
0.0014465
0.000122111
5.3992e-005
6.73307e-005
0.00540149
0.380458
0.287183
0.00227838
0.000810454
0.00287748
0
2.96695e-005
0.0282816
0.556287
0.0121996
4.84181e-005
0.000362658
0.00181329
0.00432846
0.0446449
0.448626
0.129885
0.0166377
0.00205548
0.00180114
0.00453644
0.00177191
0.0898006
0.516146
0.20736
0.170699
3.22787e-005
0.000241772
0.00120886
0
0.00363546
0.069627
0.25839
0.177795
0
0
0
0
0.0172407
0.351256
0.393598
0.0250709
0.0031585
0.00393358
0.0157696
0.0141374
0.115277
0.444119
0.117063
0.124137
0.0140676
0.0328336
0.0487726
0.0650119
0.205769
0.333608
0.132944
0.0897303
0
0
0
0.00130453
0.0409903
0.389534
0.269722
0.123927
0.00895029
0.0192971
0.00308216
0.0166768
0.159456
0.444119
0.251313
0.141203
0.0215185
0.0771376
0.155512
0.148616
0.0734914
0.112761
0.0851891
0.0413665
0.0252139
0.0648417
0.458211
0.27552
0.0211028
0.00301191
0.0121129
0.123013
0.0432489
0.0565838
0.0758002
0.114426
0.177191
0.30617
0.127351
0.0706633
0.0510866
0.0471197
0.399346
0.430158
0.138899
0.0612322
0.0768714
0.0443793
0.0372139
0.0383942
0.358908
0.194663
0.054629
0.0116201
0.0410671
0.0579445
0.0108582
0.0127047
0.0493582
0.0789758
0.100108
0.156327
0.130594
0.180928
0.0306502
0.0272316
0.30912
0.301747
0.0911267
0.0300565
0.275525
0.429963
0.00695662
0.00558164
0.0187698
0.0140632
0.017038
0.0239728
0.454174
0.0151115
0.0204655
0.0532785
0.179666
0.276774
0.0589909
0.0333663
0.0346899
0.133462
0.0110842
0.0116577
0.108553
0.483582
0.229341
0.285072
0.318627
0.0648527
0.0468777
0.0443151
0.07064
0.0918001
0.0333384
0.0857008
0.126176
0.138609
0.0453402
0.0145286
0.0200287
0.0637172
0.0626711
0.241882
0.410729
0.34158
0.0333652
0.00212086
0.0166544
0.086056
0.0664377
0.116631
0.267943
0.582737
0.0431185
0.0031488
0.00213293
0.0039847
0.00392392
0.0209992
0.398129
0.193068
0.0566034
0.00654473
0.00424488
0.00694637
0.0234453
0.0857761
0.214938
0.257234
0.0708762
0.0171063
0.0135882
0.0195554
0.0197232
0.0346134
0.239072
0.31006
0.00761432
0.00215754
0.00329454
0.0029424
0.00230917
0.00590129
0.393456
0.343182
0.00576311
0.00846097
0.00502295
0.000231879
0.000541049
0.000662311
0.563649
0.189149
0.0704309
0.0154205
0.0150957
0.0122152
0.0101434
0.0152809
0.210715
0.252737
0.112743
0.0729567
0.0246025
0.00501026
0.00468462
0.00605362
0.298443
0.323845
0.00471788
0.00313625
0.000961845
0
0.00103643
0.00224242
0.37258
0.41801
0.00270884
0
0
0
0.00433886
0.030956
0.509284
0.228554
0.0346577
0.0303145
0.00685199
0.00844125
0.0170495
0.0143463
0.20099
0.305259
0.0120518
0.00828667
0.00405101
0.00800677
0.0233977
0.0401453
0.280949
0.2526
0.00262984
0
0
0
0.00650531
0.0786891
0.45467
0.293682
0.0106309
0.0187796
0.000882756
0.0161971
0.0692949
0.225809
0.471636
0.206083
0.0308439
0.0161794
0.00649817
0.0043928
0.00437821
0.0157695
0.254629
0.257525
0.0294081
0.0231789
0.00748557
0.0133625
0.0213909
0.0105436
0.362096
0.256692
0.0422979
0.0367998
0.0366776
0.116594
0.143659
0.205021
0.263026
0.227148
0.0400856
0.0108395
0.166306
0.338468
0.180501
0.11262
0.334258
0.255666
0.0177413
0.0186835
0.0104853
0.0320447
0.0462413
0.0512063
0.267616
0.324261
0.0224704
0.0139981
0.0281243
0.0498749
0.0890505
0.0684609
0.327975
0.199545
0.00389828
0.00172823
0.0477712
0.0940776
0.0612387
0.0270152
0.375477
0.431173
0.00155795
0.000432057
0.00130973
0.000503744
0.00368665
0.00509698
0.476762
0.167204
0.0185278
0.00816191
0.0271015
0.0282154
0.0317903
0.017539
0.315255
0.260427
0.0275548
0.0239666
0.0283949
0.00909384
0.00344894
0.0260546
0.37626