0.0740602
0.0955584
0.11926
0.143233
0.0705039
0.0544538
0.0287796
0.0621801
0.0374543
0.0723262
0.0992005
0.276636
0.320537
0.215415
0.0535749
0.0531449
0.0812065
0.0794833
0.151975
0.117698
0.132962
0.04879
0.0498451
0.115679
0.125695
0.0890744
0.135327
0.291027
0.357896
0.161888
0.163526
0.0684714
0.0219938
0.0378934
0.0339425
0.219066
0.321504
0.237007
0.0432014
0.00849297
0.0354026
0.0697186
0.0599603
0.183872
0.195692
0.139131
0.0321393
0.0657776
0.092061
0.0778241
0.035403
0.22699
0.233837
0.198376
0.178247
0.133142
0.0763872
0.106359
0.024771
0.192581
0.183888
0.197535
0.0996664
0.167226
0.0362453
0.0916276
0.0596921
0.117831
0.119678
0.0353772
0.00948628
0.0899245
0.0335731
0.0799076
0.1091
0.40714
0.213894
0.0693562
0.00609354
0.065747
0.0504055
0.132232
0.0347398
0.162669
0.133142
0.08782
0.0250765
0.084176
0.0687277
0.134524
0.118387
0.429797
0.281669
0.0459566
0.0296733
0.123778
0.000778237
0.00131527
0.0120464
0.146042
0.123484
0.00871874
0.000259411
0.00125864
0
3.58981e-005
0.00916997
0.232853
0.621793
0.0648958
0.001351
0.000233636
0.00240654
0.00211823
0.0203021
0.0965189
0.117507
0.0123797
0.0016158
0.00428943
0
0
0.0171706
0.180481
0.621793
0.116716
0.0008148
0.00155075
0.00331924
0.00342403
0.00335431
0.13004
0.594779
0.0677402
0.00834683
0.00181607
0.0301718
0.0299018
0.0205177
0.0427117
0.0645893
0.0318514
0.0267332
0.00625269
0.0174901
0.0255139
0.011612
0.203743
0.655256
0.102871
0.00757721
0.00744228
0.11679
0.177247
0.0688748
0.0806942
0.0934698
0.0257733
0.0270189
0.0329984
0.0704486
0.0596841
0.0288891
0.025265
0.055689
0.05114
0.0251687
0.0133292
0.218097
0.0898469
0.0211222
0.0263732
0.0491641
0.0454118
0.0215072
0.0705819
0.272599
0.367825
0.131902
0.0151942
0.0180181
0.0151216
0.0231234
0.0564661
0.496818
0.544967
0.191482
0.090102
0.0599992
0.00776782
0.0465171
0.102932
0.240994
0.0495398
0.0150872
0.0223154
0.0590525
0.0232055
0.052587
0.131894
0.0951182
0.0127027
0.0189417
0.0429079
0.122487
0.060255
0.105508
0.104783
0.421782
0.315803
0.101612
0.178722
0.246694
0.0129938
0.183241
0.163323
0.151572
0.0416523
0.056033
0.287743
0.414054
0.0393416
0.175375
0.124371
0.0504946
0.0396559
0.0867324
0.079651
0.114993
0.0419803
0.042313
0.122285
0.0901914
0.0878545
0.102348
0.281291
0.284675
0.137201
0.0899602
0.0766295
0.0384722
0.0612949
0.107217
0.218864
0.126259
0.0521818
0.0398245
0.103878
0.0697177
0.135743
0.12539
0.380474
0.331123
0.0957474
0.18406
0.0839231
0.0714764
0.113728
0.0306999
0.151228
0.134701
0.25285
0.107247
0.125627
0.093368
0.122099
0.0210913
0.0550227
0.155226
0.245212
0.0941884
0.123136
0.0691597
0.215748
0.11106
0.143652
0.187887
0.2215
0.192862
0.0348051
0.172538
0.253469
0.114117
0.0254516
0.149829
0.246695
0.108068
0.0213784
0.0205322
0.0203642
0.00991874
0.0215131
0.0297881
0.0316043
0.0169779
0.013278
0.0178914
0.0218659
0.0703781
0.0748361
0.0489319
0.0163527
0.0153734
0.0215203
0.0895114
0.14051
0.0279877
0.00791095
0.0244156
0.0299194
0.0197281
0.0111229
0.335245
0.838196
0.168301
0.0467229
0.0462432
0.00997446
0.00832497
0.0249009
0.00911104
0.0113588
0.0283362
0.0351585
0.0426974
0.00436433
0.00414733
0.00181079
0.0164206
0.0470221
0.0463771
0.144143
0.507442
0.0302407
0.0110257
0.00400298
0.187236
0.461346
0.050049
0.0139278
0.0146485
0.00113141
0.0039461
0.00187197
0.270473
0.507442
0.179803
0.135034
0.171876
0.00359152
0.0147858
0.00266866
0.0342273
0.0793307
0.0427077
0.118576
0.376866
0.0234304
0.00906651
0.0133282
0.125812
0.283191
0.0680055
0.0250202
0.0465926
0.00714491
0.00579936
0.0197251
0.162536
0.488534
0.182233
0.107416
0.14938
0.00313422
0.0078765
0.00888545
0.316552
0.488534
0.0984458
0.0132469
0.0234209
0.00159605
0.0028142
0.00668269
0.147902
0.347482
0.0541873
0.00161476
0.000713376
7.17075e-005
0.00492107
0.0121062
0.181902
0.278196
0.0632309
0.0723971
0.0444092
0.0298444
0.0374637
0.024434
0.293659
0.476059
0.0422308
0.0147724
0.0197937
0.00148926
0.0269515
0.00443744
0.209198
0.327265
0.0290578
0.399543
0.209115
0.0518668
0.0920895
0.0198262
0.0921279
0.105265
0.0556609
0.233405
0.167829
0.0303838
0.0628513
0.0319673
0.0262357
0.022132
0.0552992
0.254403
0.183627
0.00735021
0.0343231
0.0187832
0.053689
0.0345728
0.0644119
0.575089
0.348101
0.0547349
0.0450718
0.0122104
0.0471136
0.126267
0.12923
0.366148
0.304432
0.0252275
0.00338248
0.0170606
0.00918358
0.0197437
0.0285363
0.0444751
0.0362332
0.0343195
0.0187531
0.0145527
0.0392309
0.0279838
0.0541663
0.0620865
0.066981
0.05369
0.0697944
0.0315583
0.266714
0.0466165
0.0678125
0.0564343
0.0754457
0.0833044
0.0301192
0.0467171
0.684824
0.468221
0.154289
0.0424376
0.112049
0.162025
0.0324206
0.106707
0.0184433
0.0265829
0.011139
0.012915
0.0157588
0.0129377
0.0205077
0.00557905
0.113346
0.174441
0.00839438
0.00634942
0.00859335
0.00840123
0.00721682
0.000505863
0.260503
0.474843
0.0286778
0.012616
0.024416
0.0180778
0.00694494
0.015319
0.478865
0.606543
0.0277475
0.0241337
0.00926189
0.00248207
0.0038414
0.0169283
0.100626
0.231253
0.00264256
0.00049022
0.00142392
0.00128369
0.00119501
0.000749838
0.198653
0.469168
0.0244366
0.00141944
0.00217141
0.000141891
0.000114482
0.00144549
0.26687
0.469168
0.0256564
0.00665924
0.00155078
0.000122866
0.00058371
0.0138926
0.339715
0.469168
0.0433055
0.00445439
0.00161205
0
0.00454211
0.0121873
0.211372
0.423698
0.0326968
0.00407442
0.00459212
3.43001e-005
0.00032134
0.000356989
0.222296
0.423698
0.0888447
0.0186688
0.0107792
0.00274926
0.00123481
0.00601593
0.237235
0.423698
0.0620878
0.0897818
0.0245266
0.00201481
0.0162072
0.0257662
0.287611
0.349974
0.0841667
0.131063
0.0536861
0.0185075
0.0142615
0.115304
0.192539
0.422744
0.103257
0.0169596
0.00793288
0.00201274
0.000417673
0.0147923
0.317693
0.422744
0.0802215
0.00320366
0.00125749
0
0
0.00732698
0.342487
0.274255
0.070985
0.0454396
0.0233256
0.0248945
0.00562176
0.115436
0.353862
0.264983
0.126559
0.0612496
0.055489
0.0753931
0.0284057
0.0781039
0.264442
0.39674
0.0763031
0.0373303
0.0253688
0.00495607
0.0279694
0.00603472
0.0988529
0.120669
0.0509327
0.442049
0.235035
0.0385995
0.0660834
0.0105495
0.19104
0.186772
0.127238
0.105766
0.0667198
0.0487389
0.0789177
0.100611
0.059277
0.0798689
0.0676626
0.465745
0.252776
0.0385245
0.103682
0.0702571
0.0170305
0.014119
0.0503057
0.415393
0.225744
0.0444169
0.0291933
0.00465934
0.057714
0.110201
0.156579
0.197828
0.171838
0.0355723
0.0142066
0.0169214
0.0189677
0.0351758
0.0374782
0.463137
0.265046
0.0455923
0.0511627
0.00973826
0.0484707
0.125981
0.175026
0.463137
0.236619
0.0408195
0.0247646
0.0166547
0.184023
0.0191189
0.0634849
0.056167
0.0865416
0.0435925
0.0233975
0.0866869
0.417384
0.314518
0.162373
0.0237282
0.0302068
0.182153
0.145671
0.163656
0.0912173
0.00663662
0.0417984
0.0529544
0.0960531
0.0549931
0.0355394
0.16279
0.171652
0.106713
0.116749
0.0423964
0.0314136
0.279083
0.456766
0.320213
0.165091
0.348467
0.0468417
0.00226456
0.00527552
0.0803563
0.116859
0.0330511
0.200918
0.451872
0.0333293
0.0400269
0.0437792
0.0489633
0.100027
0.0501318
0.0455764
0.0973969
0.0330491
0.00650431
0.00405807
0.15491
0.451872
0.115699
0.0448668
0.0893721
0.0190828
0.0307927
0.0582612
0.134139
0.451872
0.167125
0.165062
0.437561
0.0570578
0.0252985
0.0277425
0.0557179
0.0799099
0.0295641
0.217652
0.444903
0.0508523
0.0249896
0.0190155
0.0236994
0.078459
0.0304265
0.0406475
0.0669427
0.0292228
0.0180732
0.0369854
0.135506
0.444903
0.0892513
0.0628942
0.0794985
0.0187623
0.0387632
0.0428586
0.0854867
0.444903
0.116541
0.143269
0.286431
0.0859566
0.189845
0.0581095
0.00565222
0.03781
0.0529234
0.35992
0.130092
0.10452
0.236321
0.0712465
0.0202032
0.0330227
0.236997
0.0892901
0.102519
0.109042
0.135622
0.0804036
0.0252885
0.422612
0.143456
0.339058
0.0970953
0.200452
0.119229
0.0397732
0.00993017
0.165089
0.253436
0.392124
0.0765114
0.0735563
0.0881173
0.0236789
0.0271394
0.0173434
0.25657
0.229338
0.131525
0.166139
0.0829403
0.067791
0.115039
0.0723701
0.151881
0.282658
0.0372565
0.115186
0.0570515
0.0189138
0.022072
0.043724
0.299258
0.162626
0.27813
0.468892
0.0749536
0.027448
0.0798181
0.0558511
0.182455
0.103871
0.102222
0.0995546
0.0848629
0.0527531
0.068627
0.108541
0.106257
0.0414106
0.0436695
0.0610704
0.458023
0.183389
0.0219267
0.0905161
0.0831295
0.140688
0.301073
0.329753
0.108898
0.102355
0.0469727
0.0521445
0.0778666
0.0650297
0.0928762
0.109374
0.458023
0.357437
0.0172419
0.0263979
0.0599801
0.00584915
0.00909179
0.0331925
0.383765
0.18877
0.0202632
0.0226236
0.00757501
0.00570284
0.0274083
0.059141
0.395208
0.309004
0.0466581
0.0056251
0.00207598
0.00368158
0
0.0750766
0.426494
0.214847
0.0151512
0.00749893
0.0107463
0.00011461
0.00502157
0.0549187
0.330799
0.362264
0.15191
0.116294
0.0108268
0.0670558
0.00764616
0.035506
0.101141
0.0936205
0.068352
0.0439513
0.166291
0.0831303
0.00979729
0.0575483
0.146153
0.101388
0.250437
0.635838
0.381067
0.0392992
0.0213889
0.0428133
0.127836
0.0785195
0.0548718
0.043642
0.0279995
0.0919808
0.0305501
0.0495577
0.135152
0.156076
0.123445
0.0779572
0.0371497
0.00592253
0.00224234
0.00699123
0.0149887
0.01587
0.0790241
0.478454
0.120896
0.00507564
0.00375759
0.00223685
0.00458223
0.0188808
0.103597
0.701255
0.24325
0.0112121
0.0118187
0.0170921
0.010748
0.0248161
0.0172368
0.0316316
0.0153241
0.00627334
0.0178068
0.0183762
0.00762254
0.0179606
0.0172927
0.328973
0.0791049
0.00106551
0.000453028
0.000163737
0.000292852
0.00506253
0.063585
0.486576
0.0861112
0.00492507
0.0020872
0.000122777
0.00767568
0.014587
0.103647
0.486576
0.0920828
0.00129209
0.00193801
0.00141861
0.0125894
0.0274078
0.0360551
0.371293
0.0525199
0.0107662
0.00194135
0.000152559
0.0954865
0.165289
0.1633
0.486576
0.0678103
0.0296912
0.0101921
0.0213743
0.014675
0.017278
0.0614998
0.458193
0.0925671
0.0648651
0.0150498
0.0482542
0.00933417
0.0067619
0.0446206
0.428828
0.113658
0.0348293
0.00291728
0.000510209
0.0640349
0.0913888
0.149202
0.458193
0.0951872
0.0237462
0.00135463
0.00034014
0.0121154
0.00595396
0.187158
0.458193
0.155261
0.0389897
0.0105965
0.0653601
0.0461391
0.042421
0.0427651
0.184727
0.0942509
0.0275415
0.127027
0.423306
0.0942322
0.0757482
0.12015
0.122952
0.0523242
0.0025552
0.0019824
0.019131
0.0285322
0.0402527
0.156426
0.48366
0.131036
0.00704138
0.0161597
0.136906
0.0608838
0.0778109
0.315426
0.48366
0.118088
0.0349114
0.140646
0.249684
0.132985
0.114288
0.0550069
0.0785531
0.0269129
0.0174979
0.0341034
0.0487263
0.411944
0.318651
0.0076218
0.00949105
0.0162787
0.0200259
0.0396955
0.123009
0.151397
0.0669748
0.163232
0.426278
0.100396
0.015005
0.0399922
0.0690197
0.426278
0.312297
0.01524
0.0810007
0.0524337
0.00296503
0
0.0520495
0.462589
0.2304
0.00401442
0.0133987
0.00605275
0.00932007
0.00987019
0.0507716
0.269982
0.134471
0.160476
0.207984
0.0194941
0.00397494
0.00654625
0.013574
0.48295
0.401106
0.00327987
0.00991999
0.000384426
0.0144627
0.00725173
0.0146582
0.247256
0.202084
0.0968207
0.111664
0.0191822
0.0226415
0.0343041
0.0509917
0.269599
0.18099
0.0505686
0.0557325
0.0348431
0.043119
0.072555
0.107023
0.311944
0.225559
0.158741
0.0803707
0.0280037
0.0726079
0.127952
0.0920179
0.263891
0.179861
0.0461879
0.0502039
0.0792461
0.0892466
0.203533
0.192323
0.367174
0.173895
0.0738087
0.0506367
0.102074
0.041058
0.0925027
0.141974
0.154926
0.18104
0.196502
0.0590062
0.0130954
0.0895333
0.137698
0.154427
0.133768
0.158149
0.147161
0.133426
0.060163
0.102212
0.176101
0.166418
0.252482
0.118664
0.193239
0.0859499
0.0386226
0.154179
0.208341
0.173662
0.161683
0.151255
0.169495
0.10193
0.0735494
0.00508419
0.00361035
0.0043787
0.082005
0.05825
0.0215342
0.0622742
0.0158203
0.0163592
0.0283131
0.0306225
0.463328
0.374851
0.0857327
0.202585
0.031808
0.00702311
0.00790586
0.00983953
0.153151
0.0703511
0.00978409
0.00346962
0.00377189
0.00290371
0.0320944
0.0733845
0.606327
0.340755
0.0038713
0.00155935
0.000472699
0.0576609
0.0475819
0.0529898
0.220847
0.169147
0.0860424
0.248384
0.0729499
0.0756026
0.0257917
0.0269067
0.043324
0.0136004
0.19102
0.532277
0.250156
0.0436009
0.0637521
0.125095
0.421189
0.172179
0.0071175
0.0209611
0.0246446
0.0934332
0.0427049
0.0693482
0.117163
0.0580385
0.0742689
0.277789
0.225456
0.00931802
0.000711013
0
0.00135036
0.00342216
0.110941
0.440392
0.118394
0.00567552
0
0.00327002
0.00334441
0.00678868
0.197664
0.440392
0.115232
0.0151125
0.00168536
0.00485828
0.0226892
0.0990527
0.155265
0.334352
0.100696
0.00111525
0
0.0031115
0.0280772
0.197306
0.306172
0.440392
0.0751353
0.0489082
0.029456
0.0495525
0.0598615
0.0168034
0.151229
0.439123
0.162788
0.0579214
0.0593643
0.0912474
0.39083
0.196638
0.0301346
0.127333
0.0990745
0.0504052
0.0131985
0.0275681
0.0398327
0.062705
0.200146
0.439123
0.179513
0.117637
0.044561
0.079203
0.214072
0.124156
0.0859251
0.268626
0.185054
0.0120241
0.0195363
0.0283065
0.512674
0.398752
0.00698814
0.00809921
0.00693506
0.00865734
0.00989769
0.00886659
0.204435
0.236476
0.0423049
0.0234236
0.0099422
0.0598224
0.0301652
0.0510488
0.438503
0.327442
0.0341323
0.0567271
0.0500512
0.0127866
0.0187524
0.0240401
0.231776
0.227617
0.0292581
0.0144415
0.00635148
0.0534596
0.15448
0.110759
0.11128
0.122913
0.157678
0.0599493
0.0388829
0.0946562
0.193702
0.160138
0.21629
0.176543
0.0964651
0.0355415
0.0670057
0.136975
0.232941
0.15997
0.0659478
0.138686
0.214814
0.108354
0.190128
0.13483
0.137805
0.155448
0.144622
0.230496
0.203145
0.121408
0.193351
0.103661
0.15588
0.12031
0.197386
0.112088
0.0697947
0.032254
0.0374569
0.100198
0.187036
0.14446
0.193201
0.119507
0.06722
0.0365339
0.0600137
0.0785322
0.106478
0.165387
0.207917
0.22505
0.112597
0.0876056
0.0893233
0.0781515
0.133811
0.213288
0.332405
0.193773
0.139975
0.166923
0.0611429
0.0050223
0.00792644
0.0115183
0.130558
0.0572689
0.0039908
0.0011231
0.0030748
0.0006997
0.00385432
0.022478
0.58021
0.266777
0.00154421
0.000435593
0.000253997
0.00389307
0.00623515
0.0175008
0.208044
0.0734653
0.00835823
0.0073745
0.00261955
0.000360635
0.000769111
0.0138407
0.58021
0.357489
0.00170288
0.00767452
0.00668271
0.0112866
0.011325
0.0411871
0.494734
0.258019
0.0041343
0.000459137
0.00503497
0.0225463
0.00971783
0.0312264
0.183065
0.149485
0.0471115
0.0230125
0.0421601
0.0169901
0.00825733
0.00911113
0.59238
0.345844
0.00180365
0.0358434
0.0439815
0.0766477
0.0603865
0.0413717
0.229909
0.150156
0.0171542
0.0379077
0.0615798
0.00360372
0.000581693
0.0108657
0.0723296
0.250037
0.0919903
0.047082
0.017797
0
0
0.006871
0.134813
0.491418
0.165739
0.134832
0.0241714
0.0276404
0.0364497
0.0432977
0.188048
0.197703
0.019116
0.0182184
0.011397
0.0158362
0.00592703
0.0256475
0.491418
0.491418
0.0510356
0.0191119
0.0223268
0.0187402
0.00241247
0.00726388
0.104361
0.239357
0.201734
0.325743
0.132956
0.132497
0.0212711
0.0652049
0.17276
0.0731685
0.16017
0.414845
0.266996
0.0410412
0.000508808
0.0170505
0.266833
0.308519
0.134079
0.0574965
0.100912
0.0788758
0.0114236
0.171276
0.276701
0.098185
0.117539
0.136152
0.166219
0.169346
0.0824441
0.133675
0.502974
0.220952
0.0831507
0.215569
0.18252
0.0407593
0.088344
0.0778975
0.272073
0.171382
0.0502335
0.0382477
0.0377809
0.0925434
0.063356
0.210231
0.444241
0.0986539
0.0632002
0.12415
0.12781
0.0425455
0.102209
0.0573452
0.093129
0.0610789
0.0544054
0.0658951
0.0738552