0.0345646
0.153993
0.166854
0.147291
0.16159
0.140071
0.0692866
0.0266786
0.157282
0.277532
0.266071
0.136043
0.108652
0.106875
0.075801
0.101231
0.05011
0.0944764
0.173806
0.273994
0.14103
0.155801
0.14344
0.0227769
0.104881
0.24022
0.375879
0.209519
0.0827964
0.163887
0.22281
0.129875
0.175204
0.210199
0.13297
0.0503301
0.0324627
0.0640707
0.13673
0.162616
0.246083
0.15824
0.0822299
0.116854
0.0325879
0.112459
0.156337
0.146515
0.15947
0.221458
0.184478
0.0777992
0.0100016
0.160703
0.327168
0.154434
0.246749
0.227928
0.13047
0.292199
0.053143
0.126049
0.253771
0.148686
0.341063
0.152375
0.0882932
0.146558
0.0830895
0.10234
0.0944366
0.122065
0.175312
0.0801935
0.179744
0.115723
0.092036
0.106142
0.179157
0.149612
0.196282
0.190327
0.223765
0.318951
0.0953186
0.0960552
0.0912888
0.142022
0.120379
0.157306
0.320841
0.18344
0.0773682
0.100497
0.129032
0.10339
0.03665
0.0154832
0.0656777
0.0631335
0.0611568
0.0598195
0.0776453
0.0556717
0.0706347
0.0400946
0.0869797
0.0913935
0.0856893
0.0431684
0.049044
0.042392
0.0871117
0.135217
0.13913
0.0886917
0.0533922
0.0369127
0.051587
0.0281207
0.478035
0.708947
0.111586
0.092867
0.0534545
0.0215894
0.0571567
0.114554
0.0433615
0.0216843
0.0261293
0.0138847
0.0200779
0.00745013
0.011256
0.0172312
0.0991701
0.17498
0.0281623
0.00754021
0.010461
0.00856738
0.0220843
0.0147498
0.308413
0.463279
0.0328196
0.00978852
0.00591318
0.00180623
0.0141977
0.0499911
0.438982
0.615254
0.0865523
0.000557025
0.00166918
0.00152402
0.0154959
0.0219948
0.0895488
0.232508
0.0133641
0.00177089
0.00331718
0.00447212
0.00667326
0.0098775
0.246585
0.465604
0.0158327
0.00222467
0.00545931
0.0153435
0.0280224
0.0609082
0.187884
0.486675
0.0495902
0
0.00027619
0.000745139
0.0043508
0.0203991
0.285687
0.486675
0.0329496
0.0475296
0.0469201
0.0290719
0.0260108
0.0793615
0.229788
0.226337
0.00720075
0.0146737
0.0451564
0.0960313
0.170275
0.128837
0.0552883
0.0141765
0.00905355
0.047594
0.140149
0.113138
0.189854
0.076021
0.217198
0.322575
0.00976807
0.255409
0.243206
0.142758
0.139466
0.0659973
0.0392985
0.0175575
0.0250195
0.397686
0.43796
0.136392
0.153933
0.0320409
0.0752952
0.157885
0.162226
0.135378
0.156616
0.192283
0.0901424
0.0224854
0.0643804
0.256173
0.298164
0.119169
0.0978341
0.136279
0.130578
0.0785633
0.241113
0.189933
0.167549
0.0792688
0.135255
0.22171
0.0570721
0.100875
0.2615
0.30554
0.29607
0.0907915
0.100232
0.13863
0.0779533
0.160406
0.0677679
0.162337
0.15644
0.049171
0.0140337
0.0759503
0.119243
0.0596434
0.110431
0.142431
0.101487
0.126564
0.0610635
0.0403303
0.0889919
0.0779879
0.159207
0.183527
0.157863
0.0823505
0.0162296
0.0320323
0.0691463
0.137573
0.470186
0.607301
0.0605781
0.0808076
0.042008
0.0217177
0.0916959
0.170473
0.0380731
0.0358597
0.0403038
0.0427541
0.0229873
0.015955
0.0162167
0.0290669
0.102054
0.169414
0.0528464
0.0186022
0.0107589
0.0229904
0.0229059
0.0290106
0.304377
0.449759
0.0398959
0.0182977
0.0151968
0.0116586
0.0163216
0.0638163
0.484101
0.561954
0.186959
0.00497766
0.0033459
0.00914611
0.0107529
0.0731704
0.0866433
0.203399
0.0335513
0.00666846
0.00669725
0.00483892
0.00511183
0.010521
0.173329
0.482271
0.054662
0.0041002
0.00353909
0.000477239
0.00262072
0.0165209
0.227667
0.482271
0.125369
0.000862126
0.00151952
0.00134866
0.00144941
0.0321292
0.29156
0.482271
0.130686
0.000193481
0.000621535
5.24187e-005
0
0.0181828
0.143361
0.420141
0.0304912
0.000568987
0.000264472
2.74408e-005
0.00100829
0.0100881
0.174653
0.444155
0.0493603
0
0
0
0.000627169
0.00375285
0.188781
0.444155
0.039369
0
0
0
0
0
0.308973
0.444155
0.0231335
0
0
0
0
0.00326973
0.156735
0.390332
0.0285139
0.00414006
0.0107403
0.00600296
0.00503034
0.0286092
0.140067
0.343763
0.00931655
0.140312
0.152928
0.0314522
0.0208776
0.103044
0.264561
0.390332
0.0100084
0.0494032
0.054682
0.00900444
0.00329529
0.0266436
0.116908
0.19314
0.00333398
0.390332
0.390332
0.0364547
0.0131811
0.0609422
0.0409271
0.0553902
0.0041769
0.313408
0.239377
0.0272022
0.0132661
0.0329933
0.00524369
0.00265701
0.0199485
0.346508
0.297379
0.0214853
0.0108846
0.00285293
0.00750301
0.0119896
0.00189991
0.383822
0.383822
0.0112443
0.00400681
0.0154245
0.00461316
0.00138319
0.00908923
0.383822
0.383822
0.0105562
0.0076077
0.00596604
0.102045
0.0609333
0.0232579
0.0232371
0.0154885
0.042416
0.011873
0.0673743
0.212438
0.214814
0.0411671
0.0316973
0.0249576
0.0213355
0.0163276
0.0687371
0.113007
0.296513
0.160018
0.064124
0.0679456
0.130707
0.0467529
0.0942131
0.423217
0.635196
0.23254
0.05644
0.0908288
0.0368073
0.0285237
0.0456491
0.109821
0.204225
0.0230593
0.0136549
0.00637032
0.00306784
0.00740162
0.0450966
0.228452
0.478827
0.0393751
0.00634781
0.000571677
0.00118374
0.00853266
0.0365441
0.195
0.478827
0.0662197
0.0176806
0.0312968
0.00719965
0.00212987
0.0201798
0.313961
0.478827
0.089425
0.0324838
0.0326127
0.000476078
0.00104047
0.0139769
0.164585
0.414001
0.0491194
0.000778231
0.000131292
0.000559748
0.00198243
0.0165619
0.218163
0.414001
0.0991184
0.00233477
0.000710581
0.000139937
0.000722287
0.0190357
0.24769
0.414001
0.0536772
0.00636187
0.0054585
0.000736527
0.00480114
0.0162415
0.342727
0.414001
0.0349381
0.015932
0.0265181
0.00422896
0.0329689
0.0232388
0.192462
0.408949
0.0753294
0.00885516
0.00269505
0
0.000163696
0.00932907
0.170644
0.408949
0.0698984
0.00590344
0.0111331
0.0519257
0.0057878
0.016681
0.254561
0.408949
0.0182122
0.0832736
0.0992807
0.00682178
0.0626895
0.0237887
0.225083
0.408949
0.14398
0.0933424
0.0820522
0.119573
0.0673872
0.135511
0.178598
0.403729
0.0355146
0.00225696
0.0141673
0.040369
0.00394628
0.0185073
0.280829
0.403729
0.0782489
0.00902783
0.00354183
0.00225389
0
0.0116859
0.209535
0.294307
0.172075
0.0356974
0.041328
0.141067
0.0302668
0.144599
0.232251
0.403729
0.194554
0.0475226
0.0697736
0.16402
0.102648
0.0962908
0.177733
0.313215
0.041379
0.069623
0.0571353
0.00228652
0.00343686
0.0227271
0.0626755
0.096912
0.00542148
0.395203
0.395203
0.00653106
0.0051553
0.0161379
0.166831
0.296756
0.0653874
0.0916264
0.112107
0.0636727
0.0844147
0.108391
0.0756899
0.0959749
0.00489793
0.395203
0.395203
0.0255963
0.028567
0.0435923
0.000916672
0.00465928
0.000515933
0.36853
0.338305
0.00154717
0.000632407
0.000217815
0.00262568
0.00286049
0.00872041
0.36853
0.241278
0.00353681
0.00573409
0.00286808
0
0.00430141
0.00475275
0.36853
0.36853
0.00572805
0.00291146
0
0.0015479
0.00160887
0.0109325
0.36853
0.332593
0.0248519
0.00420498
0.0109071
0.0213754
0.139005
0.0963735
0.0340314
0.108658
0.127251
0.112433
0.045523
0.0936496
0.444881
0.125437
0.0295358
0.145366
0.245649
0.277137
0.0321466
0.0120019
0.0718421
0.0832202
0.0399927
0.0895823
0.150049
0.167703
0.0410507
0.0242203
0.0868267
0.0650087
0.0168495
0.101801
0.444881
0.444881
0.0862759
0.0759124
0.28757
0.0342115
0.0354395
0.0649954
0.0934132
0.14063
0.0282769
0.138726
0.3998
0.0540554
0.0839612
0.0751981
0.0626893
0.192731
0.0334142
0.0184749
0.0309085
0.00700774
0.023757
0.0470498
0.357825
0.3998
0.1159
0.0232941
0.048111
0.0245715
0.0559741
0.0522467
0.306773
0.3998
0.174344
0.173144
0.383879
0.0329293
0.025169
0.0242259
0.0433805
0.183044
0.0548765
0.226777
0.256752
0.00194241
0.0282697
0.110462
0.0456554
0.104279
0.0628076
0.0260884
0.0383828
0.0178598
0.0184937
0.0212918
0.219475
0.416667
0.177098
0.0938374
0.0271258
0.00624041
0.0427933
0.187185
0.260856
0.416667
0.221233
0.18989
0.0943313
0.0158138
0.116648
0.177622
0.0501517
0.110869
0.0873894
0.365518
0.122088
0.109785
0.119871
0.0962032
0.06105
0.110879
0.269892
0.197135
0.0244829
0.0641432
0.142747
0.164708
0.129352
0.35607
0.23962
0.365518
0.0524542
0.109378
0.134657
0.0443533
0.0402689
0.143666
0.308595
0.292533
0.154288
0.131033
0.0392285
0.0394352
0.109982
0.068621
0.196429
0.195013
0.17152
0.0777072
0.043057
0.0953991
0.215705
0.196049
0.203143
0.321622
0.0992958
0.0673429
0.0522302
0.0563521
0.0714796
0.104788
0.192987
0.176984
0.375361
0.288692
0.0718775
0.143002
0.17449
0.16144
0.2288
0.0956795
0.0923569
0.016201
0.0645201
0.122416
0.0773618
0.115796
0.164636
0.0353797
0.0276014
0.00556833
0.395521
0.395521
0.0424429
0.0218328
0.0500779
0.103822
0.29961
0.148797
0.231835
0.171324
0.0927345
0.0608716
0.12686
0.0467462
0.0627666
0.0181262
0.395521
0.395521
0.0580042
0.00895062
0.0242288
0
0.00274889
0.0234295
0.394432
0.329488
0.0225499
0.00263232
0
0.0146196
0.0087
0.0305153
0.320467
0.24601
0.0790124
0.0140235
0.0682853
0
0.00864321
0.0563237
0.394432
0.370934
0.0209157
0.0018882
0
0.0640827
0.0361852
0.108384
0.394432
0.178938
0.0679673
0.0212162
0.116218
0.0916126
0.244275
0.193474
0.0577573
0.020655
0.0619902
0.0687517
0.0320124
0.0805018
0.0991963
0.116439
0.0196548
0.0722151
0.421015
0.511784
0.157599
0.211862
0.305198
0.195287
0.0510454
0.00226967
0.0192105
0.0608733
0.107611
0.151672
0.190815
0.136671
0.0567072
0.158619
0.0814956
0.045045
0.118987
0.0235169
0.00621932
0.00676356
0.00613993
0.0340328
0.261368
0.460622
0.135385
0.0222299
0.00550901
0.00640107
0.00403685
0.00728808
0.412991
0.460622
0.152217
0.0778418
0.0333209
0.0366573
0.0233168
0.0752548
0.0588797
0.081973
0.0673884
0.118624
0.0491074
0.0582998
0.024846
0.0164244
0.199019
0.391081
0.0671663
0.00732379
0.00047478
0.00122774
0.000865193
0.00121804
0.216279
0.422454
0.0924284
0.0210657
0.00128588
0.00152577
0.00783653
0.0334627
0.228412
0.422454
0.160954
0.0486766
0.0217182
0.0141538
0.00455445
0.00239124
0.177058
0.398441
0.0446285
0.0208144
0.00662872
0.0021373
0.000284154
0.00118833
0.282634
0.422454
0.110386
0.0496059
0.00275544
0.0183342
0.029305
0.0240023
0.102299
0.4562
0.141319
0.0767726
0.00455713
0.0391701
0.041723
0.0169286
0.0548398
0.381795
0.0829071
0.00375259
0.000979187
0.000591253
0
0
0.236961
0.4562
0.109962
0.00483554
0.000776711
0.00207988
0.00488138
0.0141396
0.221528
0.4562
0.114723
0.0445191
0.0520523
0.0552635
0.0790735
0.0894605
0.0635717
0.12987
0.0400608
0.0215432
0.305217
0.305045
0.128507
0.145477
0.150724
0.0814912
0.0421869
0.0162205
0.021336
0.0169099
0.0571281
0.104495
0.214175
0.418112
0.085521
0.0258569
0.0933776
0.0893319
0.131909
0.163892
0.418112
0.418112
0.064562
0.0187468
0.159046
0.13638
0.294391
0.112175
0.0545044
0.0252632
0.0199989
0.0108275
0.0227922
0.0140807
0.379916
0.297811
0.0170881
0.000493956
0.00321115
0.039177
0.0311518
0.0380152
0.379916
0.170486
0.184454
0.280188
0.0255766
0.026118
0.00245407
0.0071401
0.379916
0.379916
0.0129021
0.0231238
0.00732663
0
0.00234302
0.0163656
0.387248
0.326846
0.00171494
0.000210726
0
0.0264245
0.01221
0.0425318
0.344612
0.192103
0.00499548
0.00391093
0.028867
0
0
0.00104587
0.387248
0.387248
0
0
0
0.00158185
0.00490102
0.00462999
0.387248
0.308865
0.00736555
0.00249673
0.00155163
0.312652
0.235401
0.169635
0.0765347
0.00665459
0.0371314
0.0970506
0.218561
0.258398
0.28348
0.202167
0.0740088
0.06614
0.0282044
0.0169569
0.203257
0.328979
0.305728
0.124172
0.0353544
0.0221322
0.0550886
0.0355149
0.151224
0.244925
0.27786
0.14289
0.030379
0.00704331
0.0445528
0.0266212
0.172984
0.303339
0.231749
0.171262
0.0517915
0.0911967
0.0593285
0.0332539
0.226029
0.368425
0.187062
0.152606
0.0609922
0.0320582
0.104877
0.233027
0.306289
0.181375
0.217455
0.120835
0.0269031
0.00536908
0.0618368
0.0846134
0.178446
0.149335
0.0932632
0.0291553
0.0200788
0.00934126
0.105639
0.193884
0.283439
0.128323
0.0623597
0.0362593
0.0114338
0.01069
0.101044
0.295941
0.122122
0.104469
0.0316067
0.0106832
0.00396879
0.0153465
0.375436
0.693519
0.235541
0.0964609
0.0240551
0.00683602
0.00408152
0.00927926
0.0269273
0.0502349
0.110071
0.147099
0.0239464
0.00842917
0.0148317
0.0436892
0.0679821
0.161373
0.164565
0.00805277
0.00315057
0.00361095
0.000783892
0.00199921
0.228758
0.462946
0.0910844
0.00170993
0.00114694
0.00423885
0.000337133
0.00124247
0.330481
0.462946
0.117948
0.0326616
0.0126227
0.0159511
0.00394752
0.00857042
0.0691227
0.19108
0.086502
0.0285766
0.0128593
0.0208527
0.00116618
8.45999e-005
0.232642
0.462946
0.14673
0.00394038
0
0.000347346
0.00232194
0.0119446
0.171264
0.412984
0.0732044
0.0250847
0.000767721
1.59198e-005
0.0175904
0.0270542
0.281765
0.412984
0.0945399
0.00871631
0.00134673
0.00230697
0.000383511
0
0.203847
0.412984
0.0889323
0.0103054
0.000124271
5.97215e-005
3.13791e-005
0.000294205
0.285696
0.412984
0.144138
0.0864364
0.0118446
0.0171658
0.196098
0.0900896
0.208677
0.372974
0.0789439
0.0598739
0.0156121
0.0333267
0.372974
0.289953
0.0373608
0.0617972
0.037987
0.057513
0.0147082
0.0325704
0.0511443
0.0124002
0.204719
0.372974
0.203926
0.0713161
0.0216683
0.0840354
0.361619
0.191395
0.0613852
0.195987
0.180969
0.000627885
0.0020588
0.00697765
0.365839
0.346598
0
0
0.00269622
0.00174384
0.00361012
0.00311485
0.339408
0.238698
0.00604606
0.00205399
0.00203584
0.0129638
0.0030882
0.0276475
0.365839
0.365839
0.00226467
0.0107848
0.0315637
0.00462599
0.00190394
0.00570255
0.365839
0.365806
0.00295654
0.00046999
0.00471127
0.338904
0.313124
0.127508
0.0823792
0.094614
0.0974669
0.0331172
0.086781
0.268667
0.188457
0.126022
0.0770096
0.0763595
0.137215
0.0929928
0.127894
0.229447
0.122849
0.118729
0.109835
0.201006
0.139406
0.154111
0.0817014
0.313393
0.0773042
0.120508
0.138787
0.172868
0.140176
0.148032
0.0763628
0.166819
0.0887863
0.0949703
0.0440968
0.0687106
0.176294
0.137956
0.145232
0.129398
0.0531506
0.0234178
0.0374672
0.087467
0.312847
0.170179
0.223312
0.31949
0.102971
0.0753893
0.0967837
0.127033
0.160611
0.11269
0.0877678
0.269892
0.0617458
0.0440864
0.0786974
0.211146
0.342176
0.131007
0.185943
0.1759
0.0664918
0.0027999
0.0162497
0.0675391
0.216274
0.0966148
0.158722
0.38894
0.159769
0.0613253
0.0490661
0.118769
0.104184
0.0559542
0.208366
0.174439
0.0627984
0.0184837
0.0317767
0.191127
0.283225
0.102716
0.142103
0.279499
0.24533
0.0652619
0.0296989
0.238294
0.146039
0.145218
0.110196
0.175136
0.0794154
0.0582857
0.0172194
0.0325367
0.0261799
0.064664
0.154499
0.162768
0.0739586
0.0791441
0.014594
0.00559051
0.167523
0.743217
0.35159
0.087521
0.0820897
0.0455334
0.0170225
0.082978
0.054387
0.0865224
0.0251349
0.0551295
0.0609535
0.114036
0.0495052
0.056421
0.0569789
0.110596
0.0525484
0.0217667
0.00462633
0.00745599
0.00275034
0.00138075
0.142302
0.458909
0.126878
0.00591983
0.00121719
0.000444993
0.000723665
0.00497258
0.431529
0.536585
0.187728
0.0114273
0.00606552
0.0155044
0.0180694
0.00532496
0.0278811
0.0617225
0.0492126
0.00988304
0.00333709
0.00563065
0.0294972
0.0195874
0.124784
0.389539
0.116764
0.0151673
0.00238083
0.00724007
0.00474571
0.00162873
0.246216
0.404729
0.117826
0.0476147
0.0434912
0.0631868
0.133167
0.0817399
0.159688
0.404729
0.161837
0.00448978
0.00228534
0.00413276
0.00707298
0.00769017
0.154873
0.404729
0.062303
0.129666
0.109344
0.0552074
0.0371765
0.0113482
0.182877
0.404729
0.22549
0.0316225
0.0951413
0.12479
0.383193
0.321423
0.0256153
0.128518
0.0645839
0.00717787
0.0403281
0.0664882
0.383193
0.310324
0.00420875
0.00104536
0.00400942
0.218295
0.280032
0.17381
0.216731
0.0888372
0.04465
0.257875
0.157946
0.0744935
0.136611
0.109221
0.245237
0.120109
0.0138658
0.00755168
0.010783