0.10637
0.0453108
0.0533789
0.0465972
0.0254068
0.0329947
0.00939427
0.0725412
0.0879932
0.0445842
0.0473605
0.0430548
0.031484
0.0461686
0.0713267
0.141343
0.424989
0.0547624
0.0273349
0.0128035
0.00196626
0.003635
0.0204617
0.441465
0.32079
0.0310296
0.0223907
0.0105134
0.0035762
0.0135262
0.101006
0.614246
0.0741844
0.0286764
0.0136223
0.0486163
0.0550812
0.0639034
0.0915566
0.104732
0.0640191
0.0629528
0.0478374
0.15306
0.183969
0.0728747
0.0602109
0.0507511
0.364
0.0309921
0.00743767
0.0142874
0.0165339
0.023222
0.115702
0.51256
0.44922
0.13418
0.0628521
0.0960643
0.0742686
0.0294978
0.0363221
0.410746
0.0100341
0.0167575
0.0253056
0.1932
0.212794
0.0156826
0.011317
0.00832675
0.00307907
0.0045777
0.017767
0.509882
0.307842
0.00639512
0
0
0.121361
0.0809952
0.0544478
0.196492
0.15557
0.013249
0.00523803
0.0841445
0.0209836
0.0253083
0.0233123
0.52168
0.375692
0.00598147
0.00180678
0.000459181
0.000358714
0.00532847
0.0116578
0.272112
0.147888
0.00812686
0
0
0
0.00144195
0.0105278
0.503222
0.230944
0.00337557
0.00541423
0.00449927
0
0
0.00266833
0.31334
0.205826
0.00482064
0
0
0
0
0.00316588
0.503222
0.391921
0.00117743
0
0
0
0
0.0150307
0.3931
0.189016
0.122746
0.0206504
0.0125901
0
6.13364e-006
0.0105152
0.0790987
0.218571
0.294607
0.0215661
0.00875848
0
0.00278176
0.00500647
0.447442
0.361001
0.0802965
0
0
0.00380136
0.0044865
0.00414896
0.147649
0.447442
0.22103
0.0126274
0.00855862
0.00995221
0.00932781
0.00412563
0.0119131
0.226174
0.337251
0.0361503
0.00843979
0.0458501
0.0686829
0.0293196
0.0217205
0.017445
0.106763
0.0495774
0.0304297
0.103919
0.0351719
0.00332841
0.0683134
0.676812
0.253533
0.0853805
0.11541
0.263821
0.21138
0.0414522
0.0143498
0.029032
0.0925234
0.0819299
0.178903
0.0476802
0.0650274
0.0406193
0.0639082
0.0478658
0.159446
0.191758
0.0963281
0.219627
0.0177286
0.0216463
0.039173
0.0427462
0.132041
0.303931
0.245092
0.182184
0.183223
0.0457853
0.0292534
0.106564
0.359337
0.173851
0.148963
0.0640283
0.0134108
0.013764
0.0692547
0.173596
0.451536
0.202323
0.0865936
0.385144
0.101146
0.00127411
0
0
0
0.0261952
0.320489
0.391414
0.0783354
0.00191117
0
0
0.00415922
0.0489016
0.478722
0.233086
0.156631
0.0297069
0.0353522
0.0382314
0.0340638
0.0563858
0.192658
0.301872
0.147823
0.0517853
0.0581664
0.0405551
0.0481035
0.0569385
0.195646
0.40234
0.0289867
0.000529311
0
0
0.0193987
0.043088
0.37395
0.365654
0.0566728
0.0126514
0.011291
0.0263035
0.147277
0.0999729
0.335744
0.251875
0.0472967
0.0400295
0.038102
0.0606836
0.112495
0.0730667
0.17689
0.160117
0.0193842
0.0473047
0.0758766
0.205657
0.304947
0.196541
0.142825
0.113705
0.0504214
0.018038
0.0980874
0.122838
0.107565
0.0480347
0.0666045
0.0281656
0.0186838
0.00866586
0.434069
0.36073
0.027135
0.0129667
0.00327023
0.0312174
0.00455132
0.0273578
0.170617
0.275256
0.18142
0.0828381
0.0218677
0.0524349
0.0508869
0.0229819
0.426611
0.465271
0.120454
0.0578967
0.0152585
0.0127115
0.00357527
0.00176414
0.243835
0.19132
0.00424174
0.00722081
0.00406277
0.0166357
0.00536291
0.00562039
0.492731
0.367405
0.0107977
0.015912
0.0124033
0.14277
0.145794
0.0199903
0.215668
0.179383
0.0450519
0.041195
0.0144922
0.234628
0.184975
0.0340603
0.432843
0.242165
0.0203224
0.103224
0.0649776
0.0345757
0.0385357
0.0101513
0.359748
0.29259
0.0286565
0.0236198
0.0223886
0.0542179
0.124677
0.0854398
0.144085
0.398266
0.0670845
0.0184079
0.0188041
0.211102
0.283159
0.0224026
0.18429
0.157199
0.0135186
0.0879675
0.0871533
0.286644
0.452887
0.141586
0.0731657
0.102555
0.00759655
0.0236198
0.0440301
0.0884085
0.11453
0.105608
0.109353
0.260494
0.0423376
0.0327041
0.0475028
0.13778
0.120329
0.0404539
0.0362408
0.061315
0.0481959
0.0756011
0.098944
0.29846
0.569803
0.173382
0.117841
0.125456
0.0248205
0.0367137
0.090545
0.153026
0.151705
0.0438887
0.214864
0.379322
0.0999798
0.126299
0.1444
0.0669768
0.0575747
0.0207475
0.0843365
0.203478
0.152372
0.0879353
0.0660481
0.0181884
0.00240191
0.00754366
0.0938425
0.232
0.201163
0.0552595
0.0244661
0.0280676
0.019281
0.0238913
0.328905
0.602026
0.12589
0.083507
0.0547278
0.118206
0.0718083
0.0614339
0.189511
0.353267
0.15444
0.0746257
0.108035
0.0709895
0.0262644
0.0401802
0.0572085
0.07514
0.0364536
0.0318748
0.0799244
0.0773907
0.045542
0.051255
0.0670369
0.0756506
0.0426811
0.0363948
0.116424
0.407077
0.0372366
0.0447678
0.0359542
0.0476198
0.0194771
0.0661563
0.456528
0.421093
0.08588
0.0337149
0.0311596
0.0716294
0.0305452
0.0691057
0.547635
0.0917722
0.0406913
0.0367645
0.0498988
0.0851489
0.0729513
0.034412
0.0902623
0.123999
0.0637561
0.0625635
0.156104
0.158398
0.104943
0.0661252
0.0384723
0.285763
0.115234
0.0614826
0.0712418
0.0799504
0.0380254
0.131752
0.577024
0.436887
0.227548
0.144119
0.165685
0.0498013
0.024028
0.163682
0.185527
0.0432454
0.0623549
0.0806574
0.210107
0.173103
0.0522727
0.0515635
0.0127403
0.0882961
0.193432
0.105181
0.152154
0.236574
0.0971928
0.0925718
0.0403188
0.2405
0.377707
0.116777
0.130641
0.0135617
0.00490653
0.0654641
0.0510921
0.299901
0.566891
0.180544
0.039687
0.0176455
0.0251625
0.0649271
0.0905732
0.145252
0.255806
0.0679331
0.0845631
0.0808391
0.0498916
0.0449443
0.0244366
0.301874
0.405591
0.0609217
0.138402
0.0655831
0.0204522
0.0693208
0.0533501
0.233362
0.363887
0.165965
0.0605622
0.0209405
0.0383863
0.0510195
0.107058
0.253511
0.370082
0.15768
0.083057
0.0653211
0.0429232
0.0750866
0.262148
0.221988
0.42801
0.0425095
0.0350059
0.0289919
0.00672402
0.0466877
0.0619031
0.283556
0.474403
0.0942325
0.0167822
0.00610535
0.00413586
0.0123518
0.071928
0.245182
0.267193
0.0820661
0.0374381
0.0325708
0.0211797
0.0433216
0.21654
0.226422
0.288218
0.159894
0.144858
0.0309471
0.0332602
0.0271096
0.130816
0.235963
0.337538
0.0587901
0.0987707
0.0900221
0.0326288
0.0143625
0.111317
0.0723856
0.0684958
0.0279393
0.293562
0.35188
0.0935902
0.0581592
0.0784992
0.114955
0.160279
0.0997512
0.288853
0.0995477
0.0402642
0.0202415
0.0831798
0.061807
0.0459667
0.0752415
0.517046
0.260934
0.0636891
0.0454624
0.0327122
0.024772
0.0352887
0.0447029
0.234224
0.303171
0.0775318
0.0492042
0.0194044
0.130125
0.0868492
0.123267
0.116609
0.158982
0.0836667
0.0445906
0.073652
0.0624719
0.057549
0.0938462
0.375665
0.225183
0.0448659
0.0488576
0.0225177
0.119721
0.100442
0.386066
0.51771
0.160262
0.0422863
0.0266688
0.0571481
0.252482
0.0705602
0.046243
0.00456255
0.014142
0.0163626
0.0780011
0.324086
0.272099
0.176435
0.07828
0.0747859
0.0315045
0.0308803
0.0789433
0.429268
0.209157
0.0470938
0.0347267
0.00373801
0.0164698
0.0209268
0.0301293
0.356963
0.189221
0.156173
0.0833099
0.0980613
0.0114819
0.0690474
0.17373
0.409606
0.0926462
0.149134
0.143625
0.124109
0.040128
0.0190046
0.110759
0.245731
0.169617
0.196525
0.244237
0.179587
0.0186084
0.00473645
0.109936
0.0937551
0.057051
0.120846
0.122801
0.112729
0.0156204
0.0880622
0.3186
0.27123
0.0914266
0.125321
0.209465
0.176801
0.0153953
0.156881
0.477752
0.220414
0.138015
0.301135
0.116978
0.0832376
0.00363821
0.00213549
0.0534573
0.0292187
0.171391
0.464933
0.112152
0.0429522
0.00907479
0.0104248
0.0369508
0.0562876
0.0587944
0.132575
0.114096
0.104825
0.00781838
0.0811469
0.451785
0.118029
0.0504556
0.147154
0.120845
0.0585411
0.0391046
0.0955392
0.464933
0.128508
0.15754
0.230571
0.154023
0.138947
0.0423903
0.0464101
0.0516661
0.107914
0.222947
0.109071
0.109851
0.122663
0.0637848
0.0485327
0.074233
0.359554
0.105825
0.0998482
0.123554
0.1347
0.0835215
0.0719581
0.32106
0.123474
0.415385
0.102985
0.0476838
0.103905
0.0447855
0.0285788
0.146001
0.415427
0.271795
0.0820306
0.0655403
0.0767669
0.0344171
0.0324268
0.0428087
0.320655
0.174609
0.12643
0.143492
0.248004
0.0376111
0.0937994
0.0472288
0.0979618
0.36885
0.0888547
0.132341
0.0751771
0.0138288
0.0376645
0.0299405
0.351702
0.24642
0.251492
0.309431
0.180094
0.0415982
0.113809
0.0642073
0.183647
0.0418231
0.080342
0.0679737
0.294337
0.0459151
0.0584838
0.0369375
0.0197198
0.0362174
0.0250485
0.0423524
0.54155
0.161871
0.0254199
0.0150335
0.0209274
0.0820545
0.107599
0.0977536
0.330125
0.103291
0.0914055
0.0698307
0.11801
0.0090964
0.0141497
0.0555856
0.54155
0.201433
0.0415721
0.0246039
0.03291
0.0225937
0.0103774
0.0349957
0.290383
0.15638
0.015729
0.00525767
0.0142634
0.0125022
0.0235947
0.186395
0.459744
0.17158
0.025301
0.00602486
0.0127684
0.0104507
0.024891
0.0658771
0.43334
0.164893
0.0421528
0.000282849
0.00333772
0.0115603
0.0273921
0.0696417
0.323704
0.406209
0.255278
0.0156908
0.00378157
0.237312
0.0102611
0.0022953
0.000712316
0.00313849
0.0102549
0.0391405
0.359128
0.303777
0.0897778
0.0171355
0.0181518
0.00250723
0.0347718
0.11217
0.439617
0.256811
0.0164358
0.0128217
0.00797624
0.00119308
0.0236783
0.0767145
0.198657
0.411408
0.0916445
0.0237067
0.00199406
0.00118581
0.0141074
0.105795
0.370709
0.116219
0.108075
0.0425074
0.0225869
0.0146408
0.106339
0.217196
0.276446
0.056441
0.0705754
0.0631552
0.0705092
0.0248011
0.291463
0.455933
0.328969
0.16326
0.111795
0.0317606
0.00666254
0.00765053
0.0516469
0.116816
0.315072
0.114682
0.066505
0.037614
0.0601021
0.0239475
0.127886
0.13403
0.382446
0.0173573
0.0137446
0.016445
0.0260833
0.00853384
0.15698
0.367843
0.185268
0.010541
0.00315115
0.0188589
0.00785347
0.0205404
0.200206
0.456847
0.189142
0.0998118
0.026634
0.00811417
0.018845
0.00899253
0.117626
0.127781
0.204061
0.148395
0.0356537
0.0012608
0
0.00489506
0.166874
0.384694
0.43748
0.0336384
0.00952938
0.0119509
0.0111166
0.0213205
0.0908064
0.393735
0.105831
0.116117
0.0305476
0.0173219
0.028665
0.0060031
0.047694
0.30612
0.145213
0.0431148
0.00548104
0
0.000652031
0.00251293
0.168269
0.461124
0.27462
0.0196626
0.00832493
0.00892191
0.0163331
0.00973548
0.28443
0.461124
0.180733
0.100264
0.0437928
0.143145
0.0669738
0.00118809
0.0580776
0.117627
0.13089
0.0703299
0.174298
0.326314
0.125126
0.0335944
0.117761
0.127768
0.0972484
0.0287779
0.0203323
0.070541
0.0574604
0.0194648
0.262484
0.424105
0.169261
0.0415405
0.0732623
0.172148
0.118255
0.0725291
0.354072
0.433642
0.171007
0.0340439
0.10161
0.128886
0.301127
0.118339
0.0571114
0.0757002
0.0795338
0.00614131
0.0110356
0.041537
0.498943
0.19305
0.019032
0.0129299
0.0144827
0.0534004
0.0702605
0.140245
0.306893
0.113348
0.143278
0.165187
0.0935231
0.0158873
0.0211552
0.0658383
0.498943
0.26176
0.00486773
0.0102308
0.0110262
0.0430184
0.0532282
0.0707142
0.437033
0.177478
0.0320504
0.00229557
0.00146082
0.0561149
0.0575589
0.0478363
0.183544
0.268341
0.323553
0.0943134
0.0265382
0.0465975
0.0763046
0.0580763
0.537388
0.221316
0.00938263
0.0091823
0.00584328
0.0957034
0.15473
0.121474
0.182939
0.0641942
0.142123
0.142852
0.0588658
0.161395
0.0486243
0.0335865
0.022971
0.0123292
0.0338284
0.0692074
0.133633
0.331295
0.0691754
0.0325335
0.0042653
0.00593254
0.0314876
0.116185
0.438735
0.111411
0.043774
0.0290686
0.0175464
0.0231493
0.0390189
0.131581
0.287528
0.344465
0.0489816
0.0128355
0.00217043
0.0140265
0.0567204
0.162311
0.532101
0.257437
0.105403
0.0150852
0.00205412
0.0175225
0.0897728
0.14495
0.426992
0.21893
0.124068
0.0485676
0.0213882
0.0691542
0.0999593
0.130789
0.306198
0.327332
0.117067
0.0447057
0.000402613
0.0210334
0.0982119
0.116693
0.303528
0.189613
0.250288
0.13658
0.0241791
0.078445
0.0632417
0.127613
0.228952
0.207071
0.116419
0.0399586
0.0229513
0.029251
0.043311
0.0812477
0.15898
0.349759
0.128002
0.0101931
0.0157381
0.0095417
0.070715
0.276868
0.495376
0.0939254
0.116679
0.0515626
0.0668995
0.0642012
0.0461764
0.10708
0.195913
0.287576
0.0697593
0.0110713
0.0620638
0.0337781
0.0595645
0.115634
0.417221
0.102393
0.0175098
0.00191303
0.00185178
0.00136956
0.132029
0.371152
0.264444
0.026773
0.0115338
0.00145396
0.00340825
0.00958938
0.397633
0.538045
0.207338
0.13864
0.0214304
0.00832719
0.00740711
0.00359326
0.0285736
0.062062
0.237773
0.0733881
0.0306783
0.00780167
0.005162
0.00559148
0.170104
0.215885
0.237581
0.00631493
0.00281109
0.000446575
0.00775163
0.0119844
0.226511
0.343761
0.17822
0.0411316
0.0248491
0.0126725
0.0204404
0.0417307
0.236382
0.35726
0.236536
0.0189302
0.00605647
0.000612487
0.000526109
0.00360677
0.146436
0.252735
0.199426
0.0278549
0.0200004
0
0
0.00701831
0.324331
0.447357
0.279535
0.0944607
0.0579325
0.0803049
0.122209
0.0506243
0.136858
0.182811
0.174877
0.0518056
0.027862
0.0828793
0.465712
0.167125
0.0194483
0.0285376
0.0479728
0.0721614
0.0500434
0.0229846
0.0251558
0.0107734
0.213698
0.509307
0.304403
0.0942261
0.0817619
0.082298
0.238086
0.0892714
0.0586959
0.212986
0.168695
0.0269856
0.0468081
0.0699006
0.598026
0.255394
0.0444067
0.0149358
0.00274175
0.118607
0.163861
0.150884
0.233571
0.103322
0.0725791
0.0770606
0.0479269
0.0756695
0.0851078
0.0972688
0.303196
0.195798
0.13849
0.077418
0.0736324
0.191055
0.264778
0.049189
0.106763
0.122019
0.112987
0.0709511
0.096271
0.117248
0.0195821
0.0193375
0.00466154
0.0126288
0.0227278
0.143155
0.466213
0.258986
0.0235303
0.00569709
0.0271568
0.0357492
0.057719
0.202737
0.639543
0.0305827
0.0179748
0.0259803
0.00625087
0.0256324
0.025728
0.0508387
0.143271
0.0233005
0.0142033
0.0254826
0.14468
0.139268
0.0531504
0.0624411
0.174252
0.260493
0.10838
0.0763625
0.0688208
0.0394896
0.0838686
0.176046
0.335381
0.19246
0.28521
0.211488
0.0854588
0.0386361
0.0372214
0.15601
0.323963
0.0261422
0.0292866
0.0697346
0.339346
0.152272
0.0404848
0.0587616
0.0832062
0.0478085
0.0653362
0.140813
0.328513
0.0705497
0.0222235
0.0636744
0.115079
0.127756
0.0739499
0.0438996
0.0487523
0.0433243
0.0484726
0.112955
0.355929
0.358763
0.017206
0.00732712
0.0363499
0.0278743
0.0601681
0.0754189
0.657505
0.0716481
0.024624
0.0261771
0.0496954
0.0127378
0.0242704
0.0435026
0.159691
0.162026
0.0150077
0.0182763
0.0196618
0.0214829
0.0289136
0.0355112
0.277949
0.205857
0.0135453
0.0098377
0.00636903
0.00290195
0.00788178
0.0412734
0.474421
0.147425
0.0258836
0.0083119
0.00384547
0.00395752
0.0277916
0.143765
0.576969
0.0702457
0.00947428
0.0138182
0.0165353
0.0241848
0.0103756
0.0489114
0.239787
0.0627258
0.00657423
0.0024307
0.00560828
0.0396516
0.0127108
0.0899138
0.423945
0.0720531
0.004319
0.000796338
0.000307355
0.00424299
0.0721944
0.127646
0.330511
0.0494142
0.00382464
0
0.00347345
0.0395939
0.274717
0.521034
0.48901
0.0633481
0.00150851
0.0118841
0.0127717
0.0114701
0.00852472
0.0239303
0.239683
0.0456845
0.00551992
0.140541
0.15728
0.105032
0.0820703
0.120768
0.257278
0.0237179
0.0141941
0.00153717
0.0132477
0.0618128
0.192689
0.569986
0.298709
0.0866099
0.0722365
0.0469302
0.0701127
0.0575171
0.114603
0.358178
0.198282
0.00632051
0.0199919
0.213244
0.205563
0.163093
0.129039
0.154263
0.0872943
0.0455632
0.0792744
0.194351
0.118703
0.111724
0.112189
0.162812
0.0626006
0.164496
0.12735
0.0847871
0.119372
0.0711855
0.121548
0.262311
0.184661
0.229758
0.310374
0.0144133
0.0619158
0.125276
0.192927
0.158503
0.125295
0.19272
0.138087
0.114312
0.0772942
0.116312
0.06677
0.261263
0.148282
0.187083
0.154809
0.138038
0.204355
0.250567
0.173598
0.213704
0.114794