0.0431346
0.0697297
0.235343
0.127954
0.11309
0.083975
0.0881508
0.016258
0.0528879
0.0579584
0.186396
0.0605435
0.124733
0.130074
0.214852
0.0951576
0.13195
0.107807
0.207787
0.159932
0.0633678
0.117466
0.069942
0.084388
0.141367
0.0624047
0.139759
0.121645
0.148334
0.267475
0.203093
0.144326
0.0382416
0.0566964
0.101844
0.0752192
0.137091
0.0800608
0.121583
0.0861178
0.0867591
0.108268
0.176085
0.146674
0.196283
0.0613118
0.121413
0.0739734
0.124787
0.0536837
0.101761
0.108646
0.137899
0.112165
0.156186
0.136842
0.308258
0.210388
0.260084
0.0947366
0.18005
0.0299734
0.101804
0.175688
0.0749594
0.108785
0.120113
0.0781604
0.0762245
0.026632
0.0730129
0.0384625
0.081988
0.101869
0.135964
0.277227
0.396652
0.0737614
0.0856782
0.0307001
0.146635
0.20545
0.16104
0.0859764
0.0909758
0.0273972
0.0460005
0.0852096
0.0708797
0.205768
0.242448
0.244813
0.185715
0.141177
0.132759
0.0561631
0.00120182
0.00204505
0.00688034
0.098789
0.363177
0.0371957
0.00296401
0.000763422
0.00269857
0.00395187
0.00272759
0.164124
0.540487
0.0907048
0.00587307
0
0.000915786
0.00622868
0.013681
0.0742386
0.352457
0.0434998
0.00894019
0.00217479
0.00593307
0.00401636
0.00290788
0.21332
0.540487
0.0810146
0.00530795
0.000704938
0.0205362
0.0195622
0.0145927
0.11152
0.378395
0.114643
0.038862
0.00725921
0.0238498
0.0353637
0.0274558
0.0497955
0.0549083
0.0961151
0.0577317
0.0219092
0.0639989
0.042308
0.0176045
0.245069
0.734805
0.0758639
0.0271312
0.0251811
0.187016
0.206566
0.120283
0.0419261
0.0413522
0.0528905
0.0412386
0.0789912
0.0258858
0.0409588
0.0362339
0.042851
0.0626732
0.0803389
0.0430479
0.0127525
0.15168
0.0751515
0.0419364
0.0180861
0.0877471
0.0736225
0.0653356
0.0457797
0.211271
0.344947
0.198265
0.0643039
0.0363353
0.0339234
0.029605
0.0303222
0.383138
0.56944
0.329555
0.143946
0.113123
0.0253708
0.112002
0.0684844
0.159794
0.0494981
0.0205316
0.0474577
0.0764442
0.0525476
0.0699988
0.0915325
0.0536909
0.0265398
0.0353753
0.0942898
0.110976
0.0538912
0.0941995
0.102533
0.242722
0.204801
0.190426
0.293406
0.322974
0.144113
0.198684
0.118571
0.0524187
0.0152544
0.0383763
0.269581
0.473848
0.285718
0.117373
0.0733342
0.0962599
0.0641218
0.124806
0.166223
0.0575369
0.0835786
0.0817843
0.0778883
0.115567
0.0689823
0.141115
0.12898
0.0595694
0.229328
0.146016
0.147513
0.114781
0.0808157
0.0934784
0.12433
0.0863227
0.0687069
0.221919
0.125589
0.076264
0.0977189
0.151225
0.108102
0.0541762
0.157069
0.303749
0.214502
0.140181
0.050224
0.0794513
0.114268
0.0431395
0.0899999
0.12482
0.118313
0.301261
0.182677
0.226184
0.111961
0.0719369
0.0121911
0.0952676
0.124936
0.0880153
0.101499
0.0803938
0.0807845
0.0510217
0.101207
0.198341
0.167723
0.229826
0.240442
0.167543
0.1249
0.135056
0.0550295
0.109332
0.177563
0.0417899
0.0519336
0.054574
0.0349733
0.0235692
0.00913955
0.0156828
0.0267163
0.010308
0.051431
0.0663712
0.0984897
0.0568585
0.0511235
0.0303209
0.0238225
0.0966879
0.115157
0.0395484
0.0447705
0.036323
0.0072795
0.0159293
0.050588
0.361077
0.810769
0.0420869
0.121106
0.0775394
0.0334497
0.0177785
0.0498938
0.000809201
0.00394927
0.0120703
0.0744028
0.18123
0.0149899
0.00768221
0.00505179
0.00986817
0.0232985
0.00857908
0.234829
0.468087
0.0247471
0.00400442
0.00256054
0.118271
0.370421
0.0352549
0.0813456
0.0826957
0.00552909
0.00369844
0.00947441
0.152529
0.468087
0.205724
0.236821
0.363672
0.0130699
0.00183727
0.0069966
0.027699
0.0962487
0.0304608
0.107097
0.243989
0.0123499
0.00576644
0.0112762
0.0831749
0.29411
0.124432
0.00406512
0.00480693
0.00229378
0.00686251
0.0252635
0.139147
0.523252
0.193877
0.0885386
0.169434
0.00910176
0.00140061
0.00858846
0.284487
0.523252
0.184607
0
0.000187012
0.000143009
0.00116137
0.0141062
0.106867
0.317448
0.102436
0.0119046
0.00637666
0.00457506
0.00637463
0.0146492
0.131849
0.262379
0.093582
0.105259
0.0811411
0.0161581
0.0337334
0.0376914
0.288125
0.476544
0.0738823
0.0495356
0.0433654
0.0378389
0.0148375
0.0247399
0.177124
0.263274
0.031587
0.380283
0.363323
0.099447
0.0367657
0.0508848
0.0555339
0.0661709
0.0605464
0.251244
0.228306
0.0391688
0.0459562
0.0282759
0.0107181
0.0224831
0.0348108
0.191057
0.230908
0.0858473
0.0189144
0.0110868
0.0308329
0.026756
0.0212436
0.498538
0.493388
0.0466609
0.0151153
0.0186119
0.0153223
0.242332
0.164989
0.259877
0.248825
0.0549817
0.0384564
0.00416997
0.0134564
0.0197656
0.0125375
0.0128065
0.0257835
0.0168054
0.0320845
0.0147314
0.011808
0.0202223
0.0176525
0.026802
0.0212706
0.0272654
0.030615
0.0313206
0.250432
0.0832052
0.0303083
0.0290721
0.0456065
0.0123983
0.0160578
0.0685608
0.698678
0.54706
0.0389099
0.0225785
0.0170963
0.0126161
0.0115878
0.111885
0.0121747
0.0232659
0.00521771
0.00565926
0.0043767
0.00806194
0.00654162
0.0103395
0.0922723
0.146571
0.00583507
0.00377493
0.00679595
0.00661358
0.00337213
0.00669372
0.297471
0.469213
0.00848207
0.00333526
0.00192914
0.00312057
0.00282368
0.0134648
0.438312
0.635439
0.0366027
0.00427211
0.00126137
0.00341088
0.00723971
0.00565574
0.0901448
0.200345
0.00333305
0.00195207
0.00266515
0.000800095
0.000534111
0.00406794
0.186892
0.482346
0.00401828
0.00397267
0.00304559
0.00100817
0.000188007
0.00349259
0.241389
0.482346
0.0139141
0.00153308
6.68285e-005
0.000410002
0.00119106
0.00101982
0.333782
0.482346
0.0282093
0.0139144
0.0143738
0
0
0.00387492
0.166497
0.428652
0.0349504
0.0140968
0.00665454
0.000684032
1.64586e-005
0.00178624
0.191196
0.428652
0.176027
0.0429598
0.0449051
0.0099289
0.00832299
0.00188595
0.209563
0.428652
0.0597933
0.0612629
0.0681376
0
0.000283054
0.01379
0.177488
0.408055
0.157146
0.0881167
0.0967788
0.0350029
0.0493932
0.0776149
0.190141
0.423508
0.137055
0.0150634
0.0262647
0.00784292
0.0138449
0.0031514
0.309838
0.423508
0.134067
0.00565564
0
0.0002036
0.00346121
0.0162435
0.202145
0.313623
0.123544
0.0365058
0.0724189
0.0366764
0.0922112
0.0872975
0.263814
0.34859
0.195267
0.05877
0.0780975
0.0392393
0.0568648
0.0829553
0.256983
0.343784
0.0888838
0.106457
0.0515006
0.0196041
0.00628529
0.0344293
0.0908831
0.0800304
0.0656661
0.406636
0.302004
0.0815278
0.0242995
0.0215673
0.174954
0.200749
0.151065
0.198117
0.106451
0.0412609
0.0231842
0.109774
0.0825334
0.103346
0.126208
0.440165
0.264281
0.088276
0.0235418
0.0393471
0.014318
0.0174649
0.0525259
0.31298
0.258728
0.0431775
0.0181981
0.00849374
0.031808
0.238662
0.253713
0.139915
0.094397
0.0261195
0.0298687
0.0100035
0.0287544
0.0780504
0.143051
0.300428
0.257065
0.0685956
0.0214012
0.00806883
0.0306237
0.210826
0.461907
0.389734
0.175956
0.022976
0.0136085
0.0121032
0.168349
0.0570251
0.00452404
0.0486034
0.0822202
0.0169074
0.00906075
0.0853635
0.36498
0.392585
0.0246975
0.0340517
0.0709356
0.0473295
0.107366
0.13207
0.103305
0.0393048
0.00568419
0.0615014
0.104137
0.0360463
0.0410549
0.196315
0.168882
0.207784
0.0172317
0.0485354
0.10166
0.0919286
0.52296
0.373672
0.201925
0.378449
0.00930585
0.00919803
0.0209608
0.0358935
0.0784032
0.020356
0.205339
0.450238
0.0433897
0.00729162
0.0637871
0.0399819
0.0682723
0.0151203
0.0706443
0.1439
0.00611489
0.0137143
0.0314784
0.0819625
0.450238
0.115318
0.0753722
0.112207
0.0222006
0.00486108
0.0956806
0.124104
0.450238
0.0997526
0.15349
0.432642
0.0308481
0.00518399
0.041299
0.0417242
0.0506842
0.0117105
0.213912
0.432642
0.0205624
0.0579223
0.0312814
0.0127188
0.0257461
0.0221524
0.0435973
0.107576
0.0157836
0.003456
0.0619485
0.13275
0.432642
0.10143
0.10352
0.136794
0.00263996
0.111507
0.04892
0.0969372
0.432642
0.163783
0.183264
0.337437
0.0490789
0.181428
0.126071
0.000313149
0.0309466
0.0449258
0.276984
0.193753
0.102741
0.149635
0.137048
0.0146892
0.0938265
0.214884
0.208654
0.157766
0.0978193
0.200478
0.0836282
0.0536869
0.257001
0.128908
0.408442
0.107089
0.155806
0.0983203
0.059113
0.0169896
0.152543
0.288398
0.21987
0.128915
0.125136
0.0334144
0.0672201
0.0304737
0.118512
0.214355
0.211026
0.178047
0.152343
0.0566753
0.0876906
0.0953824
0.102649
0.190903
0.261157
0.086296
0.159515
0.0352167
0.017706
0.0403238
0.112353
0.304132
0.257964
0.338596
0.409808
0.0661873
0.0692104
0.113845
0.0891827
0.22466
0.108179
0.0926543
0.0565593
0.205054
0.0893802
0.0866303
0.0367742
0.138905
0.0349679
0.0697311
0.0412478
0.479445
0.192803
0.0655498
0.00938369
0.0406771
0.15765
0.192542
0.142464
0.247983
0.203532
0.0871435
0.022921
0.111391
0.0206154
0.026852
0.0700173
0.479445
0.353924
0.0478432
0.00531264
0.0304187
0.00903751
0.0416882
0.0499811
0.26976
0.188267
0.0356616
0.00231588
0.000705663
0.00189845
0.0563467
0.172972
0.41076
0.342895
0.0429202
0.00197537
0.00105849
0.000218769
0.00373285
0.100835
0.355762
0.204698
0.0282905
0.0253738
0.00393918
0.00264858
0.000759247
0.0585034
0.295131
0.41076
0.268495
0.11286
0.00986083
0.0403741
0.0298946
0.0362673
0.0468795
0.0606133
0.0330853
0.0550529
0.199486
0.0532641
0.0259955
0.0125376
0.0410243
0.0545118
0.0886912
0.729842
0.506097
0.033514
0.0433079
0.0297794
0.0469456
0.0444136
0.0227813
0.00987088
0.0170376
0.0394894
0.0538847
0.0168848
0.0630927
0.0434782
0.0517567
0.0328567
0.0317907
0.0100791
0.00209406
6.53038e-005
0.0051463
0.0100383
0.0443668
0.543919
0.145621
0.0133836
0.00136353
0
0.00163287
0.0227689
0.0937576
0.609263
0.192707
0.00878761
0.00541034
0.00148135
0.00992867
0.0158395
0.0122054
0.0491079
0.0298577
0.00799709
0.00517858
0.00291734
0.0164931
0.0141612
0.0203313
0.433696
0.0996454
0.00177321
0.000287502
0
0.000264072
0.00734176
0.0633504
0.465871
0.101365
0.0215521
0.00638955
0.000595191
0.023802
0.00994079
0.102788
0.465871
0.147909
0.0025337
0.00155405
0.000945611
0.00480366
0.00443258
0.0230804
0.458016
0.0772634
0.00173006
0.000673669
0.000178781
0.000725286
0.00320784
0.0629193
0.465871
0.185967
0.0614771
0.0200786
0.0294799
0.0306057
0.0116356
0.0852251
0.460119
0.105147
0.0846923
0.0143838
0.0431338
0.0265614
0.0144999
0.042529
0.32234
0.115003
0.000667222
0.000405315
0
9.85852e-005
0.00249533
0.0782018
0.502293
0.197997
0.00226438
0.00022803
0.000190801
0.0138208
0.0116575
0.128596
0.502293
0.135513
0.0466864
0.0619782
0.100098
0.070236
0.0448229
0.0560575
0.157552
0.0992533
0.0535394
0.254828
0.304791
0.094931
0.0973493
0.0992363
0.161052
0.0747323
0.00296303
0.0252876
0.0394875
0.0545343
0.0574904
0.158975
0.490756
0.105098
0.00474885
0.0790396
0.101383
0.0825117
0.0916059
0.292935
0.490756
0.161617
0.0426922
0.11361
0.105773
0.213711
0.184236
0.0360864
0.061445
0.0454468
0.00745625
0.00617705
0.0456981
0.438595
0.297955
0.00870664
0.00312645
0.010568
0.00974787
0.0250819
0.0643129
0.275039
0.11985
0.104189
0.289798
0.150979
0.00536542
0.000661104
0.0358113
0.438595
0.389991
0.00301724
0.0117523
0.0447389
0
0.00242255
0.122925
0.394801
0.178819
0.0298296
0.0406782
0.0196397
0.0125945
0.00161503
0.0707123
0.110253
0.231275
0.396622
0.216367
0.061819
0.00286463
0.00292818
0.02752
0.471196
0.367037
0.0115019
0.0165065
0.0170875
0.0159105
0.0122536
0.0283445
0.112748
0.159962
0.199034
0.139764
0.100511
0.114517
0.152224
0.0886298
0.0815337
0.0976287
0.0996196
0.04107
0.0573669
0.147373
0.189826
0.151173
0.0958087
0.157506
0.153626
0.0595585
0.05396
0.103913
0.186394
0.0836776
0.0659568
0.130326
0.187266
0.0492973
0.0731137
0.162327
0.284232
0.242928
0.107787
0.224306
0.228033
0.0522818
0.0872882
0.0960544
0.0634253
0.0729956
0.0867089
0.152974
0.120693
0.0816161
0.0711653
0.0726877
0.0462601
0.0833146
0.199617
0.143849
0.12835
0.321956
0.184216
0.117591
0.118066
0.147985
0.119396
0.151818
0.159356
0.0724758
0.123738
0.122326
0.0780595
0.154923
0.291122
0.14116
0.141175
0.0950176
0.117217
0.0124848
0.00468287
0.0106473
0.0307778
0.0286315
0.019276
0.222966
0.0584148
0.0157504
0.00948463
0.0142705
0.0251637
0.0336017
0.0348678
0.848692
0.336279
0.0092289
0.00393369
0.0226675
0.0656659
0.0463091
0.0267522
0.0162575
0.00589343
0.0146172
0.0145324
0.0401931
0.0597024
0.0689397
0.040166
0.0549989
0.0375824
0.00284394
0.00219064
0.00314114
0.00311433
0.00388074
0.0312244
0.537432
0.154072
0.000146193
1.68471e-006
0.000149939
0.00199036
0.00336784
0.158736
0.537432
0.108863
0.0057648
0.00544555
0.012293
0.0103142
0.0119325
0.013534
0.102302
0.0284063
0.003153
0.00162855
0.00224804
0.014129
0.0781445
0.12503
0.520039
0.0563339
0
0
0
0.00297038
0.0110516
0.138673
0.428417
0.0687195
0.014125
0.00068039
0.00689924
0.00898272
0.0202264
0.184637
0.428417
0.139946
0.000438593
7.22427e-005
0.0231018
0.054268
0.16121
0.180421
0.408532
0.0421391
0.0180192
0.000453593
0.0359172
0.0634494
0.136904
0.243167
0.428417
0.119544
0.0399924
0.02078
0.0390817
0.147806
0.0557125
0.0919473
0.3638
0.183902
0.0280427
0.0288303
0.0348974
0.425584
0.332546
0.00775521
0.0478063
0.0700485
0.0660084
0.0288303
0.0220662
0.0538813
0.0395398
0.165895
0.414147
0.19362
0.0616951
0.0480837
0.0791997
0.288292
0.24143
0.0594009
0.166206
0.146117
0.00986364
0.00911564
0.00613134
0.457477
0.50096
0.0164968
0.00965264
0.00570661
0.025818
0.0151984
0.00968149
0.114315
0.168062
0.0728617
0.0912579
0.0551334
0.0202515
0.0281713
0.0802981
0.396558
0.451324
0.0247461
0.0271531
0.055434
0.0449833
0.0165509
0.00848731
0.0960611
0.155494
0.0460418
0.0687191
0.0574833
0.0494764
0.077158
0.0286637
0.10842
0.12011
0.216176
0.0862195
0.0772719
0.0879946
0.113285
0.0868326
0.170006
0.207595
0.162086
0.100442
0.115418
0.0608315
0.0126297
0.150659
0.258836
0.133895
0.160337
0.107379
0.110455
0.155514
0.0118568
0.0929103
0.261111
0.206646
0.136954
0.119876
0.150146
0.0921757
0.0956544
0.0853516
0.108432
0.14544
0.0946927
0.0591216
0.108984
0.130217
0.15134
0.0821168
0.226544
0.190603
0.134615
0.034175
0.0533903
0.125152
0.0562919
0.0516442
0.159669
0.186496
0.131696
0.127893
0.093028
0.140563
0.143194
0.0739808
0.255453
0.232818
0.192376
0.17864
0.0609344
0.0273688
0.0315353
0.0423995
0.207877
0.246025
0.110665
0.0436726
0.007
0.0283066
0.0468871
0.108483
0.173536
0.373679
0.186673
0.0597729
0.00363039
0.0616291
0.0541926
0.073916
0.250846
0.189621
0.107112
0.0778997
0.065277
0.0804559
0.0629067
0.0938696
0.238676
0.365778
0.123938
0.0972828
0.127221
0.0266358
0.0301801
0.045363
0.0412826
0.0849573
0.0451154
0.0128733
0.0101146
0.0297929
0.0159426
0.0220885
0.219965
0.525319
0.143798
0.202146
0.0538305
0.0221297
0.0198445
0.0256865
0.0488521
0.131413
0.0319383
0.0212736
0.0550443
0.0153953
0.0255859
0.0327914
0.411239
0.498262
0.0310423
0.0337241
0.0582116
0.00115375
0.000955669
0.0270181
0.194147
0.356457
0.0665907
0.0691832
0.0104429
0.00534558
0.00963647
0.0480265
0.198629
0.303625
0.125945
0.187605
0.0580679
0.000487128
0.00340501
0.00636571
0.267763
0.475656
0.0293695
0.00368084
0.00420023
0.0056919
0.0145124
0.0181652
0.241085
0.475656
0.065419
0.0343255
0.0197482
0.0362337
0.0228608
0.0203896
0.0362805
0.0468052
0.24742
0.485256
0.205283
0.0673546
0.0542056
0.194579
0.156762
0.139433
0.170861
0.369251
0.362012
0.0253097
0.0231967
0.0192634
0.0561228
0.138463
0.10845
0.164244
0.0972103
0.127025
0.0330314
0.114469
0.0389624
0.0452755
0.119349
0.200249
0.208231
0.0689798
0.146107
0.320443
0.395159
0.402876
0.0584557
0.112511
0.28859
0.0636098
0.0770061
0.0476104
0.154445
0.208787
0.101171
0.0598652
0.0865959
0.171955
0.122503
0.209054
0.0946042
0.0842097
0.0935704
0.133416
0.199598
0.0498435
0.0837241
0.0834049
0.0702238
0.0865183
0.148441
0.0975794
0.0424995