0.000391832
0.00487531
0.00970427
0.448993
0.278963
0.00482263
0.00098306
0.000908355
0.000587748
0.00731297
0.014936
0.333389
0.25344
0.00159812
0.00147459
0.00136253
0.0192368
0.0169367
0.0236935
0.470032
0.308668
0.0264637
0.0215555
0.00868355
0.0347895
0.0523591
0.0717239
0.343
0.224699
0.0270052
0.0357067
0.0205775
0.00968427
0.0138795
0.00876874
0.389326
0.255718
0.00873547
0.002941
0.0115707
0.0657699
0.035072
0.0210352
0.196414
0.11247
0.0117636
0.0117107
0.0565142
0.087643
0.0340136
0.0405023
0.287911
0.258796
0.0313092
0.0851264
0.161677
0.396337
0.0309087
0.0152396
0.0790556
0.106527
0.0208216
0.0709404
0.540711
0.0596113
0.0177593
0.036284
0.099556
0.0468516
0.00296447
0.00398427
0.0476597
0.0365981
0.0119081
0.0550742
0.129193
0.102178
0.0101579
0.0186977
0.0611353
0.398446
0.0302629
0.0292322
0.0478401
0.00953637
0.000548181
0.0098045
0.489049
0.41621
0.0428079
0.0505713
0.0691446
0.0240736
0.00344901
0.0503941
0.550104
0.0297687
0.0375559
0.0323764
0.0724421
0.084331
0.0139977
0.0289322
0.0600955
0.0493148
0.0613898
0.019708
0.152958
0.273892
0.0238266
0.0360744
0.0388128
0.388392
0.088205
0.0234765
0.0299345
0.0303833
0.00336269
0.0521966
0.517638
0.378647
0.223336
0.0371532
0.0996338
0.180404
0.0301967
0.0428631
0.374249
0.00876874
0.00865006
0.0094511
0.275185
0.325244
0.0362989
0.0067437
0.0100851
0.000524064
0.00296262
0.0231511
0.431924
0.313697
0.0258762
0.00118084
0
0.0784776
0.0805898
0.0774606
0.298095
0.261657
0.0349239
0.0182451
0.0661258
0.0888906
0.0990712
0.10844
0.440118
0.274437
0.0342319
0.00276701
0.00503795
0.000912191
0.00515677
0.0211285
0.26917
0.174567
0.00565039
0.00205538
0
0.0128833
0.00936263
0.0211084
0.461146
0.303316
0.00151623
0.000513845
0
0.191247
0.150087
0.107448
0.267786
0.108628
0.014713
0.00277182
0.00637142
0.216084
0.124813
0.152845
0.514819
0.174757
0.0368699
0.0110873
0.0158186
0.00673724
0.00429805
0.00958108
0.303025
0.28031
0
0
0
0
0
0.00174309
0.311177
0.40247
0
0
0
0.0641212
0.0327894
0.0467648
0.31935
0.282989
0.0394935
0.00265218
0.0162681
0.00283924
0
0.00684519
0.320448
0.478462
0.0199938
0
0.00406702
0.0207274
0.0184001
0.0457415
0.440025
0.284046
0.0460842
0.0250448
0.00830476
0.0441011
0.0671856
0.0708739
0.169549
0.170768
0.0826363
0.0435932
0.0222268
0.00312556
0.00365353
0.044202
0.483635
0.393666
0.0321945
0.0148314
0.00431218
0.01097
0.0217608
0.0310397
0.341675
0.273467
0.0881467
0.0238807
0.00843634
0.077012
0.0616981
0.0309867
0.115597
0.148919
0.042233
0.101715
0.1695
0.253839
0.0298385
0.0035326
0.0213191
0.0340485
0.00907217
0.121515
0.554515
0.0344233
0.0513674
0.00676329
0.367226
0.232624
0.044826
0.0525429
0.0916113
0.111412
0.0356994
0.00403332
0.143401
0.0670062
0.00535721
0.1224
0.457346
0.236246
0.0129101
0.00245275
0.00299307
0.000644934
1.40941e-005
0.0339935
0.470456
0.361862
0.0537685
0.00565288
0.00476803
0.000933877
0
0.031856
0.462738
0.111059
0.0302851
0.0105252
0.0457261
0.0433571
0.000289819
0.0694973
0.357549
0.25636
0.131685
0.0937797
0.0712721
0.034599
0
0.0446169
0.270544
0.41056
0.0634999
0.00633823
0.013213
0.00136624
0
0.0273927
0.338919
0.316585
0.104625
0.0435595
0.0801704
0.0692688
0.0606238
0.060243
0.25599
0.337859
0.161686
0.137351
0.0519144
0.00386384
0
0.0208742
0.208829
0.224068
0.293197
0.278383
0.109849
0.0671217
0.0472734
0.0503864
0.138234
0.0945283
0.0637601
0.05914
0.172401
0.215403
0.0824701
0.0423876
0.0517027
0.183362
0.220278
0.121008
0.207898
0.221663
0.0732899
0.0142976
0.00869966
0.193517
0.287889
0.144435
0.111659
0.140274
0.0776603
0.0303514
0.0198126
0.324928
0.544455
0.178684
0.138288
0.0984759
0.0624593
0.0154808
0.00574532
0.206768
0.24367
0.101896
0.0652773
0.0273857
0.017793
0.00439263
0.0132623
0.244284
0.177374
0.083171
0.132492
0.0918614
0.0684521
0.0179491
0.0547478
0.254846
0.491919
0.111257
0.0348192
0.0122155
0.0114054
0.00636653
0.0346311
0.279191
0.385997
0.0286598
0.125789
0.322225
0.10278
0.0318438
0.142457
0.0781018
0.0372531
0.0187099
0.137422
0.282645
0.0736732
0.00647873
0.0419193
0.00391914
0
0.00190767
0.192544
0.469943
0.0275677
0
0.00561391
0.0572667
0.0431629
0.0024158
0.202988
0.484253
0.0770042
0.014429
0.0572501
0.000979785
0
0
0.233868
0.484253
0.0112244
0
0.00140348
0.00180634
0.000361269
0.00781009
0.432063
0.296293
0.0096406
0.00215784
0.00194233
0.00134571
0.00125694
0.00927724
0.308969
0.240804
0.0182713
0.00273359
0.00173945
0.0265366
0.0143254
0.00931302
0.4603
0.327326
0.0478437
0.0137073
0.0165977
0.0231772
0.0216615
0.0113396
0.337434
0.29272
0.0437485
0.0153002
0.0196743
0.00871251
0.0154253
0.00507746
0.407796
0.250856
0.00735955
0.0162376
0.0204366
0.0641702
0.104211
0.0217931
0.173064
0.089285
0.0015266
0.0434229
0.106743
0.0409546
0.118174
0.0521383
0.380509
0.337813
0.069451
0.0223192
0.020629
0.185103
0.516883
0.157476
0.153854
0.110086
0.0390101
0.0204578
0.0287042
0.078172
0.178943
0.0376334
0.0659119
0.0402166
0.00046619
0.0307612
0.0834308
0.164478
0.236284
0.208153
0.0864555
0.0358771
0
0.0189302
0.0668437
0.214747
0.486072
0.125435
0.0450971
0.00986692
0.00754853
0.00708998
0.0286328
0.301921
0.54067
0.258156
0.0403746
0.00873771
0.00185709
0.00125124
0.0209316
0.120202
0.194203
0.162716
0.0268727
0.00441084
0
0.00574607
0.0672224
0.138266
0.362696
0.192308
0.0218536
0.011119
0.00211276
0.0155811
0.0694447
0.201831
0.488005
0.156942
0.046812
0.0111925
0
0.000938671
0.00798329
0.265638
0.488005
0.208624
0.10952
0.0243694
0
0.00375468
0.0616931
0.131211
0.33752
0.135741
0.0215688
0.0166718
0.00569383
0.00471993
0.0161282
0.242442
0.442446
0.103602
0.0289892
0.00715664
0.005117
0.00129147
0.00144523
0.19095
0.366551
0.162304
0.0480786
0.0341895
0.00063601
0.00921924
0.102289
0.335239
0.426607
0.116648
0.0789458
0.0737507
0.0101489
0.0274793
0.0878963
0.228834
0.461083
0.0717378
0.0339924
0.0126359
0.00441826
0.00823659
0.0291502
0.136671
0.178764
0.0307006
0.260034
0.314082
0.0552077
0.0353543
0.0765694
0.233194
0.245414
0.117519
0.101677
0.0529585
0.0196555
0.0425907
0.05787
0.0924919
0.0761241
0.110809
0.461083
0.246321
0.0415225
0.0542182
0.0488297
0.0125954
0.0107742
0.00986635
0.2388
0.412346
0.0433142
0.0261638
0.0195828
0
0
0.0147442
0.18939
0.42256
0.00758403
0.00518345
0.00017703
0.0346326
0.0116987
0.0370801
0.400364
0.300183
0.043759
0.0341161
0.00426949
0.00850265
0.00236531
0.0746725
0.394281
0.306988
0.0289975
0.00990309
0.000265545
0.0594528
0.0298682
0.0417335
0.396203
0.284961
0.103261
0.0621669
0.0751517
0.0516967
0.0659128
0.0481014
0.242414
0.162357
0.0711001
0.0572434
0.0871806
0.134686
0.0303768
0.0666627
0.281638
0.225711
0.191918
0.185217
0.374633
0.199813
0.0944746
0.117339
0.0926832
0.105857
0.0988733
0.106034
0.323471
0.0550032
0.107956
0.0811506
0.177881
0.19482
0.109359
0.0448195
0.0521904
0.168222
0.291553
0.177462
0.102034
0.142867
0.115078
0.0529541
0.0752521
0.142146
0.120194
0.0920064
0.0957948
0.154354
0.077153
0.105085
0.179282
0.199829
0.0936698
0.0743007
0.0679035
0.159112
0.145872
0.416693
0.48731
0.135998
0.226235
0.0849381
0.0521942
0.0737644
0.0482299
0.0399938
0.0266341
0.247649
0.459688
0.0898072
0.0288017
0.0494467
0.0434208
0.0588709
0.0167015
0.0863033
0.0711763
0.0259469
0.0427781
0.105404
0.185737
0.392529
0.157872
0.147322
0.140436
0.0315512
0.0375075
0.0713171
0.261905
0.459688
0.0824924
0.176126
0.416302
0.0900077
0.103423
0.0175897
0.0111005
0.0187883
0.00663446
0.175435
0.34493
0.220432
0.248801
0.0251869
0
0
0.100069
0.0944254
0.150773
0.109725
0.11048
0.00857036
0.0810864
0.351985
0.105843
0.168651
0.246074
0.277586
0.19084
0.00915877
0.0381867
0.129346
0.204258
0.257114
0.24217
0.174472
0.0880421
0.0285439
0.00120944
0.0157186
0.18805
0.329863
0.206463
0.0732576
0.093479
0.115072
0.0192992
0.0645482
0.162086
0.348052
0.144038
0.150279
0.0683858
0.0218817
0.0235692
0.0359937
0.273602
0.36663
0.204889
0.227163
0.0958738
0.0721284
0.0206149
0.0354135
0.228777
0.144215
0.129811
0.0411011
0.0917901
0.0694935
0.0450207
0.0890319
0.12195
0.0590429
0.0551989
0.0552274
0.499439
0.165727
0.0491946
0.0688142
0.0824506
0.221539
0.226761
0.165378
0.110271
0.109147
0.0639212
0.0676955
0.119063
0.0926609
0.0901813
0.0350882
0.499439
0.339487
0.087833
0.0664613
0.0572676
0.0363679
0.0114943
0.0268986
0.398619
0.284134
0.0221144
0.0115465
0.00353424
0.00909199
0.00245351
0.059829
0.306897
0.308029
0.0514556
0.0170368
0.000145949
0.00788877
0.0102877
0.0292421
0.464147
0.332812
0.0139949
0.0104279
0.00214914
0.00953974
0.0190141
0.0565207
0.280292
0.320353
0.03496
0.0473025
0.013494
0.221232
0.102355
0.0400964
0.0941734
0.0987435
0.117387
0.137504
0.344139
0.221685
0.0715308
0.0517854
0.125691
0.113148
0.11038
0.0674617
0.319995
0.183866
0.231809
0.161043
0.220681
0.0746206
0.0502237
0.141773
0.16943
0.124006
0.0818477
0.0392354
0.406688
0.147768
0.105793
0.173108
0.203695
0.0907121
0.0727144
0.0608516
0.100074
0.0716224
0.0318621
0.0893783
0.212123
0.169642
0.0378389
0.0292971
0.0157962
0.0231886
0.0522499
0.281804
0.505467
0.0534486
0.0585743
0.0540886
0.338266
0.0789643
0.0235788
0.0778349
0.203079
0.201657
0.0395106
0.0293965
0.0445896
0.00859667
0.0244672
0.123517
0.505467
0.116682
0.0044571
0
0.00580409
0.0277437
0.186223
0.366339
0.267862
0.0401971
0.0116962
0.00713141
0.00849089
0.0373448
0.282977
0.505188
0.127676
0.188574
0.0213189
0.00553122
0.000619945
0.0127896
0.0776306
0.159728
0.315269
0.121205
0.0594509
0.00168012
0.0216697
0.0637522
0.165577
0.287963
0.199857
0.0134221
0.0258316
0.033934
0.0167572
0.0146852
0.117144
0.453391
0.0843632
0.0407329
0.0685782
0.0813104
0.0179471
0.00608688
0.1223
0.467358
0.0809823
0.0354716
0.0142209
0.000627618
0.0137553
0.0560098
0.157968
0.343198
0.149908
0.02454
0
0.000121639
0.00225834
0.0341387
0.231857
0.467358
0.166395
0.0747423
0.0268998
0.0505517
0.0416551
0.0264983
0.0506079
0.235135
0.101819
0.0867542
0.0721985
0.301127
0.141097
0.0826122
0.101201
0.0842437
0.0827071
0.00789034
0
0.017054
0.0274245
0.0432689
0.17747
0.483974
0.123729
0.00337813
0.0131141
0.13034
0.0850071
0.130733
0.379998
0.483974
0.119203
0.093056
0.111774
0.227434
0.150642
0.127873
0.0815148
0.0568662
0.0248619
0.0533204
0.0452177
0.0399963
0.448697
0.330341
0.0346041
0.0226515
0.00972024
0.0192286
0.0649537
0.108513
0.152345
0.115251
0.226429
0.289245
0.109987
0.0211843
0.0733184
0.0486402
0.448697
0.306446
0.0239353
0.0726111
0.0728485
0.000964213
0.00492712
0.0180507
0.403346
0.285632
0.00490968
0.0022634
0.000400341
0.00508169
0.0140265
0.0434886
0.262541
0.234612
0.0134002
0.0224458
0.0084826
0.00214265
0.00955437
0.00880163
0.444888
0.410011
0.00667803
0
0.00236782
0.00110999
0.00671353
0.0154959
0.260335
0.380951
0.0682321
0.0175593
0.0102952
0.029039
0.0857445
0.0954836
0.309983
0.144327
0.0275899
0.0832173
0.0731257
0.016742
0.0274021
0.0212722
0.363163
0.165342
0.0486699
0.10638
0.0672031
0.0181303
0.0276039
0.061714
0.46291
0.336602
0.0402637
0.0392726
0.0427528
0.0110778
0.0201487
0.0702984
0.470936
0.243352
0.0295788
0.0362942
0.0338096
0.0293364
0.0393705
0.0503222
0.537622
0.147517
0.025096
0.0391898
0.0658822
0.0947778
0.0459887
0.0606176
0.0968451
0.0419715
0.0403441
0.0667762
0.20858
0.0216029
0.0105282
0.0383352
0.640522
0.280233
0.0215049
0.0364148
0.0361597
0.0540188
0.0290233
0.0547535
0.13566
0.0982519
0.0628546
0.0432171
0.0560091
0.208126
0.068467
0.0513243
0.0555703
0.109204
0.116965
0.184664
0.262255
0.330105
0.127547
0.0416499
0.220171
0.18193
0.174727
0.188923
0.243657
0.0569869
0.0675007
0.10685
0.243018
0.195022
0.0845077
0.0388801
0.0279724
0.102759
0.0543985
0.112268
0.375839
0.275531
0.0814963
0.0249402
0.0300089
0.0713589
0.0149532
0.0195767
0.0745343
0.0897021
0.146046
0.175783
0.175627
0.0502081
0.00050077
0.00920429
0.0300096
0.221191
0.315952
0.499753
0.228023
0.0213316
0.00936214
0.045986
0.117501
0.124982
0.121823
0.0240682
0.0265186
0.0144113
0.0139398
0.0780042
0.188444
0.449964
0.283124
0.103897
0.0380534
0.0161366
0.00905055
0.0122509
0.0100924
0.101396
0.201712
0.394338
0.0827783
0.0209566
0.012635
0.00990863
0.00475201
0.0621411
0.271303
0.476045
0.136256
0.0241707
0.0446748
0.176282
0.119756
0.195023
0.132671
0.123585
0.0321063
0.0476192
0.052658
0.151437
0.0690667
0.0418422
0.230945
0.435386
0.135445
0.0386058
0.0502912
0.0135603
0.062947
0.0360742
0.134378
0.340634
0.220738
0.0483188
0.100727
0.0375713
0.471235
0.13157
0.0155018
0.0867422
0.167907
0.0468483
0.0256409
0.012819
0.0394859
0.0363421
0.220457
0.391568
0.227141
0.0732142
0.101257
0.0529513
0.284093
0.0897573
0.104775
0.168581
0.255514
0.00794425
0.021246
0.010903
0.439797
0.281031
0.00455092
0.00155462
0.0126929
0.0019009
0.0126787
0.00657732
0.22673
0.315334
0.0431004
0.0156714
0.00797705
0.0277727
0.0466559
0.0445526
0.423485
0.250279
0.00863789
0.0370631
0.0449535
0.00654077
0.00765561
0.0135307
0.332838
0.405519
0.0121454
0.00218428
7.70796e-005
0.027688
0.0443137
0.0867539
0.338938
0.278961
0.0709744
0.0646421
0.0444457
0.0191449
0.0344132
0.082686
0.362478
0.211307
0.0685052
0.0825537
0.048425
0.0140459
0.0293662
0.0836869
0.467016
0.338968
0.0526213
0.0507567
0.0332353
0.0654565
0.0193621
0.0469652
0.31676
0.217866
0.0951907
0.128257
0.0844438
0.0504703
0.00483288
0.0165985
0.263037
0.198352
0.0433174
0.0660231
0.0955006
0.136622
0.0326236
0.0156418
0.0345757
0.0461209
0.0388427
0.0361171
0.188902
0.223792
0.0113098
0.00834962
0.152105
0.13348
0.0665139
0.183275
0.271461
0.443804
0.0310677
0.00216352
0.000344681
0.0126564
0.0182957
0.0982586
0.58546
0.0949132
0.0448075
0.0331739
0.0530508
0.0307048
0.0188671
0.0209545
0.101587
0.101849
0.0477456
0.0375931
0.0953412
0.0571715
0.0122954
0.0367335
0.0967221
0.391169
0.054615
0.00693765
0.00624191
0.00834923
0.00391165
0.0315723
0.443205
0.511237
0.092597
0.0139661
0.0293081
0.0134949
0.000773013
0.0744876
0.499522
0.0544087
0.0359028
0.0260765
0.0888784
0.0593559
0.0357103
0.0210049
0.121944
0.0451869
0.0540897
0.109669
0.255462
0.219507
0.0666936
0.0166238
0.0909823
0.322451
0.0562461
0.010875
0.0351699
0.00909383
0.0110514
0.0844916
0.533952
0.231832
0.0882891
0.0690113
0.18911
0.19643
0.077174
0.0707548
0.461443
0.0263159
0.0485565
0.241564
0.322203
0.159215
0.0321058
0.0321072
0.0148826
0.016518
0.0302773
0.188705
0.219663
0.0739376
0.180937
0.302703
0.0456199
0.0676792
0.0466783
0.0751924
0.337382
0.415839
0.0760414
0.0146064
0.0857698
0.000387202
0.0071745
0.0490697
0.301282
0.347119
0.0678669
0.0439245
0.006033
0.0274776
0.0100665
0.0275184
0.0439378
0.1599
0.360529
0.349583
0.116978
0.121248
0.0962526
0.0590969
0.119547
0.151525
0.252851
0.25845
0.240144
0.00531775
0.0117354
0.0298603
0.222793
0.311856
0.132891
0.0660049
0.0243328
0.131297
0.19518
0.0874359
0.202322
0.250367
0.167388
0.117883
0.094592
0.126564
0.0759829
0.0587054
0.230902
0.161355
0.0449884
0.0882292
0.0601011
0.0563244
0.0122088
0.014278
0.238764
0.43259
0.0719766
0.0133893
0.00615605
0.21327
0.186635
0.0485233
0.0492575
0.120157
0.123611
0.10388
0.0815888
0.113248
0.0651067
0.00661076
0.0748069
0.535628
0.345369
0.0936759
0.0505459