0.00277535
0.00963793
0.0130922
0.0285793
0.0193958
0.0210198
0.00404489
0.00288528
0.0010858
0.00400456
0.00569442
0.427305
0.387338
0.0245872
0.00177441
0.00119323
0.00174569
0.0091486
0.0101135
0.0258946
0.0365243
0.0197818
0.0176723
0.0115981
0.000835262
0.00499714
0.00353532
0.588994
0.487774
0.0271163
0.0160895
0.00666616
0
0
0.0013911
0.376511
0.316614
0.00243986
1.43189e-005
2.72522e-005
0.00169103
0.00540374
0.0132617
0.313512
0.26027
0.0114586
0.00326472
0.00330728
0
0
0.00175411
0.383887
0.383887
0.00392811
0.000381185
0.00014692
0.00216641
0.00209217
0.02145
0.383887
0.332722
0.0161273
0.00384428
0.00131652
0.0355597
0.0578538
0.141979
0.207108
0.19249
0.0525297
0.0181325
0.0292432
0.139853
0.0903031
0.196117
0.209782
0.203744
0.0805065
0.0403849
0.0871839
0.0640338
0.0460911
0.123735
0.258499
0.285163
0.0729696
0.0495805
0.029587
0.309981
0.202451
0.100665
0.302656
0.382904
0.0313413
0.110693
0.155181
0.0157815
0.0120879
0.00781635
0.265853
0.22679
0.0147094
0.00535806
0.00842384
0.00169013
0.00350975
0.00203778
0.409167
0.36902
0.00413317
0.000655007
0.00164435
0.0379931
0.0247637
0.00840521
0.33486
0.27067
0.0083415
0.0135531
0.0197299
0.0623533
0.0699674
0.00246147
0.409167
0.409167
0.0260285
0.0071173
0.0216929
0.010556
0.0116972
0.00972146
0.18947
0.132083
0.00220571
0.000523177
0.00648855
0.0587498
0.174528
0.0291779
0.0196123
0.020255
0.00273115
0.00400089
0.00802187
0.207421
0.456437
0.0244644
0.183937
0.153555
0.0176236
0.00353005
0.0262885
0.337175
0.644627
0.0866205
0.00566264
0.00244919
0.000937941
0.000793743
0.00628013
0.0754615
0.222862
0.0946933
0.0604314
0.0261639
0.000910594
0.00155004
0.002027
0.153114
0.435055
0.308514
0.124307
0.0270215
0.00168793
0.00391771
0.00834802
0.224067
0.435055
0.0902442
0.0219959
0.00582215
0.0019156
0.00514756
0.00900255
0.187262
0.435055
0.235667
0.183165
0.0320936
0.00627511
0.0248237
0.027583
0.212478
0.479388
0.205094
0.0595074
0.0129943
0.0128335
0.0107875
0.0137642
0.124138
0.253101
0.156261
0.0577937
0.0545024
0.0597324
0.0329676
0.01452
0.114809
0.207357
0.275253
0.302927
0.0619308
0.015841
0.0567862
0.0569753
0.264197
0.26906
0.249892
0.139425
0.0570204
0.0426373
0.154527
0.17052
0.00331724
0.00726817
0.00774914
0.0122957
0.0221511
0.0146317
0.0109786
0.00828796
0.000454769
0.00342801
0.00611025
0.446835
0.374969
0.0198229
0.0103562
0.0031759
0.00772181
0.0113932
0.0256498
0.0161505
0.0191344
0.0122518
0.00458276
0.00645074
0.00234451
0.00334031
0.01808
0.599824
0.474553
0.0106456
0.0039922
0.00527811
0
0
0.000571544
0.39442
0.320857
0.00277279
0.000283445
5.96453e-005
0.00173766
0.000480845
0.00809593
0.325323
0.259299
0.0115199
0.00441597
0.00198947
0.000119338
6.65408e-005
0.00663233
0.39442
0.378769
0.000769563
0.000109242
0.000493961
0.00902698
0.0114233
0.0386228
0.39442
0.269738
0.00204888
0.00132761
0.00369627
0.0313686
0.0230058
0.0371415
0.18641
0.197648
0.048259
0.048939
0.0237688
0.0935807
0.0857255
0.0300591
0.172964
0.296566
0.0251542
0.158375
0.154182
0.0844685
0.167401
0.179392
0.247836
0.140773
0.0152228
0.0138453
0.0491507
0.337786
0.53032
0.144693
0.145581
0.118194
0.0186318
0.0630826
0.144099
0.0500944
0.0160604
0.00483013
0.169188
0.265012
0.053775
0.033367
0.0306492
0.275832
0.327608
0.00158668
0.252179
0.358989
0.116557
0.0248421
0.0351761
0.182902
0.141285
0.0152767
0.0440887
0.105592
0.0611749
0.0165117
0.0289277
0.42196
0.42196
0.0508458
0.0373461
0.120027
0.111991
0.0213469
0.0354837
0.238717
0.443979
0.0216242
0.0391845
0.0522279
0.0235928
0.00550656
0.0175875
0.192954
0.443979
0.0545776
0.000531702
0.000132253
6.05619e-005
4.61896e-005
0.00219883
0.258227
0.443979
0.0376913
0.00410183
0.0117392
0.0182862
0.00739726
0.0136503
0.163053
0.406145
0.0386622
0.00212681
0.000495283
9.33821e-005
0.00194161
0.00637013
0.210665
0.534636
0.0566739
0.016431
0.0229194
0.00603459
0.018587
0.0249686
0.127987
0.20395
0.0653789
0.300947
0.225055
0.0171929
0.0388657
0.0368433
0.144679
0.232177
0.0323207
0.099281
0.056573
0.00384667
0.0198164
0.0170453
0.0355739
0.0311765
0.00996282
0.326787
0.449482
0.0519025
0.041567
0.0130373
0.0291435
0.0509985
0.102047
0.333755
0.25465
0.0396106
0.042735
0.0247935
0.13481
0.103343
0.101626
0.163547
0.167821
0.0685321
0.115565
0.123651
6.99942e-005
0
0.00591313
0.195894
0.446868
0.180724
0.164481
0.0144818
0.00820653
5.802e-005
0.00753129
0.131594
0.446868
0.255543
0.229556
0.0333011
0.0083975
0.00675856
0.0186228
0.00958176
0.00821686
0.0061131
0.0108052
0.00665373
0.0115255
0.0154198
0.083169
0.401828
0.225572
0.0090751
0.00901934
0.0102735
0.0243206
0.0332106
0.0297605
0.0631994
0.0479896
0.0194387
0.0341043
0.0192103
0.159244
0.48433
0.334194
0.538966
0.171115
0.0417914
0.12306
0.0197508
0.00187393
0.0101215
0.0554389
0.406337
0.278613
0.0018559
0.000323458
0.00129116
0.0194724
0.0830489
0.0607386
0.350455
0.207282
0.0035481
0.000232457
0.00429427
0.0401735
0.2423
0.295112
0.406337
0.119189
0.0256515
0.0509272
0.00215732
0.0193769
0.233129
0.194663
0.320472
0.103833
0.0258724
0.0156465
0.00877246
0.0744263
0.254256
0.0858556
0.0559296
0.0314502
0.00248453
0.000827293
0.0178452
0.16918
0.450071
0.0784432
0.0198269
0.00399739
0.00173963
0.000315599
0.0290019
0.077133
0.468919
0.0944033
0.0709938
0.030059
0.0164446
0.0263353
0.0275835
0.168588
0.584719
0.0790168
0.0273507
0.0153158
0.0131724
0.0193485
0.0358371
0.28247
0.416295
0.0606537
0.0295145
0.0213859
0.0195173
0
0.0305913
0.378176
0.350129
0.196853
0.0431987
0.0229322
0.0297877
0.0793696
0.069436
0.182657
0.330112
0.0881999
0.125275
0.0967222
0.0465087
0.007025
0.0345762
0.272515
0.125926
0.153009
0.180869
0.0993351
0.0527554
0.109274
0.0640137
0.318981
0.389099
0.128233
0.0223319
0.00653608
0.01828
0.0986677
0.0949885
0.317672
0.431426
0.0936179
0.0525381
0.0214177
0.0326595
0.0331812
0.0628096
0.295752
0.144601
0.0966445
0.0882104
0.0265524
0.0573522
0.143189
0.127073
0.180909
0.177479
0.158643
0.129402
0.0922988
0.154359
0.0748586
0.119751
0.123275
0.16592
0.0517949
0.134038
0.115613
0.0189363
0.0275872
0.0225687
0.0252211
0.0291479
0.013875
0.369826
0.450432
0.0497307
0.0447156
0.0102287
0.0623392
0.0859257
0.0871608
0.161843
0.180353
0.091731
0.0391191
0.0401898
0.0177515
0.022002
0.0522083
0.43248
0.473353
0.0543368
0.0183486
0.00941693
0
0
0.00526202
0.172049
0.266118
0.103063
0.119885
0.00985767
0
0.000605539
0.00720847
0.214929
0.487449
0.142688
0.141268
0.0147865
0.0142283
0.00418586
0.0184847
0.235833
0.264119
0.0773861
0.0120706
0.00182364
0.0230925
0.00363763
0.00933058
0.279839
0.487449
0.202847
0.0926997
0.0596325
0.0120308
0.0185438
0.0111318
0.064845
0.0805163
0.0451794
0.0437168
0.0298267
0.094468
0.269968
0.120879
0.372148
0.211452
0.217268
0.400028
0.025225
0.0116336
0.0088946
0.0162797
0.026215
0.0923997
0.0677608
0.0478732
0.0341688
0.0316715
0.0472275
0.0190009
0.216258
0.385504
0.289906
0.370674
0.0576737
0.029083
0.162963
0.154384
0.235035
0.169562
0.182266
0.216232
0.00183912
0.00513952
0.0965087
0.111345
0.12673
0.144314
0.138222
0.0970838
0.0116291
0.0072533
0.0145837
0.0101938
0.182277
0.422398
0.273038
0.25034
0.0112083
0.0651028
0.0270381
0.00765927
0.0801346
0.386287
0.211381
0.297829
0.110876
0.0195444
0.134311
0.0369582
0.0523655
0.0315084
0.0665343
0.155573
0.0332102
0.0540198
0.180379
0.0399851
0.0358186
0.01388
0.0438071
0.148348
0.05874
0.121325
0.0300106
0.0074004
0.012856
0.0325643
0.0851228
0.405039
0.368489
0.0472276
0.0154805
0.013952
0.0243505
0.00547924
0.0888628
0.529676
0.46135
0.0761661
0.117988
0.107439
0.114663
0.0888224
0.0633285
0.0800359
0.0470827
0.332462
0.0609784
0.127746
0.12705
0.0877096
0.0690254
0.0612472
0.0488971
0.0483367
0.0283854
0.0803781
0.0670426
0.025692
0.107669
0.607025
0.269733
0.192255
0.0349242
0.123834
0.0618976
0.0223208
0.0723402
0.38538
0.140982
0.357625
0.0974688
0.103482
0.0654608
0.0246354
0.0446115
0.0461608
0.139174
0.169107
0.180965
0.206056
0.0786704
0.0517051
0.0888199
0.0458377
0.193346
0.179865
0.0622874
0.22027
0.137412
0.0556031
0.0331488
0.141118
0.155133
0.116246
0.290536
0.471555
0.192227
0.196682
0.0708779
0.0638516
0.133193
0.103974
0.0751763
0.0838437
0.121746
0.0736041
0.0543119
0.0348727
0.0645642
0.0383716
0.0249241
0.114701
0.383962
0.24779
0.0355656
0.0180844
0.00830462
0.083846
0.126086
0.125078
0.163193
0.175864
0.0380246
0.0410698
0.0471783
0.0292399
0.0159886
0.0992248
0.607584
0.412281
0.0104067
0.0176905
0.00734346
0.0892099
0.0433331
0.0918235
0.214015
0.201602
0.111474
0.00479247
0.00912003
0.173519
0.130424
0.0526594
0.0968953
0.314029
0.327443
0.188504
0.14414
0.0745185
0.0518127
0.107671
0.433035
0.305884
0.023896
0.00163193
0.00608002
0.183671
0.212265
0.126496
0.196941
0.181939
0.134636
0.102483
0.0651223
0.0394073
0.0334006
0.0462101
0.0778545
0.109597
0.0628764
0.0320317
0.0220923
0.0710071
0.0870977
0.0260898
0.318359
0.462667
0.198215
0.141571
0.10062
0.116813
0.0548428
0.019849
0.103167
0.131342
0.0981734
0.108627
0.114793
0.084316
0.0990986
0.14561
0.340517
0.424644
0.231997
0.10777
0.0837128
0.0148495
0.0221843
0.00293069
0.150013
0.34853
0.186855
0.187078
0.0223145
0.158731
0.124346
0.0643191
0.109006
0.238901
0.173933
0.321175
0.138073
0.0275243
0.144867
0.15775
0.158054
0.134698
0.147776
0.107013
0.0316097
0.142517
0.266661
0.227192
0.218764
0.194613
0.22522
0.192353
0.187972
0.154704
0.0771574
0.0346952
0.0222465
0.019006
0.016519
0.138263
0.320223
0.0541623
0.00948044
0.00292144
0.0054224
0.0241561
0.0623516
0.37864
0.39219
0.148889
0.184836
0.0832944
0.0653274
0.0818795
0.0601626
0.103439
0.291583
0.202272
0.193253
0.0527277
0.0223586
0.0966243
0.0786516
0.279491
0.39219
0.00738839
2.70347e-005
0.00493274
0.0102892
0.0495236
0.150582
0.427677
0.218554
0.0160975
0.00218215
0.0103601
0.0127551
0.0200545
0.105431
0.319496
0.0944232
0.147493
0.13297
0.0829437
0.0511017
0.206229
0.197176
0.345799
0.28076
0.0590007
0.0439977
0.0431473
0.0337026
0.14636
0.247434
0.372402
0.141697
0.029677
0.00920528
0.0534679
0.0723745
0.0500315
0.0667974
0.240691
0.110968
0.0251079
0.0516525
0.116932
0.101527
0.155375
0.0957047
0.187923
0.054552
0.0427706
0.0115737
0.000910028
0.0165832
0.0839613
0.268379
0.495462
0.185754
0.0380731
0.00429545
0.00472746
0.0253887
0.0530265
0.246165
0.545363
0.172702
0.010695
0.0279483
0.041423
0.10813
0.171243
0.0395584
0.0795848
0.0383649
0.00249971
0.000256584
0.0138915
0.403704
0.384943
0.00183174
0.00479568
0.0107773
0.0336527
0.013049
0.0228539
0.0953199
0.101178
0.126005
0.206783
0.141374
0.0197295
0.0199142
0.0259508
0.440685
0.525219
0.0137262
0.0167929
0.0571621
0.00314805
0.00537114
0.0126364
0.34934
0.29766
0.00355804
0.00212856
0
0.0386481
0.0554997
0.037314
0.214758
0.186645
0.0811333
0.0317059
0.00842553
0.000863387
0.00251591
0.00264757
0.347412
0.480717
0.0157752
0.00880027
0.00232999
0.0340512
0.0445146
0.0269461
0.289799
0.432534
0.109811
0.0268402
0.0115341
0.088586
0.034402
0.00587097
0.0157509
0.0193662
0.0548258
0.0830973
0.150486
0.0852917
0.092715
0.102804
0.25587
0.179678
0.052891
0.0342031
0.0697783
0.253992
0.150938
0.0131852
0.00621345
0.000113789
0.0312199
0.153562
0.394497
0.285879
0.122611
0.0933471
0.371397
0.217662
0.00852849
0.185588
0.422177
0.040916
0.214574
0.205308
0.234359
0.1518
0.0213084
0.0083652
0.0227301
0.114114
0.252987
0.172957
0.131351
0.115533
0.102323
0.130123
0.262017
0.0607254
0.114863
0.131893
0.444273
0.322481
0
0.0558146
0.0755269
0.0762574
0.128174
0.085891
0.324883
0.177662
0.0141218
0.0844194
0.187263
0.21992
0.199895
0.0466247
0.0296004
0.0541074
0.0719077
0.128647
0.361773
0.471309
0.320885
0.0489801
0.01397
0.0444811
0.0202529
0.0602088
0.312229
0.173912
0.129469
0.0123293
0.0225547
0.00944061
0.0140818
0.0626853
0.2367
0.341975
0.152073
0.00354287
0.000452582
0.00138057
0.00249915
0.00889022
0.165059
0.517268
0.292214
0.106932
0.0497702
0.125239
0.0636038
0.099233
0.246724
0.172384
0.119154
0.0554316
0.0613076
0.161318
0.232861
0.242573
0.18552
0.332832
0.118823
0.00114566
0.00438637
0.0155135
0.0178802
0.0243553
0.149739
0.137118
0.0756607
0
0.0380649
0.155468
0.172342
0.105777
0.125561
0.0321409
0.0253572
0.000905837
0.0230918
0.0697754
0.167201
0.355239
0.132817
0.0211459
0.006859
0.00390507
0.00245295
0.00558812
0.18317
0.599256
0.140723
0.0926248
0.0531823
0.00362335
0.0267489
0.123642
0.120595
0.162498
0.127846
0.215684
0.0998161
0.0167068
0.0104214
0.0187593
0.132433
0.408666
0.1456
0.0546494
0.0271127
0.023596
0.0448298
0.0216403
0.170347
0.36957
0.135797
0.0502089
0.0480726
0.0441525
0.313572
0.404856
0.064276
0.0723642
0.069237
0.179479
0.0738001
0.0165033
0.0336085
0.0276295
0.218672
0.418746
0.0855681
0.0902331
0.0870468
0.0372784
0.16918
0.232955
0.165969
0.229382
0.0615564
0.00419015
0.00692549
0.00808304
0.202761
0.417373
0.0826554
0.0482209
0.0184491
0.0074173
0.00929751
0.00974497
0.130806
0.458279
0.226231
0.0934753
0.0548311
0.0492344
0.0447883
0.0155645
0.0929668
0.220359
0.116168
0.0960192
0.117058
0.0731405
0.0134726
0.00165094
0.0209809
0.204323
0.32928
0.301516
0.279123
0.220443
0.123793
0.0472937
0.00929253
0
0.00489107
0.227668
0.247592
0.236807
0.101074
0.140379
0.188425
0.0491099
0.00112777
0.277169
0.381672
0.167113
0.103535
0.0713957
0.0120584
0.00896198
0.0365413
0.257117
0.177794
0.285207
0.19176
0.185303
0.0634756
9.71675e-005
0.00545195
0.222423
0.274876
0.104182
0.0805684
0.191687
0.530949
0.136283
0
0.129042
0.162806
0.0871837
0.0552768
0.105981
0.424625
0.0878554
0.00149036
0.0236476
0.063202
0.223511
0.143411
0.288799
0.21726
0.000778674
0
0.110295
0.150858
0.107799
0.0676778
0.212802
0.188623
0.000878959
0.00112127
0.0110056
0.0466086
0.32977
0.306442
0.0472452
0.0895693
0.0160717
0.00819347
0.0476
0.210925
0.355845
0.324073
0.0227002
0.00673699
0.0229271
0.0140695
0.0238728
0.240184
0.272507
0.188552
0.0727071
0.0462566
0.00032304
0.00276982
0.0254206
0.134155
0.338653
0.219212
0.0333974
0.00449133
0.0362783
0.0276237
0.0159438
0.105806
0.180867
0.1226
0.00914443
0.0544788
0.136412
0.0606415
0.0392183
0.157982
0.172939
0.153512
0.0659309
0.162115
0.369505
0.22031
0.113163
0.134959
0.146061
0.108394
0.0111222
0.0541967
0.206955
0.159831
0.0499828
0.0775243
0.234914
0.222025
0.231456
0.185123
0.27493
0.207297
0.13054
0.191882
0.24808
0.105649
0.0516641
0.0504908
0.134595
0.091459
0.0593547
0.190356
0.563344
0.221282
0.0189879
0.0102452
0.0131767
0.054095
0.0890797
0.184278
0.257215
0.132862
0.157645
0.061937
0.0384863
0.0212529
0.0338374
0.161986
0.38789
0.184174
0.0328869
0.00186614
0
0.00163723
0.0282779
0.152171
0.470112
0.143896
0.00967305
0.0446323
0.0422382
0.151319
0.224458
0.103517
0.193443
0.126611
0.0364755
0.0869971
0.13742
0.176515
0.285845
0.124936
0.32957
0.139167
0.0228391
0.00122673
0.0091418
0.0351401
0.119441
0.152448
0.265256
0.0949999
0.0796408
0.0204446
0.0290099
0.103558
0.176146
0.206338
0.178056
0.176852
0.0476357
0.0407008
0.11008
0.0785578
0.0930044
0.214966
0.252745
0.130405
0.0199662
0.0129723
0.061956
0.24627
0.467971
0.479545
0.123843
0.155464
0.100405
0.0321954
0.0153394
0.0424397
0.074001
0.0970911
0.0846379
0.143928
0.0519664
0.0391308
0.0300609
0.0864306
0.168646
0.0921162