0.171045
0.0483838
0.0162832
0.0058971
0.0343414
0.00574028
0.0235403
0.331759
0.111019
0.00674246
0.000945096
0.000426022
0.00186727
6.71551e-005
0.0971977
0.670985
0.075663
0.0368376
0.00940039
0.00926903
0.0515674
0.0367141
0.145822
0.258845
0.101535
0.025022
0.00613111
0.00191305
0.00618004
0.0274544
0.237331
0.332167
0.127448
0.0047375
0.00533509
0.00837141
0.00538026
0.0183538
0.146577
0.486807
0.135315
0.0168418
0.035801
0.113113
0.110713
0.211239
0.167822
0.208176
0.111075
0.0754898
0.0655266
0.0439574
0.0198606
0.0245825
0.190462
0.150702
0.0785716
0.144381
0.409864
0.352039
0.133071
0.137501
0.091459
0.0435738
0.0114004
0.00817635
0.0230482
0.25316
0.149438
0.0769437
0.0268822
0.014293
0.0189617
0.0183307
0.0496346
0.460149
0.17277
0.0192928
0.00132943
0.000665362
0.0144157
0.0556077
0.122572
0.256142
0.237271
0.134188
0.0215297
0.00135747
0.0201745
0.0244053
0.0651429
0.417908
0.489999
0.13034
0.0111945
0
0.119117
0.0580135
0.0692449
0.243248
0.0656553
0.0257633
0.00907473
0.0561817
0.334274
0.100264
0.0467334
0.0259877
0.036435
0.052497
0.0313674
0.228219
0.143427
0.0641002
0.131562
0.409425
0.290109
0.0361688
0.00329805
0.0442272
0.524273
0.105252
0.0781502
0.102611
0.0216443
0.0115142
0.0145152
0.151767
0.315407
0.149849
0.0342286
0.0221877
0.0301325
0.0152454
0.00879903
0.118338
0.356585
0.130069
0.0277895
0.0128849
0.0127914
0.00361926
0.00206009
0.142699
0.487408
0.0678348
0.0116284
0.00865627
0.00769239
0.00730727
0.00612909
0.121627
0.498919
0.0565621
0.0142666
0.00330078
0.00646557
0.00949249
0.00321203
0.295148
0.281011
0.125589
0.0236104
0.00513824
0.00134925
0.000621329
0.0209909
0.146363
0.145809
0.0689051
0.0142698
0.00233023
0
0.0118727
0.0704845
0.228811
0.413291
0.131465
0.0163893
0.000251443
0.000627562
0.00264169
0.0540265
0.340995
0.421237
0.172765
0.00227436
0
0
4.12472e-005
0.102695
0.385217
0.0958579
0.00449705
0.000768792
0.00458667
0.0228116
0.0240623
0.0528137
0.207506
0.0838846
0
0
0.0249772
0.138357
0.13284
0.228191
0.335007
0.332127
0.0576936
0
0
0
0.00998849
0.0937511
0.31378
0.233745
0.0130468
0
0
0.00680185
0.0313429
0.248432
0.526338
0.0932571
0.074859
0.0132315
0.027213
0.040451
0.0760388
0.23319
0.341029
0.134372
0.0566679
0.0259708
0.0148499
0.0410679
0.105159
0.393327
0.319741
0.133364
0.209365
0.160924
0.105727
0.103261
0.0943439
0.189397
0.154629
0.0983499
0.111543
0.0629597
0.0716539
0.168503
0.112327
0.21639
0.0772954
0.0761219
0.0636784
0.0551316
0.0487288
0.0525049
0.0115798
0.0761326
0.0292639
0.0457131
0.0932595
0.26781
0.357709
0.212142
0.0355323
0.0150555
3.05332e-005
0.0267602
0.0548571
0.0962446
0.106448
0.0720307
0.00883789
0.0272295
0.00294519
0.00318694
0.0285166
0.136263
0.680018
0.323417
0.0204683
0.00520154
0
0.00630764
0.0222095
0.0775993
0.220941
0.160205
0.0599212
0.00836758
0
0.00265619
0.00531505
0.0800917
0.406736
0.253538
0.0613363
0.00588983
0.000480796
0
0.00423279
0.0420505
0.436325
0.239406
0.0156354
0.00189227
0
0.00711007
0.00369123
0.0895763
0.545593
0.255651
0.0227399
0.00623379
0.0111139
0.0223809
0.0130558
0.147788
0.500501
0.205808
0.0457073
0.0166347
0.0192671
0.181718
0.0447685
0.0619975
0.114328
0.0310909
0.0483538
0.0448236
0.081994
0.100178
0.0263953
0.109584
0.449051
0.138303
0.0645037
0.0543242
0.0907437
0.43692
0.188893
0.0305325
0.0278425
0.0117243
0.0459311
0.0707194
0.142233
0.223625
0.0215168
0.012716
0.0110954
0.0101985
0.0140519
0.0140458
0.0854957
0.302742
0.137435
0.0239516
0.00423084
0.0109014
0.0122573
0.00393864
0.151305
0.436427
0.180029
0.0256443
0.00277384
0.00280583
0.00729339
0.0165426
0.136658
0.496634
0.406581
0.118215
0.00105771
0.0125281
0.00340236
0.0358118
0.22226
0.186481
0.222235
0.0235559
0.00019873
0.0131413
0.00252393
0.0100849
0.0808784
0.333214
0.181353
0.00716046
0
0.0145885
0.00213053
0.0350963
0.105667
0.304661
0.360841
0.0798046
4.96826e-005
0.050705
0.0101372
0.0843721
0.192031
0.345329
0.152305
0.0175522
0.015623
0.109659
0.115454
0.21962
0.427559
0.303733
0.0648423
0
0
0.015664
0.0710953
0.186059
0.163944
0.118781
0.0271439
0
0
0.0279427
0.152234
0.281169
0.205054
0.201045
0.0239551
0.0497973
0.0823436
0.174669
0.292537
0.276527
0.295113
0.113354
0.15325
0.0577332
0.071709
0.172147
0.352661
0.179634
0.0851396
0.0748787
0.0699832
0.0725023
0.0463226
0.0234082
0.0767424
0.146908
0.0863733
0.0196518
0.0148756
0.00997706
0.0195088
0.0819788
0.139193
0.124095
0.0222716
0.210108
0.078824
0.324102
0.126546
0.211827
0.311972
0.170337
0.083498
0.078543
0.000773134
0.00174866
0.0222251
0.423257
0.511218
0.170739
0.0570198
0.00755794
0.0263529
0.0661111
0.0882768
0.101721
0.0531587
0.0171564
0
0.00021645
0.0285768
0.111873
0.516165
0.23874
0.0216363
0.00419554
0
0.0542486
0.00221791
0.0138286
0.0520309
0.279864
0.24252
0.123042
0.0846219
0.0347294
0.171706
0.141776
0.333726
0.388731
0.183298
0.13398
0.116211
0
0.0140105
0.0262938
0.32259
0.302821
0.0111279
0.00301746
0
0.0175303
0.0278858
0.0161397
0.319104
0.402084
0.0254747
0.01233
0.0197261
0.0153683
0.159996
0.232972
0.281937
0.217759
0.0373501
0.015435
0.0205266
0.0534691
0.180195
0.293031
0.276928
0.271944
0.0106704
0.0169735
0.0242632
0.0942594
0.0982001
0.00699158
0.074606
0.0948573
0.0225899
0.0187925
0.0402825
0.268639
0.224391
0.0232397
0.000189438
0
0.00239782
0.00925447
0.0340972
0.203938
0.36807
0.12599
0.062201
0.0730678
0.0103254
0.0118645
0.0355747
0.448655
0.597888
0.0627182
0.0321552
0.0188541
0.0597797
0.029266
0.06021
0.171844
0.228854
0.051712
0
0
5.12233e-005
0.00187414
0.0354824
0.152077
0.432352
0.186444
0
0.00166814
5.75221e-005
0.0129927
0.0718618
0.200248
0.387332
0.126976
0.0499832
0.0228953
0.039422
0.0354208
0.048592
0.199549
0.525851
0.240668
0.0255269
0.0286641
0.0143781
0.077073
0.10776
0.196057
0.277283
0.134009
0.0139541
0.0175259
0.01797
0.0473302
0.120017
0.154125
0.0959074
0.0235338
0.157647
0.182262
0.150091
0.136668
0.232021
0.166933
0.263905
0.131614
0.0725196
0.0601185
0.0311706
0.050769
0.0824441
0.0943138
0.0921645
0.0399321
0.592204
0.302929
0.0781589
0.0314969
0.0409433
0.0262723
0.0119471
0.0665563
0.236819
0.230539
0.166339
0.0959532
0.105938
0.0419448
0.067803
0.0876331
0.170674
0.107531
0.0821644
0.0111695
0.00614961
0.0107981
0.0159634
0.0568413
0.639964
0.34465
0.0521665
0.0207316
0.0112334
0.0455547
0.0206494
0.0712073
0.358336
0.164703
0.0202716
0.0199783
0.030484
0.0984175
0.0902736
0.328724
0.141353
0.230538
0.167024
0.0240941
0.0177683
0.156078
0.00742969
0.0458634
0.0851411
0.32699
0.274587
0.0674046
0.14059
0.0390479
0.089287
0.268747
0.189091
0.229917
0.139823
0.174027
0.0613187
0.230724
0.0559669
0.201316
0.142934
0.158914
0.138027
0.175363
0.223919
0.186787
0.00382251
0.00354399
0.00955386
0.0883597
0.109367
0.151505
0.23272
0.0921235
0.199397
0.0941236
0.0692585
0.0996637
0.107472
0.238935
0.238353
0.303135
0.063046
0.067656
0.0401878
0.0237127
0.0802286
0.167766
0.313161
0.129316
0.127814
0.0609657
0.15989
0.174852
0.299999
0.336055
0.264084
0.0366084
0.279037
0.278571
0.116413
0.084782
0.0466717
0.0731606
0.0528807
0.064447
0.244643
0.352824
0.185368
0.183372
0.0313704
0.0630242
0.00705564
0.0366785
0.130011
0.100999
0.132906
0.149844
0.211905
0.258205
0.054833
0.0754798
0.0935575
0.102261
0.142672
0.241573
0.228115
0.389701
0.0239927
0.121691
0.251448
0.156147
0.080397
0.107912
0.0409781
0.0549191
0.0231404
0.23129
0.304004
0.0784571
0.0398521
0.0888946
0.147758
0.101052
0.0853564
0.0443927
0.0690057
0.0740207
0.0809959
0.156904
0.144947
0.395359
0.0390827
0.0813094
0.0562084
0.0562946
0.037038
0.118259
0.253909
0.54078
0.103666
0.213257
0.159188
0.081722
0.06091
0.082043
0.131549
0.105977
0.104692
0.325006
0.167231
0.0996443
0.0358164
0.0496599
0.0425859
0.149283
0.167494
0.295462
0.0192541
0.0423383
0.0592651
0.105055
0.181526
0.275872
0.162144
0.447895
0.0990375
0.190903
0.248433
0.0618073
0.0466778
0.130613
0.201358
0.127272
0.119217
0.0674353
0.0768321
0.0660193
0.0308059
0.0595556
0.071243
0.0323251
0.0862629
0.111841
0.544706
0.133263
0.0147064
0.00405767
0.00926651
0.205987
0.268861
0.238977
0.231824
0.0344484
0.0277937
0.0375795
0.0680505
0.17442
0.274961
0.267715
0.363805
0.0601912
0.018089
0.0173814
0.02877
0.0129304
0.0511549
0.108993
0.482623
0.141904
0.00401339
0.00704282
0.0155638
0.175996
0.0606973
0.0687376
0.162597
0.087973
0.0160536
0.0281713
0.139712
0.0599143
0.108364
0.25113
0.520951
0.079605
0.00852083
0.00887255
0.0205248
0.259161
0.160872
0.177762
0.23922
0.0235731
0.00269496
0.00847669
0.153007
0.053058
0.0205439
0.0763935
0.109244
0.149693
0.162504
0.321007
0.116541
0.127132
0.0455378
0.139367
0.200793
0.160775
0.105682
0.245372
0.152446
0.0515451
0.0159204
0.219779
0.22686
0.11306
0.12641
0.146595
0.0749601
0.147979
0.123836
0.252144
0.45173
0.209776
0.129696
0.111385
0.0772984
0.0969501
0.0657277
0.0908971
0.124862
0.0454895
0.0701093
0.068241
0.0904507
0.0405054
0.0487046
0.0484245
0.0980584
0.147867
0.43257
0.224065
0.0751752
0.0797081
0.107983
0.259208
0.309382
0.067925
0.0574193
0.0368775
0.0264135
0.0111577
0.0622073
0.13865
0.173057
0.248455
0.46963
0.269821
0.0240672
0.0416962
0.0246327
0.0135334
0.0533836
0.113095
0.338989
0.274018
0.0575683
0.0793811
0.0239808
0.00309276
0.0243645
0.0481742
0.220534
0.362215
0.0907259
0.0343781
0.0178514
0.00659296
0.0214727
0.21634
0.426705
0.317829
0.111314
0.0646939
0.0129231
0
0
0.0313129
0.162476
0.281107
0.266953
0.0266581
0.00321568
0.000931615
0.0123525
0.0330872
0.119627
0.375627
0.0671247
0.0202632
0.000598076
0.006946
0.0158003
0.0311708
0.224609
0.64297
0.085474
0.0149417
0.00160282
0
0
0.013671
0.113142
0.195016
0.146942
0.0081725
0
0
0
0.0266433
0.211173
0.409817
0.125904
0.0853759
0.00203674
0.0215185
0.0307496
0.027002
0.11366
0.413388
0.186021
0.157244
0.0691329
0.218805
0.249051
0.0412294
0.0171071
0.167453
0.258989
0.0239241
0
0.00268757
0.000226662
0.0101257
0.0956079
0.423567
0.19304
0.0720321
0.0609155
0.0733673
0.0739105
0.022003
0.0347139
0.318783
0.356099
0.178002
0.224531
0.320988
0.337902
0.060872
0.0395987
0.0406969
0.115857
0.208547
0.206547
0.171172
0.207509
0.177482
0.0834002
0.0534489
0.0600076
0.122944
0.109371
0.0991751
0.158345
0.0643681
0.0953623
0.177004
0.218597
0.124897
0.118339
0.141695
0.299286
0.263778
0.154163
0.0994691
0.0798923
0.0395643
0.0366984
0.0972111
0.344956
0.226244
0.0307577
0.0144544
0.00912824
0.0601509
0.0685576
0.0978075
0.255475
0.106544
0.00699306
0.00389609
0.0201808
0.0182149
0.0298609
0.0856309
0.472305
0.416463
0.0430686
0.0146543
0.0142801
0.0313143
0.0972712
0.233536
0.344143
0.240308
0.0141742
0.00796598
0.00166342
0.0318286
0.0172729
0.226239
0.201696
0.0866616
0.102405
0.145565
0.10873
0.227612
0.2025
0.24391
0.288117
0.0866137
0.11301
0.146542
0.213605
0.0917346
0.0805032
0.0897829
0.0420392
0.0466427
0.0685672
0.252715
0.167085
0.357857
0.151654
0.0309113
0.0371168
0.0175281
0.0356948
0.241914
0.304033
0.12307
0.150886
0.266805
0.285623
0.081438
0.0320552
0.024292
0.0519295
0.00867255
0.0429932
0.151677
0.250786
0.423684
0.286055
0.204068
0.00930171
0.268058
0.148354
0.0519168
0.0766734
0.0462317
0.00294105
0.0475896
0.11562
0.0988492
0.073669
0.0697249
0.181347
0.297678
0.134465
0.184004
0.0412437
0.00625368
0.00469968
0.0182213
0.0963889
0.282987
0.294449
0.27343
0.0747896
0.0321847
0.00586435
0.0229631
0.0947078
0.0671635
0.168216
0.264144
0.198857
0.0181498
0.00807501
0.0670462
0.265997
0.392142
0.164164
0.167081
0.0263592
0.0516776
0.0407347
0.203147
0.302073
0.244994
0.101096
0.103333
0.0874246
0.0277531
0.00758734
0.0115179
0.0209881
0.0172199
0.162356
0.192372
0.183174
0.0490577
0.00141279
0
0
0.0310981
0.238548
0.262313
0.279748
0.0595057
0.0568159
0.12953
0.0803644
0.0284257
0.0756899
0.145008
0.255551
0.0599287
0.0163177
0.00777173
0.00334021
0.0101893
0.141814
0.322875
0.595364
0.0772973
0
0
0
0.0324652
0.100096
0.246256
0.214631
0.0643239
0.0138704
0.000155846
0.0037838
0.0607749
0.0970228
0.325262
0.313108
0.0703581
0.00130144
0
0
0.0606713
0.245813
0.244252
0.283508
0.0535042
0
0
0
0.170233
0.396228
0.356272
0.203141
0.0531087
0.0319905
0.0238441
0.0409127
0.0343176
0.100569
0.235979
0.157484
0.108012
0.169983
0.199828
0.300134
0.0907646
0.0736267
0.152846
0.126133
0.0391925
0.00561453
0.0118911
0.0154684
0.0519109
0.158228
0.388036
0.218221
0.24195
0.134203
0.163397
0.141926
0.0081967
0.0521257
0.311415
0.390671
0.0291168
0.0634055
0.129211
0.404415
0.119889
0.00701807
0.0131813
0.0265349
0.00876087
0.0572055
0.301273
0.377997
0.113213
0.00387216
0.00171203
0
0.102759
0.0663929
0.15493
0.243657
0.0522881
0.0391637
0.0873854
0.117349
0.00132299
0.0108933
0.166469
0.35287
0.424566
0.171635
0.0576356
0.0173872
0.229329
0.143914
0.0914249
0.0181993
0.0196431
0.187327
0.268173
0.182715
0.352918
0.153004
0.0241269
0.0279666
0.0367002
0.108958
0.243499
0.162807
0.096554
0.0307207
0.019621
0.072414
0.115237
0.346671
0.230016
0.120011
0.140235
0.0727897
0.0222961
0.0400513
0.090244
0.254825
0.205124
0.0769967
0.184285
0.0776012
0.00793303
0.0145782
0.0230014
0.020688
0.0929399
0.0832117
0.0738186
0.0318837
0.0674401
0.351417
0.22711
0.0731038
0.110047
0.053546
0.105122
0.058691
0.00293196
0.00608885
0.0254313
0.0546077
0.0786147
0.0473744
0.0585428
0.0270467
0.0500992
0.420376
0.616064
0.173618
0.075016
0.0292456
0.00941537
0.035488
0.133364
0.330887
0.218264
0.0393101
0.0250361
0.0161384
0.0154897
0.0836338
0.22388
0.203144
0.180956
0.0399189
0.0234679
0.06625
0.00890016
0.068847
0.121622
0.418621
0.382349
0.119344
0.0559376
0.062008
0.0239811
0.118519
0.16385
0.257631
0.294013
0.156863
0.087809
0.144075
0.0558249
0.109451
0.194769
0.0988022
0.117593
0.0355674
0.093146
0.197556
0.115581
0.0805364
0.0168618
0.0132827
0.027002
0.16404
0.382746
0.358706
0.0686728
0.130912
0.136325
0.172657
0.413361
0.115751
0.0546488
0.0893335
0.17431
0.154555
0.0583579
0.110117
0.19464
0.127458
0.170747
0.0631315
0.0287127
0.0111414
8.12722e-005
0
0.0285813
0.268124
0.344853
0.114459
0.128698
0.000590252
0
0
0.0672777
0.309952
0.464649
0.234235
0.0387501
0.0209009
0.00838837
0.0639226
0.0926704
0.117269
0.263045
0.060166
0.201189
0.00966428
0.0171919
0.0505049
0.0497151
0.0889235
0.318574
0.230945
0.179197
0.00064365
0
0
0.0157758
0.0679998
0.241039
0.280422
0.251487
0.01508
0.029695
0.00972923
0.000726863
0.0329143
0.228467
0.489362
0.246265
0.0191024
0.0124838
0.00453481
0.00774228
0.0201495
0.0799275
0.243456
0.170381
0.0156861
0.00509682
0.000103665
0.010404
0.0868817
0.289625
0.380465
0.0628837
0.0082613
0.0311453
0.0217692
0.0191727
0.0879078
0.159958
0.15831
0.00183298
0.000750355
0.0103838
0.0486629
0.255291
0.403842
0.166081
0.0272755
0.0201497
0.00180699
0.000247305
2.06327e-005
0.00345317
0.12582
0.331082
0.120101
0.00118812
0
0
0
0.0344059
0.360893
0.586185
0.0602351