0.0417765
0.0149226
0.00929344
0.0198312
0.044759
0.0792902
0.266921
0.227956
0.102947
0.0200652
0.017675
0.00380391
0.0125097
0.0627296
0.201354
0.266886
0.0147813
0.00720378
0.0876484
0.304736
0.319807
0.124976
0.246072
0.194232
0.19157
0.0864411
0.176899
0.206706
0.228622
0.120536
0.242277
0.213679
0.0682192
0.0268881
0.00866945
0.00750481
0.0418024
0.14859
0.222083
0.17353
0.114371
0.0386185
0.0120011
0.026729
0.0723635
0.205526
0.222414
0.105965
0.168568
0.108234
0.0731393
0.0716389
0.0665943
0.133066
0.388451
0.273591
0.079178
0.0525691
0.0223016
0.00617543
0.0533128
0.188679
0.456129
0.215879
0.0965005
0.0441873
0.0269121
0.0144726
0.0328983
0.120805
0.109951
0.0554452
0.120402
0.0920559
0.188368
0.22098
0.0529567
0.089014
0.0842503
0.142214
0.102379
0.0210149
0.0188235
0.00459652
0.0291567
0.0944602
0.248126
0.128633
0.150574
0.0550259
0.492939
0.508335
0.0355105
0.0387648
0.14078
0.12528
0.0223994
0.0152207
0.183034
0.361929
0.0583707
0.0253363
0.0204009
0.0370707
0.0668343
0.0752446
0.230806
0.405915
0.0563229
0.0154237
0.0350078
0.0723388
0.0171764
0.0383488
0.383396
0.413356
0.0531765
0.00859663
0.0258363
0.0147967
0.0203803
0.0469402
0.225404
0.343092
0.112679
0.0163757
0.0521353
0.0342221
0.288891
0.11182
0.129193
0.126544
0.0120571
0.0148025
0.0239859
0.238783
0.312788
0.156984
0.0648707
0.0426777
0.00637499
0.0681877
0.148135
0.321032
0.0998978
0.096055
0.170531
0.186076
0.0653055
0.014948
0.0371385
0.0883094
0.187361
0.409497
0.302927
0.1709
0.0363496
0.0579182
0.0845243
0.0822559
0.11468
0.146249
0.0210618
0.0481686
0.0696848
0.0667712
0.107988
0.156129
0.0638971
0.0853651
0.0595976
0.136958
0.201763
0.144294
0.142882
0.0929383
0.1192
0.428052
0.126501
0.124462
0.0820484
0.0765329
0.0687976
0.0665924
0.0627717
0.260678
0.109183
0.2626
0.33091
0.3411
0.211842
0.172349
0.114696
0.0849004
0.0696411
0.14455
0.131068
0.116716
0.132709
0.101035
0.319816
0.111124
0.0160959
0.10815
0.0534586
0.0956828
0.272841
0.244009
0.0336574
0.0517017
0.0749262
0.348892
0.339729
0.310974
0.160856
0.0788133
0.0997417
0.0747759
0.0582872
0.216401
0.142644
0.0919911
0.17012
0.092064
0
0.00839909
0.0633684
0.261072
0.234718
0.0591364
0.0333499
0.017824
0.053126
0.0416594
0.0715044
0.317678
0.210363
0.0284382
0.0646139
0.0425894
0.0223725
0.0243539
0.0628337
0.317777
0.3155
0.137603
0.0236534
0.00280151
0.035983
0.035525
0.0852431
0.560511
0.259829
0.0207653
0.0218237
0.0291116
0.0810432
0.0685646
0.0414163
0.180403
0.0868791
0.0779503
0.323778
0.166817
0.0208754
0.0261281
0.0225237
0.00850436
0.0728781
0.18341
0.390031
0.18639
0.0823377
0.0797464
0.0600744
0.316731
0.131733
0.070244
0.158401
0.128976
0.136824
0.0735867
0.011112
0.0150624
0.130478
0.302662
0.263436
0.206303
0.0280275
0.0150921
0.0131714
0.00366676
0.0381035
0.0583141
0.113952
0.0761048
0.0485487
0.0356979
0.214651
0.402207
0.0393892
0.0247213
0.0818974
0.0550292
0.116991
0.0677592
0.0279239
0.0301477
0.0778631
0.101881
0.0853499
0.128437
0.0976034
0.156672
0.402626
0.602222
0.145223
0.0314044
0.0652064
0.0857132
0.0150772
0.0467138
0.205086
0.30986
0.0399732
0.00576871
0.0181705
0.00764613
0.035167
0.117767
0.102948
0.154326
0.0618039
0.0129001
0.0295682
0.0154631
0.0712178
0.203212
0.229741
0.333215
0.0564588
0.00515943
0.0113132
0.00589896
0.155149
0.65892
0.223902
0.0960565
0.0256099
0.00604491
0.00715577
0.00376977
0.034194
0.136401
0.058238
0.0330991
0.0220092
0.00241393
0.00959377
0.00905172
0.102336
0.314206
0.140764
0.0255911
0.0195548
0.00215225
0.00247984
0.0204256
0.0962358
0.571032
0.135418
0.0107132
0.0103845
0.00117139
0.00176413
0.00179753
0.262613
0.571032
0.190965
0.00971905
0.0217191
0.0132724
0.0169059
0.0431582
0.0982952
0.302235
0.0915629
0.0235519
0.0232441
0.0266287
0.0146136
0.0521855
0.0373126
0.153639
0.0391967
0.120389
0.260974
0.129429
0.078796
0.0755636
0.250891
0.409146
0.0769118
0.057333
0.156619
0.0827205
0.0441331
0.108543
0.0602001
0.0718401
0.010213
0.256674
0.562338
0.109603
0.0328189
0.0623197
0.00579719
0.0197691
0.015992
0.189417
0.360285
0.120945
0.0729403
0.0421926
0.050554
0.0188884
0.0179241
0.0905641
0.102645
0.0434212
0.0493292
0.0650657
0.0176174
0.0959779
0.0497432
0.309946
0.628662
0.0529183
0.0399781
0.0376665
0.250443
0.185605
0.078607
0.0888329
0.150735
0.0908532
0.13016
0.185219
0.104852
0.0803199
0.135204
0.258223
0.22919
0.10661
0.0754114
0.0572245
0.127668
0.0798814
0.191957
0.476592
0.180104
0.05328
0.0272456
0.0982627
0.204601
0.165523
0.145266
0.0725009
0.042338
0.0297222
0.0870463
0.149695
0.317443
0.209787
0.236926
0.144185
0.0345736
0.0776252
0.0437293
0.113873
0.0873661
0.035416
0.0396921
0.0682092
0.0262092
0.0145234
0.0315728
0.0866006
0.288516
0.0642748
0.0255366
0.00156227
0.0131088
0.0392362
0.0382684
0.135043
0.18228
0.160879
0.254861
0.0560625
0.0154324
0.018678
0.0247984
0.0772475
0.572384
0.362194
0.393756
0.0564793
0.0139895
0.0466101
0.0245406
0.189294
0.173328
0.108609
0.0318274
0.0202643
0.0112073
0.0162259
0.0158586
0.0541914
0.143038
0.203509
0.240304
0.179367
0.0271038
0.00437719
0.0127196
0.0164426
0.327551
0.335997
0.149413
0.0260323
0.00239675
0.0231295
0.00668607
0.0734082
0.317706
0.572792
0.242901
0.0770626
0.0122487
0.00276362
0.000708836
0.0209173
0.0608392
0.21548
0.175086
0.0832738
0.012599
0.000574791
0.00113055
0.000713514
0.0910523
0.503882
0.168604
0.014818
0.0129672
0
0
0
0.144799
0.412015
0.201636
0.0582608
0.0302972
0.0090036
0
0.034073
0.140898
0.503882
0.214701
0.0403007
0.0402275
0.0360144
0.00434781
0.100103
0.108677
0.477063
0.0968043
0.00643473
0.00329917
0
0
0
0.184021
0.477063
0.10031
0.0237221
0.0283709
0.007837
0.0149834
0.0225854
0.152331
0.468789
0.0985657
0.0444894
0.0355374
0.0197418
0.00663127
0.0639093
0.169529
0.298889
0.170592
0.0842843
0.0896939
0.0226485
0.0244794
0.0804913
0.125777
0.197783
0.0401318
0.114822
0.190338
0.0360816
0.0325253
0.037297
0.0284344
0.0115401
0.00484448
0.302755
0.420939
0.0320464
0.014136
0.0205535
0.0726871
0.0971143
0.0948103
0.22798
0.247435
0.0124819
0.0218466
0.0635742
0.0239588
0.00417343
0.013265
0.498899
0.421376
0.0124283
0.0211391
0.0123566
0.0130328
0.0442771
0.040816
0.346621
0.322477
0.00708543
0.00585578
0.0101308
0.094019
0.0841329
0.0706486
0.159401
0.152922
0.0521443
0.0423781
0.0479481
0.0104966
0.00029598
0.00943449
0.577319
0.34995
0.0163283
0.0277515
0.00524099
0.00679113
0
0.0179354
0.308457
0.280712
0.0303126
0.0131515
0.00327827
0.16742
0.158618
0.0823931
0.0639614
0.0251246
0.0234362
0.0268138
0.0774842
0.270847
0.216602
0.191387
0.12555
0.0397491
0.15475
0.0321407
0.0359616
0.233368
0.197703
0.137392
0.0986966
0.079854
0.0499577
0.153181
0.247955
0.17884
0.193054
0.164551
0.187575
0.300307
0.320097
0.247427
0.101136
0.112
0.215981
0.158999
0.0569595
0.0285756
0.0559314
0.00702375
0.00751195
0.181221
0.496184
0.303572
0.0824058
0.0579486
0.0500637
0.0138898
0.0282352
0.0559514
0.167989
0.0639601
0.0686715
0.144653
0.169908
0.124137
0.0244178
0.0547814
0.348609
0.126465
0.136868
0.222349
0.170859
0.333507
0.0756892
0.119808
0.411969
0.135992
0.0242421
0.0198976
0.0272915
0.00599581
0.0140146
0.218851
0.508133
0.0870502
0.0387235
0.0440876
0.0138695
0.00104737
0.00935639
0.0461713
0.290849
0.0619534
0.045099
0.0781331
0.0874708
0.348687
0.0400722
0.143111
0.249413
0.0395891
0.101406
0.0670405
0.0905511
0.292202
0.0758455
0.196884
0.298923
0.111099
0.142673
0.106884
0.0389019
0.000284443
0.0461658
0.252716
0.317797
0.105192
0.125862
0.0687644
0.0699593
0.0231004
0.174556
0.238515
0.126294
0.0749375
0.193142
0.0941677
0.128947
0.0870727
0.0743104
0.526687
0.222325
0.0478299
0.103205
0.0368218
0.0796057
0.0524647
0.172207
0.196068
0.360559
0.0759751
0.0658326
0.0541057
0.0500276
0.0308522
0.137142
0.172334
0.171828
0.147082
0.0938989
0.114447
0.0845275
0.0550703
0.233516
0.27658
0.231863
0.128273
0.0381032
0.0392483
0.045619
0.0706229
0.194711
0.155689
0.38366
0.333564
0.0734614
0.123717
0.131742
0.0641967
0.216828
0.0490502
0.0330402
0.0725038
0.180025
0.202623
0.0378395
0.0258644
0.122427
0.00757081
0.00208684
0.0317219
0.38992
0.393142
0.0569526
0.0516448
0.0177775
0.0554734
0.137917
0.105256
0.175108
0.297255
0.0956212
0.0307076
0.0895346
0.005639
0.0629627
0.0934046
0.371207
0.448317
0.0985708
0.0484239
0.0166011
0.0027396
0.00396497
0.0138541
0.344189
0.324298
0.0779005
0.104916
0.0200206
0.0126629
0.000967624
0.00749292
0.2414
0.270925
0.0411175
0.039667
0.0134858
0.00304341
0.164175
0.118121
0.430369
0.261405
0.0863819
0.0954235
0.020274
0.00538461
0.0662243
0.0690473
0.437631
0.207428
0.0353713
0.0310263
0.0218735
0.126758
0.126438
0.0908724
0.0926857
0.0781796
0.0320726
0.067616
0.096756
0.158871
0.162377
0.119744
0.172393
0.193503
0.0938798
0.162493
0.110095
0.172546
0.153494
0.0832977
0.104096
0.0470087
0.0186027
0.0395128
0.0607991
0.232483
0.280352
0.377757
0.467
0.254797
0.017382
0.0411841
0.137501
0.128692
0.11001
0.051404
0.0540345
0.123564
0.11832
0.158695
0.0977206
0.0743709
0.175621
0.0733396
0.0576342
0.131466
0.147244
0.418929
0.206525
0.282408
0.18333
0.218018
0.15117
0.117447
0.0309962
0.0339867
0.203359
0.244393
0.298708
0.185059
0.0470175
0.0342366
0.0380158
0.159617
0.277652
0.0141832
0.050905
0.0166891
0.0159895
0.0279171
0.0696208
0.415991
0.118725
0.0335981
0.0181993
0.00520608
0.0334287
0.0152481
0.105131
0.500337
0.184336
0.0587519
0.08196
0.048003
0.0176412
0.00373096
0.0469585
0.20952
0.175409
0.0530444
0.0124393
0.00819389
0.00115009
0
0.136707
0.500337
0.3075
0.0727456
0.0415436
0.0156907
0.0323219
0.00953286
0.0920921
0.307147
0.119451
0.152554
0.0676329
0.0173825
0.0217573
0.00837288
0.0326089
0.192153
0.137079
0.0270029
0.00465772
0.00282569
0.000303527
0
0.103953
0.528966
0.244615
0.0104867
0.0116289
0.00738455
0.0123933
0.00739001
0.0617855
0.528966
0.318602
0.063251
0.0529984
0.117391
0.0578146
0.0780662
0.0302058
0.0736187
0.0799796
0.0358658
0.198534
0.292081
0.106638
0.183061
0.0900746
0.0634245
0.0404578
0.0026697
0.0285134
0.0638202
0.046652
0.101941
0.101542
0.487252
0.248888
0.0483178
0.0594806
0.140991
0.105544
0.206071
0.204568
0.477353
0.216923
0.0202524
0.0915227
0.0814632
0.17181
0.274725
0.0496636
0.0328606
0.016868
0.00185946
0.0336084
0.0401517
0.298882
0.378165
0.030371
0.0067702
0.00247817
0.0638233
0.0253536
0.0784465
0.220914
0.25456
0.0550036
0.175006
0.0803743
0.0173093
0.00303063
0.0263199
0.44214
0.480576
0.0109267
0.00717914
0.00389521
0.0018739
0.100122
0.073363
0.360236
0.252071
0.0149472
0.00774993
0.00154999
0.000468474
0.0423207
0.0467269
0.324031
0.132343
0.00930367
0.00217515
0.00727992
0
0.00194577
0.00844847
0.415015
0.522331
0.0326253
0.0014498
0
0.00381161
0.0158966
0.0255201
0.24037
0.304593
0.0692543
0.00774339
0.00650544
0.0911011
0.10473
0.0853287
0.0306274
0.0304528
0.0268831
0.0421909
0.0513451
0.0743187
0.186362
0.224824
0.337308
0.329101
0.12215
0.033691
0.0498292
0.132708
0.127358
0.0821285
0.0680501
0.106427
0.074408
0.0941113
0.0417173
0.107611
0.151575
0.107503
0.298698
0.509332
0.273257
0.0809782
0.0537472
0.154777
0.122109
0.210305
0.235823
0.252998
0.100462
0.0299874
0.140231
0.217311
0.210964
0.143762
0.0446474
0.0308199
0.0278683
0.0409197
0.199431
0.0481415
0.0612505
0.0866581
0.28912
0.553589
0.226514
0.0589297
0.0296579
0.0811972
0.076883
0.0401614
0.0785737
0.166901
0.0743899
0.068787
0.0667023
0.138122
0.200134
0.112733
0.0318402
0.0254452
0.113078
0.134588
0.191366
0.176604
0.0845099
0.0700739
0.018225
0.0243533
0.237956
0.571374
0.459131
0.0486562
0.0922089
0.071754
0.0238004
0.0525376
0.090703
0.0720292
0.0562613
0.0953371
0.106104
0.0928678
0.0287589
0.0585585
0.130018
0.102877
0.0816908
0.0542926
0.0149908
0.00934607
0.00218746
0.0016422
0.0847112
0.396887
0.20839
0.0144388
0.00418582
0.0023201
0.00140194
0.00401606
0.1166
0.640382
0.302388
0.0568164
0.0421703
0.0119967
0.00428551
0.00741162
0.0277844
0.083875
0.0599973
0.0398271
0.0524881
0.00752904
0.0031585
0.0123225
0.0704051
0.408939
0.129794
0.000416617
0.00411808
0.00472521
0.00231575
0.0138308
0.0921327
0.473369
0.163107
0.0263468
0.00636773
0.0134
0.0123854
0.0329209
0.131173
0.473369
0.200637
0.00548568
0.0104783
0.00266416
0.00106833
0.00269944
0.061311
0.368124
0.0987516
0.00711929
0.00562168
0.00109153
0.000340169
0.00390741
0.101022
0.473369
0.162974
0.0649915
0.0246187
0.0400406
0.0935341
0.117341
0.0651136
0.269314
0.141153
0.0329625
0.0273907
0.0343794
0.345781
0.38061
0.0224626
0.0331551
0.0349982
0.0465561
0.0287257
0.01915
0.0263197
0.0284307
0.0893559
0.499082
0.186477
0.0863604
0.0383496
0.0751192
0.249408
0.334698
0.0499962
0.217757
0.139199
0.0092118
0.00820652
0.0141561
0.373282
0.447352
0.0779658
0.0172628
0.00852188
0.0564384
0.0254503
0.0267838
0.102227
0.202392
0.149955
0.0484308
0.0673699
0.0713106
0.0142975
0.0841483
0.419111
0.485488
0.0527799
0.0560596
0.0518215
0.151477
0.0248073
0.0337533
0.110179
0.0822702
0.0765262
0.0640464
0.116521
0.133988
0.122071
0.0293536
0.132329
0.142146
0.0430706
0.0865704
0.074404
0.180239
0.113182
0.0778027
0.341603
0.335179
0.156916
0.0913496
0.109756
0.167108
0.223451
0.0299608
0.0918832
0.1427
0.0478134
0.047353
0.0918916
0.206188
0.134228
0.0226102
0.149678
0.399787
0.341096
0.0625143
0.119192
0.0382326
0.0354996
0.0776594
0.311549
0.408755
0.151989
0.0403681
0.0244752
0.0229222
0.0409607
0.0245815
0.0962064
0.155401
0.0637288
0.0780737
0.0656672
0.063176
0.0522077
0.0267836
0.130535
0.47728
0.434224
0.0661378
0.0383892
0.0839786
0.0707728
0.0159186
0.0451249
0.131555
0.163935
0.126534
0.199426
0.100615
0.0742169
0.0654869
0.0458781
0.0252474
0.0836046
0.14905
0.114101
0.228333
0.100692
0.0866994
0.0346367
0.0555666
0.163391
0.127431
0.141407
0.260853
0.130523
0.0937741
0.0273277
0.00432722
0.0606568
0.175598
0.333816
0.480889
0.170605
0.150243
0.0227312
0.0429133
0.117098
0.0813749
0.30827
0.201967
0.0927656
0.038209
0.0176921
0.0289481
0.0615716
0.0422456
0.163895
0.246135
0.160283
0.0439924
0.0230481
0.019025
0.0945317
0.125129
0.23617
0.327765
0.0665265
0.0767146
0.0145266
0.0261099
0.0493837
0.0412573
0.316077
0.388635
0.0540283
0.040535
0.0190643
0.00447131
0.0614257
0.130518
0.438828
0.0919006
0.0375055
0.0212436
0.00916264
0.00529399
0.0440592
0.20537
0.1414
0.0783545
0.0679851
0.0234302
0.00902765
0.010457
0.0862936
0.803091
0.175212
0.202426
0.0297782
0.0153375
0.00773838
0.00268935
0.0165374
0.0455072
0.142074
0.204038
0.101597
0.0324564
0.0126314
0.00758288
0.00903236
0.0650046
0.108098
0.0426124
0.0263346
0.00985844
0.00427673
0.00512242
0.0776096
0.595425
0.179234
0.175412
0.0170924
0.127237
0.13849
0.214021
0.0696294
0.394526
0.313993
0.0592038
0.0434337
0.00983618
0.00481452
0.00538968
0.0216745
0.106204
0.123164
0.191634
0.038914
0.0365461
0.0218046
0.0149038
0.0324371
0.128259
0.27123
0.216066
0.016083
0.209603
0.417549
0.479341
0.0481989
0.125121
0.198562
0.11866
0.0521224
0.0490475
0.143484
0.1301
0.046684
0.0534156
0.0855657
0.232498
0.0394352
0.0682912
0.0716322
0.0655177
0.0595938
0.152689
0.256725
0.157615
0.0404108
0.0159923
0.0353121
0.0650516
0.0806188
0.140891
0.188655