0.00437393
0.0406878
0.0832382
0.125548
0.121399
0.0673491
0.0152947
0.0159551
0.0539753
0.201051
0.214286
0.358849
0.148999
0.2856
0.0852546
0.173426
0.0161027
0.0351258
0.0348129
0.131281
0.173326
0.112478
0.111037
0.0339084
0.0761194
0.117173
0.118585
0.391788
0.217197
0.226649
0.20496
0.300319
0.0946545
0.0793852
0.0663705
0.118077
0.0278406
0.107424
0.0475687
0.296654
0.300667
0.0333623
0.0303402
0.0239838
0.0169589
0.0553079
0.0416689
0.626153
0.112484
0.0352499
0.0496739
0.122641
0.0558381
0.070379
0.0587504
0.265826
0.327027
0.0625937
0.0446864
0.0680469
0.0469031
0.0406299
0.0407425
0.263104
0.294839
0.0287761
0.0328299
0.0310772
0.020575
0.0233642
0.0352706
0.457882
0.386823
0.053165
0.0598877
0.0561496
0.0610225
0.0120639
0.0325943
0.512545
0.250501
0.0464912
0.032906
0.0446744
0.0410454
0.0365091
0.0456586
0.161975
0.192244
0.0634972
0.0659845
0.0495333
0.034836
0.0191645
0.110203
0.214297
0.36679
0.0213069
0.0320064
0.0501614
0.0488621
0.00985473
0.0141159
0.379127
0.361444
0.0356161
0.0452321
0.192704
0.0958338
0.0386259
0.0567341
0.462051
0.172495
0.0412173
0.0450777
0.045637
0.0273054
0.00405981
0.0681859
0.191845
0.180001
0.106706
0.0955659
0.309428
0.0750792
0.0142048
0.076213
0.122884
0.104874
0.0229724
0.100712
0.318902
0.20019
0.0528932
0.0379343
0.160135
0.023381
0.0298617
0.146708
0.345053
0.296674
0.0316465
0.00801499
0.0196538
0.0498185
0.08737
0.185158
0.442014
0.138646
0.017163
0.0611014
0.0382513
0.0854673
0.165973
0.270995
0.300257
0.23064
0.0097155
0.0416264
0.0768245
0.0253551
0.032384
0.0787693
0.156807
0.13829
0.0100686
0.00980974
0.0285795
0.0959377
0.0821768
0.0894411
0.038302
0.0864722
0.0379305
0.0382434
0.106777
0.255961
0.357731
0.258273
0.0723406
0.108762
0.00452755
0.00816691
0.133718
0.490323
0.373257
0.293801
0.00772624
0.0173393
0.0259589
0.043857
0.247004
0.096442
0.111464
0.0913708
0.062764
0.131965
0.0936849
0.129706
0.137083
0.0317894
0.0536204
0.0472036
0.110484
0.158789
0.0999351
0.224041
0.0921549
0.286238
0.229317
0.177216
0.142842
0.102954
0.139907
0.137405
0.216199
0.0607678
0.0650021
0.115709
0.464329
0.30555
0.172098
0.231294
0.0798462
0.0404711
0.0570684
0.0833344
0.100939
0.116399
0.113613
0.199744
0.095048
0.229125
0.131361
0.153071
0.199757
0.11714
0.141695
0.328409
0.569912
0.0484129
0.0692872
0.0712057
0.0614829
0.055909
0.0649143
0.0702459
0.0616338
0.110962
0.119564
0.104006
0.0916905
0.0628794
0.055871
0.0369707
0.128169
0.243527
0.0311484
0.0390313
0.0596969
0.0433625
0.0353473
0.0657129
0.404851
0.541931
0.0560454
0.0179681
0.0510408
0.0451798
0.0290139
0.0596138
0.435624
0.0954694
0.0588516
0.0463185
0.0388039
0.0447468
0.0276766
0.0113179
0.0712612
0.24746
0.140568
0.119504
0.0277739
0.0486791
0.0383901
0.0542968
0.165403
0.285935
0.0257527
0.00818148
0.0157563
0.0215921
0.018516
0.0378539
0.204955
0.292658
0.0294603
0.0290415
0.0176214
0.00676669
0.0108955
0.0929922
0.300272
0.243588
0.12295
0.136051
0.0138012
0.0156363
0.0144289
0.0273742
0.127483
0.469341
0.385954
0.312819
0.0444976
0.00564382
0.0106746
0.0186899
0.1566
0.165598
0.0370683
0.0381784
0.0115806
0.00145917
0.00598515
0.0518911
0.18608
0.194935
0.175066
0.13963
0.104804
0.0209501
0.00985918
0.0559978
0.156088
0.294054
0.249184
0.246579
0.0242841
0.000214259
0.00849633
0.028175
0.109114
0.427243
0.459998
0.301798
0.0368144
0.00914628
0.0096494
0.0417835
0.185503
0.114548
0.15464
0.12665
0.131068
0.0298603
0.00853634
0.0344464
0.0581
0.222344
0.284989
0.163875
0.0697998
0.0330418
0.00530884
0.0247263
0.0919442
0.314443
0.394216
0.104561
0.032102
0.00959683
0.00209034
0.00576332
0.0794118
0.40904
0.495536
0.0612061
0.0226786
0.00568001
0.00468739
0.0218396
0.111221
0.23688
0.308935
0.0980854
0.00788371
0.0106172
0.000132969
0.0129634
0.0714091
0.302026
0.185363
0.0611134
0.0687025
0.0697742
0.0188696
0.0697282
0.0733356
0.278833
0.436065
0.0367291
0.0454574
0.044404
0.00211662
0.0308749
0.111188
0.206426
0.161907
0.0131933
0.380821
0.350062
0.0116551
0.0801111
0.075811
0.11617
0.0410331
0.0363946
0.21948
0.114083
0.0452252
0.0501845
0.0417173
0.0108161
0.00589844
0.0493196
0.379949
0.138886
0.0375935
0.0156543
0.0113888
0.0449741
0.0138209
0.0476516
0.530261
0.366757
0.0176505
0.0417584
0.0151529
0.00428422
0.00184386
0.0843534
0.469563
0.195041
0.0217748
0.00671557
0.00686998
0.046794
0.0143131
0.0165342
0.018975
0.0149565
0.0208025
0.0204659
0.0407329
0.124166
0.0671436
0.0544763
0.0364179
0.0164797
0.0294039
0.025553
0.057032
0.326189
0.0970524
0.0892346
0.0244551
0.013725
0.140615
0.149705
0.262728
0.534125
0.343734
0.387467
0.026534
0.0167111
0.101154
0.0800437
0.272422
0.0934272
0.0859731
0.0754053
0.0202693
0.00907641
0.0160827
0.00340421
0.0311904
0.176961
0.208153
0.1857
0.0114066
0.00665037
0.00959978
0.0047682
0.0494316
0.272843
0.28873
0.218054
0.0338955
0.0247057
0.0109328
0.00890424
0.0886227
0.482538
0.519244
0.283005
0.0212204
0.0237023
0.0075457
0.0152125
0.0954234
0.17966
0.14487
0.124143
0.00332335
0.00200224
0.00184675
0.00443012
0.0467013
0.29298
0.320559
0.126362
0.0129358
0.0108212
0.00102955
0.00488546
0.060368
0.328632
0.394128
0.115395
0.000967359
0.00329622
0.00191004
0.00741438
0.0686881
0.363902
0.480152
0.0571228
0.105769
0.0883695
0.00797586
0.00878474
0.0796184
0.238234
0.284998
0.155642
0.0402261
0.0218814
0.00241804
0.0115089
0.0618627
0.272617
0.352275
0.182828
0.0483726
0.0459768
0.0258247
0.0281483
0.127708
0.215252
0.304313
0.106276
0.220902
0.146446
0.0280884
0.047623
0.0742596
0.254118
0.253174
0.244406
0.148605
0.132325
0.054214
0.0766013
0.247376
0.238268
0.341756
0.0774431
0.00980631
0.0221002
0.0210154
0.00849365
0.0837714
0.281601
0.413137
0.154011
0.0315323
0.00469609
0.0163459
0.0148597
0.0820423
0.179752
0.272736
0.17139
0.0716323
0.0785366
0.0607365
0.0240814
0.166594
0.23098
0.325681
0.30448
0.111843
0.0453749
0.129551
0.0853603
0.113946
0.179037
0.260844
0.102912
0.0807695
0.0457253
0.00371765
0.0114845
0.0899056
0.0914283
0.0817716
0.0227948
0.407904
0.314066
0.00100717
0.00813246
0.0652997
0.237916
0.204938
0.149183
0.0964235
0.0530091
0.0506453
0.0859805
0.112403
0.115832
0.0716697
0.0257211
0.476306
0.366331
0.0160679
0.0413913
0.0517456
0.00895072
0.00144979
0.0270724
0.387135
0.298339
0.00936719
0.00288885
0.00652078
0.00184924
0.00253205
0.0567692
0.274852
0.159274
0.0175964
0.00580669
0.00204999
0.010573
0.000990381
0.00849895
0.497978
0.40119
0.0185351
0.00847491
0.00742779
0.0163759
0.0231741
0.0241143
0.311947
0.305863
0.0328258
0.0327992
0.00957699
0.201476
0.0863408
0.0553511
0.014877
0.0135346
0.132641
0.179274
0.172617
0.273408
0.119852
0.145011
0.021029
0.0231929
0.163945
0.163501
0.213591
0.0715769
0.0512606
0.0325305
0.00612687
0.0119214
0.138222
0.213908
0.16497
0.0833705
0.013905
0.0134913
0.0135774
0.0207502
0.408114
0.506529
0.250453
0.123077
0.138372
0.0892632
0.0471779
0.0690646
0.0518182
0.0882706
0.0784868
0.224971
0.294025
0.11601
0.0305378
0.0716683
0.0838555
0.226428
0.0798322
0.0392372
0.0155053
0.0101619
0.0286646
0.0594255
0.260837
0.351064
0.148643
0.0541563
0.04178
0.0200964
0.0184117
0.0614595
0.282478
0.550141
0.217537
0.157497
0.216388
0.0456251
0.0103892
0.0254706
0.0351303
0.114373
0.0743517
0.178117
0.225026
0.0384924
0.15179
0.134804
0.0414915
0.0628186
0.0596
0.0346392
0.0126811
0.00594058
0.0158534
0.0438737
0.125986
0.502563
0.185161
0.147611
0.145864
0.0336072
0.105482
0.16257
0.124208
0.502563
0.256404
0.166497
0.163388
0.077407
0.231104
0.145294
0.0841726
0.0836739
0.119633
0.366683
0.120312
0.151248
0.102946
0.075923
0.0463117
0.0680483
0.318109
0.200251
0.207502
0.0699774
0.143099
0.0931773
0.120935
0.266286
0.260589
0.315879
0.0886436
0.0427354
0.0701121
0.0244924
0.0384706
0.06132
0.31067
0.255851
0.141057
0.14461
0.101869
0.0677968
0.0362241
0.0668296
0.20822
0.15967
0.169278
0.159583
0.145298
0.0630695
0.160609
0.23188
0.191424
0.208678
0.0853831
0.0692717
0.0603925
0.028482
0.0160224
0.13614
0.192263
0.0940314
0.469206
0.27186
0.142382
0.0604377
0.0482947
0.257385
0.202638
0.10815
0.0991401
0.050242
0.0545089
0.0573757
0.0911585
0.182037
0.14113
0.0477294
0.0438778
0.00851175
0.373871
0.307988
0.061634
0.0814858
0.0488814
0.0361073
0.372326
0.155261
0.117457
0.139167
0.0632736
0.104091
0.113551
0.0152071
0.126587
0.039088
0.462066
0.376151
0.0828308
0.0347624
0.0301781
0.022417
0.0109711
0.013969
0.424727
0.333517
0.0440704
0.0301331
0.0246827
0.0585986
0.0427666
0.0628539
0.245151
0.227684
0.0818818
0.119612
0.0393871
0.0554339
0.0240826
0.0351366
0.426743
0.334276
0.0749865
0.0510599
0.0260218
0.202665
0.0699978
0.147488
0.243239
0.170393
0.113433
0.145041
0.0464156
0.0261201
0.0252566
0.0326508
0.0147258
0.0187728
0.0985597
0.166444
0.131202
0.0387453
0.0283103
0.0470588
0.00885777
0.0130584
0.42825
0.678708
0.338983
0.0292288
0.0179421
0.0381703
0.0397059
0.0306216
0.0258676
0.0390112
0.029978
0.0300156
0.0544708
0.050258
0.0389192
0.0311174
0.0639341
0.103262
0.0902712
0.0156685
0.00313004
0.00629621
0.000544749
0.0109093
0.247082
0.299557
0.123006
0.0285246
0
0.00532131
0.0155012
0.0229355
0.448044
0.534388
0.240422
0.00477022
0.0129085
0.00812499
0.00798775
0.00655585
0.0794948
0.0997978
0.0430229
0.00696792
0.00942122
0.0155987
0.0267755
0.0163004
0.273915
0.301072
0.204139
0.0136437
0
0.00514003
0.0173945
0.0211436
0.185049
0.322639
0.177793
0.0565549
0.0257365
0.00619575
0.0191496
0.0377675
0.175229
0.470482
0.277127
0.00973913
0.00340364
0.0101372
0.0227055
0.016611
0.19173
0.214186
0.172966
0.0174023
0.000507373
0.00254739
0.00785424
0.0219046
0.309166
0.436653
0.21769
0.0611612
0.0366378
0.00915495
0.0223918
0.0136319
0.106824
0.328492
0.219467
0.0443449
0.016438
0.00537477
0.0287513
0.00909681
0.0609198
0.226609
0.177701
0.0122901
0.000192431
6.83118e-005
0.00690901
0.0201128
0.218431
0.457053
0.1999
0.0174936
0.000618185
0.000666612
0.0207157
0.0115429
0.216019
0.487449
0.326163
0.0212981
0.072786
0.0563772
0.056833
0.033072
0.0618212
0.106129
0.0756541
0.00736064
0.334255
0.19085
0.0769557
0.0488337
0.0867688
0.122843
0.037733
0.0108024
0.0277397
0.0320112
0.0505106
0.032259
0.206233
0.477657
0.229144
0.0145568
0.0955212
0.064452
0.0453392
0.043179
0.361805
0.496819
0.111707
0.00503785
0.213734
0.0940995
0.157815
0.113498
0.0316381
0.0419597
0.0196768
0.0029252
0.0421285
0.0215543
0.417424
0.279165
0.0281119
0.00638923
0.00363026
0.0394379
0.0419938
0.0356714
0.19684
0.0953292
0.161207
0.430946
0.0423971
0.0262014
0.0099473
0.0397657
0.484648
0.30398
0.021059
0.0700164
0.0207586
0.0116374
0.0060702
0.0275558
0.333681
0.276458
0.027783
0.0237096
0.00280598
0.0765272
0.0327623
0.0699162
0.262247
0.201622
0.0313352
0.0327718
0.00665369
0
0.00158867
0.0406032
0.506663
0.343831
0.00507147
0.0047562
0.00137098
0.00219171
0.00848621
0.0475048
0.407853
0.298039
0.00837377
0.00686666
0.00198872
0.0424303
0.0520463
0.0883498
0.12082
0.0876682
0.0649446
0.172668
0.0955399
0.0728893
0.147646
0.0831507
0.129695
0.0932683
0.228157
0.186332
0.136212
0.0618865
0.137261
0.0914246
0.128334
0.0897213
0.0892503
0.153134
0.10878
0.144764
0.193769
0.108049
0.162119
0.0870065
0.210238
0.282626
0.190666
0.0616552
0.1125
0.0375182
0.0708367
0.0405759
0.162932
0.126939
0.071407
0.0832489
0.136596
0.116201
0.0692307
0.0409599
0.188146
0.35472
0.427496
0.134855
0.120678
0.0678086
0.0922475
0.0604373
0.13938
0.138637
0.0618895
0.125915
0.179744
0.168669
0.177485
0.130925
0.0778574
0.0852425
0.0401361
0.0297359
0.0248241
0.0287361
0.0172831
0.0101476
0.117444
0.208051
0.185186
0.0540305
0.00827754
0.0111954
0.0120276
0.0403604
0.436133
0.680551
0.316954
0.0234483
0.0372925
0.0425862
0.0329871
0.0211913
0.0139566
0.0288054
0.0286143
0.0500209
0.0220759
0.0280684
0.0318342
0.0168452
0.0580784
0.112735
0.104615
0.0159694
0.00156833
0.000314448
0.00365368
0.0200393
0.226734
0.370713
0.125778
0.0249009
0.00104555
0
0.0038637
0.0089239
0.405432
0.535624
0.258871
0.0181424
0.0107925
0.00594524
0.0104766
0.0047345
0.0616191
0.130638
0.0523974
0.0205397
0.00813642
0.0106133
0.0275644
0.0129152
0.293588
0.28096
0.165537
0.0114407
0.000262421
0.00446116
0.00417483
0.0109822
0.214525
0.328913
0.179241
0.0324655
0.00112838
0.00681967
0.00420177
0.0128544
0.269977
0.475516
0.159073
0.0104246
0.0027603
0.006098
0.0095724
0.0289983
0.244421
0.193641
0.133504
0.0407773
0.00149712
0.00446116
0.00035564
0.0363099
0.361349
0.386509
0.204176
0.0472177
0.0106774
0.0412643
0.0807269
0.0293901
0.1692
0.490659
0.135479
0.0301661
0.0150992
0.10008
0.357306
0.184605
0.0312062
0.167331
0.091016
0.0488114
0.00313898
0.0266023
0.0132213
0.0144831
0.254786
0.397025
0.260875
0.0536209
0.0137416
0.097106
0.150403
0.0922735
0.0857877
0.217087
0.223652
0.00359463
0.00294719
0.0774865
0.471225
0.255287
0.00211401
0.00896043
0.0143491
0.0011913
0.00251999
0.0633806
0.386717
0.21265
0.0136444
0.006797
0.001614
0.0194745
0.0238016
0.0947528
0.414587
0.164741
0.00910596
0.0396509
0.0525024
0.00433425
0.0117491
0.0721729
0.44222
0.181234
0.00697145
0.00398061
0.003542
0.0673621
0.163039
0.148385
0.135244
0.0661964
0.057205
0.0812116
0.058372
0.151976
0.127541
0.117808
0.152191
0.0654307
0.144255
0.16236
0.187494
0.0431885
0.124529
0.201092
0.233809
0.142929
0.0565952
0.144486
0.0453531
0.131639
0.100133
0.130095
0.21449
0.124014
0.107764
0.164221
0.216971
0.143559
0.100977
0.0892551
0.123592
0.0955437
0.0932816
0.121756
0.117892
0.122471
0.140288
0.174604
0.269562
0.183153
0.0381349
0.097538
0.0732429
0.115875
0.0841802
0.0751257
0.141089
0.118328
0.0894327
0.134419
0.140474
0.146422
0.129116
0.221115
0.235711
0.113471
0.0639162
0.143059
0.0945805
0.0810523
0.0732667
0.103614
0.137418
0.0828895
0.0488967
0.136084
0.125634
0.146108
0.0690742
0.104336
0.136847
0.0666262
0.0842547
0.165206
0.194137
0.125492
0.0789434
0.117553
0.192874
0.107181
0.0823998
0.174576
0.112166
0.13209
0.0674851
0.06281
0.170709
0.178071
0.188962
0.308485
0.171137
0.0542927
0.0595175
0.0628817
0.118252
0.0434831
0.0475983
0.131171
0.0873217
0.0654163
0.0793765
0.0901653
0.271674
0.0879764
0.314088
0.356877
0.318302
0.0314458
0.0185174
0.0868928
0.131454
0.0661588
0.111961
0.176565
0.0723379
0.049865
0.0668926
0.153677
0.244969
0.1081
0.169654
0.136269
0.0563427
0.0174922
0.0241502
0.0159589
0.0410524
0.0397739
0.185912
0.180558
0.126257
0.031824
0.0155112
0.0141592
0.0477415
0.0585259
0.619611
0.501882
0.29469
0.0199097
0.0277635
0.0369583
0.0604553
0.032648
0.0343273
0.0194678
0.0280003
0.0223237
0.0263478
0.0696417
0.185273
0.0513261
0.0969682
0.141509
0.0958725
0.0324309
0.00587179
0.00691878
0.0151043
0.0232664
0.357163
0.379574
0.212244
0.104427
0.0639285
0.0311307
0.0476442
0.0591593
0.226263
0.380151
0.281061
0.0380275
0.0145734
0.0194445
0.0658889
0.0397223
0.117362
0.204118
0.0852705
0.211742
0.0660034
0.0464941
0.0599137
0.0604605
0.157122
0.280611
0.29741
0.128944
0.193971
0.0997451
0.332343
0.14465
0.0550528
0.153628
0.145158
0.0412683
0.0961256
0.0971425
0.433956
0.225354
0.00997362
0.00555876
0.0105328
0.319312
0.197318
0.12049
0.173796
0.0689578
0.0541392
0.120456
0.309639
0.129927
0.118889
0.0974746
0.224108
0.12227
0.0209988
0.008035
0.0417779