0.0904711
0.0695101
0.0138676
0.0183009
0.0563204
0.0715663
0.0544532
0.0867453
0.105441
0.0905661
0.0218215
0.0574497
0.0503675
0.0536645
0.0467723
0.128491
0.39485
0.022657
0.00350005
0.00653578
0.00845515
0.0442129
0.0387742
0.461668
0.452558
0.0584959
0.0068169
0.0206332
0.0116941
0.0325008
0.0244336
0.533127
0.0606447
0.034048
0.00629697
0.0241778
0.0402789
0.0778175
0.0905453
0.157467
0.0840107
0.0388128
0.0087773
0.0125606
0.0330514
0.110001
0.198794
0.198508
0.301541
0.0244598
0.00274819
0.00588939
0.0124375
0.0342739
0.025178
0.507876
0.409642
0.0521242
0.00512186
0.00768554
0.0267481
0.0454889
0.0789001
0.520122
0.0800715
0.0928468
0.075371
0.0576769
0.0693927
0.0474567
0.0689761
0.117064
0.0607863
0.0976921
0.11888
0.110492
0.0904075
0.00489143
0.00523119
0.0935451
0.376031
0.0837331
0.025078
0.0317419
0.0629687
0.0313804
0.0342687
0.434907
0.433823
0.0620092
0.0341638
0.0542249
0.052314
0.00541619
0.0117433
0.54392
0.0510383
0.0448611
0.0349128
0.0564948
0.0280881
0.0108297
0.0195212
0.0637389
0.0795759
0.0240822
0.0315467
0.0522557
0.0144988
0.0308059
0.0276923
0.100193
0.354009
0.0369722
0.013118
0.0287085
0.0101059
0.00615105
0.0338294
0.441185
0.532651
0.0498702
0.0177081
0.0380922
0.00473715
0.016858
0.038021
0.544074
0.0935178
0.0198714
0.0315956
0.032892
0.0221258
0.0273979
0.0196625
0.0596247
0.121439
0.0829867
0.048317
0.0256032
0.0220817
0.0265303
0.0161483
0.0206799
0.51488
0.109519
0.0498356
0.020547
0.00731158
0.0160685
0.0130864
0.312505
0.482767
0.522577
0.0981952
0.0139645
0.00959008
0.0203748
0.00632147
0.104118
0.0891588
0.153667
0.0306623
0.00839634
0.0102024
0.0129534
0.00852082
0.0101975
0.192884
0.361351
0.0204766
0.00352051
0.0171487
0.0144749
0.00697759
0.0452128
0.254837
0.51683
0.0434033
0.00355959
0.00296642
0.00924881
0.000371341
0.00815069
0.371518
0.51683
0.0314145
0.00967203
0.0183929
0.00944395
0.0285784
0.0598207
0.266039
0.271505
0.00468793
0.00588612
0.0296591
0.0196234
0.0393067
0.0725217
0.179248
0.0884334
0.00942673
0.0361687
0.153183
0.101176
0.206463
0.161603
0.259624
0.384966
0.0118493
0.0997445
0.128486
0.0187475
0.0647198
0.0774266
0.0844832
0.0789467
0.0415504
0.33788
0.451158
0.189604
0.161311
0.0915238
0.247455
0.0133526
0.00116403
0.00316672
0.00462315
0.0152596
0.00714211
0.27924
0.314634
0.0398572
0.00174604
0.00475007
0.0110663
0.0140408
0.0274951
0.313694
0.166978
0.0533662
0.00737421
0.0181986
0.147146
0.0987503
0.0321455
0.165066
0.313871
0.132564
0.0091202
0.0198136
0.280592
0.366563
0.422246
0.140267
0.233284
0.0152011
0.000500342
0.00059118
0.0136161
0.00979001
0.0349247
0.249166
0.275215
0.0193237
0.00134112
0.000486509
0.00968689
0.0053424
0.017735
0.359891
0.245668
0.0587789
0.0196033
0.0266109
0.178671
0.378034
0.391459
0.118058
0.303744
0.163294
0.0303321
0.0373103
0.117686
0.185989
0.0730589
0.232308
0.28964
0.0266097
0.00535192
0.0078395
0.00527963
0.00132189
0.00647194
0.3288
0.302963
0.0258555
0.0245098
0.0112092
0.00665442
0.0184993
0.023138
0.338961
0.308796
0.281134
0.053603
0.033387
0.0116137
0.00612244
0.00215021
0.214236
0.304754
0.449613
0.115573
0.0375518
0.0056762
0.0257173
0.0186484
0.132157
0.191471
0.0453122
0.0205954
0.00258384
0.00294059
0.021179
0.0310149
0.192995
0.396064
0.206781
0.0150456
0.00248958
0.000634892
0.00731604
0.0218286
0.222822
0.247891
0.394878
0.0610283
0.00468989
0.00380935
0.0276022
0.0202493
0.0401369
0.441537
0.45495
0.0245755
0.000476146
0.00341105
0.0109738
0.0114657
0.0211891
0.284184
0.233386
0.031775
0.000515976
0
0.000939397
0.00245623
0.0957954
0.233282
0.424509
0.0611986
0
0.000244025
0.00144846
0.000417039
0.0326321
0.295934
0.424509
0.0116294
0
0.0029674
0.00702431
0.0009109
0.00477387
0.352963
0.424509
0.0181469
0
0.0007983
0.00339314
0
0.00105288
0.200416
0.40351
0.0206745
0
0.000175261
0.000876305
0
0.00302786
0.27127
0.394159
0.00520319
0.0638147
0.0909114
0.0194243
0.0437413
0.0514504
0.311479
0.40351
0.0099993
0
0
0.00195279
0.00279724
0.00554966
0.251162
0.247718
0.0118678
0.287903
0.199495
0.0246183
0.0332511
0.0375999
0.114124
0.0952566
0.0025738
0.196647
0.20835
0.0238112
0.0500988
0.0464424
0.0218697
0.0442171
0.0605488
0.350932
0.290961
0.048209
0.030473
0.025043
0.0526893
0.032992
0.00346641
0.431245
0.364638
0.0173627
0.0240363
0.020799
0.0114907
0.0468948
0.121398
0.431245
0.320817
0.00630278
0.00242203
0
0.0739227
0.0513659
0.0222864
0.0165624
0.104188
0.0916474
0.0539875
0.121452
0.116
0.149185
0.0282606
0.0081644
0.196819
0.373525
0.42554
0.0833933
0.126128
0.127116
0.164268
0.0658421
0.103607
0.204534
0.0562013
0.300372
0.185946
0.42554
0.136595
0.0099376
0.028175
0.155274
0.165908
0.114223
0.0958484
0.121998
0.0600192
0.0154586
0.145432
0.320192
0.384021
0.0736042
0.19502
0.329369
0.0680776
0.0224726
0.103585
0.143496
0.0716444
0.0578561
0.169487
0.364278
0.0896993
0.0225499
0.039698
0.0683813
0.119668
0.0756086
0.293171
0.413302
0.0770509
0.0174919
0.0387301
0.0208486
0.0293695
0.0329959
0.174146
0.363172
0.0419398
0.00854886
0.00618066
0.00630636
0.00249867
0.0213152
0.225666
0.418961
0.0505037
0.00875318
0.00336521
0.00229955
0.00127926
0.0102097
0.292537
0.418961
0.0187158
0.00116277
0.00483967
0.0039162
0.00374725
0.00454392
0.354691
0.418961
0.0296607
0.0249964
0.0154657
2.18772e-005
0.00320131
0.0113389
0.249965
0.423533
0.0349061
0.00489071
0.0100679
0.00307916
0.00172815
0.0103952
0.255821
0.423533
0.0229582
0.00251855
0.014099
0.020102
0.0312733
0.0276895
0.245315
0.383722
0.0781294
0.114899
0.0797025
0.00451159
0.00473526
0.0206282
0.2891
0.333235
0.0849136
0.106732
0.0843113
0.0398469
0.0586001
0.0903179
0.235718
0.4431
0.0100333
0.00083677
0.0142143
0.0367564
0.0370469
0.0340432
0.327507
0.4431
0.0147282
0.02432
0.00853164
0.0152779
0.00671248
0.0162024
0.320839
0.249315
0.038156
0.0231851
0.0509074
0.0473944
0.059599
0.104641
0.233652
0.343202
0.0821824
0.136182
0.0612933
0.0454253
0.0288321
0.0656847
0.230535
0.432701
0.0381029
0.0165794
0.00176287
0.00395269
0.00566196
0.00664916
0.150264
0.216832
0.0586969
0.38076
0.204351
0.0184442
0.0226479
0.0166433
0.0939027
0.306927
0.0928721
0.0896666
0.0166545
0.029576
0.0448567
0.0907917
0.076862
0.189466
0.0582641
0.458109
0.221914
0.0295724
0.0483715
0.113967
0.0161329
0.0159196
0.0102712
0.405073
0.233841
0.00476497
0.00497963
0.00313272
0.000152069
0.00477171
0.0331995
0.405073
0.226368
0.00387993
0
0
0.0115081
0.0162548
0.00891332
0.405073
0.265129
0.00755744
0.00772326
0.0126435
0.000845487
0
0.00234378
0.405073
0.349517
0.0440555
0.0242201
0.00907035
0.0801139
0.11384
0.264748
0.058473
0.0896684
0.174765
0.11773
0.31084
0.139792
0.306651
0.214251
0.0330049
0.0321686
0.0920196
0.143808
0.0981501
0.204681
0.109801
0.144616
0.0855531
0.13781
0.136167
0.184092
0.235733
0.205135
0.0959082
0.135995
0.0725597
0.0452251
0.0774701
0.410657
0.218823
0.112409
0.231275
0.084122
0.089353
0.0721984
0.035374
0.111983
0.0351049
0.199116
0.488537
0.0683852
0.0711416
0.0922562
0.0410866
0.242222
0.042621
0.0371207
0.030368
0.0272467
0.0604304
0.0614663
0.0985912
0.412988
0.0977529
0.0191127
0.052946
0.0168869
0.0452182
0.0876606
0.152656
0.488537
0.126959
0.210701
0.385216
0.00840517
0.006629
0.0194818
0.0129532
0.165196
0.0456384
0.191851
0.225131
0.076391
0.094709
0.0312218
0.00720248
0.0489641
0.0297019
0.0201183
0.0270051
0.00333211
0.00523743
0.021791
0.0706619
0.51312
0.165701
0.051628
0.0284643
0.047329
0.107056
0.0506971
0.0418571
0.51312
0.194274
0.151214
0.204975
0.204528
0.185337
0.0909068
0.0214361
0.0110261
0.0159343
0.469113
0.25967
0.15779
0.122788
0.0906674
0.04624
0.023364
0.1469
0.170961
0.158998
0.147114
0.113511
0.0457129
0.0504725
0.285333
0.119644
0.39133
0.217776
0.12812
0.0278133
0.013632
0.0217278
0.0738516
0.167725
0.459237
0.177189
0.0411966
0.0226004
0.0416086
0.0256494
0.0274951
0.22336
0.210682
0.201265
0.0954869
0.106364
0.0512975
0.0330357
0.0533246
0.209716
0.289024
0.0619419
0.0304412
0.035764
0.00466226
0.00368907
0.0409892
0.232206
0.116734
0.254527
0.436505
0.146062
0.0602416
0.00191298
0.0955402
0.216242
0.0426828
0.185441
0.0709109
0.0611767
0.0141635
0.0261557
0.0476145
0.107871
0.0470734
0.12823
0.0416533
0.350329
0.139344
0.0509498
0.0466086
0.129987
0.0254789
0.440919
0.316347
0.0863902
0.0618128
0.0168052
0.0378366
0.072544
0.030689
0.308384
0.0864742
0.419243
0.326863
0.0640017
0.0192009
0.091839
0.0104686
0.00992434
0.0109411
0.416781
0.234367
0.0168209
0.00814924
0.0231048
0.0269793
0.0217441
0.0363603
0.285027
0.303662
0.0427645
0.0298707
0.0191271
0.00630933
0.0178607
0.012721
0.418809
0.334331
0.019137
0.0028626
0.0198764
0.041455
0.0588626
0.139509
0.386085
0.295553
0.00588883
0.00620062
0.00719376
0.304516
0.117843
0.0992514
0.0919457
0.152183
0.0922985
0.143925
0.28317
0.29152
0.0840815
0.086566
0.0610243
0.0294566
0.0212654
0.504942
0.409013
0.101572
0.0856241
0.0695987
0.0499498
0.0387156
0.0196453
0.0525508
0.148243
0.0992696
0.0483095
0.0434865
0.0288005
0.00289058
0.00589343
0.20818
0.198736
0.0254588
0.0081678
0.00881959
0.00564871
0.00683171
0.0418561
0.455187
0.152762
0.00612713
0.000331829
0.00039583
0.000135882
0.019363
0.12582
0.521593
0.15935
0.0435329
0.00965406
0.0136627
0.00954318
0.00270927
0.00234608
0.263362
0.10256
0.0325621
0.00567066
0.00938819
0.00143604
0.00324296
0.0665829
0.521593
0.204518
0.00119321
0
5.57559e-005
0.000162419
0.00718599
0.0759442
0.466691
0.0985835
0.0143617
0.00195622
0.00125268
0.0126066
0.0104234
0.0600608
0.466691
0.146042
0.00312068
0.00229977
0.00213874
0.000226365
0.0017858
0.0569024
0.451345
0.145377
0.000350285
0.00114397
0.000193138
0
0.000446451
0.0901609
0.466691
0.152586
0.0431917
0.0228164
0.0112563
0.0119745
0.00654013
0.031446
0.491144
0.128081
0.0497374
0.0338459
0.0177119
0.00581794
0.000796987
0.00794681
0.366849
0.116069
0.000297995
4.1493e-005
0
0
0
0.0867203
0.491144
0.120484
0.00280946
0.000165972
0.000197291
0.000799174
0.0027285
0.0726787
0.491144
0.168263
0.0257368
0.00894574
0.0204782
0.0586054
0.01809
0.00509544
0.144151
0.0813077
0.00881191
0.0873423
0.333923
0.186845
0.144126
0.0468643
0.206482
0.0410497
0.00689357
6.01489e-005
0.00565909
0.0331462
0.0237753
0.0453311
0.540772
0.193236
0.00430773
0.00590102
0.0566948
0.0929707
0.125103
0.118999
0.540772
0.158663
0.00787959
0.150979
0.216756
0.0998744
0.0924014
0.0361928
0.185603
0.0263478
0.0116913
0.0883769
0.0346195
0.395879
0.261313
0.0227616
0.0666112
0.0310525
0.0325793
0.00714987
0.0291008
0.0700394
0.0603153
0.0799045
0.435181
0.0856964
0.11363
0.00208314
0.00552206
0.435181
0.269544
0.0254131
0.309544
0.0837827
0.00143567
0.00356465
0.00180077
0.343484
0.250179
0.00619111
0.00191931
0.00412651
0.0056871
0.0171258
0.0583597
0.339654
0.273939
0.00201237
0
0
0.0295475
0
0.000842375
0.401446
0.317181
0.00430094
0.0163147
0.0123511
3.70982e-005
0.00147966
0.00779604
0.401446
0.401446
0.00345776
0
0
0.101782
0.105962
0.130483
0.380343
0.30993
0.100433
0.0801617
0.136036
0.081361
0.143743
0.110972
0.109611
0.0750042
0.0707787
0.0848315
0.0970266
0.150702
0.0452813
0.113425
0.401349
0.268553
0.0952765
0.0384021
0.146278
0.0198086
0.08236
0.128274
0.135853
0.223832
0.188464
0.0954177
0.0879498
0.117346
0.0633071
0.0546159
0.0520453
0.0718918
0.0411984
0.147104
0.111691
0.0920574
0.0650572
0.107697
0.0324456
0.0551685
0.119952
0.690898
0.309642
0.0200972
0.062931
0.136351
0.0910355
0.137289
0.115331
0.0582542
0.0236439
0.0572804
0.126475
0.201341
0.102767
0.13526
0.105066
0.0330269
0.0216427
0.0150408
0.0194423
0.0273092
0.00725102
0.0074522
0.0330198
0.4351
0.159324
0.0103537
0.0135046
0.00543161
0.00140193
0.00373145
0.0510526
0.701779
0.282066
0.0238886
0.036178
0.0444001
0.0263768
0.0312131
0.0208967
0.0526436
0.0348454
0.0307552
0.0430581
0.0155145
0.0145336
0.0311335
0.0326871
0.310935
0.164012
0.00371133
0.00205901
0.000296244
0
0.000193134
0.0426692
0.48804
0.155095
0.00116928
7.60837e-005
0
0
0.00460473
0.0884449
0.505831
0.163108
0.0151121
0.0110365
0.00441106
0.0112852
0.0155741
0.0166162
0.284904
0.137732
0.00424339
0.000323407
0.00614958
0.0167106
0.00761386
0.0496124
0.505831
0.189187
0.000700764
0
0
0.000873832
0.00679538
0.0679914
0.465997
0.103162
0.000467176
0
0
0.00131075
0.0163307
0.0785395
0.465997
0.137585
0.00166533
2.03935e-006
0.00177225
0.00351503
0.00460606
0.0611577
0.462997
0.111984
0.00111022
0
0
0
0.0158258
0.0968143
0.465997
0.146607
0.0326774
0
0.000247134
0.00916966
0.00657371
0.0510678
0.456863
0.134473
0.128305
0.0197591
0.0586404
0.280981
0.18388
0.016917
0.314203
0.139075
0.0156413
0
0
0
0.0119666
0.0831034
0.456863
0.152152
0.0999944
0.0940659
0.0990292
0.157118
0.0692767
0.0498902
0.352555
0.220748
0.0349115
0.01204
0.0355068
0.357828
0.251607
0.00118566
0.0206283
0.0253367
0.000648208
0.00477572
0.00576449
0.426818
0.339848
0.000939507
0
0
0.044121
0.0573181
0.067467
0.331498
0.159786
0.00812795
0.0468715
0.0551977
0.00420992
0.00854635
0.0155019
0.426818
0.363227
0.00520792
0.00455176
0.00191147
0.109199
0.0554903
0.105751
0.155684
0.186558
0.181826
0.0875172
0.116679
0.0400759
0.0574724
0.16694
0.125165
0.26822
0.186932
0.0872176
0.0879299
0.245722
0.0484276
0.0642458
0.0767976
0.167778
0.207215
0.267503
0.21318
0.166777
0.0868721
0.182713
0.154752
0.256372
0.129009
0.0682625
0.148278
0.0700365
0.102742
0.236825
0.122241
0.174131
0.136538
0.0685106
0.0911405
0.118131
0.180631
0.258563
0.171184
0.170898
0.135202
0.0492267
0.075749
0.11766
0.111125
0.159114
0.104871
0.191114
0.0983395
0.0826468
0.147248
0.22442
0.186215
0.208529
0.10848
0.178628
0.101861
0.153378
0.164522
0.100193
0.190342
0.088064
0.0865287
0.0834338
0.0409526
0.0198251
0.0587801
0.0884153
0.318741
0.121584
0.102366
0.101629
0.0737849
0.154702
0.12025
0.214274
0.222537
0.187022
0.0847013
0.0635993
0.0427635
0.0523952
0.0566424
0.136845
0.420416
0.396485
0.138984
0.0171213
0.0391021
0.091565
0.0617799
0.0331446
0.0745518
0.0643385
0.0797485
0.0732537
0.0511759
0.198617
0.0962524
0.0508756
0.0153075
0.0618458
0.0930956
0.0532259
0.0821365
0.774507
0.227173
0.0545729
0.101084
0.130449
0.0794654
0.0200438
0.029705
0.0986769
0.0799395
0.137204
0.0690259
0.0621489
0.0765768
0.0639132
0.0447391
0.137857
0.0950508
0.0241108
0.0028728
0.00715114
0.0115101
0.00611256
0.0326564
0.453166
0.125285
0.016155
0.000469626
0
0
0.00483119
0.062866
0.659614
0.225061
0.0452986
0.017986
0.0102546
0.0144808
0.0178042
0.0130062
0.0912457
0.0651297
0.0290229
0.00191097
0.00419723
0.00446431
0.0101738
0.032558
0.427885
0.14607
0.00584802
0
0
0
0.00583598
0.0499404
0.495509
0.133093
0.0561739
0.0424834
0.0222644
0.0232937
0.014266
0.0611726
0.439996
0.182239
0.0192428
2.89445e-006
0.00390716
0.00258505
0.00676736
0.0198422
0.364399
0.114564
0.0495118
0
0.00549628
0.0039472
0.00293478
0.0208881
0.495509
0.230849
0.0674807
0.0463657
0.0839976
0.201292
0.0700068
0.0196867
0.16853
0.0812207
0.0294273
0.0480763
0.158757
0.505279
0.340737
0.00507464
0.0182591
0.017044
0.143157
0.13019
0.0865952
0.0453013
0.00708444
0.00843479
0.345649
0.196265
0.139007
0.313739
0.248006
0.17113
0.180046
0
0.0393172
0.0865233