0.164318
0.149384
0.0829476
0.0251622
0.0394153
0.112057
0.0483473
0.0526245
0.402774
0.427056
0.14316
0.0235368
0.065055
0.0886351
0.0548833
0.126265
0.233631
0.115718
0.0629632
0.060059
0.0455964
0.098256
0.0362634
0.153509
0.213655
0.348916
0.164667
0.0989793
0.105836
0.190328
0.166841
0.162799
0.318158
0.402276
0.051699
0.013527
0.0190145
0.0395476
0.0614705
0.114315
0.18823
0.174923
0.0525709
0.0432768
0.0401892
0.0784624
0.227019
0.201087
0.223324
0.323134
0.121607
0.0453054
0.0268063
0.0448486
0.0969287
0.162747
0.329509
0.150275
0.067125
0.0336406
0.0330973
0.0599272
0.104637
0.292828
0.0809082
0.0930098
0.0690428
0.0646247
0.0400191
0.116658
0.252398
0.200812
0.112004
0.113372
0.085058
0.107149
0.0280046
0.177618
0.300191
0.200591
0.281491
0.0589779
0.0720271
0.051798
0.0973589
0.101139
0.137182
0.245553
0.378034
0.208845
0.221521
0.151812
0.15101
0.12302
0.177303
0.13574
0.0857836
0.0661226
0.0448216
0.0687052
0.0324014
0.086361
0.131992
0.105995
0.137172
0.0381366
0.0222007
0.0380474
0.039319
0.0633701
0.238724
0.193934
0.304551
0.290003
0.0753576
0.0597588
0.0247304
0.0499964
0.118864
0.121922
0.203286
0.220209
0.0165945
0.0122816
0.00357563
0.0387475
0.51734
0.391618
0.0670061
0.00205299
0.00807932
0.00837715
0.0040309
0.0134242
0.127155
0.2015
0.0229304
0.00183719
0.0118172
0.00256962
0.00823382
0.0568724
0.154596
0.300777
0.168349
0.0128028
0.00561842
0.00483422
0.000595046
0.0106737
0.246689
0.394134
0.158385
0.00361021
0.0156518
0.00171308
0.010119
0.0410129
0.172841
0.668616
0.0624977
0.00313991
0.0126293
0.00758903
0.0271613
0.116836
0.129787
0.197423
0.181789
0.00673998
0.0220216
0.0130673
0.0205964
0.0705856
0.181023
0.22487
0.142827
0.0244186
0.0143561
0.00505936
0.0259762
0.102614
0.191772
0.459561
0.442063
0.260519
0.0737007
0.0101146
0.0157807
0.0846325
0.3112
0.267383
0.193766
0.0178705
0.00779491
0.00838005
0.00219697
0.019642
0.141596
0.217542
0.228436
0.0371276
0.000264937
0.0110853
0.0119688
0.0664143
0.145018
0.135672
0.460957
0.307625
0.0860688
0.0110613
0.0405888
0.0806398
0.281775
0.160945
0.338298
0.131161
0.0498039
0.00955485
0.14912
0.219281
0.247882
0.119306
0.21482
0.107148
0.0372994
0.0315901
0.0133771
0.0255717
0.0574086
0.207308
0.350916
0.350055
0.0662604
0.0644414
0.0313751
0.075629
0.0621151
0.0990328
0.184138
0.12742
0.0314318
0.0293705
0.102441
0.112235
0.199175
0.165571
0.377249
0.308259
0.0321794
0.0800094
0.225647
0.238618
0.144822
0.077528
0.332466
0.252455
0.0688046
0.0239204
0.00792414
0.0237003
0.0366751
0.0907933
0.39957
0.133748
0.0552079
0.00736546
0.00845918
0.0358852
0.0677057
0.233896
0.322941
0.194632
0.0531165
0.18797
0.165735
0.107649
0.0487984
0.0837607
0.284304
0.119065
0.100201
0.151222
0.118772
0.16875
0.112922
0.258101
0.258153
0.0553418
0.0304258
0.00661785
0.0386001
0.0481652
0.105343
0.233365
0.422456
0.288718
0.0683245
0.0364324
0.0732713
0.0294442
0.0988704
0.138211
0.199855
0.117027
0.136121
0.0191435
0.0718029
0.135487
0.11671
0.255686
0.22746
0.250919
0.104466
0.0309006
0.0297367
0.0978182
0.299608
0.240634
0.365685
0.26378
0.0265658
0.0237993
0.0155517
0.0156748
0.0732965
0.117774
0.249659
0.133435
0.00946816
0.011339
0
0.0155971
0.273785
0.325789
0.170516
0.157042
0.0209164
0.0237531
0.00974633
0.0641653
0.196741
0.198498
0.272301
0.399183
0.0226225
0.0156914
0
0.0219426
0.131404
0.194208
0.15175
0.017339
0.00051749
0.000724245
0
0.00283481
0.0783926
0.201499
0.23234
0.056254
0.00127724
0
0.000760683
0.00153102
0.0699107
0.380579
0.181704
0.339824
0.0159836
0.00231653
0
0.00518193
0.024564
0.0682442
0.418922
0.567599
0.0390081
0.00184525
0
0.000761191
0.00774707
0.117422
0.176283
0.107284
0.000579921
0
0.000768665
0.00325152
0.0468602
0.187083
0.374981
0.304543
0.0166592
0.00138563
0.00292502
0.0077686
0.0434718
0.107469
0.297861
0.449505
0.0243683
0.000169154
0
0
0.00448583
0.0541752
0.320288
0.449505
0.0267936
0.0223719
0.0435637
0.0554245
0.0608912
0.140564
0.359945
0.263815
0.0298677
0.0192952
0.109866
0.0715851
0.0738505
0.093227
0.220655
0.0926814
0.018526
0.0235252
0.25765
0.161303
0.0937328
0.063814
0.195716
0.212646
0.0212493
0.134186
0.285758
0.160601
0.0961802
0.146185
0.150505
0.143021
0.0617087
0.168859
0.448321
0.180394
0.0445434
0.0271848
0.0699565
0.018846
0.012881
0.0175688
0.113245
0.213144
0.156006
0.0546219
0.087786
0.0518725
0.0512259
0.0752388
0.225951
0.173606
0.103249
0.0787519
0.27887
0.0620122
0.0275363
0.129092
0.347167
0.302596
0.146309
0.151373
0.37693
0.172184
0.112106
0.0338975
0.108497
0.177542
0.0887816
0.351817
0.0634453
0.0855066
0.0783929
0.209796
0.22978
0.09355
0.0395247
0.0640377
0.103122
0.0832694
0.0983022
0.181835
0.106902
0.137535
0.0709341
0.115744
0.167445
0.301876
0.107791
0.0669562
0.101937
0.120727
0.0439548
0.198684
0.452611
0.488843
0.0908542
0.060512
0.0298159
0.0428058
0.0416679
0.126862
0.0570407
0.0592697
0.0625766
0.014838
0.0358448
0.0640895
0.0338924
0.0689261
0.0822111
0.185811
0.0494145
0.0091748
0.0301629
0.0563616
0.108735
0.0503622
0.302998
0.439037
0.0507222
0.0067217
0.0122345
0.0220698
0.0203878
0.0683328
0.268667
0.671249
0.17972
0.0121992
0.0219829
0.0232817
0.0149792
0.0139671
0.0610919
0.214824
0.0148847
0.00188455
0.00641751
0.0216247
0.0541105
0.0378935
0.11783
0.467675
0.0453291
0.000830016
0.000928988
0.00310908
0.0139667
0.0279017
0.174967
0.521751
0.0820964
0.00967055
0.00550296
0.00759719
0.00938284
0.00515793
0.257669
0.521751
0.0866125
0.0291206
0.0211926
0.0128718
0.0182249
0.00970609
0.131541
0.392905
0.0682945
0.00295373
0.000255647
0.00130708
0.00249646
0.00528052
0.162913
0.462431
0.111999
0.00427664
0
0.000160042
0.000336641
0.00568764
0.165811
0.41732
0.128511
0.0226983
0.0117261
0.00546169
0.0480258
0.0411719
0.207494
0.462431
0.165391
0.0271941
0.0168372
0.00278079
0.0605831
0.11458
0.200617
0.501998
0.05066
0.000685979
0.0012314
0.000422718
0
0.0284875
0.16958
0.35947
0.0288451
0.112156
0.163046
0.0603744
0.0567827
0.117971
0.213382
0.362897
0.0781385
0.0603652
0.0462876
0.00933619
0.0157019
0.0858537
0.118725
0.129641
0.0840743
0.345382
0.275478
0.024878
0.017815
0.0716665
0.0327109
0.0548441
0.0228001
0.234341
0.300714
0.0781281
0.0509601
0.0602976
0.0176559
0.044988
0.0503972
0.276789
0.269319
0.0431432
0.00458864
0
0.0149841
0.0151378
0.0609885
0.459857
0.375475
0.027654
0.00892993
0.0139227
0
0.00087091
0.0394327
0.437152
0.2834
0.022575
0
0
0.103054
0.0888317
0.149241
0.107721
0.162869
0.0490638
0.0480251
0.0746443
0.131855
0.109031
0.113486
0.0099673
0.0655519
0.152044
0.0774652
0.193912
0.0291519
0.19488
0.5549
0.158186
0.088709
0.0268574
0.0389898
0.0390327
0.0324888
0.121509
0.347074
0.044066
0.234563
0.379733
0.119072
0.0882818
0.052355
0.145256
0.0718159
0.0118471
0.0598927
0.144417
0.0473017
0.0803752
0.240795
0.427976
0.181946
0.0598013
0.0440951
0.0322791
0.0127625
0.0182167
0.0320409
0.0698739
0.0908885
0.0673255
0.275364
0.396523
0.0944583
0.0350523
0.0997493
0.225329
0.229229
0.13936
0.22107
0.202328
0.325699
0.0954684
0.263956
0.40809
0.0839765
0.041572
0.0250572
0.013415
0.00794101
0.0154937
0.188168
0.492734
0.192578
0.079723
0.0438592
0.00811187
0.0026063
0.00621512
0.13733
0.184979
0.115545
0.0762591
0.0790144
0.080473
0.283343
0.119239
0.125851
0.172168
0.180117
0.160013
0.134978
0.0842789
0.25825
0.0809668
0.170563
0.514988
0.161487
0.0421699
0.0224985
0.0109302
0.0174156
0.00483417
0.262267
0.396434
0.111869
0.160439
0.0523749
0.0191236
0.0517109
0.0255471
0.0770394
0.181548
0.174777
0.0739975
0.0822239
0.0877139
0.253813
0.0756978
0.183656
0.1734
0.226579
0.209895
0.0551642
0.0762185
0.138563
0.0930075
0.217888
0.186387
0.103028
0.130764
0.0513802
0.0131575
0.0649219
0.115584
0.309878
0.197396
0.0702439
0.0887441
0.0543076
0.00825005
0.0931898
0.232645
0.384225
0.138913
0.108058
0.148249
0.0566324
0.0370515
0.0365611
0.155169
0.483604
0.158686
0.115745
0.0872914
0.0568762
0.0205372
0.0500707
0.291163
0.162272
0.127803
0.0648828
0.1516
0.122495
0.0272444
0.0488029
0.111329
0.0508132
0.0671056
0.141697
0.424303
0.271622
0.0317065
0.0529302
0.0815749
0.20799
0.186994
0.245455
0.103928
0.0977691
0.0400064
0.0560809
0.177527
0.181215
0.221863
0.290389
0.330112
0.179114
0.023374
0.104887
0.185394
0.0063921
0.028871
0.0926396
0.407528
0.301532
0.0227566
0.0111564
0.018381
0
0.00847611
0.0709586
0.33824
0.248565
0.0382149
0
0
0.0346277
0.0778395
0.174181
0.412655
0.256857
0.00437785
0.0252546
0.0437737
0
0.017892
0.114096
0.345598
0.287297
0.0428501
0
0
0.0765448
0.183348
0.536528
0.0738688
0.0364012
0.0171537
0.0140362
0.078421
0.0542624
0.0717887
0.227442
0.0534888
0.160832
0.384371
0.081814
0.0373552
0.0736802
0.112799
0.25038
0.0837439
0.121986
0.0199474
0.00965214
0.125837
0.0344386
0.023159
0.0994261
0.271287
0.313922
0.240566
0.0276246
0.0216969
0.0239147
0.00886335
0.0154293
0.0715632
0.237821
0.419136
0.0684607
0.0182085
0.0325777
0.0093447
0.023913
0.0654941
0.162692
0.18973
0.284529
0.117549
0.00882297
0.00146852
0.0148598
0.30512
0.372052
0.335993
0.0525312
0.0120314
0.0195381
0.00584068
0.0017776
0.149693
0.254065
0.239693
0.20421
0.0954646
0.0364331
0.016338
0.0235657
0.0202212
0.0339089
0.0812778
0.417879
0.151346
0.0449407
0.0153116
0.0322378
0.0445687
0.0496601
0.128021
0.540291
0.100961
0.0203299
0.0100565
0.00278807
0.0149356
0.0568
0.0977714
0.266226
0.0987287
0.0139009
0.00483239
0.000697018
0.00229042
0.00543074
0.0855555
0.540291
0.137748
0.0181412
0.0210913
0.0306419
0.0165069
0.0270681
0.100575
0.395387
0.100832
0.059571
0.0717069
0.0947127
0.0424358
0.0201401
0.177612
0.276123
0.0912738
0.0113797
0.0012382
0
0
0.00159727
0.0564887
0.519445
0.202664
0.00482523
0.00379886
0.00930459
0.00319006
0.00638908
0.154752
0.519445
0.158881
0.16578
0.0954626
0.0562264
0.0313836
0.0131957
0.0950511
0.222075
0.0809122
0.193694
0.0817593
0.178563
0.190244
0.0606551
0.029995
0.118968
0.158003
0.0175687
0.0156921
0.00914626
0.00573836
0.0037317
0.120413
0.562538
0.114167
0.0961347
0.043723
0.0904342
0.253331
0.0759761
0.112099
0.444931
0.195622
0.110932
0.097683
0.289218
0.190833
0.0890068
0.0389509
0.0291053
0.091551
0.132285
0.10238
0.222699
0.350288
0.13901
0.0175828
0.0706768
0.086836
0.135758
0.0533104
0.143919
0.2599
0.122934
0.148851
0.124142
0.126821
0.162
0.0996999
0.153997
0.518863
0.172288
0.0707682
0.0516375
0.104821
0.0258488
0.0249468
0.114499
0.386388
0.211512
0.000262203
0.0237359
0.0199391
0
0.0173075
0.160887
0.258387
0.216508
0.0159038
0
0
0.0304965
0.0290074
0.0772592
0.514604
0.306136
0.00109114
0.00607277
0.0137849
0
0.029167
0.239273
0.300441
0.282817
0.0222382
0.00572644
0
0.0349325
0.0681807
0.157724
0.119858
0.195425
0.042645
0.0107647
0.062022
0.018323
0.060996
0.108294
0.377615
0.44807
0.165708
0.0159894
0.0350907
0.25219
0.098441
0.0841399
0.107104
0.0940747
0.0268829
0.0423453
0.161978
0.0985259
0.208789
0.335511
0.301859
0.198184
0.0926029
0.0524892
0.0998278
0.00183016
0.0234164
0.0565658
0.27774
0.313156
0.247517
0.0327902
0.0091493
0.0205737
0.00190569
0.0385021
0.144505
0.329184
0.287713
0.136707
0.0653328
0.0320567
0.139994
0.257185
0.195525
0.158498
0.14639
0.032316
0.0354982
0.223379
0.0530971
0.145504
0.21656
0.261611
0.230244
0.0700097
0.202505
0.043768
0.00839542
0.0155425
0.0524418
0.246598
0.193945
0.199928
0.15579
0.0418504
0.0141342
0.00723843
0.01455
0.0518694
0.103216
0.373895
0.199373
0.228314
0.0115356
0.142245
0.330905
0.281241
0.275764
0.0946587
0.264553
0.0456522
0.0137427
0.0925073
0.242859
0.19716
0.135127
0.0614516
0.0858017
0.0424188
0.00699766
0.00270446
0.00352561
0.00622355
0.0206554
0.346965
0.22529
0.0234322
0.001948
0
0.000825945
0.000825945
0.118621
0.745335
0.188418
0.0508283
0.0108635
0.0154282
0.0322617
0.0360597
0.0169045
0.0434189
0.0479266
0.0546853
0.00513181
0.0038949
0.0215009
0.0391441
0.090105
0.334326
0.114294
0.00786673
0.000940798
0
0.00155383
0.015222
0.143085
0.524986
0.0639936
0.0447492
0.00591991
0.00141831
0.0429735
0.0532962
0.217006
0.419071
0.116406
0.00953526
0.000463193
0.00038757
0.084817
0.155899
0.159227
0.269428
0.0434427
0.00187553
0
0
0.13608
0.257317
0.309622
0.303749
0.0210074
0.111548
0.0310764
0.0142465
0.0583876
0.0457385
0.19721
0.30042
0.142711
0.164413
0.201859
0.123426
0.364845
0.0907162
0.080291
0.131767
0.145227
0.0228666
0.0121151
0.0034939
0.0365026
0.0816773
0.275414
0.380111
0.0608659
0.10372
0.27531
0.141914
0.152908
0.0542133
0.166135
0.285202
0.1538
0.0352226
0.0951752
0.0981249
0.427271
0.218107
0.0090111
0.0105693
0.023303
0
0.00986682
0.0970134
0.283962
0.29049
0.11263
0.0145345
0
0.0506698
0.198177
0.285396
0.35145
0.0817195
0.0329666
0.0597758
0.0526662
0.0201375
0.0330083
0.21399
0.33038
0.208504
0.19681
0.0180702
0
0.152255
0.0641093
0.0703401
0.120839
0.0515084
0.00571773
0.0175991
0.0865299
0.0455596
0.138773
0.335611
0.42531
0.0750932
0.00739155
0.022097
0.0573535
0.046853
0.0758376
0.1871
0.205626
0.0628822
0.0184037
0.0204761
0.00987864
0.169179
0.266507
0.309252
0.507184
0.0475721
0.0226705
0.0597987
0.0687106
0.0350782
0.194257
0.272244
0.143536
0.031301
0.0175143
0.0122354
0.0267675
0.158554
0.135956
0.155092
0.270874
0.142129
0.0974878
0.0255311
0.0918217
0.0914534
0.310075
0.25377
0.176071
0.0370444
0.00587212
0.0141456
0.0326665
0.0413031
0.164737
0.203888
0.550825
0.229154
0.0303807
0.00636738
0.0108962
0.0976578
0.0204913
0.121709
0.467332
0.159859
0.102228
0.0163963
0.0642627
0.0281075
0.0162029
0.0800777
0.223763
0.0805195
0.0254546
0.00676536
0.0394317
0.0515219
0.0333673
0.104869
0.659985
0.236797
0.0377551
0.0134237
0.0199589
0.159678
0.0777359
0.0556054
0.163371
0.0644538
0.0165447
0.0128957
0.104456
0.0804152
0.0286979
0.016085
0.0380113
0.0254299
0.00484524
0.0260379
0.0882374
0.0824001
0.032291
0.0104795
0.0566248
0.0547046
0.0201884
0.110316
0.176485
0.280279
0.206839
0.0859556
0.0184002
0.00477368
0.00147625
0.0331444
0.190611
0.367276
0.166383
0.0627468
0.0443454
0.0126179
0.00823304
0.179965
0.686122
0.0177471
0.0177584
0.0111974
0.247192
0.262785
0.0523212
0.0553429
0.0630066
0.00524282
0.016946
0.0204311
0.353177
0.407156
0.144093
0.123445
0.0175439
0.116575
0.0397309
0.0379746
0.181319
0.166588
0.0503778
0.133007
0.345371
0.132246
0.0709071
0.0459761
0.236949
0.285232
0.149508
0.133648
0.206099
0.0160277
0.0127212
0.0102721
0.0696839
0.104807
0.175066
0.20072
0.0550392
0.137732
0.167482
0.0943417
0.029891
0.0332193
0.157162
0.223335
0.186041
0.207117
0.0386365
0.0157026
0.0406697
0.0674964
0.0728286
0.0920108
0.372617
0.417373
0.118825
0.0241579
0.0027338
0.00593311
0.0301295
0.107598
0.513567
0.113314
0.193732
0.33475
0.153563
0.0138294
0.027359
0.0712005
0.087471
0.0321108
0.0609649
0.360506
0.273909
0.0994558
0.069928
0.0179614
0.0133177
0.29727
0.15439
0.127332
0.0321377
0.00510321
0.00864245
0.0453372
0.296362
0.233757
0.0481458
0.174142
0.0978879
0.0400896
0.0310332
0.0396082
0.425376