0.0790372
0.0856192
0.0923768
0.0491562
0.0440217
0.0844809
0.195464
0.0887375
0.139968
0.100467
0.0776754
0.127963
0.167152
0.164209
0.280955
0.266779
0.104987
0.142638
0.0373708
0.0312577
0.0614369
0.0865667
0.208782
0.190722
0.119862
0.148201
0.0506844
0.121624
0.0638378
0.0801044
0.282975
0.263663
0.129799
0.00863182
0.0097405
0.0473825
0.0737399
0.117119
0.101011
0.28048
0.268622
0.0132867
0.00952985
0.032099
0.042871
0.147527
0.270863
0.689362
0.0545624
0.0219833
0.0144243
0.0532046
0.0135009
0.0291109
0.0788829
0.126964
0.0839735
0.0426809
0.043956
0.0573541
0.0489323
0.0596063
0.0603307
0.131573
0.247059
0.0173365
0.0381381
0.0175371
0.0140461
0.0327729
0.117758
0.432384
0.527803
0.057979
0.0579957
0.00969519
0.00682642
0.010159
0.0267164
0.515949
0.0814992
0.0255982
0.0435168
0.0512413
0.041075
0.0216807
0.0212563
0.0571234
0.169914
0.0489194
0.0570275
0.0390313
0.0236137
0.00822389
0.0304234
0.0870853
0.410387
0.0442938
0.0265642
0.00465249
0.00437505
0.00691075
0.0174527
0.377461
0.424824
0.0324386
0.0272948
0.0058125
0.00496794
0.00489492
0.0264825
0.51004
0.10957
0.0416907
0.0309092
0.0145104
0.0108686
0.0082269
0.0261245
0.0970394
0.228699
0.102684
0.104257
0.0148312
0.0347204
0.00914603
0.0378595
0.174444
0.177932
0.0280697
0.025953
0.0375753
0.0017365
0.00364389
0.0532212
0.244988
0.241742
0.236547
0.0980316
0.213737
0.0916521
0.0679293
0.106593
0.158702
0.191979
0.0972737
0.173692
0.0183002
0.0119685
0.00575556
0.0348411
0.138077
0.437924
0.266508
0.393525
0.0218787
0
0.0130189
0.0363024
0.295166
0.175245
0.193738
0.0925955
0.114434
0.110278
0.0325621
0.029408
0.0499682
0.162238
0.233325
0.136874
0.055559
0.0581567
0.000546303
0.00657275
0.0666103
0.370244
0.288572
0.235462
0.00964088
0
0.00473679
0.00596627
0.150751
0.416083
0.412941
0.201454
0.0156337
0.0331678
0.00743641
0.0193696
0.187921
0.139194
0.219797
0.0743508
0.0461695
0.0689677
0.0758548
0.0377316
0.0819711
0.0710996
0.0533505
0.0487762
0.187646
0.374411
0.166329
0.0444344
0.0387258
0.196595
0.245302
0.127035
0.140876
0.1164
0.0844307
0.0541991
0.136087
0.037284
0.0414024
0.089787
0.462826
0.436923
0.134378
0.0511944
0.0360733
0.115606
0.05268
0.0203033
0.0227243
0.0324791
0.0143176
0.0418963
0.0889917
0.0682929
0.0489786
0.0212026
0.0523374
0.0347491
0.0142158
0.0893449
0.142535
0.395579
0.0307046
0.0120026
0.0144642
0.017713
0.0112248
0.0513984
0.342794
0.394155
0.046299
0.0196711
0.0237074
0.0239074
0.0209971
0.0624772
0.587316
0.0433525
0.0248835
0.0170555
0.0212888
0.00956097
0.0101674
0.0591205
0.0960513
0.0606209
0.0213807
0.0361247
0.0139782
0.0265768
0.0269457
0.0546483
0.124588
0.283976
0.119604
0.0433513
0.0172584
0.00734364
0.012309
0.0321746
0.442601
0.384537
0.38273
0.282404
0.100864
0.0100584
0.0502577
0.0660002
0.388395
0.035689
0.0123872
0.0233208
0.0106991
0.0139779
0.00996416
0.0252493
0.0657208
0.110095
0.0542845
0.0576177
0.00964044
0.00618679
0.000782333
0.0241779
0.104807
0.176982
0.28183
0.237084
0.0328154
0.00234901
0.0615943
0.0795796
0.195156
0.477447
0.461743
0.37436
0
0
0.0345269
0.0555869
0.274064
0.0784209
0.0590507
0.0725609
0.00276418
0.00260347
0.00197632
0.00888656
0.0811944
0.186971
0.164079
0.155929
0.00301655
0.00995908
0.00277884
0.0058033
0.120467
0.289093
0.252414
0.221731
0.00708016
0.000275492
0.000372918
0.0116005
0.180877
0.43377
0.54498
0.247177
0.0106202
0.000413238
0.000559378
0.0117811
0.205982
0.165714
0.132531
0.131299
0.00490574
0.00379054
0.000593494
0.00323653
0.0656274
0.247388
0.254535
0.197682
0.0071277
0.000708739
0.000843497
0.00807812
0.130051
0.344297
0.39525
0.0923268
0.00229116
6.15981e-005
0.000664955
0.00224625
0.0930045
0.415787
0.443107
0.110246
0.0104938
0.0029191
0.00426928
0.0116549
0.170905
0.2419
0.273945
0.133296
0.0095649
0.0152955
0.00226002
0.00480252
0.118157
0.208884
0.190731
0.0442512
0.112423
0.150876
0.0213147
0.00778526
0.180156
0.292753
0.264667
0.0944545
0.0706288
0.0568435
0.00818996
0.0147203
0.151038
0.135533
0.110003
0.0225262
0.503207
0.369039
0.0223183
0.00745311
0.131895
0.0536255
0.03165
0.027421
0.235048
0.155602
0.0259502
0.00798996
0.0786402
0.00132186
0.00180573
0.032342
0.358992
0.164552
0.0223172
0.00380492
0.00367583
0.0143681
0.00911399
0.00334154
0.570284
0.311414
0.0147362
0.000520617
0.0353309
0.00634974
0.0136778
0.0306355
0.498161
0.146292
0.0215864
0.00471406
0.00749005
0.116391
0.025566
0.0177339
0.00573498
0.00825414
0.00790471
0.0230832
0.0925223
0.241931
0.145012
0.120147
0.00917268
0.00940822
0.0129978
0.00964061
0.131096
0.248282
0.193262
0.193198
0.0459813
0.00896362
0.0499538
0.0583281
0.170593
0.472122
0.454342
0.420454
0.0380859
0.0342034
0.00686597
0.0085425
0.108877
0.144824
0.156563
0.104095
0.0172977
0.00135665
0.00506772
0.00117828
0.100684
0.179799
0.234004
0.2083
0.0722876
0.000287031
0.00723038
0.012575
0.113639
0.282764
0.284281
0.230295
0.0368707
0.0216327
0.00251874
0.00373538
0.0732689
0.440777
0.489566
0.234607
0.0525284
0.0106525
0.000519725
0.0125411
0.133206
0.152584
0.182363
0.148841
0.0261982
2.83209e-005
0.0153575
0.0218523
0.0859243
0.256103
0.357136
0.142152
0.0125237
0.0232038
0.00994706
0.0141322
0.0935143
0.315832
0.378022
0.106441
0.013699
0.00218889
0.00139024
0.00616546
0.0979731
0.265602
0.481549
0.123493
0.144337
0.176643
0.0224027
0.00647463
0.0838119
0.208608
0.294501
0.155956
0.0620372
0.0175101
0.0117323
0.00941291
0.070649
0.280742
0.366303
0.145425
0.0571943
0.00611812
0.0885837
0.0271143
0.0927738
0.139756
0.333049
0.210108
0.207688
0.164907
0.0732358
0.0168349
0.0850514
0.277759
0.181846
0.258996
0.114991
0.0391261
0.190191
0.121209
0.170772
0.249047
0.289854
0.0914558
0.0132014
0.00347847
0.0377738
0.010896
0.0744474
0.305255
0.317438
0.21458
0.0416134
0.000951065
0.00472561
0.00738749
0.102829
0.218172
0.164041
0.189981
0.0442757
0.0737368
0.102727
0.0949482
0.123607
0.31548
0.298359
0.305342
0.0771512
0.0901012
0.0255833
0.13336
0.266763
0.210673
0.148178
0.130817
0.0980913
0.0412541
0.00459627
0.00670813
0.0875329
0.0978493
0.0300692
0.0188633
0.425831
0.284696
0.00467071
0.00369783
0.0576421
0.263914
0.163816
0.134731
0.0978586
0.0647982
0.0147578
0.0856508
0.207544
0.11399
0.0433366
0.0143174
0.458844
0.405709
0.0230392
0.04045
0.0621838
0.00760017
0
0.000844869
0.426197
0.254205
0.00191771
0.000430519
0.0124524
0.00407456
0.00995303
0.0217993
0.338182
0.136194
0.0100908
0.00576351
0.00747052
0.00874303
0.000633451
0
0.478236
0.381698
0.0189158
0.00821898
0.0168724
0.00883599
0.00710638
0.0170397
0.36043
0.243417
0.0445011
0.0267873
0.0295094
0.181742
0.0895071
0.106722
0.0229747
0.00408945
0.0883671
0.105578
0.212462
0.176838
0.146487
0.139442
0.0551375
0.0573492
0.065109
0.121803
0.148844
0.103899
0.0142388
0.0348049
0.000995584
0.00536874
0.1858
0.267328
0.226804
0.0418046
0.00673205
0.00912634
0.0324118
0.0346551
0.445064
0.517973
0.250592
0.119582
0.126938
0.114019
0.0629343
0.0588383
0.0337212
0.0934679
0.0845661
0.238731
0.26745
0.113727
0.0411284
0.033185
0.0694232
0.168667
0.12471
0.0302661
0.0184438
0.0211651
0.0410073
0.0410001
0.257317
0.336865
0.185169
0.0485588
0.0221125
0.0200803
0.0271407
0.0247841
0.273517
0.529298
0.328978
0.158993
0.192949
0.045695
0.0259174
0.025509
0.036564
0.0603802
0.0731401
0.138567
0.212907
0.167061
0.164875
0.157792
0.0814747
0.064374
0.0748978
0.034016
0.0266716
0.0134509
0.0468075
0.0553709
0.195171
0.445422
0.253303
0.191734
0.203763
0.146905
0.122959
0.0990383
0.242753
0.351733
0.311909
0.160112
0.13155
0.182
0.136741
0.139715
0.0951068
0.0639682
0.192995
0.318457
0.0613373
0.137979
0.0518126
0.0455648
0.0931618
0.0848072
0.374854
0.236435
0.151279
0.143579
0.0900687
0.0376094
0.107692
0.143584
0.283399
0.308688
0.032507
0.0335873
0.0315579
0.0181134
0.0393433
0.0483436
0.416747
0.181835
0.0668722
0.0885593
0.0458591
0.102925
0.0946638
0.110296
0.211192
0.225959
0.132348
0.0935196
0.0430834
0.119502
0.0471702
0.2083
0.423539
0.153165
0.0775346
0.0555386
0.0422341
0.0443598
0.109751
0.114026
0.235925
0.210692
0.403057
0.244129
0.0604303
0.0528042
0.13474
0.18903
0.249254
0.15171
0.0646164
0.041462
0.0455923
0.0793217
0.0216667
0.13966
0.306678
0.0485181
0.0206018
0.0117993
0.335882
0.357333
0.031717
0.07197
0.0693054
0.149003
0.250886
0.152119
0.125153
0.125673
0.0435436
0.0679155
0.158193
0.044819
0.0475239
0.0603952
0.455501
0.396905
0.032132
0.0279911
0.0343333
0.0125053
0.000542448
0.000875957
0.3941
0.362252
0.0361416
0.0263667
0.0418449
0.0331255
0.00537889
0.0428555
0.234369
0.187751
0.100837
0.108073
0.122649
0.0217803
0.0210178
0.0178443
0.392353
0.388409
0.0336941
0.0191335
0.115132
0.119537
0.0727886
0.0686711
0.213782
0.182277
0.0952864
0.0887562
0.279871
0.0357435
0.00992356
0.0167115
0.00845151
0.0116975
0.131416
0.20939
0.144795
0.0325773
0.00123719
0.00223255
0.00274676
0.00975147
0.569283
0.59199
0.28917
0.00906248
0.0105727
0.0169496
0.0422565
0.0220111
0.0239689
0.0400748
0.0388246
0.0257626
0.00341059
0.00739338
0.0174008
0.0227437
0.108713
0.153314
0.123424
0.0138754
0
0.00119
0.00051
0.0061495
0.291145
0.282678
0.112752
0.0144756
6.89821e-005
0.000830158
0.000410084
0.00637078
0.342235
0.521069
0.226264
0.00638443
0.000655183
0.00584837
0.00725876
0.0106326
0.133377
0.142916
0.0615983
0.0136473
0.000494067
0.00394491
0.00943577
0.0174114
0.288549
0.416852
0.176071
0.0125475
0.00227007
0.00105063
0.00792759
0.0133821
0.162672
0.367958
0.17692
0.0805038
0.0373524
0.0139396
0.0223344
0.0182664
0.173453
0.395929
0.277276
0.0262889
0.00129704
0.000283244
0.00163384
0.00633401
0.214692
0.303306
0.140361
0.0291217
0.00183238
0.00561969
2.96194e-005
0.00247972
0.34835
0.400681
0.218779
0.0886792
0.0385243
0.0203765
0.0214936
0.00727284
0.111973
0.286985
0.209932
0.0635547
0.010694
0.00622332
0.0352404
0.0211354
0.0454458
0.189706
0.140607
0.0251714
0.000913805
0.0100297
0.000120126
0.00567717
0.267474
0.464145
0.244011
0.0253814
0.000257009
0.00260055
0.0279148
0.0308924
0.17473
0.527597
0.276457
0.0325819
0.0926223
0.0496777
0.0838363
0.0376895
0.0920048
0.0785549
0.0496302
0.0681397
0.327074
0.193429
0.0973341
0.0368002
0.129573
0.0824407
0.0233991
0.0134521
0.0434092
0.0180759
0.0747455
0.0599302
0.222849
0.467638
0.165828
0.0258669
0.108617
0.0483755
0.0727453
0.067175
0.376116
0.49002
0.127809
0.0474586
0.170244
0.0969836
0.200526
0.107838
0.0310613
0.0200481
0.012238
0.0127693
0.0205584
0.0301863
0.482236
0.274532
0.0112024
0.00477268
0.00295292
0.0240941
0.0319586
0.0239948
0.242286
0.159319
0.135638
0.28281
0.0662767
0.012819
0.00103303
0.0368796
0.486679
0.345398
0.01095
0.0292342
0.0257503
0.00430492
0.0131326
0.0120593
0.32089
0.256958
0.0177954
0.00657217
0.0360215
0.0477811
0.0366586
0.0179903
0.251681
0.195241
0.0343524
0.00999872
0.0903511
0.000101229
0.00120029
0.0250547
0.500365
0.338664
0.00447675
0.00595148
0.00312727
0.0010578
0.00187327
0.0108156
0.435529
0.329181
0.0150678
0.00668898
0.00444114
0.0287631
0.0329359
0.0861097
0.175485
0.117181
0.096545
0.139836
0.0880047
0.0830025
0.0489645
0.0493089
0.0775306
0.0961167
0.1306
0.350232
0.150473
0.0580782
0.0347374
0.152569
0.279888
0.144551
0.171516
0.0921222
0.0797473
0.106706
0.13251
0.211643
0.183399
0.143807
0.117444
0.19762
0.0777008
0.0362616
0.0153567
0.0312652
0.0668256
0.0820384
0.0979857
0.165057
0.108747
0.0761342
0.0174262
0.0217655
0.0958764
0.120884
0.27811
0.516239
0.468457
0.0439154
0.0512034
0.0595603
0.0763758
0.125644
0.0400211
0.0711959
0.079608
0.0679792
0.0532345
0.0297795
0.0810952
0.142162
0.043863
0.0941865
0.181638
0.0334144
0.00685896
0.00464238
0.00927721
0.00882045
0.193471
0.228694
0.187532
0.0331514
0.00613591
0.00860605
0.00432107
0.00580252
0.607101
0.507087
0.312062
0.0218828
0.0115294
0.00855633
0.0168484
0.0186768
0.0177046
0.0275323
0.0573474
0.0269285
0.00527258
0.0153232
0.0171302
0.0164704
0.111668
0.151878
0.150926
0.00881271
0.000581927
0.0035218
0.000299593
0.0127769
0.287066
0.303428
0.153659
0.0216741
4.84296e-005
0.000823302
0.0023078
0.020458
0.288199
0.534523
0.225343
0.00779314
0.00296013
0.00868121
0.00365337
0.011557
0.123327
0.161011
0.0944386
0.0197747
0.0084992
0.00622439
0.00183178
0.0177307
0.312995
0.388392
0.168512
0.0159276
0.000249357
0
0.00496569
0.0137221
0.157191
0.352076
0.159004
0.0167829
0.00128464
0.000240318
0.00667907
0.0196194
0.276566
0.451381
0.188062
0.0127586
0.00178948
0.000623946
0.000130109
0.0133174
0.212237
0.274764
0.127347
0.0131376
0
0
0.00359724
0.0138108
0.280938
0.447079
0.219906
0.0361848
0.0192357
0.0150798
0.130626
0.0607633
0.200921
0.423545
0.15674
0.0233239
0.0340349
0.0525307
0.463426
0.1818
0.0377984
0.08967
0.0782784
0.04629
0.0340012
0.0176134
0.0435443
0.00567626
0.206095
0.39909
0.260034
0.0661217
0.0765439
0.0644013
0.258817
0.0641272
0.063764
0.151813
0.174432
0
0.00766635
0.0319892
0.441776
0.242138
0.000911901
0.00509059
0.00317167
0.000994995
0.0038208
0.0122313
0.379661
0.267445
0.00558744
0.00362102
0.000617679
0.0160385
0.0261351
0.0382184
0.425847
0.158177
0.0048946
0.0110337
0.0238109
0.000977823
0.0123787
0.013944
0.457629
0.237793
0.000868245
0.00229646
0.000909542
0.0505888
0.0546535
0.0875904
0.189818
0.132791
0.176977
0.057482
0.169194
0.104729
0.174062
0.160865
0.140112
0.135634
0.102163
0.0628856
0.069198
0.0441322
0.103466
0.0887539
0.152721
0.177559
0.165988
0.0994972
0.216343
0.0634585
0.267508
0.180357
0.097705
0.123343
0.194407
0.145811
0.0822416
0.065911
0.123486
0.0924305
0.0780378
0.170531
0.084196
0.101313
0.0827176
0.076529
0.14294
0.0655872
0.0945237
0.224985
0.0797665
0.157628
0.18241
0.0562256
0.168123
0.0979812
0.0468858
0.0857896
0.164629
0.246665
0.077725
0.120446
0.181014
0.13937
0.0864628
0.17874
0.158687
0.240886
0.0873577
0.0922242
0.057348
0.0300984
0.081644
0.167138
0.0984274
0.0829472
0.134402
0.139594
0.0248229
0.0439468
0.0816606
0.154523
0.188413
0.167003
0.221796
0.152222
0.127789
0.114852
0.0760657
0.205875
0.133779
0.0613945
0.0874358
0.253627
0.138061
0.134626
0.125545
0.210451
0.146107
0.0924799
0.155759
0.0520157
0.022099
0.0335373
0.0286612
0.055093
0.086204
0.150379
0.11004
0.0700278
0.0602886
0.0428351
0.0162804
0.0673362
0.396979
0.615965
0.354484
0.0892083
0.0512495
0.0678302
0.0558896
0.0582635
0.0495628
0.0448657
0.043817
0.0544244
0.0519119
0.0836629
0.0551877
0.103948
0.097721
0.0586823
0.0549091
0.0149431
0.00817242
0.00519013
0.00172954
0.016155
0.223591
0.277103
0.155285
0.0166092
0.0031245
0.00208517
0.00513822
0.0223742
0.512012
0.573747
0.292408
0.00948356
0.0113493
0.0165972
0.0113921
0.0175672
0.0285185
0.0365594
0.0423792
0.0190335
0.0130874
0.0129608
0.0151437
0.0201476
0.153828
0.207461
0.145371
0.0329769
0.00984351
0.00592459
0.00502167
0.0121157
0.323617
0.378222
0.204339
0.0814085
0.0657629
0.0304029
0.0671373
0.02825
0.233753
0.307699
0.168708
0.016726
0.00337352
0.00273728
0.00730714
0.0161164
0.205807
0.264533
0.136813
0.191243
0.0819821
0.024588
0.0170807
0.0422654
0.294212
0.391351
0.191499
0.0673875
0.127025
0.0904879
0.344926
0.0783367
0.0604738
0.0979822
0.0411541
0.0195449
0.0659657
0.0924957
0.523591
0.173135
0.00068613
0.00211768
0.000522423
0.296858
0.232133
0.200599
0.166457
0.059869
0.0998519
0.162361
0.0956684
0.0929867
0.118674
0.226875
0.300757
0.134134
0.0272926
0.00301155
0.00469151