0.0555728
0.0023567
0.000261807
0.000629923
0.000131646
0
9.6256e-005
0.0570964
0.0295019
0.0118992
0.00413773
0.00244874
0.00244874
0
0.000385024
0.0610457
0.26383
0.235005
0.160632
0.120735
0.0476042
0.192781
0.0667647
0.373486
0.24713
0.393408
0.09463
0.0143992
0.0143096
0.260361
0.15872
0.434653
0.0115818
0.0681948
0.0325266
0.0269138
0.00767578
0
4.88164e-005
0.00480912
0.041836
0.169254
0.150844
0.253144
0.0943252
0.0129935
0
0.0039813
0.0850309
0.454106
0.161348
0.0149629
0.0110795
0.0250673
0.0197828
0.0436978
0.319028
0.619721
0.245417
0.0638093
0.0207921
0.0101112
0.00908726
0.0722099
0.03598
0.160742
0.136737
0.272826
0.181912
0.0613745
0.0187322
0.00466208
0.0601399
0.145035
0.152503
0.166441
0.0845376
0.0791594
0.112035
0.0274147
0.322941
0.502039
0.163806
0.0794341
0.0427594
0.0073222
0.00465693
0.128496
0.255042
0.311794
0.150449
0.107054
0.0237291
0.00573071
0.0263689
0.215815
0.12591
0.206022
0.0983227
0.0792607
0.0292362
0.0330651
0.0800941
0.0414175
0.307101
0.474264
0.186634
0.0342626
0.0181373
0.0166684
0.0461069
0.0266372
0.249257
0.17593
0.117909
0.0617113
0.0138164
0.0084345
0.0412614
0.141464
0.262605
0.324219
0.322637
0.0527812
0.0264346
0.033089
0.155872
0.149745
0.222901
0.255764
0.0930626
0.0396006
0.00912639
0.0227403
0.0544245
0.0639581
0.220127
0.168183
0.0311315
0.0776905
0.0737044
0.0697719
0.0628802
0.169546
0.201288
0.230039
0.168457
0.0698958
0.0265364
0.0255434
0.0883863
0.136785
0.368548
0.563693
0.0274962
0.0956516
0.0876953
0.0478934
0.0626377
0.183523
0.108005
0.0505756
0.00742096
0.0147827
0.0226186
0.029089
0.0329027
0.123916
0.226737
0.0948899
0.010917
0.00330847
5.54366e-005
0.00797609
0.0400385
0.202847
0.279982
0.40248
0.00136448
0.0124505
0.0212972
0.0199399
0.0279539
0.0888188
0.512964
0.512964
0.00349375
0.00199381
0.0130437
0.0295935
0.038554
0.186655
0.239598
0.120737
0.0235736
0.0120081
0.000352871
0.0248387
0.0538283
0.137262
0.137813
0.0544359
0.0233374
0.00796095
0.00596482
0.102784
0.108638
0.130514
0.440332
0.26958
0.00404899
0.0211217
0.162192
0.19002
0.132332
0.251561
0.102436
0.0213202
0.0112512
0.025597
0.269128
0.412423
0.282928
0.206584
0.155817
0.142018
0.0891768
0.108693
0.0829429
0.176458
0.0403719
0.219952
0.283574
0.247296
0.0708982
0.0226173
0.0248228
0.159419
0.0884464
0.345363
0.227319
0.0481363
0.0166836
0.0482862
0.0658784
0.10006
0.0184245
0.255101
0.347915
0.0753556
0.0388657
0.0717628
0.046479
0.0523287
0.03342
0.436622
0.136302
0.337842
0.139369
0.0206085
0.0491951
0.071037
0.0777508
0.166278
0.211149
0.336764
0.135521
0.0293848
0.0581976
0.0757212
0.089591
0.182385
0.130456
0.0491988
0.0433787
0.182327
0.138953
0.101918
0.124913
0.281613
0.0791572
0.0761224
0.046468
0.222377
0.194574
0.146016
0.280293
0.358768
0.205101
0.144347
0.0282174
0.00633813
0.0115559
0.0123084
0.0284313
0.17491
0.270681
0.0797024
0.0173475
0.0019374
0
4.89683e-006
0.0259569
0.220061
0.114161
0.134025
0.0461494
0.0498101
0.0475328
0.0578201
0.167146
0.263162
0.325155
0.645591
0.0532212
0.0108631
0.00923068
0.0311717
0.100164
0.18026
0.141339
0.0558315
0.0125508
0.00130352
0
9.19969e-006
0.00877537
0.0965775
0.22497
0.181771
0.028674
0.00420716
0.00847416
0.0137595
0.0360137
0.0925941
0.204601
0.542043
0.0233984
8.99341e-005
0.000522567
0.00152226
0.0098827
0.0816636
0.420792
0.542043
0.0288382
0.000163008
0.00211281
0.00336922
0.00291839
0.0672881
0.146067
0.227008
0.0175121
0.00574223
0.00915836
0.010189
0.0168201
0.0271393
0.188473
0.472021
0.00677914
0.00673618
0.00979589
0.00347421
0.00508139
0.0149634
0.266392
0.472021
0.0102803
0.000384745
0.0018299
0.00203801
0.000280779
0.00598496
0.32162
0.472021
0.00188253
0.000256497
0.000373669
0.000196334
0
0
0.214039
0.434247
0.00305657
0.00147101
0.00310945
0.00128423
0.00370925
0.00979927
0.337206
0.382376
0.00439487
0.0190263
0.0352777
0.0304048
0.0302083
0.049247
0.299007
0.434247
0.0116874
0.0145713
0.00486336
0.00428424
0.0188108
0
0.238562
0.233153
0.0220291
0.20657
0.130963
0.0315192
0.0729041
0.010737
0.201729
0.112375
0.000836847
0.0913529
0.259394
0.112504
0.0537427
0.0825511
0.0470581
0.00453069
0.00572666
0.0928295
0.373523
0.187977
0.0971571
0.102117
0.0766843
0.0240504
0.00589186
0.385926
0.379298
0.0324355
0.0402854
0.0114271
0.0221749
0.0309569
0.0702284
0.345989
0.401982
0.0563564
0.0194292
0.0258603
0.0513375
0.00316323
0.00081802
0.00439589
0.0062405
0.00861745
0.00201182
0.0518487
0.0672047
0.0119084
0.0055992
0.0368274
0.0326758
0.0132319
0.00641924
0.0914207
0.189536
0.0938524
0.00149199
0.000635605
0.000635605
0
0
0.0962548
0.430038
0.810354
0.00803419
0.00031822
0.00722525
0.00256794
0.00190368
0.0609458
0.0197043
0.0408035
0.0210939
0.0496498
0.0348228
0.0322831
0.0332996
0.0492487
0.0220333
0.284745
0.0883699
0.0566078
0.054631
0.0600394
0.110199
0.0897859
0.148788
0.603936
0.032265
0.000534598
0.00481479
0.0131077
0.00979334
0.0137059
0.178548
0.603936
0.151924
0.0140274
0.0165068
0.0301274
0.0263448
0.0150237
0.0178766
0.357472
0.0618259
0.014917
0.0172745
0.0198863
0.0477693
0.0354248
0.125588
0.49023
0.0355304
0.00596135
0.00308597
0.00849666
0.015042
0.0113656
0.0939631
0.49023
0.0765732
0.00857017
0.00780107
0.00632138
0.00794154
0.00241627
0.245225
0.49023
0.0276531
0.0174162
0.00818341
0.00351709
0.000469821
0.0222463
0.152046
0.460387
0.0234471
4.62028e-005
0.000268464
0.000782046
0.00263129
0.00745537
0.150676
0.460387
0.0649971
0.00203927
0
0.00591515
0.00860322
0.0108654
0.212193
0.460387
0.0628263
0.0423874
0.0219121
0.0123623
0.00892488
0.0394414
0.16162
0.394848
0.121724
0.0304368
0.0131124
0.0296604
0.0576326
0.112044
0.17217
0.475487
0.0520306
0.00346285
0
0.00945698
0.0085238
0.00867931
0.295947
0.475487
0.0122922
0.00330805
0.00118308
0.00541129
0.00628445
0.00372254
0.274251
0.295757
0.0741028
0.0341657
0.000398988
0.029356
0.0431067
0.0968414
0.294423
0.295217
0.095245
0.11745
0.0175891
0.0247716
0.0298265
0.0212608
0.283626
0.431896
0.0505498
0.0356649
0.0184954
0.00792201
0.0187779
0.00137978
0.115132
0.121017
0.068231
0.354453
0.239343
0.0281272
0.0366448
0.000300153
0.137562
0.193881
0.176399
0.128561
0.0457771
0.0268622
0.0228412
0.0140459
0.0373673
0.0835169
0.1355
0.49808
0.274956
0.031023
0.00194772
0.00800319
0.00639824
0.00573291
0.00908655
0.364552
0.281487
0.00807686
0.00837999
0
0.00897784
0.0461658
0.065437
0.335075
0.253889
0.0293307
0.0103128
0.00189029
0.00107413
0.00676747
0.0174641
0.42742
0.365858
0.0201629
0.00226293
0
0.0431894
0.0617404
0.0357822
0.2856
0.378378
0.0747717
0.0271493
0.0433401
0.191334
0.136719
0.019024
0.000655803
0.0284604
0.0123871
0.00646255
0.07687
0.258962
0.433756
0.0109557
0
0.0416888
0.0511957
0.0978539
0.102823
0.240005
0.201984
0.0431001
0.00274447
0.0428118
0.0185806
0.036127
0.183901
0.132152
0.266776
0.00929683
3.03143e-005
0.0662475
0.0878611
0.433756
0.433756
0.149055
0.432515
0.0210898
4.93948e-005
0.00585159
0.0181829
0.0811533
0.0634812
0.123111
0.432515
0.125488
0.0316761
0.00689217
0.00570495
0.0247309
0.0344518
0.0676913
0.194347
0.0163721
0
0.0181957
0.123513
0.432515
0.281726
0.0515379
0.159586
0.1082
0.0325272
0.0202226
0.179447
0.319873
0.123229
0.12704
0.524739
0.112467
0.0418868
0.0195508
0.0117765
0.0289899
0.0138649
0.233658
0.524739
0.0817199
0.0928223
0.0276096
0.00891765
0.0223359
0.0497725
0.0532896
0.169462
0.091133
0.0470677
0.0335388
0.0810314
0.289908
0.118618
0.181259
0.172528
0.113707
0.122198
0.0379084
0.0253958
0.14919
0.170297
0.141907
0.256016
0.211841
0.164019
0.0334109
0.012483
0.014871
0.0613165
0.292083
0.283624
0.195686
0.0793411
0.0157699
0.0202912
0.0480399
0.129922
0.183213
0.210634
0.196993
0.187396
0.0389068
0.0242642
0.0448635
0.0921891
0.496289
0.318775
0.117688
0.0660406
0.0182637
0.0183074
0.0481462
0.150828
0.410554
0.203219
0.072369
0.0571929
0.0019719
0.0232991
0.034347
0.110477
0.248333
0.148419
0.120211
0.174302
0.0407037
0.0501055
0.0271501
0.0416161
0.488942
0.144687
0.0581476
0.0256972
0.0142971
0.00720277
0.0221887
0.164318
0.286884
0.330135
0.273937
0.0593261
0.0452963
0.024268
0.0111646
0.112911
0.0492873
0.130345
0.144052
0.115493
0.0389652
0.0521129
0.0194416
0.0275269
0.0155885
0.113239
0.153078
0.478516
0.126554
0.0187151
0.00353647
0.0132345
0.111491
0.49195
0.217798
0.0450561
0.0706481
0.0311575
0.0423807
0.0560195
0.0596866
0.278296
0.112869
0.377882
0.21753
0.016998
0.0521918
0.0198442
0.00119606
0.0123424
0.050333
0.374393
0.255454
0.0311445
0.00408768
0
0.0551967
0.0586999
0.0992925
0.188457
0.282165
0.0878465
0.0246524
0.0522212
0.00253703
0.0236758
0.068487
0.470542
0.239601
0.015426
0.00636173
0.000184131
0.0135927
0.041299
0.211259
0.436223
0.270189
0.0410151
0.0161946
0.0233686
0.181832
0.146725
0.0226568
0.0299961
0.0738558
0.0542793
0.0828502
0.248836
0.0471605
0.00379099
0.00142093
0.0139041
0.0642657
0.0717042
0.457629
0.514574
0.0307094
0.00448551
0.0282053
0.352654
0.344547
0.12286
0.129823
0.139243
0.0139225
3.77651e-005
0.00543598
0.0841095
0.0833732
0.0214976
0.0153878
0.0396725
0.0073495
0.00553705
0.00226197
0.00978811
0.0661244
0.247273
0.365397
0.163498
0.0100302
0.0163661
0.0129758
0.0120215
0.0531156
0.393247
0.461848
0.115466
0.000804994
0.00290027
0.0111215
0.0980975
0.092597
0.138589
0.0405259
0.00485935
0.000177641
0.00476189
0.0110094
0.0856445
0.091083
0.263909
0.452366
0.11982
0.0139255
0.0046388
0.00531621
0.00618909
0.00804114
0.0765043
0.449639
0.132494
0.0744712
0.0292846
0.0155236
0.0300724
0.0322684
0.0304593
0.304914
0.133246
0.001064
0.00123021
0.00115986
0.00732686
0.0105183
0.0572576
0.518098
0.190018
0.00284394
0.000168061
0
0.00501394
0.0149959
0.0685894
0.518098
0.14601
0.0965771
0.0884801
0.0226602
0.0582833
0.0558994
0.054166
0.216827
0.072056
0.177404
0.103194
0.00611075
0.0194165
0.0265214
0.0326917
0.266596
0.137531
0.00106482
0
0
0.00757368
0.019765
0.121086
0.582278
0.0596138
0.0255298
0.00625133
0.000247645
0.00275154
0.00663035
0.0542963
0.582278
0.168943
0.174432
0.0419101
0.08956
0.0666508
0.022082
0.00704614
0.123184
0.147884
0.110068
0.283324
0.511353
0.177126
0.100319
0.0218464
0.0515872
0.0883352
0.122067
0.024948
0.0951947
0.0783312
0.0194422
0.0244609
0.308127
0.219024
0.130954
0.0798496
0.316547
0.206866
0.140474
0.0972971
0.216271
0.189002
0.0585349
0.353271
0.30536
0.134237
0.145091
0.0136466
0.0685373
0.0737023
0.0354007
0.125829
0.068855
0.34308
0.302737
0.00911571
0.0451114
0.031511
0.0926008
0.153083
0.232157
0.144726
0.114065
0.0518248
0.164992
0.159404
0.0574264
0.118712
0.182908
0.371947
0.257829
0.0283656
0.0524704
0.0467249
0.000594801
0.00510606
0.0146305
0.321055
0.223641
0.00494108
0.003057
0.000105414
0
0.00693096
0.0704855
0.387782
0.236306
0.00502181
0.0155134
0.00590965
0
0.00736855
0.0321454
0.39857
0.294516
0.00987283
0.00793408
0.00260749
0
0.00509981
0.0479172
0.484597
0.321148
0.00467806
0.00776217
0.00149472
0.0511895
0
0.049034
0.246753
0.195837
0.0285384
0.0355218
0.225556
0.0373805
0.021641
0.0471374
0.0725008
0.0731043
0.00278383
0
0.0843997
0.190283
0.258033
0.22103
0.274801
0.142904
0.0189833
0.0500174
0.333223
0.345692
0.437904
0.205474
0.141777
0.107459
0.00933497
0.00817787
0.160175
0.0189883
0.104442
0.132039
0.140174
0.0747123
0.0320614
0.0118699
0.0057133
0.0130116
0.0945444
0.0981404
0.120698
0.0721894
0.126937
0.263251
0.0782516
0.228294
0.57643
0.374424
0.107094
0.0563254
0.0201971
0.0222603
0.0652987
0.0629013
0.298512
0.234065
0.170837
0.0422382
0.127862
0.0944981
0.0392802
0.00450719
0.0130042
0.00751888
0.0102214
0.0138663
0.0554897
0.464194
0.145428
0.00238469
0.00684357
0.00908877
0.00725912
0.0249794
0.243351
0.658893
0.120494
0.0321429
0.0921393
0.0374926
0.0563447
0.0227845
0.0861103
0.0903607
0.0370813
0.0675077
0.2521
0.099934
0.0319655
0.0486053
0.195731
0.184469
0.0293047
0.000112288
0.00124526
0.00367724
0.00508541
0.0144821
0.197799
0.511732
0.0203932
0.0074264
0.000638922
0
0.000762533
0.0148875
0.136287
0.511732
0.0864449
0.0258652
0.114091
0.0759881
0.037911
0.0378684
0.171201
0.224518
0.00863488
0.0104458
0.0448416
0.0589698
0.070534
0.0713747
0.23785
0.427206
0.0525204
0.0448453
0.00256454
0.0121415
0.0113397
0.0125212
0.100653
0.313977
0.157043
0.0662868
0.0129956
0.0263788
0.0261321
0.0299463
0.0721623
0.175622
0.190939
0.0030182
0.00698862
0.0169136
0.0345462
0.0465666
0.180941
0.411616
0.231645
0.00952715
0.00871657
0.00678912
0.00787985
0.0104481
0.0659475
0.532162
0.428201
0.0855534
0.122005
0.0913486
0.0232648
0.0268314
0.0552353
0.117342
0.122534
0.0646391
0.242982
0.235002
0.211171
0.128225
0.055769
0.0458114
0.0332945
0.0350482
0.0811021
0.0639046
0.0145648
0.0346617
0.134324
0.507045
0.188384
0.0774142
0.328215
0.260263
0.159205
0.103018
0.184731
0.295396
0.156398
0.00222157
0.0422245
0.0576344
0.312672
0.210874
0.0149356
0.0103801
0.00606216
0
0.00120062
0.0252217
0.438454
0.28661
0.00985266
0.00183438
0.00123984
0.0284789
0.104366
0.14477
0.374459
0.19134
0.0300634
0.0407637
0.0514737
0.00469219
0.0124607
0.0878557
0.478335
0.279573
0.0145747
0.0100083
0.00464602
0.269729
0.273574
0.0878278
0.105164
0.0405531
0.0086635
0.103109
0.101944
0.346621
0.331061
0.0883165
0.138049
0.138809
0.0217971
0.0170374
0.116744
0.360274
0.208522
0.0133686
0.0340007
0.0657203
0.0274785
0.118123
0.0798782
0.207714
0.140022
0.0426628
0.174901
0.341028
0.193869
0.0961118
0.152265
0.173201
0.290776
0.182292
0.167123
0.1127
0.0319421
0.0262083
0.0941566
0.0901053
0.232031
0.110369
0.0831489
0.04092
0.0448644
0.0187588
0.0553599
0.187543
0.101076
0.08949
0.191894
0.233948
0.208324
0.195064
0.368757
0.30035
0.213508
0.0617644
0.0221357
0.0318908
0.0928586
0.159178
0.356537
0.0839559
0.278995
0.0824418
0.0421656
0.0241324
0.0374675
0.00873622
0.0254446
0.125178
0.441283
0.155012
0.0163897
0.014585
0.0235429
0.0119352
0.0288901
0.26997
0.399023
0.094396
0.0013948
0.0135161
0.0461082
0.076092
0.127808
0.249841
0.4893
0.182586
0.0171015
0.0160437
0.0113273
0.0191366
0.0496918
0.130866
0.369456
0.191934
0.0433297
0.0298752
0.0525389
0.0622004
0.0341468
0.0919678
0.223983
0.212963
0.136724
0.0871969
0.140379
0.170578
0.0651161
0.18604
0.337736
0.174691
0.0160755
0.0402325
0.0506124
0.075536
0.0913332
0.135979
0.316924
0.412661
0.179929
0.0516675
0.0430696
0.0694356
0.0740075
0.0353966
0.0554316
0.0568695
0.0414816
0.0318574
0.0555034
0.14913
0.182693
0.0399864
0.0226995
0.00960818
0.00539718
0.0110674
0.0628656
0.40333
0.389136
0.127135
0.170431
0.240375
0.113689
0.00851603
0.00692273
0.0342572
0.157163
0.156033
0.0833445
0.0613078
0.0236413
0.00876148
0.0352723
0.423934
0.442
0.0143813
0.0127548
0.00684931
0.00507438
0.0150903
0.0792065
0.405208
0.1253
0.106974
0.0862704
0.057108
0.0381993
0.023266
0.0797906
0.376245
0.236869
0.0331868
0.00400166
0.00236139
0.00668554
0.00880415
0.04192
0.482027
0.16252
0.176254
0.0387934
0.0322651
0.0167372
0.00785315
0.0484663
0.43257
0.225756
0.204466
0.201168
0.251589
0.270351
0.0644018
0.0205752
0.120799
0.181933
0.0593536
0.141318
0.271141
0.420382
0.0978339
0.00597244
0.0097405
0.0133296
0.347701
0.19708
0.124988
0.0294942
0.00278931
0.0194512
0.173676
0.187572
0.22155
0.250234
0.151387
0.0588964
0.00242686
0.00758508
0.0256095
0.0550549