0.0267817
0.0337625
0.0381938
0.0476656
0.274927
0.141754
0.141275
0.196422
0.141781
0.15262
0.131971
0.212583
0.138818
0.0721176
0.171677
0.316225
0.0271832
0.0573725
0.0475964
0.0399784
0.0912115
0.214274
0.271842
0.188139
0.0842266
0.22643
0.114507
0.0784176
0.0907497
0.213466
0.292532
0.192169
0.115206
0.0812897
0.0886098
0.166219
0.0501812
0.0233381
0.0999081
0.162162
0.243556
0.0509412
0.0563907
0.0430348
0.0211362
0.0234994
0.177878
0.478006
0.109215
0.293501
0.128712
0.0563803
0.0388523
0.0681672
0.101924
0.0556731
0.401448
0.302846
0.102501
0.0277904
0.0173484
0.0144566
0.0229423
0.198754
0.113927
0.025611
0.0347013
0.00467048
0.00119235
0.0189384
0.134235
0.367085
0.0654281
0.0206866
0.0684739
0.0207151
0.407207
0.286404
0.246981
0.390371
0.129499
0.0601796
0.0211914
0.00620163
0.00266233
0.0143311
0.0446994
0.228815
0.104919
0.049118
0.0297267
0.00539658
0.0876826
0.0936736
0.190128
0.369025
0.0199502
0.00116058
0.00918212
0.0198859
0.289654
0.139891
0.139848
0.192566
0.205669
0.0042332
0.00088635
0.0135309
0.134825
0.0375808
0.112718
0.489986
0.0708152
0.0123091
0.005388
0.00142424
0.0487496
0.0454402
0.113843
0.318455
0.27636
0.00460348
0.0021225
0.00120795
0.0144082
0.0144482
0.0676352
0.517356
0.23742
0.00434182
0.00105838
0.000497111
0.00503589
0.000155814
0.00942241
0.281993
0.263812
0.00219373
0.000298469
0.000152812
0.00151454
0.00044025
0.00102405
0.394077
0.316733
0.0180793
0.00852183
0.00154785
8.70557e-005
1.32983e-005
0.00423806
0.351325
0.430293
0.0430886
0.0128129
0.000973866
0
0
0.00373307
0.430293
0.214677
0.00321847
0
0.000226711
0.00238747
0.00151155
0.000922282
0.312227
0.295836
0.0051084
0.000190557
0.00558245
0.0037977
0.00869546
0.0190984
0.34047
0.335577
0.0715881
0.0457578
0.00111996
0.00193448
0
0.00569082
0.377635
0.377355
0.102935
0.0684689
0.00534644
0.0237323
0.0448383
0.0185247
0.431999
0.248193
0.00121437
0.000128826
0.00373596
0.00144321
0.00611542
0.0248225
0.300607
0.320695
0.0119813
0.00222311
0
0
0.00417403
0.0140965
0.39643
0.29542
0.020414
0.0187625
0.019189
0.068297
0.065098
0.0257312
0.356799
0.34825
0.00316048
0.0117985
0.0211793
0.0535175
0.0271539
0.0106862
0.438987
0.153919
0.228949
0.0526889
0.0108212
0.0568254
0.124268
0.191455
0.078165
0.0918062
0.275451
0.072833
0.0271523
0.109622
0.251535
0.189983
0.0429579
0.317727
0.352961
0.0986921
0.006064
0.0266424
0.0246664
0.0689761
0.186179
0.241868
0.235594
0.0599192
0.0119326
0.0722479
0.149954
0.148711
0.218283
0.0921217
0.315676
0.125949
0.0267356
0.0911388
0.16831
0.156274
0.0253422
0.316597
0.291286
0.101661
0.0252079
0.0449987
0.0592143
0.0926957
0.0890114
0.132942
0.179344
0.104997
0.0215169
0.0873084
0.234392
0.213421
0.105274
0.0938246
0.187135
0.287826
0.0856698
0.0933512
0.179057
0.170411
0.150354
0.0889912
0.0544004
0.0201712
0.0128618
0.0098454
0.018087
0.0375653
0.0857814
0.120853
0.0520378
0.0248758
0.00985674
0.00794916
0.0195961
0.0647808
0.161903
0.0500578
0.185222
0.125163
0.0835229
0.0244482
0.0259258
0.0288492
0.0388471
0.581093
0.612333
0.0701549
0.0972599
0.0225413
0.0207921
0.0203495
0.183351
0.0908523
0.0200265
0.00643509
0.00313398
0.00223845
0.00105416
0.0191763
0.130761
0.196707
0.0478931
0.0189841
0.00561712
0.00294808
0
0.0112775
0.293066
0.485361
0.177121
0.00463792
0.0340111
0.0181233
0.0106414
0.00282219
0.17262
0.6377
0.200782
0.0627323
0.0911377
0.0497795
0.0109265
0.000443609
0.153229
0.168831
0.126125
0.0981262
0.011658
0.00162718
0
0.00166513
0.127401
0.373353
0.206783
0.12503
0.0165689
0.0049039
0.0132382
0.0123126
0.155698
0.31314
0.28418
0.180969
0.0618469
0.0255777
0.0151805
0.0150563
0.0356063
0.400892
0.459439
0.221022
0.0720897
0.029259
0.0502452
0.0714313
0.0631667
0.357777
0.181442
0.101407
0.0241916
0.0161115
0.0305263
0.020837
0.181445
0.201886
0.191516
0.141326
0.0932775
0.120078
0.111504
0.0316644
0.170508
0.47752
0.256134
0.0737092
0.0568497
0.0821076
0.141129
0.104024
0.139728
0.160895
0.105142
0.128624
0.197142
0.251919
0.191256
0.110704
0.0884211
0.111792
0.0396413
0.0420493
0.140431
0.319095
0.151571
0.0343993
0.124829
0.11603
0.00417267
0.0196461
0.0876468
0.246256
0.080728
0.0169821
0.205796
0.0618082
0.0475219
0.0904466
0.211573
0.386247
0.204509
0.167806
0.0688948
0.117482
0.0119989
0.0265561
0.0790619
0.257335
0.235839
0.229928
0.387625
0.109497
0.105908
0.0417603
0.000814178
0.0106601
0.00346
0.0226928
0.0772971
0.151763
0.0880522
0.0208734
0.000961441
0.00547256
0.00760968
0.0436999
0.0872333
0.330821
0.0714309
0.0212439
0.000115478
0.00654029
0.000551591
0.00827142
0.499876
0.552558
0.126419
0.0101706
0
0.00163507
0.00348867
0.0309051
0.408729
0.0828456
0.0556176
0.0237813
0.00310276
0.00485911
0.0230944
0.0353994
0.0836873
0.130429
0.0890505
0.071655
0.0127625
0.00951096
0.0343111
0.0404825
0.17728
0.351116
0.146969
0.0559389
0.00184356
0.00896077
0.0215206
0.0626088
0.324517
0.56829
0.38445
0.165836
0.034667
0.0146174
0.0279463
0.0526578
0.287352
0.0741259
0.168274
0.110111
0.033434
0.00561452
0.00504604
0.00698965
0.0491517
0.201806
0.467173
0.124367
0.0457198
0.0156112
0.0444312
0.0160573
0.0952971
0.274714
0.295225
0.15869
0.101032
0.0129468
0.0140997
0.0091646
0.0485163
0.227229
0.529873
0.191249
0.103767
0.0417563
0.0984524
0.044482
0.126773
0.262074
0.244404
0.0201941
0.0783402
0.0299568
0.0440018
0.0118157
0.150796
0.372972
0.199677
0.0874779
0.182207
0.0623835
0.0197113
0.0112756
0.097287
0.202959
0.383627
0.0922529
0.0889297
0.0322085
0.0659934
0.02828
0.162107
0.276809
0.338132
0.189868
0.213646
0.0371488
0.0248089
0.0257285
0.212388
0.206718
0.272797
0.18238
0.0839654
0.0346444
0.0185895
0.0257192
0.0276127
0.268024
0.478624
0.186528
0.0542462
0.0334568
0.0312987
0.0619644
0.048429
0.22001
0.251581
0.208979
0.089856
0.019801
0.0294202
0.059569
0.228483
0.228423
0.25509
0.195849
0.093899
0.0600003
0.0813304
0.110784
0.188438
0.272282
0.226214
0.0777453
0.0954367
0.121132
0.0882414
0.0753689
0.0605137
0.0925185
0.0376408
0.132493
0.242679
0.260552
0.154716
0.0905276
0.0650449
0.116922
0.125327
0.149365
0.265093
0.169479
0.0749301
0.0700758
0.0607634
0.0323333
0.0267354
0.138274
0.482877
0.374309
0.133922
0.0470063
0.0744219
0.101731
0.0314982
0.075326
0.0889194
0.100574
0.0869269
0.161024
0.121863
0.224182
0.0201531
0.0195022
0.0103724
0.0295073
0.0751273
0.255387
0.438167
0.191871
0.0261672
0.0459736
0.139117
0.168615
0.0863678
0.0905679
0.198121
0.446498
0.0350743
0.0110689
0.0356284
0.0653173
0.0508738
0.240975
0.384601
0.223227
0.00363543
0
0
0
0
0.00157882
0.363719
0.36836
0.044866
0.00337438
0.00258041
0
0.00597491
0.0291731
0.321767
0.351512
0.00887428
0
0
0
0.000530313
0.00552631
0.311251
0.351265
0.0171084
0.00546244
0.00674957
0
0.00643577
0.0791477
0.420118
0.319523
0.0821968
0.0761403
0.0497533
0.0429413
0.0492725
0.0629601
0.237332
0.260663
0.171868
0.187768
0.156532
0.111205
0.076268
0.0541935
0.12335
0.277103
0.0190317
0.0540326
0.0873951
0.0550305
0.0622383
0.244916
0.290387
0.121467
0.0164518
0.121786
0.211996
0.217221
0.301522
0.291913
0.17138
0.14101
0.17854
0.107939
0.176205
0.0422342
0.0513151
0.0250264
0.0198943
0.24308
0.428627
0.0994047
0.146558
0.0211157
0.0711343
0.0320314
0.0408148
0.0337113
0.0640887
0.0943436
0.169007
0.130543
0.355964
0.133211
0.0518094
0.106558
0.185732
0.102292
0.143042
0.0714804
0.453305
0.249289
0.112422
0.269502
0.316404
0.123512
0.0876745
0.0244931
0.0399645
0.0232745
0.0693591
0.300886
0.190466
0.223961
0.246706
0.0263093
0.045372
0.0330232
0.181523
0.145387
0.113488
0.125176
0.082593
0.0545976
0.148535
0.228265
0.188382
0.415427
0.151369
0.147039
0.152342
0.0449947
0.0722443
0.112107
0.20237
0.317526
0.0780663
0.119114
0.121864
0.0149011
0.0500104
0.0710707
0.240015
0.199625
0.0438522
0.0922833
0.15466
0.0899334
0.112765
0.136442
0.193142
0.451472
0.107174
0.0977846
0.126878
0.0338551
0.0419548
0.0341965
0.190578
0.318832
0.100041
0.215574
0.260635
0.123317
0.0770262
0.0928847
0.240199
0.0418939
0.0289121
0.122398
0.244821
0.0816544
0.0538777
0.0675609
0.0496606
0.0427591
0.0620388
0.18544
0.404932
0.135402
0.0497265
0.0155499
0.0238601
0.128004
0.0414671
0.1653
0.287191
0.091799
0.0364624
0.0622541
0.131087
0.0712971
0.112613
0.396289
0.517043
0.163101
0.0158766
0.0105583
0.0369925
0.182827
0.0607397
0.0653087
0.119013
0.0920357
0.0549872
0.02054
0.119403
0.357322
0.023214
0.00476817
0.0207752
0.0448745
0.0427612
0.0863222
0.315919
0.248405
0.164661
0.284747
0.283692
0.0726396
0.0165298
0.0114917
0.107486
0.334729
0.104398
0.0705652
0.017464
0.0321258
0.0211134
0.202469
0.443141
0.434838
0.0789668
0.0268957
0.0023811
0.015062
0.0248038
0.0361619
0.295333
0.308972
0.0445096
0.0295187
0.0487191
0.0110196
0.0393091
0.187745
0.491606
0.205297
0.0913905
0.0660668
0.00952441
0.060248
0.0430393
0.072056
0.175237
0.27413
0.0724399
0.0900059
0.0722678
0.0225621
0.0546214
0.103699
0.162785
0.114225
0.0300808
0.0213409
0.0486956
0.0234825
0.0672256
0.31789
0.215132
0.0637424
0.0179744
0.04357
0.0581208
0.114151
0.43845
0.510516
0.216932
0.114649
0.028489
0.0214103
0.0340079
0.0384573
0.0689925
0.103675
0.0768108
0.114542
0.0173729
0.00884729
0.0424058
0.131663
0.257817
0.246034
0.171856
0.0253484
0.0223151
0.0656317
0.0360756
0.121002
0.369267
0.211475
0.119572
0.0744022
0.0247797
0.0903152
0.0630843
0.143003
0.437434
0.34432
0.254182
0.0415153
0.0158863
0.0272543
0.0437459
0.143738
0.156629
0.147
0.138416
0.0579955
0.0168209
0.0588811
0.0890242
0.217083
0.191252
0.283842
0.194363
0.0514901
0.00928128
0.0332335
0.0268054
0.0398351
0.177355
0.317441
0.228516
0.133175
0.048587
0.0316343
0.0157292
0.0282668
0.188303
0.314275
0.180772
0.0461909
0.00487409
0.010138
0.0360967
0.0859989
0.210316
0.262581
0.162052
0.075654
0.016444
0.0065948
0.0157803
0.0650304
0.319845
0.457679
0.311594
0.115307
0.0425552
0.048445
0.0715596
0.0781124
0.0872659
0.0857531
0.120757
0.114939
0.0587307
0.187813
0.266768
0.151859
0.142819
0.118788
0.123779
0.0525371
0.0118624
0.00892035
0.024449
0.0698443
0.216498
0.357806
0.284587
0.0180759
0.0196055
0.0617445
0.126593
0.105025
0.33386
0.505022
0.182993
0.0545119
0.0260021
0.0994478
0.213575
0.0823449
0.0545284
0.0798293
0.0756666
0.0140409
0.0275896
0.143858
0.441792
0.388641
0.0621745
0.022555
0.0246026
0.000803356
0.0232928
0.0588879
0.148386
0.100732
0.116455
0.336762
0.0909347
0.00382342
0.00970165
0.0338292
0.198307
0.441792
0.25218
0.146792
0.10066
0.0953273
0.0781892
0.155224
0.20828
0.238253
0.0758426
0.0300084
0.0364801
0.171113
0.27829
0.108478
0.0244369
0.0579513
0.043059
0.110989
0.145523
0.179799
0.0376367
0.0173576
0.0699157
0.273427
0.204366
0.132847
0.214889
0.426149
0.426149
0.186332
0.0180283
0.0288507
0.0565481
0.0596436
0.165807
0.298612
0.031697
0.0199734
0.00282512
0.0178707
0.00793667
0.0383502
0.271925
0.408865
0.0430431
0.0319251
0.0137002
0.00458368
0.0124304
0.0571154
0.275137
0.307516
0.0835684
0.0310493
0.0239796
0.0110569
0.00785831
0.0161978
0.264013
0.376852
0.0527059
0.00452542
0.00186813
0.00546297
0.019221
0.10623
0.388939
0.245336
0.0167715
0.0104793
0.00999505
0.029956
0.0585906
0.173209
0.305759
0.152832
0.00547407
0.00850935
0.0571493
0.152113
0.171245
0.228071
0.236565
0.166582
0.0230807
0.000418242
0.0153599
0.07222
0.0884413
0.246965
0.376001
0.0598487
0.00984394
0.00719271
0.148087
0.336171
0.165936
0.216795
0.187428
0.0526771
0.00384831
0.0127887
0.0844796
0.156138
0.156396
0.199993
0.0995832
0.0288022
0.00450227
0.0337826
0.170955
0.179949
0.23743
0.613346
0.1677
0.035161
0.0134036
0.038364
0.107058
0.142987
0.0977941
0.116884
0.0514221
0.0253527
0.0142229
0.0875086
0.25192
0.0533071
0.151307
0.295679
0.0474537
0.0752305
0.011229
0.0137942
0.0848931
0.0993646
0.154117
0.303209
0.161835
0.184407
0.0453254
0.0131097
0.0657515
0.15764
0.308733
0.328993
0.341578
0.0367058
0.0263723
0.0347501
0.169145
0.0961939
0.138765
0.163453
0.0590491
0.158318
0.179116
0.213423
0.176941
0.205172
0.271015
0.105103
0.112048
0.0556641
0.0133746
0.00157933
0.0196975
0.0538404
0.175436
0.287323
0.182799
0.0193499
0.0175194
0.00974881
0.0205537
0.0218376
0.186068
0.569796
0.233935
0.0606977
0.0669127
0.117574
0.0840148
0.0802535
0.093371
0.089725
0.0983522
0.0506336
0.0272624
0.0389209
0.0418878
0.033312
0.159039
0.467642
0.247454
0.016301
0.0701285
0.0559822
0.120807
0.0943304
0.0853701
0.423409
0.201451
0.0195093
0.0711847
0.110112
0.242291
0.228306
0.22634
0.161302
0.162414
0.0490771
0.0894093
0.0523072
0.0701612
0.0434493
0.185646
0.36268
0.201901
0.0871646
0.190828
0.229328
0.292411
0.051569
0.13372
0.118525
0.0913276
0.198896
0.0275248
0.0343179
0.109255
0.0878284
0.180513
0.145378
0.306846
0.552972
0.214429
0.0875958
0.0339838
0.00663971
0.0566753
0.0797145
0.327749
0.095424
0.0793547
0.113661
0.171172
0.0221153
0.0989319
0.103883
0.11162
0.305346
0.0529315
0.0233842
0.0399142
0.0103985
0.0539734
0.109903
0.233249
0.177933
0.216283
0.0797746
0.0688878
0.0965742
0.132119
0.0392585
0.124784
0.203131
0.189929
0.0865967
0.0253094
0.0549731
0.123795
0.148205
0.318485
0.0558838
0.0912509
0.0371276
0.0795112
0.19574
0.263958
0.118943
0.13616
0.145067
0.327396
0.275188
0.0759721
0.0933185
0.154956
0.0899147
0.215291
0.0283859
0.0393656
0.0588433
0.0792947
0.132099
0.0948955
0.111236
0.112966
0.00959433
0.00684119
0.0318118
0.27181
0.399757
0.0880781
0.0632776
0.0275586
0.0433515
0.156776
0.25705
0.174195
0.0767243
0.0286869
0.016975
0.035665
0.0070179
0.0608919
0.266377
0.53889
0.236117
0.0111311
0.0105938
0.00562924
0.0352665
0.0214734
0.0800008
0.226012
0.270648
0.103059
0.0874226
0.0292152
0.0628514
0.0532784
0.108192
0.175985
0.111895
0.240068
0.202395
0.0103164
0.0446033
0.0942904
0.267367
0.412246
0.188621
0.0411574
0.0449172
0.0301905
0.147331
0.10159
0.161047
0.174847
0.277712
0.135646
0.0609128
0.0622045
0.0100031
0.0132024
0.0346716
0.0993008
0.102771
0.143671
0.048036
0.00316392
0.032623
0.126161
0.199774
0.143044
0.220034
0.351891
0.0311948
0.0167265
0.0215257
0.00739944
0.0562503
0.188913
0.205083
0.104182
0.00823362
0.00823268
0.00342122
0.0242516
0.122645
0.224492
0.408676
0.545364
0.0584829
0.0118577
0.0350089
0.135606
0.24788
0.0866055
0.111824
0.201204
0.0507525
0.0576833
0.0780715
0.0876596
0.192627
0.0749523
0.0454039
0.151325
0.254714
0.169464
0.013509
0.0444757
0.109173
0.0967006
0.285263
0.477309
0.113328
0.0418765
0.0467885
0.117484
0.261017
0.203043
0.254948
0.17752
0.111794
0.119169
0.104096
0.0968961
0.0962869
0.0683314
0.035709
0.280198
0.42436
0.166057
0.236593
0.261869
0.2489
0.183138
0.0298214
0.180793
0.23026
0.112358
0.0830454
0.0994859
0.204365
0.151734
0.109218
0.119102
0.187111
0.187142
0.120952
0.106623
0.0943062
0.0568262
0.0684511
0.108624
0.117497
0.120038
0.219834
0.304117
0.327176
0.241605
0.0289399
0.0805273
0.156932
0.127812
0.341151
0.169291
0.199463
0.160316
0.0433276
0.0497988
0.162563
0.191847
0.0739419
0.165324
0.112037
0.0423423
0.0601344
0.0764296
0.088909
0.0642579
0.0546776
0.090663
0.198351
0.147466
0.130385
0.148159
0.167627
0.039939