0.106283
0.0159963
0.0133549
0.0110201
0.017173
0.0338524
0.134882
0.204938
0.0454304
0.0171801
0.0811379
0.179887
0.425933
0.145583
0.137865
0.0931333
0.163727
0.0493924
0.0710034
0.0275627
0.0160912
0.0401504
0.0967292
0.132266
0.0833691
0.0470406
0.371271
0.480193
0.295729
0.0312329
0.0898527
0.0569414
0.0262005
0.00829544
0.0243533
0.137435
0.233238
0.0389861
0.0077138
0.00965737
0.0173886
0.00482069
0.0203588
0.390923
0.349807
0.0326942
0
0.00456276
0.0369475
0.00426464
0.0979027
0.234336
0.202204
0.0601996
0.00495084
0.0182101
0.0246317
0
0.0355231
0.446173
0.514917
0.101203
0
0.0109888
0.0178742
0.0251333
0.0603383
0.39489
0.235787
0.0147124
0
0.0139871
0.135333
0.0551625
0.0640002
0.102275
0.0390986
0.0105448
0.0179684
0.12969
0.00181845
0.00988588
0.072834
0.582217
0.426642
0.0347673
0
0.00557118
0.0910762
0.0181246
0.0817109
0.280292
0.150628
0.0288043
0.0134431
0.0792463
0.310261
0.0352768
0.0206805
0.0122031
0.0193757
0.0304526
0.0594033
0.241988
0.539142
0.108837
0.0540903
0.00558107
0.00414752
0.0145705
0.0324492
0.226051
0.248295
0.00634979
0.0242687
0.0565478
0.0656004
0.0432481
0.0559634
0.190306
0.437111
0.00490709
0
0
0.0025941
0.0193053
0.0692298
0.276255
0.415043
0.0864889
0.0378209
0.00218057
0
0.00127207
0.00129392
0.215954
0.323525
0.1066
0.022043
0.000837609
0.00361234
0.00839317
0.0605209
0.225059
0.415614
0.0171017
0.00877632
0.000934085
0
0.00927367
0.0272391
0.266665
0.39443
0.0484991
0.0299356
0.00373634
0
0.0203531
0.0924274
0.279827
0.142892
0.050089
0.00892758
0.000277944
0.00316111
0.00579627
0.13749
0.19046
0.275718
0.00693927
0.00129203
0.000526705
0.00509328
0.00667035
0.122799
0.221922
0.311797
0.024749
0.0103196
0.00123983
0
0.00900997
0.110973
0.280222
0.564043
0.00924846
0.00562627
0
0
0.0122152
0.0495083
0.390513
0.203538
0.00367698
9.2993e-005
0.000317057
0.00241176
0.0140879
0.0717141
0.238205
0.0797226
0.000219276
0
0.00119748
0.00673054
0.0474961
0.25051
0.52659
0.318233
0.0166366
0.00644147
0.00190947
0.00819948
0.00572716
0.030971
0.357011
0.127762
0.0423726
0.0593582
0.105737
0.0966447
0.052756
0.115545
0.38751
0.0455909
0.0204737
0.0607594
0.038094
0.0179071
0.03338
0.0391832
0.0474911
0.0272116
0.0201411
0.179931
0.420822
0.235369
0.0115394
0.0257198
0.0208532
0.0215032
0.00859313
0.0591294
0.0915942
0.0552088
0.0337776
0.0119242
0.0356629
0.0271409
0.0182291
0.127252
0.719092
0.249606
0.016374
0.000592655
0.00994804
0.0117385
0.0056189
0.0339783
0.19545
0.129339
0.0230144
0.00115889
0.00616922
0.00770944
0.00302859
0.0473973
0.490982
0.199718
0.0325308
0
0.00382733
0.023598
0.0172061
0.0125665
0.327609
0.202914
0.00342313
0
0.000261519
0.0155576
0.0113391
0.0262322
0.533048
0.414127
0.00371374
0.00225121
0.00118499
0.000105715
0.0037345
0.109268
0.601455
0.155548
0.012039
6.31103e-005
0.00697103
0.0122985
0.00684475
0.0700105
0.175543
0.0851825
0.0583376
0.0205955
0.0293303
0.0017447
0.000962723
0.0594405
0.601043
0.283576
0.0110889
0.021203
0.0447023
0.0139978
0.0068129
0.0349101
0.0799546
0.10464
0.0621886
0.0467814
0.0877176
0.0728554
0.00868161
0.023533
0.0410756
0.0792451
0.112912
0.120508
0.153325
0.308312
0.0215832
0.000957219
0
0.00376228
0.0251401
0.123638
0.354778
0.0685935
0.0762371
0.076166
0.069679
0.0894536
0.0882778
0.0845139
0.149787
0.479556
0.378151
0.194094
0.107756
0.00791959
0.00615816
0.040207
0.26138
0.269767
0.0211191
0.00418731
0.000445665
0
0.00308775
0.0156281
0.130455
0.38403
0.107854
0.02265
0.00350582
0
0.00436332
0.013175
0.111338
0.466514
0.165305
0.0464294
0.0338875
0.0022748
0.00269589
0.0298307
0.137464
0.525628
0.213394
0.040207
0.034905
0.0155972
0.0197793
0.11417
0.215315
0.305841
0.0881436
0.016073
0.00565253
0
0.0020696
0.00880852
0.128222
0.416107
0.0248549
0.00578608
0.00344503
0
0.00612304
0.0291495
0.317012
0.305583
0.166929
0.0498713
0.0310275
0.0425806
0.0620564
0.105744
0.204476
0.31357
0.052182
0.0196656
0.0293671
0.0919519
0.162115
0.168237
0.423858
0.284902
0.0156415
0.00409761
0.00121467
0.00521594
0.0199924
0.144821
0.409456
0.119459
0.115641
0.117924
0.078903
0.0520478
0.0331684
0.150063
0.210122
0.157269
0.00788949
0.0137579
0.0537051
0.206595
0.19485
0.283291
0.383829
0.0544632
0.139302
0.165614
0.0748108
0.164821
0.13637
0.224491
0.137406
0.00803333
0.0019707
0.0158511
0.0413447
0.0638374
0.0516202
0.092051
0.0545781
0.00625835
0.00728579
0.0462135
0.464798
0.16219
0.047233
0.00750618
0.00216815
0.00431085
0
0
0.034442
0.200369
0.299241
0.315516
0.126722
0.037775
0.00105794
0.0262891
0.442114
0.414313
0.188647
0.0650865
0.029597
0.00923386
0.0108243
0.0191521
0.317385
0.137307
0.00381507
0
3.18661e-005
0.00683278
0.00739192
0.0111056
0.45043
0.375398
0.00826362
0.00480818
0.00262616
0.0377492
0.00851464
0.0698975
0.357812
0.137499
0.0363375
0.0266749
0.019993
0.0314626
0.0235739
0.087543
0.491129
0.27368
0.0741545
0.0207004
0.0138028
0.0164558
0.00612109
0.00276083
0.422223
0.405164
0.0318739
0.0475859
0.0613004
0.0868842
0.0197927
0.00729038
0.026023
0.100578
0.0336226
0.0916003
0.166573
0.0771789
0.0791484
0.0500056
0.400834
0.325537
0.15663
0.0701319
0.0768612
0.282911
0.20572
0.0323414
0.0498927
0.0446598
0.027633
0.0642145
0.238661
0.114791
0.0703799
0.0665186
0.0398457
0.037183
0.011062
0.0367426
0.0876943
0.154087
0.241539
0.188945
0.116323
0.0203128
0.000388524
0.0023653
0.0410487
0.390059
0.256356
0.0527003
0.0120359
0.0232699
0.00329512
0.0267509
0.172086
0.283134
0.577852
0.242291
0.0996694
0.04482
0.00682978
0.0454699
0.0640576
0.136338
0.160537
0.0704332
0.0525906
0.0115452
0.00550701
0.0176932
0.0499799
0.20172
0.236596
0.116947
0.054307
0.00815722
0.0147502
0.064244
0.113041
0.104743
0.492258
0.151964
0.0582116
0.0446714
0.0071934
0.0377064
0.0283333
0.20611
0.608789
0.216916
0.0392362
0.0296565
0.0385696
0.0452053
0.0659647
0.194741
0.150343
0.063327
0.0418359
0.0478147
0.0907492
0.129361
0.170154
0.0893176
0.0471499
0.0263315
0.073622
0.169566
0.256506
0.19354
0.188292
0.223952
0.276642
0.131295
0.194905
0.0904298
0.1054
0.0673608
0.0830367
0.0908894
0.089222
0.101361
0.471833
0.322382
0.206588
0.128299
0.0640766
0.010598
0.0350774
0.0629274
0.186343
0.255301
0.180595
0.119585
0.0852078
0.011494
0.125975
0.177482
0.206252
0.162292
0.0605758
0.0360214
0.00999139
0.0521927
0.127582
0.159649
0.390241
0.270676
0.116893
0.0756477
0.0289218
0.166433
0.399486
0.290076
0.218458
0.11406
0.0286679
0.00323898
0.0486867
0.0186379
0.00480709
0
0.0275083
0.307508
0.296643
0.146228
0.0531594
0.205294
0.0290682
0.00845468
0.0967303
0.22381
0.1622
0.0866471
0.0970518
0.105326
0.0657758
0.0128
0.155861
0.341699
0.183845
0.0908313
0.0642117
0.534755
0.183107
0.0108848
0.0144019
0.0728814
0.103027
0.122267
0.166074
0.261286
0.0726515
0.0847048
0.160071
0.0854194
0.0504351
0.0655388
0.119739
0.165683
0.244591
0.221527
0.32651
0.129798
0.0695497
0.0250409
0.0529638
0.392201
0.151506
0.0500441
0.0346935
0.0140255
0.0832666
0.126763
0.143166
0.154658
0.321701
0.171758
0.193856
0.031579
0.25806
0.207368
0.0598147
0.0722028
0.175607
0.109724
0.161328
0.0955377
0.0755072
0.0236874
0.0512635
0.210361
0.254192
0.112712
0.105129
0.0904607
0.0298545
0.011072
0.0817304
0.0505633
0.221401
0.104525
0.14593
0.157014
0.255257
0.1863
0.0591106
0.117692
0.221484
0.140276
0.253411
0.333932
0.281182
0.368452
0.0944484
0.292904
0.224021
0.0507789
0.033533
0.0604962
0.0291245
0.0255196
0.102848
0.170657
0.216106
0.112515
0.0462771
0.117063
0.0826191
0.130898
0.112828
0.163617
0.159348
0.0566886
0.133837
0.184458
0.16471
0.36303
0.133773
0.222321
0.0715909
0.0322026
0.0631226
0.23704
0.218706
0.338759
0.282217
0.0836912
0.287777
0.118875
0.0583808
0.114498
0.0570557
0.168944
0.0910423
0.149383
0.301189
0.0819935
0.0189496
0.123499
0.134929
0.122037
0.113431
0.341364
0.110606
0.0473212
0.0704097
0.135025
0.121608
0.22418
0.330914
0.239334
0.230944
0.153365
0.163834
0.155511
0.145993
0.116181
0.204109
0.0696138
0.101728
0.0635798
0.2077
0.0993188
0.102961
0.0223394
0.0311865
0.024731
0.0428255
0.0791056
0.532275
0.201784
0.0405937
0.0126808
0.00318498
0.0958532
0.206621
0.159078
0.212651
0.0947836
0.0925741
0.0166111
0.0542627
0.0615029
0.114467
0.168398
0.538409
0.20039
0.0205136
0
0.0229207
0.0324507
0.0704428
0.109505
0.375728
0.239214
0.0578711
0.0201554
0.0127881
0.135685
0.197807
0.156103
0.109697
0.132927
0.0811245
0.0524468
0.0999595
0.0323312
0.122585
0.145244
0.529812
0.276221
0.053836
0.0136122
0.00714467
0.119841
0.144008
0.0891002
0.133265
0.124836
0.141985
0.229466
0.0741579
0.0751041
0.123609
0.0267451
0.146491
0.169784
0.147975
0.167946
0.0860578
0.301559
0.255787
0.0877307
0.032872
0.0289717
0.0814507
0.115032
0.0902842
0.00285081
0.0570281
0.0948127
0.321477
0.22207
0.184056
0.203318
0.0700648
0.0237787
0.276083
0.337461
0.363188
0.0843108
0.114313
0.0768286
0.0529054
0.116755
0.0878212
0.0520893
0.0119438
0.0259456
0.170615
0.15374
0.0335372
0.0310387
0.0566248
0.031135
0.0487444
0.0391205
0.345302
0.315896
0.0449963
0.0156293
0.157639
0.165096
0.0706438
0.0520728
0.308418
0.167768
0.00831957
0.0149576
0.0263532
0.0194703
0.00113215
0.104868
0.512433
0.404328
0.0866574
0.0135811
0.0401628
0.0124295
0.0378574
0.0657195
0.215512
0.318919
0.0609954
0.00582117
0.0281867
0.0180102
0.0718537
0.12799
0.261684
0.557983
0.0993828
0.017661
0.00112796
0
0.00230736
0.033106
0.161333
0.309152
0.148967
0.013609
0.00077903
0
0.0146781
0.0449138
0.148179
0.406761
0.176535
0.00746825
0.0132992
0.00650464
0.0338857
0.0464326
0.151323
0.427713
0.0563518
0.103204
0.0321272
0.00652773
0.0269745
0.0509442
0.153139
0.429775
0.122254
0.0168922
0.00171835
0.000340335
0.00746204
0.0199067
0.13791
0.378749
0.0590097
0.0355054
0.00739233
0.00208292
0.00914413
0.0254984
0.18823
0.53544
0.0745374
0.19187
0.0389502
0.0306483
0.102178
0.0414256
0.0548656
0.163952
0.171201
0.119321
0.123032
0.175167
0.371512
0.0556753
0.0237764
0.0269771
0.0963427
0.0786829
0.0268881
0.0420924
0.0889769
0.0255983
0.0701918
0.508202
0.177848
0.118302
0.143657
0.18335
0.423595
0.0454
0.0257486
0.134088
0.211206
0.103695
0.211063
0.167849
0.26963
0.058769
0.0225945
0.00571087
0.0696046
0.0926306
0.089463
0.0910532
0.311377
0.267487
0.0161527
0.00076374
0.0485798
0.158299
0.197061
0.142023
0.328779
0.0865597
0.0445339
0.0385944
0.128152
0.120687
0.0566405
0.0673561
0.495804
0.293403
0.0363631
0.0167565
0.0524838
0.0260019
0.0549577
0.0765077
0.291701
0.274212
0.00682973
0.00201032
0.00487171
0.0727061
0.0734946
0.0675398
0.0890344
0.081997
0.0394424
0.116196
0.0507747
0.0153098
0.00469459
0.138087
0.580283
0.329481
0.00525505
0.000189672
0.00450647
0.194552
0.100105
0.286608
0.283921
0.142597
0.00635074
0.0389231
0.124297
0.0157411
0.0480407
0.112664
0.315873
0.160791
0.0796881
0.0945651
0.0728589
0.0228544
0.166855
0.272773
0.496134
0.112024
0.0528309
0.0444791
0.0540342
0.0530411
0.0466662
0.0435921
0.0948005
0.0351315
0.0750502
0.246217
0.2788
0.107256
0.118442
0.0996795
0.33869
0.165298
0.0274131
0.0814922
0.205734
0.00226161
0.0847983
0.131568
0.157967
0.162401
0.177134
0.0648198
0.00237231
0.0011898
0.0141096
0.0169708
0.0100172
0.300797
0.391498
0.218698
0.0570897
0.019845
0.0371018
0.0557411
0.165028
0.296595
0.0852127
0.00651705
0.0126506
0.000699071
0.00898326
0.0223569
0.0944502
0.566785
0.224505
0.134296
0.0286503
0.00537698
0
0
0.0114514
0.122609
0.198105
0.271341
0.157639
0.0201206
0.0017259
0
0.0578188
0.118523
0.0968992
0.30077
0.156443
0.00990521
0.0162871
0.0193063
0.127068
0.279102
0.127558
0.293372
0.1305
0.0227094
0.0119606
0.00730934
0.0749843
0.0639655
0.0429595
0.557341
0.29325
0.039103
0.0149641
0.00112297
0.0394463
0.0748716
0.10493
0.276721
0.0802704
0.0397798
0.0195068
0.00168446
0.02508
0.0978323
0.194304
0.594234
0.0798917
0.0385249
0.0259931
0.00174848
0.0270901
0.0414274
0.0309518
0.416233
0.224954
0.0719167
0.0379225
0.00252669
0.0403843
0.105023
0.100468
0.347168
0.178093
0.0608046
0.0256401
0.0187022
0.0166407
0.0401692
0.0780687
0.437243
0.19734
0.12652
0.0989261
0.0702742
0.0916708
0.0212291
0.105648
0.281195
0.334776
0.0876131
0.010504
0.00212462
0.0160322
0.0558275
0.0967684
0.225
0.156747
0.0935131
0.0114977
0.0109973
0
0.0111278
0.149147
0.48521
0.287627
0.12102
0.087717
0.04535
0.0990305
0.0386837
0.0959034
0.118542
0.114598
0.0773432
0.046788
0.0732092
0.520567
0.139262
0.0355501
0.0363201
0.0269177
0.106697
0.0467802
0.050071
0.0253094
0.00704512
0.0956198
0.366958
0.182278
0.136183
0.0984638
0.19966
0.500703
0.122554
0.0408342
0.112742
0.125081
0.00368335
0.00560455
0.137532
0.387751
0.084485
0.00214788
1.59086e-005
0.000347167
0.0808081
0.0765959
0.284598
0.300899
0.0477856
0
0.0012932
0.0369559
0.0153194
0.0174813
0.137491
0.437812
0.204164
0.0433007
0.00212351
0.00912155
0.0089199
0.0247544
0.171941
0.404878
0.36062
0.0758558
0.0130583
0.0070291
0.125994
0.047341
0.0339031
0.0231715
0.00431887
0.0379246
0.276112
0.452691
0.296394
0.169846
0.0593617
0.149156
0.109655
0.0533183
0.135963
0.3895
0.0999681
0.0705606
0.0847997
0.0368864
0.0185233
0.0906656
0.113049
0.204606
0.177918
0.0938517
0.080058
0.0424713
0.0410361
0.146608
0.163265
0.209359
0.0453946
0.0483645
0.0367221
0.108127
0.158972
0.0646308
0.0247712
0.0283861
0.00180786
0.015482
0.0530261
0.226811
0.554264
0.106765
0.0422895
0.00905756
0.0274798
0.0198228
0.0204061
0.0973485
0.128637
0.131345
0.0714905
0.021922
0.00197339
0.0555596
0.212504
0.402986
0.475177
0.107626
0.0249693
0.00971007
0.0159768
0.0255332
0.0669576
0.229369
0.436693
0.0863573
0.092615
0.0706685
0.0245449
0.0157684
0.0238607
0.081048
0.0619544
0.0594381
0.370998
0.198259
0.00987389
0.090634
0.253324
0.297627
0.424405
0.104607
0.0496738
0.0473489
0.0626761
0.0830387
0.098455
0.112412
0.156467
0.0950807
0.106507
0.0504055
0.0231744
0.00883774
0.00267959
0.0075655
0.00708955
0.0266925
0.411281
0.214991
0.0374246
0.0102856
0.000703647
0.0104494
0.0366867
0.131441
0.541799
0.233488
0.131241
0.0458677
0.0277866
0.0201761
0.0196325
0.0210806
0.135581
0.105706
0.0918998
0.00425552
0.00101973
0
0.0356642
0.221284
0.432662
0.155153
0.026464
0.000906504
4.07539e-005
0.0043042
0.0218045
0.127148
0.309772
0.0744303
0.0257068
0.000755247
0.00248153
0
0.0027852
0.0894482
0.471806
0.214073
0.0225102
0.00469857
0.00786404
0.000537244
0.0234514
0.168061
0.311167
0.0942454
0.0911594
0.0242954
0.0222104
0.00214898
0.00357354
0.0493746
0.356352
0.510106
0.0485786
0.0145557
0.0182909
0.00111878
0
0.0243148
0.302544
0.259987
0.114739
0.0423056
0.106523
0.134948
0.0663529
0.0606204
0.134842
0.227338
0.0615502
0.0102278
0.00498351
0.000559077
0
0.0031839
0.240924
0.536388
0.0803595
0
0.00745275
0.0019944
0.0102692
0.0655738
0.349318
0.41128
0.0244113
0.00901328
0.046376
0.135665
0.18491
0.171661
0.0489833
0.0309948
0
0
0.0113057
0.118329
0.340227
0.31596
0.140807
0.0421655
0.0204527
0
0.0039354
0.00160027
0.0364741
0.200572
0.266883
0.113593
0
0
0
0.00218856
0.0610049
0.368748
0.551347
0.190377