0.18317
0.0440607
0.139625
0.0395247
0.0486062
0.0238742
0.0686893
0.389188
0.29973
0.0871144
0.218987
0.0945606
0.140387
0.0799647
0.0570195
0.379303
0.158399
0.0898468
0.148295
0.0937307
0.0684377
0.0559342
0.0986633
0.19174
0.337108
0.113652
0.146457
0.0806506
0.0795302
0.045062
0.194334
0.313708
0.247777
0.136607
0.133121
0.0650859
0.08365
0.0461134
0.0582526
0.184947
0.307956
0.154606
0.132235
0.0468666
0.0432554
0.20977
0.300873
0.265433
0.265617
0.0602865
0.0460256
0.0440452
0.0852114
0.0743134
0.183449
0.210546
0.27549
0.121665
0.0179647
0.0517577
0.152736
0.171058
0.327259
0.212352
0.283014
0.0615421
0.0247538
0.0129889
0.0161341
0.145675
0.214576
0.343682
0.232042
0.083814
0.057158
0.0215637
0.0216392
0.152226
0.181457
0.371654
0.261407
0.108645
0.0276489
0.0272815
0.091057
0.140006
0.255288
0.16956
0.250115
0.132799
0.0754344
0.0555048
0.0950474
0.135475
0.229719
0.246969
0.138577
0.208261
0.0571487
0.0258756
0.0417275
0.105631
0.122738
0.230023
0.291486
0.244692
0.038316
0.0797445
0.0978918
0.106693
0.122727
0.290234
0.195252
0.196356
0.0453912
0.0477478
0.11142
0.0983576
0.151432
0.240622
0.310426
0.176897
0.0576214
0.106862
0.129761
0.113312
0.225732
0.367884
0.312753
0.162123
0.0940545
0.0933154
0.0478665
0.0449
0.108659
0.293345
0.239224
0.159301
0.211651
0.0829646
0.0478707
0.118795
0.162444
0.202393
0.311571
0.163678
0.11769
0.158798
0.0828305
0.0497863
0.120961
0.277691
0.285984
0.167991
0.224987
0.14213
0.0782364
0.134318
0.0569576
0.160711
0.291995
0.120441
0.145007
0.0850136
0.1275
0.290811
0.181735
0.151371
0.136691
0.147754
0.125295
0.171721
0.134937
0.237878
0.0928664
0.110155
0.30691
0.221168
0.209241
0.133637
0.0210626
0.146072
0.055653
0.162709
0.154273
0.382247
0.142828
0.0719411
0.00858461
0.0946622
0.0668055
0.120468
0.209482
0.275261
0.173948
0.26625
0.156497
0.122941
0.0677451
0.110294
0.13034
0.106308
0.115814
0.214404
0.148333
0.118412
0.054692
0.0486157
0.135959
0.466006
0.178466
0.0694264
0.0575529
0.128009
0.0810283
0.0515899
0.0366596
0.278412
0.161964
0.174937
0.135262
0.202324
0.0674684
0.0123635
0.238759
0.0857116
0.0464769
0.0411713
0.0315181
0.0456552
0.168757
0.380562
0.268399
0.164895
0.0830092
0.0377092
0.0282897
0.0360176
0.339894
0.321316
0.213625
0.0395104
0.00726971
0
0.00949234
0.0319819
0.133625
0.323342
0.273767
0.105052
0.0304663
0
0.0112679
0.0228157
0.206313
0.291157
0.207191
0.0446225
0.0221462
0.0307877
0.0503495
0.0525012
0.339018
0.198779
0.412871
0.168597
0.00299585
0.0479145
0.0936456
0.0808555
0.20353
0.195091
0.23399
0.0471024
0.00951362
0.00589804
0.0138639
0.00891133
0.207657
0.270451
0.412871
0.147569
0.00128458
0.0513317
0.0399995
0.0334969
0.135538
0.259732
0.275135
0.128962
0.0206623
0.026783
0.0751965
0.12044
0.205738
0.136845
0.258317
0.0930494
0.0704009
0.0316396
0.0894128
0.136815
0.337328
0.193548
0.283587
0.145211
0.00774384
0.0316227
0.0279367
0.0756765
0.181292
0.171367
0.261173
0.142456
0.067146
0.0105529
0.0113258
0.0864957
0.380616
0.33314
0.314053
0.142372
0.0560923
0.0188834
0.0553296
0.0435679
0.129659
0.158826
0.405737
0.275688
0.060296
0.0541166
0.0392095
0.0250646
0.0765882
0.212038
0.373754
0.16958
0.0719153
0.00214717
0.000782396
0.0160443
0.130696
0.194871
0.405737
0.285534
0.043533
0.00795429
0.000328308
0.000954885
0.00391243
0.114849
0.376696
0.321436
0.124008
0.161225
0.0257385
0.0120101
0.0401089
0.135032
0.271945
0.203572
0.128428
0.155878
0.0257874
0.0422986
0.0196137
0.0926052
0.428984
0.306013
0.0664662
0.0420722
0.000642954
0
0.00229113
0.0798263
0.3399
0.248387
0.0437135
0.0431127
0.00471767
0.000145138
0.00469209
0.106954
0.330084
0.34582
0.147124
0.107724
0.00950759
0.0468026
0.0281002
0.106912
0.177162
0.316371
0.0713504
0.0716247
0.0740881
0.0153919
0.119856
0.0869123
0.370651
0.333665
0.0329212
0.0174418
0.0137864
0.0178525
0.0295471
0.189268
0.183101
0.152789
0.0195613
0.0872417
0.160808
0.220236
0.183399
0.151628
0.0753664
0.172404
0.0744359
0.140234
0.135097
0.0456664
0.10172
0.0527703
0.0289931
0.15278
0.139907
0.218676
0.175948
0.11024
0.0447821
0.0163121
0.166023
0.177263
0.0722806
0.146862
0.199663
0.255774
0.229165
0.124938
0.383615
0.196612
0.10455
0.115376
0.122076
0.235287
0.285194
0.224429
0.206486
0.0490304
0.0152977
0.0134822
0.0115614
0.0489458
0.105299
0.258063
0.379132
0.133135
0.0168163
0.0188406
0.0208081
0.0324714
0.075656
0.267802
0.249339
0.0722897
0.0391776
0.0434815
0.0437172
0.0320793
0.142967
0.221144
0.551625
0.21316
0.0632467
0.0871041
0.0517277
0.0144992
0.0998912
0.204347
0.272131
0.12569
0.00472606
0.00867109
0.0143171
0.00401195
0.0318213
0.21489
0.47408
0.214091
0.0239634
0.0406414
0.0316568
0.0161683
0.0272836
0.198177
0.437783
0.198891
0.0176263
0.0237054
0.00551289
0.000120572
0.0286267
0.153604
0.385763
0.188988
0.042583
0.0311563
0.0152056
0.00989613
0.0771866
0.198588
0.363187
0.218027
0.0644651
0.0473158
0.0194991
0.0207652
0.0717059
0.170739
0.344709
0.258028
0.0899125
0.0362804
0
0.0252242
0.168417
0.376602
0.211978
0.0980099
0.0942235
0.0693122
0.0322601
0.00788479
0.0409753
0.156097
0.369401
0.216257
0.0971051
0.0498965
0.0288291
0
0.0133433
0.233107
0.327671
0.182162
0.0329676
0.0183599
0.000541107
0.00724728
0.0520272
0.219235
0.571463
0.184322
0.0155338
0.0142894
0.0212732
0.0114682
0.0106858
0.130702
0.29082
0.174355
0.0776068
0.0423889
0.00620265
0.00446146
0.00960415
0.133909
0.404411
0.174852
0.0595373
0.0386262
0.0371095
0.0261644
0.0228729
0.171695
0.533358
0.130217
0.0377656
0.0050326
0.0220257
0.0105354
0.0134677
0.131117
0.358335
0.165733
0.0587844
0.0156006
0.0400038
0.00405292
0.0090622
0.204718
0.397392
0.102536
0.0488465
0.0080922
0.0429896
0.0236175
0.0430927
0.182746
0.255359
0.0967213
0.114744
0.0205286
0.0700456
0.0112914
0.129555
0.309002
0.248453
0.175796
0.0279608
0.0282786
0.0349764
0.0175423
0.0155539
0.18267
0.166733
0.119226
0.0242601
0.0461612
0.0847785
0.242484
0.148934
0.168247
0.309606
0.177465
0.0815508
0.0382239
0.0395443
0.0179988
0.092799
0.39632
0.292113
0.332723
0.169626
0.0935617
0.0622198
0.120451
0.110521
0.257916
0.123403
0.0881819
0.037728
0.0269414
0.0581986
0.156619
0.165576
0.112016
0.375236
0.132616
0.0765962
0.0106457
0.0193525
0.0727234
0.170166
0.211618
0.156295
0.195542
0.127981
0.0476892
0.0678745
0.137921
0.138483
0.0921813
0.415252
0.4107
0.257396
0.0200988
0.065318
0.156943
0.0955295
0.110759
0.245046
0.0527225
0.0124676
0.0302065
0.0414334
0.0564947
0.244207
0.288553
0.435002
0.143269
0.0621741
0.0473682
0.0396916
0.0960752
0.289077
0.271153
0.0990085
0.0436127
0.0178659
0.0732564
0.0880273
0.0687826
0.152713
0.150817
0.0944906
0.0354944
0.0418377
0.0550868
0.0494149
0.187857
0.393365
0.182359
0.351809
0.0811449
0.0334725
0.01401
0.00414469
0.0449204
0.118474
0.199327
0.200492
0.0386189
0.0222392
0.0188959
0.0315084
0.0462403
0.369349
0.280083
0.0679414
0.00587411
0.0262934
0.0112967
0.00357222
0.180038
0.260905
0.128068
0.0461766
0
0.0119696
0.00239392
0.00911209
0.164525
0.534825
0.198244
0.125729
0.0173474
0.0249618
0.0335527
0.0329997
0.0194944
0.224426
0.215074
0.378993
0.113181
0.041336
0.0572223
0.0346766
0.0157614
0.070512
0.225024
0.0562782
0.00148313
0.00146651
0.000293301
0.00821834
0.0762952
0.466255
0.183591
0.198156
0.0600241
0.00679145
0.057071
0.060216
0.104334
0.483133
0.203974
0.391484
0.214419
0.103775
0.0818542
0.0247162
0.0206507
0.0353112
0.120976
0.472098
0.18299
0.0864045
0.0718835
0.0241824
0.0190028
0.0505917
0.235199
0.232477
0.135289
0.0342684
0.113001
0.0527127
0.0973822
0.288334
0.188594
0.231972
0.0953085
0.0480385
0.122977
0.0204549
0.0275712
0.157341
0.202344
0.401317
0.0625893
0.0151968
0.0112225
0.0306468
0.0388937
0.104527
0.287263
0.248525
0.0685906
0.0639081
0.042157
0.0842095
0.0448781
0.23682
0.437642
0.108336
0.0547983
0.0471903
0.062859
0.0411196
0.0568104
0.127742
0.187517
0.0613399
0.287406
0.264244
0.105448
0.124021
0.0978875
0.149199
0.185536
0.160712
0.111074
0.065501
0.0425878
0.0271921
0.0355754
0.116464
0.387591
0.178351
0.278716
0.167569
0.100055
0.0340772
0.0760228
0.108725
0.238139
0.0462721
0.315754
0.182
0.124741
0.0974479
0.070016
0.0558854
0.126052
0.0407457
0.18146
0.12512
0.444142
0.211016
0.0976093
0.0502878
0.0752723
0.109887
0.188625
0.1189
0.0574275
0.0494293
0.168203
0.0819382
0.0470566
0.203854
0.461032
0.277078
0.0436153
0.0524011
0.223705
0.0466867
0.0235596
0.0297647
0.0720066
0.10044
0.284099
0.161018
0.124953
0.021744
0.0108058
0.0475003
0.218928
0.258029
0.305973
0.253437
0.154386
0.0163455
0.013506
0.0927526
0.0141066
0.00975308
0.0175943
0.0234531
0.0210984
0.0398489
0.116373
0.0954336
0.0242962
0.0148187
0.0181471
0.0180537
0.0367182
0.0706432
0.0884109
0.342134
0.0861994
0.0693842
0.0911758
0.0758974
0.203235
0.172001
0.366419
0.506806
0.0942157
0.096039
0.133273
0.069633
0.262251
0.145643
0.396516
0.0654039
0.0115114
0.00615423
0.00633016
0.00230531
0.0717822
0.127885
0.0916857
0.0654112
0.00294915
0.00134796
0.000269591
0.00652117
0.10705
0.2343
0.13092
0.484287
0.0844546
0.0292779
0.0750749
0.0734182
0.110624
0.15353
0.339194
0.432908
0.0474363
0.030824
0.0600492
0.0469899
0.0766549
0.165848
0.421715
0.0402078
0.00598412
0.00148586
4.638e-005
0.0153861
0.140291
0.294097
0.0964838
0.0460517
0.0182796
0.00573152
0.00968498
0.0283952
0.150456
0.51098
0.133056
0.313262
0.112377
0.103952
0.0481961
0.0221711
0.106754
0.158756
0.312634
0.114875
0.22286
0.123612
0.0390189
0.0711313
0.141959
0.325944
0.173111
0.0427633
0.0184328
0.00400954
0.018503
0.012745
0.0619698
0.34677
0.130288
0.0355242
0.020031
0.0098418
0.044075
0.0108192
0.0317261
0.327933
0.122058
0.0377777
0.0718525
0.0210791
0.00819572
0.0432373
0.0552904
0.354868
0.18105
0.0144638
0.013574
0.00439411
0.0155445
0.0216295
0.0833765
0.661196
0.219004
0.00841213
0.0441675
0.0452879
0.0803055
0.0530198
0.0266448
0.146199
0.0538024
0.00756733
0.185654
0.2131
0.1094
0.0900588
0.0612666
0.100717
0.0415394
0.000654059
0.0126096
0.022158
0.0516076
0.070001
0.113436
0.528104
0.107995
0.000277755
0.0497088
0.0635615
0.0658985
0.0908476
0.290688
0.595737
0.0979857
0.0122636
0.163076
0.140449
0.155634
0.0928135
0.0377559
0.0399748
0.0260143
0.00738754
0.0473417
0.0376952
0.496272
0.203042
0.0232359
0.00407039
0.00696792
0.000188068
0.0417233
0.0610262
0.145552
0.0856721
0.217056
0.346436
0.0569049
0.00292703
0.0346726
0.0726305
0.532657
0.227803
0.0466953
0.0722797
0.0151677
0.00622905
0.0111878
0.0396985
0.420617
0.176335
0.0534007
0.00492093
0.00602701
0.0115464
0.0402084
0.0786988
0.354308
0.31666
0.138381
0.0520777
0.0194626
0.022024
0.0147466
0.0561637
0.471244
0.200235
0.0303501
0.00306674
0.0118487
0.067499
0.0344174
0.0726928
0.218718
0.177601
0.232262
0.18076
0.0432285
0.254553
0.156265
0.0679523
0.0575277
0.057078
0.108805
0.130028
0.157062
0.312118
0.132891
0.1094
0.121162
0.109339
0.142114
0.118118
0.206629
0.431369
0.208515
0.0515303
0.0223303
0.0224415
0.0280345
0.109155
0.216273
0.358342
0.26601
0.106329
0.0528397
0.0665748
0.0271789
0.123363
0.215964
0.265588
0.078887
0.0671867
0.0912027
0.109884
0.0546881
0.110673
0.22138
0.301529
0.104247
0.149278
0.113924
0.0819866
0.0189764
0.0663787
0.225894
0.280199
0.266326
0.098049
0.0528195
0.072557
0.0132052
0.0976835
0.195959
0.380932
0.368864
0.252109
0.10391
0.0666758
0.00790895
0.0343246
0.102143
0.318035
0.179951
0.259515
0.103569
0.0312278
0.020067
0.0287341
0.197704
0.107075
0.197758
0.168315
0.0635585
0.168896
0.0566042
0.0515994
0.153435
0.293647
0.320412
0.285068
0.135001
0.0827205
0.048902
0.00681709
0.0659052
0.154218
0.128098
0.187748
0.191398
0.297238
0.133639
0.00536138
0.150506
0.0390263
0.0809349
0.0249158
0.0193554
0.128499
0.0630928
0.117186
0.170179
0.0258586
0.0235191
0.0120799
0.0220679
0.061998
0.143754
0.422022
0.165631
0.305246
0.0675934
0.104558
0.0780303
0.230492
0.138323
0.0425124
0.225342
0.32217
0.0463152
0.0526554
0.0940325
0.2954
0.265496
0.29863
0.189604
0.00318403
0
0.0105264
0.0102313
0.0407913
0.151793
0.391556
0.0774623
0.00411879
0.00177146
0.00387856
0.00503131
0.0288902
0.214062
0.452413
0.101648
0.0609952
0.0140469
0.0273439
0.0802858
0.202174
0.22597
0.375159
0.0874553
0.0185042
0.0145248
0.0123651
0.0519854
0.135121
0.245644
0.389523
0.107258
0.00912876
0.0348059
0.0356983
0.0636379
0.0396917
0.24856
0.480822
0.129133
0.0122309
0.0557206
0.104251
0.346003
0.202936
0.082285
0.148387
0.069256
0.0379436
0.0202269
0.02479
0.0277317
0.0352253
0.233246
0.42196
0.177081
0.0593061
0.0459812
0.0750229
0.160304
0.147884
0.100057
0.182347
0.1542
0.0170314
0.018305
0.0763164
0.429135
0.255139
0.0123381
0.00236303
0.0129719
0.0510972
0.0228815
0.0674899
0.247005
0.177979
0.198855
0.216714
0.0312984
0.0273694
0.0243207
0.0703829
0.399994
0.24672
0.0341218
0.0239045
0.0359139
0.0393962
0.0230455
0.0910107
0.369724
0.215217
0.0934995
0.123393
0.0473663
0.396656
0.176893
0.0849043
0.0579032
0.0134756
0.00549492
0.0575898
0.154575
0.209018
0.340389
0.171128
0.0500633
0.00806539
0.000865592
0.0707373
0.101899
0.25242
0.228368
0.125995
0.122205
0.0434946
0.141204
0.190159
0.328872
0.0476089
0.239127
0.178553
0.125266
0.0378372
0.131829
0.245501
0.11729
0.258068
0.495466
0.122935
0.05882
0.0464752
0.00210338
0.046715
0.090452
0.313388
0.437741
0.149686
0.102525
0.0638855
0.026721
0.0336488
0.0563129
0.0775271
0.223455
0.104364
0.134762
0.104359
0.0496909
0.183212
0.096685
0.106045
0.132066
0.0751061
0.156044
0.133005
0.0623282
0.129013
0.119754
0.138209
0.203619
0.0996056
0.140457
0.110645
0.0832227
0.0429681
0.0464508
0.150111
0.0706957
0.21818
0.389572
0.298508
0.185322
0.0816901
0.115157
0.0646192
0.0996912
0.112833
0.12402
0.0916587
0.133367
0.101362
0.105255
0.113594
0.0818559
0.271224
0.337778
0.2344
0.194363
0.175905
0.0982265
0.30384
0.0656861
0.116383
0.11181
0.1265
0.086973
0.0658389
0.154494
0.394887
0.0906399
0.0324901
0.0858576
0.201537
0.14572
0.146849
0.173447
0.244315
0.0572446
0.0809815
0.0966873
0.0889446
0.0630548
0.120018
0.179175
0.45682
0.090045
0.0374228
0.0423588
0.0867281
0.058733
0.138171
0.318171
0.222576
0.0751174
0.030681
0.139478
0.218203
0.142753
0.226083
0.114252
0.124489
0.0524332
0.0428326
0.127794
0.189626
0.164864
0.216293
0.0896424
0.500504
0.0880716
0.0655317
0.0769541
0.0892074
0.0836081
0.120639
0.300329
0.291862
0.0658139
0.0709398
0.0947319
0.112962
0.13502
0.109574
0.204015
0.117609
0.0299332
0.0367045
0.0720158
0.069047
0.267734
0.366145
0.164996
0.0839076
0.0482083
0.0408791
0.0842491
0.0949142
0.194518
0.308629
0.174663
0.168341
0.0593793
0.0682981
0.111964
0.0678479
0.149509
0.19281
0.207158
0.142295
0.0467182
0.0756014
0.108413
0.055774
0.13571
0.329311
0.324905
0.0582987
0.0725709
0.0695523
0.318217
0.269179
0.119537
0.112069
0.0609797
0.0677522
0.0410227
0.0944832
0.370995
0.283196
0.0617833
0.072929
0.0677832
0.240177
0.138453
0.102052
0.149476
0.162567
0.153708
0.177297
0.212905
0.194156
0.124885
0.0670785
0.166525
0.157306
0.0660349
0.106464
0.13614