0.187445
0.190301
0.154383
0.247543
0.191527
0.0406586
0.0369893
0.15982
0.0828227
0.14996
0.197078
0.169274
0.0901419
0.0269499
0.00918208
0.0463775
0.37972
0.314289
0.270486
0.30884
0.21511
0.0478948
0.0285435
0.169272
0.108187
0.161001
0.142357
0.184858
0.133283
0.0483472
0.00922541
0.0360529
0.0738163
0.11709
0.207125
0.0926109
0.0877001
0.122622
0.0883775
0.115276
0.133896
0.00927614
0.251256
0.237731
0.171543
0.285922
0.229621
0.166576
0.0731061
0.136734
0.102631
0.180095
0.169637
0.139913
0.0228393
0.10853
0.157987
0.0226671
0.0957263
0.226817
0.157766
0.38209
0.148816
0.162121
0.033109
0.0013802
0.151694
0.251592
0.20187
0.110047
0.0707486
0.0371633
0.0538634
0.0708245
0.110429
0.33251
0.185259
0.0729553
0.0896442
0.0835173
0.0504987
0.00524226
0.0992488
0.237107
0.17162
0.241492
0.112168
0.0406716
0.0638298
0.180732
0.227433
0.418919
0.272685
0.206982
0.145298
0.128152
0.162446
0.0843485
0.0608603
0.0899247
0.0421454
0.076567
0.119562
0.242051
0.20468
0.0487039
0.0563829
0.0279892
0.0844019
0.130545
0.0875531
0.234908
0.186114
0.402503
0.244729
0.136775
0.106638
0.0859676
0.0922112
0.214892
0.240522
0.309087
0.156228
0.10541
0.157808
0.128154
0.133341
0.21333
0.0394297
0.0124259
0.0198182
0.0290115
0.108531
0.140496
0.117656
0.0711154
0.0189684
0.067367
0.0300919
0.0306225
0.0854504
0.121049
0.210252
0.123866
0.142157
0.170181
0.0477923
0.0644633
0.0805911
0.105417
0.145842
0.120805
0.28012
0.692988
0.0775706
0.00969779
0.0307418
0.0781928
0.226398
0.214746
0.0357755
0.101417
0.0277036
0.0206353
0.0134237
0.0291327
0.0526505
0.0616534
0.140979
0.164435
0.0888194
0.0110694
0.00952811
0.0159264
0.0636787
0.141547
0.200083
0.553029
0.0475272
0.00450009
0.00692004
0.0153267
0.040679
0.0736873
0.300242
0.553029
0.278027
0.00710789
0.0540493
0.00894388
0.0771765
0.0890384
0.152407
0.130294
0.0910487
0.016305
0.00247288
0.0603084
0.147085
0.195505
0.0775107
0.0275081
0.0354206
0.0576884
0.0358888
0.124465
0.186558
0.112146
0.16472
0.33964
0.337891
0.155588
0.235167
0.0840883
0.208139
0.143572
0.0417478
0.03469
0.079485
0.338895
0.307498
0.240342
0.232446
0.0865682
0.317901
0.141917
0.0771792
0.0538691
0.0345799
0.0133205
0.0181386
0.139678
0.174836
0.0929193
0.0588748
0.0352958
0.0536345
0.0294515
0.0183841
0.133134
0.351781
0.0207572
0.00311616
0
0
0.000669262
0.0471367
0.383068
0.452017
0.0624368
0.0177652
0
0.00616169
0.00382527
0.0545444
0.484674
0.116975
0.0509223
0.0186216
0.0304276
0.0531022
0.0400395
0.0145882
0.150797
0.156957
0.0367642
0.0343816
0.0445066
0.0358637
0.106157
0.0481792
0.170507
0.366904
0.079135
0.0080823
0
0.00673735
0.00517541
0.0410258
0.443461
0.414774
0.138009
0.0224787
0.0024712
0.00301712
0.0132641
0.0586438
0.529004
0.0960269
0.0323682
0.0373549
0.0706041
0.0759409
0.159478
0.0589587
0.0945695
0.134473
0.138235
0.0651183
0.112439
0.125359
0.207965
0.137114
0.191475
0.271056
0.221512
0.0562528
0.00349875
0.0111871
0.0457724
0.0459076
0.317719
0.284702
0.520256
0.233244
0.0250825
0.013146
0.0878694
0.0976307
0.22565
0.0891554
0.217937
0.0834411
0.0190275
0.0253773
0.030476
0.0453774
0.0900483
0.0998645
0.34555
0.154228
0.0363576
0.0443863
0.0180731
0.0305494
0.0418496
0.14229
0.47473
0.197577
0.0232423
0.00296062
0.0130359
0.0376016
0.077479
0.165624
0.558767
0.27726
0.0124655
0.00939908
0.0016551
0.00715724
0.0362617
0.0875619
0.226267
0.0534927
0.0169513
0.0115456
0.0118702
0.0175112
0.0181035
0.149218
0.487201
0.0462831
0
7.4559e-006
0.00442802
0.0169622
0.0222517
0.145223
0.492796
0.0895285
0.00396337
0.00349025
0.000346734
0
0.0114553
0.328389
0.492796
0.053589
0.00129087
0.00184909
0
0
0.0124341
0.176274
0.41027
0.0367958
0
0.00188285
0.00296371
0.00989464
0.0281876
0.204859
0.310089
0.0650163
0.0340435
0.106539
0.0432745
0.078556
0.0618517
0.322137
0.41027
0.0379689
0.0177672
0.0129375
0.0106327
0.00912598
0.0477432
0.2364
0.174807
0.0247747
0.294418
0.347859
0.0845713
0.0601337
0.0949011
0.0612874
0.0954402
0.102962
0.187706
0.273001
0.0564387
0.0788095
0.0383366
0.0046243
0.00544878
0.0486704
0.226942
0.220636
0.125454
0.0546308
0.0104026
0.0430052
0.0120997
0.0391263
0.495137
0.495137
0.085437
0.0461788
0.0318374
0.0230883
0.0232782
0.0438482
0.266678
0.289891
0.136674
0.0628014
0.0223822
0.245039
0.00226893
0
0
0
0
0.0114923
0.284267
0.326189
0.0132529
0
0
0
0
0.00976088
0.350235
0.288631
0.00797438
0.00369369
0
0.0174533
0.0242531
0.0643531
0.409915
0.422653
0.0964589
0.104688
0.0558159
0.0116355
0.0118799
0.0233523
0.353705
0.268299
0.0359068
0.000696517
0.00423167
0
0.00119857
0.00814608
0.196614
0.285638
0.216934
0.0234668
0.0169267
0
0.00179785
0.0110885
0.154525
0.450016
0.224641
0.0798738
0.0640471
0.00425854
0.00114075
0.00444522
0.1543
0.406013
0.450016
0.137788
0.110911
0.0152478
0.00141756
0.00322665
0.0616164
0.163423
0.257635
0.0481494
0.00448436
0
0.00122429
0.00801513
0.0636812
0.1549
0.437083
0.128737
0.00704249
0
0.00151541
0.0111627
0.0311219
0.231861
0.459861
0.111887
0.0338278
0.00388322
0.000183009
0.000139111
0.00704362
0.348494
0.459861
0.100123
0.00809533
0.0036105
0
0
0.0161896
0.154312
0.396578
0.108964
0.013248
0.00355234
0.0079838
0.00395944
0.0129741
0.168468
0.428589
0.10913
0.0130165
0.0115034
0.0180957
0.0224725
0.023602
0.238987
0.428589
0.102978
0.0920825
0.0360977
0.0310936
0
0.0187589
0.220833
0.369798
0.134797
0.192297
0.076039
0.0683007
0.0615346
0.145347
0.13566
0.45127
0.0742879
0.00647835
0.00769934
0.0172045
0.0487304
0.0270261
0.290632
0.45127
0.0925912
0.0154914
0.00647007
0.00853971
0.033203
0.0156819
0.197182
0.285594
0.104185
0.0571104
0.0216493
0.0470367
0.137454
0.181568
0.187225
0.331183
0.221191
0.076864
0.068732
0.0270359
0.149671
0.0969343
0.267822
0.325466
0.0861667
0.0373994
0.019934
0.00694219
0.0219356
0.0264814
0.123712
0.0839792
0.0506724
0.434471
0.319714
0.0255311
0.0283378
0.0327737
0.13208
0.219202
0.185332
0.0771409
0.0698737
0.0181182
0.106712
0.0894024
0.0814983
0.09635
0.128996
0.443276
0.288161
0.0224509
0.0653289
0.0486791
0.0138026
0.00554159
0.0124032
0.461186
0.392859
0.021552
0.0125065
0.0064606
0.0527838
0.0233968
0.0102863
0.21027
0.191364
0.0482863
0.0716178
0.0698075
0.0194774
0.0132371
0.0379061
0.461186
0.371598
0.0104586
0.011337
0.00244802
0.117168
0.0512464
0.0448271
0.245929
0.220481
0.0202492
0.0507575
0.0792546
0.123631
0.0228176
0.00798753
0.000219756
0.0294169
0.109577
0.229845
0.297667
0.204589
0.130733
0.227073
0.0986713
0.0196113
0.0669307
0.191829
0.187845
0.0648112
0.0321046
0.00880814
0.00790713
0.0374058
0.117653
0.258574
0.298164
0.109057
0.058089
0.126531
0.046533
0.0110775
0.209796
0.498046
0.285378
0.19233
0.192259
0.14621
0.107293
0.0133553
0.0214733
0.0944551
0.0687479
0.148322
0.426337
0.122239
0.169552
0.0472834
0.0854194
0.125024
0.0515042
0.0366067
0.0337008
0.0734191
0.0579694
0.0157067
0.158593
0.461832
0.0926502
0.0194393
0.0556211
0.0472407
0.0991336
0.0464088
0.240314
0.461832
0.103573
0.101306
0.420882
0.0973774
0.0602864
0.0120087
0.0452816
0.142706
0.0330616
0.204639
0.406696
0.0485372
0.0265501
0.0235843
0.00777093
0.0935955
0.0558977
0.0105358
0.0654364
0.0446813
0.0364575
0.0174283
0.134432
0.467449
0.0834038
0.0231805
0.0398675
0.0179921
0.0257101
0.0356835
0.0622819
0.467449
0.168689
0.121147
0.267641
0.148669
0.141143
0.0789312
0.0202225
0.022211
0.0489143
0.23408
0.274283
0.211629
0.20616
0.105811
0.0455899
0.0558194
0.214876
0.0610347
0.0783583
0.0715527
0.0746352
0.0730974
0.0500725
0.466567
0.195408
0.265628
0.248679
0.133362
0.0488468
0.0422111
0.0193867
0.174493
0.258271
0.328252
0.180485
0.116848
0.0515051
0.0247731
0.0305551
0.0875423
0.254954
0.221787
0.198737
0.181204
0.0678697
0.056224
0.0146168
0.115925
0.187221
0.292932
0.128603
0.0777671
0.0395692
0.0273571
0.00523292
0.0435858
0.20129
0.207817
0.31952
0.405914
0.200001
0.0557604
0.0324496
0.0801931
0.172123
0.121559
0.158898
0.119211
0.0506822
0.0510944
0.0245907
0.105126
0.108472
0.0815964
0.0949089
0.157403
0.374997
0.188312
0.0324344
0.0692568
0.0484977
0.17278
0.357514
0.327006
0.186022
0.0875649
0.0245445
0.0724659
0.0720128
0.103268
0.16438
0.12384
0.457816
0.245509
0.00878258
0.0668106
0.0428091
0.0116871
0.0151853
0.0662628
0.503202
0.322933
0.0125587
0.0125949
0.0022062
0.0580752
0.0427654
0.0489086
0.206289
0.220474
0.0263235
0.0301575
0.0281236
0.0136036
0.0185056
0.0420106
0.526178
0.258389
0.017882
0.0395342
0.0177793
0.0677345
0.0579714
0.037834
0.249272
0.2028
0.0322284
0.074724
0.130228
0.201588
0.0473447
0.0202227
0.0199034
0.0570359
0.061409
0.144795
0.304253
0.123274
0.0600283
0.0431038
0.0442832
0.0362745
0.230063
0.557323
0.360911
0.247881
0.0338163
0.0249827
0.0209016
0.0233877
0.0157445
0.0444549
0.204684
0.0964945
0.0440353
0.0585499
0.185065
0.067076
0.024226
0.0937906
0.251192
0.0113525
0.00717451
0.0147955
0.0290369
0.0254662
0.139528
0.47844
0.112992
0.00298567
0
0.000163712
0.00688537
0.0173596
0.235067
0.599759
0.149254
0.0080463
0.00704482
0.0224255
0.116658
0.0482341
0.0150959
0.0878994
0.0697089
0.0064014
0.00376875
0.00878653
0.0416132
0.0235745
0.0997121
0.434946
0.0968712
0.000236177
0
0
0
0.00625627
0.119458
0.489138
0.0660069
0.000106792
0
0
0.00267054
0.00691567
0.0965142
0.489138
0.112254
0.00309922
0.00292111
0.00496508
0.0104691
0.00878369
0.0752846
0.376998
0.0790453
0.00324204
0.00268562
0.00223767
0.00305958
0.00616262
0.107803
0.489138
0.165273
0.0164601
0.00633566
0.00132352
0.00555673
0.00780775
0.0569802
0.468341
0.0987764
0.0487005
0.0332006
0.0101048
0.00485841
0.00285885
0.0237998
0.468341
0.135911
0.000395186
0.000753358
0.000520157
2.16724e-005
0.000846108
0.0902161
0.468341
0.0802249
0.00113048
0.000533993
0.000301278
0.0069619
0.00684149
0.106479
0.468341
0.119481
0.0345335
0.0290697
0.0226757
0.039664
0.0459568
0.0145956
0.219802
0.0902334
0.0276522
0.122104
0.255854
0.167078
0.1269
0.148903
0.226897
0.062846
0.00398004
0.00830083
0.00171105
0.0158243
0.0318318
0.0840365
0.531602
0.14355
0.00958022
0.010937
0.033854
0.0405871
0.0764445
0.219215
0.531602
0.175377
0.0439717
0.117718
0.197216
0.182125
0.113475
0.0820593
0.172697
0.0738402
0.0304715
0.039257
0.036777
0.377805
0.243292
0.00290231
0.047813
0.0497012
0.0378304
0.00123414
0.0338655
0.0889406
0.0801785
0.136475
0.42688
0.228721
0.048662
0
0.0397635
0.392452
0.346534
0.0591629
0.143091
0.179994
0.00673732
0.0115827
0.0209255
0.384481
0.203303
0.00887972
0.0195006
0.0127113
0.0311909
0.0485351
0.0587868
0.233014
0.177402
0.0270976
0.0704111
0.0885424
0.00795969
0.0036192
0.0247713
0.487354
0.379194
0.0177232
0.00300175
0.0188727
0.0297745
0.0481605
0.0630501
0.435684
0.266643
0.0195382
0.0431805
0.0485945
0.156622
0.0120804
0.0127615
0.0453123
0.0780342
0.103616
0.0991309
0.22574
0.0400248
0.0161386
0.0357472
0.183188
0.174077
0.107128
0.108456
0.140452
0.259532
0.0466056
0.00636122
0.0846491
0.196055
0.362402
0.150854
0.258908
0.125812
0.0277105
0.0328874
0.164736
0.309803
0.353352
0.176894
0.225411
0.0123251
0.0107677
0.0450511
0.333753
0.303831
0.0338164
0.038397
0.0474332
0.0161813
0.0266641
0.059302
0.148789
0.212473
0.0961738
0.217114
0.0624521
0.0315069
0.0173742
0.0465262
0.302882
0.488607
0.130643
0.047481
0.0628125
0.00215812
0.024679
0.0747035
0.157657
0.291935
0.121034
0.121372
0.0100989
0.0115267
0.0185266
0.031306
0.0654024
0.0899227
0.0740857
0.216655
0.0832473
0.0145013
0.0198467
0.0238031
0.0670136
0.0891352
0.1246
0.787607
0.263577
0.00937892
0.0115432
0.0361851
0.105272
0.111081
0.0850544
0.0569528
0.0112491
0.0138613
0.0111849
0.0322101
0.223354
0.142526
0.0597232
0.105101
0.0411149
0.00150774
0.0042049
0.0106894
0.0105896
0.00963211
0.0584241
0.515187
0.0985254
0.0026415
0.000572267
0.00542178
0.0120119
0.00742747
0.152815
0.52453
0.166622
0.00396245
0.0034405
0.0174849
0.0859642
0.028708
0.0123133
0.140117
0.0516961
0.013023
0.00103078
0.0111042
0.0556923
0.0106457
0.0420814
0.513233
0.207804
0.000976929
0.000762067
0
0.00339184
0.00314893
0.0876708
0.470378
0.0958689
0.00173301
0.0011431
0
0
0
0.108543
0.470378
0.104844
0.00324179
3.53615e-005
0.000272936
0.00297127
0.000792013
0.044409
0.451357
0.141717
0.00376305
0
0
0
8.44673e-006
0.0971069
0.470378
0.121774
0.0333436
0.0118992
0.0126008
0.0246004
0.0238103
0.0870718
0.468673
0.186625
0.0643647
0.0534338
0.0669862
0.335456
0.21697
0.0580154
0.182913
0.171613
0.0278872
0.0175773
0.00700897
0.00875089
0.00334964
0.103761
0.468673
0.142447
0.0892706
0.102787
0.0726683
0.191393
0.0982122
0.111539
0.3162
0.131207
0.0141614
0.0201796
0.0294406
0.433268
0.260853
0.0124591
0.00385907
0.017843
0.0136498
0.0234398
0.0359089
0.365786
0.201815
0.00451681
0.00496505
0.0147093
0.0316042
0.0535279
0.0672303
0.418653
0.244573
0.029778
0.0398396
0.0180393
0.0106379
0.00702392
0.0285324
0.449028
0.268151
0.00612483
0.00489034
0.0147989
0.36002
0.145153
0.0477475
0.042564
0.0924363
0.179311
0.045125
0.164293
0.280336
0.138369
0.0667164
0.103506
0.130074
0.172515
0.0514598
0.205604
0.284983
0.199241
0.186329
0.151415
0.0595395
0.0792155
0.146772
0.139187
0.242457
0.179064
0.175437
0.120234
0.0504556
0.160903
0.148169
0.226122
0.136628
0.0871918
0.105805
0.30244
0.308591
0.163303
0.0327824
0.10279
0.00151307
0.0425466
0.0942529
0.229533
0.184756
0.143349
0.096132
0.00592083
0.126509
0.0948288
0.123691
0.144692
0.123899
0.287447
0.229034
0.218108
0.00389624
0.0657647
0.126469
0.250987
0.139509
0.193047
0.0575261
0.01993
0.0113547
0.012567
0.0817259
0.2395
0.129093
0.145038
0.0825474
0.0240728
0.0170321
0.000301749
0.047675
0.441189
0.228501
0.0898435
0.0522567
0.0397581
0.00040585
0.0309872
0.161607
0.320214
0.15183
0.113394
0.0290827
0.00386194
0
0.0110862
0.117506
0.397531
0.312016
0.113294
0.0607884
0.0108785
0.0135782
0.00375653
0.0288648
0.395886
0.152251
0.0366168
0.0309871
0.0265214
0.0501072
0.031585
0.0378567
0.273693
0.107761
0.0743258
0.4241
0.251691
0.00530829
0.00590284
0.0669003
0.263382
0.25746
0.102258
0.0358908
0.00397865
0.0331937
0.100856
0.192261
0.237397
0.215663
0.149789
0.0337812
0.0237203
0.0100702
0.00824773
0.00508226
0.0134327
0.0139888
0.0420449
0.377903
0.176649
0.038716
0.000791689
0.00751086
0.00868607
0.00739973
0.0968442
0.782223
0.247773
0.0147165
0.0302034
0.0344146
0.042593
0.0342068
0.0486666
0.0286976
0.0296791
0.0443262
0.0453849
0.0561828
0.0515967
0.0209822
0.0561606
0.181703
0.0824575
0.0201849
0.00329852
0.00490141
0.00504222
0.00371277
0.124839
0.5221
0.107645
0.0598174
0.0660709
0.0527401
0.0456093
0.0381538
0.201252
0.495425
0.174065
0.0175181
0.0235632
0.0337048
0.0281067
0.0105583
0.0671923
0.226805
0.0706103
0.0573475
0.0476219
0.0273243
0.0189829
0.012518
0.0986143
0.362328
0.325659
0.0899939
0.157735
0.184343
0.357986
0.173154
0.0683213
0.16699
0.135473
0.0572438
0.0791723
0.139149
0.510216
0.236132
0.00990545
0.0168182
0.0289984
0.161616
0.178485
0.12263
0.0920751
0.0275243
0.0330823
0.166731
0.334433
0.11886
0.126606
0.143322
0.157967
0.0697832
0.0140188
0.032421
0.0965711