0.13448
0.0413436
0.000169278
0.0163448
0.0199058
0.0687249
0.171648
0.163379
0.125299
0.0628446
0.0499172
0.20573
0.0958027
0.0618498
0.145803
0.103849
0.20885
0.0592508
0.00717714
0.0511174
0.0449268
0.0261837
0.16322
0.353641
0.0859646
0.0580027
0.0801035
0.515709
0.401394
0.0845536
0.0946124
0.0765561
0.0298239
0.0552784
0.0965424
0.168714
0.0229256
0.00221229
0.00622956
0.0103842
0.303827
0.20454
0.215615
0.245704
0.0395492
0
0
0.177372
0.00478137
0.0150265
0.0479402
0.403098
0.184873
0.0085837
0.00212382
0.000526318
0.10682
0.109869
0.199818
0.445904
0.402719
0.0752194
0.057989
0.0820512
0.262069
0.078513
0.0604371
0.0439283
0.0111743
0
0.00269551
0.399236
0.274104
0.0105321
0.0027261
0
0
0
0.0155278
0.407059
0.169136
0.0748874
0.101304
0.195822
0.125614
0.0659893
0.065809
0.301073
0.335402
0.0188677
0.0109044
0
0.003775
0.0161225
0.0411952
0.407059
0.226817
0.0102635
0.000966202
0.00709501
0.00418926
0.0118225
0.0459512
0.383585
0.183911
0.0499156
0.0200991
0.02838
0.0167571
0.0222223
0.0535907
0.383585
0.259622
0.0210112
0.00675891
0.101404
0.0715549
0.0428015
0.0483081
0.383585
0.124367
0.11097
0.0585142
0.352313
0.229803
0.148625
0.0776367
0.319122
0.175139
0.0384041
0.015371
0.0112437
0.00869981
0.00536125
0.0353401
0.416675
0.12929
0.00692408
0
0.00451351
0.06977
0.0910519
0.149258
0.416675
0.154079
0.114517
0.0418097
0.162963
0.117805
0.130523
0.119049
0.349967
0.13639
0.0897959
0.05485
0.136945
0.318649
0.217333
0.159605
0.264669
0.0690596
0.00625547
0.000569682
0.00714888
0.141698
0.161006
0.144754
0.18205
0.163972
0.0116979
0.00410191
0.0123019
0.0537522
0.0538902
0.0391037
0.0960257
0.207633
0.169217
0.0809605
0.156416
0.434438
0.228844
0.104556
0.117053
0.527436
0.272069
0.0146976
0.0402052
0.103526
0.130413
0.119114
0.186541
0.148256
0.0134634
0.00556156
0.0262962
0.0358678
0.0461372
0.0651779
0.123755
0.0335862
0.0076332
0.00711579
0.0442886
0.0975887
0.0733255
0.0763562
0.0538672
0.44873
0.103779
0.000570546
0.103152
0.218049
0.274952
0.305573
0.264931
0.0608489
0.00209012
0.00792715
0.228677
0.445189
0.220033
0.202227
0.10941
0.100776
0.0464453
0.0202555
0.140472
0.105172
0.0163351
0.163696
0.16868
0.0472352
0.0125259
0.0484475
0.3761
0.440276
0.11247
0.0938101
0.11002
0.0884901
0.100473
0.0924436
0.18692
0.136643
0.0591779
0.117165
0.0762412
0.118333
0.0125718
0.0158342
0.12349
0.250811
0.319658
0.179424
0.22947
0.00249753
0.000247275
0.00468477
0.220809
0.242002
0.0731231
0.0269025
0.0132274
0.0253434
0.00838407
0.0264849
0.408994
0.42632
0.173054
0.218272
0.188359
0.0184369
0.00829092
0.000670331
0.0381623
0.122574
0.151656
0.0938456
0.0805256
0.142221
0.0479267
0.00674712
0.0390226
0.158327
0.158132
0.263864
0.42632
0.0994749
0.0104229
0.0227928
0.104613
0.127025
0.0888279
0.153511
0.339159
0.291523
0.00532177
0.00376375
0
0.00295924
0.0166881
0.0718452
0.41651
0.20405
0.0659198
0.0182107
0.0047689
0.0325546
0.0318531
0.104411
0.41651
0.2803
0.0924392
0.0500599
0.000553668
0.018877
0.057732
0.105616
0.41651
0.19791
0.0406529
0.00702963
0.0881566
0.0580556
0.0173251
0.0495154
0.32288
0.174554
0.137119
0.0221685
0.274337
0.210122
0.165091
0.0807424
0.180653
0.258271
0.147763
0.0390523
0.0202278
0.0129849
0.0444836
0.0913533
0.338006
0.387437
0.387437
0.0408111
0.0583013
0.0417466
0.0722478
0.0480067
0.193058
0.166515
0.162558
0.0097077
0.0960171
0.0771074
0.121319
0.0980933
0.098097
0.169036
0.343184
0.0758557
0.109997
0.104378
0.0622551
0.0428926
0.0512488
0.337597
0.427278
0.00925655
0.0188883
0.0163622
0.0411227
0.0392286
0.0520072
0.427278
0.427278
0.0337142
0.0231019
0.00289158
0.00236775
0.014157
0.0267495
0.149674
0.283198
0.103467
0.108442
0.108001
0.0506333
0.0288085
0.0222483
0.244341
0.180233
0.026369
0.0817624
0.0992743
0.123038
0.122489
0.0501668
0.377647
0.407724
0.0589895
0.107115
0.0741941
0.0267141
0.0355446
0.0676478
0.191214
0.109716
0.0352435
0.407724
0.306419
0.10597
0.120168
0.073676
0.102718
0.0443635
0
0.214282
0.208395
0.15227
0.106925
0.0360593
0.0267219
0.0310454
0.0319764
0.268792
0.265789
0.0671024
0.0416842
0.0145662
0.0240947
0.00743304
0.0193949
0.461061
0.32681
0.065807
0.0412633
0.00967372
0.016698
0.0525665
0.10462
0.461061
0.333749
0.0108858
0.000967781
0.00151578
0.0489094
0.044198
0.0349275
0.0248327
0.0251737
0.0298713
0.0279107
0.0594614
0.125383
0.0912175
0.0151425
0.0104146
0.0250058
0.0865911
0.058132
0.123066
0.160626
0.217491
0.0859306
0.122839
0.109781
0.0291786
0.016452
0.223805
0.268427
0.646894
0.324423
0.100654
0.172223
0.0401773
0.0370082
0.240616
0.111171
0.0963963
0.00260949
0.00036492
0.00859439
0.0498652
0.0490344
0.0700362
0.245405
0.317795
0.0477205
0
0.00485941
0.0311134
0.0750001
0.247436
0.269188
0.385816
0.0791819
0.0266712
0.0319209
0.0109254
0.0313113
0.0535146
0.427451
0.475569
0.19697
0.049734
0.0718297
0.00948433
0.0273781
0.0267301
0.163298
0.254466
0.0523569
0
0.0031223
0.00448217
0.0155788
0.159481
0.234676
0.345737
0.112336
0.00178729
0.0122176
0.0343889
0.0378451
0.125693
0.276769
0.421634
0.107354
0.011486
0.0327877
0.00725016
0.0039536
0.00166872
0.421634
0.421634
0.0816568
0.0405538
0.00947859
0.00314572
0.03522
0.0154463
0.280526
0.270536
0.0870425
0.0112465
0.00679899
0.0225672
0.0413751
0.0693562
0.289827
0.392491
0.0793715
0.0264911
0.0278581
0.00786758
0.0334642
0.0446762
0.326802
0.367128
0.102073
0.152532
0.0332949
0.00457833
0.0581456
0.0353882
0.304939
0.305484
0.100943
0.157197
0.0740336
0.0184146
0.11389
0.156321
0.2574
0.420998
0.019096
0.00735768
0.0177695
0.00628068
0.018501
0.0188525
0.399498
0.420998
0.0135736
0.00410933
0.00541779
0.004647
0.00420362
0.0251591
0.281222
0.271286
0.0422891
0.0675853
0.0444107
0.0223027
0.0710608
0.145008
0.27187
0.272445
0.136996
0.117558
0.0541647
0.0222592
0.0322037
0.0534703
0.248999
0.271873
0.0256801
0.184247
0.0788846
0.00662796
0.0140348
0.0668498
0.0663488
0.0318766
0.0522175
0.480399
0.207843
0.0187335
0.0209173
0.0463262
0.0989627
0.153119
0.126237
0.341905
0.127774
0.00834616
0.0308777
0.0490978
0.0153656
0.0277125
0.0821932
0.480399
0.246866
0.0119852
0.0120278
0.0203331
0.00237699
0
0.0488825
0.443682
0.129365
0.0063529
0.00367431
0.00156279
0.000413949
0.00714335
0.0453203
0.443682
0.205526
0.00145194
0
0
0
0
0.0580769
0.443682
0.123866
0.0135191
0.00881596
0
0
0
0.0313957
0.443682
0.291885
0.00302704
0.00220399
0
0.129252
0.18722
0.0598219
0.133406
0.105986
0.0458495
0.0129848
0.0984438
0.0994315
0.322893
0.260439
0.150642
0.256126
0.165976
0.150356
0.0890664
0.0828043
0.111815
0.079646
0.0756132
0.0762104
0.0816192
0.0647124
0.0495899
0.0701808
0.0841258
0.109742
0.0842864
0.194101
0.272702
0.54956
0.0924333
0.105818
0.173364
0.0736908
0.0499488
0.0705979
0.0845738
0.15752
0.033123
0.195998
0.281786
0.142134
0.0924081
0.200248
0.116545
0.205914
0.0335041
0.0222846
0.0137196
0.0166928
0.0231515
0.0479608
0.182104
0.46806
0.0333523
0.0399134
0.0368715
0.0260265
0.0533394
0.14695
0.341069
0.46806
0.0460452
0.183352
0.294663
0.075473
0.0255254
0.115643
0.0782816
0.176717
0.0118749
0.263558
0.374468
0.0735807
0.117598
0.0251501
0.0218982
0.162239
0.0270551
0.025401
0.0329744
0.0145451
0.0187792
0.088309
0.218445
0.4557
0.0295712
0.0557938
0.0531815
0.0741117
0.117011
0.0368844
0.11838
0.4557
0.0753335
0.161981
0.208135
0.124664
0.265717
0.0414975
0.01855
0.061555
0.0419215
0.381702
0.0906637
0.0928398
0.181402
0.0571043
0.0379057
0.058693
0.29092
0.151144
0.130886
0.0898031
0.153016
0.0415125
0.0739787
0.376347
0.0689193
0.403174
0.115577
0.0453867
0.0682962
0.0332889
0.0495768
0.115369
0.28984
0.315105
0.0825497
0.0812081
0.0688032
0.0300993
0.0258509
0.051121
0.268291
0.149638
0.18716
0.150802
0.111801
0.0829985
0.031994
0.0731815
0.0859415
0.295989
0.0902335
0.179081
0.073277
0.024879
0.0169224
0.0499023
0.289552
0.208611
0.442419
0.377891
0.121702
0.0804227
0.0379248
0.0523265
0.146268
0.0783316
0.112367
0.0948856
0.294558
0.0846085
0.0172172
0.0562765
0.044878
0.0352315
0.0365581
0.0771771
0.474154
0.16489
0.0259434
0.0326761
0.013901
0.179309
0.296393
0.150051
0.339626
0.10841
0.0322967
0.02321
0.0955894
0.0760975
0.063919
0.168184
0.474154
0.133573
0.0300548
0.0216987
0.0311028
0.00420315
0.00660496
0.0345876
0.438651
0.114176
0.0319834
0.0329407
0
0.00105079
0.00165124
0.0308124
0.438651
0.340829
0.0133225
0.00823518
0
0.0325079
0.0526976
0.0828876
0.387273
0.0913423
0.0586928
0.0265214
0
0.00905855
0.0166556
0.0819528
0.438651
0.252213
0.0408649
0.00853072
0
0.0718426
0.080522
0.132761
0.0600494
0.0861147
0.117524
0.112086
0.109624
0.123159
0.0845269
0.195969
0.0704659
0.0911298
0.169529
0.669163
0.163771
0.0731213
0.0326572
0.0912849
0.0662759
0.151491
0.129946
0.0763469
0.138843
0.0792303
0.0535304
0.219116
0.155921
0.128211
0.0821829
0.0938448
0.0712034
0.0163306
0.0086501
0.0129264
0.00482969
0.0118458
0.0985615
0.458935
0.046002
0.0154312
0.00855477
0.00112267
0.00844612
0.017796
0.236951
0.60478
0.134027
0.0221767
0.0282662
0.0286634
0.0233039
0.0275629
0.0270439
0.0926787
0.0306423
0.0439411
0.0341448
0.00667021
0.0156519
0.0262156
0.0511965
0.486881
0.139004
0.00280063
0.000821301
4.18831e-005
0.00298039
0.00912244
0.134478
0.467057
0.0394547
0.0112365
0.00352978
0.0102893
0.025016
0.0180687
0.178262
0.467057
0.0451341
0.00944177
0.00582859
0.00179615
0.00162042
0.00418708
0.0740928
0.420745
0.0409207
0.000709905
0.00113318
0.00233923
0.0127647
0.00361292
0.244521
0.467057
0.0187255
0.0471614
0.0170865
0.0086054
0.0226664
0.0142842
0.121083
0.442321
0.0318253
0.116747
0.017519
0.0111614
0.0333111
0.0189746
0.0863941
0.442321
0.0811741
0.000522905
2.20777e-005
0.000726625
0.0154519
0.00426035
0.207774
0.442321
0.0190129
0.0170741
2.54682e-005
0.00239865
0.0302377
0.0323793
0.270648
0.442321
0.0761472
0.0623163
0.0232236
0.144783
0.125909
0.0802226
0.0482898
0.12444
0.0624693
0.113543
0.232608
0.332409
0.245401
0.11206
0.0920936
0.0510609
0.0565966
0.0242937
0.00215277
0.047139
0.109555
0.111976
0.250725
0.392431
0.0719481
0.0823177
0.0531509
0.180003
0.229924
0.127574
0.301473
0.392431
0.147494
0.0966615
0.145598
0.155228
0.394418
0.101429
0.0469807
0.0196344
0.0534046
0.0201345
0.0181436
0.118812
0.432185
0.0983734
0.0185034
0.00159099
0.0114154
0.0745886
0.0617158
0.182392
0.432185
0.101615
0.0942189
0.195714
0.0978493
0.023994
0.0273205
0.133208
0.432185
0.127151
0.0308574
0.00582305
0.00423196
0.0207544
0.0365998
0.0829369
0.389698
0.0767438
0.0319274
0.00343108
0
0.0114654
0.0239956
0.0686338
0.468196
0.168731
0.0218222
0.0021257
0
0.0114466
0.0153274
0.0822095
0.468196
0.113176
0.0109579
0.00194633
0
0.00807252
0.0146679
0.0426555
0.468196
0.268481
0.00802012
0
0
0.0519853
0.0483128
0.0541148
0.0549297
0.184146
0.173641
0.111485
0.21699
0.0899343
0.183499
0.15807
0.0997829
0.122624
0.0801794
0.066944
0.106891
0.151876
0.121106
0.0597844
0.0352332
0.101312
0.113664
0.141244
0.335094
0.24001
0.506516
0.145482
0.0427372
0.0356755
0.0366397
0.0806367
0.16116
0.0870126
0.164397
0.100992
0.097236
0.125122
0.0464032
0.0295779
0.0197599
0.134714
0.241491
0.0586582
0.110614
0.171643
0.0733296
0.27452
0.0927479
0.168651
0.331582
0.102212
0.0928001
0.145347
0.0389954
0.0135429
0.0640832
0.156089
0.441967
0.128866
0.194316
0.275107
0.0590821
0.0449207
0.0433408
0.030932
0.0678596
0.0261776
0.0106189
0.0173948
0.0877139
0.294862
0.0269944
0.0052996
0.0238336
0.0318847
0.0240201
0.0290593
0.35516
0.78884
0.0434787
0.041339
0.119366
0.0384327
0.0276176
0.0282743
0.0188208
0.034659
0.0138983
0.0149773
0.0363461
0.0530054
0.0419159
0.035125
0.0691619
0.173131
0.0668025
0.00121468
0.000529851
0.00256562
0.00756553
0.00898185
0.156133
0.491078
0.0500183
0.00523235
0
2.78129e-005
0.00533352
0.0188515
0.265228
0.513266
0.0943704
0.0052267
0.00209386
0.00697317
0.0106514
0.00751273
0.0255113
0.229556
0.0639635
0.0044613
0.00056465
0.00156473
0.000154344
0.00437899
0.110635
0.513266
0.0680427
0.0036363
0
0
0.0119357
0.0190586
0.20262
0.413153
0.0613666
0.0413717
0.028014
0.0419
0.0390589
0.0237884
0.287286
0.413153
0.17709
0.000542768
3.39029e-005
0.000562855
0
0.00236228
0.144454
0.413153
0.0339733
0.0383293
0.0175978
0.0147796
0.0144705
0.0100583
0.261542
0.413153
0.134213
0.083515
0.0891148
0.11923
0.257634
0.0687092
0.150503
0.236559
0.167078
0.0405185
0.0635783
0.126868
0.458042
0.120216
0.0447029
0.0152924
0.0240076
0.11225
0.101919
0.0813147
0.150633
0.0614198
0.176111
0.273528
0.192853
0.0612935
0.100273
0.172499
0.458042
0.190956
0.0428747
0.0437423
0.0803074
0.00491066
0.00572451
0.0624077
0.438118
0.120641
0.0187342
0.00380434
0
0.000999302
0.000732129
0.0273622
0.438118
0.293317
0.0581855
0.03498
0.029882
0.000749736
0.00980134
0.070982
0.438118
0.218601
0.0329881
0.00517993
0.00619459
0.000796272
0.00189428
0.0161047
0.231429
0.287187
0.157837
0.16549
0.164297
0.148066
0.0538851
0.0448167
0.0136071
0.0101312
0.0843565
0.174015
0.329973
0.188263
0.312023
0.187511
0.0921071
0.0325894
0.0702166
0.111782
0.138675
0.0896614
0.108959
0.0451121
0.0732812
0.0413936
0.170193
0.24956
0.161208
0.0427923
0.154516
0.184178
0.156557
0.103412
0.248806
0.291066
0.0986965
0.0876178
0.176256
0.161591
0.125989
0.0935279
0.0768019
0.0118024
0.0372355
0.0494981
0.171436
0.133101
0.227114
0.223065
0.223583
0.0763208
0.0563762
0.022611
0.134139
0.254202
0.202289
0.145966
0.137775
0.0706546
0.0131284
0.0355638
0.0903898
0.182662
0.301482
0.288385
0.373624
0.0877369
0.0860165
0.0706672
0.170897
0.0527122
0.13093
0.110724
0.156237
0.163685
0.123471
0.112806
0.0937339
0.0845024
0.112921
0.0498641
0.0407629
0.127887
0.159191
0.172435
0.10719
0.0367883
0.142711
0.151341
0.268486
0.142877
0.269933
0.344082
0.241426
0.079256
0.0690395
0.0510657
0.0248836
0.125156
0.339692
0.048115
0.0226611
0.0317404
0.0472971
0.0163763
0.0198191
0.142116
0.103425
0.0445219
0.0352147
0.0304005
0.0120675
0.0380219
0.173044
0.772503
0.0927225
0.0926289
0.0596021
0.0319333
0.034831
0.0108521
0.00793
0.0983042
0.237125
0.143545
0.104334
0.039837
0.0192265
0.033044
0.0482638
0.134086
0.244544
0.0139668
0.0103846
0.00441789
0.000943786
0.0117469
0.118318
0.430951
0.0387501
0.0276331
0.00943474
0.00633406
0.00469234
0.0136708
0.189359
0.620135
0.135714
0.0615656
0.0478311
0.0100063
0.00391157
0.0120375
0.0197377
0.091353
0.0522037
0.0434871
0.0212648
0.00316609
0.00424868
0.00797832
0.0515128
0.508318
0.126683
0.0574321
0.0412725
0.0417465
0.0355309
0.0362001
0.11216
0.43588
0.170207
0.0791549
0.143517
0.304874
0.378916
0.108025
0.0347914
0.117908
0.164207
0.0721339
0.0176073
0.00993724
0.000896166
0.0020123
0.0382567
0.368736
0.196702
0.216443
0.211853
0.220789
0.0904048
0.00521089
0.012279
0.131968
0.213959
0.023809
0.0920998
0.293867
0.616873
0.196891
0.0241009
0.00985657
0.0338088
0.000514048
0.0142462
0.0753909
0.192016
0.152286
0.119857
0.208741
0.173861
0.111798
0.192571
0.295907
0.22906
0.0274171
0.0104199
0.0201919
0.0452663
0.00799899
0.0163204
0.123586
0.1949
0.126779
0.0197926
0.0309391
0.00976272