0.23172
0.199999
0.26372
0.188688
0.0473874
0.0157538
0.0343952
0.0980093
0.46918
0.198005
0.0582725
0.0832085
0.00685857
0.118945
0.259218
0.213607
0.24704
0.0756398
0.114782
0.172252
0.180767
0.0366944
0.0155315
0.103791
0.313401
0.0746849
0.0148768
0.029949
0.0574232
0.1573
0.175077
0.124285
0.210358
0.0698827
0.061666
0.0344616
0.0304889
0.199862
0.283974
0.160227
0.119572
0.250358
0.175758
0.136744
0.0995077
0.0861087
0.0884616
0.116375
0.0959365
0.0238741
0.0642278
0.0719656
0.138393
0.346434
0.204034
0.0842177
0.181908
0.380971
0.263103
0.200423
0.147934
0.188946
0.0667426
0.131515
0.0934676
0.269408
0.166485
0.125464
0.0900095
0.0226136
0.0122643
0.0733782
0.133803
0.235863
0.172628
0.0836225
0.171728
0.101907
0.067643
0.0558877
0.13768
0.345589
0.193093
0.441982
0.0898458
0.0151441
0.0173148
0.105266
0.0894523
0.13911
0.161241
0.433201
0.0826605
0.00907736
0.013955
0.0737319
0.194165
0.0920576
0.0711577
0.105788
0.168501
0.25729
0.261692
0.138462
0.204049
0.0658825
0.141768
0.25332
0.21203
0.28504
0.277803
0.214288
0.166536
0.0539328
0.0463912
0.0894383
0.0724254
0.024064
0.0856151
0.167671
0.32633
0.0850773
0.0351991
0.0383343
0.0598988
0.0493627
0.108444
0.290166
0.0561925
0.0374336
0.0345828
0.0557173
0.116516
0.238627
0.201122
0.092438
0.149275
0.176413
0.076209
0.009359
0.0652049
0.264983
0.382792
0.421342
0.112541
0.110041
0.0410316
0.0290999
0.0249491
0.0335722
0.0820561
0.090884
0.273479
0.331953
0.10192
0.0574075
0.0230115
0.0197832
0.175016
0.301493
0.167811
0.267453
0.14231
0.00250223
0.00185302
0.025025
0.0708498
0.208606
0.261456
0.188712
0.116712
0
0
0.000368712
0.043246
0.372954
0.335514
0.201959
0.0495072
0.00986234
0.00171845
0.000665837
0.0411327
0.276887
0.31766
0.0911269
0.0340273
0.046644
0.0494115
0.00846028
0.123049
0.409106
0.349117
0.0460571
0.0105244
0.000129098
0.000129098
0.00145732
0.0292725
0.453572
0.453572
0.00865927
0
0.000193647
0.00109402
0.038542
0.135108
0.453572
0.116128
0.0073695
0.00735566
0.0904
0.0982011
0.0224216
0.126107
0.339749
0.0981496
0
0.000966195
0.0367728
0.0434252
0.011202
0.0286661
0.12697
0.0414646
0.00841697
0.0173636
0.177951
0.319236
0.0730243
0.0193858
0.0198599
0.0543909
0.0282823
0.0361103
0.0832234
0.0755579
0.0442471
0.0227478
0.0319438
0.0200502
0.0218911
0.0122742
0.0941108
0.381476
0.493243
0.399628
0.149077
0.248014
0.171335
0.0950979
0.0672397
0.037808
0.0323081
0.230538
0.191613
0.0211111
0.0202614
0.0505468
0.152558
0.157743
0.116566
0.0364479
0.0175543
0.0784908
0.168166
0.148525
0.253541
0.281973
0.22569
0.0761425
0.0659652
0.167665
0.112925
0.0758085
0.105347
0.0668393
0.045084
0.193396
0.110839
0.0628915
0.248147
0.269473
0.340747
0.220294
0.317271
0.29574
0.098491
0.0517963
0.0969465
0.0888798
0.356685
0.125231
0.0837542
0.0503348
0.0674486
0.0868394
0.0173756
0.0416972
0.305082
0.0472815
0.0217438
0.0303609
0.0768176
0.0867003
0.129155
0.192876
0.283304
0.119339
0.165268
0.212542
0.163343
0.501883
0.110827
0.035902
0.129442
0.038373
0.045797
0.154691
0.310622
0.123896
0.038056
0.00673006
0.0217146
0.00819955
0.00176215
0.00555755
0.0524973
0.278782
0.193246
0.00608246
0.00539527
0.00912367
0.00535189
0.00552268
0.0492312
0.50183
0.193799
0.0188139
0.00749867
0.00373661
0.00221288
0.00809287
0.0993974
0.50183
0.50183
0.0856105
0.00589493
0.00190842
0.000508074
0.00772144
0.041459
0.17974
0.220776
0.018406
0.0070455
0.0093476
0.00534097
0.00395234
0.0147413
0.243946
0.40642
0.0488098
0.0198188
0.00831056
0.00182326
0.00574546
0.0286245
0.386553
0.40642
0.0308357
0.000536001
0.000503532
0.000213085
0.00358879
0.0190589
0.40642
0.40642
0.0220361
0.00738843
0.0071359
0.00761865
0
0.051647
0.344211
0.265653
0.0177238
0.00552131
0.0033554
0.0124614
0.0116539
0.127943
0.294533
0.0531213
0.00662895
0.219987
0.120611
0.03073
0.135039
0.303655
0.362245
0.282207
0.025362
0.0852079
0.048397
0.071432
0.0156223
0.116631
0.137931
0.0355911
0.048556
0.389809
0.224872
0.104954
0.0549615
0.110115
0.0840214
0.00338286
0.0211932
0.533098
0.248792
0.0279752
0.185945
0.205633
0.00306905
0
0.00714846
0.149506
0.0708501
0.00810552
0.0130526
0.00593438
0.0225511
0.00077844
0.0539834
0.585439
0.306508
0.0325865
0.0429747
0.026619
0
0
0.00715562
0.191757
0.0529763
0
0
0
0.0277053
0.0135774
0.0156201
0.0197756
0.0658264
0.263097
0.399013
0.172351
0.226557
0.0735448
0.0432616
0.0173287
0.00184331
0.0360859
0.255926
0.266657
0.0341576
0.00485279
0.0463699
0.114167
0.117127
0.275293
0.299256
0.130255
0.182468
0.0568732
0.110202
0.21481
0.13758
0.129405
0.27048
0.28772
0.222775
0.0857163
0.0271687
0.0083827
0.00247413
0.0153945
0.198359
0.173407
0.188121
0.377052
0.18315
0.0896008
0.0121113
0.0385671
0.116705
0.0919183
0.253453
0.0986111
0.0743296
0.147427
0.0912312
0.0690409
0.199239
0.203231
0.339638
0.424995
0.184744
0.104638
0.146614
0.100885
0.103133
0.0948649
0.148707
0.234234
0.140233
0.0645772
0.00798483
0.0250771
0.0622536
0.0838633
0.401771
0.228373
0.0228741
0.0127598
0.00208552
0.0084977
0.0484479
0.144448
0.28648
0.401771
0.108665
0.0342005
0.0537923
0.0744442
0.0306371
0.0235021
0.401771
0.391636
0.0579988
0.133582
0.047944
0.0195531
0.016167
0.07012
0.404696
0.188978
0.031098
0.0120845
0.00420731
0.0057703
0.0169874
0.0965882
0.335655
0.394088
0.13061
0.0167909
0.0164598
0.00370319
0.0269812
0.111115
0.260238
0.183511
0.0503213
0.205124
0.0858339
0.00833217
0.0405763
0.180074
0.201103
0.18759
0.0720852
0.083279
0.0742535
0.0265336
0.0756209
0.404696
0.302114
0.43969
0.0667445
0.00441825
0.00599193
0.00500323
0.0152283
0.059726
0.43969
0.394487
0.0150782
0.0394324
0.0155769
0.0429284
0.0116909
0.0615646
0.212632
0.200718
0.0565853
0.0673236
0.0778487
0.0628857
0.0351685
0.226048
0.20917
0.171242
0.0466452
0.20741
0.124376
0.117279
0.0204887
0.0577848
0.152966
0.102827
0.07085
0.213681
0.0540756
0.0630098
0.00936372
0.0558564
0.0170022
0.0101017
0.163567
0.488439
0.150335
0.0552204
0.00817126
0.0216877
0.0529284
0.0447402
0.114987
0.435227
0.101057
0.0636762
0.00998131
0.0228568
0.000478376
0.00363331
0.218411
0.488439
0.23729
0.0125372
0.00202099
1.18498e-005
0
0
0.102522
0.618133
0.223668
0.0144039
0.00234075
0.00124356
0
0
0.000654911
0.0954489
0.0537781
0
0
0
0.000272203
0
0.125571
0.618133
0.282031
0.00354368
0.00256896
0.000343013
0.00103495
0
0
0.0689696
0.0459905
0.00209682
0.00176131
0.00108216
0.0260196
0
0.0216525
0.0825438
0.14161
0.271197
0.17008
0.113085
0.104318
0.0789124
0.0884802
0.201895
0.192968
0.271369
0.310636
0.277286
0.0168054
0
0
0.000136631
0.0480033
0.204197
0.126742
0.0850339
0.0283553
0.018151
0.0105085
0.0035017
0.13611
0.522804
0.248816
0.180486
0.0950593
0.0693711
0.0643449
0.136217
0.125747
0.162491
0.196295
0.0995297
0.133757
0.139118
0.113968
0.103003
0.222988
0.295587
0.273284
0.0471193
0.0297859
0.0109881
0.0151414
0.0132831
0.0719455
0.298515
0.277636
0.15582
0.0536455
0.0186967
0.0633828
0.0497186
0.070857
0.326973
0.459317
0.14108
0.131254
0.163965
0.0641635
0.0298242
0.085258
0.233637
0.245791
0.045754
0.204235
0.214708
0.138172
0.151282
0.0918482
0.0915573
0.146011
0.0811513
0.043859
0.0186866
0.0328351
0.0162349
0.0262105
0.251242
0.452699
0.10695
0.095324
0.0757669
0.0823856
0.0474766
0.0831072
0.276116
0.452699
0.10723
0.179071
0.126877
0.0851086
0.2104
0.12952
0.0103142
0.0563931
0.15705
0.258548
0.117295
0.0368825
0.0712721
0.0727765
0.0175194
0.0711806
0.430303
0.180192
0.0864753
0.0581493
0.0492767
0.0699109
0.130908
0.419283
0.121069
0.207989
0.0872163
0.17877
0.0623106
0.0345433
0.0330857
0.20696
0.374285
0.153297
0.132507
0.0698633
0.0652157
0.0679302
0.0418441
0.0212854
0.224645
0.161318
0.196083
0.118976
0.183794
0.127974
0.0677984
0.0040568
0.0530214
0.12942
0.326553
0.323445
0.0841638
0.0638707
0.03
0.0337499
0.204006
0.213881
0.454343
0.247401
0.280402
0.145133
0.0889536
0.0310008
0.0814327
0.0470956
0.0659816
0.12275
0.313777
0.0746228
0.0227131
0.00184548
0.0170226
0.0025858
0.0171947
0.162215
0.415373
0.293186
0.0109013
0.00151889
3.69585e-005
0.055115
0.123611
0.188685
0.377152
0.0547781
0.0224105
0.00680762
0.017203
0.0169162
0.0504436
0.389996
0.415373
0.139871
0.0119786
0.000741328
0.00354072
0.00127808
0.0100186
0.121683
0.533877
0.445324
0.0350591
0.00913377
0.000761198
0.0078348
0.0040308
0.00166127
0.0458224
0.0576016
0.0158724
0.00628101
0.00617296
0.0443131
0.0430971
0.354671
0.457307
0.278879
0.0465173
0.0057519
0.0123432
0.0277835
0.00737194
0.0142149
0.0882617
0.0693482
0.0316493
0.00580189
0.0181835
0.0297304
0.000640688
0
0
0.0460066
0.224075
0.153281
0.0670817
0.0442364
0.00100452
0
5.96135e-005
0.0995772
0.526547
0.208766
0.140198
0.0180231
0.025695
0.0480766
0.176594
0.37544
0.389077
0.232153
0.046564
0.0519361
0.00424605
0.00248344
0.022635
0.153121
0.219807
0.148886
0.120648
0.0362398
0.000616017
0.0463011
0.0556953
0.0361586
0.149473
0.134206
0.133837
0.0732823
0.110974
0.232202
0.183194
0.0512267
0.139211
0.161968
0.125881
0.0362346
0.00250566
0.0561854
0.161743
0.217077
0.0999674
0.0569839
0.067126
0.0589445
0.120929
0.236765
0.428332
0.394056
0.414127
0.182951
0.0765718
0.0826172
0.0644576
0.080905
0.0506329
0.0137979
0.0857692
0.242801
0.145258
0.0458457
0.00820895
0.000646128
0.00528692
0.0230102
0.190068
0.489387
0.136598
0.119502
0.0821526
0.0752986
0.105548
0.086767
0.242755
0.307331
0.175474
0.0968577
0.0210973
0.00588093
0
0.0162397
0.142766
0.489387
0.217742
0.0282246
0.00832775
0.00180271
0.00297811
0.0129616
0.138973
0.435275
0.0593976
0.0193938
0.0218769
0.131301
0.0810684
0.0458242
0.083711
0.380427
0.130605
0.0100515
0.00276209
0.00737257
0
0.0148197
0.242617
0.435275
0.0728956
0.00208141
0.00186321
0.0300661
0.0408145
0.0515515
0.297968
0.435275
0.102609
0.0160934
0.143692
0.192064
0.121726
0.113858
0.114234
0.134368
0.0553864
0.037051
0.201289
0.101994
0.398504
0.184495
0.144005
0.0759038
0.0301431
0.0287525
0.0334618
0.0305526
0.0748045
0.0922932
0.229603
0.398504
0.053988
0.128085
0.0994997
0.0620828
0.398504
0.171712
0.195558
0.282593
0.0164686
0.0113017
0.0510125
0.0954432
0.448459
0.0799873
0.023819
0.0110701
0.0087194
0.0119088
0.0204058
0.216302
0.448459
0.0339813
0.00161192
0
0.00529476
0.0478587
0.0326578
0.0745968
0.448459
0.179464
0.0385029
0.0386694
0.00404789
0.0120928
0.00293167
0.0704874
0.448459
0.171511
0.0516998
0.0411423
0.0252076
0.0642268
0.0290998
0.31669
0.632797
0.0829643
0.0104073
0
0.031697
0.0315701
0.00485722
0.0173749
0.0573842
0.026451
0.0179779
0.00476693
0.0248991
0.133526
0.00128841
0.0613478
0.48202
0.141476
0.0512843
0.064463
0.150835
0.183653
0.000858937
0.00148362
0.00050714
0.00050714
0
0.00119173
0.2288
0.0317372
0.162539
0.22329
0.393789
0.422778
0.254922
0.160169
0.0245441
0.0112608
0.00701953
0.0141902
0.0453785
0.162955
0.106024
0.137925
0.0510601
0.094698
0.162576
0.171089
0.123829
0.0642402
0.102655
0.199974
0.151795
0.0137814
0.00587921
0.0129827
0.0158939
0.0567629
0.319794
0.261391
0.105719
0.00558067
0.00149398
0.00775914
0.0563232
0.176192
0.113069
0.031672
0.0128622
0.0102019
0.0115138
0.022105
0.126088
0.299115
0.478198
0.361762
0.024184
0.00448537
0.00294403
0.00317007
0.00227453
0.044356
0.118904
0.0522088
0.0115983
0.0094578
0.00340915
0.00103569
0.0011849
0.0475748
0.448781
0.460209
0.0607718
0.0259541
0.0108469
0.00446388
0.020241
0.0456096
0.259981
0.341587
0.0900549
0.0474747
0.0130053
0.0154641
0
0.0162727
0.0815808
0.388992
0.249205
0.00696441
0.00035019
0
0
0.00584153
0.188464
0.388992
0.220171
0.118949
0.00446338
0.0118331
0
0.00756589
0.0379779
0.374541
0.388992
0.0439956
0.0276536
0.0586246
0.00582929
0.039194
0.220874
0.359493
0.168811
0.0254556
0.0289831
0.0529118
0.0239005
0.0453007
0.320326
0.300547
0.110941
0.273563
0.06415
0.0659285
0.00874394
0.0248754
0.0603017
0.113603
0.412608
0.192105
0.0863331
0.0755042
0.0349758
0.0364085
0.112612
0.16269
0.412608
0.0306868
0.0174542
0.0143398
0.0171972
0.0254865
0.229235
0.382673
0.109667
0.20765
0.071541
0.11403
0.196937
0.0584772
0.174012
0.315618
0.068574
0.0216097
0.0350961
0.0284066
0.024365
0.0386493
0.1373
0.335371
0.325933
0.102617
0.0674267
0.0738995
0.0595881
0.0749461
0.177074
0.423842
0.145418
0.125357
0.0489162
0.0961152
0.347125
0.161986
0.0829375
0.0855722
0.0248304
0.121856
0.026376
0.0317415
0.293153
0.191243
0.131136
0.212226
0.243841
0.118
0.0810783
0.15418
0.170988
0.103281
0.0809767
0.139668
0.0608754
0.222513
0.113147
0.193432
0.188392
0.0776049
0.0620611
0.260553
0.425781
0.177102
0.00609129
0.00232803
0.0298353
0.021528
0.0219345
0.0737328
0.245194
0.221626
0.00145133
0
0
0
0
0.0237612
0.365857
0.341024
0.0314224
0.0260191
0.0180388
0.00302886
0.00830364
0.109838
0.424823
0.424823
0.0062217
0
0
0
0.000853759
0.0611616
0.424823
0.119707
0.0375587
0.00857188
0.0102791
0.00690849
0.0192066
0.0321658
0.115701
0.110991
0.0104385
0.00152238
0.000279062
0.00371775
0.122389
0.142179
0.172579
0.265704
0.095693
0.0139833
0.134597
0.242024
0.140767
0.111065
0.253813
0.34
0.0344808
0.0141289
0.121446
0.283364
0.281197
0.33457
0.438028
0.0335445
0.00930483
0.00390172
0.00158703
0.0108002
0.197554
0.165694
0.0821331
0.0259895
0.015059
0.00246871
0.00128505
0.00632503
0.168129
0.24812
0.0790197
0.0960663
0.00754401
0.0137547
0.0875453
0.321535
0.537546
0.397463
0.170939
0.0126976
0.0102908
0.000617179
0.00148438
0.0577021
0.28947
0.285792
0.0451337
0.0238822
0.00279837
0
0.000765606
0.00171361
0.108716
0.351706
0.369447
0.187463
0.00146992
0.00102617
0.000510404
0.00323527
0.0811243
0.325891
0.663821
0.011975
0.00657261
0.000530586
0.00745465
0.0213018
0.0654547
0.103721
0.0783983
0.012351
0.00803664
0.00309614
0.0278331
0.0462812
0.144424
0.121071
0.113949
0.270404
0.029198
0.0121892
0.00220567
0.00619618
0.0558912
0.111855
0.538298
0.191217
0.0457856
0.0187462
0.00882267
0.0114649
0.0274186
0.234991
0.483731
0.0754899
0.0405537
0.0409325
0.0592033
0.0709533
0.129961
0.0890154
0.0749473
0.236964
0.0731749
0.0597025
0.0465262
0.0584601
0.0788603
0.167563
0.286682
0.0184429
0.0143084
0.00707838
0.00594703
0.0111206
0.0346706
0.404538
0.24617
0.0496036
0.0417822
0.0289274
0.0244207
0.0284085
0.128904
0.524656
0.181633
0.107111
0.0179894
0.00685486
0.0154063
0.0313869
0.0347722
0.217796
0.219648
0.139481
0.0499189
0.00644778
0.0144741
0.0189945
0.0502808
0.405772
0.301672
0.0981726
0.156059
0.252423
0.186512
0.0437934
0.0685152
0.237783
0.143798
0.151997
0.185616
0.380277
0.30567
0.02641
0.0106629
0.0913843
0.254145
0.202193
0.235069
0.138794
0.0416352
0.00230659
0.0258137
0.191908
0.259807
0.123529
0.243091
0.215601
0.0966519
0.0108314
0.0248877
0.0358897
0.0586952
0.317794
0.0474463
0.069376
0.0632283
0.00332005
0.00968858
0.0665812
0.436486
0.475521
0.0083452
0.00278045
0.00894762
0.00240668
0.010548
0.0561061
0.615081
0.0598357
0.0375826
0.0378331
0.0290539
0.0208908
0.0304278
0.0432513
0.0386121
0.0572801
0.00647709
0.00417067
0.0151183
0.0127645
0.026706
0.0527054
0.0724059