0.136896
0.0644497
0.058575
0.0599551
0.0258435
0.0723978
0.18849
0.204365
0.198774
0.154493
0.0294337
0.0459592
0.00377056
0.0903229
0.230964
0.405286
0.141367
0.125772
0.0607752
0.0775262
0.0461606
0.0947064
0.226708
0.181051
0.204582
0.209998
0.127671
0.137251
0.122121
0.0898292
0.239461
0.410457
0.272519
0.15971
0.0701168
0.0360793
0.011396
0.0312931
0.0951045
0.275443
0.422759
0.161417
0.100076
0.0298599
0.0392568
0.0424707
0.0923157
0.199135
0.25787
0.208834
0.144959
0.110604
0.0861806
0.0355812
0.0899696
0.278255
0.263619
0.150975
0.0820774
0.0581586
0.0883158
0.0923556
0.12486
0.287197
0.212384
0.0715729
0.0376344
0.0441079
0.187109
0.0791762
0.150071
0.0906761
0.276558
0.157878
0.0529165
0.0820721
0.230595
0.0996804
0.215995
0.282811
0.226246
0.156768
0.0346415
0.0299899
0.141202
0.106122
0.106416
0.131929
0.341967
0.299296
0.0773522
0.0392624
0.118941
0.0906225
0.204649
0.266544
0.244625
0.150671
0.0614
0.0487337
0.0361021
0.0404441
0.0929637
0.179111
0.180366
0.139549
0.111584
0.0527723
0.0313751
0.0545589
0.0680488
0.148768
0.249873
0.25793
0.0752364
0.00731351
0.012006
0.0374418
0.159053
0.194584
0.519129
0.30646
0.141897
0.00629028
0.00279506
0.0378091
0.109399
0.317604
0.106728
0.0646383
0.0350368
0.00520365
0.0140846
0.00945589
0.0354918
0.12469
0.266305
0.168265
0.0189135
6.1213e-005
0.0149747
0.0323776
0.0644761
0.180151
0.368779
0.194909
0.0352593
0.0010981
0.000487935
0.0078695
0.0186252
0.171912
0.526035
0.526035
0.00842467
0
0.00296876
0.00777127
0.00828544
0.133672
0.307051
0.0784358
0.0123891
0.00359361
0.00998315
0.0252875
0.0563452
0.224616
0.272252
0.0768187
0.0691714
0.0589333
0.0233698
0.0376913
0.0988357
0.256571
0.373013
0.471047
0.0169356
0.0143106
0.0141059
0.00588289
0.0134858
0.163525
0.308634
0.333351
0.109357
0.0680242
0.0457773
0.0443127
0.0438031
0.122589
0.241572
0.143845
0.125178
0.0977188
0.0650309
0.0820999
0.19492
0.223432
0.196341
0.168004
0.174509
0.138282
0.134672
0.0553651
0.0874255
0.154935
0.256055
0.220452
0.207785
0.160594
0.103003
0.175048
0.194647
0.046913
0.102233
0.108352
0.137665
0.245071
0.274627
0.260077
0.196685
0.0350015
0.0986804
0.123722
0.0604735
0.0550159
0.06643
0.0684753
0.146811
0.121586
0.135935
0.164795
0.124286
0.128891
0.149815
0.0357278
0.118123
0.191505
0.305709
0.210669
0.104439
0.0677406
0.127158
0.159576
0.315041
0.178084
0.319567
0.274661
0.145388
0.077706
0.108203
0.142395
0.259252
0.259861
0.168478
0.131769
0.0903111
0.123055
0.0951323
0.0214837
0.0695693
0.165171
0.174953
0.124839
0.065307
0.0729882
0.0486005
0.0724906
0.143241
0.172748
0.155228
0.268542
0.204043
0.102162
0.0717329
0.0752308
0.159448
0.197302
0.216606
0.515721
0.347338
0.135361
0.0134655
0.0316742
0.110169
0.0930884
0.11552
0.0942105
0.0729873
0.0406807
0.0996398
0.102059
0.181547
0.0905887
0.157023
0.18836
0.11495
0.0367969
0.132899
0.0917851
0.193868
0.138777
0.153914
0.241465
0.278756
0.0891679
0.0697485
0.0738358
0.27399
0.0878981
0.245493
0.201229
0.235562
0.0723589
0.260144
0.115588
0.357811
0.183001
0.0630364
0.170616
0.0633932
0.00374852
0.0279214
0.0207641
0.0608026
0.0709986
0.306101
0.357709
0.0976866
0.000501199
0.00463157
0.0109978
0.0387442
0.122865
0.151895
0.336594
0.114574
0.0175987
0.0835845
0.0291369
0.0545017
0.0757086
0.343581
0.559645
0.219199
0.00355486
0.0151365
0.00939454
0.0158895
0.0599621
0.252781
0.237074
0.030363
9.98941e-005
0
0.00433861
0.0121451
0.0554806
0.315927
0.451813
0.0184955
0
0
0.00108465
0.00378754
0.02172
0.229869
0.451813
0.0697071
0
0
0.00108465
0.0028201
0.0223645
0.240589
0.451813
0.0384608
0
0
0.00282937
0.00705713
0.019666
0.285709
0.459868
0.0137544
0.00589781
0.0178879
0.00668972
0.0185744
0.0532529
0.202497
0.243532
0.0546561
0.104876
0.0899931
0.0490403
0.0379277
0.0607538
0.221324
0.428038
0.0311364
0.095902
0.0710266
0.0371574
0.0418546
0.0485126
0.101437
0.0656267
0.0340775
0.410547
0.284594
0.0590709
0.0584412
0.051273
0.0833905
0.0704336
0.148594
0.239989
0.130355
0.105833
0.0765543
0.0214433
0.0125378
0.0140015
0.0922187
0.261462
0.216423
0.146657
0.0902889
0.0237659
0.0317534
0.054974
0.113598
0.502306
0.354834
0.0779106
0.122437
0.00943979
0.0929687
0.0738108
0.101898
0.219217
0.321671
0.161275
0.145932
0.139486
0.115712
0.0998736
0.22789
0.133391
0.0755447
0.0783527
0.123106
0.047266
0.146395
0.0782813
0.110395
0.0971987
0.0711972
0.144572
0.129383
0.118425
0.0699188
0.193441
0.383477
0.306973
0.0851185
0.0343598
0.056938
0.026767
0.171175
0.528615
0.253826
0.11075
0.0907255
0.136819
0.0646986
0.0704728
0.0552056
0.0956615
0.0744222
0.0771003
0.0587027
0.101093
0.102493
0.0851961
0.11973
0.311406
0.141747
0.0579875
0.0199489
0.0164699
0.0371126
0.0574487
0.111518
0.534657
0.1186
0.0816354
0.095814
0.139757
0.0863525
0.0608782
0.158161
0.534657
0.24852
0.0955273
0.0497247
0.0380613
0.0446291
0.0738488
0.124363
0.197366
0.119602
0.0245421
0.0155032
0.00524087
0.0322746
0.0297177
0.215898
0.208356
0.148144
0.0301017
0.0496186
0.0198117
0.071059
0.0579773
0.207788
0.500261
0.171742
0.034633
0.00304053
0.0011363
0.00534132
0.0224368
0.395307
0.500261
0.137585
0.0504674
0.0115087
0.0315515
0.0249848
0.0225148
0.196059
0.342223
0.128394
0.0136254
0.0359566
0.0155617
0.0287192
0.0437731
0.217463
0.507541
0.140651
0.0193558
0.0311834
0.00617801
0.0328844
0.0213157
0.249967
0.318404
0.141897
0.107174
0.0264188
0.0557254
0.0485836
0.0305452
0.212355
0.346823
0.145667
0.0906992
0.045383
0.0250281
0.14546
0.156662
0.213592
0.512846
0.0543448
0.014089
0.0100623
0.00695839
0.0133638
0.0138531
0.222463
0.512846
0.0551191
0.0202036
0.00461224
0.0151248
0.0227057
0.0261959
0.198354
0.348078
0.0581797
0.0712901
0.0375022
0.040649
0.0862663
0.0989622
0.192864
0.215134
0.101974
0.107028
0.0717242
0.0845793
0.0963848
0.0590248
0.108636
0.1953
0.0464771
0.169296
0.0832282
0.0254959
0.0374454
0.0311048
0.0257178
0.0161982
0.0179108
0.497493
0.299907
0.0281516
0.0317752
0.0119211
0.0843488
0.0437741
0.0610865
0.229987
0.166787
0.0334311
0.0614405
0.0433253
0.00937061
0.00250361
0.0209214
0.504428
0.404077
0.014091
0.0110682
0.00509621
0.0172833
0.0249719
0.0635382
0.390321
0.275075
0.0361908
0.0822514
0.000862365
0.118303
0.0675143
0.138205
0.114094
0.128374
0.0640262
0.0782442
0.141445
0
0.00145137
0.0651678
0.58686
0.284853
0.0135338
0.00997859
0
0.0524563
0.0497625
0.151105
0.357065
0.100502
0.0194469
0.00898782
0.0720287
0.0567853
0.0998749
0.0969536
0.156133
0.0443831
0.0381617
0.127723
0.0377457
0.101004
0.408136
0.153917
0.0399572
0.0699136
0.0719768
0.121935
0.0969149
0.0498996
0.0361044
0.0206613
0.034288
0.0136645
0.0809674
0.420566
0.220958
0.0783804
0.113369
0.0469508
0.0271445
0.0462477
0.30555
0.471126
0.266804
0.0620798
0.381461
0.0786378
0.0210727
0.0444182
0.0685301
0.154957
0.0921997
0.0562038
0.343677
0.128973
0.0821937
0.0137552
0.0687926
0.143344
0.0583403
0.0464455
0.0766652
0.020849
0.0387854
0.0286909
0.225877
0.433762
0.199108
0.0407152
0.0534006
0.0377829
0.0676046
0.0158124
0.262281
0.433762
0.176278
0.0739839
0.359993
0.106579
0.0823772
0.00576
0.0451233
0.121552
0.0337319
0.167239
0.318277
0.096266
0.101537
0.03213
0.0321058
0.099067
0.0276045
0.0212712
0.0471912
0.0324689
0.053681
0.0101345
0.170917
0.505601
0.15932
0.0256841
0.0517796
0.074319
0.095202
0.0346594
0.102916
0.505601
0.122879
0.164432
0.161431
0.164016
0.222727
0.0436521
0.0412858
0.0709677
0.0640823
0.35716
0.15334
0.110516
0.125775
0.0195929
0.0125153
0.12036
0.300633
0.111196
0.13393
0.110433
0.125959
0.0287135
0.0685305
0.377998
0.149677
0.346893
0.133546
0.0452
0.0519018
0.0136646
0.0301473
0.181773
0.330769
0.255729
0.197452
0.0879323
0.065982
0.0250351
0.0327385
0.100008
0.201842
0.144724
0.195917
0.102411
0.0992442
0.0811728
0.0816633
0.1753
0.09957
0.209395
0.114507
0.167337
0.138957
0.0498563
0.0174836
0.10409
0.228352
0.14715
0.4913
0.308108
0.241634
0.154688
0.0215686
0.112126
0.105388
0.0390577
0.0367588
0.0369994
0.187171
0.126695
0.0330049
0.0716321
0.053166
0.00307609
0.00234662
0.0219383
0.528789
0.270562
0.0132428
0.0102534
0.00879504
0.0465886
0.156628
0.0638961
0.290961
0.199408
0.0160052
0.0584734
0.0623691
0.000872376
0.00325098
0.0200049
0.528789
0.294133
0.00749082
0.0130255
0.0150082
0
0
0.0249877
0.484684
0.157613
0.00360796
0
0
0.00658848
0.0228348
0.0448155
0.323441
0.14872
0.0351264
0
0.0105435
0
0.00064925
0.0434696
0.566602
0.153024
0.00159739
0
0
0
0.0046507
0.080187
0.390392
0.203623
0.0801733
0
0
0.0355824
0.00777535
0.0256926
0.0273647
0.0371863
0.117225
0.388622
0.190831
0.06588
0.0143812
0.0578689
0.0505465
0.0509986
0.333948
0.450279
0.256736
0.0734739
0.052936
0.0632101
0.154313
0.123703
0.110412
0.178039
0.0797659
0.0698269
0.0382796
0.0824595
0.178456
0.239363
0.172411
0.244728
0.230314
0.06978
0.0325425
0.0227723
0.124028
0.0440829
0.185631
0.282711
0.216159
0.117738
0.0612566
0.018914
0.158098
0.0413795
0.15795
0.363239
0.293405
0.0807558
0.0203286
0.0669443
0.285555
0.169065
0.100857
0.157301
0.198816
0.183214
0.110658
0.0822151
0.377441
0.18322
0.079178
0.0877037
0.204095
0.0555967
0.0551438
0.0186661
0.0435359
0.0342584
0.150563
0.421272
0.207983
0.0213939
0.0416448
0.0200182
0.0209954
0.0490235
0.242544
0.505739
0.0955191
0.124893
0.198774
0.0614172
0.146904
0.141342
0.119414
0.109182
0.13219
0.0560001
0.186317
0.0572945
0.0295507
0.113156
0.240765
0.275585
0.18746
0.0272408
0.0406542
0.010023
0.0117783
0.0118328
0.148604
0.415509
0.0927565
0.046204
0.0369763
0.0122516
0.0208268
0.012852
0.0773701
0.372485
0.163746
0.0047586
0.0326683
0.0279837
0.0189498
0.0321482
0.201491
0.38517
0.15091
0.000622156
0.00350924
0.0155766
0.0302088
0.0243967
0.185929
0.529224
0.185657
0.0172599
0.027878
0.0869685
0.144739
0.0670723
0.0468424
0.161695
0.0908829
0.0348764
0.151026
0.178527
0.257556
0.157438
0.0612598
0.114084
0.0431954
0.00018455
0.00618175
0.0168973
0.0782773
0.0618625
0.146239
0.520589
0.136703
0.0429149
0.0319021
0.0490002
0.172298
0.121918
0.248994
0.520589
0.08997
0.020486
0.0700167
0.0447062
0.289175
0.196484
0.0125261
0.0395906
0.0228735
0.00114169
0.00397141
0.00781967
0.479486
0.257402
0.00268744
0.0037704
0.00394409
0.0585684
0.0426518
0.046483
0.307176
0.158936
0.0736771
0.175002
0.0304649
0.0212277
0.0263115
0.0263791
0.479486
0.358536
0.0115937
0.0068173
0.00814213
0.000455413
0.00205619
0.03801
0.46652
0.183099
0.0131171
0.00357095
0.000455413
0
0.00202752
0.0704063
0.400782
0.179266
0.0418131
0.00238064
0
0.0162636
0.00788438
0.0177571
0.388058
0.37417
0.0408899
0.0184031
0.0228105
0.0496466
0.0190565
0.0188247
0.29825
0.300788
0.0937288
0.0294416
0.0494874
0.130954
0.0775776
0.0567486
0.123654
0.144939
0.0834384
0.0905551
0.0840756
0.0528381
0.0643877
0.0322966
0.117051
0.250303
0.219551
0.214409
0.298216
0.203928
0.0671795
0.109701
0.105957
0.105332
0.0961541
0.0747114
0.235176
0.13615
0.0619535
0.0962406
0.0243035
0.0782806
0.304772
0.261994
0.482181
0.0541088
0.02696
0.0299988
0.135273
0.153569
0.178744
0.156371
0.269669
0.164644
0.173532
0.0752953
0.226811
0.183411
0.136304
0.0910318
0.225625
0.0867443
0.102115
0.0357828
0.040781
0.0924748
0.214257
0.171873
0.295324
0.145479
0.199555
0.0711926
0.162498
0.237035
0.321904
0.197223
0.249797
0.15649
0.191594
0.0557265
0.10946
0.130025
0.0822898
0.0546322
0.0875183
0.105629
0.12445
0.0398698
0.0395767
0.133204
0.243335
0.19598
0.274775
0.147059
0.145965
0.0532597
0.0793856
0.15464
0.217374
0.201526
0.118371
0.10001
0.077825
0.0232827
0.0332191
0.273251
0.420019
0.325353
0.255764
0.0179078
0.0234791
0.0363612
0.0420819
0.0543288
0.210725
0.204852
0.207111
0.0212202
0.0265252
0.0219125
0.0321399
0.0321278
0.17867
0.449148
0.134371
0.0241499
0.0125336
0.00926553
0.0406251
0.204144
0.452152
0.283324
0.185307
0.0467327
0.0403052
0.00878171
0.0340309
0.193851
0.257612
0.2703
0.102775
0.00935051
0.00961304
0.000243242
0.00578015
0.0143583
0.120465
0.46457
0.0901194
0.0487247
0.0197335
0.00821813
0.0250948
0.0265339
0.193246
0.489957
0.110953
0.0274368
0.0158366
0.00939767
0.0533204
0.133561
0.103148
0.232697
0.0987382
0.0341595
0.00515223
0.00930957
0.0803077
0.0895627
0.142466
0.489957
0.215482
0.109752
0.0594649
0.0458915
0.178496
0.0571802
0.0973042
0.260947
0.0818277
0.0527164
0.0491431
0.053625
0.378817
0.284541
0.0278977
0.0274535
0.0299864
0.0632308
0.033433
0.025743
0.0519792
0.0369551
0.152727
0.538013
0.181066
0.0390492
0.0656456
0.123821
0.307026
0.197909
0.0832884
0.218858
0.0977079
0.0786864
0.0431444
0.0386258
0.243218
0.294042
0.0629291
0.0265707
0.102415
0.246292
0.0581508
0.0203737
0.0788203
0.140953
0.0681411
0.0330798
0.331346
0.106532
0.0906459
0.177938
0.397559
0.178132
0.0434754
0.0352288
0.103236
0.355569
0.0909505
0.0790758
0.109303
0.0265423
0.0188412
0.0214457
0.386041
0.116397
0.0366741
0.0570765
0.0578333
0.0682337
0.14386
0.184682
0.204831
0.171317
0.081281
0.0580375
0.00969164
0.0207941
0.206522
0.186632
0.343566
0.163005
0.0634515
0.0892629
0.00842313
0.0781969
0.193616
0.255045
0.22768
0.359889
0.226093
0.0734376
0.00327554
0.0260598
0.10934
0.170494
0.384518
0.0673738
0.0849032
0.0544919
0.0212553
0.0342233
0.15022
0.107938
0.192717
0.0708064
0.0964915
0.103698
0.0912966
0.0952888
0.288211
0.260361
0.197913
0.161438
0.15929
0.0758068
0.00758524
0.0260565
0.109065
0.0920435
0.356857
0.156252
0.119596
0.165559
0.0714983
0.0356007
0.269119
0.234655
0.470476
0.0386617
0.0836176
0.0506981
0.047723
0.0786191
0.193599
0.240927
0.0990691
0.0349846
0.0704195
0.0342701
0.0248658
0.193786
0.223748
0.251353
0.169382
0.129595
0.138785
0.0957038
0.0380509
0.0825348
0.224662
0.248537
0.222331
0.138554
0.0948691
0.0424029
0.0122626
0.238186
0.310715
0.340155
0.354089
0.0492351
0.0199058
0.0472711
0.0866726
0.263445
0.297754
0.241235
0.152956
0.0572211
0.0335197
0.0422551
0.0797204
0.281704
0.242862
0.180976
0.0632181
0.144011
0.0580516
0.0861047
0.102408
0.211112
0.295744
0.174885
0.300769
0.137159
0.135941
0.124255
0.13111
0.180803
0.184839
0.221366
0.145607
0.0627751
0.0545828
0.0710767
0.124891
0.210382
0.100507
0.1014
0.0737543
0.0445267
0.0419665
0.110304
0.229232
0.183676
0.0961904
0.293267
0.157654
0.212152
0.14014
0.127629
0.082752
0.0834304
0.092224
0.273608
0.246057
0.214162
0.120888
0.346211
0.310762
0.140151
0.0493491
0.124221
0.256471
0.0275367
0.0217468
0.0524556
0.0727158
0.0715741
0.15459
0.415264
0.108227
0.0169956
0.0523676
0.208242
0.239474
0.105042
0.110457
0.309957
0.0961639
0.105829
0.0889305
0.218347
0.219589
0.122199
0.067792
0.112512
0.0638462
0.0633007
0.0908472
0.25255
0.468346
0.131563
0.0429103
0.130685
0.0352884
0.0420728
0.0892557
0.406417
0.429894
0.129191
0.0290216
0.0861137
0.0571741
0.224617
0.0820904
0.132457
0.125228
0.0382601
0.0174203
0.0333275
0.118667
0.0206873
0.0697641
0.361263
0.479086
0.0927493
0.00842371
0.0473259
0.034481
0.108867
0.0468036
0.113155
0.0495644
0.023836
0.0125999
0.0411465
0.0591133