0.0806713
0.0767608
0.122934
0.0343852
0.103975
0.10464
0.17229
0.183116
0.180024
0.200443
0.052766
0.0830747
0.132535
0.140384
0.1954
0.0628372
0.0685386
0.0632172
0.131923
0.0962009
0.120299
0.248158
0.410315
0.172953
0.150363
0.174032
0.21242
0.243264
0.281129
0.267416
0.202993
0.0836128
0.209888
0.220766
0.031216
0.0840452
0.0793647
0.0851218
0.0615561
0.107846
0.217201
0.271177
0.0695788
0.0917329
0.0843616
0.111983
0.0664609
0.10909
0.184672
0.132538
0.112082
0.185057
0.145582
0.188209
0.0903828
0.145241
0.244486
0.137726
0.071234
0.122292
0.0998518
0.308125
0.39497
0.305292
0.148033
0.202418
0.14182
0.0950423
0.0487684
0.0559837
0.0603177
0.0436557
0.0975145
0.0899788
0.1272
0.0972105
0.0795169
0.16632
0.190756
0.0896008
0.33476
0.115633
0.119197
0.098279
0.0537817
0.138087
0.297321
0.299482
0.167413
0.0462148
0.184125
0.147386
0.322994
0.220586
0.276521
0.216483
0.0578307
0.0215066
0.0681928
0.0784127
0.185683
0.245121
0.165676
0.0867947
0.112321
0.138104
0.186579
0.0858489
0.184616
0.187824
0.13236
0.0875935
0.0429153
0.03592
0.0959716
0.134733
0.462325
0.270949
0.103053
0.0836214
0.186674
0.181105
0.185313
0.0923168
0.3213
0.183494
0.039994
0.172642
0.119406
0.188119
0.0969652
0.0209783
0.0635122
0.065953
0.0759279
0.077925
0.226585
0.384778
0.249345
0.0744832
0.108891
0.0723263
0.0896887
0.180161
0.18884
0.202731
0.151355
0.0215363
0.0562804
0.0671548
0.0259948
0.100648
0.330148
0.440347
0.22237
0.0389442
0.0757414
0.0669154
0.106166
0.209721
0.206484
0.341042
0.134311
0.0465216
0.0186276
0.0162458
0.0462192
0.103739
0.2111
0.301
0.198982
0.0944584
0.0165448
0.0166252
0.03594
0.0947457
0.269152
0.388733
0.104414
0.0111662
0.0129712
0.0166955
0.069575
0.115017
0.375706
0.377264
0.0593652
0.0767566
0.0520661
0.0321323
0.0539942
0.123634
0.169409
0.145084
0.183317
0.121476
0.0345283
0.013663
0.0434753
0.13308
0.131941
0.0526814
0.155643
0.320285
0.228857
0.03142
0.0914112
0.131053
0.202047
0.127401
0.0756243
0.265896
0.168877
0.0562268
0.0631966
0.179458
0.053364
0.084557
0.224973
0.412601
0.365667
0.101519
0.059211
0.152848
0.0622102
0.0904031
0.166222
0.0985835
0.101793
0.219291
0.235622
0.0355824
0.0336694
0.132336
0.259868
0.218379
0.210429
0.225365
0.11229
0.0220429
0.152773
0.129374
0.149304
0.106058
0.20203
0.190709
0.128029
0.149743
0.0833644
0.121557
0.1151
0.127796
0.211172
0.36382
0.302144
0.167592
0.04349
0.0921134
0.150449
0.157527
0.103765
0.149942
0.13675
0.0508513
0.134788
0.103829
0.0885326
0.138837
0.060624
0.128704
0.255629
0.202463
0.0548002
0.0610975
0.0639885
0.145317
0.245231
0.333111
0.346842
0.146662
0.184547
0.23245
0.146435
0.176747
0.215927
0.214485
0.194369
0.168986
0.140548
0.0407265
0.110731
0.18479
0.0713159
0.0574721
0.134477
0.136731
0.0994683
0.0324344
0.228948
0.187279
0.203543
0.0599114
0.115541
0.100985
0.0772307
0.293995
0.220247
0.215833
0.126569
0.0685364
0.0824346
0.0571464
0.159259
0.511167
0.320349
0.141745
0.10823
0.0394961
0.112199
0.126559
0.0681177
0.0924768
0.109936
0.0603749
0.140202
0.0406858
0.0282248
0.0630273
0.0882332
0.204129
0.145389
0.0384197
0.0608463
0.028132
0.0185068
0.101292
0.246333
0.499843
0.222198
0.0230283
0.021325
0.00985822
0.0230591
0.0721887
0.245221
0.555008
0.252219
0.0474061
0.0341078
0.00571391
0.00436131
0.0337271
0.0862653
0.201946
0.114705
0.00659231
0.0059695
0.0245848
0.0119959
0.0400124
0.200491
0.452951
0.111569
0.0128239
0.00320822
0.0233473
0.0158497
0.0206402
0.187459
0.492204
0.0999529
0.0125162
0.0102661
0.00437112
0.0028588
0.00943504
0.305813
0.492204
0.0680589
0.00809932
0.00114081
0.0011502
0.0046193
0.00931123
0.261852
0.382346
0.0561354
0.0171632
0.0129096
0.00511111
0.0284133
0.0434764
0.271975
0.180706
0.0151079
0.157805
0.142549
0.0128732
0.0472897
0.0923472
0.259565
0.401179
0.0453248
0.0794293
0.0346344
0.000567072
0.0284048
0.0469659
0.135506
0.0731685
0.034744
0.464935
0.286635
0.00701342
0.0436516
0.0614452
0.0779416
0.0679722
0.0179525
0.364144
0.228272
0.0284458
0.0364577
0.069925
0.0288206
0.148724
0.131369
0.319455
0.279588
0.0585605
0.0493972
0.0570369
0.0225809
0.0175508
0.0291777
0.534109
0.287119
0.00633368
0.0195932
0.036094
0.0726568
0.128415
0.107893
0.273639
0.147234
0.0105743
0.0691399
0.0950418
0.136341
0.0638581
0.0617388
0.0511612
0.124687
0.10507
0.133142
0.287333
0.120022
0.0736431
0.0354196
0.0852143
0.138813
0.276837
0.269225
0.2811
0.258508
0.199718
0.0875709
0.0934314
0.0443367
0.0707535
0.0773469
0.307639
0.240555
0.195089
0.179286
0.0715413
0.137647
0.164969
0.16944
0.269037
0.0726783
0.0470585
0.0113063
0.0626321
0.123988
0.162165
0.206023
0.140173
0.242775
0.443147
0.0495498
0.0295665
0.0851906
0.106834
0.134695
0.111248
0.195215
0.178186
0.0952583
0.0465276
0.0952662
0.0901345
0.148431
0.132623
0.349931
0.479537
0.0444027
0.0648449
0.0691431
0.0527139
0.114679
0.110717
0.12748
0.431829
0.095992
0.0222656
0.0204647
0.0184966
0.021335
0.0166394
0.17207
0.431829
0.11976
0.0126727
0.0122367
0.00661644
0.0198511
0.0269738
0.203893
0.431829
0.0318485
0.0338446
0.0190435
0.00559812
0.0388366
0.0142706
0.293334
0.431829
0.0454621
0.0431617
0.0295192
0.00795718
0.0398921
0.0126278
0.224723
0.443467
0.126954
0.0293586
0.0181877
0.00508326
0.00980464
0.0281883
0.196383
0.441478
0.139988
0.0508726
0.0802684
0.0233744
0.0394745
0.0269966
0.244214
0.293611
0.0759293
0.153397
0.114185
0.0204457
0.0371955
0.0428111
0.353679
0.206134
0.0799555
0.1148
0.132741
0.0452215
0.0628996
0.13945
0.216876
0.457364
0.0566934
0.0339771
0.0380962
0.0168107
0.0285883
0.0163842
0.263213
0.50089
0.128322
0.0475845
0.00876062
0
0.0097585
0.018332
0.297776
0.234867
0.0784102
0.0939488
0.0630506
0.0496171
0.0472388
0.0915796
0.145701
0.236407
0.192382
0.165722
0.0802879
0.0713511
0.0922531
0.092989
0.164197
0.227403
0.0909326
0.092348
0.0595422
0.00152338
0.0323529
0.0372497
0.0450078
0.0404462
0.0418049
0.478675
0.301983
0.00773523
0.0224812
0.0232748
0.0658992
0.104975
0.106847
0.172632
0.116738
0.0380999
0.0814073
0.134336
0.0136531
0.0284929
0.0506282
0.528476
0.369517
0.0183635
0.0191516
0.055955
0.00287083
0.00133257
0.0320291
0.455279
0.212912
0.00410188
0.00111095
0.00425905
0.0481319
0.0579916
0.100465
0.275525
0.0663354
0.00153249
0.0154829
0.0436059
0
0.000556227
0.0201534
0.532167
0.313214
0.00709372
0
0
0.0125767
0.0175959
0.0513306
0.425018
0.168478
0.0409246
0.00116064
0.00347169
0.212625
0.228893
0.143476
0.170157
0.0820954
0.0283832
0.042772
0.133265
0.182524
0.195746
0.164592
0.120167
0.256408
0.160134
0.114182
0.101737
0.213569
0.146425
0.0738286
0.136312
0.160997
0.0716347
0.167273
0.18808
0.185736
0.0635721
0.0619592
0.182649
0.349601
0.225714
0.22167
0.21517
0.103256
0.124886
0.0853811
0.0677186
0.153557
0.126089
0.159458
0.0340864
0.127578
0.293011
0.06305
0.133713
0.108356
0.107827
0.355122
0.05082
0.0307108
0.0232633
0.0585325
0.104479
0.190536
0.162131
0.238071
0.13705
0.0781457
0.0303045
0.052968
0.124536
0.0592959
0.184771
0.559688
0.185583
0.0960456
0.227898
0.0270331
0.0716854
0.038465
0.0457231
0.307053
0.0522698
0.156939
0.208197
0.064508
0.0939008
0.0588039
0.0346065
0.220105
0.0785447
0.0454512
0.0107109
0.0113981
0.0325366
0.0135383
0.122091
0.520487
0.116839
0.0451194
0.0418145
0.0297966
0.0622636
0.0503036
0.160947
0.520487
0.17286
0.124538
0.189328
0.10737
0.149323
0.147455
0.0265877
0.0485007
0.0869432
0.400881
0.12815
0.0763034
0.076035
0.105533
0.0227174
0.0163715
0.252829
0.10022
0.112835
0.0677955
0.0560815
0.0763364
0.0942235
0.485774
0.190844
0.235865
0.073731
0.0661845
0.0228318
0.0343857
0.0297827
0.318391
0.280776
0.32447
0.116925
0.0761919
0.0536614
0.0361562
0.0294263
0.031115
0.239219
0.111118
0.189647
0.157058
0.108728
0.0772675
0.07904
0.111138
0.173057
0.165761
0.0925609
0.117991
0.128592
0.0567323
0.0195979
0.11725
0.233094
0.0985966
0.447379
0.390261
0.275589
0.11537
0.0220634
0.06448
0.139075
0.0305849
0.0861962
0.0635504
0.148345
0.0929113
0.0457935
0.0691519
0.112391
0.00167831
0.0168322
0.0359081
0.512491
0.254035
0.019378
0.0204053
0.0461803
0.0370952
0.217278
0.132571
0.299098
0.160329
0.0168063
0.0349402
0.0514078
0.00213524
0.024788
0.025696
0.525062
0.300096
0.0149568
0.0190613
0.0293755
0
0.000340472
0.00699689
0.418254
0.275839
0.00588126
0
0
0.00200217
0.0038183
0.0139712
0.309386
0.196193
0.0452003
0.00177137
0
0
8.51181e-005
0.00816787
0.49121
0.304567
0.00572217
0.00117374
0.00586868
0.00300326
0.00987157
0.0491076
0.407051
0.238101
0.0148788
0.000442842
0
0.127932
0.112116
0.0263341
0.0503539
0.0815412
0.104801
0.223107
0.170162
0.0854556
0.0442876
0.107024
0.105026
0.243083
0.134472
0.334946
0.221821
0.0716486
0.0759941
0.031656
0.115707
0.14168
0.136492
0.17674
0.183322
0.0723077
0.155345
0.278465
0.120288
0.230459
0.175086
0.395863
0.196661
0.0458966
0.0357339
0.102706
0.124721
0.123116
0.093933
0.185022
0.121434
0.129172
0.0792893
0.13645
0.178612
0.0409253
0.140087
0.326662
0.162546
0.0927249
0.0990863
0.199315
0.0763218
0.0944053
0.111076
0.257972
0.175948
0.221705
0.127541
0.222598
0.145161
0.0657685
0.204957
0.366737
0.339566
0.0503416
0.0274499
0.0424818
0.0402443
0.0178392
0.101287
0.374449
0.0875204
0.0228497
0.00190678
0.00195618
0.0150621
0.0377068
0.182422
0.456041
0.102008
0.208131
0.0717106
0.0767869
0.0787967
0.110451
0.142443
0.238091
0.187751
0.21012
0.0232019
0.0088458
0.0390539
0.146293
0.248679
0.456041
0.115831
0.032004
0.00681417
0.00347414
0.0033291
0.0171431
0.120741
0.393599
0.0927561
0.02575
0.0066382
0.0125405
0.00979926
0.00518379
0.0963504
0.449674
0.114458
0.0909902
0.00697943
0
0
0.0278718
0.203046
0.409572
0.1191
0.0483852
0.00335492
0.00448639
0.00166193
0.00494697
0.184551
0.449674
0.282025
0.0104921
0.0261184
0.0637897
0.0915844
0.0692635
0.0786502
0.262229
0.0928685
0.0112341
0.142757
0.151784
0.19318
0.119418
0.110635
0.177411
0.0823499
0.00975189
0.000197414
0.0190651
0.0185285
0.0445301
0.184692
0.511619
0.195562
0.0357944
0.0112454
0.0274151
0.0591778
0.0680506
0.25982
0.511619
0.160636
0.00927835
0.0849365
0.0678571
0.28133
0.133563
0.0367258
0.0790726
0.0467851
0.00145603
0.00828612
0.0252087
0.513352
0.211855
0.00960592
0.00441397
0.0128378
0.0971915
0.028551
0.0678816
0.206888
0.0716984
0.0943487
0.332122
0.130601
0.0567403
0.0197571
0.0797274
0.513352
0.213714
0.027328
0.0302418
0.036603
0
0
0.0100188
0.462988
0.242199
0.00906358
0.000869801
0.00434899
0.000449334
0.00458728
0.0464842
0.360295
0.23448
0.0146268
0.00356335
0.000122874
0.0102055
0.00108582
0.0278425
0.512378
0.255231
0.0664738
0.0352152
0.0152843
0.09427
0.0198797
0.0371273
0.239965
0.245023
0.0954428
0.058202
0.0880184
0.10446
0.0583045
0.070435
0.133836
0.110356
0.11108
0.0704498
0.123892
0.176254
0.102721
0.15885
0.133496
0.103179
0.266333
0.222467
0.220368
0.210308
0.0671134
0.18697
0.162956
0.140965
0.0872246
0.0496868
0.286129
0.178784
0.0686457
0.106462
0.22904
0.141348
0.412678
0.129573
0.232139
0.146045
0.0869657
0.131707
0.0309718
0.0323464
0.0893802
0.151779
0.212419
0.238453
0.119181
0.107849
0.0399525
0.0342465
0.0771838
0.230145
0.340921
0.177033
0.105792
0.0898759
0.0618684
0.055007
0.173245
0.0927956
0.195444
0.480326
0.179177
0.0907703
0.0364306
0.0284013
0.045661
0.133876
0.362962
0.235085
0.12312
0.0392895
0.0422178
0.130104
0.0895834
0.106101
0.212035
0.21874
0.0616526
0.0195036
0.0720026
0.181535
0.200297
0.328797
0.159844
0.285453
0.106062
0.0273772
0.0350551
0.0686358
0.052306
0.1621
0.259051
0.159848
0.0597493
0.0374508
0.131183
0.133241
0.256314
0.337934
0.297137
0.126397
0.0439124
0.0542353
0.0581751
0.0532462
0.165575
0.298523
0.142013
0.201303
0.048873
0.073366
0.0251553
0.0190946
0.153656
0.30653
0.418381
0.135614
0.122566
0.194171
0.157052
0.0790091
0.2211
0.133038
0.0883638
0.271384
0.16526
0.301086
0.0940123
0.0514727
0.107495
0.0619196
0.222975
0.0894863
0.0219752
0.0148905
0.00850876
0.0133261
0.202656
0.4116
0.232175
0.0467988
0.0115316
0.00626945
0.0135112
0.0209374
0.221524
0.535558
0.125445
0.154229
0.0697604
0.0767873
0.0527971
0.0388156
0.129905
0.13825
0.203315
0.0644348
0.116165
0.0479404
0.0762419
0.103549
0.127308
0.36343
0.135121
0.109509
0.021307
0.0619375
0.0706675
0.0236378
0.0878426
0.443157
0.125355
0.088282
0.0259401
0.108179
0.372574
0.165991
0.024186
0.110199
0.0601944
0.0458061
0.0666068
0.0282466
0.0255893
0.0689659
0.139047
0.467322
0.157088
0.0748494
0.0980567
0.100794
0.214078
0.105447
0.130917
0.317874
0.162556
0.0555391
0.0134447
0.0891217
0.383943
0.222709
0.0571119
0.0697973
0.0443972
0.321852
0.0383005
0.0657911
0.11475
0.104128
0.0758467
0.0881711
0.295095
0.0695026
0.118314
0.19451
0.467491
0.124118
0.0330913
0.0738287
0.0685805
0.225465
0.0736698
0.133875
0.241518
0.0202904
0.00627203
0.0343647
0.209843
0.0814689
0.0717937
0.234037
0.144388
0.0952508
0.074669
0.053774
0.193309
0.0557256
0.104721
0.113388
0.187462
0.151473
0.230064
0.109798
0.126975
0.133959
0.101283
0.0972291
0.165187
0.0725806
0.161576
0.305054
0.243193
0.148299
0.185832
0.153381
0.187774
0.202285
0.217469
0.366847
0.178256
0.0988948
0.16593
0.145405
0.0664961
0.0689465
0.111312
0.0997309
0.118282
0.38719
0.164239
0.134779
0.047412
0.0154637
0.0854729
0.155064
0.402432
0.0974449
0.17262
0.195711
0.114366
0.113297
0.0924994
0.154144
0.0667917
0.19694
0.156396
0.180463
0.128379
0.0189814
0.109834
0.222619
0.36028
0.273024
0.0813612
0.0476224
0.0637518
0.0162101
0.04806
0.150908
0.305076
0.240942
0.0846062
0.102314
0.175844
0.0618803
0.138638
0.288004
0.324963
0.166382
0.177553
0.106168
0.140836
0.0377936
0.0354304
0.0667612
0.244086
0.278697
0.231448
0.200139
0.188828
0.0636489
0.052493
0.06682
0.213979
0.122643
0.142493
0.215819
0.148099
0.0452617
0.120173
0.0974993
0.0826674
0.219536
0.176622
0.245318
0.0570868
0.0296843
0.0303976
0.0313965
0.113079
0.336269
0.190505
0.183419
0.120877
0.0264677
0.0496689
0.0449802
0.162405
0.531393
0.207748
0.143432
0.0622037
0.0915437
0.0115379
0.038679
0.251581
0.267032
0.116889
0.0825949
0.0495143
0.0432605
0.0337096
0.117477
0.256029
0.135279
0.248898
0.0675146
0.104352
0.136189
0.0689
0.18598
0.170488
0.420793
0.122931
0.110456
0.109663
0.214469
0.0322841
0.124433
0.339127
0.113966
0.11753
0.146092
0.209311
0.167721
0.10073
0.141434
0.144696
0.0367877
0.132731
0.0290297
0.0379523
0.107758
0.1589
0.359344
0.239875
0.138464
0.190053
0.136824
0.11344
0.0462259
0.184249
0.427111
0.319829
0.062377
0.0929298
0.0644458
0.0887749
0.113435
0.116325
0.142706
0.151674
0.137618
0.148207
0.0843919
0.0519685
0.130978
0.166597
0.225446
0.168817
0.141452
0.306182
0.414552
0.419378
0.0355165
0.0521935
0.131674
0.132994
0.056353
0.117473
0.259088
0.269293
0.0166497
0.0108432
0.0279348
0.0759111
0.124461
0.214912
0.261821
0.150614
0.106465
0.102425
0.0851981
0.0493032
0.0418888
0.0643615
0.131118
0.0871681
0.0394331
0.0445227
0.0319954
0.0420594