0.0914867
0.175776
0.164672
0.0624255
0.0896242
0.0448016
0.0999305
0.0939349
0.184441
0.209301
0.129875
0.0591966
0.0898337
0.151403
0.186377
0.136629
0.091601
0.11329
0.234509
0.175331
0.118913
0.0588709
0.12021
0.123274
0.155157
0.0953236
0.109657
0.0855373
0.107845
0.253182
0.318055
0.212285
0.246665
0.156615
0.0468769
0.0413756
0.0685604
0.100101
0.151037
0.128924
0.261105
0.0714401
0.0520986
0.0572922
0.0901537
0.11053
0.11938
0.233255
0.155777
0.0919624
0.060045
0.0296835
0.0568842
0.204366
0.319107
0.18422
0.155481
0.111606
0.10226
0.0515156
0.0945913
0.181409
0.210444
0.202629
0.164081
0.117265
0.125783
0.105804
0.0862073
0.0861851
0.0645722
0.15665
0.224113
0.224052
0.159362
0.0968246
0.0674246
0.0544166
0.0464675
0.15114
0.145638
0.156927
0.164654
0.114468
0.10173
0.136024
0.0734736
0.119002
0.200065
0.232954
0.226967
0.137576
0.112239
0.116312
0.124898
0.149687
0.163346
0.155065
0.0508807
0.0247668
0.0563183
0.0760044
0.0581966
0.108918
0.186476
0.223588
0.0850923
0.0683303
0.0877656
0.127004
0.102792
0.124232
0.105898
0.170877
0.0740084
0.0546096
0.0963982
0.131755
0.150304
0.0857612
0.202819
0.397154
0.304257
0.0980976
0.11077
0.1095
0.132241
0.118259
0.0621388
0.0615467
0.0290222
0.0333585
0.0456124
0.0865098
0.0558681
0.0472594
0.106043
0.0642915
0.0760201
0.0380298
0.0356353
0.0879576
0.0592326
0.093686
0.194174
0.196746
0.128679
0.0552111
0.0591427
0.0694229
0.0372154
0.0542239
0.460893
0.630571
0.186164
0.0412999
0.0383569
0.0705254
0.031302
0.107176
0.131761
0.0556928
0.0470815
0.0149166
0.0116903
0.0221229
0.0121617
0.0730612
0.122103
0.0650961
0.0494963
0.0255028
0.0330123
0.0363611
0.0229035
0.0903324
0.420358
0.48299
0.126872
0.011658
0.00863192
0.0380049
0.0149133
0.118803
0.403967
0.219979
0.0417932
0.0360704
0.153133
0.265752
0.0883758
0.239133
0.0954863
0.0762676
0.0634936
0.046878
0.0740962
0.0741552
0.0831463
0.0973632
0.1029
0.0723388
0.0646249
0.0915182
0.131625
0.0926661
0.111743
0.0481957
0.199325
0.0653247
0.0165117
0.0891076
0.448935
0.393084
0.163996
0.23319
0.132171
0.0552563
0.12124
0.186016
0.264465
0.101239
0.0648337
0.0595824
0.0837974
0.0379421
0.175406
0.161134
0.148011
0.0692922
0.118309
0.12562
0.195202
0.0508683
0.0817989
0.0920888
0.150278
0.166865
0.157437
0.208897
0.149808
0.0833609
0.0709412
0.100928
0.131399
0.0923933
0.165319
0.19026
0.196111
0.08753
0.0760596
0.0353216
0.151103
0.191599
0.205902
0.267784
0.142338
0.122654
0.112315
0.030374
0.0500657
0.125927
0.138169
0.126553
0.0996223
0.175554
0.19379
0.0580066
0.0575471
0.130232
0.113326
0.0950789
0.0873391
0.124069
0.120777
0.0190574
0.0840845
0.18326
0.193788
0.141596
0.232546
0.156184
0.143438
0.0646059
0.0854779
0.170208
0.381954
0.13181
0.0404073
0.0622217
0.0596337
0.0279975
0.0325121
0.0493372
0.0247696
0.0290612
0.0848538
0.121338
0.0512179
0.0383244
0.0468605
0.0462788
0.0422204
0.0380708
0.197885
0.140384
0.0686547
0.0346722
0.0376871
0.0324057
0.108993
0.0627775
0.594779
0.545742
0.175426
0.0412624
0.0391043
0.0204184
0.0773244
0.0852744
0.0467297
0.0646012
0.00811651
0.0122261
0.0162532
0.0214479
0.0306372
0.027548
0.12776
0.172635
0.0829857
0.0134779
0.0113879
0.018161
0.0398074
0.0522366
0.24857
0.349817
0.121709
0.020268
0.0121389
0.00677163
0.0228284
0.0409178
0.356161
0.663067
0.26607
0.0331391
0.0036723
0.0067803
0.0511562
0.0673828
0.102313
0.153522
0.0759579
0.0117865
0.00668887
0.00347425
0.00830726
0.0169307
0.168924
0.306109
0.0897786
0.00617167
0.00981262
0.00521741
0.00536404
0.0375007
0.240769
0.441352
0.134535
0.0237682
0.000175638
0.000473855
0.0166973
0.0263078
0.425617
0.535458
0.108177
0.0332179
0.0385651
0.0139907
0.0312442
0.101091
0.191413
0.335478
0.0800579
0.0114391
0.0302653
0.0364826
0.0246116
0.122626
0.136759
0.110417
0.0126627
0.0652738
0.221694
0.1484
0.044788
0.110875
0.294789
0.270569
0.0853189
0.191716
0.187185
0.0819142
0.101982
0.238509
0.161357
0.0507689
0.0754552
0.349558
0.358602
0.0885528
0.0573821
0.118059
0.0363739
0.00728242
0.00104297
0.0531408
0.198633
0.0747252
0.0227137
0.0327768
0.0414986
0.00794823
0.0143175
0.0395318
0.0722676
0.0195561
0.028373
0.0702257
0.312499
0.0618158
0.0700479
0.125076
0.195032
0.0181321
0.00969646
0.149097
0.470942
0.0510509
0.0198822
0.0246849
0.0498256
0.0071631
0.0350938
0.666767
0.0444765
0.0777775
0.0485222
0.0387622
0.0298647
0.0414911
0.0729605
0.0642428
0.0260317
0.0762244
0.063233
0.0273957
0.0498567
0.10748
0.126845
0.0872537
0.0477146
0.178292
0.124704
0.115937
0.0745358
0.0399931
0.0620908
0.0913031
0.0818247
0.623024
0.44962
0.141683
0.104195
0.0652203
0.0728904
0.113153
0.0144889
0.0597108
0.0416154
0.00792813
0.0188395
0.0401656
0.0446638
0.0233532
0.190211
0.158001
0.0593729
0.00985519
0.0111936
0.0216791
0.0775759
0.0322078
0.11669
0.334051
0.201654
0.0478259
0.0273729
0.0226643
0.0310003
0.0547508
0.413275
0.617102
0.290735
0.0641129
0.0147612
0.0111673
0.0304277
0.050421
0.140628
0.0919337
0.0336289
0.0279593
0.00701973
0.00204307
0.0214867
0.0149941
0.235766
0.257744
0.0933307
0.0354921
0.00647757
0.000742032
0.00964257
0.0209386
0.265258
0.375665
0.0928392
0.0450834
0.0115978
0.000866853
0.004038
0.0140589
0.37112
0.624176
0.130607
0.0794029
0.0213697
0.0136251
0.0319266
0.0166391
0.158014
0.267039
0.10154
0.0110961
0.00109171
0.000918912
0.0104975
0.0107012
0.223194
0.475161
0.123589
0.0109312
0.000113706
0.00134747
0.0280409
0.0154631
0.213325
0.383116
0.151965
0.0606145
0.0144571
0.0196306
0.081275
0.0174359
0.32575
0.407148
0.107175
0.0347936
0.0189091
0.0233018
0.1622
0.0929563
0.232271
0.47141
0.0773141
0.009677
0
0.000231783
0.0104896
0.0120125
0.313247
0.386162
0.0611824
0.0620456
0.0404195
0.00568732
0.0134695
0.0577928
0.272406
0.339377
0.0409582
0.023577
0.0429781
0.0421484
0.0840857
0.090299
0.207061
0.316171
0.122568
0.111726
0.109256
0.0333068
0.0581509
0.0451719
0.124553
0.0947314
0.0556423
0.248577
0.140102
0.0221696
0.0280394
0.0648705
0.0515175
0.0168749
0.0879829
0.394041
0.166936
0.0181486
0.0125274
0.0164461
0.0813088
0.102857
0.0929338
0.335365
0.210718
0.0101591
0.0148948
0.0192247
0
0.00182121
0.0503569
0.592132
0.304485
0.00739106
0
0
0.186285
0.070183
0.138854
0.234372
0.0820672
0.00583942
0.00122015
0.0858085
0.37647
0.113096
0.0859157
0.064238
0.0302966
0.01445
0.00891093
0.428398
0.00988899
0.025796
0.094073
0.515595
0.196041
0.0143991
0
0.00662831
0.143795
0.116798
0.115779
0.24172
0.115872
0.0599063
0.00469472
0.107059
0.0368433
0.113805
0.0677283
0.10951
0.0714856
0.0591238
0.0266439
0.0236572
0.058381
0.349436
0.229074
0.148325
0.132761
0.12991
0.147654
0.073801
0.0444778
0.0921024
0.0481111
0.0944497
0.0752277
0.0839837
0.0622766
0.0298984
0.0583047
0.108631
0.056409
0.105917
0.117697
0.355051
0.597201
0.0820518
0.0798388
0.13517
0.0874159
0.0592317
0.0412441
0.0719752
0.0920395
0.0599831
0.176949
0.285905
0.18289
0.0880914
0.0646528
0.19051
0.117906
0.0402106
0.0278777
0.0161147
0.0159707
0.0442908
0.0431658
0.259416
0.331225
0.0841703
0.0394518
0.0552634
0.0807375
0.0710531
0.107555
0.467719
0.443627
0.169935
0.152776
0.313512
0.0982484
0.0251646
0.0182751
0.0757549
0.0895702
0.0131084
0.180826
0.420105
0.134605
0.0824137
0.0201519
0.0262576
0.0687409
0.0208601
0.0500756
0.0770113
0.0612225
0.0231558
0.0416184
0.1758
0.480315
0.101884
0.105909
0.15588
0.191852
0.129498
0.0648983
0.0830393
0.391941
0.126154
0.180645
0.248334
0.195516
0.142234
0.0468211
0.0610086
0.0610467
0.056317
0.378663
0.213812
0.113822
0.0963119
0.0651322
0.0627949
0.102208
0.160546
0.180893
0.193428
0.259854
0.172053
0.0773068
0.107011
0.104215
0.113764
0.373052
0.192712
0.143657
0.11759
0.0587977
0.0741795
0.0965707
0.278097
0.277704
0.184426
0.050375
0.0522869
0.103871
0.0993101
0.104774
0.151737
0.153044
0.18199
0.136671
0.136463
0.15996
0.103064
0.177313
0.114676
0.263069
0.263958
0.183341
0.0600869
0.102311
0.0590361
0.102367
0.217718
0.221319
0.3021
0.268409
0.127206
0.166714
0.0765743
0.137954
0.219168
0.0429776
0.05483
0.092534
0.27448
0.155823
0.0278321
0.0562801
0.0303666
0.0023664
0
0.0463183
0.494277
0.287455
0.0147113
0.00325906
0.0023664
0.0577035
0.0484937
0.105247
0.254109
0.143232
0.0282506
0.0632472
0.0982737
0.0141854
0.00126303
0.0907531
0.527121
0.290421
0.00846785
0.00693595
0.0142428
0.000450315
0.00585884
0.0492722
0.470532
0.28341
0.0223014
0
0.000450315
0.0395226
0.047467
0.0778422
0.264623
0.16453
0.0440062
0.0150894
0.11106
0.00269941
0.00167841
0.111062
0.470651
0.293549
0.0746499
0.0213822
0.00586613
0.088467
0.0431565
0.126825
0.272121
0.164453
0.144927
0.0672149
0.107548
0.0924784
0.0743261
0.0359334
0.0584357
0.060747
0.058844
0.0871493
0.0903015
0.155535
0.0482917
0.0166166
0.0333797
0.0624364
0.312366
0.620609
0.128193
0.114899
0.0522494
0.0678049
0.0471643
0.0410589
0.0770507
0.113088
0.124143
0.131878
0.0411367
0.0233432
0.0299098
0.039804
0.193799
0.230024
0.151107
0.0420853
0.00358449
0.00106631
0.00500988
0.0215716
0.222238
0.316572
0.134417
0.033463
0
0.000816144
0.0134884
0.072967
0.403243
0.515453
0.303115
0.0639405
0.0324285
0.000974479
0.00320635
0.0113311
0.0780266
0.0971939
0.0940986
0.156103
0.0324119
0.000971911
0.00645974
0.0338698
0.156133
0.278926
0.201979
0.0174654
0.000878422
0.00537482
0.0127885
0.0435715
0.132646
0.427059
0.121426
0.0613727
0.027947
0.0612654
0.0875996
0.0949163
0.171517
0.523121
0.166077
0.0516127
0.00352227
0.000626965
0.00710247
0.0385415
0.102169
0.256311
0.0892697
0.0220759
0.000658681
0.00121348
0.0412865
0.0595767
0.21644
0.426039
0.199424
0.0565582
0.0405196
0.0742615
0.0633442
0.0562606
0.101537
0.300924
0.122896
0.105823
0.0540121
0.105374
0.0623374
0.0305926
0.0665311
0.297913
0.148498
0.0168646
0.000913049
0.000583122
0.0202958
0.0552862
0.149169
0.412128
0.163676
0.114177
0.0176987
0.0534234
0.0311872
0.0725485
0.216209
0.579965
0.189424
0.0936159
0.14091
0.270518
0.0830704
0.116249
0.0262353
0.108812
0.0850474
0.109032
0.223187
0.250575
0.1445
0.211434
0.0209096
0.0660014
0.0923025
0.117332
0.0505857
0.155403
0.082353
0.166786
0.169241
0.366268
0.211668
0.0887665
0.0692724
0.152608
0.207229
0.24023
0.0519771
0.309599
0.266536
0.0497222
0.0544011
0.0644827
0.217686
0.198624
0.0132447
0.0331673
0.0679536
0.0156125
0.00218856
0.0468488
0.404356
0.332854
0.00209453
0.00236251
0.0111536
0.0550936
0.0315652
0.0954486
0.283907
0.205966
0.0102557
0.0808148
0.110338
0.0297595
0.00738423
0.0403014
0.338584
0.520054
0.0372016
0.046561
0.0425235
0.0026408
0.000370188
0.052246
0.402584
0.269786
0.0507439
0.026254
0.00751822
0.0567628
0.0487585
0.0964591
0.272941
0.135295
0.14414
0.0828743
0.0354366
0.0409035
0.000488443
0.0127334
0.280866
0.441657
0.101577
0.128049
0.110054
0.130929
0.0312913
0.0533205
0.19666
0.161193
0.192904
0.189513
0.251548
0.0865389
0.0937736
0.17343
0.117451
0.0839971
0.102434
0.0943312
0.0792226
0.104431
0.0956026
0.0990862
0.0609713
0.0346938
0.283859
0.330839
0.100275
0.0866724
0.0851146
0.118534
0.159872
0.158071
0.170173
0.103164
0.0673606
0.159108
0.19252
0.100915
0.103668
0.0935553
0.188777
0.220828
0.0894996
0.126032
0.121663
0.0139662
0.0136435
0.0120064
0.132962
0.225983
0.105684
0.284133
0.126993
0.0111919
0.0284036
0.0654053
0.0891359
0.270816
0.344059
0.148871
0.189453
0.0464819
0.0179858
0.0168944
0.0796268
0.15778
0.089548
0.153774
0.130098
0.092884
0.0549979
0.0702413
0.157612
0.243202
0.254919
0.109943
0.0216079
0.00726982
0.0257829
0.0888618
0.0969708
0.234997
0.171805
0.121497
0.00899199
0.00231692
0.0299633
0.0948371
0.258772
0.594896
0.414466
0.0508932
0.0395813
0.0492925
0.0603384
0.0658951
0.0673641
0.0727396
0.0912479
0.104047
0.0444843
0.0298441
0.0940983
0.0837507
0.0852525
0.124704
0.0936111
0.0443758
0.00452265
0.000148348
0.00523348
0.0582825
0.140193
0.339848
0.186699
0.133044
0.00717014
0.0104792
0.00930286
0.0889353
0.354606
0.557644
0.235317
0.0454978
0.00708013
0.00758925
0.027411
0.03552
0.0579486
0.131353
0.077642
0.106018
0.0117188
0.0183708
0.0255167
0.0469151
0.190871
0.325851
0.170854
0.0730951
0.00367597
0.0180597
0.0204781
0.0659732
0.234056
0.298342
0.198648
0.0869832
0.0290977
0.0536942
0.0732267
0.0712337
0.153161
0.318834
0.326568
0.0490658
0.00451398
0.0142338
0.0111739
0.0246422
0.159281
0.348829
0.110801
0.074403
0.0272776
0.0231879
0.01421
0.0239469
0.26373
0.449996
0.195414
0.0783838
0.0720708
0.122967
0.213429
0.124053
0.0615856
0.167379
0.219496
0.0840834
0.0604276
0.103507
0.215793
0.449708
0.0535637
0.145349
0.137678
0.167975
0.0794993
0.0700146
0.0786669
0.0644918
0.156994
0.240247
0.2501
0.165425
0.128102
0.324508
0.125803
0.178649
0.0196699
0.0979017
0.141041
0.137389
0.0171448
0.0247384
0.0379391
0.162103
0.0534424
0.134377
0.230941
0.293963
0.0071822
0.00962822
0.013267
0.0238669
0.0615421
0.103095
0.549414
0.155462
0.0691223
0.164099
0.0271735
0.0456089
0.00950159
0.0397998
0.167222
0.285633
0.039715
0.0357744
0.00582455
0.00354251
0.00689077
0.0228509
0.480416
0.111746
0.0148665
0.0226037
0.108456
0.147162
0.159045
0.0813053
0.112703
0.192915
0.11897
0.0621189
0.0947545
0.152959
0.121941
0.0800102
0.151697
0.160617
0.0435184
0.105794
0.122435
0.120968
0.131442
0.105678
0.181901
0.192187
0.145381
0.157316
0.140812
0.219535
0.224233
0.188088
0.193435
0.135168
0.124634
0.0519887
0.0593352
0.0861709
0.043649
0.0622467
0.101934
0.164721
0.0641734
0.102066
0.128075
0.123504
0.0991365
0.130822
0.184273
0.15023
0.146311
0.157587
0.163671
0.13926
0.0777776
0.0797642
0.113323
0.345494
0.175053
0.242894
0.190345
0.156955
0.040769
0.0591531
0.255055
0.127089
0.0831706
0.0835482
0.159598
0.13934
0.0754808
0.0856664
0.116454
0.157455
0.13445
0.0688424
0.227779
0.165794
0.0519804
0.0617056
0.0984438
0.265216
0.105869
0.105554
0.145731
0.181695
0.0784293
0.100817
0.218803
0.168311
0.0912398
0.0494461
0.156428
0.200458
0.205792
0.184831
0.189857
0.0734384
0.0350496
0.0649797
0.158942
0.148573
0.0695488
0.0509868
0.0660815
0.18849
0.0816042
0.158536
0.248353
0.200014
0.132348
0.294607
0.177555
0.0571852
0.0499935
0.093114
0.159423
0.136112
0.127287
0.0830778
0.120226
0.0469532
0.0967803
0.254017
0.273398
0.220657
0.124369
0.170799
0.0987304
0.0557045
0.0206646
0.0389702
0.0522507
0.0411483
0.0874263
0.369235
0.091538
0.0711458
0.0173709
0.0180459
0.0156739
0.0185082
0.229266
0.702604
0.224329
0.0146831
0.0200025
0.045216
0.0645009
0.0965635
0.0859555
0.087033
0.0336241
0.0710598
0.0318841
0.044675
0.0362798
0.0554762
0.0950988
0.175308
0.143519
0.202664
0.0553788
0.0371944
0.0305611
0.0395764
0.108188
0.339922
0.313101
0.226989
0.162409
0.44167
0.0952873
0.0784893
0.0134321
0.0784757
0.163045
0.17451
0.0589115
0.0436482
0.0115554
0.0158764
0.037274
0.148729
0.242728
0.24435
0.139427
0.170737
0.0229023
0.0236657
0.0601397
0.0720715
0.180981
0.180693
0.198823
0.557932
0.108881
0.0656228
0.0215391
0.0171121
0.0721045
0.23817
0.128601
0.094567
0.0597619
0.0552536
0.0426363
0.0688809
0.274733
0.189392
0.135776
0.205411
0.0461489
0.0476078
0.0851748
0.0457091
0.128104
0.14338
0.0820125
0.0751975
0.0979462
0.113958
0.0679973
0.0461392
0.154129