0.143242
0.0753439
0.109765
0.152964
0.105453
0.0737722
0.0733228
0.108301
0.167431
0.067176
0.13459
0.127872
0.140882
0.151437
0.0729481
0.147059
0.127405
0.0928269
0.0507448
0.21325
0.270387
0.151591
0.161889
0.0779933
0.117298
0.0458564
0.0277607
0.119343
0.259457
0.383206
0.164254
0.0687312
0.0942911
0.0946519
0.133903
0.0734517
0.111192
0.112099
0.100248
0.128739
0.231697
0.204239
0.160986
0.0973143
0.113488
0.151299
0.0955082
0.195003
0.104335
0.0562858
0.0578431
0.0721493
0.113452
0.243971
0.154889
0.0970125
0.199167
0.153566
0.206039
0.101759
0.065253
0.112182
0.209047
0.269839
0.20825
0.199362
0.112061
0.105309
0.0984426
0.100515
0.0600454
0.180651
0.172465
0.186734
0.101028
0.0835426
0.0929327
0.118894
0.130049
0.178313
0.216352
0.17559
0.132831
0.0877828
0.063905
0.0699099
0.157314
0.20102
0.242707
0.209216
0.105937
0.10414
0.103041
0.121219
0.133668
0.169089
0.104435
0.0564818
0.0402602
0.0211568
0.0349987
0.11506
0.0707806
0.107494
0.109096
0.0596729
0.0671987
0.0737554
0.0926024
0.143933
0.0887752
0.165725
0.187109
0.117137
0.10215
0.0279099
0.0488402
0.0980307
0.0557116
0.117155
0.402091
0.503083
0.226016
0.0592429
0.122422
0.133456
0.137218
0.223955
0.02537
0.014232
0.0150018
0.0158106
0.0246631
0.026668
0.0143748
0.0348867
0.0901169
0.0682367
0.0149673
0.0160238
0.0204905
0.0315219
0.0259494
0.0266861
0.131914
0.337013
0.083415
0.0162813
0.0268048
0.0168949
0.0359175
0.0592567
0.311845
0.788885
0.192058
0.00857947
0.0111703
0.0090227
0.0137049
0.0399586
0.0705247
0.114745
0.0306416
0.00573473
0.00516172
0.0118904
0.0180116
0.0179917
0.130988
0.263045
0.0584853
0.00206464
0.00483036
0.0185394
0.021805
0.0487523
0.209428
0.573431
0.135531
0.00397754
0.00174557
0.00292164
0.00489084
0.0323306
0.236835
0.588027
0.133138
0.0155735
0.0532848
0.0209867
0.0125651
0.114457
0.212415
0.208464
0.0329781
0.0117002
0.0286966
0.0877415
0.123881
0.169574
0.0514448
0.00784853
0.0052422
0.0515869
0.104181
0.145533
0.162577
0.110099
0.210006
0.34354
0.0520893
0.127923
0.288604
0.171778
0.116054
0.205344
0.0471088
0.0167265
0.00237
0.269391
0.411186
0.252881
0.145667
0.103186
0.12301
0.0876597
0.0424584
0.103021
0.178821
0.0791149
0.152296
0.112876
0.159712
0.0752973
0.0641618
0.11497
0.185686
0.21762
0.154417
0.081934
0.11805
0.150941
0.12691
0.0838265
0.131733
0.0831016
0.144728
0.122742
0.223812
0.207585
0.168975
0.206334
0.26097
0.197589
0.160718
0.118772
0.0827728
0.0479364
0.0459366
0.0575872
0.0520337
0.0683534
0.0573986
0.0486042
0.0632455
0.092369
0.119827
0.0620361
0.0542114
0.060605
0.0731281
0.0914223
0.137624
0.157599
0.119163
0.111407
0.100547
0.0800623
0.0496072
0.0456129
0.315602
0.659199
0.303776
0.102825
0.0784952
0.0306387
0.0275631
0.0602293
0.0353192
0.0258926
0.0237167
0.0132331
0.0165156
0.0122091
0.0186521
0.0258521
0.0953042
0.134687
0.0332118
0.0137381
0.0165235
0.0084263
0.0115848
0.0275396
0.167359
0.339049
0.120303
0.0136872
0.0197199
0.00599228
0.00846933
0.0301214
0.338272
0.742628
0.259194
0.00514482
0.00982955
0.00235193
0.00511199
0.0313563
0.0693071
0.144728
0.0481394
0.00404194
0.00501782
0.0051007
0.00257111
0.0111737
0.11833
0.354168
0.133805
0.00438009
0.00536844
0.00638436
0.00871823
0.0133999
0.205572
0.498745
0.186058
0.000839488
0.000839488
0
0
0.00713095
0.297726
0.548041
0.21282
0.000356493
0.000356493
0
0
0.00611052
0.0885112
0.30129
0.089081
0.00175356
0.00193259
0.00165311
0.00761024
0.0125408
0.16981
0.467677
0.0999394
0.000382821
0.000501865
5.1019e-005
0.00161611
0.0134544
0.214232
0.467677
0.0797866
0
0
0
0
0.00656928
0.3123
0.467677
0.0409422
0
0
0
0
0.0180003
0.18316
0.448274
0.0694652
0.00363111
0.0139171
0.000970383
0.00159103
0.0352519
0.146273
0.262201
0.0314502
0.084506
0.148962
0.00808564
0.00326354
0.11156
0.242056
0.44773
0.0236618
0.043376
0.0431807
0.00150027
0.0063641
0.0363625
0.111736
0.160659
0.00668465
0.396049
0.339909
0.0058223
0.00954616
0.0652502
0.0506192
0.063226
0.00652508
0.197684
0.278872
0.0296656
0.0132275
0.0755668
0.0879935
0.0435718
0.00871791
0.17281
0.233399
0.0481249
0.0374779
0.0820166
0.0174404
0.0160612
0.0183359
0.560354
0.396226
0.00332073
0.0115092
0.0395783
0.17941
0.113109
0.193972
0.297656
0.198061
0.00308798
0.0398712
0.127919
0.0337639
0.0240789
0.0249072
0.0233871
0.0218117
0.00857836
0.0158461
0.0318712
0.131429
0.158048
0.0482686
0.033721
0.0363059
0.021772
0.0144635
0.0397644
0.068721
0.16511
0.123982
0.0464055
0.0697242
0.0302829
0.0387858
0.0597176
0.252769
0.699912
0.47733
0.071584
0.0533077
0.0255884
0.0623451
0.0665963
0.0718127
0.165403
0.0560967
0.0147652
0.00976861
0.0103216
0.00458964
0.00660598
0.128375
0.375349
0.160802
0.00933112
0.00399549
0.00432225
0.00333275
0.0060905
0.130678
0.421346
0.235564
0.0242569
0.0146304
0.00562057
0.0234737
0.0242619
0.276185
0.560626
0.28061
0.0318414
0.0279705
0.0201198
0.0241796
0.0316466
0.114078
0.284375
0.103415
0.00112239
0.00160155
0.000577168
0.000754711
0.0041216
0.206436
0.46218
0.104081
0.00292212
0.000726565
0.000136903
0.000330096
0.00453153
0.23016
0.46218
0.0915813
0.00517245
0.00520296
0.00741767
0.0118296
0.00934344
0.300607
0.46218
0.026615
0.0494861
0.0107401
0
0.00204275
0.00838041
0.2007
0.441517
0.0819477
0.0100921
0.00112134
0
0
0.00398812
0.210142
0.47199
0.0717481
0.00672806
0.00608315
0.0178492
0.0126914
0.0352114
0.192557
0.410166
0.0258433
0.156163
0.0369437
0.00753363
0.00547508
0.0157231
0.213159
0.343289
0.102338
0.104652
0.0541156
0.0634614
0.0398505
0.110001
0.198452
0.468997
0.0300746
0.00300273
0.00407343
0.020826
0.0116976
0.0439035
0.276527
0.470972
0.0740156
0.0120109
0
0.00326835
0.000911803
0.0267562
0.200354
0.248801
0.122958
0.031851
0.0480816
0.056644
0.0480496
0.129375
0.189387
0.369075
0.193673
0.0703679
0.0841881
0.0224775
0.102095
0.0890301
0.168091
0.252368
0.0866949
0.069307
0.044285
0.000244546
0.00218127
0.0250707
0.0615689
0.0631822
0.0405527
0.45992
0.30262
0.00091691
0.0032719
0.0127507
0.141811
0.226184
0.158632
0.108417
0.0749932
0.0124043
0.059344
0.107388
0.0581997
0.0504637
0.0756858
0.516159
0.344975
0.0102276
0.003947
0.0570559
0.00311086
0.00202545
0.0108436
0.383955
0.232761
0.00028199
0.00141831
0.00226989
0.043896
0.0229711
0.0890355
0.292273
0.179314
0
0.00382386
0.024659
0.0016726
0.000413154
0.00607946
0.487467
0.299013
0.00144525
0
0.00195583
0.0109258
0.00376312
0.012672
0.435773
0.317767
0.00430782
0.00300734
0.00520115
0.0336821
0.0905477
0.0692074
0.0410123
0.10787
0.108986
0.102229
0.0194649
0.0873337
0.294042
0.281705
0.0738586
0.0963891
0.181794
0.337316
0.0269986
0.0154611
0.0111044
0.0215853
0.0203583
0.0732282
0.149742
0.153197
0.0215447
0.0184237
0.0189468
0.0297228
0.0239307
0.0549115
0.340656
0.591416
0.121581
0.0565584
0.160674
0.134083
0.0348138
0.0433772
0.0698455
0.178179
0.0336715
0.132823
0.271388
0.161338
0.0507944
0.0903101
0.0984271
0.286548
0.0678513
0.00807012
0.00661904
0.0137071
0.0124165
0.0281481
0.206184
0.399004
0.0918133
0.0108299
0.0175164
0.0334481
0.0173802
0.0590517
0.265477
0.57158
0.132093
0.145628
0.274087
0.0587717
0.0100403
0.0201242
0.0531376
0.233373
0.0565862
0.15509
0.270027
0.0196216
0.0976069
0.0205592
0.0137595
0.106785
0.0460236
0.0178537
0.0137454
0.013508
0.00305238
0.0130524
0.146164
0.539594
0.124654
0.0421434
0.0742575
0.011682
0.104791
0.0278357
0.0949986
0.539594
0.129128
0.119462
0.227506
0.0533941
0.228254
0.0543276
0.0376134
0.0320308
0.0426737
0.396689
0.188342
0.103428
0.140683
0.0583258
0.0683302
0.0394381
0.165285
0.118339
0.199167
0.0664211
0.132464
0.0280373
0.0927608
0.449187
0.0762366
0.383336
0.15364
0.0769995
0.0642117
0.0110887
0.0556622
0.199321
0.203825
0.341433
0.114577
0.124017
0.0404695
0.0493672
0.0322002
0.0679531
0.193434
0.202682
0.146232
0.129054
0.0788632
0.0840133
0.0342478
0.229708
0.212201
0.27627
0.0548599
0.0701889
0.0629693
0.015503
0.0115346
0.120969
0.248424
0.238989
0.310068
0.370985
0.164701
0.0340987
0.0125186
0.177507
0.202048
0.098545
0.108088
0.0736342
0.0798524
0.0460927
0.0320827
0.105882
0.171429
0.0333606
0.0443835
0.0489136
0.472133
0.235253
0.035748
0.00892094
0.0781208
0.12924
0.301819
0.228507
0.16354
0.0892351
0.018516
0.0525836
0.0887212
0.0275935
0.106128
0.0931514
0.530521
0.265389
0.023832
0.00428994
0.025358
0.00171238
0.00147841
0.0098883
0.379244
0.231012
0.00486417
0
0.00295774
0.00261143
0.00400336
0.0246722
0.364495
0.252398
0.0104825
0.00498879
0.000713546
0.000428095
0.00221761
0.0208859
0.476919
0.248197
0.00649477
0.0067662
0.00417942
0.00153567
0.00415238
0.0259709
0.416677
0.297402
0.0223782
0.0175166
0.0190917
0.0649131
0.0320494
0.040231
0.0310186
0.100717
0.228744
0.151415
0.0556826
0.0501602
0.0248433
0.0398228
0.0409212
0.0216498
0.366695
0.588215
0.299179
0.108906
0.0658821
0.0512908
0.0384525
0.075387
0.117764
0.0719761
0.0892068
0.118138
0.0530998
0.0644357
0.075077
0.0966297
0.121857
0.133975
0.132936
0.0118323
0.00617071
0.013127
0.00773654
0.00491439
0.139753
0.307671
0.143539
0.00801373
0.00536055
0.0128127
0.00549117
0.0024021
0.283188
0.746129
0.183883
0.0382057
0.0132601
0.0236464
0.0239156
0.028936
0.0311867
0.0583358
0.0566866
0.027586
0.0159207
0.0259395
0.0195874
0.0179304
0.0910183
0.281935
0.10935
0.00068844
0.000405153
0.000894354
0.000383294
0.000527533
0.137528
0.446391
0.0729011
0.0113858
0.0106639
0.000290409
0.0222766
0.00756672
0.14472
0.544834
0.0846267
0.0031282
0.0053781
0.0142585
0.00639764
0.00514282
0.0711318
0.254186
0.0513615
0.00251799
0.00142181
0.01113
0.00709166
0.00369932
0.169042
0.53913
0.0704721
0.0311422
0.0247328
0.0106638
0.0169638
0.00401042
0.0744327
0.477883
0.0448473
0.0582691
0.0179639
0.0167305
0.0153329
0.00210164
0.0364009
0.468175
0.0901894
0.000683608
0
0.00150586
0.00183976
0.00146126
0.138197
0.439188
0.0628791
0.00701961
0
0.000479342
0.00287413
0.00184331
0.144652
0.477883
0.129121
0.0419557
0.0295084
0.0471006
0.0621583
0.0428013
0.0229621
0.242944
0.0808868
0.0486353
0.200497
0.261053
0.123958
0.0769122
0.069011
0.155995
0.0374057
0.0205398
0.0104568
0.0148006
0.0343926
0.0467346
0.101946
0.531803
0.126644
0.0334048
0.057389
0.0595089
0.0699404
0.0778366
0.296915
0.531803
0.0718542
0.0372556
0.15087
0.161742
0.205801
0.0943658
0.0272128
0.0589539
0.0107237
0.00825851
0.0316991
0.0450847
0.493129
0.225394
0.000295553
0.00351781
0.00176175
0.0711086
0.0363976
0.0391016
0.231739
0.0851973
0.190657
0.326858
0.018218
0.0533422
0.0110317
0.0264017
0.504878
0.272982
0.0248701
0.0320721
0.00522231
0
0.000348668
0.0097365
0.402258
0.260868
0.00991939
0.0113052
0.00267889
0.00397723
0.00174285
0.00390031
0.311692
0.281096
0.0311856
0.0232412
0.018863
0.00253831
0.00224806
0.00898889
0.44212
0.358503
0.0317766
0.00721693
0.00419009
0.0471229
0.00517525
0.00526988
0.334184
0.282136
0.0895899
0.0341062
0.0829182
0.147229
0.133126
0.129579
0.0951833
0.0701314
0.126805
0.0908442
0.138144
0.185814
0.0676076
0.125639
0.126283
0.142336
0.133918
0.0798385
0.163385
0.118546
0.164057
0.189188
0.146213
0.141375
0.157012
0.158799
0.179695
0.209699
0.0965153
0.139189
0.157053
0.241224
0.181413
0.0969259
0.194824
0.169564
0.0556543
0.108777
0.176238
0.132438
0.0661092
0.0496118
0.092412
0.128674
0.0965475
0.13575
0.207433
0.12006
0.103086
0.203744
0.0963533
0.206568
0.0821137
0.117122
0.210808
0.18465
0.0539639
0.0493871
0.184554
0.209381
0.151409
0.160968
0.259174
0.184289
0.0374259
0.108568
0.218361
0.0298371
0.0443645
0.0806689
0.0714016
0.0297264
0.044874
0.246056
0.0689906
0.0320032
0.032259
0.0771547
0.102389
0.0472622
0.181253
0.751073
0.229664
0.0637243
0.0918996
0.0826743
0.0666568
0.0361179
0.0257159
0.0466125
0.0506658
0.0658513
0.0986338
0.0838126
0.124729
0.0898478
0.0432029
0.0494721
0.0806674
0.00710416
0.00819026
0.0133336
0.0155545
0.0147113
0.152463
0.358735
0.100688
0.0113778
0.00563265
0.00608465
0.000733639
0.00973846
0.357511
0.692551
0.160584
0.0197754
0.0195824
0.017214
0.0247765
0.0333176
0.0590638
0.0648006
0.0388842
0.0249237
0.0318455
0.033786
0.00909246
0.0181779
0.175859
0.263227
0.115058
0.00401133
0.000862988
0.000862988
0.00108911
0.00790086
0.161943
0.439499
0.0932751
0.0189206
0.00304533
0
0.00666093
0.00987524
0.246714
0.537063
0.0945288
0.00744058
0.0109397
0.0122727
0.00313256
0.00414468
0.127389
0.235527
0.0748182
0.0133329
0.00139667
0.00139667
0
0.0113243
0.236464
0.464982
0.100068
0.124405
0.021253
0.0104365
0.107961
0.0421149
0.205051
0.423589
0.0832099
0.131585
0.0365303
0.0303305
0.466359
0.186851
0.0559711
0.070657
0.0541184
0.0668961
0.0120804
0.00346243
0.0174014
0.023599
0.216073
0.430363
0.121104
0.106805
0.0611422
0.0389976
0.20671
0.0682459
0.118854
0.249304
0.0990402
0.0192689
0.0196986
0.0489377
0.429783
0.274968
0.0484869
0.00882801
0.032222
0.196918
0.0166606
0.0496305
0.227443
0.161544
0.119795
0.0519982
0.32736
0.0377201
0.0583343
0.111392
0.419623
0.135667
0.0365218
0.0602863
0.0506229
0.193342
0.0351628
0.0895215
0.266662
0.0852186
0.029739
0.0183252
0.271826
0.106411
0.117254
0.0691639
0.0615479
0.08689
0.103208
0.132194
0.13299
0.201877
0.188729
0.12721
0.0823714
0.137709
0.111227
0.0722843
0.166999
0.156635
0.149695
0.04403
0.0552754
0.116078
0.166878
0.199199
0.123544
0.21247
0.380532
0.131071
0.160687
0.196122
0.117094
0.108999
0.103522
0.155136
0.0950208
0.0864323
0.0697005
0.0799663
0.0882726
0.103401
0.236256
0.149048
0.0664398
0.0576292
0.0973152
0.119834
0.104369
0.15132
0.302912
0.12704
0.237493
0.0964503
0.0729824
0.0828333
0.134807
0.164466
0.145586
0.117776
0.0693585
0.0300233
0.0826496
0.140227
0.222152
0.307588
0.256441
0.14152
0.0879204
0.0827047
0.0616111
0.0710555
0.0794817
0.0754727
0.161635
0.128945
0.147349
0.173983
0.128756
0.0872712
0.0966887
0.100244
0.106283
0.148882
0.0166824
0.0122089
0.124319
0.160594
0.187918
0.22976
0.202541
0.121224
0.116643
0.129863
0.148047
0.115072
0.302307
0.350479
0.135679
0.0837348
0.113848
0.127064
0.103098
0.0783109
0.121559
0.1061
0.0914061
0.0786562
0.163989
0.17391
0.129013
0.0933907
0.137145
0.235256
0.244016
0.0692808
0.168152
0.190332
0.169431
0.0660176
0.12995
0.205524
0.076811
0.138168
0.202869
0.169254
0.250077
0.181259
0.0753775
0.10254
0.157863
0.04367
0.0372153
0.0437278
0.0430584
0.0415741
0.0817176
0.218671
0.128231
0.100431
0.0146743
0.0128336
0.013295
0.0571406
0.349219
0.698862
0.230644
0.0599445
0.0271578
0.021987
0.0685736
0.0906745
0.0522313
0.0449766
0.0635734
0.125564
0.0429851
0.0220848
0.0456972
0.0879244
0.105759
0.156765
0.0913148
0.0490465
0.00793878
0.00150732
0.00337982
0.0289015
0.230484
0.488625
0.127902
0.108871
0.0853851
0.0587741
0.0839076
0.0233231
0.195342
0.543622
0.189663
0.0735627
0.0231079
0.00978393
0.0204518
0.0346187
0.0661197
0.158797
0.0739684
0.131525
0.0524626
0.0259183
0.0192605
0.0238089
0.0899363
0.293864
0.19404
0.129832
0.229048
0.191882
0.419717
0.119247
0.08962
0.220888
0.144624
0.110288
0.149796
0.125913
0.394316
0.155285
0.0333986
0.00415595
0.0909427
0.212207
0.19479
0.071732
0.0851208
0.0667118
0.0680691
0.167679
0.207294
0.0932613
0.157356
0.102988
0.132059
0.109339
0.0532589
0.0190179
0.0604388