0.22852
0.0676411
0.0137816
0.0247237
0.0589293
0.0927719
0.0830553
0.342221
0.242632
0.0402564
0.0120198
0.0350272
0.0449274
0.122138
0.145721
0.589833
0.068446
0.105601
0.0546124
0.103827
0.17035
0.122631
0.12014
0.100328
0.0655566
0.0619731
0.0452112
0.235229
0.281319
0.0872877
0.160734
0.154899
0.274351
0.0415134
0.033768
0.0360291
0.0299016
0.0582424
0.0948424
0.532883
0.273779
0.106167
0.141667
0.174508
0.0414356
0.106537
0.197602
0.320809
0.0651017
0.07033
0.0639385
0.143539
0.161222
0.0422611
0.0654551
0.113927
0.235994
0.19148
0.138758
0.14187
0.126546
0.132246
0.12219
0.139358
0.145847
0.0958728
0.109478
0.26681
0.0858348
0.0619988
0.113435
0.147359
0.178185
0.0888845
0.0380139
0.197955
0.115729
0.132281
0.202982
0.330666
0.313455
0.133153
0.0620793
0.107766
0.067997
0.0890433
0.0878699
0.173724
0.423123
0.274709
0.155873
0.107632
0.093462
0.0387166
0.0528671
0.204889
0.185628
0.0472526
0.0217386
0.0711839
0.052876
0.0982293
0.230064
0.391989
0.290965
0.148905
0.112512
0.124605
0.100068
0.0658005
0.0988555
0.350112
0.231505
0.215857
0.128859
0.149887
0.155442
0.0477353
0.0592672
0.129917
0.221665
0.161752
0.0657767
0.223118
0.167515
0.171189
0.107751
0.141932
0.134558
0.133343
0.169068
0.168577
0.118349
0.094698
0.0505783
0.114125
0.143234
0.127951
0.233105
0.163934
0.115463
0.0579349
0.0513169
0.118537
0.207849
0.150462
0.0889376
0.13751
0.166773
0.126156
0.0975519
0.137711
0.337571
0.344239
0.431971
0.0857277
0.144129
0.0311407
0.0772279
0.215761
0.137253
0.0554606
0.0833427
0.0577646
0.082586
0.0319626
0.0157085
0.0910981
0.162572
0.142295
0.114297
0.0922906
0.0827071
0.0519535
0.0209409
0.0949916
0.295117
0.297063
0.296581
0.0237923
0.0466486
0.006349
0.0337809
0.232306
0.443112
0.26999
0.202447
0.110397
0.0875333
0.0199392
0.127608
0.387588
0.124971
0.213194
0.147369
0.101698
0.0444671
0.0532384
0.0568791
0.0879714
0.177433
0.224753
0.106768
0.0683567
0.0758186
0.0628441
0.104392
0.216984
0.263325
0.144722
0.123248
0.168373
0.160341
0.123178
0.216398
0.258642
0.178781
0.232324
0.309381
0.149018
0.149565
0.231941
0.209909
0.250264
0.0149474
0.0435315
0.0759722
0.126259
0.150126
0.0516002
0.0699429
0.0387684
0.0604407
0.0219777
0.0352959
0.227818
0.353154
0.0521449
0.0865556
0.0969935
0.0380669
0.101946
0.168198
0.071949
0.0855193
0.0739491
0.0904276
0.202226
0.432624
0.198127
0.235375
0.0827597
0.173891
0.0903169
0.0679607
0.496763
0.0661982
0.0132574
0.0130834
0.0745192
0.123076
0.026635
0.0356414
0.106359
0.0858534
0.0456721
0.0188895
0.0379554
0.0750609
0.143225
0.16228
0.169297
0.383002
0.0422603
0.0289638
0.0134943
0.0399501
0.0206802
0.0370911
0.493199
0.389851
0.0472507
0.0279335
0.00515293
0.0106101
0.0695848
0.144236
0.493199
0.116375
0.0625951
0.034401
0.00972117
0.020835
0.107515
0.135412
0.130684
0.18284
0.219455
0.306669
0.0298137
0.0264668
0.0346838
0.0434938
0.102256
0.187748
0.096748
0.135775
0.0114396
0.0231849
0.0659253
0.142975
0.441811
0.261728
0.28985
0.436887
0.0373924
0.0790986
0.0548593
0.0523228
0.242687
0.086125
0.254227
0.196296
0.0509971
0.0482965
0.0505903
0.0519743
0.0462137
0.146955
0.295008
0.0758118
0.0579153
0.0467518
0.0823283
0.111785
0.0584643
0.210015
0.4516
0.268098
0.0173198
0.0374848
0.0444025
0.0432467
0.10831
0.286194
0.462263
0.196182
0.00124235
0.0130706
0.0419812
0.0970941
0.0783922
0.141379
0.216555
0.0584286
0.0281341
0.026112
0.0210606
0.0446954
0.0630142
0.321077
0.321001
0.125791
0.0191313
0.0201664
0.000410544
0.0270832
0.117518
0.321381
0.420424
0.0633946
0.000290467
0.00305597
0.00981996
0.0344568
0.0300026
0.420424
0.420424
0.026345
0
0
0
0.00979056
0.0488554
0.309392
0.268166
0.0979277
0.00705107
0.0140523
0.008653
0.0303223
0.0911423
0.214281
0.150331
0.0565234
0.129189
0.166151
0.0519915
0.106328
0.172081
0.384936
0.328226
0.0128405
0.0489217
0.0469522
0.0190201
0.023389
0.0499114
0.177662
0.103901
0.0268131
0.384936
0.384936
0.070865
0.0521899
0.0650385
0.0814907
0.0214949
0.0502414
0.30956
0.212627
0.0660233
0.104609
0.101135
0.0457902
0.0625128
0.24661
0.262774
0.125002
0.0937323
0.0768413
0.0776048
0.0145742
0.00808209
0.0608998
0.466902
0.34934
0.0381867
0.0204226
0.0245029
0.0147986
0.00299947
0.118131
0.466902
0.158013
0.0240415
0.00873247
0.0338935
0.0184984
0.061404
0.105468
0.0801662
0.136857
0.0966463
0.0710191
0.157853
0.231713
0.224281
0.229777
0.0746308
0.0919924
0.0402075
0.00950889
0.199273
0.0442187
0.0404573
0.0347442
0.235064
0.342324
0.17595
0.0848318
0.0976905
0.289116
0.419753
0.25589
0.167115
0.219504
0.130919
0.0523818
0.126495
0.220799
0.145601
0.0529396
0.00424678
0.00334393
0.00245198
0.00337164
0.19508
0.345958
0.299374
0.0720119
0.00245895
0
0.000932451
0.0110283
0.294812
0.23438
0.38763
0.137339
0.0268381
0.057068
0.0158095
0.0526913
0.0564268
0.323134
0.38763
0.142368
0.0969306
0.132354
0.0718038
0.0772317
0.0447208
0.198438
0.30073
0.123874
0.0112139
0.00880402
0.00459789
0.0126226
0.171041
0.270169
0.365124
0.191488
0.022936
0.0317679
0.0124877
0.00789269
0.0836839
0.254939
0.38694
0.0925058
0.0491047
0.0503512
0.0642886
0.0515069
0.0155388
0.350299
0.38694
0.131379
0.0883267
0.018935
0.0154488
0.0379151
0.019334
0.267258
0.318361
0.12136
0.0392426
0.0501635
0.00795326
0.0184584
0.0807869
0.167344
0.384914
0.13351
0.0293752
0.0525167
0.0432355
0.107368
0.104625
0.236364
0.275197
0.204163
0.245347
0.0578749
0.06094
0.0520474
0.0802685
0.224745
0.18298
0.210005
0.173972
0.0532912
0.108244
0.194746
0.284417
0.286099
0.401047
0.0458552
0.00580642
0.0099576
0.030082
0.0761819
0.0706976
0.401047
0.372728
0.0562042
0.0418824
0.00168128
0
0.00978452
0.0200867
0.237092
0.175584
0.142054
0.0548857
0.0066384
0.0350374
0.151596
0.216986
0.249485
0.142873
0.304594
0.189346
0.0200449
0.00235656
0.0492511
0.0528817
0.188846
0.13485
0.0647442
0.127299
0.0519066
0.0122672
0.00767593
0.0221718
0.0362122
0.0299005
0.0356637
0.447991
0.370742
0.0229993
0.00733975
0.0169564
0.0897594
0.0637811
0.206616
0.249253
0.0626073
0.00260694
0.0387764
0.0269954
0.013011
0.0470765
0.130332
0.447991
0.436738
0.0279252
0.0258509
0.0146118
0.00106045
0.00121201
0.0179302
0.407653
0.242186
0.0236487
0.020428
0.000787754
0.000261266
0
0.024949
0.407653
0.107393
0.0379531
0.0298901
0.0023514
0.0118684
0.0152427
0.0318276
0.407653
0.385028
0.0594022
0.0401491
0.00127355
0.0167206
0.0162105
0.0190972
0.407653
0.236797
0.0713363
0.0602237
0.00191032
0.060647
0.0310292
0.00280511
0.178574
0.215166
0.161317
0.170064
0.127063
0.224364
0.268392
0.186206
0.145244
0.16016
0.173884
0.236694
0.196172
0.0485609
0.12495
0.119725
0.071666
0.0831243
0.11105
0.176107
0.101979
0.117872
0.211241
0.117879
0.125009
0.110386
0.346491
0.327968
0.190952
0.122564
0.212413
0.102123
0.0470967
0.0871774
0.0579354
0.144617
0.136052
0.133525
0.252928
0.0763079
0.118981
0.180259
0.269588
0.281879
0.141202
0.0406083
0.0416017
0.0286295
0.0525436
0.0735901
0.251656
0.175103
0.139707
0.0518279
0.0248251
0.0587719
0.0534304
0.0727094
0.415733
0.415733
0.207108
0.086613
0.186032
0.0360074
0.0435531
0.0668322
0.184726
0.327687
0.0523242
0.117863
0.188804
0.0993696
0.136361
0.0212188
0.0572292
0.270299
0.0692843
0.0321838
0.00878811
0.0227933
0.0189413
0.0256551
0.213936
0.46532
0.165639
0.0247915
0.0235342
0.0385884
0.0778241
0.0117958
0.207638
0.46532
0.198842
0.0866898
0.180727
0.197604
0.204144
0.0186708
0.0525735
0.0622555
0.112146
0.33417
0.144992
0.15187
0.0988725
0.00460852
0.0552813
0.0529931
0.362061
0.0531475
0.109854
0.0818707
0.0724347
0.00783866
0.146189
0.402152
0.157852
0.207414
0.112757
0.0515659
0.0204372
0.00587097
0.0581568
0.318685
0.344255
0.252517
0.0803249
0.110749
0.0410848
0.00247504
0.0102725
0.0601296
0.30017
0.146781
0.207313
0.276939
0.116901
0.0289362
0.00467845
0.0405395
0.0964516
0.142882
0.0441855
0.0831275
0.159054
0.0619581
0.016691
0.0975724
0.300218
0.197243
0.410983
0.342903
0.316929
0.129614
0.0344276
0.037514
0.105166
0.104633
0.160275
0.172405
0.124849
0.0545791
0.013226
0.0391334
0.0182661
0.0422309
0.0833963
0.166823
0.392686
0.25836
0.0513661
0.0260889
0.0275872
0.193964
0.350017
0.155628
0.218507
0.197563
0.0584574
0.0175877
0.0120716
0.0660317
0.0574798
0.126797
0.392686
0.392686
0.0672207
0.00403522
0.0294567
0.0363346
0.0330877
0.0595871
0.309889
0.291902
0.0573461
0.00904826
0.0159488
0.0446079
0.0377049
0.0163293
0.382988
0.249162
0.0329091
0.0135724
0.00669691
0.0259248
0.0195537
0.0538642
0.348066
0.368598
0.0303041
0
0.0202027
0.0261768
0.024639
0.00977552
0.382988
0.382988
0.0205376
0.00106938
0.00446461
0.0764732
0.253414
0.151532
0.0303022
0.0141878
0.0163579
0.0210375
0.0146715
0.0568002
0.280971
0.139225
0.0531287
0.105279
0.370761
0.0830939
0.0300173
0.367596
0.331242
0.133299
0.0126234
0.00204371
0
0.0081075
0.167351
0.113842
0.268428
0.123221
0.0158276
0.073792
0.392572
0.133647
0.177401
0.0150008
0.0410637
0.0182046
0.0285525
0.0961835
0.368579
0.112428
0.0214069
0.0261009
0.00944253
0.053977
0.0594213
0.112487
0.271758
0.230911
0.0913546
0.0243603
0.0282832
0.00875777
0.00391237
0.0703251
0.408592
0.30824
0.0896431
0.0515567
0.0344688
0.0129109
0.0289963
0.113608
0.388406
0.408592
0.175843
0.0542057
0.0155524
0.0567291
0.0454607
0.046704
0.125618
0.375798
0.168184
0.0426854
0.0172226
0.0552547
0.0266119
0
0.246451
0.41984
0.149253
0.162053
0.0636209
0.0458918
0.0320858
0.0492191
0.123406
0.254023
0.254613
0.247788
0.163242
0.08397
0.0297557
0
0.178489
0.394229
0.183442
0.0126106
0.0133764
0.0141138
0.0067481
0.000473295
0.180053
0.433169
0.0597653
0.0180697
0.0125623
0.00407971
0.00804148
0.0112805
0.130521
0.433169
0.117935
0.105159
0.0986169
0.0300707
0.0181292
0.00189318
0.175089
0.433169
0.0649528
0.0541435
0.0195017
0.0160956
0.0191535
0.0120082
0.262101
0.433169
0.0934131
0.0110397
0.00348908
0.0297288
0.128192
0.11619
0.0897109
0.284663
0.0965897
0.0642819
0.181073
0.139654
0.290335
0.197966
0.143425
0.201496
0.0843922
0.013176
0
0.00213196
0.0310121
0.0818937
0.216293
0.430741
0.105557
0.0430848
0.0313794
0.0247901
0.098274
0.129067
0.263723
0.430741
0.208946
0.0811032
0.134013
0.0908191
0.309071
0.145329
0.0537148
0.0960715
0.0531223
0.0216377
0.00912714
0.0486054
0.400088
0.272594
0.0180262
0.00194313
0.0123732
0.0685185
0.0689629
0.0831008
0.292683
0.126175
0.0757622
0.379798
0.155171
0.0289546
0.0464858
0.0836268
0.400088
0.30615
0.0121239
0.0385904
0.0286081
0.00154072
0.00176503
0.0231198
0.393054
0.285857
0.0341024
0.00484619
0.00249829
0.00188064
0.00264754
0.0349695
0.381456
0.307907
0.0780992
0.0238934
0.0038151
0.00890109
0.00832239
0.0390131
0.393054
0.194901
0.0920902
0.0824783
0.0361073
0.0393756
0.00875401
0.0565001
0.206901
0.145778
0.211799
0.276123
0.272384
0.265248
0.0610837
0.0198275
0.00134461
0
0
0.0132456
0.372071
0.12521
0.0474536
0.0184431
0.00201691
0.00549593
0.0911357
0.116626
0.452557
0.197155
0
0
0
0.00315413
0.00694494
0.0228236
0.419778
0.265468
0
0
0.00748661
0.02998
0.0379328
0.0616775
0.452557
0.077932
0.0105361
0.00119437
0.000230797
0.00734622
0.183101
0.241496
0.286442
0.107371
0.0301813
0
0
0.0140584
0.166936
0.417274
0.338631
0.159023
0.0149999
0.00474899
0.0112318
0.0170395
0.0217082
0.0720271
0.417274
0.216448
0.0448097
0.00797327
0.00821372
0.00284995
0.0263977
0.1405
0.417274
0.157707
0.0570889
0.00537635
0.00101897
0.00588369
0.0466686
0.232239
0.303353
0.263243
0.293649
0.0356395
0.00407589
0
0.0304911
0.139836
0.279369
0.241128
0.0430611
0.00145598
0.00101674
0
0.0149742
0.0887009
0.403988
0.305285
0.179255
0.0236553
0
0.00401942
0.00944422
0.0369071
0.411075
0.197168
0.244994
0.0381248
0.0125543
0.000845012
0.0918989
0.197875
0.227861
0.120455
0.0365022
0.0185726
0.0167616
0.00338005
0.272491
0.44568
0.170911
0.205231
0.128196
0.0332098
0.00530274
0.0149994
0.06043
0.0638281
0.358832
0.17149
0.0336356
0.0386293
0.0160438
0.00999962
0.1747
0.340824
0.248719
0.0356083
0.000846155
0.00165203
0.00180571
0.00570427
0.165183
0.443282
0.0733892
0.0389064
0.0152049
0.00410005
0.00678462
0.0089384
0.172558
0.443282
0.168066
0.11481
0.00724809
0.0119658
0.00343724
0
0.118383
0.375137
0.135691
0.0661048
0.00331001
0
0
0.00586162
0.156118
0.443282
0.239681
0.0701378
0.0975647
0.0475836
0.134131
0.0657653
0.0992709
0.411593
0.125001
0.0558801
0.107072
0.126235
0.411593
0.217072
0.0321982
0.0920753
0.031319
0.0497245
0.0461124
0.0161812
0.0346356
0.0127257
0.138096
0.411593
0.130742
0.148102
0.116331
0.126987
0.277242
0.112351
0.0858369
0.319863
0.0725086
0.0153811
0.0338329
0.0942667
0.41336
0.11825
0.0370388
0.0750196
0.0488831
0.073357
0.0372939
0.0402306
0.157107
0.0454249
0.088261
0.252772
0.41336
0.0851244
0.0869913
0.173594
0.41336
0.179293
0.0166367
0.0645218
0.0460009
0.160528
0.0554507
0.0796243
0.267849
0.125289
0.00287619
0.0610129
0.309881
0.153881
0.0124378
0
0
0.0077699
0.0264818
0.064339
0.387496
0.216667
0.0202091
0.0237914
0.0629128
0.150399
0.154736
0.0911417
0.309716
0.4165
0.0573812
0.0269546
0.000868604
0.00212385
0.0141124
0.0429901
0.394534
0.268369
0.171758
0.22066
0.0943136
0.138671
0.0975506
0.065869
0.183388
0.0823824
0.0354988
0.0328597
0.106363
0.148829
0.0710874
0.0542529
0.229584
0.311686
0.133395
0.0358276
0.10654
0.117663
0.0390268
0.167594
0.348892
0.0426253
0.0827359
0.114412
0.147159
0.195567
0.117029
0.103945
0.0463869
0.147349
0.081448
0.0306918
0.135674
0.184677
0.274709
0.507238
0.176079
0.260722
0.0317798
0.00363463
0.0109273
0.0131062
0.00842522
0.0629557
0.2553
0.319791
0.0172845
0.0022947
0.0494616
0.0518938
0.0301695
0.0319596
0.334242
0.140635
0.0162373
0.00240695
0.0141347
0.024492
0.122436
0.381311
0.288009
0.246654
0.0261514
0.00219178
0.0899274
0.149657
0.168911
0.268785
0.381311
0.187462
0.0196099
0.033276
0.123167
0.111422
0.0752657
0.0451713
0.210182
0.150049
0.0506832
0.192468
0.184975
0.0693625
0.066154
0.0606817
0.149661
0.194615
0.0873061
0.0593064
0.223634
0.216533
0.131752
0.150487
0.327863
0.243769
0.111759
0.330262
0.338479
0.0984505
0.0461416
0.138416
0.304054
0.191273
0.02697
0.0888571
0.0482223
0.00277334
0.0282786
0.099967
0.19537
0.140441
0.00672906
0.00721434
0.00861572
0.0384847
0.109739
0.36041
0.263554
0.36719
0.0427106
0.137638
0.110334
0.0043577
0.00298592
0.0617448
0.334484
0.36719
0.052478
0.135813
0.124693
0.119927
0.126926
0.203352
0.327761
0.0534072
0.00399194
0.011997
0.0147
0.0722577
0.127064
0.404467
0.161112
0.17555
0.0882954
0.0767452
0.0852332
0.0668237
0.0548712
0.265769
0.19519
0.130324
0.0354085
0.155946
0.240043
0.25367
0.154058
0.208428
0.147893
0.154113
0.0724275
0.0978298
0.254895
0.363435
0.121239
0.147937
0.227445
0.153901
0.119136
0.11031
0.195223
0.0722405
0.0104623
0.0472565
0.100613
0.358845
0.082763
0.0548034
0.130588
0.0538494
0
0.00944425
0.262948
0.233793
0.158428
0.0685964
0.185554
0.233338
0.0979633
0.108254
0.176179
0.399941
0.208493
0.0232699
0.0911293
0.0723805
0.0800263
0.131133
0.399941