0.230189
0.00319806
0.000875951
0
0
0.000141883
0.0256868
0.312464
0.305383
0.0082732
0.00457283
0.00173035
0.00045405
0
0.0402437
0.34109
0.264613
0
0
0
0
0
0.0419198
0.422641
0.403054
0.000765337
0.00431803
0.00397375
0
0
0.0637337
0.422641
0.212038
0.0214844
0.00439416
0.00131634
0.000742209
0.00570502
0.0311327
0.297644
0.175443
0.041613
0.00485959
0.109356
0.126923
0.032226
0.0284343
0.230854
0.298152
0.00125105
0.0389054
0.0794728
0.0505563
0.0383531
0.0370735
0.415452
0.295498
0.00700925
0.0888628
0.310631
0.2982
0.0799722
0.0182717
0.382059
0.0582726
0.0142478
0.0274453
0.323454
0.226992
0.0291852
0.0093381
0.0395847
0.0129084
0.00709225
0.0821726
0.414145
0.201226
0.0119078
0.0101653
0.0102582
0.101462
0.00672809
0.0526365
0.414145
0.317467
0.0295962
0.000745332
0.068447
0.121593
0.0767046
0.143445
0.414145
0.269375
0.0165862
0.00014703
0.0104535
0.0676613
0.0152407
0.0419211
0.222566
0.0702995
0.00166964
0.00661236
0.0694356
0.0600471
0.00990756
0.021894
0.273714
0.194392
5.47202e-005
0.00125184
0.0717754
0.230657
0.105893
0.293332
0.23286
0.175065
0.102021
0.128472
0.147221
0.178381
0.11053
0.217534
0.245572
0.433273
0.171983
0.237276
0.238054
0.00620595
0.00211915
0.0262081
0.37803
0.226942
0.0322935
0.0234994
0.00606681
0.0305913
0.00790059
0.139563
0.254039
0.188536
0.2572
0.181114
0.0429444
0.0811317
0.109956
0.152995
0.368643
0.263863
0.0403584
0.0340004
0.0436464
0.270497
0.205151
0.276005
0.266436
0.145951
0.0470397
0.053733
0.0239252
0.130968
0.0329888
0.0839207
0.072306
0.093705
0.157134
0.127767
0.121291
0.400684
0.141591
0.00929036
0.0186708
0.0298285
0.0262333
0.0824342
0.241028
0.389236
0.292643
0.0966191
0.063141
0.0780019
0.0300596
0.0690592
0.0493468
0.400684
0.400684
0.00897792
0.0716844
0.0703276
0.053486
0.0633046
0.12259
0.367369
0.0904479
0.00242974
0.015442
0.0288261
0.0553625
0.0852948
0.304106
0.259325
0.0507682
0.00971896
0.0400077
0.0559928
0.0986423
0.0798237
0.344201
0.291294
0.180791
0.0269975
0.218802
0.147428
0.127569
0.0849065
0.144666
0.19658
0.0299233
0.0589194
0.267302
0.193794
0.207417
0.148464
0.240754
0.178735
0
0
0
0
0
0.0181482
0.420696
0.29453
0.011672
0.0128584
0.00637782
0
0
0.0182059
0.420696
0.16272
0.0116644
0.000509772
0.00231628
0.00684298
0.0202474
0.0571033
0.420696
0.309328
0.0513405
0.0317111
0.0114532
0.00150558
0.00984286
0.028994
0.420696
0.182608
0.0433665
0.0815685
0.157147
0.0587271
0.0231441
0.00874262
0.290365
0.0974804
0.0358939
0.120746
0.395617
0.293295
0.0432168
0.0046546
0.0998274
0.208383
0.194055
0.119798
0.108217
0.0261916
0.00225959
0.00126736
0.225189
0.0525083
0.395617
0.275954
0.317104
0.175577
0.00724295
0
0.0268267
0.0404453
0.0218676
0.0359772
0.377483
0.273225
0.0162358
0
0.0152361
0.166373
0.185168
0.0939648
0.304602
0.187139
0.0533621
0.00817933
0.0116077
0.0599448
0.387059
0.170745
0.226557
0.157
0.0213674
0
0
0.295567
0.387059
0.131045
0.123176
0.0793892
0.0601075
0.012241
0.019765
0.156413
0.178107
0.158199
0.0885165
0.100843
0.128552
0.0853949
0.0532441
0.173288
0.307718
0.146877
0.0736575
0.14964
0.162111
0.168568
0.166829
0.268238
0.435768
0.0791519
0.0474571
0.0311854
0.0685404
0.0288063
0.0554782
0.257706
0.435768
0.102017
0.0313499
0.040979
0.0717857
0.0474041
0.132939
0.156669
0.287163
0.127711
0.0870106
0.0511836
0.0275425
0.0300315
0.0593673
0.322379
0.389391
0.127773
0.0518375
0.0124398
0.00159285
0.00727044
0.00661308
0.290373
0.389391
0.0589852
0.00643086
0.0164546
0.0232373
0.0135804
0.0548173
0.389391
0.389391
0.0332231
0.00687737
0.0012659
0.00198927
0.000756858
0.00741446
0.332893
0.358566
0.035823
0.0109356
0.01955
0.00630938
0.0192026
0.0290166
0.240317
0.25316
0.0188804
0.239065
0.156241
0.0641876
0.0453721
0.0832468
0.300653
0.324682
0.0214157
0.0536374
0.0607466
0.0184412
0.0058266
0.0251085
0.119015
0.0957325
0.03302
0.368344
0.368344
0.0513145
0.0233064
0.0376736
0.0630123
0.0523899
0.0450599
0.361747
0.181571
0.0527501
0.0369416
0.0391074
0.0918022
0.0211725
0.0954607
0.378971
0.203256
0.0518534
0.0959273
0.105491
0.00989942
0.00633361
0.0464739
0.394921
0.331336
0.029636
0.0512838
0.00693947
0.027773
0.00466652
0.135672
0.394921
0.269866
0.0477985
0.185629
0.0193204
0.14264
0.0751901
0.101264
0.0812365
0.0740248
0.0588647
0.0702815
0.216561
0.219762
0.119361
0.132498
0.0348539
0.00613068
0.018009
0.0321923
0.185975
0.292379
0.161536
0.372525
0.298245
0.0890994
0.0312255
0.0156577
0.2357
0.290963
0.266717
0.371175
0.107557
0.0130436
0.00450226
0.0113286
0.163505
0.0847095
0.176602
0.164803
0.0153878
0.0027921
0.00260032
0.00157598
0.0567548
0.0594651
0.389039
0.38299
0.0308243
0.0180566
0.00164979
0
0.00679763
0.0786383
0.251319
0.389039
0.0353801
0.0530616
0.0128293
0.0122077
0.026899
0.0881875
0.389039
0.389039
0.0414164
0.160563
0.0729839
0.142751
0.0100813
0.132141
0.381921
0.198435
0.0250096
0.0159436
0.00556043
0
1.16092e-005
0.332032
0.381921
0.0962685
0.0338327
0.0147244
0.0165407
0.00143711
0.0131823
0.191671
0.381921
0.131311
0.012323
0.0623193
0.0463342
0.156586
0.0133757
0.287527
0.381921
0.105741
0.125479
0.0380316
0.0201608
0.0540697
0.0202592
0.283379
0.35867
0.0887231
0.0719388
0.02357
0.0180707
0.00238785
0.0473385
0.235594
0.364352
0.0835072
0.0523207
0.0479494
0.0335304
0.0204345
0.147964
0.231945
0.257868
0.176544
0.226789
0.0909673
0.0233377
0.00231568
0.086765
0.374604
0.171976
0.0868115
0.138097
0.0751595
0.0132299
0.0256213
0.303026
0.254053
0.379059
0.0365549
0.0308551
0.0378314
0.0323215
0.0292719
0.148167
0.344683
0.393216
0.0375511
0.0815356
0.0219864
0.00395894
0.0120614
0.0559951
0.367461
0.175475
0.076908
0.118576
0.0228545
0.00819762
0.0701761
0.270702
0.157512
0.166833
0.134807
0.261262
0.0456351
0.00106789
0.0823834
0.165727
0.152452
0.208579
0.0589736
0.117604
0.0660847
0.0120941
0.0114615
0.0261374
0.0399427
0.0510973
0.0590111
0.422547
0.422547
0.0236448
0.0102175
0.0143811
0.078241
0.103189
0.098571
0.177817
0.0458527
0.0266644
0.0871884
0.103961
0.0233304
0.0634427
0.22645
0.422547
0.422547
0.0697519
0.0659058
0.0409926
0.0013038
0.00257121
0.0220597
0.368998
0.331045
0.0140816
0.0325208
0.000724812
0.042797
0.00788386
0.0621916
0.368998
0.220933
0.022172
0.12969
0.0271491
0.0252209
0.035293
0.162383
0.368998
0.347217
0.0393858
0.0316987
0.000648135
0.0918181
0.0608093
0.106707
0.368998
0.235781
0.0310242
0.054745
0.0201526
0.332383
0.0549538
0.0904577
0.078291
0.00665023
0
0.00390703
0.347691
0.262681
0.143776
0.132515
0.0407212
0.00765816
4.30886e-005
0.0247985
0.345848
0.334474
0.0117927
0
0
0
0
0.0136599
0.374333
0.279715
0.0483626
0.0142156
0.00267679
0.00170497
0.00320004
0.108313
0.374333
0.118249
0.167591
0.299595
0.0470736
0.0615381
0.0374055
0.102429
0.144141
0.0299043
0.145623
0.193921
0.047321
0.150991
0.192345
0.418537
0.0554789
0.133552
0.0473923
0.0280387
0.00872132
0.00694308
0.0419006
0.325378
0.320274
0.0279449
0.00627076
0.0123814
0.00527564
0.0146144
0.23429
0.418537
0.16007
0.0479793
0.0766532
0.0214304
0.0116223
0.0524108
0.116251
0.446483
0.0359495
0.111722
0.13835
0.0864965
0.150647
0.0530202
0.0557986
0.349903
0.0472906
0.0104458
0.0012871
0.000867189
0.00148463
0.0153008
0.213197
0.446483
0.0942571
0.0680659
0.0295304
0.0196439
0.0518811
0.0339024
0.25592
0.446483
0.0958127
0.205752
0.223791
0.14391
0.158205
0.0664978
0.0294651
0.074783
0.0839548
0.434294
0.13817
0.0585647
0.0525607
0.0338174
0.0041293
0.0331746
0.303773
0.13436
0.0739305
0.0517878
0.037146
0.0189518
0.168217
0.434294
0.0457155
0.163684
0.0421768
0.0298615
0.023922
0.0183117
0.0395086
0.434294
0.15825
0.276672
0.0732652
0.0644089
0.0578292
0.0253213
0.00347474
0.10649
0.233078
0.139997
0.234333
0.173442
0.151043
0.0634102
0.0160308
0.113732
0.122934
0.0734342
0.0465392
0.199787
0.123123
0.142084
0.0449713
0.204838
0.119891
0.146814
0.424308
0.424308
0.172564
0.230043
0.130831
0.134536
0.0429
0.0907536
0.152697
0.118191
0.107776
0.055488
0.0577064
0.0495996
0.07122
0.0235155
0.0928961
0.300481
0.237071
0.243637
0.0804407
0.0317432
0.031028
0.118492
0.300007
0.182252
0.325654
0.213114
0.0864837
0.039591
0.0275489
0.022614
0.0839265
0.288629
0.403476
0.332792
0.0486714
0.00568092
0.0128786
0.0316363
0.0603039
0.237714
0.170885
0.229768
0.0505976
0.0202954
0.000221307
0.0663272
0.0438671
0.143216
0.281292
0.235221
0.0702477
0.0286387
0.00150437
0.00639091
0.036905
0.296134
0.387795
0.265743
0.0351197
0
0
0.00958636
0.00793313
0.168782
0.387795
0.387795
0.0874931
0.00602681
0.000404034
0.175591
0.00168989
0
0
0
0
0.0196503
0.44673
0.19377
0.00965595
0
0.00112483
0.00483016
0.00332791
0.134702
0.44673
0.168626
0.00588896
0
0
0
0.00134026
0.025229
0.433711
0.313902
0.0299569
0.00587223
0.0104
0.0529973
0.0282765
0.0987424
0.373501
0.137362
0.00873221
0
0.0017536
0.00753016
0.0282703
0.211324
0.332498
0.111349
0.00405321
0
0.000521427
0.0328982
0.209387
0.343873
0.258931
0.219936
0.018098
0.00915474
0.016016
0.0512429
0.0220897
0.0738019
0.440606
0.207176
0.00607981
0.00228868
0.0039637
0.0267899
0.0773671
0.0668184
0.478716
0.0283497
0.000145706
0
0.000218921
0.0207482
0.191306
0.254162
0.142428
0.0176649
0.00104602
0.00107222
0.000145947
0.00485865
0.26171
0.434426
0.144321
0.150956
0.000218559
0
0
0.011351
0.094946
0.0645264
0.398046
0.0869466
0
0
0
0.000383456
0.126739
0.386061
0.434426
0.00761183
0.00219891
0.00278122
0
0.000943894
0.177212
0.44674
0.0312391
0.00612048
0.00135988
0.00185414
0.0254476
0.0125196
0.122242
0.44674
0.0363724
0.00602404
0
0
0
0
0.12074
0.44674
0.203527
0.000171066
0
0
0.00877458
0.00489102
0.211202
0.44674
0.0849043
0.0027499
0.0116999
0.0643524
0.0932647
0.0987422
0.103569
0.393796
0.0260011
0.0199406
0.11686
0.161142
0.135386
0.142593
0.230428
0.367862
0.0223269
0
0
0
0.0272961
0.0325238
0.193904
0.432011
0.0345548
0.00986233
0.0262531
0.0121961
0.0568835
0.0421624
0.276284
0.432011
0.0656376
0.021096
0.0740258
0.0588492
0.334108
0.130485
0.074254
0.157299
0.0192256
0.00442629
0.0184576
0.116179
0.376109
0.291629
0.0080104
0.0140825
0.0047882
0.0349165
0.0808872
0.0770311
0.24057
0.0912561
0.0951504
0.376109
0.0636723
0.0287823
0.0781233
0.147005
0.376109
0.376109
0.0648551
0.052932
0.022261
0
0.014823
0.223029
0.363644
0.251888
0.00742714
0
0
0.00139947
0.0114996
0.144641
0.363644
0.353596
0.0282525
0.0190602
0.00748187
0.0119013
0.0775324
0.156519
0.355245
0.353734
0.0585721
0.0274551
0.011936
0.0478599
0.055774
0.1084
0.203933
0.216829
0.0632749
0.130041
0.160469
0.118914
0.00492206
0.00569171
0.0030118
0.00633516
0.00411817
0.0503785
0.367135
0.146964
0.0198771
0.0948553
0.0864737
0.170311
0.0565423
0.134526
0.230293
0.334157
0.0389804
0.0245901
0.0045177
0.00950275
0.0024332
0.0297133
0.479715
0.212858
0.189732
0.361882
0.147742
0.128319
0.0213454
0.0628955
0.243576
0.124564
0.0106041
0.0914262
0.110242
0.194424
0.0512945
0.0881052
0.300724
0.17012
0.00326481
0.0186261
0.0248016
0.0298812
0.0144153
0.0491235
0.588392
0.122107
0.176216
0.338343
0.175586
0.148315
0.0289958
0.050891
0.145879
0.181074
0.0759404
0.105235
0.0861363
0.0875536
0.0503678
0.0883232
0.273119
0.161897
0.0174411
0.00948352
0.00206282
0.000871783
0.0113223
0.0250097
0.359932
0.205743
0.0789254
0.00430639
0
0
0.0152936
0.174043
0.456382
0.115025
0.134122
0.1571
0.0897972
0.0286812
0.0161095
0.0297043
0.0874469
0.426972
0.456382
0.153457
0.0778861
0.0182667
0.00419836
0.0397674
0.121938
0.113183
0.0316365
0
0
0
0.0246339
0.334551
0.29696
0.0373678
0.00597748
0
0
0.00324778
0.12127
0.454353
0.165668
0.30944
0.196355
0.040368
0.0616736
0.0591787
0.0298979
0.121432
0.153011
0.0957991
0.0482987
0.0311455
0.157296
0.180286
0.142713
0.450073
0.124769
0.00599917
0.00315059
0
0
0.0122892
0.144102
0.437984
0.0434067
0.0223822
0.0136377
0.00365177
0.00328861
0.013548
0.214293
0.437984
0.0907728
0.0153113
0.0230563
0.00763227
0.0666441
0.0683493
0.166483
0.419341
0.0394642
0.0218783
0.0136906
0.00419175
0.0157909
0.0105664
0.212035
0.437984
0.205497
0.0691098
0.0649314
0.082282
0.0663115
0.0434223
0.159215
0.411405
0.140368
0.0715581
0.0714186
0.189402
0.278101
0.258785
0.170947
0.129154
0.0812913
0.0303409
0.00702325
0.0238359
0.00615182
0.0105738
0.144265
0.411405
0.287211
0.0762593
0.0923981
0.189161
0.201582
0.120596
0.103205
0.220063
0.203418
0.0420158
0.0497762
0.119209
0.233437
0.202009
0.0959361
0.0763655
0.07332
0.162116
0.0322403
0.0431601
0.0775386
0.0699496
0.0610776
0.149361
0.347997
0.189024
0.131483
0.137072
0.254804
0.137926
0.0373355
0.0772267
0.24088
0.448737
0.0495264
0.0199424
0.0603561
0.0440995
0.0161524
0.0408563
0.448737
0.331766
0.0777566
0.0108254
0.00272998
0.00144254
0
0.00178076
0.344108
0.274417
0.28684
0.292636
0.122703
0.0221961
0.000255783
0.00170923
0.157875
0.256878
0.243303
0.0150896
0.00534769
0
0.00461821
0.0240378
0.108049
0.193441
0.223587
0.239023
0.329457
0.16586
0.0328558
0.0363707
0.103661
0.0780369
0.171318
0.210013
0.0986905
0.0606202
0.0267284
0.0138133
0.0854356
0.0858439
0.0779959
0.0883025
0.130368
0.238587
0.0764727
0.0508524
0.124086
0.0320168
0.101916
0.225733
0.438195
0.273691
0.0435045
0.00698734
0.0417589
0.0206585
0.0441673
0.0996074
0.438195
0.438195
0.0692418
0.0122349
0.0474096
0.04313
0.0775109
0.130613
0.258556
0.169796
0.0630732
0.0313337
0.027253
0.160019
0.2488
0.174911
0.243827
0.0615119
0.0530259
0.0312863
0.007251
0.00728209
0.013607
0.124078
0.474967
0.398402
0.0783774
0.0168991
0.0103302
0.0285731
0.0931072
0.251051
0.371727
0.113218
0.101254
0.0354371
0.00827528
0.126946
0.133656
0.0698448
0.203335
0.120327
0.045445
0.0380933
0.0258747
0.0318987
0.0394266
0.0609472
0.380219
0.309523
0.0778471
0.0732674
0.023998
0.0151266
0.0525721
0.0725445
0.303644
0.19676
0.058873
0.0263437
0.00669406
0.00198945
0.00692076
0.0269705
0.473545
0.473545
0.0540744
0.010345
0.00207599
0.00930523
0.0349233
0.0263764
0.234354
0.170591
0.0874893
0.159815
0.027991
0.00774462
0.0352645
0.0164719
0.125348
0.0872224
0.0820475
0.497947
0.295095
0.00476645
0.0144173
0.0129903
0.365196
0.334421
0.0146294
0.00364863
0.00670005
0.00368653
0.014285
0.01473
0.312016
0.308754
0.00498417
0.128364
0.0930889
0.00323164
0.00420447
0.00874234
0.0319739
0.0256357
0.0267123
0.456958
0.351793
0.150238
0.189641
0.12687
0.0870613
0.071047
0.0133595
0.334237
0.339523
0.00661737
0.00362269
0.0110009
0.106764
0.101494
0.00287109
0.263687
0.152894
0.145306
0.114703
0.045914
0.0897844
0.0567423
0.00362074
0.27135
0.263126
0.273634
0.326162
0.129152
0.0991355
0.0723617
0.00273902
0.0529863
0.25555
0.48947
0.123435
0.0345792
0.0264918
0.0189268
0.00268867
0.0157827
0.48947
0.139249
0.188089
0.0655764
0.0664166
0.0305944
0.0101893
0.0542847
0.128578
0.181772
0.0716074
0.0554606
0.0672528
0.0275371
0.00963103
0.0183632
0.206558