0.143489
0.100798
0.0495814
0.0170192
0.0177792
0.0102991
0.0465827
0.135888
0.272641
0.0659206
0.017732
0.00201113
0.00684382
0.00810712
0.027057
0.182587
0.490963
0.170599
0.0539617
0.0181961
0.00748775
0.0270794
0.0811631
0.182317
0.559014
0.0431192
4.59429e-005
0.000284316
0.000284316
9.21903e-005
0.00625006
0.385671
0.20017
0.0368074
0.00780399
0.00150821
0.00236876
0.0139873
0.020909
0.137713
0.328463
0.0519091
0.0017352
0.000377052
0.0027159
0.0143568
0.0129768
0.210477
0.452043
0.00685721
0
0.000377052
0.000537448
0.00217393
0.00532285
0.338637
0.509563
0.00534113
0
9.4263e-005
0.000334857
0.00303415
0.00397356
0.393102
0.251481
0.0322415
0.00120522
0.00984906
0.00655436
0.0126846
0.00607075
0.165513
0.253577
0.0359219
0.016002
0.0713029
0.191897
0.213269
0.00459751
0.156658
0.496443
0.00243093
0
0
3.15462e-005
0.000833386
0.00168397
0.281901
0.496443
0.038999
0.0175464
0.0152995
0.0441134
0.0521646
0.00182705
0.319423
0.0752655
0.0381887
0.0377376
0.114842
0.371383
0.37303
0.00205313
0.0479407
0.0630227
0.0172336
0.048064
0.236598
0.428737
0.314423
0.0128134
0.0437175
0.220008
0.075664
0.0420763
0.0598363
0.109129
0.152746
0.00390012
0.158701
0.268585
0.136868
0.0598228
0.122965
0.1388
0.171868
0.0187897
0.169222
0.0622851
0.00505781
0.040926
0.127551
0.369557
0.235619
0.0473682
0.0277763
0.0241952
0.00694037
0.0270963
0.110895
0.43953
0.281858
0.0631965
0.0218316
0.248596
0.208128
0.0498046
0.0711694
0.105915
0.106799
0.0916698
0.0764308
0.238933
0.355357
0.153143
0.0422823
0.166152
0.205324
0.130345
0.0625764
0.0751547
0.0666372
0.00648757
0.062521
0.207841
0.0611678
0.0107629
0.0275778
0.249215
0.180827
0.00113706
0.019242
0.0425227
0.0189375
0.0250766
0.0735817
0.309701
0.444764
0.0945522
0.0136211
0.083708
0.0619853
0.023486
0.092566
0.447766
0.459008
0
0.121158
0.132176
0.045015
0.0421532
0.139365
0.208302
0.101319
0.00399778
0.0357439
0.0937953
0.0622208
0.077
0.136115
0.0205555
0.0120801
0.0133995
0.0449375
0.0783763
0.0478077
0.0415979
0.0444878
0.306665
0.220932
0.0020591
0.454851
0.41397
0.147785
0.0910524
0.161348
0.211297
0.0605487
0.0228861
0.283301
0.239528
0.0842044
0.0305177
0.245712
0.537193
0.105624
0.0158359
0.00701225
0.00582952
0.031244
0.0653219
0.216732
0.624099
0.0231292
0
0.00584607
0.00278178
0.00290615
0.0193248
0.335245
0.14582
0.00847274
0.00247016
0.00484115
0.022249
0.0169972
0.0397725
0.116234
0.135411
0.0092562
0.00270205
0.033535
0.0224284
0.0157564
0.0450469
0.129853
0.396701
0.00339752
0.00133128
0.0040755
0.0018872
0.00385999
0.0221415
0.334191
0.573309
0.0184262
0.00639755
0.00204106
0.00111088
0.0052569
0.0124919
0.281382
0.114012
0.0359393
0.00419008
0.0249571
0.0171202
0.0149609
0.04688
0.0997249
0.356917
0.300231
0.0124179
0.00988004
0.010212
0.0189938
0.0343567
0.0678577
0.259866
0.0117817
0.00129078
0.000760301
0.000185935
0.000420376
0.00361339
0.113329
0.291154
0.0889233
0.00235623
0
0.000337421
0.0024233
0.00265965
0.157767
0.260288
0.367079
0.00609319
0.00304121
0.000743739
0.00152854
0.00478008
0.0343879
0.50805
0.534009
0.00621704
0
0
0
0.0018092
0.0460716
0.159446
0.165133
0.00484321
0.00266798
0.00171317
0.00747637
0.00117902
0.0780967
0.222566
0.434133
0.0190399
0.00662198
0.00419049
0.010786
0.00305072
0.0665086
0.30167
0.463964
0.0158627
0
0
0.00047513
0.00481343
0.0283613
0.356034
0.463964
0.0450811
0.000256841
0
0.00490751
0.0162118
0.0242926
0.177557
0.397262
0.0129316
0.00564431
0.00250689
0.00756811
0.0215173
0.0213202
0.257659
0.40741
0.0592308
0.00576365
0.00779914
0.0195641
0.0322219
0.020785
0.282067
0.40741
0.0127455
0.000149088
0
0.00224116
0.00506754
0.00916569
0.343543
0.40741
0.00975962
0.0100137
0.000985752
0.00292737
0.000508236
0.0359501
0.261191
0.416519
0.0502226
0.0285825
0.0410953
0.0190033
0.00958012
0.0760916
0.164149
0.188083
0.0188642
0.257007
0.187281
0.0293079
0.0145551
0.103603
0.235585
0.302064
0.055296
0.184391
0.074858
0.0256199
0.00224122
0.0700745
0.0604052
0.0591741
0.150414
0.453563
0.304317
0.0326392
0.00485843
0.0490256
0.0905892
0.0941811
0.0506604
0.461478
0.24566
0.0452097
0.0255639
0.0443184
0.195562
0.109676
0.0584473
0.203634
0.0979675
0.027559
0.0172177
0.251793
0.0438401
0.0797234
0.194278
0.518108
0.203746
0.0254706
0.0279657
0.0339706
0.142568
0.171437
0.134758
0.161421
0.0686258
0.0146829
0.0295169
0.154112
0.0204285
0.016858
0.00860325
0.0055876
0.014902
0.0100782
0.0275224
0.0127015
0.132668
0.157927
0.0161118
0.0259771
0.0127566
0.00871833
0.0142723
0.0145525
0.0805766
0.105862
0.0696613
0.0648867
0.124256
0.0911994
0.0748371
0.0585711
0.500425
0.634663
0.228581
0.0991096
0.243053
0.17223
0.160968
0.0432201
0.0926067
0.204515
0.00406217
0.00853113
0.00379493
0.00237665
0.00484647
0.00356215
0.241243
0.464486
0.00217853
0.00169431
0.00210668
0.00266365
0.00485444
0.00331109
0.27283
0.464486
0.0470653
0.0298324
0.0441192
0.0269997
0.0435615
0.0155568
0.334265
0.464486
0.03059
0.0288583
0.0246108
0.0274767
0.0279575
0.00691382
0.216622
0.413365
0.0034607
0.000553795
0.000135433
0.000317466
0.00073241
0.0024634
0.303989
0.413365
0.0111357
0.00720355
0.000800394
0
7.88876e-006
0.0189127
0.243433
0.413365
0.00898552
0.00969898
0.00404317
0.0090198
0.0135366
0.00403859
0.249292
0.413365
0.0459891
0.0984687
0.0135492
0.0058676
0.0037814
0.0424056
0.25581
0.449266
0.0580459
0.0160789
0.00412177
0.00996014
0.01531
0.0470848
0.226741
0.449266
0.110442
0.0139968
0.012777
0.0515932
0.059589
0.0786712
0.223071
0.264209
0.116856
0.191519
0.0239947
0.0403333
0.0216728
0.113347
0.271551
0.217929
0.192589
0.112331
0.0389409
0.0852475
0.0506007
0.190226
0.260009
0.466403
0.0709855
0.0109785
0.0102755
0.0307339
0.0257093
0.0481668
0.304713
0.437952
0.104821
0.0367847
0.0181255
0.00870617
0.000152898
0.0457349
0.167465
0.27895
0.146513
0.070493
0.0691989
0.0991458
0.0471991
0.118674
0.152927
0.298615
0.132511
0.0766473
0.0901325
0.117914
0.0757943
0.179462
0.131058
0.121201
0.117754
0.212093
0.0747116
0.00829588
0.000458566
0.0395389
0.0283723
0.013789
0.164887
0.489391
0.250925
0.00883748
0.00138129
0.00939881
0.0772147
0.082135
0.0854084
0.330036
0.188094
0.0369759
0.038598
0.0792059
0.0379136
0.00739068
0.186296
0.489391
0.271017
0.0117513
0.00775575
0.0112598
0.0500328
0.0470634
0.121138
0.423734
0.147552
0.00500094
0.00586446
0.0158413
0.103586
0.211006
0.261295
0.134427
0.0463277
0.0100837
0.00572881
0.0381812
0.0763899
0.0231348
0.165445
0.49316
0.121937
0.0173586
0.00177495
0.0483552
0.141895
0.133551
0.341132
0.275496
0.143011
0.051261
0.00456699
0.192573
0.0242959
0.0341062
0.0162251
0.0528505
0.131545
0.145038
0.0444503
0.0263882
0.114956
0.122269
0.0641342
0.0668661
0.176601
0.283377
0.345069
0.0484722
0.0124252
0.00637164
0.00584291
0.0636152
0.33029
0.245673
0.0356483
0.010455
0.0781065
0.0127255
0.0263258
0.0957486
0.378408
0.386758
0.386758
0.112395
0.102334
0.128943
0.0302628
0.0376588
0.0608849
0.121306
0.338654
0.0385324
0.0977385
0.220147
0.0289331
0.0344052
0.0376127
0.118105
0.24247
0.0294734
0.0603856
0.00806007
0.0126934
0.0399701
0.0766425
0.273659
0.454158
0.100529
0.0239808
0.00980326
0.00725082
0.0225162
0.0229721
0.371686
0.454158
0.085107
0.125207
0.267286
0.0154879
0.0324783
0.0202723
0.0873059
0.217746
0.021093
0.182132
0.203848
0.0672429
0.185633
0.0705118
0.0251715
0.0877045
0.0760442
0.0142301
0.0146018
0.00685241
0.0228635
0.0200517
0.290758
0.496901
0.0787523
0.0972417
0.0691633
0.0503937
0.10319
0.0678982
0.178192
0.496901
0.155226
0.275604
0.125487
0.137555
0.263355
0.0640773
0.0583852
0.0370453
0.208547
0.410375
0.130836
0.170328
0.110335
0.0330486
0.069533
0.0320689
0.327459
0.188988
0.0903967
0.113242
0.103634
0.0478861
0.0991697
0.301169
0.219385
0.236714
0.0805127
0.139116
0.0617718
0.0400501
0.0528701
0.0850655
0.241904
0.160879
0.161754
0.0875686
0.0551945
0.0710904
0.0750318
0.063811
0.15409
0.101722
0.248723
0.0767961
0.0711104
0.108883
0.108292
0.100014
0.222544
0.103378
0.264324
0.270164
0.0509763
0.0695544
0.0517351
0.078265
0.109444
0.066163
0.508395
0.346104
0.259742
0.161871
0.0289509
0.0789183
0.130945
0.0322765
0.0664539
0.0888509
0.249566
0.150361
0.0331679
0.0334089
0.0762614
0.0363391
0.00709365
0.190036
0.469632
0.186942
0.00637185
0.0135902
0.0118407
0.0182915
0.123089
0.174612
0.417469
0.155607
0.00607425
0.0186298
0.0497901
0.0222949
0.0228092
0.193606
0.469632
0.217683
0.00384143
0.0127555
0.00328012
0.0800825
0.0133349
0.187619
0.348277
0.094878
0.014102
0.0182602
0.0525888
0.0877275
0.0138223
0.125288
0.354972
0.226778
0.0430728
0.0208565
0.157055
0.0452776
0.055268
0.186185
0.392425
0.124066
0.00786506
0.0254124
0.0112781
0.0228389
0.033049
0.0959186
0.48263
0.293813
0.0255788
0.0456922
0.0442547
0.00422529
0.00122306
0.00645152
0.0785326
0.306
0.237764
0.0494834
0.00901978
0.0904153
0.0229927
0.0567464
0.135558
0.366219
0.385347
0.278653
0.196781
0.0111995
0.00252914
0.0088128
0.0974608
0.19535
0.104906
0.0888039
0.0420872
0.0867891
0.0692907
0.0879859
0.184747
0.293373
0.20819
0.296598
0.162874
0.119471
0.0288875
0.0333309
0.0451996
0.0547744
0.167255
0.363177
0.166805
0.0911331
0.0206624
0.00641233
0.0278027
0.0142348
0.379125
0.431301
0.15478
0.202617
0.0892083
0.0508119
0.050524
0.0603771
0.0571728
0.0932144
0.177944
0.380321
0.0377687
0.00743588
0.0124875
0.0044935
0.0967361
0.10972
0.340299
0.0183467
0.00351047
0.00161013
0.00749085
0.00435948
0.234364
0.414672
0.0834026
0.0133215
0.00678489
0.00621717
0.00761888
0.00427683
0.201512
0.414672
0.0664692
0.213551
0.00244951
0.000646481
0.0161945
0.00330169
0.160937
0.255253
0.219971
0.167751
0
0
0.0103272
0.00174356
0.200816
0.414672
0.285533
0.0210599
0.0112046
0.0117126
0.00501607
0.00181631
0.132386
0.43351
0.0549702
0.0165928
0.0328906
0.0655577
0.0602594
0.0434273
0.0966809
0.237083
0.0285092
0.0681456
0.000289507
0
8.84489e-005
8.84489e-005
0.151677
0.50743
0.212709
0.00386675
0.00544408
0.0211905
0.0354879
0.0283633
0.253091
0.50743
0.093108
0.00668567
0.125372
0.178098
0.0847453
0.0625029
0.104093
0.104051
0.0131554
0.00404911
0.16997
0.169772
0.32337
0.119543
0.0590902
0.0684522
0.0223707
0.000501146
0.0155216
0.0321923
0.0547299
0.0439697
0.335483
0.448002
0.0604576
0
0.028321
0.151785
0.284634
0.0894546
0.236409
0.43776
0.080825
0.00150632
0.0308478
0.0621873
0.448238
0.115665
0.00258509
0.0100045
0.0101532
0.0161301
0.0206068
0.0908447
0.4534
0.112549
0.0032697
0.0017869
5.29585e-005
0
0.0172625
0.132667
0.4534
0.168625
0.019232
0.0764292
0.0228374
0.0197732
0.0217943
0.116057
0.4534
0.171779
0.0122703
0.00483441
0.020753
0.0461645
0.0690175
0.115993
0.450738
0.112094
0.0102547
0.00514695
0.000776238
0.0210551
0.0357869
0.0571513
0.319509
0.311615
0.0676326
0.123074
0.0474473
0.0561322
0.0421143
0.0909357
0.55683
0.16883
0.0468039
0.0271861
0.0850643
0.0565599
0.0142314
0.0256952
0.144118
0.193095
0.0902046
0.147115
0.153777
0.185811
0.0235793
0.00890828
0.0321904
0.0837707
0.020009
0.0326461
0.129842
0.170783
0.122878
0.0508163
0.120403
0.210861
0.133764
0.167393
0.125555
0.414142
0.0335006
0.0046881
0.00812947
0.0230604
0.00144
0.00164319
0.408565
0.41391
0.112764
0.025302
0.0606995
0.0866718
0.119129
0.124142
0.405373
0.236044
0.0789744
0.0208617
0.0410762
0.0544923
0.0527018
0.0809006
0.152366
0.395043
0.0185862
0.00294357
0.00116268
0.000196297
0.00403781
0.0143744
0.364579
0.370441
0.0470811
0.0107375
0.0234761
0.0271557
0.0576976
0.0980546
0.324518
0.395043
0.00869872
0.00175566
0
0
0.00198753
0.0211009
0.395043
0.324376
0.000101463
0
0.00321013
0.00054197
0.0146608
0.0175312
0.269562
0.358748
0
0
0.00214009
0.000361314
0.0254923
0.179707
0.330478
0.358748
0
0
0
0
0
0.000167184
0.358748
0.358748
0
0
0
0
0.000838368
0.0190413
0.358748
0.269076
0.0184739
0
0.00752331
0.00289358
0.0576566
0.374026
0.22766
0.0813929
0.0277229
0.00107841
0.0300932
0.0503831
0.145278
0.374026
0.08724
0.374026
0.0277108
0
0.011285
0.00434037
0.0275671
0.108506
0.361915
0.273968
0.0425087
0
0.0451399
0.0744656
0.0966104
0.290431
0.230615
0.00745382
0.0054222
0.00104289
0.0132964
0.0436564
0.208826
0.420027
0.0533105
0.00797205
0.0117394
0.12568
0.0785892
0.0208459
0.157419
0.420027
0.127519
0.0797777
0.0126303
0.00111945
0.0328882
0.0666541
0.20454
0.420027
0.103818
0.0459347
0.0059393
0.0566325
0.0479643
0.0300217
0.196634
0.420027
0.169102
0.00938872
0.0167397
0.197187
0.360164
0.147519
0.0340138
0.134424
0.0874226
0.0982057
0.090285
0.107811
0.498616
0.203419
0.0347229
0.0127604
0.0436377
0.054421
0.0192669
0.139578
0.22962
0.0971176
0.0784597
0.168051
0.149095
0.172895
0.156831
0.189459
0.353804
0.137451
0.0699219
0.0337695
0.168488
0.124199
0.0713533
0.0381781
0.195531
0.0630232
0.035117
0.0439571
0.170539
0.132815
0.00537818
0.00324327
0.0260866
0.0226023
0.0219575
0.0468109
0.383657
0.267263
0.101931
0.0643993
0.0827299
0.0271812
0.0249786
0.0367986
0.400464
0.384583
0.00311957
0.00148307
0
0
0.00365085
0.0311572
0.527262
0.402246
0.00473622
0.000391911
0
0
0
0.0010466
0.400508
0.31129
0.0121486
0.00370261
0.00057133
0.0309895
0.0303917
0.0903343
0.402246
0.27825
0.00337914
0.00416219
0.00695359
0.00351426
0.00213143
0.00926089
0.307476
0.200692
0.00372523
0.0143803
0.0394817
0.134273
0.0662398
0.141544
0.33524
0.264018
0.00776211
0.0101897
0.00205885
0.0379663
0.0268079
0.085024
0.319253
0.436912
0.00953303
0.00810449
0.00137257
0.0070004
0.00213206
0.0124658
0.418924
0.217759
0.0334588
0.040618
0.0338441
0.132738
0.0654939
0.136157
0.216175
0.436912
0.05301
0.032418
0.00549027
0.0164971
0.00848831
0.0185764
0.273602
0.381503
0.00162201
0.000323522
0
0
0
0.000377032
0.299325
0.381503
0
0
0
0
0
0
0.381503
0.37466
0.0104289
0.00129409
0
0
0
9.4258e-005
0.207506
0.381503
0.000906273
0
0
0
0
0
0.326953
0.383846
0.00501253
0
0.0020413
0.000785117
0
0
0.328875
0.379296
0.0158129
0
0.00816522
0.0134699
0.0200033
0.0713493
0.339681
0.317049
0
0
0
0
0
0
0.291948
0.391553
0.00997407
0
0
0
0.000645837
0.00135848
0.318269
0.319942
0.0408836
0.00220445
0.0296426
0.0188661
0.115656
0.207306
0.219246
0.20094
0.0419931
0.00799823
0.0455828
0.0611698
0.210111
0.307265
0.158272
0.425865
0.0479743
0.000551114
0.00653462
0.00191325
0.0196923
0.0464161
0.277682
0.40904
0.0545147
0.00082667
0.0114215
0.0255026
0.0930567
0.124584
0.271145
0.198067
0.115217
0.0458297
0.072226
0.0543427
0.108317
0.169525
0.123941
0.280986
0.168033
0.103264
0.125908
0.0388317
0.06074
0.0834491
0.384616
0.393749
0.132597
0.0441146
0.022147
0.0231732
0.0557884
0.0862378
0.189126
0.32748
0.157711
0.0660971
0.0707252
0.0362854
0.0333205
0.153566
0.38532
0.301795
0.0359145
0.0219838
0.0299336
0.00701933
0.0126031
0.0232487
0.344664
0.437848
0.00377141
0
0.00159051
0.000370392
0
0.00300957
0.437848
0.241277
0.0324288
0.00699707
0.0491426
0.0168438
0.0116841
0.0520483
0.25644
0.343988
0.0140631
0.00184796
0.0153813
0.00736163
0.000501184
0.00775457
0.332346