0.0558158
0.152973
0.15996
0.167874
0.0383841
0.0607174
0.0954162
0.107833
0.050444
0.0448439
0.15222
0.268018
0.157188
0.173848
0.198806
0.191162
0.11466
0.130069
0.100231
0.0738773
0.0432512
0.110949
0.133958
0.155354
0.28547
0.171946
0.106596
0.170054
0.127672
0.266
0.19245
0.466523
0.0356367
0.0119755
0.0434958
0.129642
0.0683648
0.0737041
0.0895229
0.134511
0.120496
0.0701539
0.0565379
0.10549
0.0849395
0.0475604
0.0898796
0.256548
0.237231
0.0442825
0.0211032
0.0480408
0.0452596
0.0837307
0.0957269
0.544297
0.287338
0.0291053
0.00782605
0.0310902
0.0414677
0.0344071
0.117353
0.544297
0.154776
0.108765
0.0317874
0.031399
0.061785
0.0674076
0.0934667
0.123277
0.189358
0.217804
0.223683
0.0420326
0.0404953
0.0561407
0.0721386
0.0835674
0.181477
0.0341856
0.00239959
0.00848585
0.0291056
0.0633051
0.16849
0.445915
0.39083
0.157399
0.261853
0.0692217
0.0305064
0.0438874
0.122118
0.445915
0.0951323
0.27109
0.24924
0.0586985
0.0813476
0.0585011
0.0208446
0.073973
0.111476
0.13052
0.0721576
0.103128
0.28728
0.0810289
0.0207111
0.0978662
0.204979
0.235908
0.319508
0.169983
0.207885
0.0763593
0.0228901
0.140595
0.0325517
0.134537
0.169534
0.244625
0.466707
0.136191
0.0267078
0.0510753
0.071519
0.0294111
0.0770935
0.101525
0.170981
0.0470568
0.087303
0.125319
0.0779076
0.0976713
0.107361
0.115865
0.0784898
0.156416
0.245131
0.172549
0.0211571
0.0959238
0.276428
0.234237
0.316693
0.101782
0.0757796
0.104828
0.211904
0.183555
0.208712
0.115733
0.0526423
0.222988
0.344094
0.374983
0.122612
0.10422
0.0386611
0.0634308
0.066049
0.127044
0.205113
0.108693
0.196388
0.130053
0.0875487
0.0378934
0.106934
0.0665143
0.101293
0.136775
0.270357
0.220964
0.118256
0.0146432
0.0392604
0.138979
0.237867
0.238087
0.449501
0.357035
0.265481
0.0447153
0.128952
0.0787384
0.168632
0.118969
0.153937
0.0965172
0.0572712
0.027423
0.0720624
0.0749616
0.0586982
0.0824706
0.0901187
0.119116
0.0902212
0.310002
0.196382
0.101138
0.0833887
0.0942262
0.260061
0.164368
0.0908682
0.0918172
0.225258
0.138994
0.139355
0.0798514
0.0465311
0.0500784
0.0984525
0.46428
0.46428
0.213192
0.0765525
0.0291132
0.204006
0.0447519
0.0134782
0.0137842
0.0366946
0.0723712
0.0312119
0.264682
0.28292
0.0932575
0.0526526
0.0743974
0.0130062
0.108963
0.0399106
0.309932
0.227516
0.00959096
0.00239897
0.00674087
0.0618389
0.376301
0.269884
0.334957
0.301164
0.021667
0.0189611
0.0315912
0.00553589
0.0682785
0.119054
0.360378
0.247324
0.0491546
0.0308468
0.0354308
0.020498
0.0553767
0.031598
0.430497
0.305237
0.0877049
0.00663911
0.00850868
0.0260886
0.00492329
0.0288069
0.516724
0.19423
0.0390066
0.0211796
0.0203572
0.0125993
0.0136077
0.0184505
0.240102
0.361516
0.225186
0.0307196
0.0166091
0.0200651
0.00702767
0.00086499
0.205803
0.172989
0.045796
0.0021463
0.00823996
0.00359388
0.00664426
0.0325215
0.404919
0.314389
0.0562774
0.0574321
0.049681
0.0121932
0.0106103
0.0352736
0.404919
0.221017
0.235124
0.05645
0.018404
0.00696235
0.00680474
0.00174292
0.1055
0.404919
0.404919
0.097231
0.0320737
0.00325835
0.00672042
0.0138575
0.178816
0.131212
0.11014
0.153406
0.13558
0.0897516
0.0263928
0.0185527
0.105109
0.0717268
0.155015
0.190873
0.146185
0.271287
0.0587325
0.0266625
0.0367875
0.300273
0.411218
0.229591
0.0727737
0.00824268
0.0111518
0.0166428
0.0725353
0.22176
0.411218
0.390262
0.0629779
0.0384128
0.0349877
0.0193608
0.0343673
0.0964961
0.148309
0.152326
0.0758938
0.0884472
0.0290672
0.0339779
0.0604225
0.273256
0.354672
0.124097
0.0354144
0.00465609
0.0226417
0.0696596
0.12487
0.322054
0.416621
0.123701
0.0127595
0.0125587
0.0168969
0.0235221
0.0417375
0.416621
0.416621
0.0451765
0.00604147
0
0.00467348
0.0233888
0.0405822
0.27409
0.279157
0.0580861
0.00402157
0.0124957
0.0283935
0.0646653
0.0705913
0.205138
0.157885
0.0812624
0.138447
0.197393
0.0719031
0.140197
0.0236196
0.369157
0.360494
0.0142956
0.0734483
0.0509481
0.0278063
0.0431805
0.0380807
0.163392
0.074918
0.00478765
0.394313
0.394313
0.0785078
0.0913007
0.0307655
0.0654105
0.0657141
0.0347909
0.24387
0.257498
0.0841138
0.0785052
0.0129618
0.00581704
0.0641195
0.14677
0.269718
0.258787
0.146658
0.0341257
0.00514631
0.012732
0.0498157
0.0360912
0.418081
0.410638
0.0799453
0.0378472
0.00277205
0.00039243
0.0921145
0.179749
0.418081
0.139892
0.166714
0.0574117
0.00971853
0.0355984
0.00426755
0.0196702
0.00286754
0.0169456
0.311999
0.44846
0.0770014
0.115206
0.0211729
0.00887012
0.00213839
0.00892364
0.13512
0.362668
0.132666
0.0271058
0.0237377
0.09992
0.100721
0.0503402
0.168957
0.326161
0.0461554
0.222425
0.139794
0.176567
0.0530116
0.0514999
0.175723
0.387178
0.143434
0.144015
0.127626
0.0127324
0.0026009
0.00170039
0.0141826
0.0612392
0.0684024
0.278702
0.433199
0.0703626
0.00380634
0.000688211
0.00134342
0
0.0433115
0.318718
0.326027
0.105663
0.0341371
0.033529
0.0383371
0.106719
0.121573
0.317716
0.433199
0.261779
0.0950591
0.103987
0.041365
0.07756
0.0739007
0.216352
0.389614
0.0540728
0.00318058
0.00121393
0.00150746
0.000165927
0.0171225
0.346628
0.389614
0.0462664
0.0102094
0.00878645
0.000376865
0.000663709
0.0333662
0.198213
0.389614
0.127541
0.023485
0.0388699
0.0287668
0.0592916
0.0184986
0.326566
0.389614
0.0541284
0.0814712
0.0283063
0.00537298
0.0281615
0.021391
0.28879
0.369988
0.0777545
0.0292544
0.0268663
0
0.0123823
0.0520879
0.175922
0.354391
0.225899
0.0207173
0.0322772
0.0432607
0.0572815
0.0906521
0.226962
0.263436
0.151791
0.237874
0.083781
0
0.0101964
0.0537563
0.340125
0.121892
0.189271
0.169723
0.0757169
0.0288405
0.0637456
0.306269
0.243604
0.378282
0.0997227
0.00416819
0.0141905
0.0383424
0.0549868
0.0835351
0.390045
0.390045
0.0606188
0.0147444
0.00814769
0.00539097
0.020915
0.0451036
0.326375
0.134481
0.0946004
0.0882945
0.0443431
0.0436714
0.0773734
0.279351
0.242201
0.2365
0.122758
0.169932
0.155945
0.0356804
0.048806
0.103964
0.190388
0.154988
0.0737628
0.108477
0.0679757
0.0144206
0.0169403
0.0408583
0.0388526
0.0204251
0.0305583
0.433131
0.433131
0.0225087
0.0164157
0.0208147
0.13036
0.115399
0.11294
0.167212
0.128569
0.015963
0.0405877
0.0965725
0.0513381
0.0310034
0.0736854
0.433131
0.433131
0.082654
0.027608
0.0548477
0.000887187
0.00976194
0.0133933
0.385411
0.335945
0.0428345
0.0228395
0.000591458
0.000224408
0.0169986
0.0516796
0.350171
0.148994
0.0794197
0.0490482
0.00360931
0.00378444
0.00511159
0.0230811
0.385411
0.385411
0.0774551
0.0189707
0.00158679
0
0.00221534
0.0303892
0.385411
0.291549
0.0440445
0.0294094
0
0.0445386
0.0252273
0.0822944
0.140934
0.136949
0.110856
0.157081
0.0787436
0.162443
0.126716
0.171593
0.0926701
0.154479
0.177925
0.273778
0.205687
0.0499319
0.14209
0.167639
0.13181
0.133749
0.0645099
0.130157
0.0566786
0.0607116
0.158791
0.141146
0.222855
0.313137
0.447566
0.272861
0.133952
0.117658
0.128475
0.0741345
0.045406
0.084056
0.122088
0.133786
0.146978
0.0995359
0.212262
0.134796
0.0888663
0.197996
0.204044
0.350516
0.126961
0.0120491
0.0157428
0.0114714
0.0538255
0.187675
0.34183
0.185491
0.089197
0.0229179
0.0172582
7.29762e-005
0.0461008
0.186118
0.322281
0.42392
0.197016
0.0589186
0.176449
0.0727364
0.0273448
0.0763956
0.124472
0.366934
0.0658739
0.112441
0.176333
0.079319
0.109184
0.0423275
0.0846487
0.264229
0.0628744
0.0174531
0.0201325
0.000211239
0.0214398
0.0681846
0.164888
0.453045
0.188003
0.0277198
0.0437659
0.0425944
0.0354877
0.0422752
0.296079
0.453045
0.188466
0.112181
0.143761
0.16734
0.207352
0.0760742
0.0390799
0.0508648
0.0595552
0.387367
0.101574
0.123718
0.131408
0.0650255
0.00805035
0.014879
0.362965
0.0976776
0.102204
0.0858219
0.0437058
0.031247
0.228553
0.387367
0.124217
0.277178
0.100361
0.0517251
0.0242537
0.0193824
0.0770218
0.283387
0.3
0.365793
0.0546003
0.0639215
0.0786549
0.0306094
0.0144392
0.0302228
0.314405
0.179979
0.150191
0.105417
0.157415
0.142405
0.0377835
0.0374295
0.12442
0.212502
0.0380831
0.102572
0.129173
0.0234121
0.0223804
0.11536
0.269397
0.212977
0.361071
0.399005
0.245266
0.0805998
0.0539338
0.0759045
0.109982
0.110362
0.104598
0.0620874
0.128346
0.119775
0.0392684
0.0423539
0.107719
0.0508548
0.0522236
0.11357
0.390141
0.244376
0.12116
0.0298057
0.0736344
0.200449
0.281591
0.188119
0.267131
0.251421
0.0728993
0.0283105
0.0373302
0.0558428
0.0719757
0.118126
0.417882
0.368608
0.0667519
0.00887771
0.0235923
0.00308915
0.0259554
0.0973757
0.28855
0.264278
0.0866264
0.0022448
0.00288266
0
0.00218813
0.0563206
0.411473
0.30981
0.0224551
0.00221008
0
0
0.028331
0.126163
0.411473
0.205594
0.0197666
0.000192854
0.000720665
0
0.000494438
0.0826108
0.411473
0.338386
0.0134633
0
0
0.149294
0.307493
0.113214
0.0409624
0.0202773
0.0075357
0.0138204
0.00741303
0.0535439
0.243354
0.121448
0.0838567
0.117851
0.375073
0.060874
0.0229044
0.436905
0.30294
0.0350514
0.00135337
0.00248168
0.000543625
0
0.215761
0.19653
0.189326
0.0381039
0.00135469
0.0240771
0.274598
0.138707
0.283681
0.00616561
0.021525
0.0145605
0.021328
0.116187
0.401487
0.113909
0.0133993
0.0277866
0.0250263
0.00201773
0.0302966
0.200808
0.220598
0.260431
0.100482
0.0534418
0.0121838
0.00414649
0.000142198
0.0260187
0.401487
0.350679
0.117487
0.0718367
0.0220037
0.00737221
0.00693697
0.11919
0.28475
0.401487
0.195228
0.066298
0.0473878
0.00183421
0.0183185
0.140883
0.0711841
0.374176
0.174131
0.0546653
0.0302527
0.0034233
0.000111066
0.100244
0.264461
0.402701
0.15079
0.188895
0.048927
0.00510669
0.00463333
0.103097
0.04517
0.266218
0.280483
0.294374
0.126133
0.00151989
7.40438e-005
0.11874
0.150901
0.271062
0.275416
0.0222879
0.013837
0.00765563
0
0.0351956
0.223894
0.433954
0.0752133
0.0310125
0.0148707
0.00757672
0.0125354
0.0122385
0.13849
0.433954
0.108064
0.151758
0.0559596
0.000773606
0
0.0699026
0.193603
0.352761
0.141637
0.0476377
0.0048063
0
0.005588
0.0273135
0.258535
0.433954
0.137876
0.0157361
0.00533959
0.0542022
0.140428
0.036012
0.0967618
0.288479
0.0715359
0.05749
0.137025
0.223188
0.259938
0.0666314
0.198455
0.21642
0.031955
0.00475186
0
0.00480397
0.0512098
0.0257303
0.233057
0.408085
0.114008
0.0384316
0.0235691
0.0324452
0.0998513
0.0387008
0.408085
0.408085
0.147427
0.0762595
0.119746
0.102919
0.308018
0.183604
0.0748022
0.123823
0.00675332
0.0194071
0.020135
0.0379183
0.404886
0.278763
0.0102237
0.011363
0.000330173
0.103651
0.0540272
0.0908491
0.29012
0.0920968
0.152281
0.379206
0.104474
0.0639058
0.0368668
0.105376
0.404886
0.244983
0.00731002
0.0406909
0.0291057
0
0.00377278
0.0406138
0.420028
0.177629
0.0135095
0.0027416
0
0.00494337
0
0.0264825
0.420028
0.256465
0.0706339
0.0126926
0.00229151
0.0154767
0.0138246
0.0439429
0.420028
0.244548
0.051052
0.0343239
0.0352939
0.0777531
0.0172072
0.0177167
0.263269
0.184743
0.180395
0.180745
0.285663
0.279119
0.034993
0.00192036
0
0
0.00119531
0.0146911
0.409164
0.187659
0.0146172
0.00128024
0
0
0.0494891
0.0960587
0.442383
0.158304
0
0
0
0.00330816
0.00865607
0.0348714
0.393364
0.279895
0
0
0.00408247
0.035527
0.0491856
0.0885072
0.442383
0.130452
0.000483936
0
0
9.92961e-005
0.120088
0.214802
0.312906
0.136861
0.00521809
0.00248073
0
0.00547663
0.108142
0.413531
0.407731
0.182449
0.00567077
0.00823342
0.0185799
0.0398486
0.0328711
0.0637003
0.376195
0.227988
0.0285685
0.0126575
0.0331527
0.0227343
0.0124224
0.0901572
0.413531
0.185101
0.0294778
0.00172871
0
0.00535896
0.0146051
0.210628
0.382076
0.356069
0.211716
0.00499855
0
0.0198259
0.0235987
0.0738946
0.342715
0.226497
0.024492
0.00186563
0.00712381
0.00130453
0.000794323
0.0489739
0.383341
0.224787
0.0993809
0.0485413
0.00186571
0.00159016
0.00985212
0.0415042
0.414559
0.271839
0.140533
0.00390895
0
0.0243921
0.0942619
0.183532
0.256345
0.0957814
0.0128219
0
0.00710711
0.032366
0.244401
0.461207
0.182072
0.199563
0.0993888
0.0410471
0.00145901
0.00615924
0.059438
0.0889979
0.330013
0.251181
0.0862228
0.00463057
0.0284284
0.0657357
0.188675
0.297044
0.25405
0.0307831
0.00626812
0
0.0048019
0.0237855
0.164732
0.423497
0.117495
0.0465253
0.0108094
0.0069417
0.00741531
0.0108207
0.244817
0.423497
0.198463
0.149625
0.0355911
0.000478698
0.0192076
0.0610233
0.129139
0.269847
0.163182
0.102747
0.0152706
0
0.0186052
0.0248921
0.160681
0.423497
0.307022
0.115766
0.0637593
0.0720522
0.114145
0.0194582
0.121806
0.366611
0.20188
0.0945842
0.0854195
0.144451
0.409216
0.169118
0.0285068
0.0560391
0.0867867
0.0528159
0.0350657
0.01422
0.0198389
0.0040441
0.132377
0.409216
0.24763
0.107491
0.120581
0.0883634
0.219966
0.193645
0.109684
0.302677
0.120081
0.0262081
0.0469538
0.0627349
0.334141
0.182032
0.053127
0.0345638
0.0339179
0.153706
0.0964357
0.0357179
0.109592
0.0890915
0.0742602
0.147404
0.383083
0.109466
0.146175
0.0771194
0.243967
0.235191
0.146897
0.0976906
0.0293596
0.30543
0.239149
0.0639355
0.0783641
0.102977
0.174911
0.205816
0.383083
0.100019
0
0
0
0.00771302
0.020784
0.0706931
0.374202
0.201818
0.02059
0.01668
0.0322436
0.155812
0.155757
0.211152
0.241269
0.238771
0.0205197
0.015651
0.00580095
0.00710932
0.0101633
0.0652051
0.498767
0.360254
0.139362
0.0825744
0.101503
0.162894
0.128354
0.158069
0.2231
0.0845807
0.0214481
0.0277447
0.0828829
0.187145
0.139503
0.104246
0.145602
0.192555
0.0737016
0.0273961
0.124571
0.111543
0.186229
0.170442
0.245709
0.090763
0.0614224
0.0509881
0.121059
0.183854
0.190542
0.140714
0.024777
0.0546219
0.0338527
0.0127128
0.09013
0.0982202
0.491712
0.491712
0.169975
0.145896
0.0300214
0.0026623
0.0180588
0.00473062
0.0574441
0.100469
0.245518
0.117531
0.0195231
0.104335
0.0450456
0.00268466
0.0671998
0.120491
0.309465
0.094286
0.021622
0.000850651
0.0111936
0.0043747
0.218772
0.397034
0.359886
0.216847
0.0180494
0.0659361
0.0630843
0.00301097
0.20038
0.350616
0.398861
0.146724
0.0840547
0.072017
0.0296393
0.00690035
0.0858909
0.0842679
0.162013
0.264433
0.177384
0.00504906
0.00625831
0.0164521
0.0656362
0.11972
0.229318
0.243996
0.0727935
0.0442264
0.0415085
0.00241685
0.159562
0.293489
0.332586
0.294249
0.143619
0.00126226
0
0.00111931
0.106252
0.389739
0.389739
0.160025
0.0563276
0.00368642
0.00473511
0.0130115
0.033758
0.16203
0.229609
0.104505
0.0103466
0.0119858
0.0270869
0.0337172
0.0663319
0.339965
0.344713
0.225017
0.122919
0.0960611
0
0
0.0190379
0.152695
0.365619
0.283251
0.218935
0.245646
0.0712092
0.0722345
0.0555488
0.186936
0.365619
0.0388116
0.0022187
0.0179654
0.0691843
0.0557544
0.0909684
0.394747
0.230636
0.0975365
0.0781776
0.0728083
0.0809072
0.0712966
0.0570096
0.368579
0.190311
0.138371
0.0854947
0.167657
0.192603
0.182495
0.0895599
0.225677
0.27922
0.0712794
0.0524209
0.14182
0.218962
0.103611
0.075833
0.312208
0.272567
0.171115
0.247857
0.144118
0.09502
0.103939
0.0792053
0.132669
0.10723
0.241672
0.257076
0.0734293
0.0318487
0.0440893
0.125012
0.229774
0.429756
0.127377
0.173907
0.258137
0.175546
0.0238421
0.0767301
0.163084
0.176464
0.225578
0.206771
0.128081
0.0624127
0.00903348
0.04289
0.15131
0.235462