0.0877928
0.0477669
0.0678946
0.0831423
0.116117
0.0971911
0.290617
0.246742
0.117344
0.0484889
0.0656894
0.0710128
0.126702
0.0783968
0.19371
0.216632
0.12843
0.114926
0.0442844
0.0730501
0.127332
0.22709
0.348408
0.390354
0.19374
0.28663
0.116097
0.0783037
0.163933
0.104876
0.123788
0.218117
0.220768
0.10005
0.0426925
0.0283783
0.0598124
0.0594512
0.0992066
0.294015
0.258572
0.279997
0.105566
0.0504116
0.0446658
0.153726
0.13597
0.209617
0.300963
0.250588
0.0683293
0.0417365
0.0891344
0.0589607
0.0972469
0.237012
0.280747
0.2831
0.069046
0.0320161
0.0672634
0.0561538
0.154489
0.273945
0.140222
0.249288
0.134964
0.133847
0.119948
0.149524
0.135087
0.0809875
0.107751
0.154672
0.089116
0.22872
0.296956
0.0795785
0.0784083
0.135712
0.122841
0.213263
0.0820147
0.122797
0.228808
0.0820099
0.155395
0.193793
0.0384817
0.109449
0.119692
0.215943
0.313739
0.105481
0.268073
0.22985
0.0978578
0.078268
0.0930844
0.150457
0.138214
0.0912204
0.0433855
0.0960856
0.205884
0.197832
0.280929
0.16721
0.150023
0.164878
0.0936269
0.152867
0.0936935
0.0530625
0.0522737
0.0806018
0.100267
0.172797
0.140874
0.19786
0.353037
0.217142
0.164795
0.0639057
0.101992
0.176435
0.115847
0.443062
0.0669892
0.150433
0.168204
0.0902804
0.152764
0.096361
0.069188
0.0731327
0.0216907
0.0696516
0.105363
0.172762
0.242438
0.179644
0.171205
0.0826627
0.171031
0.316927
0.177199
0.0263823
0.0371145
0.0305982
0.060245
0.223464
0.166877
0.596131
0.189105
0.0511025
0.0646286
0.0422322
0.0989974
0.054846
0.0862165
0.0266373
0.0633245
0.10712
0.116006
0.111523
0.0829409
0.0860551
0.256303
0.16323
0.0746375
0.0969131
0.0954085
0.0257611
0.0833242
0.187136
0.149435
0.428103
0.113865
0.0628604
0.0946112
0.0452935
0.0522
0.0242973
0.380408
0.530951
0.0715847
0.0668324
0.121529
0.0471809
0.0898058
0.1633
0.135972
0.133287
0.0277192
0.0373209
0.0428636
0.0378624
0.0884351
0.215097
0.281544
0.083456
0.0208326
0.028428
0.0283156
0.0742867
0.091274
0.221231
0.217446
0.411847
0.014636
0.0850098
0.16534
0.17651
0.0664777
0.203791
0.190059
0.117359
0.0278361
0.13825
0.203618
0.345257
0.215112
0.313458
0.167156
0.141994
0.0325082
0.0289301
0.0376846
0.132213
0.261824
0.373719
0.182236
0.293643
0.0919694
0.0261591
0.062856
0.071445
0.175793
0.215436
0.159953
0.0867995
0.121926
0.0919888
0.09054
0.0407979
0.214927
0.308555
0.212426
0.131302
0.0936838
0.0411549
0.0946984
0.122023
0.21026
0.30873
0.21037
0.279219
0.0803441
0.0212775
0.0847088
0.0799599
0.133999
0.150748
0.130744
0.152583
0.0790039
0.0293003
0.090773
0.100079
0.135929
0.154488
0.318154
0.164739
0.0536353
0.0960725
0.0867777
0.13545
0.188621
0.30635
0.255235
0.146201
0.126246
0.082687
0.0990962
0.308491
0.231507
0.23419
0.0749618
0.0439062
0.0708483
0.0353322
0.0957318
0.0500074
0.0768766
0.0978268
0.0817029
0.0487692
0.0672223
0.0575921
0.102415
0.050486
0.148676
0.193646
0.260896
0.146737
0.225267
0.0567231
0.0495335
0.149605
0.0678423
0.128728
0.568246
0.383511
0.178713
0.0499427
0.035973
0.0330369
0.0374104
0.312518
0.0632721
0.0827155
0.0262165
0.0210117
0.029683
0.047552
0.0640712
0.112171
0.15845
0.274403
0.0730662
0.00896592
0.0287902
0.0428229
0.0564067
0.158568
0.206246
0.465252
0.0924639
0.0268316
0.0180396
0.00988873
0.0180221
0.103419
0.201172
0.640024
0.182197
0.0278343
0.0176474
0.0053971
0.0152028
0.0636691
0.0799558
0.188506
0.0827216
0.00439125
0.00446099
0.00614087
0.0169443
0.0598916
0.194584
0.432029
0.0736004
0.00347439
0.00122713
0.00356165
0.0104016
0.0249119
0.17962
0.454478
0.117685
0.00804769
0.00189516
0.000661361
0.00275519
0.0222012
0.454478
0.454478
0.0690704
0.00427146
0
0
0.000859081
0.0232621
0.163822
0.381033
0.0290349
0.005565
0.00518713
0.00707131
0.00548655
0.0139876
0.184147
0.376209
0.0162792
0.0440431
0.0978423
0.0542405
0.0312386
0.113457
0.37006
0.381033
0.0142633
0.00689246
0.0142075
0.0152506
0.00354429
0.0330317
0.197241
0.23347
0.0103905
0.307325
0.308265
0.0871422
0.021743
0.100322
0.0876579
0.14623
0.00595677
0.15385
0.232911
0.0928724
0.0350761
0.100182
0.0806068
0.0569178
0.0174493
0.156026
0.173639
0.117043
0.0961202
0.154509
0.0306029
0.0395154
0.0299081
0.435787
0.435787
0.065895
0.0484482
0.057891
0.343526
0.0616073
0.0962668
0.319961
0.184046
0.0601235
0.163649
0.16633
0.0791337
0.118036
0.145457
0.114494
0.143185
0.113894
0.166285
0.163544
0.0916915
0.101557
0.156779
0.0947788
0.15073
0.169296
0.129696
0.137265
0.0632842
0.189565
0.135551
0.0884466
0.130244
0.212639
0.230745
0.21566
0.230747
0.301637
0.229955
0.11647
0.075025
0.104096
0.166406
0.397958
0.0933122
0.0556525
0.0369212
0.0481488
0.0378722
0.0511771
0.0783152
0.119194
0.222625
0.20657
0.0510587
0.0288331
0.0240709
0.0941785
0.0615789
0.165812
0.214702
0.329897
0.124203
0.0397946
0.0167616
0.0196485
0.0435102
0.194826
0.342535
0.617188
0.150206
0.0848327
0.03302
0.0124962
0.0146943
0.144982
0.149977
0.177822
0.0545736
0.0200845
0.0138785
0.0414663
0.00631179
0.0429236
0.250627
0.350733
0.0476127
0.013082
0.00999752
0.0162175
0.00933922
0.0529599
0.280897
0.461455
0.0292885
0.028254
0.0101343
0.00586777
0.000380868
0.0294272
0.436803
0.461455
0.0244463
0.0220593
0.026614
0.00815039
0.0325843
0.0203535
0.148479
0.365425
0.0494845
0.0141346
0.00771635
0.0076605
0.0232441
0.023827
0.116507
0.433831
0.0859819
0.024134
0.0176839
0.0361955
0.033491
0.0374332
0.216881
0.433831
0.0828078
0.0755447
0.0935861
0.0112763
0.0964834
0.0335406
0.209794
0.433831
0.132224
0.0734247
0.123208
0.080228
0.164824
0.112758
0.150327
0.398875
0.0585414
0.00488819
0.00602377
0.0303783
0.023273
0.0258051
0.382434
0.398875
0.0867879
0.012077
0
0.0138713
0.0154364
0.0185228
0.202409
0.3764
0.0644106
0.0395479
0.039859
0.0796943
0.0686801
0.105012
0.253082
0.331572
0.1808
0.133686
0.047961
0.114115
0.0662696
0.0554541
0.32809
0.2475
0.0739275
0.0351437
0.0223535
0.0289941
0.012475
0.0314339
0.132477
0.0574365
0.043187
0.409605
0.317481
0.0589835
0.00600068
0.0314325
0.188553
0.18715
0.144767
0.0957503
0.0612627
0.0973244
0.073652
0.0674048
0.0910918
0.0587574
0.0830969
0.409605
0.409605
0.063135
0.0239156
0.0540954
0.00622126
0.00355121
0.0402208
0.421806
0.305382
0.0259048
0.0200731
0.00646761
0.191469
0.00941009
0.0915164
0.284732
0.116779
0.0782157
0.124041
0.104625
0.00598207
0.00183622
0.0317063
0.421806
0.415063
0.0461372
0.0132573
0.00769012
0.0631715
0.0135456
0.0460112
0.329527
0.167457
0.0726769
0.066289
0.0762482
0.0703014
0.176489
0.134632
0.158354
0.0551296
0.0522789
0.11387
0.114138
0.315528
0.283925
0.126243
0.164179
0.0468376
0.0183315
0.176535
0.320969
0.155137
0.142556
0.115449
0.187016
0.0352844
0.0351502
0.0717247
0.099889
0.377968
0.178096
0.110992
0.224312
0.0667223
0.089549
0.230033
0.216328
0.146071
0.166408
0.0404955
0.0440769
0.020845
0.0196979
0.118593
0.130286
0.121727
0.436805
0.0756029
0.170461
0.0808393
0.0542603
0.223579
0.0639382
0.121253
0.0424386
0.0184888
0.0497476
0.0220206
0.11634
0.339716
0.136211
0.0591015
0.0607629
0.0209146
0.109315
0.0637246
0.361445
0.478425
0.117676
0.153865
0.390188
0.0266449
0.071138
0.0269422
0.0218643
0.195395
0.0392562
0.233826
0.358268
0.0570373
0.0639378
0.0524784
0.00934738
0.127315
0.0470854
0.0398082
0.0565869
0.0125635
0.0463668
0.0202406
0.14733
0.45415
0.103081
0.0515591
0.0448572
0.059995
0.113996
0.0693206
0.0429317
0.45415
0.201477
0.119207
0.189376
0.162564
0.124986
0.162283
0.0189324
0.0645629
0.0405054
0.359265
0.235712
0.142808
0.0838073
0.161605
0.0623195
0.120937
0.194764
0.125961
0.105164
0.1627
0.142077
0.138848
0.0579967
0.326905
0.149312
0.379315
0.16783
0.132562
0.0821422
0.107459
0.0850153
0.140675
0.283805
0.347091
0.193694
0.0724935
0.0349622
0.048703
0.0658035
0.0558932
0.217263
0.185385
0.185677
0.189053
0.108096
0.0485975
0.112171
0.0871352
0.143984
0.305147
0.0690373
0.0651335
0.040184
0.0392557
0.0429307
0.0787323
0.33051
0.166807
0.301317
0.394735
0.0969906
0.0543462
0.0401075
0.117295
0.229699
0.0954577
0.128455
0.0821845
0.080291
0.0379632
0.0779945
0.0912773
0.0909375
0.0575136
0.0671498
0.0575444
0.416259
0.24517
0.0384729
0.0472935
0.0479932
0.136003
0.375935
0.206474
0.144002
0.132281
0.0299752
0.0918
0.0767728
0.0772473
0.164626
0.0381001
0.416259
0.416259
0.0193215
0.0861363
0.0239256
0.0127527
0.00931315
0.0294918
0.454799
0.309405
0.0777848
0.0377899
0.0174693
0.142558
0.0284235
0.0249243
0.17491
0.123392
0.0984767
0.103709
0.184325
0.023843
0.0379246
0.062935
0.454799
0.32169
0.0479868
0.0339873
0.0213169
0.21492
0.0778972
0.0905118
0.147541
0.108129
0.0697934
0.135632
0.29013
0.180975
0.0832893
0.092433
0.0785467
0.0494179
0.0394713
0.0165993
0.0736564
0.285649
0.145615
0.17199
0.0768
0.0655295
0.103352
0.0968236
0.138656
0.189279
0.0597364
0.137476
0.133755
0.129737
0.0760636
0.00723755
0.101475
0.249873
0.330949
0.545671
0.231781
0.125323
0.0775124
0.0892862
0.120494
0.128267
0.0433348
0.0589082
0.0173179
0.00896394
0.139449
0.244462
0.139295
0.0393133
0.0374971
0.0396637
0.0173301
0.00329478
0.384618
0.545052
0.158963
0.151543
0.147309
0.191152
0.0669021
0.0284477
0.0438618
0.218056
0.137888
0.0618777
0.151843
0.18403
0.0846659
0.0693956
0.0826183
0.295313
0.169057
0.00732811
0.0245123
0.0197386
0.00953697
0.000680336
0.14874
0.500949
0.0923314
0.0124066
0.010189
0.0114491
0.0460227
0.019092
0.12501
0.500949
0.185091
0.0123755
0.089813
0.0940418
0.0459157
0.0311753
0.052975
0.207024
0.0583591
0.0109881
0.0336946
0.0198684
0.0291862
0.0299073
0.165576
0.500949
0.114509
0.0457954
0.0189869
0.0182368
0.0343518
0.0272758
0.11241
0.445205
0.106539
0.0730218
0.0327679
0.0213468
0.0211944
0.031673
0.115503
0.445205
0.104641
0.00293127
0.00460628
0.000389895
0.00670024
0.0193818
0.163361
0.445205
0.0898914
0.00199179
0
0
0
0.0213939
0.203627
0.445205
0.157155
0.0424522
0.0174599
0.0391493
0.0473169
0.0641482
0.0515881
0.213112
0.0849887
0.0358477
0.170242
0.369173
0.0966138
0.141472
0.129656
0.0933392
0.0505206
0.0289495
0.00426038
0.018256
0.0219255
0.0708928
0.147028
0.439182
0.0969806
0.0378649
0.0329852
0.155233
0.0493401
0.164526
0.42396
0.439182
0.0891403
0.0338759
0.185779
0.198475
0.177491
0.151482
0.084426
0.0439438
0.0111219
0.0188531
0.0602635
0.0136693
0.390144
0.341404
0.0181126
0.0218385
0.00334461
0.0109514
0.0427124
0.108021
0.230663
0.120119
0.252885
0.370703
0.0685733
0.011763
0.0345752
0.0467188
0.390144
0.311525
0.033621
0.077633
0.0408105
0.00872237
0.0237325
0.047686
0.470926
0.33098
0.0128385
0.00441634
0.00497102
0.0771127
0.0600128
0.10003
0.167818
0.16452
0.0322716
0.0793279
0.113998
0.00540143
0.0085524
0.0246698
0.470926
0.383686
0.0176122
0.00182105
0.00655871
0.0515053
0.0252227
0.0478285
0.272064
0.258426
0.0338835
0.0564737
0.0559973
0.102985
0.109292
0.133642
0.132348
0.14134
0.0890857
0.00871093
0.0728636
0.128404
0.193736
0.306172
0.278501
0.21021
0.100433
0.0302925
0.0772
0.0936837
0.284236
0.342815
0.131956
0.138315
0.0656531
0.010678
0.0358182
0.0867255
0.145174
0.286728
0.27578
0.308449
0.118942
0.0393789
0.0474707
0.118849
0.137269
0.193326
0.133419
0.115904
0.0369984
0.128422
0.0952408
0.0601495
0.114401
0.232797
0.141253
0.25296
0.104333
0.129837
0.0874133
0.0665685
0.0576797
0.107366
0.13966
0.264025
0.103459
0.103849
0.109204
0.0256612
0.0344543
0.0848945
0.187078
0.562511
0.295461
0.0984703
0.12096
0.0490918
0.126085
0.122042
0.111736
0.150383
0.0682727
0.0892259
0.0389286
0.0447661
0.0870508
0.0270132
0.137642
0.162594
0.112432
0.473816
0.117492
0.0301511
0.0750412
0.0452551
0.199846
0.396749
0.222867
0.0395944
0.0363817
0.0214938
0.155073
0.140303
0.338714
0.324535
0.119049
0.0818113
0.0407315
0.0081768
0.020407
0.00453042
0.0311198
0.0456323
0.171755
0.452939
0.0903387
0.00131433
0.00378316
0.000146844
0.00379774
0.0177539
0.348985
0.542397
0.168994
0.00816367
0.09505
0.0650418
0.0994629
0.067496
0.0900651
0.116323
0.031044
0.0273959
0.0434025
0.0190081
0.0264547
0.057841
0.272167
0.349741
0.0376316
0.00835748
0.000825974
0
0
0.0114328
0.178682
0.459982
0.0842073
0.0116092
0.000923846
0.000799923
0.00361879
0.0236311
0.290202
0.459982
0.140787
0.0196147
0.00334548
0.00403327
0.00197168
0.0178081
0.156408
0.279834
0.0578298
0.009581
0.00254035
0.00233716
0.000221918
0.00448043
0.210103
0.459982
0.157163
0.0244006
0.048663
0.0245908
0.0898862
0.0306684
0.16982
0.420978
0.130695
0.0458019
0.102103
0.0504282
0.420978
0.195727
0.0263337
0.178884
0.0867946
0.0315018
0.0264177
0.00259681
0.0104726
0.00449314
0.138079
0.420978
0.110046
0.107066
0.0988835
0.0601127
0.208721
0.0946219
0.0554803
0.382225
0.122557
0.0156104
0.0344444
0.0324347
0.486659
0.276324
0.018918
0.0130547
0.0123769
0.0662039
0.0103189
0.0326128
0.318289
0.17732
0.0403713
0.020897
0.0913369
0.0554906
0.0577067
0.0964965
0.466831
0.249013
0.0393298
0.0850003
0.058017
0.122647
0.0283471
0.0428999
0.318427
0.183608
0.112962
0.0304424
0.112161
0.124033
0.187432
0.246717
0.110745
0.0556974
0.025951
0.0685821
0.0949571
0.0422823
0.0949968
0.333562
0.265783
0.110676
0.0352838
0.0709
0.061278
0.075849
0.111854
0.196546
0.286461
0.226249
0.051359
0.163222
0.150782
0.0413202
0.0250921
0.308043
0.338982
0.143194
0.0213717
0.264972
0.130785
0.0512668
0.0525421
0.15401
0.158081
0.150365
0.0682514
0.0814483
0.0850932
0.0272642
0.0249887
0.0672739
0.263139
0.473875
0.188139
0.0880609
0.123274
0.0688963
0.0405865
0.216685
0.165983
0.0879912
0.0206903
0.16305
0.104222
0.0444836
0.0297999
0.0963684
0.287355
0.452574
0.174558
0.0666374
0.0859786
0.0220014
0.0685967
0.0631904
0.149509
0.276014
0.129912
0.03106
0.0576788
0.0309554
0.217286
0.248096
0.189359
0.147171
0.0783686
0.0144406
0.0394414
0.0292495
0.0590749
0.0729213
0.270064
0.410809
0.193082
0.0208343
0.0379422
0.0485614
0.222789
0.336874
0.311572
0.257607
0.119658
0.00993046
0.0266435
0.0412009
0.259565
0.261333
0.15141
0.109221
0.090759
0.0306298
0.0345667
0.125698
0.131334
0.0865383
0.0964232
0.156774
0.185287
0.107581
0.0408453
0.0736288
0.258157
0.434684
0.124848
0.155106
0.176076
0.00895958
0.0299953
0.231457
0.149185
0.26243
0.147236
0.229638
0.202313
0.0393558
0.0989971
0.0991808
0.0330439
0.0389736
0.0350849
0.0856999
0.140415
0.171734
0.073234
0.0901518
0.0335134
0.0212916
0.00397162
0.0378905
0.26327
0.626401
0.216538
0.231659
0.0775697
0.0910703
0.112236
0.110338
0.080893
0.133237
0.0910745
0.27444
0.0758096
0.0855308
0.0392589
0.0462382
0.124253
0.268616
0.141529
0.0405142
0.0124007
0.00108978
5.98051e-005
0.00194222
0.155747
0.486465
0.0728899
0.118928
0.0440729
0.0651556
0.0635346
0.0331197
0.133182
0.505803
0.212798
0.109675
0.0323558
0.0652899
0.01567
0.026364
0.077771
0.146001
0.103574
0.228992
0.115225
0.0824901
0.0581752
0.0367885
0.16232
0.322803
0.271185
0.138146
0.0631158
0.166838
0.266293
0.11998
0.0457303
0.196803
0.215994
0.140904
0.0801848
0.103253
0.235852
0.103709
0.102039
0.019046
0.0685314
0.367257
0.146991
0.0935037
0.119625
0.0635202
0.157402
0.219843
0.369118
0.209382
0.067974
0.0557008
0.0982513
0.219004
0.22111
0.115567
0.185014