0.222663
0.0791067
0.182724
0.0561575
0.0160298
0.0149892
0.0402958
0.186507
0.0826773
0.0225649
0.212211
0.266428
0.0444533
0.0955655
0.21551
0.346176
0.277022
0.0803788
0.0432593
0.0427478
0.0181871
0.0165663
0.0312452
0.204833
0.139454
0.0226071
0.0289866
0.0673414
0.0274617
0.0653269
0.264308
0.535271
0.104702
0.0268365
0.135551
0.151653
0.032781
0.0625466
0.134057
0.197012
0.266887
0.0298042
0.0253414
0.0382214
0.0127295
0.0323482
0.153997
0.424118
0.134105
0.00617826
0.00231091
0.0237849
0.0142894
0.0299426
0.174144
0.42543
0.372482
0.0254832
0.00330586
0.0020456
0.00319073
0.00872065
0.0936151
0.429423
0.182975
0.0336348
0.00565993
0.00267624
0.0160318
0.0434889
0.146756
0.350129
0.0917714
0.0293454
0.0111266
0.0563669
0.0634522
0.117246
0.215084
0.337244
0.231708
0.0240327
0.00215318
0
0.00370674
0.0275376
0.117036
0.456942
0.148891
0.0201866
0.00206336
0.00893568
0.00931444
0.0629753
0.265527
0.456942
0.123552
0.00254675
0.00501783
0.0420412
0.0333123
0.0388105
0.0698702
0.25187
0.269239
0
0
0.00402086
0.00402086
0
0.00241376
0.299063
0.275984
0.00768385
0.00139266
0.00787985
0.00487403
0.0240094
0.0960459
0.454063
0.454063
0.0145494
0.00783404
0.00655178
0.0067725
0.0108534
0.00524387
0.454063
0.198778
0
0
0
0
0
0
0.24775
0.188297
0
0
0
0
0
0.00162769
0.32827
0.414389
0.0375154
0.0215531
0.00553795
0.00405005
0.0111752
0.00654868
0.432938
0.395146
0.0605171
0.0410556
0.0422372
0.0300129
0.00904438
0.0115187
0.432938
0.158122
0.0124541
0.000157104
0.000120225
0.000120225
0
0.00479502
0.229443
0.318116
0.0564905
0.000628418
0.000180337
0.000180337
0.000506583
0.0402495
0.168421
0.389572
0.115018
0.0450692
0.0290908
0.0321973
0.0013092
0.0208055
0.442112
0.442112
0.234098
0.0212199
0.00671758
0.0508932
0.0416326
0.130304
0.327426
0.175399
0.0214834
0.000208761
0.00015952
0.00015952
0.00185506
0.0988343
0.209699
0.117029
0
0
0.000198903
0.000198903
0.00123671
0.0573887
0.263558
0.358359
0.101602
0.0049878
0.0312987
0.0707451
0.102389
0.27392
0.359491
0.420215
0.0817682
0.0107628
0.0393233
0.0190029
0.0524864
0.147641
0.462117
0.209173
0.0703381
0.0352256
0.0236053
0.00600876
0.00756854
0.0157032
0.203551
0.20899
0.0115102
0.0118748
0.0082717
0.0039313
0.00355946
0.0467877
0.458207
0.310055
0.119074
0.281256
0.0778943
0.0105615
0.0111228
0.0151528
0.279346
0.33623
0.026398
0.0172238
0.00196282
0.0067989
0.0358893
0.0832079
0.458207
0.124412
0.00373922
0.0010645
0.000370857
0.00477835
0
0.0611696
0.416499
0.168165
0.025222
0.00502542
0.000187386
0.00354606
0.0130221
0.0635704
0.435001
0.180527
0.00843786
0.0058223
0.00829367
0.00694186
0.0200718
0.0835366
0.470383
0.186746
0.0545683
0.0507378
0.0222586
0.003797
0.0144664
0.120562
0.470383
0.185473
0.0252857
0.00275106
0
0.000197346
0.00885135
0.0264857
0.218346
0.341433
0.0392199
0
0
0
0.00919849
0.0484179
0.313377
0.400932
0.144251
0.053952
0.0116397
0.00822774
0.0122852
0.0393582
0.30284
0.437653
0.360092
0.0776163
0.00792317
0.0119953
0.009408
0.0170033
0.22038
0.235104
0.0321358
0.000417664
0.00502218
0.00565317
0.00739187
0.0375922
0.328505
0.176761
0.106948
0.0413297
0.0289655
0.0226127
0.0147386
0.0251896
0.280899
0.390279
0.342396
0.184944
0.0163291
0.0159973
0.00226675
0.0729849
0.282286
0.0991955
0.390279
0.276758
0.0643086
0.0577297
0.00587991
0.0858612
0.164873
0.135158
0.216162
0.0772491
0.0179443
0.0102163
0.0134414
0.0107465
0.17167
0.203767
0.346986
0.1169
0.0328452
0.0230769
0.00695422
0.00676736
0.189216
0.0760686
0.514364
0.159195
0.0397226
0.0218867
0.00632362
0.0146679
0.019271
0.243326
0.514364
0.110258
0.000308295
0
0.00363325
0.00390343
0.0251201
0.265541
0.26343
0.0954733
0.0219775
0.0293908
0.00975563
0.0221829
0.143539
0.30793
0.171069
0.03715
0.0455164
0.143184
0.0715997
0.0805639
0.126734
0.294912
0.433985
0.058361
0.0280762
0.0829778
0.0221425
0.0449541
0.0547066
0.171949
0.0986097
0.0285825
0.271219
0.433985
0.0681387
0.0828764
0.0661361
0.101682
0.0504022
0.0161012
0.123348
0.163092
0.0982907
0.086705
0.0866804
0.206449
0.0647388
0.0339255
0.113034
0.0730196
0.0566498
0.0536148
0.295177
0.0862588
0.0205085
0.0863196
0.362157
0.374281
0.0624963
0.0412592
0.0544432
0.415623
0.0335502
0.104425
0.189366
0.121294
0.063749
0.0606887
0.425186
0.173767
0.0970337
0.468926
0.167153
0.0505665
0.053007
0.0683742
0.158569
0.221514
0.0452422
0.0336191
0.0110897
0.0401731
0.0982429
0.222087
0.414327
0.0872229
0.0783637
0.106548
0.0750787
0.0702011
0.101929
0.178124
0.154041
0.181818
0.171651
0.0302212
0.0664993
0.0428009
0.0853633
0.278861
0.2612
0.0804082
0.0184275
0.0223895
0.0266021
0.0203022
0.0631009
0.130449
0.236214
0.154051
0.162282
0.148111
0.0818144
0.0114695
0.0397068
0.106633
0.292325
0.0816582
0.38915
0.0484958
0.0524078
0.0124714
0.0510665
0.134266
0.15654
0.218803
0.618235
0.155142
0.0737017
0.00854979
0.0328304
0.0469263
0.0723636
0.184683
0.207997
0.0888581
0.0265724
0.0113211
0.0204095
0.0190676
0.0706498
0.419483
0.419483
0.10344
0.00796079
0.0150866
0.0154965
0.00777349
0.0630125
0.193885
0.419483
0.0768497
0.0197135
0.00417773
0.0124848
0.00200768
0.00686511
0.309871
0.419483
0.0791605
0.016104
0.0221189
0.00864878
0.00197015
0.0164135
0.225342
0.39756
0.195952
0.0136533
0.00653668
0.00185412
0.0206727
0.0607333
0.0752847
0.39756
0.264539
0.0308792
0.0165195
0.0164606
0.023861
0.0332749
0.225407
0.39756
0.0741161
0.0524586
0.0506806
0.0100237
0.00509868
0.00513353
0.253662
0.39756
0.129247
0.0671235
0.0393392
0.0802442
0.0266964
0.00681058
0.10558
0.438669
0.120329
0.0142926
0.005959
0.0136025
0.00434112
0.00737837
0.224018
0.438669
0.0576758
0.00633862
0
0.0102952
0.00681063
0.0201981
0.248107
0.420819
0.0926191
0.0476421
0.0200307
0.0599276
0.040566
0.0154115
0.167863
0.406671
0.134389
0.109068
0.0492164
0.0262016
0.0871945
0.0438281
0.170619
0.277929
0.0502607
0.0726563
0.0734845
0.0229235
0.0188421
0.0607521
0.0538934
0.0259547
0.0347126
0.351907
0.442749
0.0223963
0.020599
0.0461077
0.0626309
0.15131
0.170838
0.153062
0.0773559
0.0508685
0.074967
0.0801229
0.0104482
0.0101541
0.0846591
0.442749
0.442749
0.0427464
0.0308125
0.0461898
0.0475688
0.009125
0.0611404
0.300713
0.390394
0.0118911
0.00828257
0.0193473
0.253916
0.0138989
0.0855211
0.162711
0.178406
0.0173665
0.0228547
0.241559
0.00344847
0.000104458
0.0156519
0.3778
0.397772
0.0285562
0.00606337
0.00175583
0.0351907
0.000156687
0.0275112
0.234151
0.397772
0.0465876
0.0353385
0.0335322
0.167092
0.0990611
0.0513657
0.0120525
0.0477901
0.0421587
0.0571546
0.095222
0.172381
0.422069
0.0783218
0.0482387
0.0270006
0.0551501
0.0804319
0.144007
0.219794
0.122291
0.069466
0.0170867
0.0879565
0.0377472
0.146947
0.156067
0.1998
0.476822
0.164005
0.0578673
0.0481768
0.150973
0.295545
0.329253
0.0783745
0.431863
0.0491111
0.0324739
0.00879451
0.0234061
0.0312623
0.0636791
0.106141
0.437846
0.132574
0.0420818
0.0146801
0.0283437
0.0366819
0.0317889
0.0820167
0.264433
0.0699772
0.0504516
0.024165
0.148354
0.204432
0.148826
0.0512742
0.267558
0.146386
0.0754114
0.04412
0.231076
0.437846
0.101061
0.175705
0.435376
0.0906528
0.0114684
0.00297589
0.0101377
0.0303777
0.0133298
0.192618
0.435376
0.0688757
0.062651
0.0332883
0
0.00704486
0.0150767
0.0881962
0.210428
0.081301
0.0168389
0.00903213
0.0687979
0.435376
0.136991
0.114489
0.166538
0.0756463
0.106288
0.0421606
0.0256984
0.363224
0.161008
0.157164
0.315181
0.0692307
0.194157
0.0867363
0.0304916
0.013684
0.0219299
0.410938
0.266212
0.0540135
0.181752
0.0831739
0.0816615
0.0474442
0.0774554
0.161087
0.176964
0.16002
0.186825
0.0516306
0.0716539
0.157068
0.0778576
0.443158
0.229509
0.145848
0.121553
0.0389666
0.0622991
0.0569326
0.18149
0.289833
0.256091
0.0691542
0.102519
0.043038
0.0368729
0.0572183
0.0747836
0.122017
0.211121
0.152653
0.115696
0.0622264
0.0173637
0.152577
0.154712
0.368928
0.178929
0.0947662
0.0811736
0.0333269
0.018153
0.0382049
0.224791
0.221843
0.376354
0.368702
0.100411
0.0551083
0.0230785
0.0805602
0.216364
0.0611289
0.0757649
0.108914
0.09226
0.0715835
0.0256606
0.115393
0.141119
0.0161052
0.0194443
0.0579955
0.373448
0.416396
0.037647
0.0491649
0.0636868
0.204255
0.314962
0.203686
0.0806849
0.110954
0.0500087
0.05203
0.128263
0.0918451
0.0884665
0.0601974
0.356997
0.425483
0.0667364
0.0291851
0.0879549
0.000115888
0.00157204
0.0161102
0.28351
0.41481
0.12946
0.0452477
0.00990084
0.0263989
0.00858704
0.0303919
0.12738
0.333156
0.174276
0.162388
0.143112
0.00667504
0.0732144
0.145187
0.275689
0.308041
0.116886
0.0547612
0.0200982
0.196292
0.268728
0.22809
0.123381
0.0987258
0.137981
0.168722
0.177517
0.040616
0.0838289
0.112988
0.0220908
0.0293175
0.0376557
0.0819422
0.0579078
0.066555
0.235096
0.351194
0.0817489
0.0276915
0.0758997
0.175085
0.155418
0.0906388
0.200273
0.343432
0.0562412
0.00900469
0.0171049
0.0316567
0.018103
0.0256284
0.37687
0.570019
0.137836
0.0150183
0.0130855
0.0175674
0.00512544
0.0527685
0.131091
0.277703
0.0816128
0.0292477
0.15805
0.215283
0.13373
0.0220149
0.0401012
0.132439
0.0393289
0.045063
0.264943
0.491231
0.14234
0.0293863
0.18834
0.491231
0.10215
0.0148404
0.0333045
0.033037
0.0276185
0.0377671
0.0454604
0.183993
0.0315094
0.0345946
0.11142
0.227247
0.0885382
0.00933145
0.00711978
0.0124126
0.00366648
0.0117325
0.0662557
0.440186
0.140585
0.0363521
0.017164
0.0152293
0.0319278
0.0170776
0.0422332
0.440186
0.213219
0.00543213
0.0194422
0.0384932
0.0695409
0.045714
0.0717337
0.318382
0.0682377
0.0367034
0.0739945
0.0780517
0.134303
0.0669632
0.0395513
0.440186
0.378402
0.0637119
0.052096
0.0450006
0.0229741
0.0100192
0.0311012
0.382388
0.10152
0.130709
0.0638803
0.0606821
0.00487363
0.000745298
0.0120114
0.280093
0.119547
0.0281111
0.0299511
0.0255831
0.0277921
0.0128986
0.0176656
0.464362
0.366019
0.0145134
0.00677688
0.00197037
0.000283937
0.000496865
0.0341327
0.464362
0.314912
0.091809
0.0355187
0.0544545
0.0589278
0.0579743
0.0158178
0.102408
0.117014
0.0568334
0.181994
0.357596
0.142578
0.145566
0.0821196
0.0899531
0.0490892
0.0228123
0.0106308
0.0202088
0.0494241
0.0824427
0.083947
0.459702
0.226316
0.0185672
0.0359998
0.162096
0.10797
0.187652
0.286262
0.459702
0.199292
0.0686595
0.191156
0.209621
0.107796
0.191112
0.081235
0.0557294
0.0170837
0.0365738
0.0462373
0.0279453
0.254806
0.41823
0.0481955
0.0105399
0.0202012
0.0247232
0.067814
0.129228
0.083844
0.219724
0.189496
0.394011
0.162838
0.0279191
0.0521414
0.0615537
0.279508
0.41823
0.0484577
0.0518954
0.0898892
0.00375825
0.0470303
0.0883167
0.272388
0.313213
0.0179352
0.00779131
0.00611816
0.11294
0.178269
0.142867
0.219051
0.166458
0.0121644
0.0234519
0.03168
0.00310877
0.00705836
0.0170528
0.392625
0.409446
0.0111244
0.00253118
0.00527015
0.0108678
0.0176242
0.0316164
0.377438
0.409446
0.0123375
0.0172344
0.0100369
0.0611096
0.149433
0.349601
0.0768418
0.0186761
0.0018239
0.00694135
0.00521747
0.00990847
0.165779
0.487069
0.0873355
0.00477967
0.000379458
0.00233948
0.000468299
0.00802198
0.134299
0.487069
0.125428
0.0271478
0.000698055
0.000559305
0.000790169
0.00210008
0.0842754
0.487069
0.0925956
0.0078909
0.00191615
0.00107968
0.00159687
0.00913014
0.117285
0.601621
0.0742234
0.000925608
0.00308245
0.00851583
0.0121742
0.0359974
0.140298
0.206102
0.0333874
0.0130013
0.0291071
0.0827568
0.0257184
0.00228511
0.0830099
0.305952
0.0776233
0.00250635
0.00315291
0.00114924
0.00192697
0.0262692
0.326682
0.510314
0.108176
0.00545924
0.00209444
0
0
0.0104592
0.118877
0.139232
0.171654
0.0709746
0.0255152
0.096994
0.011645
0.0286109
0.129835
0.158072
0.377981
0.237781
0.0439389
0.259934
0.239053
0.0134438
0.212388
0.228637
0.140944
0.0802154
0.017294
0.000263496
0
0.00372465
0.0841706
0.0974515
0.302207
0.447312
0.273757
0.0341572
0.0211298
0.0186836
0.0348632
0.0373291
0.0779211
0.0640618
0.0215935
0.447731
0.300202
0.0131467
0.000452193
0
0
0.000673461
0.0281597
0.462758
0.324219
0.00671419
0.00694778
0.013213
0.0807375
0.214223
0.130553
0.092808
0.0701767
0.0100286
0.00219211
0.000569715
0.00632755
0.0253414
0.00793169
0.462758
0.177734
0.0104899
0.000938863
0
0.00617195
0.0160803
0.0554851
0.437839
0.159024
0.0078578
0.00163428
0.0101843
0.0152734
0.0299172
0.14176
0.437839
0.21878
0.00298468
0.00574014
0.0053263
0.00629708
0.00513777
0.0297296
0.437839
0.137466
0.00910296
0.0076045
0.0235315
0.0139182
0.00770665
0.0667152
0.437839
0.257946
0.0371237
0.0167832
0.0301453
0.0160678
0.0344781
0.11274
0.35121
0.231329
0.0814952
0.0264054
0.0675789
0.178177
0.199995
0.0407406
0.0734469
0.160543
0.0406357
0.00278755
0.0168298
0.00845908
0.0016607
0.0547652
0.389722
0.386239
0.166033
0.0270665
0.0688761
0.122904
0.0554581
0.0267104
0.376085
0.389722
0.0201131
0.0055546
0.0251223
0.305019
0.368428
0.0104626
0.00373999
0.0150083
0.00219131
0.00496016
0.00651277
0.294368
0.369285
0.00397989
0.0034252
0.00221541
0.0868644
0.0323796
0.0732341
0.369285
0.261125
0.00852292
0.0788496
0.103738
0.0111736
0.0166048
0.0367967
0.369285
0.369285
0.00177953
0.00171403
0.00489355
0
0.177374
0.556211
0.11385
0.0096758
0.00526644
0.00376607
0.00390821
0.000160064
0.0600913
0.369291
0.0643028
0.00634596
0.00766981
0.00391188
0.00391141
0.00775747
0.180385
0.459762
0.0822873
0.00723843
0.0137757
0.00637898
0.00498142
0.0129746
0.199362
0.389884
0.0616799
0.00634199
0.00895179
0.00421507
0.00565926
0.00551033
0.179723
0.263495
0.0419019
0.00183308
0.00302432
0.00270862
0.00557219
0.0346353
0.29015
0.408182
0.0961783
0.00621243
0.010251
0.00907156
0.0155644
0.0482876
0.366521
0.509136
0.0686576
0.0086593
0.00588796
0.018479
0.0306778
0.0904932
0.279279
0.267019
0.0787844
0.0371857
0.0430036
0.0457517
0.0577299
0.0153696
0.0958819
0.151941
0.0771331
0.0660251
0.0424358
0.0102873
0.0137668
0.00264201
0.022504
0.0254472
0.168507
0.587415
0.301093
0.0111003
0.0123701
0.0421435
0.0728909
0.0658302
0.0535968
0.0439102
0.060214
0.0343975
0.0359353
0.0135705
0.016147
0.0168536
0.132368
0.587415
0.20713
0.0452841
0.0327446
0.00263994
0.000631921
0.00208624
0.137562
0.57504
0.188858
0.00646514
0.00563052
0.0071032
0.0223256
0.0153864
0.0567497
0.101665
0.00371318
0.0691321
0.0411866
0.00568343
0.00284293
0.00144871
0.188617
0.634445
0.115678
0.0126353
0.00963589
0.0319019
0.0281247
0.0254646
0.155093
0.228908
0.00196456
0.0153504
0.0214841
0.0105515
0.0949901
0.0800628
0.0645205
0.00538735
0.0116726
0.300067
0.091147
0.052918
0.128461
0.160441
0.0543694
0.000204456
0.0197687
0.684066
0.394791
0.0807475
0.115666
0.127459
0.128167
0.0292751
0.00317248
0.0266755
0.0331371
0.0781725
0.148854
0.219966
0.0652621
0.0142935
0.0115645
0.0215597
0.073359
0.0383884
0.0191558
0.0269701
0.00391119
0
0.0091931
0.456857
0.37626
0.134108
0.031387
0.0303497
0.0358081
0.0146465
0.00631584
0.456857
0.456857
0.0180569
0.0189002
0.0289364
0.00480352
0.00315358
0.00211425
0.0548945
0.0933763
0.0573379
0.0133226
0.00483335
0.00572558
0.00194067
0.000448689
0.232143
0.303821
0.185308
0.105192
0.115631
0.327737
0.128732
0.00170503
0.278419
0.35989
0.069948
0.0802167
0.106998
0.47821
0.255272
0.000679405
0.0106152
0.0550677
0.151946
0.0792259
0.0468723
0.0636837
0.0100439
0.00164155
0.157064
0.297702
0.100195
0.0776233
0.0830579
0.23407
0.0981018
0.00731174
0.0143639
0.0808064