0.160185
0.052573
0.054761
0.0732818
0.0841832
0.0842064
0.194819
0.12513
0.210946
0.0747576
0.00981121
0.0434458
0.111007
0.23872
0.273784
0.244279
0.135763
0.0520622
0.0502359
0.177835
0.0590711
0.0766688
0.234483
0.118425
0.29289
0.0604788
0.0298355
0.0579194
0.187239
0.295579
0.362839
0.335359
0.210322
0.12636
0.0221351
0.0636055
0.0608145
0.169646
0.177584
0.171062
0.148406
0.0729058
0.101426
0.109011
0.0271996
0.0790725
0.19493
0.217809
0.181084
0.0870893
0.0234
0.0331025
0.18077
0.409022
0.216049
0.255741
0.114231
0.0958921
0.069838
0.107441
0.0788332
0.211082
0.271073
0.367911
0.100812
0.10658
0.118123
0.0850079
0.0506705
0.0584741
0.153721
0.170083
0.115933
0.12358
0.0775587
0.063975
0.114431
0.227467
0.447819
0.268591
0.0817108
0.121384
0.131368
0.190199
0.0636251
0.0306348
0.197478
0.255468
0.142525
0.115831
0.131327
0.205674
0.0758772
0.0463174
0.382824
0.195169
0.19408
0.147059
0.0787608
0.0297124
0.102595
0.173942
0.271571
0.156289
0.395331
0.257076
0.200161
0.0431249
0.114822
0.0486607
0.0816178
0.0769185
0.177388
0.117183
0.116019
0.108661
0.0775246
0.0291689
0.251427
0.159479
0.354794
0.252707
0.209118
0.109774
0.138436
0.0204504
0.0552922
0.141884
0.255269
0.294138
0.287067
0.0516108
0.0455844
0.0166428
0.0436373
0.0519045
0.0758317
0.255413
0.278818
0.0768919
0.0465581
0.0727017
0.137338
0.0507782
0.280731
0.251213
0.202698
0.0863168
0.137139
0.051235
0.0287768
0.121974
0.213569
0.317784
0.271006
0.160476
0.0885426
0.0808689
0.0820975
0.154672
0.104635
0.106537
0.105382
0.0951852
0.0220492
0.0551631
0.0966476
0.050499
0.199418
0.319423
0.155711
0.160094
0.0495319
0.0252656
0.0314875
0.0371291
0.219549
0.380597
0.208231
0.0677301
0.0164967
0.0359012
0.033803
0.0735934
0.366576
0.508027
0.21327
0.0383785
0.0200848
0.0322507
0.0126518
0.0683388
0.223267
0.288385
0.106622
0.110259
0.0723885
0.0407638
0.0184664
0.104716
0.241506
0.256435
0.160585
0.110074
0.0988376
0.100153
0.0354625
0.187969
0.24154
0.350559
0.0969793
0.141014
0.125213
0.109315
0.0370081
0.106761
0.132386
0.275312
0.211741
0.244735
0.20084
0.185853
0.0914145
0.137571
0.148223
0.102135
0.0785758
0.130466
0.0227042
0.0512512
0.118461
0.0927753
0.220934
0.141424
0.111201
0.0697921
0.12234
0.130816
0.28918
0.302686
0.240631
0.269379
0.133686
0.062435
0.0273759
0.0725117
0.147723
0.172636
0.261736
0.333149
0.315739
0.120577
0.0434722
0.0400586
0.17615
0.199258
0.118429
0.0767046
0.0726527
0.052698
0.155967
0.271789
0.179121
0.178078
0.0797587
0.0884527
0.149049
0.173418
0.0953097
0.242158
0.120603
0.179105
0.240933
0.172835
0.217925
0.112536
0.0662786
0.103635
0.171107
0.197388
0.261967
0.157603
0.250485
0.273068
0.08894
0.181517
0.121021
0.25412
0.0936598
0.10721
0.190747
0.222112
0.0531404
0.0677426
0.0565939
0.144321
0.114116
0.150257
0.136117
0.155873
0.0449827
0.0639328
0.0605847
0.101664
0.233159
0.234345
0.208187
0.226378
0.0561302
0.126986
0.0606987
0.132941
0.292678
0.567174
0.171237
0.0222136
0.0209151
0.104358
0.0442752
0.114728
0.0969746
0.160367
0.0594146
0.0781809
0.0385558
0.0260013
0.0334444
0.091688
0.156382
0.280111
0.0871101
0.118475
0.0851684
0.023536
0.0160865
0.132262
0.19926
0.546183
0.102543
0.0110041
0.00878641
0.0169347
0.00521564
0.0509022
0.274107
0.546183
0.100323
0.0493693
0.0036797
0.00611347
0.00236701
0.0438884
0.105883
0.241887
0.0741266
0.0476463
0.0554602
0.0387227
0.00979331
0.0605988
0.221579
0.394054
0.12705
0.0400254
0.0275307
0.0257711
0.00574195
0.0515275
0.234693
0.46763
0.0498696
0.021742
0.000354645
0.00912484
0.00125646
0.0131019
0.380261
0.46763
0.03587
0.00136521
0.00175228
0.00549846
0
0.0123097
0.248025
0.389156
0.0954538
0.0216358
0.00722734
0.00485914
0.00846361
0.028849
0.256927
0.262058
0.0526666
0.0929438
0.083729
0.036349
0.0301117
0.0591031
0.290368
0.445069
0.0162244
0.0342842
0.0345158
0.00836269
0.0101585
0.0256547
0.15685
0.139466
0.00611317
0.405216
0.273719
0.03649
0.040634
0.0397927
0.105799
0.0787676
0.0405912
0.287078
0.167942
0.0557331
0.0210586
0.0355193
0.0545094
0.09577
0.144512
0.298572
0.148804
0.112244
0.0605287
0.0328066
0.0335261
0.0134371
0.0245818
0.534017
0.331258
0.024059
0.0167628
0.0117947
0.111276
0.0944106
0.151173
0.405624
0.186209
0.0404454
0.020645
0.0891857
0.124791
0.148356
0.132034
0.0462512
0.0200891
0.0932261
0.0882739
0.172052
0.115575
0.285154
0.33087
0.114424
0.0199153
0.0307793
0.0436632
0.0982707
0.168107
0.194965
0.294235
0.0748903
0.00568397
0.0722896
0.0400006
0.135677
0.110843
0.437881
0.43852
0.0799366
0.00106077
0.0442984
0.091768
0.161303
0.147983
0.205181
0.211345
0.101686
0.019296
0.019851
0.0420245
0.0987681
0.229612
0.272114
0.132163
0.144598
0.0579998
0.0537369
0.0497849
0.136994
0.139529
0.439125
0.280799
0.0378501
0.00752038
0.00795644
0.0446031
0.0796244
0.291975
0.452039
0.190361
0.0410723
0.0415073
0.0230932
0.0114931
0.0210434
0.163761
0.254546
0.0547432
0.075952
0.032993
0.038141
0.0297147
0.044581
0.25038
0.436079
0.0394485
0.00291494
0.00424209
0.0269385
0.0162965
0.0293488
0.270436
0.436079
0.0641672
0.0186617
0.0162698
0.0114554
0.00970991
0.0136036
0.362182
0.436079
0.0274541
0.0406785
0.028427
0.000329347
0.00326012
0.0421457
0.214545
0.462561
0.0497116
0.0126899
0.00174855
0.00339878
0.00144906
0.0146637
0.203124
0.462561
0.0663614
0.0142625
0.00699419
0.0281992
0.0163259
0.0207799
0.228973
0.348524
0.0895899
0.11489
0.0746007
0
0.0180012
0.0529875
0.235587
0.35904
0.130585
0.0854661
0.0591897
0.0710453
0.0681333
0.0653359
0.214063
0.47333
0.0392139
0.00206344
0.00588754
0.0227286
0.0118284
0.0175629
0.287666
0.47333
0.0629498
0.0113229
0.0114593
0.00344648
0
0.0130372
0.199412
0.307911
0.115608
0.0324405
0.0589603
0.07122
0.0410151
0.0575438
0.179145
0.338743
0.175539
0.0418978
0.104398
0.0610284
0.0363567
0.108331
0.169503
0.268862
0.05423
0.0666182
0.0762743
0.00969069
0.00152845
0.0226741
0.0468313
0.0439607
0.0218006
0.462457
0.332461
0.0160161
0.00611381
0.0153292
0.124528
0.184125
0.104553
0.0991919
0.106349
0.0394218
0.0316923
0.108039
0.0296013
0.0394516
0.0390412
0.483915
0.415354
0.0223332
0.0126921
0.0284936
0.00114117
0.00537111
0.0134485
0.440961
0.237737
0.00407651
0.00192984
0.00061071
0.0576901
0.0611304
0.0950762
0.313715
0.114711
0.002722
0.00364662
0.0272757
0
0.00464365
0.0206683
0.490023
0.288847
0.00190476
0
0
0.00750572
0.0166839
0.0855689
0.455311
0.181539
0.000587517
0.00437119
0.00255722
0.129739
0.0686472
0.165746
0.0749845
0.00759298
0.082192
0.0659799
0.131453
0.0994764
0.177064
0.246369
0.0408539
0.00118221
0.0737766
0.385041
0.154724
0.136267
0.0696484
0.118354
0.11789
0.0131122
0.0915366
0.109197
0.323116
0.121552
0.116955
0.142198
0.061898
0.00212713
0.0852951
0.433998
0.410351
0.0629414
0.194889
0.141322
0.0141271
0.0205179
0.0353951
0.340052
0.0617127
0.111953
0.271616
0.115557
0.0163256
0.0801339
0.0829255
0.207457
0.0172225
0.0340831
0.100895
0.152278
0.0889587
0.0317647
0.145811
0.473065
0.131335
0.00643
0.0462641
0.0651227
0.0584222
0.0839353
0.234374
0.473065
0.110016
0.153721
0.31372
0.0507858
0.00763341
0.032824
0.0630578
0.187899
0.0395131
0.182271
0.293403
0.0317719
0.128638
0.0618947
0.0106132
0.0788184
0.0646511
0.0202493
0.0286245
0.00992823
0.0123706
0.0307474
0.158274
0.495862
0.139837
0.066415
0.0766171
0.0265343
0.148485
0.0836431
0.118464
0.495862
0.200915
0.16079
0.229588
0.0833393
0.207613
0.14641
0.000425687
0.049982
0.0728362
0.389576
0.249914
0.107164
0.10973
0.0845999
0.0218952
0.0782094
0.160867
0.148708
0.167557
0.08662
0.183035
0.110456
0.0620125
0.348623
0.197515
0.354955
0.133422
0.0694483
0.0847997
0.0441227
0.0156034
0.142631
0.261724
0.289802
0.183693
0.132231
0.0492898
0.0444775
0.0384743
0.0762791
0.156207
0.165549
0.154823
0.141685
0.0635557
0.0945895
0.0826219
0.118266
0.265962
0.229708
0.0805572
0.117904
0.0623345
0.0196719
0.0189318
0.138378
0.217821
0.127328
0.441885
0.381037
0.163884
0.0386701
0.0421612
0.169642
0.189026
0.0769564
0.0648043
0.0408682
0.076402
0.0978336
0.0492929
0.0519186
0.14848
0.0182182
0.0173086
0.0135402
0.48629
0.30915
0.0319021
0.0210593
0.0313199
0.0587393
0.249884
0.123091
0.220095
0.15785
0.0175541
0.0732518
0.081419
0.0134063
0.0337792
0.0139611
0.48629
0.394296
0.0118719
0.0390976
0.0210698
0
0.00182489
0.0176453
0.456053
0.226669
0.00380608
0
0
0.00244357
0.00921628
0.0686639
0.351179
0.162514
0.00468947
0.00293333
0.00381914
0
0.000118581
0.018814
0.492123
0.294131
0.0127524
0
0
0.000707759
0.00591949
0.0924485
0.399106
0.197835
0.0289185
0.00728934
0.000954785
0.146742
0.0927628
0.13571
0.0864266
0.0123301
0.0449633
0.0596505
0.34353
0.17261
0.204642
0.220918
0.103848
0.0259518
0.0401501
0.313928
0.404562
0.115304
0.140215
0.176445
0.137132
0.0679971
0.117891
0.06694
0.239764
0.219881
0.187127
0.255448
0.170546
0.0845676
0.0786333
0.0747459
0.127983
0.0921016
0.199595
0.221055
0.116013
0.0944056
0.118293
0.322166
0.204117
0.0169161
0.0742976
0.0854789
0.109116
0.122424
0.20443
0.483679
0.17071
0.191871
0.197869
0.149347
0.0776956
0.16622
0.086241
0.0852554
0.129216
0.182944
0.179992
0.0923869
0.103159
0.159043
0.142054
0.119799
0.134312
0.00948667
0.012932
0.00624667
0.0386163
0.0329724
0.140627
0.448185
0.1091
0.0185948
0.00747141
0.00571351
0.0410207
0.0257899
0.16271
0.494855
0.17048
0.101114
0.0599706
0.0149368
0.0897463
0.0695821
0.103133
0.196054
0.109491
0.030504
0.0592113
0.0137564
0.105837
0.0853227
0.203211
0.494855
0.123362
0.0386675
0.0196652
0.0176459
0.0233078
0.0130068
0.0897565
0.470138
0.110011
0.055412
0.0157954
0.0132929
0.0195629
0.00899064
0.044472
0.377541
0.0992574
0.0108793
0.0159485
0.00502584
0.0342343
0.026229
0.137661
0.494761
0.11477
0.0107488
0.000406429
0.000865798
0.0127372
0.0056467
0.0997105
0.494761
0.120431
0.0251933
0.0308928
0.0703524
0.082661
0.0451668
0.0590072
0.185742
0.0586983
0.0143959
0.23466
0.255049
0.156623
0.0723508
0.0930935
0.126279
0.0382487
0.00304428
0.0116014
0.0219637
0.0622265
0.0475942
0.161401
0.524192
0.0592886
0.00792139
0.0533604
0.0695903
0.114839
0.0836944
0.312131
0.524192
0.063319
0.00931728
0.139585
0.0912938
0.262398
0.131385
0.0197663
0.0479883
0.0192686
0.00160766
0.0131429
0.00507763
0.475241
0.271108
6.15164e-005
0.0106392
0.00410194
0.0225482
0.0237827
0.0405324
0.284276
0.133098
0.120841
0.304702
0.038705
0.0150321
0.00402268
0.0173395
0.475241
0.314508
0.0122323
0.024041
0.00646391
0
0
0.00838656
0.469378
0.2485
0.00870319
0
0
0.00848054
0.00914011
0.0640966
0.301678
0.150364
0.0232971
0.00740345
0
0
0.00164888
0.0109547
0.5062
0.28033
0.0032977
0
0
0.0139537
0.0160137
0.0645108
0.417277
0.185994
0.0282674
0.0129952
0.00861305
0.0805607
0.153979
0.201871
0.119657
0.0534774
0.0939954
0.0808183
0.148332
0.13196
0.256093
0.353059
0.159709
0.0739886
0.0531545
0.0396883
0.0396019
0.226511
0.281069
0.170072
0.0432312
0.0765094
0.165024
0.161918
0.10227
0.16594
0.392214
0.336285
0.171148
0.111187
0.0928905
0.0480258
0.0311204
0.173559
0.261771
0.213608
0.115967
0.169988
0.0854995
0.0295733
0.0564535
0.234342
0.245008
0.0764403
0.0963674
0.126734
0.183902
0.0745018
0.111994
0.112744
0.230425
0.272577
0.245636
0.194079
0.111783
0.0110991
0.0307945
0.161836
0.153201
0.140907
0.284622
0.24431
0.226518
0.0752061
0.147078
0.175624
0.0961213
0.0475386
0.115346
0.128065
0.110551
0.121687
0.187887
0.0897409
0.116072
0.0893475
0.154938
0.235811
0.209603
0.248844
0.147526
0.271611
0.186693
0.118077
0.274394
0.170297
0.169362
0.0623741
0.190483
0.247602
0.259111
0.173207
0.222988
0.149259
0.144245
0.043223
0.121229
0.0470716
0.0271667
0.021368
0.0565092
0.0658901
0.149603
0.363131
0.146147
0.0412372
0.00179221
0.00605701
0.0129037
0.0184204
0.214911
0.568179
0.168772
0.151953
0.0862068
0.0808657
0.0710683
0.0466226
0.104266
0.0773086
0.125985
0.229189
0.0702228
0.0773813
0.0246181
0.0316154
0.231982
0.296352
0.272026
0.00597994
0.000546094
0.0069357
0.00575178
0.0197141
0.130051
0.501855
0.0475664
0.0111783
0.00307165
0.00580228
0.0152301
0.0178487
0.161687
0.501855
0.049784
0.0639822
0.0263101
0.0362703
0.0283733
0.0424763
0.11759
0.286292
0.12533
0.014779
0.0393559
0.0158389
0.0362156
0.0234921
0.0881505
0.501855
0.118269
0.0675709
0.011016
0.0253589
0.133234
0.0658655
0.116983
0.449501
0.0402239
0.0715733
0.0109447
0.0327586
0.444284
0.238098
0.0282984
0.0700025
0.0211399
0.0659718
0.0264503
0.0132961
0.0482968
0.0162818
0.0862401
0.480086
0.131931
0.098981
0.0267348
0.0359375
0.265788
0.123541
0.0296852
0.24993
0.130548
0.0165057
0.00568734
0.0362817
0.42013
0.254403
0.0149584
0.00169183
0.00508408
0.0236521
0.0170171
0.0770395
0.277454
0.185837
0.071448
0.0202115
0.0182738
0.0357364
0.0212918
0.0879128
0.400663
0.263688
0.0330035
0.0284832
0.0358567
0.029503
0.0185167
0.132546
0.360197
0.413237
0.131572
0.0121168
0.00914727
0.25323
0.28566
0.156575
0.00368882
0.0463306
0.104231
0.103704
0.0781752
0.184772
0.256148
0.174551
0.0962068
0.11658
0.153624
0.0438785
0.0411784
0.189021
0.188372
0.135389
0.0183588
0.115867
0.182885
0.204919
0.174374
0.299569
0.231461
0.170923
0.0350343
0.133853
0.290227
0.146537
0.245009
0.0868785
0.0889937
0.081956
0.150766
0.173458
0.140991
0.0365269
0.0264322
0.0641025
0.0676053
0.0704176
0.152998
0.207482
0.167468
0.107489
0.182901
0.320402
0.128289
0.0759768
0.0572359
0.120048
0.233679
0.166126
0.215094
0.274622
0.169884
0.117692
0.105692
0.134949
0.320151
0.231669
0.343058
0.135267
0.15273
0.120119
0.168335
0.0968853
0.106164
0.100146
0.184405
0.229641
0.261213
0.182526
0.17025
0.0187205
0.0503328
0.0795006
0.102219
0.143641
0.164751
0.137223
0.189435
0.0889252
0.168734
0.174529
0.31613
0.242633
0.198476
0.178486
0.148484
0.0979891
0.0715068
0.29317
0.254027
0.226658
0.21773
0.150366
0.114583
0.0273666
0.0371873
0.0225914
0.0699683
0.30803
0.24799
0.144307
0.0608146
0.0596701
0.093962
0.0765474
0.192151
0.234998
0.256119
0.174822
0.113316
0.128312
0.0472112
0.189855
0.0884918
0.2899
0.35346
0.168573
0.09679
0.135837
0.074888
0.157535
0.197792
0.135049
0.0900573
0.0499615
0.0421002
0.0998778
0.0822767
0.137647
0.185438
0.153481
0.135508
0.0854912
0.118143
0.0582225
0.0596233
0.39936
0.183514
0.118556
0.112352
0.0834539
0.0627049
0.096232
0.0867483
0.193873
0.255359
0.35239
0.133475
0.239311
0.194607
0.072498
0.0734346
0.225312
0.3481
0.110643
0.0716725
0.0432696
0.0459462
0.000767004
0.0359705
0.413947
0.151067
0.0642034
0.0630466
0.0806891
0.105457
0.0303473
0.0135217
0.378234
0.254131
0.270712
0.118524
0.156742
0.0833195
0.0261556
0.0514019
0.20375
0.220832
0.0911875
0.127263
0.277602
0.15641
0.132044
0.0944117
0.262272
0.25544
0.0231302
0.0882477
0.105687
0.243875
0.144041
0.00715708
0.0665817
0.0919076
0.00581649
0.0411298
0.0616541
0.372898
0.43513
0.0438621
0.00309226
0.0064194
0.0321578
0.15634
0.263765
0.204081
0.15706
0.0446838
0.0616193
0.0923007
0.0239033
0.0828402
0.0910742
0.303728
0.456224
0.0988395
0.0109722
0.0173668