0.141157
0.146829
0.0684403
0.183088
0.187213
0.0720471
0.053118
0.106021
0.154107
0.199918
0.118604
0.0813539
0.101603
0.134053
0.0900058
0.116434
0.214061
0.2163
0.0439098
0.144326
0.153757
0.0966991
0.175942
0.135205
0.144095
0.174218
0.115652
0.0927386
0.0952568
0.232452
0.251904
0.120525
0.107702
0.228575
0.14103
0.0339713
0.0283566
0.0930978
0.0815656
0.073116
0.125314
0.303285
0.200852
0.0830783
0.0589538
0.0905581
0.101975
0.0902887
0.102594
0.235382
0.197492
0.0616639
0.0303728
0.148573
0.170489
0.0651305
0.150983
0.294161
0.226498
0.0733588
0.0501561
0.126344
0.140168
0.119288
0.132966
0.150388
0.0910835
0.0462055
0.0382827
0.117694
0.119647
0.136361
0.117666
0.184636
0.121541
0.063982
0.064503
0.123258
0.204672
0.216417
0.165462
0.1733
0.142356
0.0428408
0.0450831
0.117595
0.0989827
0.14833
0.176165
0.387122
0.284334
0.10854
0.0731759
0.0885772
0.0832993
0.126319
0.0725049
0.157302
0.0942493
0.0437526
0.0674838
0.133359
0.16448
0.114006
0.127865
0.169575
0.0822039
0.0607587
0.0743347
0.127806
0.143705
0.10193
0.139671
0.342803
0.193174
0.0764471
0.0725475
0.0803777
0.0790872
0.0702602
0.308633
0.19421
0.0854345
0.0161666
0.0849334
0.196402
0.161273
0.223312
0.0591278
0.0522528
0.0300326
0.0458819
0.0560762
0.0409503
0.0440792
0.0562191
0.0578595
0.0161355
0.0213216
0.0597973
0.0740698
0.0735302
0.0996924
0.0707716
0.284312
0.116632
0.0197056
0.0125903
0.0431512
0.0880176
0.07968
0.0953079
0.564768
0.531894
0.0924813
0.0369116
0.0342258
0.0788075
0.12212
0.0823284
0.0305177
0.0238741
0.0176472
0.0211123
0.0258009
0.0403671
0.0451793
0.0217492
0.107955
0.0736128
0.0567798
0.0298065
0.028722
0.0352
0.0473113
0.0619473
0.415686
0.362334
0.0749051
0.00982684
0.00514409
0.030992
0.0450565
0.0583268
0.49067
0.477461
0.137396
0.00907307
0.0158114
0.0920412
0.133753
0.124578
0.11705
0.0512686
0.054845
0.0315621
0.0272966
0.0707501
0.128245
0.0823673
0.0473174
0.0661645
0.0692094
0.0428354
0.0376865
0.0763563
0.113292
0.0396487
0.250637
0.245453
0.0771172
0.0211656
0.185819
0.411299
0.34702
0.138847
0.0816379
0.092178
0.0948148
0.0562465
0.265257
0.387844
0.173349
0.0528298
0.12514
0.143857
0.0338918
0.0993286
0.131265
0.156958
0.168973
0.0980055
0.11744
0.13886
0.146644
0.115635
0.136334
0.215552
0.179583
0.0846375
0.091721
0.122364
0.102936
0.126164
0.144079
0.186565
0.119311
0.104896
0.188573
0.170147
0.110073
0.1728
0.209524
0.180685
0.138986
0.188765
0.140758
0.156126
0.156573
0.0673522
0.0391152
0.0847164
0.103709
0.0773442
0.161892
0.189992
0.224185
0.0432829
0.0194905
0.0468287
0.0601961
0.142419
0.220371
0.161089
0.0985992
0.108894
0.102956
0.0887675
0.0838239
0.146118
0.278758
0.257042
0.274766
0.0785741
0.0672881
0.0777278
0.065106
0.235594
0.0563544
0.0690823
0.0691551
0.013554
0.0174173
0.0338339
0.0284095
0.0528667
0.0672183
0.11636
0.087994
0.0315217
0.0302399
0.0495981
0.0365745
0.0591778
0.109599
0.21631
0.1304
0.0158503
0.0268329
0.0483458
0.0349364
0.141145
0.361793
0.62118
0.195374
0.0153331
0.0237838
0.0479048
0.0368648
0.357701
0.0364424
0.0593692
0.0249393
0.00658221
0.0110235
0.0131393
0.0145944
0.0289864
0.187962
0.126048
0.0288936
0.000406344
0.0141256
0.0204304
0.0131091
0.0599383
0.20844
0.364212
0.134084
0.0027719
0.00385957
0.00572355
0.0118728
0.0863263
0.516445
0.58442
0.216835
0
0.00317581
0.00278313
0.0056184
0.0492962
0.155028
0.113652
0.0308623
0.000657344
0.00380726
0.00772804
0.00654613
0.0163422
0.203749
0.260809
0.0619581
0.00937842
0.0038491
0.00492259
0.00864371
0.00463901
0.271338
0.43656
0.113476
0
0.000374406
0.00129078
0.00026125
0.00882473
0.387888
0.591685
0.108983
0.0141101
0.00349352
0.00343357
0.001045
0.00281843
0.217026
0.260613
0.0627197
0.00905594
0.00579005
0.00860242
0.010742
0.0571785
0.174302
0.155057
0.0648165
0.0243499
0.0281032
0.0624535
0.0445913
0.10021
0.399908
0.534479
0.0655759
0.0951508
0.0731699
0.0413684
0.0210939
0.104333
0.154942
0.128156
0.0856474
0.327141
0.238547
0.128588
0.0477666
0.172363
0.0473886
0.0450881
0.0345065
0.039764
0.129358
0.159806
0.0710482
0.0409436
0.172023
0.00935324
0.0133545
0.0196093
0.152107
0.159675
0.0389794
0.0941673
0.0663316
0.071073
0.130826
0.288953
0.183658
0.102674
0.0748215
0.0631908
0.656391
0.174252
0.0955832
0.100913
0.104029
0.0829755
0.0739465
0.336802
0.0300469
0.0382317
0.0415949
0.0468348
0.0410667
0.0306655
0.0334559
0.0307859
0.0634739
0.0535134
0.0131444
0.0694471
0.071239
0.0419797
0.0508945
0.0751134
0.0398294
0.125585
0.171277
0.0500257
0.0306407
0.0534423
0.060278
0.0207298
0.384142
0.677794
0.344514
0.0501749
0.0327369
0.051447
0.0613023
0.0979981
0.0466624
0.0470436
0.0053861
0.0186806
0.0191123
0.0121003
0.01306
0.0281901
0.136591
0.179962
0.0414264
0.00899657
0.0093057
0.0117878
0.0098581
0.046117
0.200156
0.395861
0.107101
0.00976315
0.0108075
0.00712043
0.00928083
0.0410419
0.352698
0.712791
0.134785
0.00445149
0.00803651
0.00379587
0.00317614
0.0436689
0.072151
0.177874
0.0502385
0.00116834
0.00215751
0.00440676
0.00269019
0.0297067
0.142648
0.325122
0.0862338
0.000555944
0.00121008
0.00234459
0.00113909
0.0620827
0.19412
0.499598
0.0707067
0.000165783
0.000562233
0.000309873
0.000259281
0.0103336
0.387451
0.562122
0.0835332
0.0184291
0.00903949
0.0149317
0
0.0288605
0.151561
0.305533
0.10853
0.00284115
0.00126126
0.00181571
0.00216197
0.0461478
0.1899
0.408737
0.248545
0.0106414
0.00643619
0.0153657
0.00647722
0.0197674
0.259949
0.433156
0.0900988
0.100928
0.0580943
0.0573176
0.019442
0.081746
0.240366
0.289858
0.244245
0.120575
0.0841924
0.109481
0.111647
0.121376
0.192906
0.394531
0.11461
0.00273663
0.00222551
0.00792142
0.00510671
0.00833048
0.303164
0.506946
0.0461744
0.0081914
0.000737252
0.000837572
0.00144721
0.0170546
0.315785
0.230832
0.106581
0.021876
0.0394556
0.0669254
0.0763523
0.0576379
0.317277
0.288589
0.0726001
0.0843795
0.0818289
0.0529986
0.0404549
0.0697809
0.222541
0.330911
0.0444322
0.128147
0.0519259
0.0239133
0.00467548
0.0445481
0.0582911
0.0640272
0.0747626
0.417468
0.198154
0.0501005
0.00866239
0.0433658
0.125937
0.219973
0.0722878
0.199955
0.129202
0.0631563
0.0103907
0.104776
0.0334239
0.0527005
0.0461673
0.514101
0.335382
0.0658245
0.00194498
0.0518633
0.0191817
0.0346318
0.0713499
0.335025
0.14472
0.0156448
0.013982
0.00919873
0.191339
0.103109
0.0894838
0.221362
0.12435
0.0188406
0.0151629
0.103754
0
0.00136194
0.0176071
0.515394
0.270826
0.0129925
0
0
0.0032115
0.0304024
0.054077
0.498691
0.279231
0.0443112
0.00011768
0.00676984
0.00960941
0.073838
0.125637
0.0381118
0.0513431
0.0897734
0.0295408
0.00242683
0.136556
0.390263
0.301155
0.0522586
0.105958
0.117768
0.0581612
0.0166591
0.00519516
0.0365571
0.0659189
0.0390846
0.0924852
0.174785
0.11821
0.0232821
0.0194099
0.120016
0.13458
0.0595671
0.169979
0.380952
0.549463
0.100795
0.118735
0.24858
0.133674
0.037259
0.0614713
0.0227695
0.0240181
0.0117992
0.149269
0.461698
0.146049
0.0489849
0.150119
0.0106564
0.0756379
0.0218922
0.0529192
0.0534899
0.0579611
0.0548429
0.100287
0.160311
0.313941
0.0600842
0.0740047
0.161728
0.0703582
0.0748819
0.233253
0.120302
0.522391
0.122587
0.0961231
0.380935
0.039772
0.00855496
0.0524811
0.00279921
0.0604731
0.0165001
0.222979
0.423754
0.0539334
0.0613393
0.0338894
0.00916168
0.0371673
0.0202637
0.0283249
0.135999
0.0166175
0.0131057
0.0793515
0.0469498
0.472951
0.086264
0.0593923
0.134695
0.042341
0.0825625
0.0632585
0.0373612
0.481594
0.154143
0.197172
0.318483
0.113249
0.154493
0.10581
0.0357651
0.024617
0.052854
0.345615
0.18602
0.1075
0.120152
0.117528
0.0620306
0.0726853
0.202378
0.128479
0.238193
0.144715
0.0900801
0.0834457
0.0116637
0.306729
0.186426
0.320122
0.217715
0.140763
0.0439449
0.062757
0.00948011
0.0813696
0.297701
0.349424
0.157928
0.0546706
0.0254161
0.0603712
0.0838654
0.0824595
0.169639
0.246134
0.160496
0.104847
0.0934461
0.130186
0.106389
0.0677221
0.132084
0.222689
0.136873
0.123674
0.0990532
0.035925
0.0279995
0.0761171
0.261828
0.322615
0.40729
0.2884
0.127078
0.0653343
0.0473094
0.084946
0.182453
0.103087
0.082572
0.0774157
0.192126
0.111033
0.063428
0.0289835
0.0911154
0.0274124
0.0259945
0.0411844
0.482157
0.239137
0.0387994
0.00837763
0.028477
0.272253
0.189745
0.142181
0.189146
0.0937839
0.057355
0.0426698
0.0665346
0.0661235
0.0186936
0.0864186
0.559889
0.228018
0.0367403
0.0168153
0.0063288
0
0
0.00458363
0.363533
0.223009
0.00670929
0
0
0
0.00878446
0.0407811
0.373189
0.229602
0.0142909
7.1041e-005
0
0
0
0.0108128
0.42439
0.301123
0.00247342
0
0
0
0
0.0405425
0.389941
0.379651
0.0491765
0.00353473
0
0.0404487
0.0358126
0.0329257
0.0521472
0.0878236
0.118019
0.126121
0.0556155
0.0291993
0.035805
0.0224933
0.0317892
0.084872
0.366483
0.724263
0.188265
0.0962677
0.114454
0.0749307
0.0442321
0.0408648
0.0245533
0.0151167
0.0563314
0.114756
0.0973709
0.0589172
0.0295234
0.0340873
0.0869934
0.0911621
0.102434
0.0264449
0.00509105
0.00136026
0.0132798
0.0289134
0.148234
0.370029
0.117563
0.0357247
0.013122
0
0.0169161
0.0533374
0.18956
0.655412
0.212806
0.0451881
0.0112755
0.00495225
0.00447056
0.00696416
0.0421248
0.108059
0.0799674
0.0323461
0.0071487
0.00291586
0.00537386
0.00559024
0.126928
0.402734
0.18321
0.00405959
0.00386027
7.63385e-005
0.00222744
0.0131439
0.0954031
0.432777
0.0811388
0.00651293
0.00909874
0.00373145
0.0166549
0.0247252
0.105201
0.528519
0.134959
0.00662779
0.002928
0.00066808
0.00229696
0.00301177
0.090185
0.305289
0.0978385
0.00530647
0.00163254
0.000125931
0.000858063
0.0304281
0.154266
0.528519
0.141253
0.0285522
0.0338736
0.0240375
0.0104217
0.0158929
0.0563416
0.466546
0.139029
0.0587066
0.0420736
0.0356984
0.0308616
0.0129319
0.0579628
0.278069
0.151586
0.00420202
0
0
0
0.0435518
0.143267
0.495548
0.0961208
0.018078
0.00930016
0.00119937
0.0192886
0.0325255
0.193453
0.495548
0.186103
0.03498
0.0468301
0.09865
0.140554
0.0534481
0.0371795
0.0986041
0.0837591
0.0807632
0.254546
0.246234
0.190811
0.106317
0.0749088
0.0988918
0.0332182
0.0313757
0.0216353
0.0342978
0.0869394
0.0674779
0.169232
0.477666
0.162664
0.0711551
0.0600588
0.0985003
0.167481
0.123594
0.279719
0.504592
0.0870814
0.093595
0.142994
0.0912306
0.212698
0.160107
0.0466766
0.0417696
0.0115224
0.0230895
0.00517063
0.0219709
0.415903
0.243993
0.0148447
0.00589007
0.000666826
0.0860635
0.0475812
0.0486033
0.339299
0.179911
0.10404
0.187299
0.026936
0.0244662
0.0154084
0.0154925
0.517765
0.353516
0.0473226
0.00798955
0.00602932
0
0
0.00506402
0.388711
0.291599
0.00573094
1.8876e-005
0
0
0.00148556
0.0154415
0.3191
0.350324
0.0682542
0.00277779
0
0.0199461
0.00600305
0.00290786
0.292622
0.371012
0.145671
0.0189142
0.0718023
0.133063
0.0296521
0.020375
0.204098
0.270475
0.159699
0.0169841
0.258322
0.184389
0.170825
0.129894
0.107363
0.0722225
0.00421298
0.027557
0.105329
0.235355
0.116374
0.067398
0.0688186
0.0883798
0.0856416
0.0709222
0.215273
0.197497
0.0860353
0.100969
0.237992
0.183651
0.074911
0.141628
0.178866
0.20211
0.125741
0.10739
0.21618
0.184872
0.122621
0.160938
0.18713
0.168937
0.0349349
0.0225744
0.0263912
0.0563348
0.115811
0.0981016
0.19656
0.12865
0.108538
0.0472497
0.0556899
0.0563589
0.15957
0.366483
0.26527
0.128371
0.0409205
0.0345872
0.119054
0.12767
0.130689
0.13955
0.170726
0.225024
0.163534
0.159663
0.205698
0.165302
0.0923799
0.0824135
0.137285
0.0355382
0.030788
0.0132437
0.0203392
0.0175637
0.0532963
0.246867
0.119149
0.0415714
0.0165672
0.00912697
0.011227
0.0436262
0.135303
0.791352
0.314016
0.0642884
0.042071
0.0436327
0.0467812
0.038939
0.0219535
0.0148613
0.0417103
0.0576883
0.0465736
0.0469517
0.0427343
0.0404572
0.0320947
0.159195
0.128564
0.0107363
0.00209891
0.00150639
0.000142345
0.0350021
0.0925893
0.435866
0.112889
0.0118588
0.00216519
0.000200217
0.00157669
0.0345762
0.186344
0.634702
0.154583
0.0144828
0.0143248
0.0128632
0.00911954
0.0112277
0.026006
0.189998
0.080802
0.0273695
0.014015
0.0113306
0.00193943
0.00936146
0.103968
0.430904
0.142607
0.00992134
0.00233636
0.000985276
0.00524911
0.0294948
0.157849
0.439267
0.124992
0.0638625
0.0128781
0.00767063
0.0325954
0.0426103
0.220782
0.523674
0.177544
0.0165011
0.00587381
0.00579426
0.00205375
0.0175777
0.100119
0.311481
0.13979
0.0278858
0.00552549
0.00661893
0.00795751
0.0460664
0.129519
0.367803
0.260525
0.162229
0.0955217
0.0468031
0.24033
0.0882922
0.119746
0.302333
0.185851
0.0813355
0.10534
0.0844232
0.45764
0.285461
0.0736731
0.0435341
0.0786904
0.119134
0.0812084
0.0306824
0.0521915
0.055588
0.120113
0.239601
0.332479
0.139336
0.133185
0.141445
0.207599
0.121897
0.0610532
0.0412852
0.165034
0.0907622
0.0463859
0.0583153
0.139035
0.208993
0.137417
0.0506032
0.154061
0.327726
0.0580201
0.0397206
0.0422283
0.0759965
0.105929
0.0298363
0.616072
0.0903051
0.0667012
0.192635
0.191342
0.0751406
0.0202548
0.0262595
0.0785722
0.234917
0.0638021
0.110003
0.103342
0.016537
0.0071661
0.0244921
0.341794
0.065248
0.076968
0.135262
0.206257
0.141211
0.10466
0.131894
0.066581
0.0742568
0.0875599
0.133613
0.209716
0.162897
0.126985
0.166972
0.0823509
0.0512238
0.126883
0.165557
0.17375
0.165049
0.151137
0.157998
0.0873583
0.0662622
0.154802
0.187326
0.173314
0.20407
0.23957
0.195618
0.123309
0.0890823
0.047957
0.0595935
0.113031
0.108626
0.116417
0.157217
0.111604
0.153174
0.117534
0.179727
0.200787
0.156763
0.0747392
0.102895
0.12922
0.0725091
0.102703
0.107656
0.136102
0.169215
0.196719
0.179923
0.0957013
0.14414
0.208548
0.193841
0.0974576
0.0905942
0.19036
0.224711
0.143454
0.134251
0.106907
0.128653
0.170841
0.155414
0.0661355
0.0464683
0.0986483
0.156426
0.119648
0.115132
0.163217
0.163662
0.0941025
0.143227
0.182813
0.148679
0.174237
0.119407
0.128026
0.122286
0.083789
0.101754
0.123957
0.241046
0.131363
0.0668602
0.175522
0.207026
0.119649
0.138873
0.232666
0.0556806
0.0622307
0.056895
0.0674595
0.0743725
0.109853
0.194856
0.126632
0.122116
0.140069
0.146373
0.054856
0.0536223
0.210736
0.542031
0.236385
0.086188
0.0592057
0.106675
0.105172
0.0964152
0.0893775
0.113085
0.0987109
0.0586373
0.0993574
0.207993
0.132874
0.10103
0.143845
0.147766
0.0748214
0.0536563
0.0463456
0.0430896
0.014958
0.0165698
0.0861619
0.340666
0.210767
0.0597805
0.0258419
0.0116399
0.014416
0.0537477
0.18577
0.593026
0.459618
0.0296981
0.0417455
0.04057
0.0407384
0.0460863
0.0643952
0.0511383
0.0350388
0.0471888
0.0455347
0.0193812
0.0457846
0.0520682
0.0777422
0.208681
0.140661
0.0813017
0.0276742
0.00450346
0.0061696
0.0598609
0.173588
0.340759
0.399843
0.186399
0.0874477
0.141925
0.108154
0.0746704
0.0995037
0.151765
0.278921
0.0425981
0.0283903
0.013531
0.0151462
0.0194069
0.0417892
0.268051
0.26318
0.166994
0.0921229
0.068289
0.0323786
0.0134596
0.0363904
0.291952
0.316201
0.132594
0.14273
0.399385
0.420681
0.0724865
0.0289325
0.0421906
0.0730199
0.0897133
0.0957594
0.212572
0.306728
0.057066
0.0553086
0.092687
0.0930209
0.162278
0.192618
0.203248
0.184243
0.0527558
0.0737075
0.113819
0.12388
0.0535877
0.0873538
0.125825
0.173881
0.0903268
0.115604
0.106713
0.0635964