0.0841466
0.117149
0.229017
0.108475
0.0592985
0.0134375
0.0528492
0.137529
0.156169
0.195932
0.312805
0.217914
0.0403713
0.0572173
0.0504877
0.179055
0.133178
0.274495
0.356777
0.0875962
0.043298
0.00998746
0.0412684
0.0609054
0.094589
0.269439
0.393912
0.284217
0.0831894
0.0468004
0.0750116
0.124727
0.0897317
0.205044
0.146642
0.166276
0.0222318
0.0491923
0.033828
0.0551911
0.262424
0.228112
0.116703
0.148945
0.0251962
0.0504418
0.078228
0.148905
0.0259313
0.142584
0.18616
0.225826
0.0876838
0.112874
0.124763
0.0940865
0.316172
0.204315
0.194986
0.20395
0.0936828
0.166853
0.396842
0.308784
0.255258
0.0664217
0.0405494
0.044781
0.0304492
0.043403
0.0819035
0.232952
0.156938
0.118972
0.0616187
0.0346802
0.0726826
0.0685737
0.131065
0.187891
0.398615
0.16274
0.247511
0.15094
0.0327089
0.0704519
0.256251
0.317176
0.249261
0.117754
0.298952
0.254494
0.0914122
0.0763379
0.0853974
0.13854
0.136242
0.158327
0.12003
0.0525571
0.161295
0.0958544
0.177663
0.2089
0.133205
0.0844065
0.0927063
0.0795532
0.208022
0.122748
0.321678
0.234098
0.184051
0.110355
0.289231
0.200089
0.104938
0.101701
0.0902552
0.213652
0.273047
0.0938609
0.160549
0.0561331
0.0774799
0.106446
0.191568
0.308769
0.100867
0.0355123
0.0954735
0.125784
0.201429
0.153444
0.225981
0.155757
0.170793
0.0202251
0.0834741
0.16611
0.260086
0.23333
0.123317
0.247564
0.303109
0.0839253
0.097406
0.0716377
0.126422
0.12923
0.1053
0.175775
0.280307
0.139795
0.130674
0.221861
0.152084
0.188253
0.0277924
0.270228
0.167974
0.0611203
0.116946
0.176457
0.176935
0.112679
0.0735711
0.176365
0.166706
0.126235
0.145285
0.125911
0.100192
0.0835541
0.0761677
0.0867687
0.311933
0.23465
0.200156
0.19893
0.0900048
0.0455593
0.00935861
0.25551
0.369269
0.311395
0.185399
0.117589
0.129611
0.0217856
0.0260755
0.189814
0.170496
0.137931
0.190345
0.0780283
0.0974844
0.187254
0.0456434
0.0606035
0.230526
0.163312
0.238161
0.119564
0.151906
0.239957
0.0578861
0.150119
0.240699
0.177953
0.154369
0.152012
0.279869
0.0518605
0.019164
0.0903218
0.169549
0.266078
0.200017
0.22115
0.250341
0.116521
0.0410416
0.0882592
0.154951
0.20799
0.152489
0.103915
0.094408
0.0310989
0.0535451
0.147132
0.0833701
0.135718
0.130496
0.219006
0.177251
0.102013
0.0897811
0.289189
0.385162
0.168747
0.108047
0.110487
0.0829989
0.0544358
0.122665
0.19165
0.316848
0.190311
0.128264
0.163479
0.132399
0.0510024
0.09793
0.317902
0.0216638
0.0654373
0.0630988
0.0982495
0.174609
0.161413
0.122988
0.137255
0.21466
0.140549
0.109718
0.106813
0.162545
0.173895
0.401591
0.340194
0.0882219
0.117874
0.0662871
0.0746237
0.153593
0.0678823
0.0534111
0.201984
0.233435
0.166618
0.0935694
0.234936
0.207274
0.0759715
0.0701076
0.336066
0.347839
0.157778
0.207015
0.157399
0.0406731
0.0433391
0.231883
0.286629
0.260895
0.134686
0.235031
0.275527
0.0552769
0.044413
0.0824719
0.0942479
0.250454
0.145382
0.089446
0.166179
0.130608
0.0637803
0.0896099
0.247796
0.132602
0.162906
0.135898
0.15407
0.155442
0.115459
0.106426
0.111401
0.207398
0.104172
0.204541
0.223387
0.0796303
0.0957978
0.0937365
0.122091
0.247573
0.160648
0.188825
0.107753
0.06701
0.0645841
0.0711646
0.161328
0.157064
0.208087
0.202983
0.179567
0.135166
0.0951364
0.10795
0.0891077
0.2848
0.42851
0.226797
0.113768
0.106015
0.047128
0.0878688
0.120106
0.168651
0.140313
0.0704943
0.0523111
0.0407985
0.0224242
0.0201112
0.0777646
0.179351
0.24535
0.132259
0.100752
0.0272496
0.027975
0.0077646
0.0886485
0.242913
0.391505
0.121378
0.0503771
0.0455241
0.011186
0.0123992
0.0645251
0.347101
0.594134
0.148877
0.0456339
0.00441756
0.00284057
0.00133326
0.0695579
0.197772
0.26693
0.121341
0.0573627
0.0286891
0.00552729
0.00883713
0.0921475
0.188276
0.188069
0.0587547
0.121744
0.166629
0.000104527
0.0117897
0.141493
0.265916
0.397741
0.106269
0.0531958
0.0577672
0.000362724
0.00220928
0.070629
0.153049
0.143087
0.0316361
0.343165
0.48302
0.00668381
0.00294742
0.0794564
0.0667122
0.0533935
0.0371081
0.213176
0.274791
0.00555245
0.0101508
0.0653091
0.0697522
0.156701
0.075318
0.204456
0.202859
0.0317407
0.0629401
0.0751988
0.0250208
0.0368225
0.0177896
0.418603
0.492978
0.02462
0.00814595
0.0339495
0.130884
0.162308
0.11818
0.311176
0.199494
0.0323098
0.0860416
0.156829
0.285741
0.13144
0.0492326
0.0442318
0.0296469
0.0483525
0.0686119
0.169098
0.287563
0.245311
0.108682
0.0200939
0.042471
0.0715291
0.0531366
0.0838575
0.162803
0.292364
0.196163
0.145903
0.0974855
0.120552
0.144711
0.174022
0.207152
0.405696
0.337485
0.122017
0.0935288
0.154521
0.0830712
0.0804617
0.135214
0.202945
0.104599
0.0454134
0.0689732
0.0592634
0.0216434
0.0937893
0.293259
0.268432
0.145836
0.180902
0.125678
0.055031
0.0109195
0.22006
0.192008
0.253474
0.220355
0.111858
0.0688382
0.091626
0.00941623
0.0421804
0.394612
0.411553
0.225519
0.114183
0.0511237
0.0440299
0.00428142
0.0521292
0.232105
0.276118
0.132146
0.101658
0.0876027
0.0431362
0.0242187
0.130049
0.134458
0.293844
0.132224
0.0782005
0.109275
0.0677211
0.0332753
0.075296
0.295462
0.438318
0.115894
0.0374969
0.0247073
0.0133233
0.00436641
0.0388784
0.209498
0.505906
0.0958832
0.0185402
0.0519505
0.0160489
0.00691796
0.0533328
0.114703
0.272371
0.172062
0.0676464
0.06832
0.0484341
0.0427522
0.0501947
0.194105
0.364889
0.203128
0.0269689
0.0500724
0.0691878
0.0952421
0.05136
0.170606
0.407047
0.200323
0.0546826
0.148271
0.0389694
0.0231331
0.0552671
0.234364
0.30726
0.301572
0.0549839
0.0886497
0.120112
0.146747
0.0993125
0.212176
0.343707
0.128263
0.0088144
0.0177112
0.0201553
0.0420907
0.0295404
0.272142
0.44503
0.19854
0.0201199
0
4.1519e-005
0.00369514
0.0529782
0.202304
0.227038
0.163981
0.0304718
0.0226968
0.0646168
0.121759
0.0906841
0.199846
0.358413
0.286097
0.0484791
0.0865881
0.0600831
0.063491
0.14535
0.201111
0.21582
0.150071
0.069226
0.0504481
0.000424033
0
0.0636781
0.103495
0.0398187
0.0325201
0.313338
0.381891
0.00801836
0
0.0394441
0.191192
0.193633
0.175867
0.0690096
0.109887
0.0415646
0.0302027
0.176406
0.111736
0.0307059
0.0287178
0.360945
0.492159
0.0207925
0.00559355
0.0932372
0.0106588
0.00952017
0.00977585
0.261009
0.316216
0.0257766
0.000707566
0.0133262
0.0432557
0.119289
0.14333
0.235194
0.131894
0.0294504
0.010599
0.0621236
0.00767397
0.0030393
0.0166308
0.363762
0.434696
0.0174821
0.000613594
0.00899279
0.00475333
0.0941702
0.17704
0.431249
0.306497
0.0411484
0.000852743
0.0145899
0.0851127
0.240782
0.206262
0.150299
0.0346897
0.0643224
0.0781683
0.0623788
0.085254
0.224268
0.245681
0.138797
0.0171103
0.080241
0.0988638
0.0758911
0.120234
0.170191
0.223942
0.14644
0.0416562
0.128627
0.174061
0.10494
0.107794
0.120446
0.264905
0.19215
0.0355241
0.197032
0.438035
0.334276
0.103087
0.149691
0.128867
0.077327
0.0212945
0.0292235
0.0397183
0.0676035
0.163444
0.192533
0.11877
0.0608748
0.0174886
0.00957702
0.0473366
0.041572
0.0876781
0.0627287
0.0717422
0.0786659
0.0360016
0.217468
0.517134
0.393002
0.0671406
0.0448292
0.0549974
0.0632303
0.0320032
0.162029
0.437938
0.271819
0.206843
0.340897
0.0941445
0.0150675
0.00604189
0.0170149
0.0656377
0.0553296
0.164703
0.33985
0.0499644
0.0502081
0.0944425
0.017799
0.0271892
0.0619798
0.0815701
0.0741196
0.0469117
0.0200428
0.00938886
0.12734
0.485025
0.233216
0.125095
0.0862888
0.0232916
0.0794579
0.152148
0.0933933
0.403139
0.224525
0.167291
0.213788
0.0940741
0.103228
0.193529
0.0491388
0.0590122
0.0467422
0.367303
0.156936
0.148622
0.0725694
0.0904533
0.0773938
0.103438
0.197154
0.239486
0.128927
0.109545
0.14292
0.190874
0.0879398
0.229082
0.192736
0.404529
0.110257
0.116694
0.0909801
0.0558704
0.0425542
0.0997657
0.286884
0.266144
0.0992522
0.116702
0.0710541
0.0286752
0.0582099
0.106504
0.261474
0.206895
0.182239
0.182293
0.0890924
0.126654
0.115917
0.109241
0.254281
0.272122
0.0556904
0.0546799
0.0501851
0.032072
0.0301375
0.0619446
0.289911
0.146678
0.29833
0.385819
0.0701693
0.0555525
0.104063
0.143181
0.196647
0.146233
0.118227
0.0751012
0.0400614
0.105447
0.067613
0.0422755
0.175625
0.066798
0.0406615
0.0261497
0.287115
0.369401
0.0314477
0.0166426
0.0907895
0.0705426
0.285285
0.259928
0.109058
0.108506
0.0448894
0.041445
0.0872765
0.0317836
0.102408
0.077766
0.454816
0.434205
0.0239142
0.0106274
0.0470745
0.00442767
0
0.00671129
0.241793
0.295281
0.0174308
0.00855737
0.00442767
0.00157097
0.0161746
0.0380204
0.278387
0.321356
0.0723979
0.0324599
0.00261352
0.00312123
0
0.0073163
0.347008
0.306818
0.0503248
0.0183447
0.0151872
0.00104324
0.00183261
0.00922066
0.269211
0.374521
0.304175
0.274022
0.0568001
0.108471
0.0382595
0.0868084
0.0880394
0.0548453
0.145639
0.244387
0.133042
0.259308
0.119694
0.157188
0.105629
0.0736392
0.160051
0.337003
0.395634
0.152623
0.0222509
0.026517
0.0828288
0.0503109
0.0839441
0.174715
0.142872
0.349982
0.0925276
0.0368391
0.0250042
0.0503706
0.0633707
0.114317
0.403177
0.14729
0.0801241
0.0352864
0.0272738
0.0277525
0.15525
0.336852
0.352915
0.0897381
0.026756
0.00232314
0.00577466
0.0147497
0.211163
0.414214
0.279347
0.192051
0.0780001
0.0185553
0.0103716
0.0130732
0.0404286
0.0838606
0.34642
0.178063
0.0369042
0.00617125
0.0131989
0.0175109
0.144671
0.237635
0.28143
0.0299077
0.0124378
0.00183662
0.00135539
0.0154541
0.172047
0.313698
0.162655
0.0366394
0.0117803
0.00244212
0.00805085
0.0299435
0.115371
0.306093
0.189462
0.0969027
0.0128207
0.00147155
0.00819857
0.0341366
0.274915
0.272568
0.182042
0.0532037
0.00229644
0
0
0.0810345
0.447854
0.405141
0.294402
0.0678005
0.0148097
0.0179194
0.0171909
0.0269381
0.0573936
0.246029
0.176725
0.0669058
0.0146869
0.0188482
0.0143649
0.0155792
0.0368258
0.177495
0.127773
0.0360807
0
0
0
0.121909
0.31271
0.436138
0.335488
0.039731
0.0101376
0
0.000738224
0.0673482
0.189202
0.48708
0.310566
0.0518039
0.0279946
0.0295485
0.02621
0.0556604
0.03896
0.0993937
0.0695551
0.0249468
0.155216
0.237192
0.0336318
0.070873
0.0898236
0.135481
0.0341048
0.0563902
0.0178259
0.0142992
0.017157
0.0566146
0.119066
0.487366
0.214364
0.0486309
0.0371428
0.068563
0.0245781
0.0602035
0.232256
0.643184
0.111726
0.00556055
0.128362
0.16468
0.0999346
0.106775
0.032424
0.0840822
0.0233992
0.00335529
0.0286645
0.0289707
0.332552
0.380784
0.0137489
0.010472
0.00788965
0.0175752
0.0176552
0.0722119
0.0950129
0.0789406
0.15583
0.492239
0.069751
0.0167514
0.00132233
0.0773123
0.36149
0.390505
0.0717894
0.125709
0.0363643
0.000440592
0
0.00391562
0.260915
0.257984
0.0461461
0.0149363
0.0109933
0.0237088
0.00192122
0.00354308
0.157585
0.237056
0.387604
0.3623
0.0555046
0.0023258
9.56577e-005
0.0172248
0.264331
0.312693
0.0524177
0.00954088
0.00713345
0.0711332
0.00768489
0.00266753
0.109058
0.210453
0.349952
0.257198
0.101654
0.150773
0.0599064
0.0278091
0.0330011
0.028541
0.0157653
0.0313605
0.0952053
0.177368
0.0834925
0.0251114
0.0225974
0.0171369
0.0213832
0.0779088
0.189464
0.45879
0.390371
0.187271
0.0794713
0.0340398
0.0595305
0.045646
0.191506
0.325859
0.326922
0.24801
0.0868763
0.0289706
0.0442622
0.180878
0.250717
0.134374
0.0882417
0.0428798
0.0239778
0.00898162
0.0372257
0.0887968
0.211315
0.180572
0.0749284
0.037945
0.0249598
0.0151938
0.0608606
0.108998
0.248612
0.210339
0.25226
0.14366
0.0631716
0.0135817
0.0744987
0.20565
0.277877
0.40294
0.321421
0.0739096
0.0302003
0.0105874
0.10148
0.117922
0.425546
0.16435
0.0644576
0.0178058
0.0147134
0.0167109
0.107787
0.105645
0.156709
0.1587
0.0314952
0.0126878
0.0121461
0.0789151
0.392758
0.323882
0.366098
0.27339
0.191871
0.0938368
0.0995059
0.027641
0.0868463
0.0285435
0.208619
0.26833
0.113881
0.0879053
0.128943
0.0669002
0.242562
0.0950713
0.269462
0.0677921
0.010786
0.0261311
0.00576135
0.100577
0.303852
0.218096
0.291343
0.0633101
0.0488275
0.0432425
0.0444948
0.144745
0.308939
0.280439
0.264571
0.188332
0.109224
0.112288
0.052809
0.0508549
0.182045
0.0509945
0.218375
0.28671
0.166944
0.186841
0.126144
0.208229
0.21757
0.0687677
0.176454
0.0403704
0.0386212
0.00859381
0.0274778
0.0695491
0.146812
0.265157
0.177997
0.0226177
0.00829211
0
0.000895651
0.0139473
0.157136
0.393129
0.196062
0.210854
0.0953572
0.083193
0.0692748
0.181042
0.235728
0.141951
0.145892
0.0956294
0.158615
0.1259
0.00342936
0.114937
0.381116
0.342975
0.286035
0.0181949
0.000249201
0.02857
0.0224423
0.0108938
0.1375
0.369682
0.161437
0.0294879
0.000373802
0.0724741
0.165079
0.150631
0.0747719
0.134616
0.10755
0.0209647
0.0870137
0.0622948
0.0159206
0.129845
0.291681
0.410553
0.361888
0.0465554
0.00357418
0.0356957
0.0839597
0.154675
0.129627
0.219417
0.395325
0.012985
0.00010265
0.0528911
0.331021
0.321511
0.0537708
0.0183989
0.0546523
0.0630139
0.00370544
0.0239573
0.165372
0.225652
0.185833
0.135931
0.244153
0.0492174
0.0359251
0.0495204
0.267431
0.296659
0.0564095
0.0877676
0.266098
0.112841
0.104978
0.117197
0.197808
0.261931
0.109467
0.108355
0.27103
0.285378
0.377397
0.263098
0.105221
0.0546487
0.119496
0.0839968
0.162525
0.230399
0.266861
0.282736
0.119816
0.0521011
0.0501661
0.0594533
0.190146
0.174667
0.188371
0.133914
0.0713539
0.0522152
0.105243
0.121725
0.211008
0.245191
0.145215
0.124388
0.116142
0.0535937
0.0273639
0.0433642
0.226168
0.216755
0.14608
0.150568
0.0989216
0.0254685
0.0618592
0.0760305
0.181231
0.396925
0.229981
0.0565056
0.0532116
0.0222833
0.0899381
0.0999698
0.264397
0.324856
0.0954261
0.0982068
0.153049
0.0393264
0.0183475
0.070448
0.209401
0.35456
0.107081
0.133137
0.162031
0.0945313
0.0346101
0.131801
0.2894
0.264703
0.188187
0.0622096
0.0961613
0.0321904
0.0917675
0.0469585
0.144003
0.259793
0.18987
0.0573709
0.10502
0.0904596
0.176325
0.0343062
0.0998672
0.264182
0.139938
0.0720833
0.101002
0.0717963
0.0397767
0.102014
0.222451
0.48916
0.35327
0.062322
0.0783884
0.0741
0.111512
0.122661
0.201893
0.187831
0.172691
0.0824019
0.0564973
0.08935
0.118652
0.0250846
0.116067
0.341101
0.227694
0.189833
0.117329
0.147107
0.0858465
0.00682261
0.134768
0.336446
0.219703
0.0554639
0.0329265
0.0686809
0.125241
0.109479
0.20301
0.338988
0.233163
0.201667
0.217813
0.0984837
0.0730438
0.0384932
0.23105
0.286458
0.0894581
0.100586
0.0582074
0.081207
0.125603
0.0295177
0.139077
0.253032
0.185347
0.163227
0.0125805
0.068732
0.221091
0.144977
0.253898
0.297323
0.208821
0.180632
0.174492
0.063501
0.063753
0.0492932
0.167287
0.342413
0.218146
0.181564
0.0944355
0.0715109
0.119951
0.10856
0.26731
0.107868
0.110823
0.0728018
0.0247827
0.159052
0.211603
0.255985
0.243994
0.0739393
0.018578
0.00343161
0.0359946
0.251545
0.236559
0.258224
0.346569
0.198197
0.0869962
0.0857215
0.0873249
0.130889
0.0914236
0.136766
0.223338
0.182378
0.0673978
0.0519921
0.0751379
0.244001
0.209312
0.202407
0.24703
0.0877683
0.0821877
0.0139743
0.138234
0.274085
0.195355
0.242513
0.287588
0.126156
0.151188
0.0693465
0.143915
0.135849
0.062482
0.160248
0.133582
0.254906
0.125547
0.0505665
0.12454
0.246236
0.260128
0.238672
0.228651
0.115404
0.137671
0.0858706
0.18142
0.136417
0.0951191
0.187346
0.150719