0.0913158
0.0414841
0.0357675
0.0996362
0.0645878
0.115494
0.186684
0.199905
0.0743946
0.0398948
0.146715
0.320349
0.172802
0.16542
0.161047
0.0495238
0.0764902
0.0864407
0.131223
0.140247
0.139331
0.173568
0.207267
0.181019
0.0701257
0.0349034
0.240669
0.428652
0.388186
0.147948
0.0794726
0.127555
0.167631
0.0693655
0.115697
0.182117
0.129323
0.117065
0.155759
0.0699232
0.144272
0.0394596
0.0202957
0.0625038
0.141377
0.21067
0.364116
0.15029
0.095303
0.0232304
0.154542
0.222406
0.330433
0.142506
0.175682
0.204103
0.131998
0.0535377
0.0207783
0.0678301
0.204759
0.215288
0.319421
0.226871
0.135551
0.0258461
0.0411549
0.0857057
0.0988312
0.101868
0.22349
0.171729
0.112384
0.0409928
0.130501
0.154548
0.19965
0.0885085
0.198391
0.192941
0.160998
0.041378
0.0731314
0.118944
0.164491
0.164433
0.209914
0.157028
0.143959
0.0533205
0.319348
0.314006
0.31062
0.146662
0.218061
0.275775
0.00856698
0.039355
0.111833
0.117435
0.226326
0.176878
0.106474
0.0523638
0.0642204
0.0620448
0.0829442
0.0910601
0.131756
0.216112
0.0335203
0.101272
0.162937
0.220468
0.249803
0.157684
0.174138
0.0608304
0.0862487
0.205513
0.500899
0.414151
0.143861
0.0591685
0.0581361
0.0723665
0.0286029
0.11828
0.143451
0.115164
0.0293029
0.0289075
0.0276483
0.0381556
0.0104397
0.0827091
0.403675
0.258181
0.0480739
0.0298482
0.0346476
0.0215939
0.0102659
0.0673262
0.309429
0.371769
0.0645581
0.0277591
0.0172408
0.014655
0.0177604
0.061636
0.344007
0.539365
0.0907662
0.033432
0.00558634
0
0.00364145
0.0280711
0.283299
0.226656
0.0487676
0.00556045
0.0140004
0.0102545
0.00960689
0.0532123
0.259369
0.320472
0.0710263
0.0108302
0.00431796
0.00814988
0.0337315
0.0759551
0.287877
0.425995
0.0436416
0.00603335
0
0
0.00232705
0.0269946
0.410427
0.431289
0.0426649
0.016552
0.0390981
0.0266612
0.0318762
0.105417
0.206868
0.208429
0.0484334
0.0327355
0.030357
0.041014
0.15898
0.133895
0.141652
0.151719
0.0819918
0.278417
0.205126
0.0489458
0.218186
0.17884
0.321278
0.217895
0.0181136
0.0585867
0.155479
0.0791432
0.138498
0.249304
0.142161
0.238506
0.12116
0.242689
0.27757
0.0843346
0.125416
0.203331
0.101503
0.103336
0.189416
0.109281
0.243456
0.167897
0.0730464
0.100394
0.145524
0.071505
0.131115
0.137703
0.363777
0.205405
0.111617
0.173955
0.156382
0.172655
0.255813
0.182939
0.162624
0.147497
0.0738182
0.0726329
0.141639
0.121364
0.0907326
0.056175
0.233777
0.260318
0.278041
0.182444
0.0939291
0.048878
0.0888891
0.0681194
0.21581
0.156781
0.131246
0.134006
0.101337
0.0814909
0.0472239
0.0640644
0.186495
0.173852
0.128245
0.110798
0.104213
0.0846976
0.0982835
0.0634186
0.156783
0.217389
0.255538
0.23794
0.235077
0.115105
0.0703424
0.0768699
0.159288
0.234011
0.392448
0.40509
0.0829006
0.070914
0.0761519
0.105786
0.123981
0.114349
0.0800574
0.061045
0.0650581
0.0548975
0.136495
0.129154
0.147282
0.152918
0.185967
0.281315
0.280671
0.229329
0.0998574
0.125588
0.0718884
0.070873
0.166588
0.193574
0.411023
0.429389
0.136946
0.0855588
0.0175077
0.0705885
0.0942252
0.228493
0.104937
0.118209
0.0486743
0.0179613
0.0209629
0.023452
0.0533809
0.186031
0.320153
0.401101
0.0529653
0.00555969
0.00522549
0.00381897
0.0174268
0.0774514
0.264516
0.353584
0.0519031
0.00377281
0.000428463
0.0163615
0.0298613
0.15143
0.439807
0.439807
0.0674422
0.000599182
0.000599182
0
0.00977821
0.0672642
0.170727
0.42324
0.0403463
0.0110537
0.007934
0.00106834
0.0133975
0.0222913
0.130682
0.454789
0.0380974
0.0159626
0.00492715
0
0.00321176
0.00719174
0.246617
0.454789
0.0406658
0.00184768
0.00184768
0
0.00376688
0.0119805
0.20431
0.454789
0.0200438
0.00247599
0.00247599
0.00102942
0.00111624
0.0100576
0.261711
0.444029
0.0232328
0.00755403
0.00158934
0.00895693
0.00563833
0.0195616
0.263355
0.276617
0.028089
0.0899895
0.0709669
0.0476866
0.0275407
0.0663265
0.281758
0.416225
0.0106115
0.0735698
0.0289694
0.0263006
0.015665
0.030483
0.156912
0.0755939
0.0115489
0.427929
0.202418
0.0598653
0.0390701
0.0396866
0.127029
0.0878048
0.0257574
0.239745
0.212945
0.0707913
0.0563596
0.091049
0.0534142
0.0715855
0.0770192
0.255309
0.210397
0.0672925
0.051775
0.0646524
0.025568
0.00872158
0.0330021
0.59398
0.352331
0.0450143
0.02633
0.0134275
0.0970706
0.0543627
0.0910698
0.324325
0.19265
0.0738496
0.0322838
0.108574
0.265753
0.234068
0.228716
0.106344
0.0477128
0.144756
0.0665084
0.0834947
0.167179
0.158666
0.0883546
0.0361011
0.189622
0.229295
0.203486
0.11127
0.223081
0.143401
0.17425
0.0920309
0.045476
0.256923
0.110409
0.148564
0.119577
0.192754
0.208644
0.0626435
0.104424
0.361198
0.178293
0.140868
0.0899748
0.0841247
0.0419144
0.0230668
0.0719329
0.115712
0.156089
0.191419
0.230382
0.203216
0.0495766
0.0623858
0.0753547
0.108931
0.273539
0.35168
0.145394
0.24371
0.154668
0.037519
0.0433347
0.116061
0.0555103
0.0586755
0.29375
0.511444
0.202609
0.0569835
0.0690497
0.0602022
0.0529391
0.0679566
0.183513
0.264537
0.0350886
0.0413445
0.0430245
0.0339087
0.0805945
0.0889461
0.302704
0.433658
0.0595753
0.0120667
0.00812652
0.0100835
0.00624891
0.0304725
0.18353
0.433658
0.0912763
0.0201865
0.0304312
0.0271881
0.0276359
0.0147801
0.348814
0.433658
0.0612851
0.029173
0.0141352
0.0249234
0.0142767
0.00947205
0.266968
0.456888
0.074424
0.00192201
0.00979366
0.00732965
0.00557891
0.0307094
0.293346
0.456888
0.101592
0.00162071
0.00652911
0.0292545
0.044841
0.0213447
0.23822
0.343506
0.0888371
0.108922
0.0639
0.0432865
0.0277122
0.0218933
0.227358
0.221341
0.108026
0.0755852
0.0655297
0.0866853
0.139692
0.0925624
0.253948
0.497484
0.0481964
0.00659787
0
0.0252487
0.0355929
0.010077
0.295886
0.497484
0.0381247
0.0277185
0.00126708
0.0146508
0.00681885
0.0232003
0.230999
0.213538
0.0607711
0.0543767
0.0478939
0.0905424
0.109662
0.0713069
0.225489
0.245316
0.0923174
0.128442
0.0937424
0.081277
0.057226
0.092371
0.219377
0.19763
0.0362486
0.117435
0.0526698
0.0255647
0.00988259
0.0309827
0.0623133
0.0175544
0.0264943
0.51287
0.265075
0.0252846
0.0119242
0.0105005
0.15298
0.102979
0.0532848
0.186097
0.14603
0.0401423
0.0442489
0.0777095
0.0346535
0.0104795
0.0263569
0.51287
0.367904
0.0184404
0.0152389
0.0115541
0.00113017
0.00618326
0.0290076
0.424566
0.276482
0.0107879
0.00898295
0.000125574
0.0655332
0.0803635
0.0922715
0.224105
0.114567
0.0242042
0.0145828
0.0622754
0
0.00402121
0.0152842
0.529446
0.313296
0.0020796
0.00474989
0
0.0116105
0.0565313
0.0894355
0.40929
0.211355
0.0189245
0.00712483
0.0040893
0.123318
0.120363
0.189708
0.0928329
0.082322
0.213516
0.113328
0.116119
0.045028
0.132186
0.281676
0.102618
0.169935
0.306094
0.152645
0.216373
0.177763
0.162406
0.192691
0.0782921
0.127805
0.0954073
0.0747036
0.125487
0.0909301
0.0701978
0.187164
0.197367
0.290632
0.22579
0.0950463
0.292904
0.072515
0.141843
0.140986
0.0446693
0.0513858
0.0996331
0.141853
0.118454
0.117851
0.307984
0.142012
0.0493399
0.105139
0.0850725
0.241855
0.105987
0.0340059
0.0254468
0.054617
0.0778859
0.118558
0.155917
0.296757
0.168546
0.0155012
0.0242793
0.0316499
0.0324725
0.100585
0.327299
0.548516
0.214187
0.0836706
0.298962
0.0900097
0.0123679
0.0479917
0.0635101
0.194104
0.0433396
0.188612
0.269936
0.0994342
0.0820714
0.0107086
0.0470138
0.140085
0.0520007
0.011582
0.0242311
0.0167043
0.00697951
0.0481864
0.212113
0.498017
0.152278
0.0325189
0.047468
0.0947396
0.096406
0.0231643
0.187799
0.498017
0.16
0.147354
0.201004
0.162897
0.2159
0.0706372
0.0486507
0.05843
0.0647827
0.379216
0.121233
0.0841247
0.12492
0.093404
0.0590648
0.105648
0.239935
0.0581218
0.132409
0.212066
0.141815
0.0422615
0.154646
0.391906
0.13008
0.292571
0.112165
0.12573
0.0647927
0.0420701
0.0429259
0.25237
0.257385
0.313902
0.0792941
0.0587551
0.049209
0.0826627
0.0608795
0.0791992
0.221543
0.179542
0.196134
0.114296
0.105004
0.147189
0.0646556
0.0916663
0.142835
0.235797
0.0559227
0.14639
0.0593753
0.0675359
0.011736
0.141193
0.222552
0.155484
0.432312
0.433171
0.118184
0.148417
0.0273843
0.11103
0.0950226
0.08092
0.0892819
0.0371741
0.178601
0.118319
0.0450851
0.0602429
0.0644857
0.014057
0.011682
0.0214936
0.530897
0.244181
0.0254134
0.0221118
0.0143796
0.0818815
0.218738
0.1252
0.23654
0.150544
0.0619126
0.0504098
0.029712
0.0152833
0.0167859
0.0209031
0.530897
0.302095
0.0413685
0.0178555
0.0137377
0
0.000389793
0.00605455
0.432972
0.217082
0.000311985
0
0
0.000140312
0.00674702
0.0214122
0.328046
0.231817
0.0305868
0.00120081
0
0
0
0.00603235
0.498682
0.253337
0.00019378
0
0
0
0.00675834
0.0314974
0.425894
0.235337
0.0276861
0.00480326
0
0.141316
0.0850967
0.0561995
0.116518
0.131454
0.0454686
0.044408
0.110393
0.115595
0.0836371
0.125251
0.195849
0.181997
0.177126
0.0921212
0.139559
0.188788
0.0963072
0.102863
0.21059
0.180055
0.0935641
0.118132
0.145537
0.168402
0.0677409
0.154601
0.200611
0.208114
0.285118
0.448522
0.284724
0.0963038
0.0623389
0.101269
0.0957885
0.116712
0.13576
0.186163
0.104091
0.142779
0.0361151
0.0647329
0.0255833
0.0825296
0.272157
0.510564
0.227453
0.142107
0.0757514
0.114378
0.120657
0.101202
0.143471
0.252446
0.175997
0.317449
0.0865058
0.114533
0.11654
0.0749741
0.0981781
0.0960337
0.265733
0.0652884
0.0178644
0.0057763
0.0132999
0.0668395
0.218866
0.413152
0.157353
0.0333982
0.0152654
0.0161077
0.036252
0.0487433
0.258844
0.534312
0.129239
0.165426
0.0411105
0.0120311
0.0626258
0.0989487
0.111141
0.0647814
0.146334
0.168708
0.0692097
0.0537437
0.0316314
0.123034
0.20167
0.334188
0.186197
0.0154178
0.0108069
0.025846
0.0154459
0.0102062
0.0847258
0.422532
0.0845132
0.02895
0.012687
0.020184
0.0121719
0.0133951
0.0485287
0.438376
0.103499
0.100401
0.0346597
0.0264216
0.00508345
0.0339912
0.105757
0.413562
0.234296
0.036117
0.0125464
0.00502326
0.014181
0.0445804
0.220952
0.450729
0.219805
0.0309579
0.0180066
0.071859
0.0598909
0.0829185
0.0589573
0.248752
0.0525034
0.0262227
0.130644
0.225817
0.12613
0.176694
0.0853648
0.164748
0.0269941
0.0263669
0.011035
0.0106377
0.0263898
0.0676102
0.224825
0.50909
0.106083
0.0485827
0.0234533
0.0389131
0.0732228
0.111834
0.292854
0.50909
0.138869
0.0191017
0.0773235
0.0872586
0.2394
0.181937
0.0388161
0.0682689
0.0194616
0.00465889
0.00262214
0.00717666
0.486623
0.266028
0.00991905
0.00351295
0.00473883
0.0523685
0.0469551
0.0445588
0.228843
0.15605
0.124609
0.243112
0.117389
0.0211622
0.034371
0.0236999
0.489852
0.342928
0.00912057
0.0141942
0.0285914
0
0
0.000772139
0.444634
0.218718
0
0
0
0
0.0050397
0.0495137
0.4159
0.182228
0.00831491
0.00284501
0
0.00347605
0.0014636
0.000847347
0.467937
0.290127
0.0494727
0.0172093
0.00441818
0.0301195
0.0131654
0.0292439
0.325687
0.263384
0.075384
0.0414989
0.0323755
0.124827
0.0421552
0.0581245
0.129316
0.121534
0.08282
0.159995
0.217364
0.132767
0.0619248
0.0651587
0.14158
0.184157
0.172956
0.280417
0.209017
0.092618
0.137999
0.0144413
0.180326
0.253919
0.131937
0.176225
0.262304
0.119931
0.0691917
0.0577744
0.219996
0.268359
0.243013
0.280465
0.208014
0.100054
0.0540147
0.0471421
0.0966488
0.0890343
0.105015
0.152261
0.111939
0.299688
0.0777
0.0678469
0.111457
0.034799
0.0710568
0.0548169
0.293071
0.118188
0.0694687
0.0717878
0.154308
0.116035
0.142554
0.162587
0.101876
0.314329
0.0996685
0.0538077
0.180478
0.0975434
0.233679
0.167355
0.547672
0.213317
0.0779651
0.0125239
0.0597128
0.0487847
0.0588311
0.00863849
0.191276
0.215781
0.0965701
0.041292
0.0372647
0.142599
0.222891
0.121894
0.225709
0.265592
0.163897
0.0788915
0.0868263
0.0207076
0.132989
0.0702324
0.383571
0.338315
0.22217
0.127679
0.10548
0.133643
0.198915
0.114585
0.335318
0.149738
0.0544784
0.0410081
0.0237168
0.112171
0.245826
0.255146
0.247159
0.0723318
0.0427518
0.0524799
0.0655004
0.103452
0.298801
0.413925
0.22899
0.164845
0.150873
0.139731
0.0742929
0.1228
0.19521
0.132987
0.188322
0.194895
0.136195
0.188873
0.134188
0.0524165
0.104092
0.106496
0.260903
0.0168822
0.0151898
0.0133497
0.0163038
0.0223281
0.194753
0.389159
0.105907
0.0341543
0.0131832
0.00327004
0.00558415
0.00237781
0.260676
0.47961
0.138409
0.0714189
0.0354839
0.0321849
0.0335528
0.0113915
0.12436
0.209237
0.216967
0.0107279
0.0067683
0.000720281
0.0204692
0.0277535
0.262423
0.479275
0.130961
0.0648639
0.057937
0.0269067
0.108051
0.05131
0.145295
0.359152
0.155812
0.0489413
0.0590804
0.0450628
0.411866
0.25631
0.0123445
0.0746979
0.0624992
0.0383995
0.0216921
0.0137557
0.0337045
0.0223054
0.168528
0.506742
0.163111
0.0779316
0.0537607
0.122424
0.233974
0.133402
0.0586939
0.245275
0.146302
0.0406294
0.0222783
0.043576
0.372382
0.289764
0.0782621
0.0619212
0.027764
0.231627
0.0500748
0.0323462
0.119823
0.166053
0.122568
0.137002
0.200375
0.0770746
0.0503963
0.217607
0.423824
0.205761
0.0242824
0.0650751
0.0634599
0.291655
0.0440885
0.12899
0.204493
0.0510365
0.028029
0.114751
0.270825
0.0463242
0.113098
0.0525587
0.0647942
0.123451
0.102749
0.127372
0.0971554
0.0984013
0.0679826
0.0992076
0.0851306
0.0934096
0.17432
0.2197
0.162501
0.11412
0.0868419
0.0933923
0.0342997
0.0305139
0.111444
0.321556
0.360774
0.202504
0.112307
0.157203
0.0593251
0.00961038
0.20815
0.399953
0.405885
0.123124
0.0944464
0.129258
0.167558
0.0614891
0.127779
0.138732
0.0985011
0.171555
0.213382
0.0578133
0.130609
0.0861993
0.175898
0.148295
0.29048
0.179429
0.109685
0.13755
0.180951
0.0518518
0.214553
0.318629
0.188952
0.149377
0.343132
0.172925
0.270295
0.0983953
0.107871
0.129648
0.122942
0.207916
0.270392
0.1378
0.0608271
0.0308796
0.0841932
0.0764555
0.227784
0.294234
0.319525
0.241674
0.119385
0.0796741
0.0422506
0.0461718
0.18214
0.169436
0.298806
0.166111
0.148877
0.0303023
0.034715
0.0527612
0.0742589
0.227201
0.312304
0.190723
0.170739
0.0402391
0.0194115
0.107239
0.137858
0.163808
0.265021
0.17438
0.0795457
0.0541584
0.0398951
0.0344096
0.0997397
0.337564
0.255788
0.175763
0.0800136
0.0236165
0.0373652
0.0574494
0.259597
0.182012
0.27256
0.154333
0.0615787
0.0527371
0.0462676
0.0499678
0.172773
0.288292
0.27636
0.235534
0.0417631
0.039332
0.131827
0.0467141
0.303614
0.206975
0.090506
0.0625471
0.0614013
0.0310917
0.150717
0.233198
0.314413
0.0388629
0.0335196
0.0219467
0.0886372
0.0829725
0.338086
0.453461
0.111617
0.181112
0.141798
0.269645
0.127684
0.0230547
0.128651
0.0851744
0.181286
0.107628
0.120861
0.188068
0.179809
0.0784082
0.162044
0.119165
0.0501731
0.0427622
0.0167864
0.00266629
0.0375337
0.0572984
0.21056
0.490345
0.153141
0.108497
0.0828011
0.177023
0.125678
0.0531199
0.107857
0.405751
0.272968
0.0739436
0.083132
0.0799958
0.0885849
0.100911
0.106311
0.179134
0.0941812
0.118945
0.137338
0.186104
0.098409
0.0887264
0.0543839
0.270398
0.204407
0.0902107
0.106529
0.428891
0.425418
0.100122
0.0200458
0.0868928
0.132275
0.109411
0.0462407
0.231743
0.29473
0.0476411
0.00290705
0.0417757
0.117474
0.0956063
0.17533
0.384001
0.191881
0.0664905
0.0145401
0.0876832
0.11608
0.0661235
0.0695465
0.182864
0.117686
0.0306519
0.00626217
0.0118156
0.0539824