0.201739
0.106982
0.0622009
0.0911634
0.0103483
0.00050993
0.00190028
0.0751522
0.397782
0.0771137
0.0243369
0.0166502
0.000422785
0
0.00505657
0.359929
0.165011
0.130098
0.15338
0.426802
0.151907
8.62021e-005
0.00404056
0.0751205
0.388821
0.149782
0.121449
0.095571
0.0428628
0.00140699
0.0217326
0.329812
0.327083
0.00627143
0.00142788
0
0
0
0.00259645
0.295574
0.429868
0.0121758
0.0102989
0.00454845
0.0102317
0.00108986
0.000463142
0.307394
0.336308
0.0263055
0.0137699
0.00199196
0.00488764
0.00202959
0.00901675
0.289059
0.379108
0.0159319
0.00394682
0.000174871
0.00135711
0.00208718
0.00418954
0.371251
0.337958
0.0718207
0.0618333
0.0981391
0.176931
0.00579451
0
0.18222
0.197875
0.0811313
0.069466
0.185305
0.439404
0.0369888
0.0101515
0.0887187
0.352521
0.0581616
0.0242119
0.0192366
0.0107108
0.00260185
0.00361118
0.296323
0.399185
0.068768
0.0363149
0.0535326
0.0604011
0.0101528
0.00749346
0.271357
0.211772
0.0172447
0.0128281
0.0489788
0.158461
0.0241071
0.0182815
0.121071
0.363431
0.043797
0.0154369
0.00276448
0.00595206
0.00233309
0.00581498
0.140769
0.415609
0.0192449
0.0156354
0.0170241
0.0336912
0.00572034
0.00604904
0.277797
0.600447
0.0334309
0.00801478
0.000649577
0
0
0.00233607
0.290848
0.218459
0.0211977
0.00864789
0.00239352
0.00214376
0.00672413
0.00746787
0.135903
0.297621
0.00402813
0.00152537
0.00503279
0.00323719
0.0109432
0.0249646
0.231847
0.450828
0.0456372
0.00069004
0
0
0
0.000938673
0.224348
0.543611
0.330652
0.00564127
0
0
0
0.016175
0.274991
0.197416
0.016805
0.00509278
0.00219408
0.0018913
0.015013
0.0337049
0.205437
0.146115
0.0685583
0.0252124
0.00294591
0.00555883
0.0173435
0.0328753
0.215765
0.368612
0.458298
0.0911423
0.00329399
0
0.0407579
0.0588922
0.204203
0.202642
0.46791
0.24854
0.0678276
0.101432
0.0972041
0.0669969
0.191949
0.188328
0.0502735
0.0337683
0.00876688
0.0201432
0.00549576
0.027966
0.147463
0.438192
0.0236694
0.0300567
0.0107641
0.0160148
0.00519416
0.0358764
0.213097
0.174795
0.204561
0.127673
0.247553
0.315328
0.0693477
0.040153
0.135974
0.453362
0.0619725
0.0683382
0.223105
0.204665
0.0150263
0.00964783
0.242788
0.0295238
0.0336022
0.0627836
0.452392
0.303771
0.00350812
0.00649762
0.0174365
0.0970289
0.0572863
0.0862152
0.12607
0.137571
0.00927229
0.0358587
0.0567487
0.00698045
0.0133365
0.159166
0.559178
0.30516
0.00717517
0.00256492
0.00717172
0.00851871
0.0166346
0.0854452
0.314034
0.208958
0.0212875
0.0132425
0.00736263
0.377163
0.121317
0.1052
0.0646201
0.0729163
0.0217747
0.0581398
0.256851
0.340336
0.136558
0.0223728
0.00278043
0.0170473
0.0249292
0.0268762
0.488607
0.071343
0.0918891
0.166452
0.27432
0.145493
0.053347
0.028961
0.063214
0.141884
0.127514
0.0426092
0.0126275
0.0334107
0.0790149
0.0588294
0.195794
0.163827
0.0386685
0.00304646
0.000141614
0.00516961
0.0120277
0.0169572
0.224685
0.299917
0.0393822
0.0125831
0.00139369
0
0.00746524
0.0209337
0.252146
0.113164
0.113644
0.0123077
0.000929478
0.00833935
0.0368135
0.0301496
0.0581031
0.348059
0.717868
0.0488609
0.00247263
0.000394478
0.00825093
0.0124531
0.0389106
0.11783
0.0351864
0.0144684
0.00118859
0.000539762
0.00341179
0.00323082
0.0712463
0.239231
0.174984
0.0198861
0.00074605
0.000809643
0.00404822
0.00381139
0.0694064
0.176846
0.536036
0.0443935
0.000557835
0.000809643
0.00422646
0.000815355
0.00870886
0.409649
0.580257
0.0628548
0.000186513
0.00121446
0.00607233
0.00254092
0.0104279
0.178409
0.203519
0.0197608
0
7.06686e-005
0.000353344
0.00164774
0.0355433
0.267047
0.459798
0.0359234
0
0
0
0.00222179
0.0324753
0.257532
0.459798
0.0682609
0
0.000106003
0.000530015
0.00109849
0.00341717
0.294949
0.459798
0.116381
0.000764486
0.000764486
0
0.00145031
0.0140116
0.216234
0.430759
0.0556925
0.00304693
0.00780624
0.0156318
0.0133298
0.0323907
0.151801
0.249092
0.0961002
0.10425
0.155595
0.0584887
0.0203944
0.0548883
0.223937
0.430759
0.0753313
0.0369738
0.0664937
0.0132512
0.0219284
0.057974
0.127482
0.136043
0.0246203
0.320972
0.430759
0.0540473
0.0305009
0.0721671
0.0394512
0.0666154
0.0409101
0.290373
0.34898
0.0404421
0.0101524
0.0274759
0.0927134
0.0530204
0.0329064
0.221022
0.218295
0.00673513
0.00185446
0.0464697
0.0217785
0.0141197
0.00694584
0.427766
0.47496
0.0252382
0.0050399
0.0134218
0.0794106
0.0672744
0.0445771
0.269256
0.360426
0.00666672
0
0.0140532
0.000789575
0.0147756
0.175312
0.49261
0.187653
0.00438231
0
0.000789575
0.00139003
0.00360099
0.0501158
0.218988
0.187258
0.0213354
0.000930527
0.00141185
0.00362158
0.0581399
0.257334
0.49261
0.28124
0.069301
0.041417
0.0050949
0.0818064
0.119172
0.0577806
0.277725
0.237789
0.0178038
0.00815769
0.0166816
0.0163786
0.017252
0.0198093
0.061855
0.058079
0.0216434
0.00556548
0.0085496
0.113159
0.175111
0.0170824
0.00328991
0.00880483
0.0169408
0.0120086
0.0251729
0.193632
0.476922
0.0605511
0.0557475
0.0619611
0.011
0.00338039
0.0143483
0.364343
0.674194
0.124953
0.0018965
0.00476572
0.00307181
0.00485565
0.0348842
0.120046
0.191643
0.0105384
0.000113798
0.000928018
0.00483963
0.00340039
0.00640061
0.190692
0.480188
0.0238114
0.000187609
7.26919e-005
0.000835732
0.000877337
0.00120869
0.244234
0.480188
0.070441
0
1.19746e-005
0.000125586
0.0010268
0.0109735
0.31931
0.480188
0.0633827
0
0.0158808
0.0152221
0.00838594
0.0359422
0.135621
0.436789
0.0629818
5.45498e-005
7.13678e-005
0.000356839
0
0.00055289
0.187937
0.436789
0.117936
0
0.000107052
0.00394331
0.0111979
0.000905686
0.156277
0.436789
0.0785908
0.00141873
0.0636687
0.0621308
0.0155559
0.0517625
0.225654
0.427129
0.148094
0.0021281
0.0530863
0.0697338
0.0646646
0.0641762
0.208814
0.437227
0.108679
0.0043767
1.57445e-005
0.00256135
0.0081572
0.000641585
0.266368
0.437227
0.138939
0.0108684
0.00278563
0
0.00106695
0.0179645
0.261718
0.333347
0.121452
0.047263
0.00317205
0.0247657
0.0550404
0.0868889
0.235637
0.27598
0.257401
0.0803976
0.00476162
0.0164659
0.0380623
0.119385
0.130924
0.262611
0.0853085
0.0670585
0.0691608
0.00449019
0.0085021
0.0458456
0.0366264
0.0560515
0.0311377
0.403498
0.425369
0.0137424
0.00973916
0.0330032
0.113678
0.174736
0.141474
0.104166
0.0934007
0.0148761
0.0215216
0.126718
0.0313418
0.0576683
0.0235502
0.443356
0.443356
0.0166384
0.00642215
0.0512608
0.00411908
0.00155644
0.00375018
0.34261
0.404508
0.00753173
0.000956633
0.00144571
0.0243194
0.0155711
0.0203718
0.232825
0.239786
0.0131993
0.00574493
0.00395883
0.00173009
0.00102932
0.002261
0.426011
0.426011
0.00239274
0
0.000292093
0.00922792
0.00479641
0.00931839
0.34629
0.281429
0.0300574
0.0155821
0.0113347
0.0102353
0.0470654
0.099414
0.225319
0.287232
0.160278
0.0560146
0.00529661
0.142975
0.335521
0.0484664
0.162356
0.105844
0.0650522
0.0290126
0.0221842
0.0239789
0.0403543
0.0290902
0.253422
0.376428
0.22965
0.0848378
0.00389004
0.11949
0.280032
0.0443352
0.107354
0.0742431
0.245042
0.391638
0.0968488
0.142703
0.415379
0.0418528
0.0255102
0.0241615
0.019156
0.016173
0.0136889
0.130481
0.43708
0.113205
0.0191625
0.0190382
0.0230763
0.0270479
0.0290718
0.0747515
0.208503
0.027424
0.0265083
0.0484153
0.10834
0.375887
0.114727
0.0354021
0.286265
0.0851303
0.0342898
0.0715508
0.133772
0.43708
0.107781
0.14531
0.447749
0.090975
0.00575147
0.00305895
0.00795468
0.026968
0.0246993
0.213774
0.447749
0.0780147
0.0279781
0.0250507
0.0254849
0.0228316
0.0527537
0.0417513
0.253697
0.058892
0.0153239
0.0178683
0.0809246
0.447749
0.10968
0.107539
0.126421
0.132443
0.0711293
0.0620631
0.073657
0.314849
0.137997
0.153649
0.247053
0.0720965
0.0330863
0.173791
0.164677
0.0825742
0.115729
0.308159
0.249164
0.0772467
0.0181347
0.169451
0.165583
0.166058
0.214774
0.150896
0.0396239
0.142015
0.139981
0.159061
0.13101
0.182655
0.183062
0.296117
0.109226
0.0724415
0.110154
0.116173
0.0921123
0.176707
0.380911
0.267983
0.204555
0.0691244
0.036654
0.0126444
0.035767
0.0727431
0.170645
0.183604
0.196615
0.16889
0.0631843
0.0110925
0.033808
0.105626
0.231883
0.255867
0.129466
0.0952158
0.0334956
0.00908004
0.0124582
0.0646372
0.287795
0.178921
0.478429
0.354846
0.0443191
0.0166399
0.0108545
0.0982336
0.218019
0.0689827
0.0909993
0.0590249
0.0677946
0.0885613
0.0211452
0.0610645
0.168714
0.0122073
0.0273614
0.0115828
0.427609
0.411265
0.0183077
0.0204125
0.0613258
0.0649422
0.30721
0.114326
0.100843
0.143053
0.0278333
0.0950878
0.110031
0.0117369
0.0492535
0.0079273
0.427609
0.427609
0.033834
0.0495415
0.0491148
0.000226367
0.00148457
0.00125144
0.417472
0.366988
0.00150317
0.00110234
0.000510649
0.0111506
0.00484253
0.0041537
0.264063
0.219655
0.0218762
0.00521929
0.00817294
0
0.000371144
0.00195179
0.417472
0.417472
0.00485612
0.00165351
0.000708648
0.00977307
0.00359455
0.00938675
0.317339
0.284839
0.0188586
0.00398594
0.00124102
0.0141471
0.00694802
0.00817619
0.395572
0.280944
0.0814794
0.0395326
0.00514845
0.0441776
0.0272313
0.00829076
0.163126
0.0783142
0.116463
0.349085
0.159286
0
0
0.000531374
0.466875
0.453584
0.000578861
0.00055162
0.00128711
0.0113969
0.000271241
0.00191171
0.228849
0.172559
0.00243631
0.04257
0.0518561
0.0172961
0.0119496
0.00319491
0.0183948
0.0241445
0.069693
0.488965
0.203778
0.00338555
0.0190064
0.00951641
0.0132975
0.0410136
0.105283
0.496989
0.266714
0.011033
0.000763266
0.0015172
0.0323125
0.0228218
0.00850517
0.145102
0.0982866
0.00894709
0.00162739
0.00189741
0.00669111
0.00761045
0.0328499
0.475829
0.269029
0.00251403
0.0130928
0.00619962
0.00570352
0.0115528
0.0633451
0.439286
0.159194
0.0235401
0.0113616
0.0369714
0.0158701
0.0256827
0.0828424
0.439286
0.174924
0.0033243
0.000743921
0.000573023
0.00163522
0.00267108
0.0386679
0.439286
0.193842
0.00330839
0.0002296
0
0
0.000570337
0.0869918
0.439286
0.260452
0.0531045
0.00795939
0.0433041
0.0456046
0.0288722
0.0568776
0.381829
0.153911
0.0775887
0.0143891
0.0274659
0.0488968
0.00977767
0.0114227
0.234627
0.172694
0.00653309
0.000530843
0.0014661
0
0.00105088
0.085215
0.52001
0.237447
0.00760486
0.000802952
0.0030769
0.00674143
0.0042973
0.0630812
0.52001
0.255329
0.0597805
0.0166387
0.102431
0.0629267
0.0313247
0.0203418
0.0797353
0.120448
0.0305672
0.253076
0.376246
0.0902818
0.0620242
0.0727239
0.13244
0.0666625
0.00550022
0.000704012
0.0461978
0.0474429
0.0496636
0.10409
0.47563
0.170811
0.00188326
0.0513106
0.148971
0.0799455
0.0873307
0.330905
0.47563
0.137622
0.0120768
0.172771
0.115591
0.145135
0.147734
0.0279148
0.0868019
0.0261176
0.00298526
0.0227193
0.00236825
0.410142
0.410142
0.00852481
0.0252683
0.0119482
0.0105533
0.0664862
0.0447375
0.196273
0.137243
0.109342
0.322653
0.0789699
0.0143537
0.0319614
0.00355126
0.410142
0.410142
0.00765674
0.0387486
0.0304253
0
0
0.00192243
0.405507
0.381072
0.00243709
0.000223378
9.57334e-005
0.00147954
0.00076452
0.00918159
0.23553
0.252266
0.00964219
0.00155073
0.000167653
0.00196342
0
0.00102661
0.417682
0.417682
0.00521204
0.000259657
0.000331486
0.000405259
0
0.00424322
0.272774
0.324014
0.0257459
0.0206915
0.0162216
0
0
0.00187261
0.415584
0.365423
0.00108073
0
0
0.00069028
0.000324721
0.0111822
0.187269
0.15714
0.00267292
0.00278958
0.00153594
0.00108039
0
0.0012484
0.518608
0.478406
0.00740126
0.00176574
0.00187788
0.010063
0.00368251
0.0119886
0.181637
0.221062
0.02608
0.0123544
0.0426001
0.0202021
0.00603953
0.0520778
0.213123
0.14489
0.036927
0.0479908
0.0662042
0.054335
0.0157638
0.0311681
0.0533855
0.0625111
0.0619638
0.39001
0.354171
0.139547
0.0344317
0.0570098
0.14222
0.194303
0.0847475
0.05993
0.298966
0.389411
0.0204719
0.0305757
0.033747
0.0613862
0.074989
0.0666211
0.302227
0.0150589
0.00415585
0.00778191
0.00418336
0.00578869
0.0211028
0.313716
0.165252
0.0172945
0.00310988
0.00266945
0.000393401
0.00240338
0.0874433
0.755533
0.384007
0.12025
0.0138134
0.0150388
0.00315572
0.00665772
0.0130924
0.0140819
0.0662948
0.124643
0.0283831
0.0093083
0.000590101
0.00626505
0.03431
0.105038
0.157203
0.00932452
0.000748207
0
0
0.000769553
0.0545666
0.511389
0.171926
0.00597031
0.00044267
0
0.000520116
0.0006061
0.0648425
0.511389
0.216615
0.0429823
0.00960151
0.000130088
0
0.00170248
0.0155449
0.144234
0.105
0.0492146
0.00681677
0
0
0
0.0165984
0.511389
0.210746
0.000385232
2.18165e-005
0
0.00286172
0.00577538
0.0407312
0.452209
0.134417
0.000798442
0.00860704
0.000956336
0.00681081
0.0118874
0.123066
0.452209
0.152107
0.0185487
0.000552393
0
0
0
0.011297
0.452209
0.164857
0.0148857
2.61865e-005
0
0
0.00117459
0.0798235
0.452209
0.211565
0.0329173
0.0371864
0.0184684
0.0736603
0.0514117
0.0976034
0.425141
0.140061
0.0519516
0.0374104
0.0638701
0.397763
0.319857
0.0296565
0.0817462
0.0817055
0.0744618
0.0208358
0.0221359
0.0101613
0.0137007
0.125231
0.425141
0.180068
0.135224
0.0761077
0.0980899
0.236308
0.210594
0.0651367
0.249484
0.135078
0.00862688
0.00486317
0.0206484
0.411463
0.395704
0.0134413
0.0010739
0.00683641
0.00827815
0
0
0.212449
0.248048
0.0636123
0.0595017
0.0635976
0.0336519
0.0338238
0.0353268
0.401306
0.417525
0.0265189
0.0254407
0.0299629
0.0687207
0.0108286
3.12563e-005
0.226363
0.309322
0.0636272
0.0456986
0.121002
0.00612442
0
0.000394105
0.25502
0.41861
0.101674
0.0428783
0.0270458
0.0618916
0.00226383
0.00118997
0.0702005
0.131382
0.0639211
0.0454867
0.192166
0.0421149
0.000350876
0.00348818
0.0677845
0.20739
0.203881
0.228525
0.286701
0.287123
0
0
0.0106091
0.0300604
0.0723894
0.11774
0.544119
0.091416
0.00299618
0.000965419
0.00431823
0.0115463
0.0093336
0.00932891
0.18206
0.211717
0.00143416
0.000675273
0.000462497
0.000980421
0.00304951
0.00420978
0.174508
0.310371
0
0
0.000195127
0.000778966
0.00308812
0.0040943
0.495825
0.495825
0
0
0
0
0
2.534e-005
0.495825
0.190321
0.00386039
0.00186353
0.000136158
0.000386374
0.00190507
0.00159228
0.112066
0.188245
0.00846474
0.00150994
4.13418e-005
0.000906121
0.00274535
0.00313454
0.181277
0.475782
0
0
0
0
0
0.00544123
0.392962
0.475782
0.00303111
0
0.000887686
0.0150906
0.00384347
0.0445575
0.475782
0.152638
0.00814133
0.000126388
0
0.000743212
0.00158067
0.0182235
0.226584
0.240522
0.00647004
0
0
0
0.0015408
0.0981239
0.271114
0.357361
0.00270765
0.000783026
0.0482087
0.162218
0.0338848
0.138977
0.476564
0.350644
0.0147884
0.0157413
0.0980091
0.20055
0.0611208
0.12131
0.366413
0.195576
0.00139673
0
0
0
0.00495044
0.208071
0.227842
0.247251
0.0036128
0
0
0
0.0855952
0.53084
0.29575
0.30271
0.0176103
0.00881056
0.0193601
0.0228451
0.019627
0.0500192
0.240378
0.402221
0.0290667
0.00656681
0.00271132
0
0.0222346
0.103761
0.221092
0.177745
0.0156299
0.00471331
0.00202775
0.00535651
0.121139
0.526317
0.175778
0.146908
0.0747617
0.0237504
0.129487
0.135422
0.146105
0.496399
0.136195
0.252936
0.0247657
0.0110751
0.00639807
0.00803477
0.0290164
0.158222
0.152115
0.154689
0.0470861
0.00424772
0.0373006
0.0588117
0.0925404
0.263341
0.147232
0.0978959
0.0787412
0.0110319
0.363259
0.415183
0.0992525
0.149174
0.0780579
0.276703
0.0256123
0.000181676
0.22731
0.311819
0.056013
0.0385451
0.217372
0.151758
0.0606998
0.0016886
0.0998114
0.124554
0.0772108
0.144233
0.128855
0.352528
0.05044
0.0144095
0.0765254
0.10089
0.0358513
0.0576578
0.251631