0.0808866
0.103867
0.159132
0.118744
0.124688
0.0851384
0.0403585
0.0271289
0.14483
0.144595
0.15677
0.143064
0.11574
0.0725458
0.0413251
0.054638
0.0659484
0.059709
0.134599
0.207645
0.22119
0.0926456
0.0408587
0.0696486
0.335687
0.241427
0.228132
0.168505
0.0831633
0.0685064
0.0377291
0.188061
0.0653818
0.0251516
0.0196968
0.0324726
0.0231089
0.0152098
0.0211621
0.0298457
0.084685
0.00895789
0.015962
0.0583863
0.114326
0.0430823
0.0186705
0.0247744
0.273526
0.157631
0.0707198
0.011568
0.00586408
0.00366288
0.00402321
0.0695327
0.750397
0.182529
0.0547935
0.0438243
0.0417443
0.00775306
0.00242503
0.309593
0.00428047
0.000311548
0.00362002
0.0377786
0.179362
0.0143545
0.000632599
0.000541934
0
4.04055e-006
0.000617948
0.187994
0.56037
0.020876
0
0
0.134367
0.0169886
0.012859
0.0793513
0.0925524
0.00213396
0.000127905
0.0748318
0.0596713
0.0267861
0.028918
0.449853
0.56037
0.00289653
0.000259582
0.0252769
0
0.000724739
0.00469493
0.180388
0.587965
0.0128191
0.000666169
0
0.00203758
0.00305862
0.015635
0.0399431
0.087258
0.0187677
0.013479
0.00179449
0.00638961
0.00992149
0.0180065
0.382436
0.614161
0.0192955
0.00480184
0.00489859
0.00573083
0.000708325
0.00906299
0.0629519
0.128292
0.0419257
0.013141
0.0306934
0.0548862
0.0264259
0.112228
0.101954
0.118819
0.0535679
0.091547
0.0419022
0.0962193
0.0393994
0.0957183
0.107655
0.059687
0.0625929
0.137045
0.226121
0.18089
0.0187559
0.0781179
0.106185
0.192761
0.112327
0.0396835
0.280665
0.36821
0.0686097
0.0715718
0.0475793
0.0502645
0.0650071
0.083249
0.477281
0.104352
0.0238707
0.0205569
0.0728826
0.0616655
0.139148
0.12351
0.19705
0.119977
0.0903004
0.0989737
0.0874392
0.121044
0.136597
0.12305
0.0761828
0.285543
0.0780468
0.0820144
0.0236082
0.0497583
0.0966439
0.0862491
0.361475
0.208167
0.109522
0.176161
0.101872
0.134342
0.1871
0.120852
0.300329
0.0730235
0.0948843
0.0755814
0.0868213
0.0834422
0.0667977
0.0537733
0.0848735
0.0703821
0.0961093
0.0812121
0.124712
0.0887853
0.136565
0.091158
0.136056
0.17633
0.0742554
0.101439
0.145296
0.0965637
0.153385
0.176961
0.22187
0.299401
0.12428
0.101067
0.194823
0.0833998
0.140798
0.263963
0.397901
0.0241176
0.0217359
0.0248241
0.0251424
0.028804
0.0134137
0.0118332
0.0267503
0.0650863
0.0570355
0.258429
0.0674706
0.0122154
0.0119149
0.0211982
0.0535551
0.0374382
0.0381113
0.0393733
0.0313658
0.0408216
0.0189389
0.0107998
0.0296721
0.0293499
0.0400835
0.505236
0.711621
0.130331
0.00666794
0.0130096
0.0284854
0.134233
0.0745576
0.204012
0.0226522
0.000192526
0.000617112
0.00198906
0.030266
0.472086
0.0975568
0.115697
0.00776868
0.000643233
0
8.30025e-005
0.245941
0.0865399
0.0489951
0.382024
0.328802
0.0670377
0.010862
0.00267638
0.019436
0.420133
0.08737
0.220617
0.109195
0.0846897
0.0175838
0.00229665
0.207894
0.392285
0.0487463
0.0137734
0.042625
0.0204697
0
1.00408e-005
0.226133
0.221112
0.116858
0.0737202
0.346188
0.284902
0.00478149
0.0106832
0.131805
0.425536
0.0484823
0.0207909
0.00954571
0.0208847
0.00251947
0.000478575
0.217823
0.300273
0.0955265
0.0371453
0.0778986
0.0475608
0.00260645
0.0166917
0.323092
0.0728036
0.0397718
0.0457003
0.266586
0.287707
0.0252847
0.027988
0.119592
0.155884
0
0.000598394
0.0331434
0.0638036
0.0307972
0.0278578
0.235803
0.206307
0.0345717
0.0263076
0.0683827
0.0559126
0.0114153
0.0321456
0.396973
0.430929
0.0551512
0.0160214
0.00928521
0.0128828
0.00928346
0.0160847
0.518408
0.164372
0.000667384
0.00089001
0.00391881
0.00999766
0.00750983
0.00706568
0.196569
0.204852
0.00420175
0.0088141
0.0020755
0.0127479
0.00254154
0.0110231
0.23279
0.391799
0.174947
0.0391064
0.00231209
0.00231209
0.000483866
0.00235713
0.332609
0.389823
0.434862
0.144744
0.02417
0.0435619
0
0.0449394
0.335856
0.169544
0.0118441
0.0359953
0.00380911
0.0213587
0.00443781
0.0159563
0.153972
0.17559
0.0415546
0.0411364
0.0232901
0.0307865
0.0208324
0.0313
0.118865
0.263887
0.318452
0.260936
0.102407
0.109641
0.0427023
0.0910058
0.189875
0.282366
0.154899
0.146942
0.38081
0.451342
0.117015
0.122668
0.108304
0.166823
0.0290407
0.0178153
0.0160177
0.0156471
0.0161502
0.0289547
0.12535
0.226581
0.010198
0.00784283
0.00607095
0.00145479
0.00916598
0.0406665
0.31019
0.291568
0.11214
0.0457932
0.228676
0.233815
0.0256316
0.0319234
0.167365
0.501112
0.0460412
0.0151141
0.0254762
0.0089133
0
0.0124357
0.499081
0.0184427
0.010292
0.00812757
0.0229926
0.0194757
0.00598345
0.00450023
0.0219048
0.00661457
0.00816533
0.090417
0.471111
0.0967783
0.0024745
0.000899114
0.00821704
0.158157
0.0219852
0.013766
0.0256483
0.00792268
0.000650904
0.0069508
0.31118
0.048142
0.0817411
0.398214
0.608051
0.080601
0.00171361
0.00672475
0.15794
0.00813989
0.0189165
0.141656
0.441099
0.10457
0.0257837
0.00408154
0.00118284
0.0664075
0.0333886
0.0843984
0.161804
0.15727
0.0393823
0.00608846
0.020609
0.00671589
0.0856921
0.352626
0.526595
0.175706
0.0256979
0.0099308
0.00996324
0.0348516
0.0646734
0.0866475
0.281062
0.337375
0.0350521
0.00973513
0.0207372
0.146653
0.0285504
0.0212911
0.0313315
0.0708326
0.00757964
0.00316183
0.0699999
0.159807
0.0501133
0.00915243
0.00281554
0.00405232
0
0.00860432
0.195837
0.171156
0.149893
0.0260273
0.132381
0.132007
0.00591269
0.00475037
0.0482913
0.500651
0.690069
0.0739148
0.0200916
0.00038936
0
0.00514323
0.0616004
0.0929883
0.0783949
0.00924792
0.000608301
0.00158158
0
0.00340335
0.106695
0.239193
0.262464
0.0349731
0.00381497
0.00381497
0.000241778
0.00470644
0.112358
0.212177
0.554956
0.0892286
0.00887728
4.57753e-005
0
0.000584454
0.0224076
0.294354
0.554956
0.147451
0.0201667
0.000953742
0.000967111
0.0170125
0.0200121
0.165005
0.302074
0.0727968
0.00210411
0.00210411
0.000296776
0.00504522
0.0502341
0.192468
0.467927
0.0923942
0.00908717
0.011593
0.0068848
0.0166292
0.0514054
0.186211
0.467927
0.140864
0.00847352
0.00109584
0.00983711
0.0270816
0.0166944
0.265366
0.444986
0.0919644
0.00958748
0.0434538
0.0571915
0.026301
0.0470768
0.104505
0.283801
0.0762701
0.0511408
0.0850676
0.0599233
0.0453832
0.0566475
0.0414581
0.0548099
0.0407726
0.275415
0.403644
0.0879565
0.0438868
0.0304834
0.151669
0.194492
0.00658066
0.0683279
0.295081
0.0916493
0.0227465
0.0804885
0.0127398
0.0160405
0.00727034
0.369867
0.516465
0.0648031
0.0116478
0.0302025
0.0834865
0.0579978
0.0504317
0.286698
0.400856
0.0284886
0.0203692
0.0395916
0.236398
0.0476693
0.0299226
0.0346905
0.0426533
0.00193311
0.0251953
0.180699
0.0237168
0.0303611
0.04407
0.405841
0.579203
0.0209064
0.0102663
0.0112991
0.142058
0.0651252
0.0542234
0.0955276
0.11076
0.0112293
0.0457656
0.160595
0.213676
0.0170289
0.00712194
0.00847344
0.00787384
0.00388117
0.0161332
0.373219
0.0863146
0.0741399
0.264595
0.219862
0.189205
0.117723
0.0494771
0.178389
0.171512
0.00460416
0.00201273
0.00575208
0.0224906
0.0252133
0.0408653
0.23773
0.0736042
0.0163503
0.0365947
0.0892659
0.584712
0.277291
0.0924641
0.101674
0.00780742
0.0427417
0.195484
0.198241
0.254557
0.0947634
0.0185967
0.0166192
0.135682
0.126139
0.0517848
0.146939
0.252376
0.0288914
0.0126053
0.0719206
0.00712198
0.0171923
0.0356976
0.0683054
0.523198
0.242748
0.0467761
0.017046
0.192595
0.207813
0.100465
0.0318724
0.388471
0.209558
0.166864
0.103078
0.202083
0.235509
0.0370857
0.0498683
0.043728
0.00151771
0.0135391
0.0407445
0.301648
0.471566
0.103766
0.0286615
0.00325295
0
0.00798752
0.0127792
0.234316
0.237983
0.0734441
0.0406061
0.18665
0.129229
0.145966
0.0874404
0.208446
0.416595
0.146703
0.0648374
0.214234
0.159866
0.0826308
0.0648364
0.26446
0.4797
0.102562
0.0205032
0.0114944
0
1.78139e-005
0.0288083
0.212645
0.467481
0.101384
0.0445768
0.0629721
0.000259555
0.0171248
0.0600936
0.231696
0.267789
0.125797
0.0436591
0.0846418
0.0769095
0.0507095
0.0803225
0.320518
0.154028
0.088626
0.0924852
0.14414
0.0228336
0.0696513
0.148947
0.206496
0.402121
0.105778
0.0497351
0.0587839
0.0396568
0.0486821
0.0951215
0.19772
0.201311
0.0751813
0.0391089
0.105746
0.223274
0.08061
0.0947728
0.395853
0.167098
0.0399896
0.10561
0.118984
0.0386421
0.0747156
0.280011
0.183192
0.191872
0.207195
0.113727
0.0956987
0.183266
0.108138
0.254867
0.0531537
0.0535327
0.0455089
0.127165
0.212883
0.0970639
0.02555
0.0583448
0.00351058
0.0128121
0.0373522
0.413897
0.443716
0.0222797
0.00239704
0.0140533
0.0429939
0.149233
0.179358
0.146891
0.0775166
0.0722559
0.0456706
0.106824
0.0113847
0.0708625
0.116749
0.496449
0.359438
0.0105078
0.00453635
0.024749
0.0133488
0.0207702
0.0140292
0.428678
0.374442
0.0200993
0.00875827
0.012973
0.105582
0.0800641
0.049365
0.12709
0.0896702
0.0380063
0.0435462
0.101958
0.00870165
0.00731946
0.0298788
0.530714
0.407049
0.0299096
0.0164212
0.0230979
0.073183
0.0632339
0.0840017
0.179606
0.14047
0.163037
0.0595209
0.0569128
0.0303235
0.000586567
0.00445919
0.0149068
0.0289106
0.0350467
0.0313079
0.0404973
0.0114928
0.000191994
0.001198
0.211249
0.604836
0.108373
0.0326841
0.017816
0.0215751
0.00314858
0.0106105
0.0172152
0.0370071
0.0218719
0.0206876
0.0117935
0.0136607
0.00264958
0.0045529
0.440424
0.551817
0.013998
0.00779672
0.00582373
0.00764402
0.0075972
0.0124669
0.133991
0.487511
0.101537
0.0324309
0.0078518
0.0648963
0.0600745
0.0481239
0.0398867
0.258154
0.191467
0.317767
0.115927
0.00573238
0.00517002
0.00853504
0.376388
0.438971
0.00913738
0.00416773
0.00315597
0.0265314
0.0258302
0.0227556
0.178109
0.21234
0.0408588
0.155539
0.10412
0.0691296
0.0376429
0.0225657
0.0284645
0.146906
0.143196
0.32966
0.208324
0.0655925
0.0608569
0.034275
0.0435368
0.191829
0.221852
0.338268
0.21766
0.0262735
0.0129024
0.00705357
0.025906
0.0381217
0.0289524
0.280906
0.210005
0.0294189
0.00696969
0.00034442
0.0127009
0.0212812
0.0662033
0.514861
0.30122
0.0524134
0.040269
0.0454393
0.0199764
0.0549891
0.125789
0.2515
0.141694
0.135002
0.0338337
0.0646437
0.0313354
0.0534044
0.0792497
0.221108
0.171412
0.0173828
0.00233939
0.00405478
0.00273983
0.0136821
0.111904
0.51182
0.209826
0.0282078
0.00472912
0.0186256
0.00257572
0.0259682
0.162213
0.51182
0.345519
0.155817
0.0323234
0.0666295
0.10533
0.0456299
0.0268282
0.0790916
0.186079
0.0733726
0.0618357
0.323016
0.225874
0.044332
0.0436052
0.0599315
0.135028
0.0656557
0.00689869
0.0591436
0.117872
0.0443612
0.0796121
0.414402
0.326794
0.0708096
0.0195923
0.235324
0.255923
0.0651277
0.200598
0.401727
0.190336
0.0336115
0.0786527
0.21461
0.115838
0.0803557
0.0353373
0.0516082
0.07519
0.0102104
0.033524
0.0511408
0.367011
0.344879
0.0118838
0.00799806
0.0180735
0.052883
0.0294665
0.160022
0.157544
0.123193
0.0960079
0.187983
0.136802
0.0218345
0.015587
0.0369542
0.498377
0.47488
0.00898025
0.0119296
0.0348926
0.00356049
0.000913741
0.0283942
0.406012
0.313077
0.0138605
0.00607288
0.0143798
0.0138353
0.0179762
0.047378
0.167668
0.165431
0.114294
0.0307654
0.0279285
0.000715437
0.00203795
0.0256052
0.553708
0.415803
0.0442083
0.0166574
0.00186014
0.0375381
0.0285675
0.0392913
0.183941
0.202309
0.184817
0.0799365
0.00595738
0.0184324
0.00592274
0.00914077
0.0221422
0.0302368
0.00976963
0.00625485
0.00662538
0.00970773
0.00420745
0.0121479
0.509362
0.377577
0.0094606
0.00355223
0.00157476
0.0162094
0.0108176
0.00793179
0.0377038
0.0494584
0.011941
0.00221146
0.00850517
0.00240453
0.0022239
0.0103538
0.537436
0.462034
0.114437
0.0320684
0.0130944
0.000847984
0.00125038
0.00487329
0.477508
0.341937
0.00456125
0
0
0.00643199
0.0253099
0.0216718
0.234576
0.203292
0.0112158
0.0128055
0.0181247
6.28626e-005
0.000193851
0.0117594
0.4167
0.402892
0.147062
0.0918078
0.0287948
0.039689
0.0181387
0.0223777
0.167194
0.232177
0.116265
0.136784
0.110006
0.0476439
0.0522286
0.0233883
0.0614209
0.075419
0.0115309
0.110018
0.0997945
0.10172
0.0639271
0.00194865
0.00370352
0.00261493
0.0174849
0.572391
0.277743
0.200344
0.0606968
0.0131443
0.0391964
0.0726601
0.0339503
0.073355
0.260431
0.447563
0.0807117
0.000950449
0.00092588
0.000156317
0.00132845
0.0442618
0.337803
0.030727
0.0160158
0
0
0.00307412
0.0570374
0.405256
0.136632
0.0191203
0.00326004
0.00138799
0.00078895
0.0133041
0.110911
0.57769
0.374651
0.178298
0.02306
0
0
0
0.0108183
0.0705485
0.148261
0.237313
0.0168819
0.000853234
0.000127838
0.00217324
0.0461488
0.22914
0.313232
0.0238231
0.00130436
0.00453619
0.0181529
0.0243514
0.101408
0.429043
0.224122
0.056157
0.00926106
0.0194401
0.0374572
0.0245409
0.199701
0.45953
0.208348
0.115658
0.00933019
0.0048605
0.000679386
0.00516824
0.100066
0.247908
0.183102
0.106706
0.0220056
0.0240216
0.00557365
0.00662494
0.183699
0.426193
0.248938
0.0698656
0.0430984
0.0432149
0.0809802
0.0523037
0.0794061
0.218356
0.179639
0.034337
0.0408332
0.0349769
0.47512
0.3166
0.0130034
0.0341779
0.0347363
0.0773131
0.0503247
0.0347947
0.0421026
0.0354348
0.171346
0.313626
0.173605
0.0384301
0.0704331
0.0502094
0.404783
0.348793
0.152391
0.157176
0.0360423
0.00505738
0.00577934
0.0210155
0.501278
0.302735
0.0508983
0.0318781
0.0100201
0.0649116
0.0107743
0.0282694
0.101568
0.0989563
0.126555
0.0912677
0.0315753
0.0664169
0.0215107
0.0216508
0.403424
0.357398
0.110052
0.095531
0.134278
0.257351
0.000683227
0.0119483
0.0489228
0.0514069
0.0407314
0.0616031
0.358144
0.0438723
0.0306522
0.0160028
0.0424612
0.0695181
0.0234966
0.0141771
0.0223183
0.0160521
0.0244902
0.0194719
0.320064
0.640476
0.411486
0.225218
0.0829155
0.0517546
0.0549268
0.0515019
0.0499592
0.00942931
0.0118943
0.0235462
0.028558
0.0543027
0.0750705
0.0863264
0.0268238
0.0870627
0.166441
0.165308
0.0778325
0.00176597
0.00192909
0.007798
0.104087
0.212695
0.200886
0.320876
0.10064
0.0604869
0.0171046
0.0179952
0.0400505
0.0919683
0.178351
0.482897
0.175348
0.0101045
0.00767891
0.0152923
0.0111646
0.0712026
0.0803422
0.248308
0.100129
0.061552
0.0429191
0.0535728
0.174743
0.206248
0.219629
0.426685
0.125862
0.177258
0.0826131
0.0355472
0.012838
0.0180027
0.0546646
0.128836
0.16201
0.362838
0.0793536
0.0283666
0.0074786
0.0145313
0.0313247
0.0812208
0.281173
0.162253
0.126563
0.115645
0.135532
0.0759538
0.14196
0.224256
0.173538
0.406604
0.137653
0.0835438
0.0299144
0.0581254
0.116543
0.261118
0.401001
0.2277
0.0105674
0.00130423
0.000447719
0.0136007
0.0713637
0.143643
0.249021
0.281903
0.0382872
0.00385141
0.0129262
0.0814674
0.163295
0.132195
0.234607
0.325549
0.0679315
0.0324427
0.00780312
0.0714129
0.144276
0.226911
0.232204
0.168524
0.0724635
0.0552364
0.0435867
0.382544
0.33959
0.214323
0.126418
0.299833
0.0497469
0.0154508
0.0212962
0.0825835
0.12992
0.123109
0.321349
0.287109
0.10162
0.109185
0.0236145
0.014168
0.147362
0.284851
0.29074
0.0715163
0.040721
0.0307083
0.0498862
0.352582
0.30012
0.197526
0.190189
0.0836262
0.0677108
0.151988
0.0852044
0.0719753
0.0966988
0.10022
0.125238
0.148283
0.130251
0.140736
0.0760446
0.0470081
0.278017
0.32374
0.112178
0.0924232
0.153936
0.103461
0.343586
0.360027
0.32798
0.292995
0.144935
0.0514481
0.067101
0.163811
0.12378
0.0847802
0.0485129
0.0244497
0.0106228
0.073771
0.0455429
0.0475823
0.0918519
0.117976
0.11487
0.0593789
0.149227
0.173413
0.028803
0.013588
0.135257
0.168982
0.0998013
0.122949
0.264862
0.493343
0.00233709
0
0.00361392
0.0120383
0.0186156
0.0419741
0.538668
0.146324
0.0119656
0.00106915
0.0141214
0.0322562
0.0295166
0.0428204
0.173456
0.339232
0.00885948
0.000741404
0.00537948
0.00834497
0.0159715
0.0280878
0.204252