0.237594
0.180847
0.0454688
0.0328926
0.10494
0.0593882
0.0478527
0.213514
0.366644
0.325069
0.0995821
0.0390194
0.0699196
0.0698643
0.0156707
0.219414
0.0455261
0.172265
0.086364
0.0722693
0.259303
0.24398
0.181091
0.0476368
0.101772
0.377021
0.182835
0.0964475
0.239473
0.134085
0.0105779
0.0501554
0.275133
0.188005
0.181682
0.0822562
0.0378071
0.0448668
0.0175495
0.231337
0.236743
0.228595
0.264001
0.0839251
0.0354982
0.0501528
0.0435826
0.239696
0.153424
0.190929
0.148587
0.119164
0.128753
0.09193
0.0320442
0.0936137
0.308482
0.253697
0.0959045
0.280876
0.181792
0.171872
0.128095
0.158722
0.189429
0.211069
0.124159
0.0906192
0.10652
0.0331495
0.0367116
0.117767
0.289248
0.105295
0.0800212
0.200643
0.195918
0.0414963
0.0516205
0.136229
0.22202
0.28776
0.0651691
0.18591
0.213757
0.194165
0.18259
0.140101
0.148963
0.134603
0.0673583
0.224838
0.306851
0.193168
0.220368
0.148661
0.256461
0.104807
0.0630414
0.154384
0.148576
0.0328061
0.115544
0.154822
0.167604
0.128714
0.0865227
0.113959
0.167995
0.0733622
0.121898
0.226989
0.0847958
0.0722782
0.117013
0.249566
0.236822
0.0998983
0.210087
0.115392
0.24751
0.0879584
0.124648
0.19905
0.265964
0.168704
0.266636
0.300323
0.148209
0.0700594
0.08021
0.0747322
0.201422
0.0979868
0.0509343
0.14622
0.155203
0.123771
0.162466
0.0452251
0.209296
0.147937
0.181708
0.226563
0.306152
0.116595
0.0955808
0.0808147
0.212805
0.109504
0.0789352
0.23786
0.258716
0.289878
0.19498
0.0608323
0.156272
0.145759
0.156447
0.311406
0.124067
0.0867467
0.076101
0.0224398
0.0287902
0.111575
0.169307
0.12072
0.177592
0.194066
0.0453374
0.0560941
0.0105449
0.119853
0.145602
0.123292
0.215147
0.283067
0.0899423
0.0103915
0.0546915
0.140582
0.133177
0.150294
0.409622
0.57095
0.110295
0.00146717
0.0156672
0.0888465
0.0756077
0.123386
0.107621
0.183253
0.073631
0.110699
0.0400918
0.0802196
0.0867444
0.0704107
0.115482
0.142743
0.149201
0.165694
0.112316
0.0948581
0.126772
0.0354992
0.269386
0.550088
0.0956637
0.082292
0.108948
0.0754393
0.121639
0.0799058
0.170132
0.127788
0.0912911
0.333907
0.254617
0.118644
0.239514
0.0903419
0.0157305
0.07995
0.0547844
0.162632
0.263035
0.280636
0.144089
0.0505238
0.0692274
0.168954
0.073097
0.0838816
0.27814
0.149938
0.0414343
0.101064
0.021175
0.107046
0.181578
0.305369
0.283228
0.258766
0.145562
0.054741
0.0288407
0.0846621
0.0556106
0.155506
0.411356
0.216956
0.107824
0.0917607
0.0875915
0.112267
0.0965121
0.0708463
0.13667
0.0712866
0.0665667
0.101692
0.11246
0.181617
0.204867
0.345483
0.262042
0.152527
0.128302
0.0983275
0.0493496
0.0640682
0.0657537
0.0644848
0.195603
0.124195
0.120591
0.176131
0.0682833
0.219506
0.334791
0.200504
0.21297
0.196823
0.324626
0.179452
0.0508354
0.101438
0.0803861
0.224662
0.230072
0.204477
0.110617
0.0585227
0.0228663
0.0364262
0.0309503
0.222655
0.253939
0.228338
0.197311
0.0932394
0.0735317
0.0853555
0.128166
0.165777
0.180836
0.232741
0.273646
0.0844924
0.162661
0.200771
0.0679769
0.147179
0.164858
0.289222
0.313781
0.155304
0.0142117
0.0162125
0.0717982
0.15787
0.120721
0.0838124
0.12403
0.0531183
0.118674
0.106652
0.132044
0.141755
0.140324
0.0928427
0.105358
0.0981282
0.112689
0.32512
0.16551
0.101801
0.0522221
0.127348
0.167108
0.0852323
0.40166
0.542466
0.266469
0.0995176
0.0733101
0.0671363
0.0564822
0.0651138
0.0812592
0.135925
0.0606641
0.0370735
0.0876634
0.0429195
0.0268889
0.0550034
0.159622
0.358711
0.0522944
0.0247929
0.0414715
0.0301579
0.0166275
0.0753174
0.279053
0.46488
0.0905816
0.0232596
0.052083
0.0202806
0.0132066
0.0370779
0.46488
0.46488
0.0355579
0.00681218
0.0138541
0.00843683
0.00148976
0.05793
0.173235
0.332566
0.0273478
0.00466702
0.0155817
0.0210798
0.0161381
0.0378252
0.250232
0.374681
0.0313033
0.021347
0.0514106
0.0218075
0.0630289
0.0617389
0.364845
0.376928
0.0135292
0.00092268
0.00541304
0.00399306
0.00149296
0.0521874
0.250742
0.346291
0.00900415
0.231061
0.268685
0.0219657
0.0799066
0.100517
0.135172
0.190723
0.0228963
0.135038
0.154374
0.0302421
0.0733028
0.0476586
0.0366852
0.027605
0.0396963
0.344221
0.190332
0.0227874
0.035887
0.027673
0.0696875
0.0626702
0.0110742
0.429474
0.429474
0.0284877
0.076752
0.0447553
0.00136519
0.00256339
0.0318249
0.429474
0.344112
0.0188236
0.00124216
0.000536331
0.0233873
0.231677
0.345849
0.177859
0.182316
0.108671
0.0636293
0.0265845
0.0130578
0.104138
0.10691
0.151814
0.232033
0.169616
0.0784556
0.0258447
0.139434
0.313899
0.328862
0.174991
0.195676
0.0273887
0.0691237
0.092079
0.181476
0.288312
0.169731
0.0815795
0.0357388
0.122939
0.215815
0.165152
0.0302479
0.0263269
0.0274473
0.0327253
0.10531
0.112565
0.0689955
0.0640899
0.118987
0.167551
0.141268
0.0508548
0.144982
0.084308
0.153793
0.0906264
0.132293
0.337818
0.179068
0.0289285
0.045632
0.0896517
0.0899009
0.0703325
0.448682
0.545066
0.274808
0.0782588
0.0955348
0.0272171
0.0281172
0.08378
0.127271
0.137818
0.0626569
0.0341814
0.0668695
0.0567008
0.08808
0.0301572
0.255197
0.282085
0.0597319
0.0236802
0.0356782
0.0710011
0.0656315
0.0740209
0.373051
0.434733
0.103258
0.0200273
0.0298963
0.00572762
0.00273558
0.0389173
0.434733
0.434733
0.0755199
0.0530029
0.0301282
0.0158344
0.0118931
0.0772223
0.113771
0.276365
0.124781
0.0164336
0.0118003
0.0256083
0.0256605
0.0858617
0.208145
0.385408
0.15081
0.018403
0.0276353
0.0227769
0.0162152
0.100303
0.231775
0.385408
0.117489
0.176308
0.0539526
0.0110789
0.0159557
0.124471
0.233875
0.385408
0.234994
0.212108
0.107135
0.0683264
0.0503155
0.182308
0.230728
0.379034
0.0542806
0.00437426
0.0165434
0.0147437
0.015317
0.0414657
0.365773
0.379034
0.0527503
0.00417262
0.00196744
0.00473269
0.00588438
0.0352536
0.244025
0.344307
0.106626
0.047625
0.0621273
0.0770695
0.0618253
0.0840762
0.266014
0.379034
0.168655
0.0628746
0.0681605
0.0385524
0.0898434
0.0716088
0.2592
0.377513
0.0747004
0.012053
0.00454542
0.010806
0.00300555
0.0612887
0.101031
0.154378
0.0615834
0.348639
0.252767
0.0328781
0.0142558
0.0757983
0.160979
0.371258
0.173587
0.0423179
0.0375678
0.0264686
0.0699052
0.137742
0.0773132
0.156217
0.0921402
0.377513
0.308715
0.0501163
0.0191129
0.10846
0.008449
0.0143536
0.0120199
0.406008
0.296071
0.0158596
0.00872075
0.0127807
0
0
0.00557889
0.346139
0.231647
0.0194947
0
0
0.00708456
0.0121736
0.0224231
0.406008
0.36038
0.0181866
0.00336931
0.00958505
0.00334954
0
0.0362867
0.406008
0.264328
0.0225124
0.00450114
0.00984311
0.129964
0.156086
0.22706
0.112186
0.0794087
0.0320841
0.0553887
0.140536
0.199075
0.267901
0.109053
0.0528698
0.0063145
0.0431204
0.231515
0.321317
0.121932
0.092217
0.140997
0.0889376
0.0968026
0.0441365
0.051146
0.146186
0.159685
0.117157
0.0449666
0.0847338
0.0369102
0.144493
0.508397
0.337378
0.0894544
0.191194
0.0721191
0.0333246
0.0402213
0.0373831
0.0921381
0.114456
0.242876
0.42404
0.0986626
0.0912382
0.0708348
0.0814786
0.172731
0.0795628
0.0394698
0.0338145
0.00923262
0.0364632
0.0409861
0.180951
0.401634
0.183947
0.0670484
0.109621
0.0269383
0.0666125
0.0722119
0.282377
0.435668
0.215953
0.254361
0.393539
0.0423741
0.0208321
0.0118911
0.027248
0.127061
0.057839
0.264777
0.355316
0.0398385
0.107593
0.0581464
0.0129801
0.0373456
0.0416999
0.0702925
0.0858728
0.00875721
0.0143542
0.0156823
0.122366
0.408315
0.171939
0.0962904
0.0604748
0.0106574
0.198314
0.144947
0.0607654
0.408315
0.182511
0.146876
0.180463
0.0577746
0.250692
0.129845
0.0126283
0.033886
0.0758305
0.265911
0.2198
0.140061
0.209215
0.115324
0.0375597
0.0632897
0.222513
0.164648
0.0866203
0.0565042
0.271745
0.204042
0.0246941
0.254807
0.165622
0.353398
0.101347
0.0929334
0.15844
0.111204
0.0280355
0.118939
0.356003
0.310923
0.236366
0.120106
0.0664957
0.0471985
0.0800847
0.060146
0.172101
0.259246
0.201528
0.110282
0.104073
0.095705
0.107231
0.208184
0.169731
0.318932
0.0808862
0.0657432
0.0497254
0.0287745
0.0369763
0.0963351
0.311022
0.233355
0.264929
0.235542
0.100726
0.0644855
0.0919371
0.218972
0.221214
0.143802
0.135573
0.0637875
0.029171
0.0696024
0.0638854
0.13494
0.227833
0.0737072
0.087934
0.0330943
0.402099
0.26908
0.0609575
0.0278215
0.143364
0.19681
0.37104
0.188518
0.104459
0.0731498
0.0814795
0.111821
0.148356
0.136209
0.183995
0.0816116
0.402099
0.236121
0.0923873
0.0727477
0.0639567
0.00786459
0.0159085
0.0447458
0.448006
0.313225
0.0354321
0.00424493
0.0104971
0.0105169
0
0.125156
0.340535
0.219733
0.0339914
0.0296952
0.0697883
0.0174172
0.0368704
0.0898501
0.448006
0.283817
0.0412803
0.0170799
0.00262428
0.0213773
0.0693926
0.170033
0.255319
0.244986
0.0368463
0.0678038
0.08892
0.141528
0.055917
0.0346838
0.0976034
0.149266
0.0630216
0.121093
0.122915
0.140195
0.0472113
0.0286731
0.112131
0.0956388
0.303681
0.647759
0.187869
0.105224
0.0460964
0.0464942
0.0642293
0.0969072
0.0939564
0.152219
0.094167
0.124668
0.0677513
0.0885711
0.124935
0.110511
0.16311
0.231892
0.149554
0.0424005
0.0149238
0.0198021
0.0187585
0.0177057
0.243994
0.391723
0.114451
0.0257707
0.00472797
0.00951408
0.00987931
0.0454045
0.378583
0.560546
0.213076
0.073843
0.0454904
0.0467802
0.0332923
0.0579562
0.0800989
0.0763654
0.0601313
0.0519282
0.032375
0.0501395
0.0499068
0.090516
0.193664
0.338611
0.102729
0.00334255
0
0.000173586
0.00150364
0.0181809
0.124897
0.469503
0.141406
0.0305754
0.00596377
0
0.0693608
0.0578621
0.0977543
0.469503
0.221892
0.0108238
0.0131225
0.0150773
0.0267501
0.0292107
0.0970032
0.316946
0.0762316
0.00880651
0.00727578
0.00234261
0.00903704
0.0111751
0.216064
0.469503
0.1538
0.0798914
0.0111605
0.0155797
0.0758792
0.056744
0.0636416
0.454593
0.148074
0.107287
0.00524774
0.0238759
0.0489381
0.0412131
0.0606265
0.383353
0.149796
0.0056471
0
0
0.00037765
0.0049176
0.169927
0.454593
0.138675
0.00346704
0
0.000337526
0.00138153
0.0113662
0.138
0.454593
0.191741
0.0576652
0.0172057
0.0280856
0.0605938
0.0544168
0.0365617
0.159888
0.102374
0.0342036
0.263705
0.308805
0.139487
0.107779
0.0721059
0.108591
0.0509598
0.000158566
0.00702026
0.0152926
0.0600147
0.0761684
0.118343
0.463462
0.149283
0
0.0853471
0.127071
0.152859
0.16861
0.362919
0.463462
0.0807885
0.0346315
0.260393
0.190326
0.183336
0.0747435
0.0439299
0.0505692
0.0164529
0.0302825
0.0913332
0.0385792
0.404935
0.192612
0.0291879
0.0308333
0.00454883
0.0340452
0.0513775
0.0616859
0.218636
0.146073
0.1864
0.404935
0.0256553
0.0510679
0.00834571
0.00500969
0.404935
0.375829
0.032912
0.108491
0.0140127
0.00450336
0.0246697
0.0357628
0.418611
0.258784
0.00934958
0.00657935
0
0.0107067
0.0542535
0.0619389
0.186434
0.251197
0.0383644
0.0401227
0.0178543
0.00892418
0.00329769
0.00215374
0.418611
0.418611
0.00407232
0
0.00107494
0.00339728
0.0112021
0.0641766
0.3632
0.344248
0.027885
0.0110508
0.00463298
0.0845505
0.0387329
0.105239
0.112088
0.155806
0.136284
0.0940117
0.0630029
0.148793
0.0920286
0.0851396
0.0857113
0.0997164
0.26735
0.158804
0.188035
0.0936709
0.107897
0.113101
0.289064
0.234418
0.115305
0.0788329
0.113791
0.215745
0.266588
0.336228
0.293962
0.145829
0.177358
0.087924
0.159346
0.140485
0.126557
0.100489
0.0461414
0.114561
0.110386
0.0471763
0.115181
0.0896984
0.163299
0.259395
0.104838
0.14851
0.102476
0.136504
0.119168
0.197869
0.267055
0.236945
0.0895686
0.103198
0.0866718
0.0486306
0.110679
0.272956
0.360845
0.274915
0.0596163
0.0883334
0.100004
0.231306
0.265831
0.0462337
0.0495592
0.0886971
0.0856326
0.0371617
0.075659
0.127035
0.0926031
0.0671786
0.0630244
0.0226809
0.0803862
0.0366408
0.292836
0.44089
0.174625
0.186204
0.13574
0.126366
0.0508664
0.0325586
0.0515444
0.10729
0.132177
0.276435
0.5725
0.0979287
0.101351
0.0387964
0.0589904
0.0616673
0.132649
0.02611
0.0347634
0.00198969
0.0130695
0.0187149
0.167382
0.385607
0.128915
0.0259575
0.0130129
3.38805e-005
0
0.0167677
0.186275
0.510104
0.210316
0.100546
0.290416
0.0229313
0.0530111
0.0375411
0.0446693
0.107603
0.0816141
0.0813376
0.082882
0.00861105
0.0436882
0.0800676
0.174934
0.474989
0.126921
0.00414328
0
0
0.00587228
0.0150871
0.10187
0.459043
0.0957596
0
0
0
0.0165316
0.0289418
0.20493
0.459043
0.120887
0.0156829
0.0035964
0.00104112
0.0045548
0.021548
0.137135
0.396743
0.0636573
0.00123695
0
0
0.00500115
0.0216277
0.182317
0.459043
0.173697
0.0710759
0.00853131
0.00414404
0.0666458
0.0635866
0.137995
0.40554
0.0936217
0.109531
0.0306917
0.0288741
0.40554
0.241649
0.042004
0.231698
0.0629421
0.0438132
0.0110802
0.00621606
0.00619489
0.0133005
0.124878
0.40554
0.18253
0.105378
0.0447506
0.0782693
0.203783
0.0791527
0.056103
0.363114
0.200562
0.0199829
0.0114055
0.0182312
0.420715
0.30967
0.00866516
0.0104985
0.0123364
0.00110731
0.00727488
0.0480735
0.402085
0.243358
0.00490367
0.00152011
0
0.0361789
0.0217449
0.0738577
0.408607
0.188225
0.0210617
0.065938
0.0707812
0.000174732
0.00869823
0.0398554
0.420715
0.248265
0.0245432
0.0255595
0.00228336
0.08492
0.117465
0.121305
0.177161
0.13035
0.053893
0.0279521
0.0745262
0.130501
0.182776
0.294348
0.315061
0.174278
0.0561348
0.0164419
0.0726178
0.0960511
0.136999
0.260871
0.149579
0.187327
0.0542935
0.0118587
0.171593
0.149587
0.190247
0.369345
0.311893
0.222867
0.0953461
0.0166754
0.0937693
0.0923975
0.110382
0.125862
0.130589
0.141442
0.0801164
0.0319925
0.0643529
0.142916
0.154743
0.0863855
0.062465
0.106375
0.147494
0.145324
0.188257
0.0600651
0.120531
0.178267
0.192847
0.177445
0.112037
0.0406856
0.0729657
0.0626444
0.553144
0.41146
0.128858
0.119221
0.176362
0.0894285
0.108583
0.0896958
0.14817
0.0849602
0.0243446
0.0189169
0.0491147
0.0601724
0.0918069
0.121451
0.503586
0.139827
0.0403349
0.0130065
0.00787877
0.00746634
0.0468601
0.0730097
0.381101
0.300423
0.0398812
0.0146459
0.0506791
0.0273774
0.0385848
0.0777654
0.433764
0.396807
0.0616441
0.0165545
0.0126385
0.00357327
0.0149277
0.0916391
0.383522
0.0878269
0.0808657
0.0433908
0.0108653
0.0479863
0.0216705
0.0489094
0.103781
0.035653
0.0813233
0.0851654
0.0980824
0.313017
0.0542337
0.0585634
0.290636
0.31854
0.109654
0.0372053
0.00753923
0.024182
0.00625664
0.354639
0.41988
0.2394
0.0904093
0.0261575
0.048151
0.237388
0.0350359
0.021301
0.0207804
0.00393042
0.00680675
0.0223335
0.0859747
0.215856
0.0727988
0.0488457
0.00709342
0.000312373
0.00496975
0.0216771
0.149925
0.395214
0.23094
0.378375
0.170875
0.0243088
0.00584326
0.000845271
0.0295612
0.131632
0.196285
0.424871
0.031982
0.00124949
0
8.41033e-005
0.0283997
0.187271
0.460123
0.0289959
0.0018038
0.00104431
0.00515345
0.018813
0.126423
0.378891
0.165536
0.0594977
0.0121406
0.0369746
0.0526181
0.0475266
0.0841917
0.363486
0.238871
0.216006
0
0
0.00591959
0.0204446
0.0493019
0.192432
0.404192
0.283147
0.00315303
0.0192739
0.0284573
0.0520794
0.0602364
0.24
0.411688
0.0508587
0.0212821
0.105015
0.210693
0.0724959
0.0215923
0.128097
0.172519
0.0472558
0.018476
0.119885
0.400619
0.128775
0.0240275
0.0539856
0.0365648
0.309257
0.0410872
0.121042
0.0942009
0.0483008
0.0239379
0.146542
0.435473
0.402062
0.104904
0.147158
0.157363
0.0642611
0.0149269
0.123063
0.272537