0.414493
0.0295371
9.07781e-005
0.0256915
0.0116609
0.00854165
0.0133972
0.281616
0.249451
0.01116
0.00042827
0.00547322
0.00191541
0.0365815
0.147673
0.461999
0.319375
0.0559045
0.00868164
0.0494584
0.0145062
0.0133131
0.000444796
0.171056
0.186458
0.0290899
0.00352093
0.0269001
0.00962044
0.0363592
0.117586
0.461999
0.127515
0.0256792
0.0103381
0.00619639
0.00468092
0.0749595
0.181975
0.424107
0.26514
0.286085
0.238255
0.0332414
0.017377
0.0575995
0.0812945
0.244291
0.108743
0.0210971
0.00248769
0.00250179
0.001023
0.034464
0.159891
0.424107
0.271008
0.164001
0.0527394
0.00962905
0.00142904
0.0227687
0.106864
0.3292
0.248978
0.315249
0.356557
0.0689849
0.00885913
0.0077619
0.0125406
0.153284
0.165437
0.078677
0.175508
0.126211
0.0266831
0.0206547
0.040895
0.278973
0.284846
0.167922
0.0495929
0.00868384
0.000247492
0.00202397
0.0447932
0.258193
0.261523
0.0322793
0.0108156
0.0153814
0.0144736
0.0213796
0.0964176
0.462624
0.116649
0.0266301
0.19386
0.119009
0.0502774
0.0337459
0.0788276
0.209961
0.30474
0.048035
0.179062
0.0811953
0.0940333
0.036002
0.125954
0.412894
0.196197
0.00753905
0.0141216
0.0191041
0.0218599
0.0288121
0.0975909
0.342302
0.352892
0.0206202
0.0132232
0.0170125
0.012165
0.032834
0.087728
0.451207
0.285716
0.0623138
0.0165242
0.0230112
0.037714
0.0131212
0.0616793
0.364158
0.343046
0.081668
0.00326691
0.0287783
0.0491424
0.0544316
0.0826321
0.364786
0.253648
0.0447191
0.0153292
0.0125378
0.00520576
0.0189418
0.0349925
0.333861
0.332258
0.200886
0.0779988
0.0167792
0.00937746
0.011327
0.0393248
0.354594
0.132117
0.0290741
0.00360251
0.0531271
0.0907005
0.0930095
0.214129
0.217541
0.201235
0.0368889
0.00170168
0.0516558
0.0919561
0.0612075
0.205591
0.324221
0.172405
0.191787
0.0971465
0.036679
0.0379264
0.0362875
0.172159
0.245299
0.37339
0.305674
0.0598722
0.0223495
0.0443836
0.0381881
0.214793
0.409625
0.294963
0.0338833
2.14575e-005
0.00466123
0.0110235
0.00593372
0.0530349
0.235375
0.240261
0.0169691
0
0
0.00120091
0.0151373
0.0829255
0.359313
0.386129
0.163477
0.0133215
0.0222843
0.0475795
0.0408405
0.114993
0.289929
0.360996
0.0946867
0.0870685
0.0761161
0.0806161
0.0816575
0.168404
0.386129
0.249683
0.0191502
0.00707081
0.0147878
0.0077783
0.0066549
0.00160226
0.242269
0.240108
0.0216719
0.00345391
0.0202557
0.0149266
0.0132719
0.0557403
0.340951
0.341649
0.03521
0.0735559
0.0326254
0.02044
0.00824411
0.0130364
0.36119
0.34004
0.204268
0.263326
0.101991
0.062805
0
0.058701
0.400318
0.147953
0.0159333
0.000101275
0.0319714
0.0292443
0.0152777
0.138715
0.311012
0.137684
0.0598453
0.0119926
0.0182847
0.0146911
0.0149415
0.131442
0.248185
0.211
0.159949
0.261698
0.15913
0.123816
0.000117024
0.141445
0.402196
0.191312
0.105687
0.210959
0.0962359
0.101274
0.0127576
0.120671
0.471593
0.13118
0.0796384
0.0262547
0.00534895
0.00028026
0.00211321
0.0445071
0.179251
0.245543
0.0453166
0.0161456
0.00126717
0
0.00517044
0.0559555
0.361302
0.203155
0.1894
0.294824
0.0735829
0.02697
0.0130051
0.0440987
0.291345
0.371933
0.273258
0.164341
0.0641788
0.00285157
0.0040687
0.0967048
0.43742
0.19431
0.0106403
0
0
0
0.00597064
0.038507
0.265862
0.219508
0.0604583
0.0411299
0.00548524
0.00358588
0.0247003
0.026316
0.186633
0.285985
0.261099
0.0349322
0.00726993
7.31084e-005
0.000693641
0.0667694
0.418119
0.369843
0.418119
0.20028
0.00160753
0.000815805
0.00587764
0.0125718
0.276434
0.0989445
0.173411
0.101826
0.00831837
0.00639086
0.0252144
0.0153763
0.0567826
0.102064
0.462479
0.153
0.00683739
0.00459385
0.00516701
0.00768226
0.0386941
0.205287
0.488975
0.220723
0.000492189
0.00147539
0.00629886
0.00362881
0.0581822
0.214701
0.488975
0.168741
0
0.000549094
0.00109778
0.00938179
0.0273001
0.10825
0.386681
0.0978363
0.0113017
0.00832317
0.00355873
0.0111324
0.028694
0.208824
0.377329
0.0508899
0.0168472
0.0665254
0.0147658
0.0580728
0.113357
0.226193
0.412158
0.0582811
0
0
0
0.00367571
0.0139716
0.224567
0.412158
0.0169422
0.091758
0.337198
0.00631867
0.0526031
0.08574
0.142894
0.124743
0.0138651
0.0876804
0.157786
0.0362165
0.0692774
0.0873509
0.0814008
0.0613046
0.0959068
0.226484
0.193607
0.0672641
0.0797126
0.0965641
0.0592208
0.0722788
0.0107312
0.292315
0.431367
0.0112767
0.0429667
0.0528536
0.0720833
0.0640608
0.134178
0.431367
0.431367
0.0443298
0.10466
0.220796
0.0754585
0.0779472
0.224386
0.088091
0.02567
0.00993076
0.00901586
0.075453
0.0705201
0.203034
0.467825
0.206008
0.0561561
0.00171894
0.0104763
0.088817
0.0157787
0.162549
0.467825
0.106061
0.0239742
0.0209744
0.00173083
0.0163107
0.0386777
0.1719
0.467825
0.220693
0.0426013
0.0146079
0.000313592
0.00107385
0.0562195
0.13083
0.359717
0.172865
0.0632725
0.000177033
0.0199016
0.0915018
0.102346
0.105716
0.218251
0.140136
0.168269
0.0361344
0.0593408
0.177649
0.0664606
0.172462
0.364764
0.177442
0.035466
0.00141311
0.000801138
0.0126146
0.178962
0.485352
0.313593
0.153984
0.0965245
0.0237946
0.0607848
0.052552
0.10241
0.175707
0.205577
0.0773589
0.0714918
0.0345315
0.0608215
0.125658
0.173146
0.464252
0.118205
0.0390472
0.00689867
0.00894736
0.0699994
0.195671
0.178997
0.416276
0.145144
0.0466726
0.0459506
0.0229631
0.0737448
0.0732134
0.257771
0.464252
0.0799441
0.00547135
0.0165523
0.00736757
0.0303606
0.0523257
0.111643
0.444188
0.0395936
0.00588189
4.03351e-005
0.000215582
0.0314775
0.121868
0.150675
0.444188
0.140012
0.00489295
0
0.000678334
0.00873878
0.0602126
0.134984
0.444188
0.0661692
0.0454899
0.0348798
0.00224707
0
0.00282907
0.155023
0.444188
0.153515
0.0967308
0.0547416
0.0639713
0.0183544
0.0253326
0.136865
0.434669
0.0916347
0.00137731
0
0.00106649
0.00888493
0.019325
0.224735
0.434669
0.0476467
0.000532657
0
0.000276515
0.00533457
0.0134124
0.16645
0.434669
0.0878171
0.0279775
0.0369072
0.0780502
0.0331581
0.0436378
0.244114
0.434669
0.0972437
0.0358805
0.0404359
0.0171731
0.027869
0.0314277
0.231096
0.407294
0.041616
0.00364404
0.0100852
0
0.0025884
0.0340808
0.16764
0.183201
0.0169288
0.129462
0.379655
0
0.0134426
0.0896416
0.169131
0.407294
0.127211
0.028483
0.0321703
0.000442521
0.0248204
0.0738023
0.101582
0.256453
0.0843102
0.221511
0.373221
0
0.0267982
0.124291
0.0149794
0.0121714
0.00200267
0.189633
0.386091
0
0.0043777
0.0173362
0.0319973
0.0247162
0.0465623
0.319799
0.386091
0.00369335
0.0176981
0.0530945
0.0114656
0.0207858
0.00523856
0.263935
0.386091
0
0.00461679
0.01678
0
0
0.00112805
0.386091
0.386091
0
0
0
0.0348753
0.199563
0.425729
0.117646
0.0238831
0.0247423
0.00117698
0.0110994
0.0872725
0.315971
0.437119
0.108278
0.021837
0.0294193
0
0.000466652
0.119996
0.197344
0.251044
0.148548
0.026416
0.0264615
0.0553697
0.0202435
0.116586
0.341322
0.291471
0.124771
0.0514683
0.0288376
0.160474
0.0676945
0.0876013
0.299925
0.197105
0.0719945
0.0118118
0.00354894
0
0.0122324
0.155936
0.45779
0.198908
0.0496455
0.00131528
0
0.00599763
0.0271934
0.0917515
0.333759
0.156205
0.090314
0.0811377
0.0100507
0.12215
0.0746711
0.14158
0.45779
0.144381
0.0640591
0.171233
0.0146059
0.208912
0.169683
0.151834
0.448065
0.111331
0.0105417
2.83937e-005
0
0.00965529
0.013674
0.20325
0.448065
0.0690775
0.0210256
0.0352976
0.00573725
0.00375827
0.00578358
0.148733
0.448065
0.0572823
0.0052376
0.0377868
0.00469858
0.187922
0.144099
0.174119
0.347272
0.0905966
0.0763498
0.0648332
0.0182641
0.09416
0.0916774
0.135743
0.425856
0.0567992
0.11619
0.141612
0.0131073
0.00312862
0.00981139
0.249728
0.285712
0.0943531
0.167158
0.15222
0.0611093
0.0190258
0.0855126
0.194679
0.150328
0.194898
0.160798
0.20006
0.0440053
0.0278754
0.0682593
0.425856
0.181678
0.189395
0.147999
0.187508
0.0356636
0.0514545
0.150537
0.280351
0.244225
0.103684
0.0678174
0.0693692
0.0885396
0.023871
0.0958845
0.163348
0.339906
0.16319
0.0834747
0.0874502
0.0353561
0.105271
0.127655
0.457616
0.129477
0.109906
0.0602381
0.0434527
0.0287371
0.0673144
0.171029
0.276164
0.16762
0.235657
0.0411463
0.0399487
0.0556004
0.255463
0.238203
0.0841014
0.248664
0.102862
0.037862
0.0320583
0.00291763
0.104043
0.216829
0.0628799
0.163372
0.0811667
0.205158
0.232669
0.0203616
0.082946
0.207255
0.179058
0.27656
0.228631
0.0149396
0.0250266
0.0379156
0.141656
0.254117
0.231949
0.283036
0.196993
0.16888
0.345317
0.114664
0.0702222
0.218886
0.00654355
0.0237902
0.0136425
0.246431
0.352911
0.00969825
0.0167234
0.0189357
0
0
0
0.330262
0.398629
0.0559512
0.0440596
0.0113561
0.0352098
0.0430155
0.0324678
0.224235
0.398629
0.0465359
0.0163072
0.0198467
0.0159886
0.043545
0.0864089
0.292841
0.398629
0.130237
0.105333
0.0454246
0.0703257
0.0791718
0.206266
0.11807
0.038555
0.0344599
0.0966172
0.0440259
0.0915866
0.0675169
0.165541
0.187306
0.0691318
0.0430314
0.337077
0.183046
0.0277849
0.0961047
0.321143
0.193454
0.0932245
0.0408836
0.0358543
0.0386481
0.0526209
0.0625055
0.455402
0.457039
0.0786062
0.0713141
0.173859
0.121405
0.0578586
0.0474266
0.0570243
0.0659784
0.0522471
0.0160439
0.329185
0.173678
0.0333763
0.096549
0.0283125
0.0304136
0.107921
0.0184538
0.440735
0.316974
0.054362
0.0122476
0.133582
0.154026
0.0176767
0.0261674
0.313464
0.161713
0.0388762
0.0149195
0.0298961
0.0407824
0.018654
0.02181
0.440735
0.336726
0.0311515
0.0623284
0.00911283
0.00275257
0.0237343
0.0083396
0.403477
0.239648
0.0512705
0.0343773
0.0320971
0.0457622
0.0431523
0.0346976
0.382726
0.215232
0.0179581
0.0118862
0.0293302
0.0148717
0.0115573
0.036897
0.422121
0.269287
0.0170871
0.00840409
0.0269347
0.0128962
0.0421427
0.0794218
0.422121
0.297251
0.13947
0.0586705
0.127663
0.0737971
0.0788144
0.0514074
0.242623
0.152103
0.360762
0.0960361
0.145331
0.053112
0.044015
0.0193939
0.107782
0.102548
0.0383821
0.0183675
0.0152973
0.00978577
0.0282428
0.0558599
0.469458
0.284215
0.0453008
0.0350216
0.025516
0.00448679
0.00542812
0.024238
0.469458
0.313315
0.29981
0.0509382
0.0401558
0.0255107
0.0110424
0.0106914
0.0539974
0.0863536
0.106887
0.18818
0.251603
0.104229
0.0190034
0.0326018
0.15983
0.088237
0.0193845
0.0283515
0.00878065
0.0388002
0.0292165
0.0145781
0.439786
0.238448
0.00755958
0.158741
0.219825
0.34809
0.195979
0.116963
0.418192
0.139918
0.0552639
0.320538
0.257776
0.0519358
0.0294429
0.0242028
0.054338
0.0400586
0.0903256
0.237235
0.13512
0.119821
0.397315
0.0686161
0.0167071
0.0401618
0.00873161
0.195955
0.185709
0.185181
0.11647
0.0763212
0.338551
0.0497374
0.00751746
0.0983186
0.0537669
0.264756
0.397315
0.0335556
0.178548
0.0297749
0.0181894
0.0201616
0.0147322
0.158267
0.399032
0.0355577
0.00456886
0.00578044
0.0224979
0.05808
0.114681
0.340597
0.322812
0.0329898
0.0232689
0.0129048
0.000466315
0.00384179
0.00464703
0.230991
0.399715
0.0161827
0.00998539
0.00337378
0.00562448
0.0166858
0.0374634
0.399715
0.399715
0.00655221
0
0
0.0384068
0.206743
0.31879
0.14484
0.0577381
0.0198481
0.001365
0.00828852
0.0394051
0.180938
0.372402
0.265793
0.0829077
0.0451547
0.017133
0.00813531
0.0350397
0.17137
0.465084
0.296945
0.125951
0.0488834
0.00512724
0.00308345
0.0659228
0.145372
0.26302
0.144135
0.188767
0.135146
0.0379156
0.0799147
0.0383373
0.0476197
0.186287
0.211627
0.0619688
0.0287247
0.076232
0.0461779
0.0700286
0.101695
0.231483
0.135167
0.0335181
0.0228977
0.387064
0.181426
0.0711816
0.0775569
0.137184
0.104768
0.114541
0.0669303
0.058696
0.120081
0.0721785
0.372375
0.573951
0.139174
0.0449349
0.0232582
0.0147748
0.0658003
0.0369556
0.0652776
0.289661
0.0775831
0.0216216
0.04895
0.315095
0.13643
0.0313132
0.0443417
0.215681
0.0493744
0.0803753
0.0914875
0.431352
0.172124
0.0202946
0.17348
0.452314
0.122524
0.00933461
0.011906
0.00120695
0.019193
0.0330127
0.0932744
0.411617
0.125019
0.0437273
0.0213793
0.0733448
0.0569417
0.0141265
0.0107419
0.023055
0.0150744
0.0386994
0.0482735
0.38389
0.192602
0.0457756
0.00372343
0.012593
0.0115213
0.0089603
0.0429954
0.415841
0.374282
0.0364948
0.082504
0.233847
0.0981811
0.0599962
0.0230571
0.113791
0.111641
0.118042
0.076466
0.217897
0.103485
0.0465205
0.0751002
0.398992
0.324291
0.016142
0.0067859
0.00155584
0.00834753
0.0096202
0.0169001
0.419746
0.225489
0.000831604
0.0184892
0.0156627
0.0655899
0.0755813
0.0847898
0.419746
0.185399
0.0437464
0.0209009
0.021415
0.0190049
0.00647734
0.0604624
0.419746
0.217556
0.0164532
0.00508907
0.00443078
0.00282062
0.00201039
0.0398011
0.419746
0.306334
0.00125465
0.0152658
0.0158051
0.0540422
0.0525391
0.0848788
0.425802
0.108226
0.0328738
0.0106552
0.0166937
0.224629
0.203398
0.0366113
0.360309
0.0973689
0.0198106
0.00181381
0.0020392
0.00211244
0.00392881
0.0425054
0.425802
0.242368
0.0990803
0.0415835
0.021734
0.129404
0.0461407
0.0433241
0.425802
0.247354
0.0206793
0.00409122
0.0101861
0.245004
0.296849
0.00483397
0.0364739
0.0210916
0
3.34811e-005
0.000963623
0.409941
0.409941
0.000800489
0
0
0.0637729
0.0541095
0.0401778
0.263498
0.153595
0.0103502
0.165177
0.0829956
0.00777273
0.0171095
0.0205284
0.409941
0.409941
0
0.00110728
0.0063208
0.0109342
0.0570872
0.503138
0.330464
0.0930672
0.046504
0.0262594
0.00813172
0.0634484
0.0484678
0.141115
0.0872783
0.09915
0.164777
0.0806912
0.105198
0.0399304
0.09282
0.429737
0.305402
0.0446777
0.0454677
0.0649353
0.0403899
0.0989322
0.114728
0.176398
0.256049
0.138517
0.187224
0.102436
0.0459792
0.0645425
0.0603662
0.175558
0.0264507
0.0315239
0.0623457
0.0457838
0.0844811
0.030194
0.208286
0.489181
0.0872798
0.0182498
0.0196115
0.0102544
0.0271607
0.061542
0.184033
0.47968
0.124759
0.0784869
0.0789028
0.0506342
0.0235759
0.0318369
0.22332
0.489181
0.119418
0.0206336
0.0109191
0.0176516
0.0366904
0.0036825
0.129184
0.481395
0.0974803
0.00438384
0.00447026
0.00108847
0.00102876
0.00990123
0.125027
0.353568
0.129114
0.0131906
0.00419634
0.00925716
0.00733558
0.0140791
0.0873379
0.394712
0.111693
0.0114553
0.00382664
0.00725716
0.0310524
0.0177998
0.22598
0.481395
0.27446
0.0274517
0.0055753
0.00498915
0.0136082
0.0271893
0.203775
0.417408
0.137243
0.0451508
0.0100997
0.0162674
0.0275677
0.0900635
0.180853
0.280624
0.122539
0.0844881
0.101595
0.126973
0.111971
0.0809596
0.267002
0.459146
0.210931
0.0419401
0.0116041
0.00997624
0.0179078
0.244997
0.251019
0.213192
0.128258
0.0812477
0.074065
0.00988877
0.0531875
0.088103
0.104538
0.0708115
0.0713728
0.0607931
0.125242
0.355407
0.180515
0.110134
0.0827515
0.056686
0.0273149
0.0134058
0.0375179
0.589531
0.362038
0.144832
0.155846
0.14087
0.137583
0.0872082
0.0667596
0.0248727
0.0908483
0.199739
0.132351
0.0748181
0.0672085
0.0498194
0.0464467
0.171509
0.158552
0.0416907
0.0283791
0.0192249
0
0.00431195
0.0152048
0.421485
0.182863
0.0951788
0.0424319
0.0287396
0.026613
0.00886904
0.0209948
0.421485
0.421485
0.0642745
0.0491383
0.0526249
0.0595097
0.0385915
0.0419152
0.165464
0.093917
0.124464
0.045838
0.188742
0.156613
0.0377613
0.0278904
0.256774
0.421485
0.0738816
0.0500271
0.0381302
0.0981879
0.0323984
0.0061388
0.206795
0.266994
0.0542595
0.0267567
0.0624431
0.37553
0.355089
0
0.0514105
0.0647198
0.126548
0.0258933
0.0747251
0.0504149
0.00855404
0.0018027
0.276626
0.37553
0.199429
0.0734002
0.117386
0.323644
0.0965486
0
0.213593
0.293334