0.468762
0.000864078
0.00349388
0.0023533
6.0338e-005
0.0017498
7.30911e-005
0.35787
0.555602
0.000858754
0.00339731
0.00151473
0.00112511
0.00168414
0.00169481
0.455393
0.0954782
0.00645482
0.0288905
0.0146575
0.00329194
0.015772
0.0135541
0.108935
0.123406
0.0180533
0.0271922
0.0167954
0.0110897
0.00946861
0.0123708
0.148098
0.461462
0.00375154
0.00116892
0.00425782
0.00196409
0.0036737
0.00789455
0.339139
0.591851
0.0102959
0.00180238
0.00587566
0.0010758
0.00411905
0.0101494
0.437328
0.104903
0.0186262
0.0198534
0.0455615
0.0137504
0.00968507
0.0128876
0.100257
0.134676
0.0227614
0.0282433
0.0700494
0.0102509
0.010467
0.0152974
0.0885494
0.450721
0.0048866
0.00054094
0.000920025
7.73245e-006
0.000405354
0.00620407
0.379132
0.571899
0.0057414
0.000972433
0.00155989
0.000156199
0
0.0140664
0.453577
0.106296
0.0106376
0.0230059
0.0349948
0.0029205
0.00161358
0.0103094
0.0816413
0.12976
0.0234725
0.0253838
0.02296
0.00174347
0
0.0240473
0.0892501
0.469787
0.00327111
0.00134212
0.00155786
0.000553542
0.000111831
0.00843079
0.39045
0.508406
0.00748031
0.00112425
0.000773617
0.000369028
0.000447323
0.018393
0.470994
0.088788
0.0412382
0.0172152
0.00729097
0.00392668
0.00113774
0.0146777
0.0899855
0.141641
0.0994029
0.0280965
0.00309447
0.00792004
0.00455098
0.0228963
0.141245
0.284991
0.0136994
0.000970904
0.000989258
0
9.92223e-005
0.0074328
0.281664
0.374414
0.039155
0.0222941
0.0064402
0.00177354
0.00192293
0
0.386571
0.135924
0.179015
0.0292361
0.00428074
0.00693238
0.00100947
0.00837786
0.0667681
0.243593
0.597013
0.0987666
0.0241666
0.0112698
0.00128195
0
0.0600768
0.196899
0.0511519
0.0165437
0.0101046
0.00828261
0.00657131
0.00062262
0.212382
0.321231
0.109792
0.0185702
0.00817624
0.0124484
0.0131268
0.0104899
0.221452
0.16803
0.505605
0.0769736
0.0241725
0.00819301
0.00438087
0.00291173
0.0356516
0.324405
0.505605
0.0608711
0.0579815
0.139336
0.0140899
0.0844584
0.107379
0.400294
0.0797264
0.0213241
0.00452348
0.0147114
0.009062
0.0247109
0.282765
0.391528
0.0240137
0.0100174
0.0047107
0.00960872
0.00259132
0.0148803
0.419783
0.253993
0.176643
0.0322694
0.111046
0.39612
0.0249656
0.127327
0.115475
0.0726844
0.0223851
0.0141905
0.0568822
0.211337
0.0141947
0.0388243
0.0832649
0.0337188
0.0377717
0.12928
0.0589982
0.0350521
0.105943
0.158513
0.123704
0.025746
0.136619
0.159732
0.213487
0.0998266
0.0391563
0.0891327
0.131904
0.050978
0.0634718
0.181186
0.101228
0.0943808
0.103501
0.189357
0.146834
0.00785231
0.150023
0.363504
0.400973
0.110558
0.0537174
0.0877581
0.0737725
0.0158583
0.111568
0.101795
0.278425
0.069982
0.0116899
0.011469
0.0587962
0.0818392
0.117969
0.162221
0.283061
0.0488613
0.0318872
0.00967906
0.0622891
0.019745
0.0847958
0.247279
0.366308
0.0847707
0.00800083
0.00768734
0.00849091
0.245792
0.287132
0.286424
0.242063
0.0688839
0.0223913
0.00594263
0.068764
0.0399971
0.0367468
0.0565781
0.048692
0.00823249
0.00561915
0.0027292
0.0183244
0.0557377
0.116752
0.0703348
0.0334844
0.00460024
0
0.00921657
0.0205513
0.134654
0.232581
0.0903204
0.0200895
0.00594726
0.00399887
0.000286899
0.0179182
0.274541
0.818374
0.183042
0.0140624
0.00255553
0
0.000883854
0.0364684
0.0199123
0.0882867
0.0313303
0.0043466
0.00130115
0.000373094
0.00285207
0.00693478
0.0958538
0.274427
0.0653473
0.00208588
0.00297465
0.00149238
0.00265899
0.0193382
0.119019
0.55126
0.100078
0.00948862
0.000140322
0
0.000425983
0.0139602
0.169589
0.669304
0.174444
0.00601571
0
0
0.000278405
0.0150579
0.0692871
0.28783
0.0345579
0.00083148
0.00455157
0.000263216
0.000507143
0.00753143
0.106348
0.516145
0.0601462
0.00379806
0.00644272
0
0
0.0068746
0.0973441
0.516145
0.0716029
5.99394e-005
0.00101897
0
2.20636e-005
0.00478063
0.157903
0.516145
0.0784798
0.00333543
0.00278978
0
0.00451766
0.0112485
0.157337
0.454361
0.0602247
0.00531938
0.015437
0.0125491
0.0249066
0.0378611
0.161068
0.271602
0.0251526
0.0825498
0.225454
0.0324139
0.0795057
0.073202
0.165739
0.454361
0.0459126
0.049909
0.138834
0.0381349
0.0494745
0.0600068
0.0842932
0.0655723
0.00954999
0.222879
0.454361
0.0791483
0.0690488
0.0558657
0.0552976
0.0539486
0.00554199
0.178888
0.516242
0.0213037
0.0567524
0.0390786
0.0114762
0.00538385
0.00393119
0.0804095
0.246929
0.0178571
0.0103546
0.0122455
0.00477071
0.00151468
0.00393882
0.346931
0.575944
0.0392712
0.0155496
0.00597459
0.0114615
0.00433014
0.00175099
0.141241
0.298547
0.040785
0.00449703
0.0220446
0.0105508
0.00946011
0.0283027
0.0220761
0.0271313
0.0444718
0.0471674
0.0306299
0.0095417
0.0293484
0.082501
0.0681113
0.0267988
0.0327618
0.0314962
0.0164971
0.185523
0.0105035
0.0129402
0.0157382
0.021564
0.049362
0.141363
0.740112
0.224073
0.208797
0.0897786
0.0734435
0.044768
0.051576
0.214536
0.34543
0.0218557
0.0234715
0.0520657
0.0421976
0.0141836
0.00451593
0.0116197
0.00699321
0.104888
0.154244
0.0835355
0.0326272
0.0109761
0.00438226
0.00482544
0.0110945
0.223875
0.301398
0.116289
0.028571
0.0142367
0.00686213
0.0486443
0.0327147
0.356853
0.730388
0.242648
0.0205543
0.00295535
0.00292151
0.00707914
0.00909613
0.0633106
0.18145
0.0523503
0.00447522
0.000445645
0.000300573
0.000251499
0.00226805
0.0981063
0.522137
0.0765719
0.00112964
0
0
0
0.00951755
0.122031
0.532819
0.103786
0.00306875
6.4631e-005
0.000200382
0.000167666
0.00135189
0.101793
0.532819
0.124733
0.000149234
0
0
0.00853972
0.00794051
0.0742268
0.474761
0.0540934
0.00160134
0
0
0
0.00663854
0.0829256
0.474761
0.0604799
0.000969053
0
0
0.000150183
0.00290673
0.0759885
0.474761
0.0562164
3.6941e-005
0
0
0.00478029
0.00670808
0.144327
0.474761
0.0302059
0
0.00249604
0.0188937
0.00910848
0.0357263
0.107348
0.543934
0.0505013
0
0
6.50141e-006
0.0013256
0.00472023
0.14438
0.543934
0.0440167
0.0110408
0.00365743
2.60057e-005
0.00695586
0.00793459
0.149443
0.398739
0.0192007
0
0.00557835
0.0478559
0.0283312
0.0708804
0.166185
0.309227
0.0453747
0.00735364
0.00312829
0.0185043
0.0195089
0.039524
0.0704785
0.201307
0.019926
0.120061
0.159443
0.0109651
0.0166957
0.0149802
0.0161921
0.0195782
0.0112188
0.34377
0.470606
0.0217982
0.0142633
0.0101971
0.107936
0.147601
0.0359073
0.143844
0.158449
0.00255714
0.00515039
0.0244826
0.0260958
0.0250994
0.0176816
0.470606
0.470606
0.00382053
0.00283285
0.0141642
0
0
0.00473967
0.29672
0.494215
0.0128789
0.00119832
0.000285042
0.0115387
0.0034726
8.62622e-005
0.108571
0.197955
0.0251782
0.00412896
0.0139877
0.00604333
0.000509938
0.00592971
0.443202
0.51781
0.00355766
8.87753e-005
0.00335024
0.0796851
0.00933978
0.0104318
0.166444
0.244525
0.0167333
0.0105993
0.0731993
0.122111
0.0228634
0.0620036
0.016199
0.00469152
0.0101385
0.0563683
0.369997
0.0739616
0.12401
0.122028
0.109897
0.0660831
0.0422423
0.102064
0.162226
0.199572
0.0818916
0.111002
0.0226173
0.00877882
0.0239183
0.0938097
0.447757
0.0298099
0.109711
0.199914
0.186997
0.287079
0.333884
0.280338
0.275024
0.104188
0.341164
0.123277
0.072262
0.0513354
0.0249686
0.0254749
0.0171881
0.139438
0.482789
0.174604
0.0661924
0.0358536
0.0173633
0.00355397
0.00367374
0.0440813
0.210146
0.13766
0.148634
0.268925
0.321703
0.159695
0.0415106
0.0821025
0.28048
0.12876
0.14331
0.140572
0.178458
0.212531
0.043974
0.110183
0.509016
0.120658
0.044349
0.0249038
0.0310515
0.00851543
0.00222792
0.0929852
0.509016
0.0947251
0.0208992
0.0331045
0.0352691
0.0570071
0.0299972
0.0597854
0.199134
0.0982233
0.0809644
0.0840848
0.144882
0.278421
0.104672
0.0832965
0.151733
0.049905
0.034661
0.0970201
0.193844
0.290403
0.189043
0.0942457
0.505938
0.0953603
0.0122141
0.0279588
0.0169407
0.0418301
0.041531
0.220575
0.439728
0.0651894
0.0155232
0.0232591
0.0735679
0.0649266
0.101095
0.0700164
0.157138
0.110492
0.0346664
0.102485
0.180212
0.209111
0.151918
0.141818
0.238537
0.283004
0.0643397
0.0545719
0.125128
0.202498
0.175601
0.25989
0.165096
0.0296171
0.0274292
0.0369256
0.138712
0.108273
0.151724
0.309954
0.367353
0.123944
0.0841463
0.0242407
0.057542
0.0389816
0.073763
0.266979
0.171431
0.208557
0.078585
0.0637823
0.109951
0.143966
0.232098
0.248359
0.175836
0.115677
0.173559
0.101682
0.200106
0.198435
0.228412
0.11909
0.148141
0.0542583
0.0902208
0.137204
0.0120805
0.00618103
0.0187145
0.0355184
0.0259743
0.0153295
0.339853
0.479884
0.00838572
0.00272391
0.0101795
0.0727753
0.0725971
0.0377513
0.149911
0.156301
0.0742834
0.0871997
0.070285
0.0284262
0.0225483
0.00361489
0.477541
0.479884
0.0188845
0.019004
0.0231632
0.00799763
0.00164063
0.00920821
0.325155
0.494897
0.0137844
0.0181778
0.00718119
0.109085
0.016233
0.0244764
0.117375
0.194388
0.0209384
0.0625462
0.131975
0.00272752
0.00678655
0.0348329
0.351024
0.51009
0.0191863
0.0378114
0.0177085
0.0664098
0.0269948
0.0790442
0.100875
0.217693
0.0337759
0.127795
0.197391
0.103672
0.024983
0.0221051
0.0186555
0.0109833
0.0208302
0.0750646
0.369414
0.0101186
0.018324
0.111566
0.359405
0.233261
0.233562
0.218136
0.220803
0.13863
0.0616109
0.0586804
0.0585752
0.0131186
0.0226704
0.023733
0.167177
0.0431727
0.104082
0.346119
0.480858
0.133786
0.0635308
0.04099
0.0620543
0.0189038
0.0181453
0.134634
0.377957
0.271553
0.268644
0.143662
0.039487
0.0457591
0.0206659
0.0491773
0.0885362
0.0942547
0.1762
0.270463
0.0716797
0.0156259
0.0329676
0.275632
0.539367
0.186664
0.0412439
0.0156554
0.0140879
0.0351291
0.0262101
0.0633295
0.168282
0.11347
0.0799366
0.143314
0.0821982
0.0136599
0.0126147
0.013793
0.0178644
0.0364687
0.112989
0.397394
0.126689
0.02039
0.0121835
0.00757121
0.00635397
0.0385618
0.187067
0.520666
0.205485
0.00803673
0.00631725
0.00396032
0.014577
0.0437103
0.106813
0.286019
0.0846998
0
0
0
0.000225502
0.0306713
0.127568
0.520666
0.135233
0.0108936
0.0147829
0.0203101
0.00795131
0.0300154
0.134616
0.388551
0.149227
0.0523675
0.0869311
0.140542
0.0177957
0.0145391
0.0697584
0.35942
0.140991
0
0
0
0
0.0108415
0.0605906
0.511017
0.123302
0.0205672
0.0246429
0.0117329
0
0.00197263
0.0674391
0.511017
0.158051
0.088556
0.115258
0.112465
0.0149387
0.0123004
0.0255921
0.185361
0.11859
0.051227
0.0492487
0.0236571
0.0257737
0.0298029
0.0992699
0.228402
0.188548
0.0222485
0.0439628
0.0174865
0
0.000721636
0.0391953
0.567679
0.172592
0.0210763
0.0283935
0.00845906
0
0.000228416
0.0306412
0.567679
0.274298
0.0251367
0.0289264
0.00602923
0.0882259
0.109646
0.0670729
0.102556
0.0941323
0.0130747
0.0185042
0.00102639
0.375053
0.476175
0.0256477
0.0150724
0.0226403
0.0277329
0.0383347
0.0127004
0.0932384
0.142495
0.0223395
0.193637
0.115687
0.0165784
0.0272729
0.0125259
0.476175
0.476175
0.0107752
0.0179647
0.0237982
0.00122126
0.00740863
0.0256462
0.287381
0.439224
0.00414994
0.00737342
0.00480235
0.020636
0.0210317
0.0644866
0.123593
0.197372
0.0151701
0.0296472
0.0519131
0.00119101
0.00221504
0.0041085
0.377318
0.491267
0.00254487
0
0
0.00380379
0.004848
0.0224699
0.253074
0.404281
0.0180202
0
0.00122776
0.145928
0.0614867
0.0470692
0.0628084
0.030069
0.0621744
0.0123154
0.194663
0.0414889
0.10912
0.284763
0.476752
0.150917
0.0929741
0.00784031
0.0512196
0.0634676
0.0108922
0.0710614
0.281462
0.0724949
0.0763096
0.0162747
0.14822
0.00858561
0.022758
0.210895
0.476752
0.334337
0.121467
0.0113963
0.0443722
0.00328059
0.032976
0.241484
0.545165
0.202667
0.0243074
0.000438459
0.00234852
0.00891736
0.0130493
0.0368912
0.16061
0.192826
0.0387582
0.0357619
0.0194092
0
0.0190069
0.166054
0.522474
0.3194
0.0381486
0.00486326
0.00130144
0
0.00871874
0.0303128
0.129747
0.24036
0.0105908
0.00816554
0.000867624
0.00507339
0.00840004
0.00366736
0.0636338
0.211422
0.171604
0.228433
0.0496746
0
0
0
0.0028325
0.147912
0.225377
0.607366
0.134473
0
0
0
0.0777839
0.33369
0.0932297
0.0325934
0.000759557
0
0
0
0.0154103
0.323731
0.223024
0.173504
0.02189
0
0
0
0
0.0290054
0.062577
0.462171
0.0879338
0
0
0
0
0.00595642
0.11384
0.649975
0.138679
0
0
0
0.00659981
0.0787297
0.0846454
0.188261
0.0270018
0.000334019
0.000143151
0
0.00331857
0.0337127
0.126165
0.429266
0.0660349
0.000286184
0
0
0
0.00252159
0.0511588
0.510745
0.101283
0.00269277
0.00252714
0.000948679
0
0.00463391
0.0438476
0.510745
0.150691
0.000701992
0.000300854
0
1.60402e-005
0.00722089
0.0603275
0.320386
0.0724095
0.00220386
0.000200569
0
0
0.00717248
0.0649664
0.510745
0.116565
0.0257135
0.0203125
0.0239809
0.0698108
0.0626101
0.0196463
0.38605
0.129892
0.0357456
0.0357906
0.0665852
0.416969
0.389214
0.00345586
0.0785129
0.0759523
0.0291696
0.0246074
0.0245012
0.0193716
0.00787687
0.0528295
0.46599
0.142255
0.0506574
0.0890548
0.106568
0.269351
0.135876
0.0711754
0.229064
0.140895
0.00553519
0.00805707
0.0192562
0.338902
0.429686
0.000565306
0
0.00618229
0
0
0.00406341
0.236247
0.366187
0.0173582
0.000428737
0
0.0163245
0.0335668
0.0526106
0.351469
0.314209
0.0303719
0.0363018
0.0335709
0.00563102
0.0037283
0.0170372
0.335559
0.343404
0.0318369
0.004793
0.00274105
0.0400385
0.0342044
0.187785
0.267973
0.0260726
0.00905663
0.00217933
0.0226363
0.00643422
0.0234421
0.281586
0.428625
0.15877
0.0224177
0.00276347
0.00459304
0.0378078
0.0506714
0.240725
0.345449
0.193976
0.0437248
0.013344
0.0430862
0.0408028
0.0626862
0.338573
0.428625
0.1737
0.0118332
0.00235528
0.00377665
0.00683295
0.0257993
0.174815
0.545976
0.326766
0.0285808
0.0115806
0.00583939
0.0018269
0.00925159
0.0204989
0.147491
0.233324
0.0227268
0.0126186
0.00389293
0.0930421
0.112025
0.222712
0.424285
0.183418
0.00797059
0.0109456
0.0214394
0.0212217
0.0424221
0.0528742
0.25796
0.232694
0.0277478
0.00865479
0.0126279
0
0
0.00198471
0.0802435
0.343805
0.0873116
0.016264
0
0
0
0
0.035975
0.467554
0.203868
0.0250448
0.000619127
0
0.016674
0.0326073
0.15012
0.327904
0.117914
0.0148817
0.00543402
0
0
0
0.0442447
0.453682
0.346299
0.00677203
0.0013585
0
0
0
0.0255211
0.286605
0.228588
0.0901835
0.00329556
0.00349143
0.00149633
0
0.00991491
0.180755
0.29377
0.314926
0.0350775
0
0
0
0.0463041
0.281861
0.412729
0.0231034
0
0.00232762
0.00099755
0
0.0562639
0.323912
0.35673
0.0513432
0.0155725
0.00780838
0.00334645
0.000733699
0.0078751
0.05301
0.11595
0.290219
0.0929943
0.0137924
0.00223096
0.00110055
0.0140104
0.0168778
0.120058
0.792875
0.196364
0.00520558
0.00223096
0.00120419
0.0438516
0.170058
0.0914609
0.0423369
0.0345464
0.00561709
0.00149687
0.00895341
0.0963755
0.11749
0.0921761
0.159833
0.0528854
0.0120663
0.013472
0.00924632
0.00324388
0.00594997
0.0818141
0.544342
0.126413
0.0686989
0.0757574
0.0770844
0.0986018
0.0646275
0.140683
0.530361
0.284554
0.00367242
1.90436e-005
0.00815689
0.0322318
0.0290999
0.0580625
0.164453
0.0677467
0.128763
0.039226
0.0248337
0.0185447
0.00879172
0.0397368
0.256615
0.269402
0.101582
0.0880857
0.0878629
0.270127
0.206912
0.0556181
0.144255
0.166845
0.0556846
0.0573177
0.0689525
0.495281
0.288229
0.0184671
0.00578946
0.0250393
0.182365
0.11679
0.0480919
0.0974648
0.0248427
0.0123563
0.0886793
0.168248
0.0826895
0.141369
0.261381
0.437855
0.0964885
0.0057562
0.0102531
0.044148