0.145798
0.0960312
0.111073
0.235423
0.103168
0.0642601
0.0360846
0.299796
0.173371
0.285555
0.248063
0.103263
0.0475973
0.0510958
0.0233367
0.119976
0.160357
0.141998
0.126125
0.215321
0.0918064
0.0646481
0.0349591
0.134384
0.288533
0.431843
0.168059
0.123181
0.0465883
0.0365677
0.0303982
0.120483
0.143984
0.319774
0.319444
0.070142
0.0233406
0.0134931
0.026007
0.08571
0.170868
0.315766
0.287097
0.0705137
0.0192181
0.0143356
0.0295426
0.0669813
0.208712
0.362528
0.193638
0.0959828
0.0689642
0.00444491
0.0488901
0.140218
0.120222
0.199413
0.225414
0.0943114
0.0784659
0.022567
0.0586886
0.106811
0.12162
0.233146
0.157842
0.0506258
0.0746148
0.123264
0.134823
0.0650042
0.0652142
0.101903
0.138335
0.12401
0.226218
0.23407
0.309053
0.166145
0.103445
0.133401
0.142376
0.102049
0.0826584
0.0996452
0.119979
0.105435
0.143962
0.191799
0.151332
0.134719
0.0909617
0.232525
0.245837
0.194892
0.0447959
0.0570088
0.100833
0.132656
0.192814
0.126251
0.151961
0.167383
0.110939
0.204095
0.0880308
0.185042
0.158301
0.147255
0.134168
0.164924
0.158033
0.0804913
0.133694
0.0759533
0.0881624
0.185054
0.164734
0.145675
0.437553
0.149881
0.121237
0.141671
0.109522
0.173344
0.121617
0.183016
0.0388139
0.0726334
0.0232254
0.0426057
0.0342624
0.0371835
0.0421919
0.0207186
0.0217026
0.0435757
0.0312593
0.023357
0.0424385
0.0678667
0.0682939
0.016652
0.212269
0.187863
0.027578
0.0397161
0.0293622
0.0203278
0.0286004
0.0702567
0.529855
0.711578
0.0759584
0.0262529
0.0289367
0.0196303
0.0555134
0.0720324
0.0307689
0.0274328
0.0105848
0.000767295
0.0130728
0.0359721
0.0189328
0.0245579
0.139851
0.106234
0.00424825
0.00430053
0.0143352
0.0308542
0.0255426
0.0672789
0.295628
0.506553
0.0578391
0.00481347
0.00303861
0.00419268
0.0134557
0.0183493
0.522137
0.522137
0.078267
0
0.00235852
0.00358693
0.00704243
0.0875212
0.180239
0.120182
0.00765901
0.0131804
0.00782108
0.0141702
0.0297
0.071249
0.162791
0.0598796
0.0103693
0.0288482
0.0326372
0.0736172
0.0892043
0.12301
0.441221
0.47974
0.0298531
0.0375374
0.024049
0.0203275
0.0516573
0.143429
0.241732
0.152238
0.00908304
0.259053
0.36524
0.218068
0.160138
0.178496
0.138258
0.142252
0.215906
0.119196
0.0536927
0.0282402
0.0360101
0.0689423
0.208245
0.186412
0.13598
0.12756
0.0602648
0.021717
0.0319658
0.132826
0.202293
0.414898
0.316301
0.0816875
0.0740684
0.0202876
0.0261341
0.0539867
0.178271
0.238051
0.23903
0.215349
0.309239
0.0558374
0.0315606
0.120858
0.161533
0.122869
0.0548252
0.113984
0.0894265
0.0190255
0.0535669
0.111268
0.152128
0.124752
0.0783416
0.0761159
0.0681511
0.0163336
0.056589
0.104116
0.18097
0.154137
0.106223
0.163549
0.280974
0.0651872
0.119131
0.0868937
0.347287
0.542487
0.0934037
0.0654253
0.0775088
0.0307651
0.21582
0.168705
0.0354166
0.0276278
0.0220838
0.0144137
0.00882255
0.0117744
0.015842
0.0286099
0.0798794
0.0672156
0.0287314
0.0128734
0.0115829
0.0234502
0.0158542
0.0385637
0.199322
0.348036
0.0258688
0.00752425
0.00299164
0.00589372
0.0400691
0.0738081
0.487036
0.705461
0.0379055
0.00456087
0.00339286
0.0157498
0.0147266
0.0830155
0.0753143
0.0591697
0.0159299
0.0067253
0.00656035
0.0126319
0.00874845
0.0117598
0.188065
0.22863
0.0181507
0.0144355
0.00396304
0.00998863
0.00878896
0.0196867
0.290333
0.49718
0.0643572
0.00852428
0.00320818
0.00974954
0.00637398
0.0212823
0.49718
0.49718
0.144089
0.0181987
0.00304608
0.00596051
0.00574469
0.0203088
0.121662
0.264484
0.00968714
0.00609897
0.0011171
0.00111349
0.00209924
0.0154747
0.221629
0.421017
0.0445009
0.0190747
0.000772454
0.000470308
0.00375215
0.0179938
0.321061
0.421017
0.0444073
0.00368937
0.000493106
9.13032e-005
0.000299996
0.0224758
0.421017
0.421017
0.0727812
0.0172205
0
1.5639e-005
1.5639e-005
0.0349466
0.203983
0.361428
0.057219
0.0153555
8.68427e-005
0.000123709
0.00197111
0.0115514
0.29937
0.361428
0.059861
0.0049872
0.020817
0.00838051
0.0275688
0.0691011
0.353047
0.361428
0.0502054
0.0170877
0.000968539
4.66908e-005
0.000336319
0.0260568
0.337923
0.361428
0.0202675
0.130229
0.155218
0.0124935
0.050638
0.103095
0.197951
0.217099
0.0219885
0.0762793
0.0839331
0.0211483
0.0608975
0.0906584
0.0364009
0.0427639
0.00384251
0.374064
0.311326
0.0485343
0.042973
0.0430567
0.132805
0.0832282
0.00448733
0.358981
0.335818
0.0234996
0.0728313
0.0766155
0.00987752
0
0
0.406915
0.396692
0.012134
0.0198862
0.00867745
0.0409572
0.127288
0.0748015
0.0187299
0.0308083
0.0230551
0.0179896
0.0211634
0.119309
0.198371
0.109506
0.0478725
0.0690939
0.00641163
0.00473431
0.0569126
0.0255844
0.150379
0.214851
0.0604654
0.0503448
0.0420333
0.0554576
0.019342
0.302097
0.596593
0.54185
0.0897507
0.0605299
0.0279116
0.0149844
0.0697114
0.105901
0.154212
0.0359446
0.0148478
0.0315157
0.00361273
0.00849815
0.0248152
0.196857
0.403807
0.0409287
0.00335804
0.00747587
0.00153954
0.0277075
0.0202894
0.261591
0.490324
0.125589
0.023668
0.0185773
0.00801626
0.013926
0.0442735
0.356913
0.490324
0.100188
0.0282669
0.04174
0.00160656
0.0112021
0.0193051
0.144368
0.319411
0.042472
0.000812141
0.000593043
0.000147562
0.0109201
0.015092
0.230189
0.429491
0.0307787
0.000189581
0.000102371
0.000622862
0.00180463
0.0127857
0.254726
0.429491
0.0770447
0.0176469
0.0258751
0.00139773
0.00308694
0.00700774
0.378986
0.429491
0.0761872
0.0281485
0.019641
0.00284612
0.0127396
0.048566
0.186196
0.376404
0.0252183
0.0033351
0.000604548
0.000650289
0.00168402
0.00434059
0.313618
0.376404
0.0503291
0.00993008
0.00193397
0.000362487
0.00107386
0.00844585
0.328732
0.376404
0.0236929
0.00829485
0.00982671
0.00241459
0.0160249
0.0534231
0.376404
0.376404
0.00300219
0.0057995
0.0146892
0.0322838
0.0146423
0.067005
0.367464
0.383368
0.0217185
0.00337861
0.00111831
0.00170108
0.00181505
0.0233505
0.383368
0.383368
0.0255848
0.00125473
0.00165909
0.00524554
0.00399212
0.0278829
0.375173
0.32456
0.000506633
0.0280132
0.0624708
0.0720986
0.0388199
0.0703607
0.271667
0.180117
0.00919729
0.0368648
0.0613821
0.0449279
0.0538073
0.0690268
0.317408
0.342663
0.0220325
0.00466489
0.00365039
0.00286223
0.0020275
0.0337091
0.178402
0.144306
0.015933
0.43239
0.203364
0.00292441
0.0171085
0.0656307
0.253056
0.24233
0.0359543
0.0133789
0.0167987
0.0144343
0.0248735
0.106693
0.18571
0.137966
0.0887674
0.456152
0.137022
0.00535884
0.0358549
0.15148
0.0221811
0.015701
0.0052371
0.430117
0.237673
0.00420004
0.0123933
0.017777
0.0200347
0.0184573
0.0171423
0.430117
0.237879
0.0334203
0.0131023
0.0206885
0.0210844
0.0108903
0.0362889
0.430117
0.178471
0.00407957
0.00827906
0.0257168
0.0166606
0.0781025
0.0934625
0.430117
0.2105
0.0475683
0.0390871
0.0517105
0.0140748
0.0534506
0.156208
0.104053
0.0775359
0.0795156
0.0446838
0.0198284
0.0856817
0.31687
0.40793
0.136819
0.17004
0.198466
0.259735
0.0342122
0.0155184
0.0318602
0.0420334
0.0826024
0.0599686
0.0988418
0.0637214
0.0559853
0.00665406
0.0227897
0.0692025
0.0641907
0.127575
0.292001
0.560042
0.0830456
0.086014
0.269661
0.104005
0.0393291
0.0532887
0.0640077
0.179085
0.0434754
0.114589
0.44642
0.0753615
0.0798216
0.139836
0.030516
0.228595
0.0467412
0.00783635
0.014435
0.0224795
0.0172635
0.039388
0.133485
0.458171
0.0797624
0.00931399
0.0464747
0.0223469
0.0522022
0.117425
0.192581
0.458171
0.137617
0.121173
0.367736
0.0306848
0.0575296
0.0914112
0.0248253
0.191862
0.0347307
0.228306
0.349148
0.0539652
0.0959545
0.0755351
0.047357
0.14365
0.160888
0.0124437
0.0440492
0.00569377
0.0381115
0.0716457
0.135797
0.43229
0.0986146
0.0779301
0.0218397
0.0148554
0.0653383
0.0607314
0.195572
0.43229
0.227738
0.264339
0.216775
0.035224
0.0368713
0.0951047
0.0364749
0.0647139
0.15031
0.378192
0.269264
0.0119274
0.0211274
0.0894105
0.101148
0.0672688
0.142737
0.117429
0.0577207
0.0138834
0.0293852
0.111864
0.207485
0.378192
0.173909
0.253835
0.150672
0.0791233
0.0261403
0.10425
0.182133
0.349069
0.199219
0.297822
0.151534
0.00325086
0.0710866
0.111942
0.147178
0.0947242
0.149911
0.309145
0.2054
0.0749704
0.153414
0.088037
0.0753315
0.0937223
0.103469
0.264248
0.132445
0.128856
0.0639897
0.0688531
0.11161
0.125532
0.308405
0.222237
0.155381
0.129417
0.158896
0.0596843
0.264092
0.277439
0.27601
0.227453
0.267608
0.0996935
0.0652374
0.0197451
0.0245085
0.049673
0.0733204
0.135632
0.160913
0.0748398
0.439581
0.153762
0.00699802
0.0472314
0.106472
0.133071
0.106251
0.100154
0.0899384
0.0386596
0.203658
0.326032
0.125512
0.0755421
0.0559616
0.0743553
0.439581
0.283315
0.0585376
0.140261
0.0816286
0.0138189
0.0158924
0.0288112
0.431875
0.147434
0.0012064
0.00983665
0.0205235
0.00117252
0.0410136
0.0762321
0.431875
0.187484
0.00919324
0.0183465
0.0161635
0.00700074
0.00469728
0.0257942
0.431875
0.227622
0.00525602
0.0114339
0.0108298
0.00283234
0.00275346
0.0373497
0.431875
0.299421
0.0186334
0.0107364
0.00283234
0.0803479
0.0822716
0.0429895
0.0915254
0.0254209
0.056018
0.0890459
0.112069
0.0295341
0.0220946
0.0406723
0.0370643
0.0463063
0.251791
0.769222
0.18971
0.113695
0.0826712
0.030748
0.0257594
0.0162074
0.0387825
0.115354
0.138728
0.0615792
0.0655024
0.0422996
0.0354625
0.0426894
0.0788579
0.167867
0.189174
0.00758242
0.00396839
0.00697399
0.00598475
0.00856848
0.089418
0.458043
0.141941
0.00369672
0.0116108
0.00910364
0.0070965
0.0180526
0.224185
0.61615
0.242263
0.0163506
0.0182656
0.0203928
0.0200191
0.0296024
0.0302516
0.0482989
0.085769
0.00926842
0.0235866
0.0212683
0.0205857
0.0588639
0.0832831
0.412941
0.128918
0
0.00173376
0.000839864
0.000507669
0.00461174
0.118076
0.483212
0.0855258
0.0102895
0
0
0.000368543
0.0105074
0.174131
0.483212
0.102053
0.0042925
0.00301843
0.00266239
0.00381693
0.00981678
0.0487996
0.402154
0.0782714
0.00381432
0.000324131
0.00234391
0.00357801
0.0102617
0.10936
0.483212
0.0840612
0.0112853
0.00291979
0
0.00108097
0.0152601
0.153812
0.455062
0.0654166
0.0638199
0.0410399
0.0472273
0.00511407
0.0119608
0.121107
0.455062
0.136779
0.00167143
8.22551e-005
0.000644052
0.000880875
0.00410828
0.117633
0.455062
0.045129
0.0168721
0.00463234
0.00143603
0.000287206
0.01966
0.171691
0.455062
0.10382
0.108075
0.0776343
0.102537
0.0143604
0.00835392
0.0445312
0.306896
0.202868
0.0621432
0.0455853
0.0533719
0.021821
0.0142394
0.143301
0.294661
0.21835
0.0293698
0.0105691
0.00667554
0.00133511
0.0186034
0.141449
0.52303
0.131098
0.0195753
0.0046557
0.00671396
0.000890071
0.000227672
0.0679376
0.52303
0.165253
0.0461791
0.0102498
0.0269156
0.0315941
0.0475783
0.12295
0.292556
0.150468
0.0465062
0.0046633
0.0415388
0.479706
0.270266
0.0509046
0.110663
0.0730603
0.0370904
0.00875387
0.0102928
0.0598492
0.0451644
0.0198565
0.370482
0.160886
0.0363587
0.0101697
0.0223766
0.479706
0.286772
0.0149279
0.0631312
0.0811154
0.0102862
0.000728208
0.025856
0.435102
0.19944
0.00723022
0.00768494
0.00844485
0.0224081
0.000899738
0.0409516
0.377373
0.212441
0.0674009
0.0450655
0.0134139
0.00942697
0.00186301
0.0224024
0.435102
0.243385
0.00291526
0.00103785
0.00775205
0.0254877
0.00359895
0.0484162
0.413816
0.207907
0.193276
0.160989
0.0218371
0.121958
0.148983
0.102573
0.101667
0.0557383
0.0771776
0.156889
0.25269
0.0952573
0.168894
0.131879
0.107244
0.0486502
0.051396
0.119777
0.25152
0.199745
0.0909707
0.100483
0.114831
0.108763
0.240151
0.164121
0.348177
0.168569
0.123016
0.212322
0.157451
0.062039
0.103976
0.0926667
0.238244
0.0450043
0.124076
0.0994843
0.117357
0.18198
0.0749375
0.0527051
0.196065
0.0346756
0.0888189
0.0673653
0.146143
0.382978
0.193774
0.226925
0.171693
0.0659545
0.134049
0.191861
0.138391
0.140717
0.0970268
0.0513728
0.0957496
0.101909
0.117191
0.168304
0.271176
0.301918
0.168994
0.0522123
0.0716247
0.0138905
0.00487112
0.0203513
0.0311837
0.0467679
0.0482246
0.233769
0.0886434
0.0271401
0.00381504
0.0290313
0.036252
0.0344005
0.104978
0.870158
0.158148
0.0143787
0.0276842
0.042786
0.058007
0.0423235
0.0653325
0.0334716
0.0174769
0.027095
0.044889
0.0382546
0.0564672
0.0572784
0.102784
0.111683
0.039802
0.0112213
0.00258906
0.00554059
0.00734626
0.00550427
0.0768571
0.534779
0.0561493
0.00614023
0.00318398
0.0022832
0.00164363
0.0240263
0.207967
0.534779
0.0914914
0.0190102
0.0245033
0.0222208
0.021915
0.021434
0.0281225
0.138629
0.0183978
0.041699
0.0438544
0.0542404
0.0122966
0.0162988
0.0878464
0.519055
0.0824645
0.000964133
0.00027292
0.000158006
0
0.00955538
0.124991
0.463572
0.0526938
0.00386293
0.000368629
0.000302272
0
0
0.123202
0.463572
0.0845343
0.0193153
0.00756534
0.0158842
0.000606122
0.00249644
0.0847523
0.463572
0.0695768
0.00842872
0
0
0.00060436
0.0025952
0.187656
0.463572
0.0758092
0.0173106
0.0199716
0.012521
0.038623
0.0133257
0.07437
0.425694
0.134852
0.0324536
0.0688721
0.0806382
0.425694
0.0923236
0.0201978
0.144797
0.118156
0.0324156
0.0195982
0.00735706
0.00860823
0.00204735
0.180962
0.425694
0.159811
0.0871462
0.116823
0.0784178
0.248549
0.0401949
0.0842923
0.348667
0.229188
0.0104241
0.0267026
0.0464599
0.444151
0.156362
3.07733e-005
0.00440072
0.0185933
0.00498737
0.00181881
0.0124735
0.433922
0.20183
0.118056
0.0991602
0.0190887
0.0364173
0.0623947
0.0803238
0.444151
0.126838
0.0133894
0.0526647
0.0521096
0.00623545
0.0137357
0.0483377
0.444151
0.213718
0.0313345
0.0164714
0.0146041
0.0881317
0.0274628
0.0420227
0.0481197
0.0758244
0.239395
0.132285
0.17059
0.0963326
0.0257086
0.119219
0.0625386
0.0860845
0.0990167
0.099984
0.114028
0.311846
0.119793
0.0812649
0.0625917
0.0750924
0.220376
0.183896
0.167865
0.393639
0.0733744
0.114283
0.0517052
0.142032
0.0722041
0.18841
0.403942
0.116906
0.0589978
0.131989
0.0576131
0.0771345
0.0584271
0.0413917
0.0331222
0.209006
0.121903
0.14321
0.137496
0.10158
0.0741154
0.0316016
0.0593461
0.268703
0.0672965
0.0852684
0.0401186
0.103806
0.0556744
0.224432
0.304199
0.235902
0.121615
0.111021
0.097839
0.0748651
0.211946
0.447379
0.228762
0.0980594
0.128666
0.0904318
0.141756
0.0692024
0.102385
0.0562955
0.0626194
0.0304831
0.200762
0.102253
0.1487
0.165702
0.238704
0.0950364
0.0287995
0.0910547
0.0830905
0.0528811
0.200032
0.0932429
0.253965
0.293307
0.205318
0.0331802
0.265445
0.118988
0.280993
0.213512
0.234522
0.125433
0.0811334
0.0738231
0.165146
0.0926775
0.0874282
0.13672
0.144284
0.0832791
0.032118
0.212292
0.306171
0.236316
0.0496684
0.137324
0.0951041
0.381421
0.203443
0.0508231
0.219795
0.0676414
0.0965429
0.159341
0.204653
0.117098
0.0655546
0.149279
0.221632
0.0752945
0.116303
0.138732
0.191026
0.0688336
0.106401
0.0422174
0.0335915
0.0342205
0.00637272
0.0214135
0.0523072
0.398692
0.0885491
0.0359504
0.00392186
0.000469099
0.0150839
0.0341909
0.294469
0.734037
0.129557
0.0345356
0.0319157
0.0124722
0.0317728
0.0261903
0.0215468
0.0369672
0.0367303
0.078403
0.0100528
0.00692175
0.0409308
0.0442116
0.0983865
0.263732
0.111427
0.0378698
0.00331989
0
0.00224035
0.00524613
0.178212
0.462611
0.113402
0.0823014
0.0584975
0.0108917
0.0987026
0.0227724
0.147072
0.462611
0.194646
0.0581491
0.00234234
0.0070605
0.0120428
0.0128565
0.0603064
0.24224
0.110904
0.100394
0.033748
0.009211
0.0246574
0.00746856
0.0652191
0.462611
0.302445
0.0942336
0.122569
0.106675
0.451235
0.0897765
0.0471054
0.218392
0.104192
0.0326198
0.0844468
0.144326
0.449123
0.174674
0.030662
0.00398432
0.0197055
0.171215
0.124605
0.0621848
0.0942881
0.0146948
0.02343
0.353342
0.310151
0.0808522
0.103604
0.0907461
0.109591
0.0463931
0.0132333
0.169441
0.169305