0.342759
0.0533905
7.9443e-005
0.000751368
0
0.00191962
0.0164657
0.155511
0.142864
0.0111819
0.00114551
0.00391021
0
0.00387298
0.0694044
0.495996
0.356286
0.0110301
0.000252999
0.00112705
0
0.000349235
0.00176044
0.279187
0.378654
0.015972
0.0022536
0.00586531
0
0.00515928
0.0160229
0.417632
0.0944756
0.00294232
0.00127849
0.00157694
0.00286788
0.00208109
0.0237614
0.374169
0.148722
0.0245789
0.0450303
0.296074
0.155631
0.0897467
0.0559102
0.307291
0.232321
0.0242564
0.00290052
0.0023654
0.00687292
0.0105903
0.0228487
0.221608
0.201164
0.134531
0.354222
0.495101
0.116757
0.039075
0.0304788
0.0986227
0.0288742
0.0221721
0.111507
0.447469
0.214525
0.0778277
0.0254807
0.0480773
0.000848258
0.0265531
0.11195
0.359473
0.175177
0.0397065
0
0
0.0239688
0.0506773
0.29675
0.447469
0.134671
0.0228412
0.00652701
0.00841185
0.00260195
0.0140094
0.0939089
0.406153
0.164705
0.025886
0.00183759
0.00424417
0.00182259
0.0337014
0.0539779
0.275236
0.293516
0.0733016
0.000201051
0
0.00122099
0.00562717
0.00707115
0.106057
0.354309
0.0738123
0.000804205
0
0.0129723
0.069252
0.0568593
0.33253
0.289701
0.0484361
0.00796301
0.0203283
0.0936768
0.559279
0.110019
0.14762
0.189877
0.0455348
0.00427842
0.0119001
0.00567528
0.0277932
0.010573
0.00925576
0.131821
0.0533602
0.00750996
0
0.0447375
0.197574
0.0610141
0.00214187
0.0580516
0.0615568
0.026657
0.00114088
0.0509316
0.572532
0.106236
0.00969642
0.0585439
0.0284433
0.00616801
0
0.128055
0.666264
0.230929
0.000765765
0.0203863
0.0187851
0.0110102
0
0.0461849
0.27402
0.0568676
0.000131336
0.00774932
0.0161539
0.0123501
0.00284258
0.171366
0.36459
0.0438543
0.0218722
0.010554
0.0247597
0.0196404
0.0402785
0.120161
0.539391
0.114898
0
0.00192598
0.00582451
0.00571034
0.0139049
0.254616
0.539391
0.0614113
0.0331722
0.0881778
0.0586163
0.0633607
0.0609154
0.269371
0.244421
0.0337257
0.0975907
0.0995131
0.103759
0.0776726
0.100547
0.0290759
0.019596
0.00961701
0.0400108
0.117139
0.0601914
0.0646323
0.0374572
0.32225
0.355648
0.0700031
0.195739
0.450586
0.225802
0.152585
0.114738
0.0349064
0.0241347
0.0366541
0.135209
0.315202
0.109123
0.0636885
0.0290074
0.351987
0.00168981
4.63183e-005
0.000101281
0
3.13834e-005
3.13834e-005
0.302553
0.419597
0.00355942
0.000296848
0.000527077
0
0.00229964
0.00898714
0.392881
0.299783
0.000621126
0
0
0
0
0
0.271819
0.359648
0.000542175
0.000311305
0.00205551
0.000384529
0.00170368
0.00575625
0.337736
0.242897
0.0172125
0.000539477
0.00449849
0.020536
0.0198292
0.0501532
0.255486
0.161603
0.14097
0.295963
0.329922
0.162711
0.0523741
0.0539508
0.0953634
0.165
0.00358921
0.00546602
0.102396
0.0555365
0.0181447
0.042893
0.249765
0.0675863
0.0413433
0.168411
0.486006
0.375907
0.063008
0.0532076
0.126808
0.0254358
0.0848705
0.338106
0.422907
0.117214
0.0188231
0.00606862
0.0086454
0.0574713
0.0535832
0.107785
0.192113
0.0776496
0.0225098
0.00679437
0.0183073
0.0291432
0.131517
0.177916
0.451786
0.249962
0.0391485
0.0150728
0.0283717
0.137883
0.451786
0.168913
0.0694274
0.0432296
0.0203345
0.0105613
0.0258931
0.0916527
0.121972
0.0274642
0.0547538
0.0472477
0.0207638
0.00945816
0.0259499
0.108991
0.501307
0.0901361
0.0205102
0.0177156
0.00739573
0.00508174
0.0141344
0.189428
0.522814
0.120014
0.00703024
0.00522416
0.0114295
0.00630544
0.0188039
0.166503
0.522814
0.142207
0.00245029
0.00179197
0.00260238
0.00338783
0.00942296
0.0434144
0.468007
0.0747593
0.00120754
0.00224933
0.00156606
0.000384512
0
0.0554882
0.48236
0.0893512
0
0.000262813
0.000649645
0.000576768
0
0.0656644
0.48236
0.055968
7.67929e-005
0
0
0
0
0.0901152
0.48236
0.034466
0.00147924
0
0
0
0.000551776
0.108338
0.462852
0.0460887
0.00348774
0.0265677
0.0159516
0.0201605
0.027441
0.11645
0.261613
0.0175322
0.0579449
0.230654
0.0629948
0.0611125
0.0546109
0.114533
0.462852
0.0178278
0.0659552
0.126305
0.0154503
0.0239034
0.0158704
0.0595587
0.0879669
0.00635826
0.30953
0.462852
0.0439958
0.0389517
0.0249073
0.0464427
0.0588067
0.0367217
0.144859
0.432737
0.0642604
0.042601
0.0236956
0.00643522
0.0158259
0.0298889
0.0984438
0.195019
0.0260583
0.008265
0.00423835
0.00430504
0.00341878
0.0118873
0.427736
0.607263
0.0337463
0.0102591
0.00667571
0.00149607
0.00703221
0.01934
0.19545
0.276075
0.0274084
0.00181951
0.00466673
0.16332
0
0
0
0
0
0
0.161491
0.228835
0.000378626
0.000413469
0.00273008
0.000229483
0.000436758
0
0.193288
0.436713
0.0332621
0.00605641
0.0113367
0.00188287
0
0.0101956
0.421753
0.452204
0.232359
0.0385544
0.0424062
0.0164459
0.0332861
0.0407825
0.421931
0.145104
0.0343439
0.0115595
0.120983
0.0248128
0.00186475
0.00286134
0.0987772
0.096399
0.12939
0.126194
0.445153
0.130607
0.0432269
0.00577511
0.036079
0.331503
0.341949
0.126347
0.10863
0.018389
0.0177406
0.00976659
0.174307
0.218233
0.445153
0.209865
0.260167
0.0341872
0.0419892
0
0.0451844
0.065721
0.267863
0.0968972
0.298421
0.0873733
0.0404404
0.00557855
0.0112771
0.0869024
0.485201
0.117613
0.0142806
0.0120828
0.00649434
0.00332661
0.00684861
0.0866756
0.485201
0.0916267
0.0864615
0.0189837
0.0315072
0.00347972
0.000214883
0.093721
0.485201
0.0789632
0.000463214
0.00457991
0.00902365
0.0102706
0.00752355
0.0835055
0.468676
0.0904476
0.00244302
0.000142068
4.87697e-005
0
0.000299897
0.095497
0.468676
0.0573583
0.00157549
0.000104869
0.000524343
0
0.00139154
0.103283
0.468676
0.0474919
0.00157549
0.00268966
0.00516159
0.00475431
0.00795779
0.180224
0.468676
0.0119398
0.00324427
0.018181
0.0226886
0.0106368
0.0290091
0.0932804
0.553862
0.0205336
0
0.000599912
0.0051317
0.000100099
0.00483932
0.102059
0.553862
0.0105323
0.00277332
0.000442693
0.00541167
0.000150149
0.0075211
0.174027
0.344967
0.00349433
0.00515714
0.0492791
0.0598675
0.0278663
0.0414205
0.141852
0.361498
0.034137
0.00215011
0.0205241
0.0278442
0.0122557
0.0301608
0.060975
0.164342
0.0194278
0.0984366
0.112705
0.00183413
0.00341855
0.00343293
0.0217497
0.0199336
0.0153164
0.393346
0.471187
0.00332006
0.00510289
0.000814951
0.0850818
0.223487
0.0455214
0.0870575
0.0869732
0.00507693
0.00599147
0.0245892
0.0374677
0.0514974
0.0318961
0.468441
0.471187
0.00671534
0.00888748
0.0177252
0
0
0.0160129
0.344114
0.458602
0.00706807
0.00165457
0
0.00458385
0.000515678
0.0282871
0.13657
0.168882
0.0134867
0.00505916
0.00399126
0.01136
0.0189797
0.0479136
0.422963
0.531579
0.00754843
0.00463305
0.0098545
0.192237
0.0534432
0.0788344
0.127033
0.171736
0.0146804
0.0139769
0.11743
0.190106
0.072343
0.0293582
0.0735578
0.0453085
0.0429995
0.0100596
0.167626
0.271351
0.421792
0.074949
0.0816479
0.0772525
0.109124
0.0740905
0.126786
0.089794
0.0548549
0.0305218
0.0968048
0.106183
0.208059
0.0488343
0.0780821
0.0961238
0.307847
0.0655015
0.0817879
0.138361
0.421792
0.421792
0.0297345
0.186681
0.410107
0.125453
0.0553754
0.0246948
0.0331235
0.0505625
0.0521796
0.0899582
0.410107
0.156496
0.103514
0.0147826
0.0163009
0.0223765
0.016814
0.0705017
0.250572
0.0423766
0.0326138
0.0529109
0.32847
0.410107
0.0250704
0.0361084
0.144231
0.0529554
0.112821
0.0576497
0.177811
0.305417
0.0429413
0.0544564
0.481065
0.0899724
0.0792475
0.0173109
0.0195209
0.0387078
0.00849033
0.0717432
0.481065
0.0668296
0.0568377
0.0354059
0.0435102
0.0793984
0.0381413
0.0234525
0.12947
0.0558539
0.12066
0.0457911
0.090884
0.379293
0.106344
0.0681369
0.11086
0.0332796
0.106399
0.0616546
0.136481
0.41554
0.145951
0.114031
0.479806
0.0609124
0.0351074
0.0216235
0.04838
0.0537699
0.0470665
0.196352
0.418135
0.0320105
0.0279643
0.0732876
0.0864556
0.0468681
0.106037
0.0903729
0.153777
0.0504858
0.0559772
0.0432295
0.204964
0.311342
0.14544
0.119692
0.367348
0.083647
0.0365093
0.0665019
0.148157
0.167518
0.203443
0.1851
0.201392
0.0176074
0.0245502
0.114108
0.101457
0.0817982
0.116189
0.173107
0.477473
0.111057
0.0444579
0.0577637
0.0303298
0.0510022
0.0511499
0.156915
0.315656
0.0922576
0.0260049
0.0874535
0.0613366
0.124408
0.233823
0.133174
0.256209
0.0945473
0.0646455
0.104062
0.056499
0.416584
0.198121
0.0406872
0.248413
0.056089
0.0604338
0.0819338
0.00768676
0.0185569
0.0235792
0.0115832
0.0690263
0.0141881
0.357144
0.466489
0.00775985
0.0106555
0.0203342
0.0189938
0.122427
0.0372121
0.0887541
0.104428
0.0322627
0.207036
0.0494077
0.00459074
0.0444551
0.0124224
0.467689
0.467689
0.0161328
0.0538719
0.0211856
0.00946144
0.0193307
0.0436649
0.307743
0.335364
0.00192653
0.00177841
0.00564119
0.17157
0.0869713
0.119266
0.136045
0.103227
0.00247087
0.00290064
0.0772535
0.00175647
0.032666
0.0484534
0.452967
0.452967
0.00444923
0.00231829
0.000358578
0.14292
0.147163
0.153868
0.320112
0.251523
0.00998478
0.0145115
0.116864
0.203973
0.0188032
0.0027302
0.0141589
0.0296714
0.0940247
0.0280981
0.215665
0.123915
0.0306466
0.00700706
0.0195522
0.0851068
0.402302
0.313377
0.141205
0.360366
0.00470079
0
0
0.000612808
0.00178514
0.0012236
0.401554
0.278848
0.107197
0.101153
0.124634
0.0923274
0.108549
0.0906862
0.34978
0.0169515
0.0120975
0.005871
0.0772557
0.159774
0.412174
0.318272
0.0500581
0.00701979
0.00201898
0.00726938
0.0986366
0.11944
0.222751
0.305064
0.048575
0.0535819
0.0748919
0.206051
0.370947
0.27244
0.174095
0.0810541
0.104531
0.00937609
0.00377922
0.112469
0.280696
0.249665
0.0958261
0.0981132
0.0340522
0.00323901
0
0.00902517
0.0351563
0.0286305
0.0890085
0.475843
0.105249
0.0236844
0.00973973
0.00370933
0.0233979
0.017032
0.109583
0.529669
0.13838
0.0108098
0.0128793
0.0265708
0.0457365
0.0808621
0.0590569
0.271744
0.0429621
0.0142025
0.0113554
0.0126369
0.00635443
0.00676572
0.110983
0.529669
0.0686032
0.0204754
0.0152991
0.00467089
0.00737513
0.00916306
0.107448
0.457349
0.131236
0.040502
0.151168
0.0433492
0.00512374
0.00924547
0.076706
0.324223
0.153116
0.00296632
0.000697421
0.00140968
0.0003069
0
0.0832085
0.505161
0.090011
0.00447181
0.0277744
0.00989511
0.000366379
0.00153012
0.0821278
0.505161
0.131878
0.063434
0.142312
0.0662367
0.00477258
0.0179011
0.0179441
0.178136
0.119264
0.0524749
0.0318207
0.0171246
0.00778522
0.0261886
0.0314525
0.36006
0.153625
0.00839538
0.0285897
0.0179235
0.00104597
0.00619743
0.0338964
0.562368
0.145242
0.0308468
0.00302966
0.00446356
0.000548411
0.00413162
0.00933231
0.562368
0.230509
0.0337678
0.012526
0.00429634
0.0539256
0.0679405
0.0392427
0.198068
0.0707567
0.0202987
0.00825434
0.00563141
0.384062
0.467884
0.027666
0.0452317
0.0209259
0.0478159
0
0.0054422
0.0592487
0.10046
0.0153623
0.216135
0.118705
0.0280669
0
0.00934295
0.473363
0.473363
0.016961
0.0347114
0.0309014
0
0.0128039
0.0117878
0.318205
0.425416
0.0246648
0.0141251
0.00460552
0.0479065
0.0484644
0.0324715
0.179439
0.295577
0.049256
0.0774518
0.200006
0.000308488
0.000626597
0.00296401
0.330022
0.425416
0.0333474
0.022973
0.0164965
0.0215696
0.0107427
0.00731392
0.121627
0.294163
0.0574582
0.124816
0.296989
0.337463
0
0
0
0
0.00217351
0.0153393
0.440206
0.283836
0.208331
0.191113
0.125277
0.0966569
0.0745507
0.047368
0.338957
0.167355
0.0159179
0.0140016
0.00645515
0.00613852
0.0187481
0.0377548
0.262988
0.113462
0.101281
0.0880814
0.234849
0.327492
0.118441
0.0701965
0.161042
0.0634882
0.142218
0.3402
0.294725
0.197405
0.0691529
0.0171344
0.0622062
0.00380829
0.00678609
0.162788
0.23886
0.21489
0.0427679
0.00707419
0.00571387
0.0266442
0.0685842
0.139662
0.363089
0.45747
0.0712091
0.0151501
0.0201726
0.0083478
0.0348324
0.122121
0.30327
0.261108
0.0147352
0
0
0.0215455
0.0328397
0.0670356
0.208915
0.294478
0.0762521
0.0997658
0.0103593
0.0491822
0.0358462
0.0853623
0.116668
0.0682711
0.120097
0.42939
0.101051
0.0105194
0.0348315
0.128677
0.466136
0.33345
0.015828
0
3.09399e-005
0.0110147
0.0181294
0.103173
0.322535
0.217134
0.0221315
0.0298178
0.0489274
0.00855881
0.00268309
0.0163919
0.0142695
0.0139563
0.109135
0.420575
0.0843702
0.00893697
0.0033345
0
0.000432132
0.0217765
0.11037
0.743324
0.144266
0.0021397
0.00787653
0.0305462
0.0561587
0.0690148
0.0740801
0.0841616
0.0359049
0.0545987
0.03868
0.0606157
0.0485358
0.061367
0.12293
0.293571
0.077162
0.00431823
0.00277754
0
3.56713e-005
0.00377651
0.0407549
0.516616
0.0833943
0.00580947
0.000694385
0
0
0.00235022
0.0488373
0.516616
0.159597
0.0354514
0.0268298
0.0232478
0.0196072
0.00946803
0.0503209
0.241236
0.0821274
0.0151653
0.0248541
0.00356938
0.002632
0.0059633
0.0992481
0.516616
0.174821
0.0184262
0.0070686
0.0156538
0.0448321
0.0447075
0.0185817
0.414646
0.123436
0.0282762
0.0282744
0.0437581
0.384872
0.365991
0.00403307
0.131121
0.0671745
0.0402885
0.0332589
0.0143697
0.015981
0.00426938
0.0694668
0.462275
0.173168
0.111453
0.0741729
0.056206
0.245784
0.119389
0.0294194
0.259686
0.197664
0.00889483
0.0155572
0.0172715
0.385435
0.474118
0.00838486
0.0205688
0.0174778
0.0306557
0.0449998
0.0181111
0.154274
0.274343
0.0108956
0.101656
0.17503
0.0632741
0.0592991
0.049888
0.333725
0.331262
0.0031395
0.0560884
0.075176
0.179242
0.0941737
0.0343923
0.166958
0.278987
0.0001706
0.0572121
0.198935
0.2215
0.0304649
0.0137455
0.00499431
0.00474934
0.0108012
0.0145719
0.176791
0.151305
0.0948527
0.0861636
0.293643
0.236317
0.0393086
0.0301598
0.0751832
0.322622
0.0103139
0.00132228
0
0
0
0.0229032
0.511884
0.18644
0.0911335
0.06436
0.165409
0.261231
0.12203
0.127854
0.370638
0.0258624
0.0544683
0.0736071
0.397792
0.387934
0.0287101
0.0129615
0.00668516
0.0145186
0.0665836
0.105883
0.276366
0.197116
0.0160368
0.0080078
0
0.0285589
0.0708778
0.0860949
0.305775
0.474293
0.101035
0.0640327
0.0492641
0.00880794
0.0861766
0.147335
0.263432
0.233112
0.0241934
0.0120117
0
0.0132904
0.0603809
0.178605
0.478899
0.138755
0.00613296
0.00329375
0
0.00267655
0.0253744
0.0756427
0.31472
0.147631
0.00455588
0.00178799
0.00160982
0.00806282
0.0766064
0.205376
0.51545
0.135104
0.0164277
0.00519531
0
0.0178747
0.0550592
0.0805135
0.352835
0.134073
0.0185603
0.00101878
0
0.00277447
0.0457998
0.0775829
0.153785
0.124573
0.0454574
0.0181148
0.00336767
0.0673859
0.0782812
0.253276
0.286529
0.152968
0.138649
0.0735911
0.0607554
0.0260941
0.0868408
0.136916
0.230119
0.130206
0.0115065
0.000935032
0
0.0372096
0.0819205
0.239504
0.516472
0.379313
0.151835
0.0653283
0.0723952
0.0597581
0.0352858
0.0615518
0.0744015
0.0210317
0.0533689
0.110215
0.117378
0.16043
0.184107
0.0175483
0.00901233
0.00521165
0.0927314
0.294164
0.234349
0.0679057
0.0326133
0.0472522
0.0912368
0.067528
0.0965815
0.0920237
0.219712
0.246437
0.188025
0.01303
0.00740206
0.00325731
0.157876
0.195944
0.65967
0.135626
0.106518
0.00702632
0
0.000548908
0.0427092
0.153463
0.173791
0.152408
0.0597767
0.0174689
0.0485812
0.0123751
0.0184512
0.228717
0.357252
0.239226
0.105016
0.00377103
0
0
0.038338
0.0696498
0.455589
0.326544
0.0461356
0.00291403
0.00140549
0
0
0.141893
0.494781
0.0881311
0.0986791
0.0547104
0.0884278
0.0587536
0.00122849
0.0989948
0.156821
0.360339
0.107438
0.0560072
0.0626747
0.0644873
0
0.0162572
0.208469
0.205799
0.102428
0.0487704
0.013479
0.00106762
0
0.0934898
0.431733
0.461433
0.0976744
0.0661032
0.016817
0.00160143
0
0.0362542
0.461433