0.182739
0.061279
0.164665
0.0881125
0.0961379
0.134399
0.115982
0.146041
0.241861
0.0591093
0.121569
0.0992634
0.0929342
0.206446
0.110233
0.127073
0.284431
0.113262
0.188709
0.071268
0.0947332
0.102484
0.192578
0.147192
0.409991
0.204214
0.133907
0.075253
0.185755
0.185773
0.205054
0.138707
0.163587
0.0785342
0.104061
0.0693226
0.0225084
0.116845
0.0730298
0.144272
0.159336
0.144907
0.0410137
0.0548596
0.010677
0.0609878
0.143345
0.14059
0.328293
0.153507
0.072317
0.0358519
0.0783514
0.261994
0.195671
0.166206
0.285738
0.167924
0.0769972
0.03101
0.0326926
0.191382
0.424776
0.25107
0.141359
0.0986748
0.0402513
0.0287919
0.031399
0.0282104
0.109152
0.108791
0.19854
0.076587
0.0834504
0.0468962
0.0876678
0.0551276
0.0433602
0.143418
0.135027
0.107027
0.0570816
0.0893289
0.0433921
0.176586
0.367843
0.273665
0.1336
0.0773774
0.14656
0.168345
0.0834594
0.368118
0.239584
0.389368
0.12284
0.0371222
0.0739257
0.0389852
0.0382263
0.0747517
0.0424549
0.128238
0.143099
0.0364017
0.172651
0.0477114
0.0115706
0.0698503
0.0714449
0.134782
0.111727
0.0616566
0.174257
0.121784
0.083763
0.153399
0.206508
0.283995
0.240514
0.19501
0.222383
0.132134
0.0743485
0.0716161
0.432089
0.405379
0.0547327
0.0340295
0.0700357
0.0250132
0.00714636
0.0108345
0.0267135
0.0317961
0.12523
0.110283
0.0364149
0.0298261
0.0130938
0.00445207
0.0169691
0.0897488
0.223099
0.178534
0.22064
0.0508222
0.0131257
0.0122618
0.133051
0.177037
0.42787
0.521713
0.445296
0.072551
0.00923156
0.000395461
0.0170448
0.15822
0.131269
0.103766
0.0739654
0.00755889
0.00275293
0.00286465
0.00440601
0.0720268
0.188589
0.219872
0.15461
0.00786429
0.0101626
0.0113992
0.0224929
0.132208
0.361183
0.350686
0.269805
0.0201004
0.00210285
0.000624705
0.000919985
0.0883293
0.464425
0.346172
0.231984
0.0161802
0.019559
0.0272003
0.034852
0.203086
0.210969
0.173169
0.111475
0.0151504
0.0264888
0.0367035
0.0510771
0.25006
0.132346
0.0544757
0.057121
0.0970715
0.113812
0.0838942
0.133179
0.294344
0.264292
0.19455
0.100641
0.135471
0.161886
0.0730148
0.0600481
0.215538
0.0743176
0.0560024
0.0469849
0.346403
0.390695
0.217727
0.183767
0.15124
0.209746
0.0784505
0.105056
0.103751
0.0790261
0.0739573
0.131129
0.134797
0.238437
0.150891
0.0763145
0.106492
0.153356
0.114097
0.184504
0.130964
0.196249
0.184055
0.130252
0.212352
0.105453
0.0688169
0.0781699
0.133629
0.424726
0.202501
0.0522001
0.139755
0.138172
0.113506
0.133711
0.313239
0.136659
0.0944216
0.02787
0.0371093
0.0778628
0.0931741
0.097916
0.0855624
0.162865
0.111699
0.0640258
0.0278324
0.0563219
0.105602
0.173938
0.181478
0.265134
0.200443
0.133006
0.0553263
0.0735216
0.0566123
0.0507277
0.246962
0.301389
0.383411
0.422586
0.153111
0.071593
0.0546627
0.0463455
0.268442
0.0734356
0.0474111
0.0418267
0.0398256
0.02767
0.116833
0.159153
0.16016
0.0961736
0.0595939
0.160476
0.109546
0.0328772
0.158297
0.191253
0.194922
0.232366
0.21131
0.223865
0.175103
0.0677943
0.0605883
0.0736125
0.175403
0.438294
0.284458
0.279413
0.235781
0.0671879
0.0394535
0.132341
0.198448
0.082739
0.0548726
0.165984
0.0745582
0.0192656
0.0342351
0.103859
0.104524
0.185567
0.139185
0.183586
0.0907536
0.0337412
0.00682378
0.109759
0.143088
0.305648
0.239394
0.225369
0.0908443
0.00492738
0.000792361
0.0516996
0.107869
0.523797
0.407445
0.240839
0.0623346
0.014715
0
0.0152256
0.128985
0.195322
0.155357
0.135684
0.0425473
0.0132182
0.00187153
0.0430728
0.114211
0.324719
0.29826
0.210647
0.0304019
0.000589606
6.5216e-006
0.00514781
0.0932115
0.367113
0.366237
0.083739
0.0227998
0.00901664
3.90367e-006
0.00348012
0.0861477
0.392503
0.38597
0.0596035
0.00793989
0.00307639
0.00100304
0.00729806
0.0895275
0.339397
0.307867
0.147697
0.01552
0.00162244
0
0.00267306
0.0577812
0.372524
0.193444
0.0617077
0.154521
0.0747596
0.0651518
0.00620094
0.099462
0.25702
0.252677
0.0591899
0.0268763
0.0259776
0.00401001
0.00982629
0.0562889
0.153032
0.112096
0.122376
0.500729
0.192179
0.0460335
0.00234849
0.0394842
0.13363
0.0405825
0.0316855
0.293838
0.187512
0.0694475
0.00884208
0.0605168
0.0111428
0.0271601
0.0870584
0.280834
0.268336
0.123224
0.0620264
0.0164345
0.0453171
0.0716769
0.15205
0.593316
0.242577
0.0468249
0.00328291
0.0115931
0.0322641
0.128764
0.205702
0.240791
0.163779
0.0738477
0.0438173
0.0638017
0.0772837
0.123877
0.085892
0.0618426
0.0456952
0.0381378
0.0292993
0.0343006
0.32399
0.247618
0.223556
0.0437816
0.0354024
0.0374757
0.0265501
0.1169
0.0836498
0.155294
0.103514
0.14843
0.204425
0.144217
0.0395236
0.0394428
0.314977
0.333248
0.376841
0.121565
0.169738
0.295019
0.131226
0.113412
0.220711
0.205701
0.189362
0.0486423
0.00601269
0.00624274
0.00618121
0.111572
0.243765
0.342604
0.253211
0.137286
0.0077673
0.00145568
0.00342895
0.148919
0.209016
0.149057
0.176867
0.108428
0.0574868
0.0825439
0.0851645
0.0795644
0.296473
0.408966
0.0739943
0.23551
0.0774365
0.0808478
0.176363
0.139022
0.167306
0.236023
0.0881533
0.078191
0.0127573
0.00163997
0.00451717
0.0739973
0.303062
0.347303
0.0480253
0.0494215
0.012422
0.00109331
0.00887949
0.080432
0.225289
0.371866
0.0553582
0.0745825
0.0442916
0.0585664
0.0829588
0.0955335
0.386221
0.432852
0.083756
0.0220495
0.0319295
0.116817
0.0659937
0.198239
0.286916
0.308689
0.061348
0.0143309
0.00124153
0
0.00372295
0.0646656
0.382214
0.313734
0.112316
0.0194553
0.003132
0
0.000816631
0.0725002
0.324403
0.3483
0.0716173
0.000770495
0.00907248
0.0952547
0.0498959
0.15942
0.306082
0.23428
0.142549
0.0846301
0.0705884
0.0863466
0.0441216
0.195106
0.320047
0.267837
0.0708019
0.0434422
0.0187308
0.00272017
0.00195437
0.0913619
0.202738
0.179163
0.0206946
0.0256405
0.0216936
0.00994975
0.00879169
0.0803303
0.277603
0.173252
0.137674
0.171581
0.0975464
0.0385356
0.0366339
0.217352
0.296269
0.46522
0.336702
0.0910253
0.0460289
0.0118215
0.00752277
0.128443
0.0865039
0.0698091
0.0180157
0.0420607
0.0363398
0.00970083
0.00411353
0.0490075
0.0409375
0.0170961
0.0974988
0.463167
0.174658
0.00716703
0.000696011
0.0329868
0.174378
0.301511
0.242469
0.0957347
0.045551
0.00620325
0.00134387
0.0667737
0.0796218
0.132421
0.120482
0.593517
0.277358
0.00475264
0.000255118
0.0464001
0.00796428
0.0422963
0.0931205
0.394376
0.183371
0.0153167
0.0056765
0.00330675
0.0240287
0.0805024
0.0755316
0.183976
0.133077
0.0537171
0.0482286
0.0445208
0.00476383
0.0197237
0.0580895
0.525663
0.343562
0.0392762
0.0431353
0.0142478
0.0928494
0.0256971
0.0535867
0.249809
0.294967
0.161632
0.20979
0.187488
0.0383849
0.0653393
0.0262387
0.140059
0.153398
0.158433
0.0718781
0.0653975
0.0866036
0.0807307
0.0757687
0.0948619
0.109594
0.455092
0.426582
0.153786
0.0734422
0.0374098
0.010864
0.0828327
0.103408
0.0999219
0.100672
0.0909603
0.0278087
0.035648
0.0223722
0.0706606
0.0376591
0.265536
0.464279
0.165861
0.0385983
0.0112738
0.0189577
0.0396268
0.0351428
0.160274
0.235667
0.0603094
0.0736823
0.0826008
0.00476787
0.102743
0.0509382
0.164071
0.402212
0.0678245
0.0109715
0.00629134
0.00851234
0.00932662
0.00480672
0.184508
0.360594
0.0935936
0.0254502
0.00147187
0.00187341
0.00450714
0.0058399
0.365616
0.561907
0.113743
0.0696514
0.0886085
0.0277965
0.0503082
0.0412474
0.137888
0.280937
0.0917149
0.131416
0.124404
0.0561325
0.0215048
0.0365845
0.214853
0.257276
0.202489
0.020883
0.000563926
0
0.00593468
0.00766178
0.251051
0.425657
0.0996745
0.0163511
0.0145275
0.00301272
0.00371977
0.0180975
0.318407
0.505398
0.150578
0.127264
0.156961
0.0492252
0.0188844
0.0198744
0.201591
0.171138
0.14173
0.148019
0.112114
0.0585343
0.0814638
0.0590139
0.104892
0.151333
0.247709
0.0249823
0.0211969
0.0092853
0.030542
0.0330088
0.332265
0.542836
0.148976
0.118197
0.0240521
0.0325245
0.140237
0.039499
0.139967
0.310152
0.293392
0.145937
0.0816785
0.0535221
0.0907965
0.0675837
0.0641708
0.142513
0.168658
0.201166
0.232749
0.194585
0.0613137
0.0456657
0.112695
0.142577
0.079565
0.0887942
0.0161022
0.0359868
0.11872
0.0411398
0.115656
0.291327
0.140963
0.0803829
0.0261251
0.0283644
0.0469268
0.0382222
0.478515
0.529135
0.0852247
0.137714
0.165606
0.165876
0.0846694
0.0275747
0.0343361
0.0596424
0.041054
0.0475904
0.0674924
0.116742
0.47895
0.185614
0.00606651
0.00786645
0.0155784
0.0603789
0.0167157
0.0485233
0.138176
0.0565649
0.307009
0.266889
0.0593644
0.0177183
0.00133685
0.168451
0.535251
0.230942
0.0728729
0.0394915
0.0192363
0.00394671
0.0145988
0.0502514
0.278242
0.230558
0.0334714
0.041823
0.0136912
0.0984535
0.0488132
0.0282904
0.091349
0.218998
0.1252
0.224592
0.256096
0.0174783
0.0495773
0.0994264
0.268281
0.261001
0.0327631
0.0575809
0.0579199
0.177924
0.121768
0.0485631
0.0728142
0.195881
0.0592933
0.321482
0.503168
0.22764
0.0688489
0.0351774
0.196941
0.184505
0.0685538
0.0659028
0.179258
0.0449892
0.0907208
0.0697421
0.184122
0.0754433
0.13416
0.200282
0.187318
0.255282
0.0500694
0.0521852
0.274715
0.204008
0.063662
0.00872746
0.293428
0.126759
0.0560672
0.0955292
0.384363
0.0853997
0.0869857
0.0361491
0.211593
0.0111066
0.0263184
0.0249327
0.0424071
0.0160671
0.113215
0.250078
0.0964105
0.0313582
0.00463513
0.00711603
0.0445744
0.0362782
0.49945
0.650345
0.168941
0.032257
0.0247609
0.0426631
0.113965
0.0262342
0.0284462
0.0342131
0.0456251
0.0818302
0.0454926
0.0217513
0.109774
0.0889785
0.142194
0.17778
0.0893331
0.0146961
0.00189221
0.000314951
0.0095435
0.0119715
0.271156
0.293442
0.086192
0.00604908
0.001197
0.000267205
0.000508551
0.00900481
0.316871
0.521539
0.119578
0.0357518
0.0189804
0.00388129
0.0217284
0.022909
0.136746
0.160997
0.0940186
0.0307563
0.0195303
0.0105663
0.0125271
0.00794301
0.366242
0.41023
0.17206
0.00287914
0
0.00114661
0.00551834
0.00770794
0.191615
0.39857
0.0983866
0.0540672
0.00252707
0.00862015
0.0355762
0.00901879
0.138891
0.367316
0.163098
0.011233
0.00679395
0.0035459
0.00490491
0.00196465
0.276334
0.3486
0.114647
0.0153313
0.00252825
0.00127799
0.00170635
0.00374386
0.272695
0.499164
0.158627
0.0497093
0.00584571
0.0157544
0.0437519
0.00637799
0.0861077
0.253293
0.0999626
0.0283877
0.0026892
0.00997958
0.0179867
0.00520636
0.235661
0.347138
0.0690586
0.0231511
0.00459473
0.00275728
0.00197864
0.00327918
0.238139
0.590537
0.146484
0.041021
0.0109273
0.00654829
0.00811966
0.00728413
0.170421
0.445822
0.123098
0.0402227
0.00108855
0.0237489
0.164567
0.0702816
0.178907
0.185026
0.0490011
0.0186065
0.005612
0.0631117
0.488122
0.251336
0.0492136
0.0265741
0.0162719
0.0386884
0.011639
0.0315475
0.263093
0.0859738
0.0383672
0.116524
0.054339
0.0195569
0.0123613
0.0617688
0.586744
0.289559
0.00327971
0.0132524
0.0161829
0.0235669
0.0355442
0.030143
0.262659
0.246065
0.0203949
0.0481526
0.0683517
0.143702
0.0673507
0.0219239
0.101168
0.160116
0.0701766
0.143424
0.383204
0.0545877
0.0539205
0.0530374
0.420894
0.212565
0.0444581
0.0802025
0.0936396
0.118482
0.115046
0.0586351
0.288768
0.257521
0.298919
0.140686
0.191614
0.235768
0.015014
0.0333914
0.265332
0.107307
0.0612758
0.0510376
0.183616
0.198815
0.0173623
0.0535034
0.288291
0.0792213
0.10253
0.0319026
0.186958
0.229939
0.0822297
0.0296006
0.263958
0.135363
0.126867
0.149753
0.145716
0.206579
0.099766
0.0232425
0.25746
0.213101
0.199356
0.150883
0.168941
0.051422
0.048871
0.0854626
0.171082
0.0751851
0.080002
0.0292504
0.0732715
0.168926
0.204484
0.114682
0.2364
0.140459
0.0788772
0.0471047
0.104396
0.0623704
0.110114
0.0755916
0.22271
0.204559
0.142916
0.0853787
0.0685596
0.274696
0.281075
0.165152
0.395599
0.125226
0.0693206
0.0606683
0.276059
0.0601146
0.0501515
0.0640179
0.0510475
0.0299681
0.0342667
0.0525693
0.0693672
0.130879
0.0715795
0.257202
0.0548155
0.042865
0.226961
0.256596
0.188877
0.094486
0.0796381
0.114634
0.192067
0.0750578
0.0107303
0.0160899
0.112674
0.331986
0.19014
0.459186
0.280364
0.214775
0.121445
0.061688
0.265714
0.0437238
0.0187435
0.0631063
0.0139651
0.0320634
0.229855
0.228326
0.112699
0.0185267
0.0377265
0.00192992
0.0224495
0.0487145
0.294029
0.377284
0.135208
0.157648
0.0555299
0.133323
0.0976728
0.140976
0.224088
0.132376
0.137157
0.0869703
0.0631744
0.0243543
0.112049
0.214177
0.370692
0.406512
0.187993
0.0163556
0.0230023
0
0.00587435
0.0182132
0.172753
0.354406
0.0916542
0.0141287
0.00722867
0.00449177
0.00346114
0.00557475
0.181505
0.435431
0.11793
0.0336274
0.0447161
0.0205228
0.038807
0.147985
0.229347
0.34515
0.14617
0.0279919
0.0216703
0.042034
0.00935829
0.128845
0.257139
0.447964
0.205812
0.0142203
0.0217595
0.0763467
0.169099
0.0434076
0.0821355
0.273318
0.0872972
0.0123947
0.0179693
0.136139
0.544492
0.185463
0.0130451
0.052429
0.0276705
0.0364363
0.0438481
0.086114
0.043021
0.0695882
0.161662
0.370572
0.237997
0.0321397
0.0583744
0.116484
0.368184
0.210658
0.0797276
0.111705
0.0927379
0.0442465
0.067146
0.096426
0.329658
0.081408
0.0282986
0.023946
0.0387081
0.0916066
0.17425
0.141115
0.286437
0.134659
0.112872
0.0544847
0.105915
0.127576
0.147643
0.0888641
0.328106
0.126193
0.0702516
0.00349451
0.0428211
0.478552
0.321366
0.184547
0.209494
0.0982542
0.0509034
0.0194943
0.183669
0.112822
0.188456
0.157359
0.148063
0.0691315
0.111186
0.100767
0.0663321
0.13323
0.0849802
0.0927764
0.15552
0.204924
0.133613
0.178309
0.122286
0.0490222
0.299031
0.427725
0.261832
0.0598157
0.076551
0.0495108
0.0504391
0.165798
0.102089
0.265335
0.153815
0.150015
0.0812168
0.11323
0.141297
0.102411
0.0667855
0.0942763
0.13597
0.253842
0.102301
0.143312
0.0645273
0.168616
0.134677
0.131248
0.155312
0.0933549
0.0578331
0.145342
0.208511
0.133068
0.0655393
0.214522
0.0997152
0.191545
0.057693
0.115808
0.0747789
0.0624083
0.232367
0.411421
0.304435
0.0841083
0.0753249
0.152544
0.0652137
0.0917761
0.0555295
0.0660355
0.146821
0.074525
0.012963
0.0367992
0.1354
0.329084
0.17833
0.190485
0.38027
0.273664
0.0853273
0.0850867
0.257228
0.0608182
0.111609
0.187987
0.138049
0.0640223
0.0704213
0.0692919
0.1074
0.199658
0.165638
0.194259
0.26312
0.201346
0.0662268
0.137108
0.161364
0.155224
0.0875563
0.108538
0.148713
0.13586
0.166666
0.115192
0.10245
0.118395
0.0633626
0.0864898
0.12459
0.244093
0.350011
0.273433
0.250692
0.10606
0.115286
0.104406
0.143502
0.0660983
0.0560287
0.0993469
0.0736731
0.196612
0.178415
0.200094
0.281225
0.154114
0.142789
0.107594
0.341919
0.0742492
0.0364014
0.0227048
0.04488
0.179272
0.185142
0.142962
0.157864
0.0818957
0.0998654
0.0862599
0.0228692
0.152558
0.26794
0.277202
0.193347
0.199711
0.0734732
0.0800467
0.15011
0.135108
0.140987
0.127209
0.24156
0.235349
0.255895
0.209583
0.0533568
0.0919775
0.275172
0.342316
0.21151
0.0724571
0.147093
0.0915345
0.0414658
0.0872334
0.24205
0.268705
0.220575
0.0566673
0.120759
0.054243
0.165241
0.158126
0.14697
0.147397
0.0583788
0.221663
0.392246
0.30089
0.0752036
0.0606778
0.196683
0.239339
0.138383
0.216688
0.28177
0.0940697
0.088753
0.0793139
0.100826
0.115703
0.0877551
0.110442
0.142607
0.0426829
0.196714
0.128686
0.0275485
0.0509403
0.0708414
0.478033
0.253817
0.0635949
0.230066
0.130856
0.0248086
0.0804214
0.183058
0.0645543
0.163534
0.0705233
0.204629
0.0877662
0.0235012
0.0710638
0.100571
0.189898
0.261042
0.111538
0.339817
0.143197
0.0751258
0.147391
0.25687