0.103283
0.0677235
0.0602606
0.174792
0.217113
0.0527836
0.0590909
0.128646
0.22238
0.172489
0.0513893
0.147394
0.26967
0.0865099
0.0375996
0.158582
0.173206
0.0985794
0.0408157
0.0866042
0.133013
0.0625402
0.0661076
0.181515
0.364522
0.205748
0.0579817
0.0401351
0.142359
0.0511561
0.112243
0.316088
0.277362
0.150619
0.0953109
0.0886184
0.124898
0.0346434
0.0301997
0.127288
0.198226
0.0527431
0.116575
0.206696
0.144065
0.0642875
0.10403
0.137571
0.365145
0.17518
0.102967
0.056842
0.0851164
0.0304181
0.0680586
0.264853
0.183783
0.130107
0.166821
0.21674
0.186133
0.0264146
0.106232
0.204915
0.0734185
0.0243034
0.0306064
0.147553
0.0597266
0.0804363
0.169288
0.147079
0.116797
0.0852169
0.0283417
0.0635053
0.034461
0.192981
0.412113
0.263269
0.0623948
0.0823449
0.0543522
0.224484
0.179528
0.0378536
0.0708677
0.120322
0.126778
0.0856878
0.0571649
0.283351
0.200269
0.12252
0.275863
0.188832
0.0939875
0.119492
0.0641098
0.048803
0.0435366
0.104086
0.250461
0.175846
0.0946157
0.202328
0.229491
0.21793
0.0730718
0.0588906
0.174346
0.123519
0.135796
0.0835667
0.0809247
0.108515
0.0558396
0.0773804
0.28215
0.126417
0.424961
0.275794
0.213724
0.0939088
0.0273638
0.0391743
0.156405
0.105468
0.0334109
0.0527617
0.0618131
0.0686418
0.0265403
0.00495134
0.0299331
0.0252364
0.0863092
0.061255
0.029659
0.0594051
0.0532919
0.0106567
0.0495766
0.0408831
0.238299
0.217211
0.0464936
0.031584
0.0204664
0.00255446
0.0127615
0.0337972
0.594168
0.646909
0.0125622
0.0231763
0.0284965
0.00665768
0.0257614
0.0568827
0.0801144
0.0290397
0.00303484
0.0296734
0.0347888
0.0144001
0.0275654
0.0242043
0.206004
0.0620889
0.042007
0.0259095
0.0206632
0.0266075
0.0208693
0.0405957
0.398762
0.455186
0.0272451
0.0113654
0.0148567
0.00430036
0.0077412
0.0260477
0.559354
0.414804
0.0525224
0.0150888
0.0228446
0.0175319
0.0691921
0.142785
0.165967
0.0833587
0.0847704
0.0274519
0.0192583
0.0260603
0.0358647
0.0735212
0.0419941
0.0591368
0.0826033
0.163346
0.0624097
0.0517082
0.066271
0.0878091
0.5082
0.123152
0.0247279
0.0311361
0.125651
0.16408
0.220038
0.280708
0.0639669
0.0131147
0.0586636
0.374542
0.311519
0.250776
0.185459
0.210302
0.143124
0.0664129
0.044371
0.0473236
0.0859542
0.0773867
0.0436029
0.163795
0.231923
0.117016
0.0780932
0.0448777
0.076127
0.0861722
0.0900939
0.216326
0.182881
0.0680315
0.0309986
0.0265781
0.0760732
0.0690473
0.23355
0.331517
0.266005
0.11965
0.0620219
0.0292683
0.108219
0.154937
0.274125
0.377599
0.131516
0.0551198
0.0379974
0.0178562
0.0250638
0.0385239
0.0361459
0.111248
0.0921208
0.0698846
0.0615497
0.0501902
0.0929855
0.0393005
0.0395843
0.102205
0.210288
0.103168
0.0367441
0.0129143
0.0548667
0.0892159
0.0739515
0.158735
0.601998
0.492473
0.158568
0.0891059
0.0713031
0.0772054
0.0426773
0.177058
0.0151436
0.0192709
0.0188649
0.0346784
0.0430772
0.0151758
0.0137406
0.0229719
0.0392689
0.0331268
0.019597
0.048526
0.044939
0.0442745
0.0394913
0.063198
0.17673
0.361023
0.119993
0.0529302
0.0306215
0.0150485
0.00761428
0.0360701
0.526595
0.635608
0.131907
0.0332287
0.030577
0.0362362
0.0109452
0.18469
0.0569877
0.0927459
0.0110801
0.0132357
0.010314
0.0109046
0.0209269
0.0251758
0.237571
0.254253
0.0169428
0.00480578
0.00100207
0.0016015
0.00876796
0.0168741
0.364662
0.46468
0.0532677
0.00364828
0.00642348
0.00795916
0.00170368
0.0563888
0.457532
0.494026
0.0862895
0.000153913
0.000153913
0
0.000343377
0.0107269
0.1968
0.205581
0.0154954
0.00715548
0.000560465
0.000119001
0.000997222
0.0157255
0.263872
0.368572
0.0245998
0.00805021
0.000654725
0.00018509
0.000877544
0.017969
0.34984
0.427168
0.0325281
0.00746276
0
0
0
0.0195903
0.422386
0.427168
0.0335516
0.0111941
0
0
0.000538521
0.0353123
0.279358
0.311415
0.0380416
0.0031152
0.00362281
8.24254e-005
0.00512131
0.0157569
0.318729
0.205832
0.0490845
0.0178513
0.0530806
0.0158288
0.0739506
0.0896139
0.4003
0.4003
0.0243654
0.0269403
0.03573
0
0.0348971
0.0462563
0.314228
0.137794
0.0255329
0.267575
0.26991
0.0337758
0.133982
0.109563
0.132569
0.0399938
0.00798813
0.0945213
0.166355
0.0725891
0.107998
0.0937265
0.00714418
0.00147489
0.0192931
0.302326
0.3026
0.0931904
0.0470433
0.0359939
0.053595
0.0145608
0.00537249
0.40251
0.364201
0.0354402
0.0664492
0.0462514
0.00468826
0.0603876
0.0598963
0.428264
0.428264
0.0246705
0.0139645
0.00459351
0.109417
0.0477765
0.00651143
0.000847965
0.00418086
0.00440194
0.0264823
0.0636624
0.309465
0.143641
0.00455482
0.000459114
0.00442091
0.0111763
0.0276048
0.0759207
0.14086
0.153528
0.0870465
0.0506479
0.148106
0.0893915
0.02558
0.038935
0.550442
0.585871
0.160585
0.140639
0.105398
0.0719061
0.0316611
0.0390271
0.199292
0.126723
0.00462727
0.000233487
0.00278135
0.00663271
0.00786226
0.0380283
0.284884
0.373427
0.0253869
0.00666047
0.00150637
0.00394939
0.00508494
0.0350702
0.390912
0.376819
0.0513346
0.0453356
0.0212491
0.0144777
0.0144423
0.0202369
0.340701
0.481227
0.135815
0.0404706
0.0605455
0.00146843
0.00965156
0.0159369
0.159869
0.32425
0.0397732
0.00616928
0.00114892
0.000948692
0.00157872
0.00639231
0.232442
0.429923
0.0804629
0.00211404
0.0013431
0.00138094
0.000704608
0.0220416
0.252245
0.429923
0.0628844
0.022501
0.0268999
0.00200149
0.00539841
0.00225604
0.367144
0.429923
0.0585076
0.0173743
0.0152936
0.0127112
0.00134699
0.0429144
0.247375
0.345124
0.0372028
0
0.000394733
0.000516189
9.15628e-005
0.00945574
0.307631
0.378135
0.0325023
0
0
0.000299835
0.00269309
0.00863645
0.313293
0.378135
0.0220494
0.00163051
0.00684355
0.00649783
0
0.0312076
0.378135
0.378135
0.00140817
0
0.00780942
0.0730141
0.0425327
0.0783344
0.32344
0.427719
0.0148197
0.00114677
0
0.00240055
0.00938001
0.0234461
0.394335
0.427719
0.00737339
0.0019263
0
0.00242871
0.00691744
0.0402258
0.236464
0.278052
0
0
0.00699776
0.137669
0.105301
0.13244
0.331683
0.1488
0.0193136
0.0043509
0.0054001
0.0477098
0.0495288
0.104529
0.263395
0.281894
0.017784
0.109229
0.047572
0.000230668
0.0222147
0.0396127
0.110975
0.0549239
0.0223213
0.519451
0.261484
0.0133291
0.0532318
0.0418336
0.254225
0.109558
0.0724081
0.184927
0.0277927
0.00488298
0.00224927
0.0523313
0.065692
0.0565944
0.0983397
0.519451
0.132547
0.0065472
0.000577012
0.0166412
0.0110136
0.00336115
0.0086475
0.465538
0.245881
0.0172777
0.0255313
0.0146653
0.0178309
0.137849
0.145719
0.28634
0.274468
0.0166753
0.0431306
0.0339483
0.00383807
0.00811998
0.0531576
0.465538
0.13241
0.0284802
0.0271395
0.00977923
0.0379298
0.21996
0.32454
0.24276
0.101953
0.0484446
0.0774447
0.0513548
0.0216134
0.0527643
0.0588369
0.0618381
0.182566
0.169799
0.0833978
0.00880339
0.117595
0.236769
0.114505
0.185007
0.16589
0.275124
0.302883
0.0296164
0.0231874
0.0740582
0.0728297
0.036495
0.0822478
0.111345
0.0953921
0.0348002
0.0276948
0.0454116
0.022652
0.0452182
0.0781657
0.420646
0.559511
0.0769649
0.133239
0.1665
0.0687266
0.0803609
0.0492553
0.0963206
0.142245
0.0499599
0.121925
0.387927
0.173719
0.101779
0.18669
0.0922874
0.170981
0.0578208
0.0153901
0.0130345
0.0229141
0.0275588
0.0253807
0.212263
0.433503
0.0788616
0.0189807
0.0334857
0.0484533
0.0548433
0.118636
0.270422
0.481466
0.110098
0.126106
0.318257
0.0797283
0.0727729
0.0955656
0.0465956
0.138578
0.0411615
0.218781
0.337795
0.0476913
0.0601714
0.0754391
0.110167
0.133993
0.112648
0.0127404
0.0284879
0.0263138
0.0459756
0.063521
0.178992
0.454778
0.0791387
0.0270452
0.0326181
0.0273163
0.0398192
0.0669927
0.312055
0.454778
0.109091
0.228738
0.332461
0.0214792
0.00633694
0.0675071
0.103067
0.0718468
0.0631531
0.279605
0.296068
0.00378101
0.00751058
0.0527058
0.190627
0.10769
0.0986478
0.090785
0.0975142
0.0186947
0.00418726
0.0778717
0.280082
0.394423
0.0940211
0.2802
0.161616
0.0718678
0.0112659
0.0542429
0.188243
0.288342
0.220073
0.149478
0.0911711
0.00682057
0.0315818
0.0653153
0.229052
0.186065
0.224563
0.26256
0.197716
0.0803731
0.0630435
0.0717282
0.0727169
0.0976908
0.15245
0.177064
0.078282
0.13516
0.0556834
0.0917763
0.117171
0.274967
0.352172
0.0695886
0.124615
0.132469
0.114382
0.140124
0.141533
0.429079
0.250707
0.187446
0.141152
0.100557
0.172817
0.0562234
0.0335473
0.0188729
0.0494847
0.0527464
0.0427466
0.0833729
0.524196
0.156473
0.035457
0.00146562
0.0232285
0.0795654
0.0904114
0.147357
0.301388
0.0832796
0.0856305
0.197633
0.0878296
0.0335066
0.023678
0.180833
0.524196
0.175841
0.0665338
0.0177282
0.024351
0.000426628
0.00386296
0.0458173
0.414761
0.0976886
0.0147698
0.00725227
0.00151612
0.0130913
0.0832274
0.252453
0.364588
0.0716997
0.016619
0.0165532
0.0079866
0
0.00065834
0.0583223
0.414761
0.153075
0.0514428
0.000262698
0
0
0.00614532
0.125076
0.414761
0.414761
0.0651509
0.000175132
0
0.0816365
0.253704
0.234636
0.0690591
0.039831
0.0668946
0.0448178
0.0600678
0.119363
0.141396
0.0869989
0.0731967
0.0213823
0.308899
0.426737
0.13045
0.235154
0.096198
0.128052
0.0493101
0.0194588
0.111691
0.290792
0.138833
0.275387
0.128338
0.075662
0.119914
0.016077
0.0357253
0.155809
0.23895
0.0153213
0.0234682
0.0190576
0.0174574
0.00323702
0.142241
0.373936
0.0746984
0.0129331
0.00562737
0.00627087
0.00262154
0.0022555
0.245361
0.666064
0.189391
0.0578116
0.110947
0.0334858
0.0340075
0.00521675
0.0273192
0.0615171
0.0758733
0.0815816
0.113997
0.0230137
0.011582
0.0042539
0.0673425
0.364006
0.204508
0.00226688
0.000355033
0.00149596
0.000193253
0.000201543
0.138471
0.469484
0.0983352
0.000433014
0
0.00208186
0.000289879
0.0204611
0.229157
0.469484
0.119244
0.0330348
0.0290553
0.0026239
0.00153851
0.00336268
0.0610234
0.304644
0.145052
0.0122415
0.0119682
0.000494108
0.00119897
0.0293404
0.209218
0.469484
0.17859
0.0116909
0.00635021
0.00380489
2.96424e-005
0.0161456
0.158133
0.425697
0.0791942
0.117204
0.0521188
0.0495015
0.00134516
0.00464862
0.114991
0.425697
0.131616
0
0
0.00199163
0.00104258
0.0165608
0.230262
0.425697
0.0650215
0.0230001
0.00861552
0.0118208
0.00341422
0.00171077
0.29678
0.425697
0.0737817
0.102986
0.0444843
0.0909854
0.00860872
0.0123592
0.0523952
0.31125
0.16986
0.0176119
0.0193768
0.0400854
0.0432817
0.0395903
0.105992
0.347184
0.186502
0.0270247
0.00888087
0.0121403
0.00153195
0.000180331
0.194942
0.50807
0.123136
0.0318197
0.00685143
0.00960126
0.0714895
0.0223123
0.089013
0.50807
0.207146
0.0226843
0.0208724
0.0652329
0.230175
0.0943825
0.0735256
0.166375
0.0850861
0.0113425
0.0148863
0.148561
0.484611
0.145763
0.0474268
0.0206534
0.0147698
0.0245643
0.0128982
0.0317048
0.473237
0.123386
0.042243
0.166636
0.0925218
0.012639
0.0124431
0.068565
0.484611
0.207326
0.0313566
0.0135729
0.0147427
0.0029597
0.00799663
0.0712243
0.298789
0.156588
0.0765836
0.00154027
0.00622557
0.00197313
0.00806489
0.0341825
0.240271
0.448244
0.222512
0.0179075
0.0156507
0.03425
0.0375148
0.0614973
0.388876
0.140745
0.0618928
0.0485819
0.0665591
0.0234599
0.059938
0.0478655
0.100081
0.257496
0.411554
0.240743
0.150858
0.182157
0.00994613
0.0227028
0.0180297
0.064327
0.121796
0.473179
0.178679
0.322784
0.169131
0.061592
0.0626358
0.0357023
0.0523802
0.202191
0.300929
0.0255291
0.0204751
0.0474036
0.0442299
0.214762
0.204383
0.168765
0.0434404
0.130897
0.129227
0.15311
0.0674791
0.143691
0.176292
0.101153
0.0780292
0.241926
0.412473
0.0919348
0.0596706
0.0205342
0.022903
0.0485267
0.132101
0.21313
0.401069
0.115077
0.0741363
0.0682416
0.0259203
0.180794
0.153836
0.161887
0.159006
0.171613
0.0581364
0.0587348
0.0282153
0.0529233
0.0602913
0.1572
0.29252
0.214223
0.084951
0.0936614
0.00144892
0.0688932
0.0557878
0.0584804
0.0883355
0.0376349
0.0232082
0.0325793
0.0301725
0.198011
0.090499
0.025737
0.0474179
0.0647703
0.0571434
0.055918
0.239327
0.769576
0.150218
0.048669
0.167297
0.100754
0.0357935
0.0264888
9.06845e-005
0.0211503
0.0178643
0.0446699
0.219503
0.227692
0.133646
0.0461478
0.0579722
0.0857734
0.0199647
0.00899749
0.00226343
0.0198207
0.0214059
0.0171884
0.24569
0.425495
0.0533642
0.00745842
0.0004279
0.0111158
0.0114081
0.00321693
0.366848
0.516637
0.0897851
0.0298755
0.0392199
0.0617231
0.0648125
0.0263365
0.0622298
0.105094
0.0265299
0.0200848
0.00487842
0.0209143
0.0427667
0.0190766
0.133119
0.485248
0.103158
0.000346846
0
0.00200088
0.00145668
2.71118e-005
0.15454
0.458889
0.070095
0.0305462
0.0167771
0.0113405
0.0366363
0.00602379
0.118498
0.458889
0.137861
0.00038473
0.00129859
0.00544165
0.00701694
0.00233666
0.0932943
0.437993
0.0829292
0.0443214
0.0139401
0.00872471
0.00429119
0.00241104
0.184714
0.458889
0.120194
0.0762548
0.0647604
0.0736769
0.313053
0.0450047
0.0507037
0.26456
0.118771
0.0468133
0.0518068
0.0844669
0.468803
0.126499
0.00356146
0.0103185
0.0272106
0.151151
0.0746413
0.0700311
0.0742131
0.01055
0.145531
0.378003
0.142227
0.106349
0.0958625
0.144851
0.468803
0.098923
0.0290621
0.0624673
0.0621444
0.0267073
0.022162
0.0396326
0.487094
0.118141
0.0358842
0.0484973
0.0611135
0.0211153
0.0338372
0.024685
0.125475
0.0818066
0.370275
0.330804
0.141957
0.0124073
0.0246405
0.0682222
0.488848
0.164605
0.0162706
0.0160418
0.0189529
0.0131271
0.0037923
0.012477
0.186957
0.0966659
0.161357
0.227961
0.0633789
0.131308
0.100159
0.0897072
0.059782
0.163831
0.117176
0.0487537
0.0784228
0.128595
0.108441
0.119197
0.0577675
0.156726
0.122037
0.118216
0.169413
0.219723
0.215394
0.177637
0.221175
0.191231
0.139144
0.0745902
0.140923
0.312338
0.196557
0.0864979
0.247421
0.167219
0.133249
0.129694
0.255262
0.184545
0.0883753
0.0845667
0.0195366
0.0462567
0.0311089
0.0689061
0.137483
0.173433
0.301431
0.134922
0.0505148
0.0646698
0.0222487
0.0669213
0.097978
0.309088
0.208011
0.0387507
0.0448258
0.0352286
0.05758
0.144188
0.23401
0.153549
0.373608
0.0944541
0.137252
0.163986
0.139439
0.226452
0.282799
0.0819226
0.320379
0.141667
0.0938919
0.0357844
0.0100047
0.0129905
0.0343514
0.0645555
0.35125
0.29295
0.312217
0.090372
0.0659183
0.0364953
0.015162
0.0363822
0.182116
0.0831731
0.235894
0.121926
0.0693764
0.055601
0.112115
0.046238
0.087154
0.0946103
0.339766
0.135505
0.174933
0.182443
0.209193
0.0575578
0.132722
0.164597
0.22105
0.158779
0.0995059
0.0897525
0.0296834
0.0348422
0.0314662
0.100403
0.178557
0.141736
0.136577
0.537896
0.151254
0.0375282
0.0631125
0.0793953
0.164934
0.166887
0.169758
0.230903
0.168572
0.0541183
0.101608
0.133037
0.235146
0.151183
0.117113
0.131152
0.0560183
0.00116351
0.0157759
0.0338427
0.0313317
0.0155516
0.072261
0.370686
0.0896078
0.0269906
0.010061
0.0224096
0.0106984
0.0127244
0.267625
0.733769
0.151433
0.0186967
0.025698
0.0363258
0.0534083
0.0377173
0.0454934
0.0431204
0.0247934
0.0260137
0.0165104
0.0190248
0.0310574
0.0667476
0.149499
0.306023
0.0789307
0.0884704
0.0311679
0.0238206
0.0177303
0.0035291
0.188883
0.515928
0.152584
0.145902
0.207191
0.186687
0.318633
0.0603983
0.0523011
0.174066
0.144343
0.0529392
0.0123095
0.00520055
0.0094396
0.0192974
0.0990189
0.321306
0.167329
0.165642
0.17915
0.071888
0.0312686
0.0160435
0.0270666
0.24118
0.282905
0.0617069
0.186815
0.239337
0.604669
0.239566
0.0142412
0.0532924
0.04164
0.00872666
0.00857284
0.0409165
0.191425
0.159411
0.0870486
0.196202
0.0492705
0.089873
0.201232
0.145013
0.108728
0.0980026
0.0382028
0.218577
0.182686
0.00278229
0.0205655
0.0542695
0.101716
0.16731
0.0913552
0.235984
0.0568231