0.105783
0.039367
0.0247511
0.0514184
0.0627394
0.130916
0.208915
0.248642
0.11617
0.0667663
0.034677
0.0605087
0.106972
0.178339
0.200208
0.220344
0.153482
0.0648532
0.0406508
0.0440148
0.119769
0.295547
0.123295
0.246102
0.12726
0.0807911
0.0725625
0.0693647
0.167384
0.436677
0.173014
0.220372
0.0547516
0.0320923
0.0196804
0.0271669
0.0796583
0.0710048
0.102795
0.0736435
0.0915155
0.160522
0.129799
0.288856
0.195897
0.0647748
0.0874853
0.0450317
0.0505551
0.037567
0.0384782
0.0580165
0.088349
0.084502
0.117495
0.0939059
0.038296
0.0325428
0.0659865
0.595432
0.389598
0.23673
0.224304
0.0455952
0.0119071
0.0330244
0.0544736
0.394465
0.0567729
0.00847735
0.00424699
0.00173567
0.00202514
0.00416154
0.0345908
0.481701
0.10381
0.000981159
0.000232619
0.000426859
0.00103893
0.00299271
0.0239958
0.481701
0.160952
0.0403703
0.0188276
0.00128982
0.000950203
0.000853039
0.0149523
0.481701
0.229082
0.00245294
0
4.16709e-005
0.00611722
0.00106155
0.0255227
0.560496
0.204426
0.0289471
0.00783866
0.00647755
0.00559692
0.000707702
0.0715087
0.25592
0.170192
0.0749694
0.0200589
0.00583714
0.013096
0.00741352
0.0219758
0.474158
0.310082
0.0316146
0.0128551
0.00613856
0.0362609
0.0163395
0.0295721
0.253021
0.19623
0.0962741
0.0354724
0.0265511
0.00518507
0.00968354
0.0399991
0.294094
0.156692
0.0149477
0.00692022
0.00980015
0.0433596
0.0741507
0.0422249
0.197108
0.123128
0.0167717
0.00584892
0.0266001
0.0770276
0.122437
0.0347722
0.24787
0.2243
0.047128
0.0171996
0.0197727
0.396839
0.633702
0.0875864
0.140291
0.134295
0.0319883
0.0106978
0.0196284
0.0935268
0.0732718
0.0306357
0.0624916
0.0393681
0.00668973
0.00334116
0.0273839
0.201663
0.0768234
0.01491
0.019951
0.0199726
0.0230212
0.042395
0.128974
0.324722
0.49386
0.0978406
0.0397926
0.0293964
0.00480502
0.00107959
0.0221015
0.449019
0.447138
0.167589
0.0174878
0.0417
0.0835005
0.0956268
0.220231
0.131525
0.0611718
0.0375551
0.0107385
0.0579692
0.172434
0.13757
0.165361
0.00664244
0.0884922
0.159244
0.180758
0.0890704
0.145905
0.0648577
0.0229399
0.255224
0.189466
0.137668
0.0695508
0.202724
0.407769
0.34073
0.317323
0.00519715
0.0695236
0.132358
0.143677
0.206085
0.227473
0.13792
0.0175405
0.19278
0.0351479
0.0181037
0.00991517
0.027644
0.0761494
0.0265721
0.362404
0.239253
0.0229717
0.0445652
0.0201533
0.0677318
0.165944
0.0754234
0.291443
0.204523
0.0749393
0.0388555
0.0148794
0.00170301
0.0424744
0.0388939
0.291013
0.411444
0.0817267
0.0306397
0.0186616
0.0125198
0.0927422
0.0774348
0.42269
0.0600666
0.0291301
0.014847
0.0216621
0.0425718
0.0378436
0.0617272
0.0790067
0.0436816
0.0592223
0.111099
0.515341
0.117758
0.0758849
0.0871837
0.0305294
0.163689
0.0632483
0.0116026
0.00368249
0.0115797
0.027028
0.0696386
0.165709
0.0789852
0.0718558
0.143675
0.535064
0.405806
0.0875368
0.156469
0.0979381
0.00364729
0.00659095
0.0506974
0.468906
0.0824019
0.0185136
0.0095482
0.0010536
0.0022376
0.0013321
0.0193664
0.468906
0.16857
0.000666151
0.000432893
0.00126104
0.0114631
0.00718022
0.0647671
0.468906
0.200588
0.046273
0.0854852
0.0542766
0.027366
0.042118
0.0429814
0.358459
0.16315
0.0525186
0.126625
0.141803
0.0368048
0.0254353
0.0166819
0.183981
0.137251
0.00957329
0.00749333
0.0121775
0.109792
0.148492
0.0713413
0.0505965
0.0535307
0.0358839
0.0183201
0.04571
0.171636
0.326212
0.121578
0.122302
0.128762
0.0255081
0.0673309
0.0951025
0.29491
0.668486
0.313017
0.0116334
0.0179981
0.00486555
0.0223098
0.0380583
0.110078
0.171322
0.0558117
0.0287055
0.0429721
0.020022
0.0111926
0.0212133
0.222948
0.434764
0.109737
0.013133
0.0178497
0.00996417
0.00549237
0.00593622
0.16258
0.50595
0.144712
0
0.00409035
0.00390107
0.0161514
0.016895
0.228695
0.50595
0.19456
0.00236757
0.0020997
0.00623529
0.0049068
0.0154918
0.208464
0.409365
0.136285
0.0118318
0.00274973
0.00275283
0.0195534
0.0315551
0.195975
0.288921
0.139448
0.0411204
0.105243
0.059513
0.0567475
0.124432
0.199882
0.481033
0.124319
0.0300799
0.0872
0.0626544
0.0492965
0.0926444
0.111995
0.119119
0.0882882
0.211355
0.338861
0.119726
0.0805017
0.141083
0.0594313
0.0600138
0.04705
0.117582
0.203136
0.108431
0.0605236
0.0677581
0.036639
0.0153083
0.0221485
0.101546
0.131288
0.0507771
0.043224
0.0412088
0.152488
0.0449424
0.0889952
0.283967
0.243136
0.041809
0.0524858
0.187419
0.541312
0.0248567
0.0298844
0.117434
0.0895051
0.0142634
0.0652999
0.541312
0.0599075
0.0165353
0.0114038
0.00471061
0.000431936
0.00606429
0.0235718
0.0807309
0.154987
0.0355361
0.00957481
0.0083953
0.00112014
0.0104102
0.0128335
0.105798
0.350185
0.00510013
0.0060085
0.00254881
8.51218e-005
0.00703186
0.0333675
0.428547
0.527763
0.028655
0.00928225
0.00431365
0.000442509
0.0058207
0.0218736
0.555909
0.104091
0.0258375
0.00443014
0.00136851
0.000637724
0.00760108
0.014789
0.0735354
0.0757308
0.0291692
0.0203921
0.0666976
0.179482
0.0635484
0.0934266
0.109421
0.343452
0.0950538
0.00640517
0.000583428
0.000392002
0.00246896
0.0123524
0.364334
0.511471
0.511471
0.0344246
0.00119215
0.0366046
0.0283299
0.0451803
0.274564
0.0346392
0.0737835
0.0394093
0.0951146
0.141288
0.0559209
0.133154
0.128162
0.0531383
0.257531
0.0963764
0.0721523
0.0620915
0.0602906
0.135244
0.222976
0.291872
0.504003
0.118042
0.00128136
0.0239832
0.0233399
0.0740787
0.108221
0.101707
0.504003
0.259278
0.0114014
0.014157
0.0254507
0.0509867
0.0998834
0.0708188
0.330121
0.111639
0.0332653
0.0261628
0.0252161
0.0281224
0.0692257
0.10619
0.495399
0.131427
0.00686561
0.00292167
0
0.00261246
0.00123096
0.0842636
0.495399
0.154072
0.0171935
0.0100649
0.0141421
0.00628465
0.0261678
0.122209
0.495399
0.0643824
0.00644917
0.00620501
0.00939226
0.0168252
0.00628278
0.124765
0.493218
0.0819838
0
0
0
0.00433634
0.00141046
0.200251
0.493218
0.0677152
0.00762066
0.00559408
0.00632498
0.00145614
0.0106768
0.124795
0.493218
0.0281749
0.00713533
0.0125458
0.0111033
0.0223218
0.0116718
0.196463
0.309662
0.0396274
0.0202584
0.0110307
0.00447508
0.0107672
0.0139903
0.112111
0.243909
0.030045
0.087189
0.143021
0.0451687
0.0115996
0.0358342
0.0414877
0.0361466
0.0604139
0.354841
0.410854
0.058929
0.0172896
0.0368148
0.107943
0.129374
0.0362884
0.173266
0.159764
0.00563949
0.0162987
0.00473525
0.0226317
0.0339962
0.0381478
0.475178
0.475178
0.0406051
0.0108658
0.000513824
0.129557
0.0436155
0.093676
0.195428
0.144848
0.00699884
0.00796052
0.0810686
0.386118
0.03546
0.059644
0.0521321
0.0380024
0.00189798
0.00986776
0.386118
0.0732546
0.0274304
0.0693424
0.2247
0.386118
0.0694874
0.0384964
0.0528606
0.386118
0.0278613
0.0604724
0.0685532
0.169866
0.0442599
0.0588189
0.386118
0.284387
0.0125492
0.00584802
0.00447201
0.0447626
0.0480769
0.0266806
0.347645
0.31436
0.166133
0.13586
0.00670802
0.0402599
0.0290374
0.0360387
0.428388
0.141302
0.0529606
0.00685408
0.00391065
0.0943466
0.107131
0.0425283
0.140256
0.144996
0.393787
0.290061
0.00447201
0.159664
0.137983
0.125626
0.152442
0.196689
0.258878
0.110121
0.00234702
0.00191037
0.00262544
0.0183684
0.192373
0.412269
0.426188
0.0702003
0.0518722
0.000716588
0.00985731
0.0150023
0.0884453
0.0744654
0.31889
0.237641
0.00749716
0.0426172
0.048361
0.135748
0.0911933
0.109681
0.367228
0.15838
0.17593
0.0336121
0.0492559
0.15687
0.0976079
0.286128
0.50709
0.0921952
0.0505647
0.00487893
0.00581008
0.0104835
0.0147631
0.120078
0.50709
0.151569
0.0195647
0.0125906
0.00844762
0.0184385
0.0251003
0.0796384
0.271042
0.0950495
0.194307
0.0499464
0.0570501
0.166405
0.0539106
0.11284
0.23345
0.0739628
0.102971
0.0881291
0.0716921
0.194253
0.0804974
0.152556
0.527525
0.0919598
0.0164489
0.0113705
0.00401073
0.0233769
0.0316164
0.169121
0.527525
0.0146477
0.0119525
0.0565791
0.0445902
0.0911154
0.0398449
0.145253
0.220675
0.0731494
0.0701282
0.0789
0.126928
0.136448
0.102756
0.160676
0.248944
0.11834
0.0640881
0.13503
0.132556
0.154672
0.128226
0.138341
0.306998
0.00664967
0.0252431
0.093144
0.0746268
0.146684
0.105899
0.228561
0.386402
0.214133
0.0574147
0.0241815
0.0234229
0.0553783
0.0895084
0.154071
0.168963
0.109544
0.098747
0.144339
0.102822
0.211057
0.247105
0.152099
0.247534
0.284917
0.129109
0.126912
0.0895306
0.157731
0.251315
0.0804277
0.165509
0.0955947
0.114768
0.137843
0.00238001
0.0267326
0.00545252
0.0190461
0.0430942
0.02227
0.27881
0.501047
0.0428702
0.01728
0.000595861
0.0339913
0.133024
0.10026
0.168067
0.195452
0.0251193
0.0513743
0.041203
0.00974859
0.0444024
0.0138696
0.431493
0.501047
0.0267116
0.0189466
0.00887444
0.0168861
0.00248199
0.00914126
0.152359
0.483802
0.118023
0.0691415
0.05241
0.21488
0.00372299
0.00946486
0.0559432
0.231823
0.0846962
0.136843
0.342326
0.00271204
0.00580978
0.0137796
0.230484
0.483802
0.0753695
0.0437219
0.0297366
0.0941332
0.015073
0.019345
0.070936
0.226089
0.0659577
0.13704
0.205485
0.146567
0.0690729
0.0134058
0.010482
0.11631
0.151807
0.0533069
0.0730315
0.167619
0.312702
0.17583
2.47628e-005
0.22258
0.356805
0.547703
0.155851
0.041751
0.0254083
0.017389
0.0568377
0.0931364
0.0815174
0.0387375
0.0236755
0.0276289
0.0500113
0.00781871
0.0185729
0.0422859
0.178736
0.30554
0.0997125
0.0189973
0.0856384
0.087224
0.00339091
0.0432539
0.0771569
0.392758
0.125582
0.0183199
0.0471694
0.0763868
0.0892016
0.0339579
0.0578007
0.529006
0.247088
0.0117866
0.0106208
0.0017861
0.000961537
0.0024867
0.0357241
0.244629
0.0754052
0.0102071
0.00330982
0.00219022
0
0.000273739
0.0355796
0.529006
0.211148
0.00598454
0.0146628
0.0287472
0.0720755
0.028162
0.0535255
0.37566
0.133513
0.0297096
0.00906538
0.0212579
0.0430161
0.0451595
0.0637399
0.489467
0.128832
0.00158052
0.000815387
0.000670165
0
0
0.0307422
0.467806
0.147556
0
7.86669e-005
7.86669e-005
0
0.00147818
0.0319912
0.489467
0.187252
0.0425827
0.0213814
0.0233602
0.0217681
0.0419581
0.115098
0.357151
0.133416
0.105006
0.119227
0.0985422
0.0317276
0.043349
0.0965403
0.203617
0.128416
0.00588084
0.000256478
0
0
0.0065373
0.0777681
0.525273
0.19701
0.031001
0.0622778
0.0330813
0.000467745
0.0126017
0.11987
0.525273
0.249351
0.0838879
0.124501
0.0930167
0.0413689
0.0260491
0.0214396
0.0940552
0.139348
0.0462259
0.0481925
0.0503468
0.0376095
0.0562222
0.0686396
0.147717
0.190592
0.024153
0.0807396
0.0478623
0.000822834
0.00547909
0.034431
0.551844
0.287537
0.0326781
0.0205077
0.0131911
0.00294474
0.00343806
0.0358691
0.551844
0.321755
0.018049
0.0248966
0.0139648
0.100811
0.145654
0.0404799
0.081473
0.0693748
0.00684317
0.0117264
0.000524572
0.361683
0.48293
0.0134359
0.0231878
0.0198269
0.0371277
0.00364894
0.00660822
0.103827
0.169872
0.023151
0.160577
0.123719
0.0191195
0.00547342
0.00694981
0.47284
0.48293
0.00827633
0.0195788
0.0309239
0.00451776
0.0107236
0.0232298
0.313665
0.429353
0.0211374
0.010938
0.00787284
0.0777629
0.0342896
0.04171
0.124097
0.171259
0.0198306
0.0351915
0.0804028
0.00112944
0.00433023
0.00794247
0.436458
0.515832
0.00145294
0
0
0.0212052
0.0174383
0.0248309
0.187106
0.33173
0.0113126
0.00192103
0.0064168
0.0480946
0.0536732
0.0641551
0.199813
0.103366
0.0896702
0.0530593
0.030975
0.0520422
0.137848
0.117134
0.143705
0.0824054
0.132172
0.0956864
0.0928558
0.170097
0.208372
0.228464
0.189352
0.11853
0.055406
0.040729
0.0824161
0.237041
0.22167
0.485307
0.178998
0.0379037
0.038051
0.0167994
0.148574
0.0709207
0.0901393
0.0749913
0.0463196
0.0501203
0.0511366
0.160559
0.135263
0.0814757
0.0648072
0.0684733
0.0190268
0.023487
0.0940537
0.6062
0.325916
0.165031
0.0775097
0.214816
0.0907762
0.0465713
0.0132278
0.0181944
0.168525
0.150693
0.138322
0.123346
0.0578442
0.0305816
0.0117574
0.0486092
0.198019
0.0123943
0.0110682
0.00776662
0.000976069
0.000627639
0.0315756
0.335116
0.120102
0.0125108
0.00190404
0.000787403
0
0
0.0199468
0.806756
0.292472
0.0448072
0.0488155
0.0238171
0.00587637
0.000941459
0.00342194
0.0248709
0.0395861
0.0738143
0.0315455
0.00552545
0.00136962
0.000657544
0.00113326
0.144721
0.146027
0.00191752
4.86715e-005
0
0
0.000136317
0.0293372
0.479299
0.1788
0
0.00550983
0.00211862
0
0.010041
0.0640069
0.567662
0.245839
0.0176787
0.00290368
0.000102735
0.00126639
0.00126639
0.00120631
0.167717
0.11661
0.0140881
0.00192521
0
0.000844262
0.00321819
0.00849045
0.46561
0.18825
0.000578307
0.00420492
0.00181782
0
0.0045993
0.0190658
0.47787
0.148937
0.00676305
0.000908508
0.0012314
0.00129356
0.000998704
0.0121467
0.47787
0.203997
0.007318
0.00171443
0
0
0.0011209
0.0067183
0.398228
0.118683
0.00228718
0.000428607
0
0
0.00399482
0.0261349
0.47787
0.172699
0.0494198
0.0166946
0.02695
0.0877872
0.0702405
0.00941194
0.316201
0.153939
0.0574959
0.0346183
0.0724558
0.415571
0.412204
0.00222583
0.0582265
0.0516749
0.0621553
0.0238982
0.0276596
0.022018
0.0146248
0.0442327
0.48018
0.175403
0.104569
0.0881072
0.0989456
0.232024
0.176472
0.0398833
0.216075
0.152751
0.00672612
0.00770987
0.0199212
0.330621
0.494031
0.00209382
0
0.00157609
0
0.00100685
0.0040004
0.131721
0.332023
0.0153911
0.00403532
0.00149892
0.02862
0.0459193
0.047107
0.299248
0.431857
0.0141933
0.0283014
0.0433384
0.00324739
0.00780442
0.0133427
0.167935
0.39388
0.0266024
0.0312222
0.0103645
0.119944
0.089777
0.0379023
0.0267212
0.0673054
0.094464
0.071433
0.117585
0.139006
0.0452694
0.0594869
0.0232007
0.00667762
0.00037497
0.0510517
0.201602
0.12744
0.0933005
0.186161
0.435708
0.338607
0.252217
0.192553
0.171339
0.132907
0.0230889
0.03151
0.10045
0.0477316
0.142706
0.364739
0.349682
0.161143
0.0172958
0.0535778
0.0236164
0.00210235
0.000589744
0.0472188
0.270587
0.12439
0.0394516
0.0242516
0.00891066
0.00187033
0.00033468
0.0457367
0.2785
0.11938
0.00128025
0.00523077
0.0043707
0
0.169977
0.367896
0.477938
0.105448
0.00669554
0.00265952
0
0
0.0842632
0.198262
0.461799
0.1828
0.13797
0.040802
0.00778142
0.000362621
5.04917e-005
0.0309102
0.22789
0.188307
0.119309
0.0124376
0.00415027
0.0027918
0
0.0819058
0.292121
0.186984
0.0496029
0.00503073
0
0.00191113
0.0207264
0.124234
0.484154
0.158256
0.0475074
0.00154501
0.00748984
0.0220166
0.0276478
0.132887
0.483982
0.152668
0.0247516
0.000358204
0.00982692
0.00982692
0
0.112416
0.291223
0.204322
0.0306785
0
0.00655128
0.00700754
0.00114553
0.391913
0.458013
0.175608
0.0190783
0.00799557
0.0205528
0.0244581
0.0145298
0.0802689
0.317419
0.21035
0.0589818
0.0427994
0.0134168
0.0101018
0.00688322
0.117733
0.276967
0.0512793
0.0138046
0.000662751
0
0.000606086
0.0138945
0.298688
0.157042
0.0177233
0.00436701
0.000994126
0
0.00406171
0.0541653
0.827457
0.239837
0.0474679
0.0289644
0.0143952
0.000304014
0.00489668
0.0156327
0.0539777
0.0619241
0.0416123
0.015766
0.0069053
0.010116
0.0147779
0.0470144
0.135288
0.117252
0.0271952
0.00839106
0.0048461
0.000164084
0.00457006
0.043781
0.562805
0.173232
0.109092
0.0834935
0.0410235
0.0819332
0.0592613
0.0469017
0.456998
0.355823
0.0262082
0.0043874
0.00189371
0.0061297
0.00669401
0.020762
0.159209
0.120155
0.0954368
0.0398969
0.0109082
0.00627094
0.0108334
0.0112993
0.254463
0.314511
0.167638
0.171065
0.115267
0.30109
0.30203
0.0308488
0.140584
0.233471
0.0531487
0.0797007
0.0824904
0.235454
0.344364
0.0785274
0.128821
0.112241
0.183096
0.139748
0.0690961
0.121445
0.0643792
0.018912
0.131474
0.238369
0.112252
0.155896
0.143675
0.240479
0.119843
0.0621331
0.148461
0.2324