0.274756
0
0
0
0
0
0
0.268263
0.393158
0.00084077
9.50946e-005
0.000682952
0
0
0
0.295963
0.330509
0.000142852
0.00020056
2.47322e-005
0
0
0
0.344623
0.435583
0
0
0
0
0
0
0.386726
0.299924
0.0015014
6.76619e-005
0.000485936
0
0
0.00573277
0.26389
0.324253
0.0844321
0.0543168
0.0970593
0.0565224
0.00137449
0.0772644
0.213732
0.340416
0.000282588
0.000498454
0.00253372
0
7.53594e-005
0.0145258
0.347562
0.254407
0.0391549
0.0333729
0.347092
0.254303
0.00308262
0.205584
0.291366
0.103239
0.111747
0.183669
0.379753
0.0942243
0.00203042
0.0368082
0.0371254
0.0132652
0.0455353
0.176256
0.42358
0.117918
0.015812
0.00755242
0.0211267
0.0599725
0.0549155
0.0930977
0.42358
0.297872
0.00948008
0.0976625
0.0484867
0.0160841
0.0328403
0.0926643
0.42358
0.177882
0.0268805
0.0101966
0.0277623
0.0457174
0.0224887
0.0660188
0.363135
0.298199
0.043431
0.0266728
0.0386434
0.0156471
0.00609183
0.0110342
0.161331
0.324055
0.032275
0.0116257
0.00985296
0.0723194
0.0549102
0.0539758
0.301468
0.3561
0.038758
0.0262708
0.0499372
0.0998357
0.325519
0.0213268
0.189029
0.400489
0.0352749
0.0415936
0.050683
0.0102096
0.0119592
0.00499651
0.0409859
0.106891
0.029367
0.00329581
0.00184314
0.0310035
0.158646
0.0418995
0.0224586
0.126604
0.0437368
0.00121106
0
0.0897537
0.527015
0.0475556
0.0282527
0.0811762
0.0199423
0.0140644
0.0129628
0.137228
0.713035
0.20779
0.00770816
0.0510414
0.00855193
0.00148504
0
0.0237752
0.248477
0.0351862
0.00790785
0.0370932
0.0140977
0.00412893
0
0.146861
0.351081
0.0347595
0.0103985
0.0201174
0.025694
0.0274171
0.0332141
0.0758161
0.552255
0.157266
0.00154114
0.00988091
0.000493332
0.00344207
0.00528556
0.263652
0.552255
0.0954319
0.0241902
0.0655352
0.0444989
0.0526644
0.0493038
0.211916
0.242807
0.0183822
0.0583014
0.103441
0.0935254
0.102026
0.100001
0.0130649
0.0223162
0.00803992
0.0732527
0.124599
0.0605937
0.049767
0.0336307
0.337114
0.463438
0.0331858
0.199836
0.369803
0.190768
0.134009
0.0940086
0.010801
0.028682
0.0247602
0.211422
0.332038
0.108552
0.0339986
0.0210623
0.188074
0.00029004
0.000407209
5.02151e-005
0
0
0
0.204198
0.251027
0
0
0
0
0
0
0.239129
0.375486
0.000167111
0.000101802
1.25538e-005
0
0
0.000211952
0.390891
0.437451
6.30674e-005
0
0
0
0
0.0070377
0.516089
0.162246
0.0110788
0.00133275
0.00484734
0
4.93653e-005
0.00542755
0.142629
0.105668
0.0710412
0.140654
0.444297
0.145793
0.000751865
0.0578204
0.0943498
0.305851
0.0250884
0.000791773
0.0039064
0.00944943
0.0242949
0.022303
0.307999
0.203838
0.262363
0.281027
0.40583
0.240114
0.0970912
0.0556207
0.166911
0.0123018
0.03187
0.11512
0.438605
0.176441
0.00706968
0.0281386
0.0146222
0.0162465
0.0238993
0.0488494
0.315994
0.133145
0.0323511
0.00398766
0.0138041
0.0395847
0.232356
0.267412
0.435807
0.176099
0.0281143
0.0203483
0.0412397
0.0760647
0.432265
0.15628
0.146735
0.0564772
0.0232951
0.00465931
0.048242
0.0702299
0.067608
0.0264711
0.0710541
0.0888187
0.0183221
0.011543
0.0221626
0.120389
0.426622
0.0408553
0.0459199
0.0631876
0.00224307
0.0220402
0.0333216
0.14801
0.555151
0.111192
0.0177192
0.0217341
0.0172596
0.00711459
0.0285815
0.218958
0.555151
0.11932
0.00773989
0.00619049
2.41607e-005
0.00939331
0.0175461
0.0433091
0.460651
0.0451456
0.00425303
0.00764095
0.00120702
0.00437879
0.00598201
0.0590709
0.485371
0.0661775
7.72855e-005
0.00106552
0.000261787
0.000194408
0
0.071645
0.485371
0.0564348
0.00012911
0.000424219
0
0.00114925
0.00139933
0.110513
0.485371
0.0253547
6.77153e-005
0
1.90948e-005
0.00209702
0.000170405
0.108521
0.456805
0.0646249
0.000954103
0.0100163
0.0106251
0.0110128
0.0209018
0.142874
0.321286
0.0314794
0.054674
0.164892
0.0514868
0.0535578
0.0565907
0.146224
0.456805
0.0115566
0.0414066
0.0708673
0.0255423
0.0193947
0.0236459
0.0870033
0.123319
0.00281947
0.297098
0.456805
0.0655267
0.0403171
0.0419731
0.0743396
0.0791217
0.0146666
0.175122
0.366165
0.0707343
0.0449414
0.0319709
0.000660507
0.00213339
0.0199918
0.14008
0.211207
0.0379541
0.0108916
0.00244671
0.0367129
0.0130371
0.0196066
0.448067
0.584854
0.0457781
0.0184638
0.0220987
0.245734
0.0250787
0.0297855
0.167104
0.212456
0.0408685
0.0206775
0.0816804
0.293706
0.000375868
0
0
0
0
0.000842126
0.243263
0.259928
0.00356215
0
0
0
0
0.0152787
0.413322
0.234325
0.0280398
0
0
0
0
0.017337
0.151055
0.472218
0.490352
0
0
0
0
0.0108822
0.127393
0.106664
0.0275746
0.0204621
0.0157847
0.0203415
0.0219429
0.0270279
0.186961
0.0627864
0.164772
0.139739
0.302631
0.288194
0.0875324
0.0644097
0.108144
0.215773
0.472955
0.0445907
0.0207836
0.0118121
0.003985
0.00967048
0.0402164
0.11624
0.472955
0.27967
0.212075
0.136648
0.0157807
0.025491
0.0248896
0.0313603
0.266772
0.148645
0.209966
0.177176
0.0256229
0.0377734
0.0392182
0.0811116
0.473451
0.12247
0.0227471
0.00949501
0.00236692
0.00755383
0.0206062
0.0593885
0.473451
0.199629
0.122936
0.0762697
0.00460814
0.0210343
0.0165739
0.0992281
0.473451
0.0967291
0.00660224
0.00187629
0.00502066
0.0135371
0.0149451
0.0707596
0.472419
0.0592461
0.000725861
0.000113568
0.00160428
0.000178254
0.00372492
0.110002
0.472419
0.0474404
0
0
0.000351911
0.000107104
0.00394984
0.0894551
0.472419
0.0301257
0
0
0.00340297
0.00891777
0.00783123
0.162832
0.472419
0.0146715
0.00390832
0.0165551
0.02012
0.0188997
0.0292379
0.123818
0.540039
0.0286513
0
0
0.00211668
0.000818135
0.00724808
0.150463
0.540039
0.00582243
0.000360133
0
0.001729
0.00578444
0.00490121
0.158851
0.379572
0.00557804
0.0135178
0.051331
0.0452983
0.0423378
0.0473524
0.158101
0.345469
0.022448
0.00708901
0.0233017
0.0189553
0.014112
0.0159158
0.0849718
0.20888
0.0119571
0.0669579
0.080188
0.00698704
0.0112165
0.0057236
0.0310545
0.0357549
0.015096
0.392755
0.47765
0.0142728
0.00777457
0.00547474
0.126546
0.231246
0.0294613
0.0534417
0.0692644
0.0125408
0.0060948
0.00313935
0.0630253
0.0814772
0.0247382
0.433069
0.47765
0.0184423
0.00660502
0.000198276
0.0294418
0.0292695
0.0443178
0.263809
0.32407
0.00764615
0.0011497
0.00606865
0.325545
0.088645
0.0653039
0.0858054
0.104084
0.00989326
0.00434961
0.0840936
0.0146317
0.0390264
0.0508422
0.374716
0.437927
0.0162552
0.00481711
0.000802776
0.278822
0.147196
0.0779812
0.185849
0.383155
0.0437726
0.0280362
0.0919652
0.164982
0.0316348
0
0.0032397
0.0273557
0.0649515
0.0652684
0.150683
0.305265
0.405069
0
0.0300819
0.0913672
0.0885931
0.082453
0.0436856
0.201477
0.0240761
0
0.00485955
0.0507841
0.207341
0.140611
0.220404
0.177564
0.244343
0.00845365
0.060961
0.191113
0.405069
0.405069
0.0429547
0.232353
0.437152
0.0100207
0.0237987
0.0351419
0.0211731
0.0505716
0.00340148
0.121693
0.437152
0.1235
0.0808989
0.0320527
0.0190572
0.0242227
0.0026411
0.0983682
0.240057
0.00617187
0.0447615
0.106002
0.281926
0.375463
0.00706987
0.0463804
0.158098
0.0287387
0.1028
0.0622506
0.187358
0.311493
0.0378075
0.0862717
0.476893
0.142901
0.0899676
0.0308425
0.0179233
0.0232407
0.0124559
0.108846
0.476893
0.0801452
0.0555824
0.0235927
0.0222674
0.0529025
0.0663264
0.0403702
0.142168
0.0391054
0.117221
0.0482074
0.101262
0.378827
0.0891159
0.142564
0.104599
0.0355488
0.0814833
0.0545132
0.106266
0.391193
0.151275
0.10747
0.488183
0.0381913
0.0135166
0.0111272
0.0248596
0.0580808
0.0615904
0.220386
0.432592
0.0191528
0.00669792
0.0413051
0.128773
0.0397494
0.0732584
0.130197
0.164917
0.0276926
0.0202749
0.0353483
0.183357
0.263494
0.157865
0.226461
0.339466
0.0539071
0.00126485
0.027419
0.204489
0.142508
0.154979
0.203627
0.215953
0.017826
0.0296969
0.0973433
0.183223
0.0556497
0.0953638
0.160545
0.478972
0.0994145
0.064644
0.0504758
0.0445222
0.0531402
0.0523163
0.25806
0.282534
0.09892
0.0226945
0.0450718
0.151797
0.114727
0.143393
0.129449
0.223549
0.113429
0.0981471
0.0720004
0.0731193
0.411027
0.178228
0.0757901
0.258129
0.0438515
0.0563106
0.0530076
0.0124577
0.0252429
0.00984714
0.0403126
0.0871204
0.0072478
0.349592
0.469489
0.0169632
0.0158422
0.00313767
0.0281859
0.0953405
0.0350541
0.0929968
0.070249
0.0420716
0.212104
0.0692811
0.0147223
0.0302162
0.00442138
0.46484
0.469489
0.0266114
0.0640372
0.0357012
0.00158206
0.00897577
0.00590196
0.284274
0.446345
0.0543168
0.0208659
0.00881569
0.0532615
0.0371754
0.0100066
0.116625
0.350541
0.111924
0.112765
0.214347
0.00138218
0.00499728
0.0062921
0.308575
0.446345
0.0522204
0.0201374
0.0209358
0.021352
0.0337607
0.0116746
0.113238
0.206842
0.0826087
0.135232
0.282365
0.364914
0.0196715
0
0.00100218
0.0174288
0.105989
0.0633097
0.337129
0.221799
0.081191
0.0427696
0.0461224
0.158342
0.359119
0.364467
0.162365
0.275129
0.0126077
0.00804173
0.0026332
0
0
0.00969869
0.316135
0.203483
0.0489834
0.0544334
0.0674557
0.109649
0.0471295
0.120706
0.243956
0.0271427
0.0225596
0.0241557
0.0454895
0.197502
0.314554
0.31973
0.0367536
0.00300583
0.00292906
0.0104513
0.0598476
0.149905
0.246954
0.355058
0.0381356
0.0329209
0.0202565
0.0388587
0.19125
0.372196
0.105977
0.110072
0.0581878
0
0.012017
0.0820964
0.281552
0.428274
0.114802
0.0952297
0.0219181
0.0043364
0.0100592
0.0089874
0.0320207
0.0409004
0.102902
0.464421
0.091529
0.0557334
0.0114068
0.00271451
0.0133192
0.0179355
0.0890902
0.535417
0.145791
0
0.0246843
0.0837851
0.121799
0.110095
0.0685067
0.193376
0.072818
0.00241718
0.0196361
0.0251323
0.0373168
0.0188593
0.079476
0.535417
0.110831
0.0378149
0.014333
0.00203293
0.00246122
0.00900392
0.101764
0.460713
0.107755
0.093701
0.11879
0.0299245
0
0.00399258
0.0617014
0.372567
0.119938
0.00168258
0.00262852
0.00311293
0.00162109
0.00100695
0.0536783
0.505822
0.0717072
0.0181291
0.0178784
0.00581872
0
0.00290803
0.048671
0.505822
0.102416
0.0879369
0.13349
0.0608045
0.00265373
0.00409312
0.0119832
0.218026
0.0838212
0.0269084
0.0334276
0.028223
0.0123885
0.0146972
0.0253295
0.34311
0.149566
0.0138872
0.0298188
0.0149197
0
0.0047138
0.0306978
0.551142
0.16142
0.00443271
0.00834871
0.00720594
0
0.00117845
0.00765224
0.551142
0.286148
0.0079111
0.00753136
0.0042891
0.0544222
0.0520765
0.0370714
0.206911
0.103986
0.00565998
0.00859319
0.00501282
0.345462
0.458208
0.0310608
0.049371
0.0462527
0.0177612
0.00805242
0.00608218
0.0593157
0.0557226
0.00766258
0.263675
0.166995
0.0175685
0.0120786
0.0232113
0.46392
0.48016
0.0100446
0.044702
0.0582997
0.00126642
0.00473241
0.0103756
0.301934
0.431022
0.0118799
0.00879829
0.00819256
0.0234454
0.040315
0.0178705
0.150956
0.180519
0.0132248
0.074238
0.112726
0.00924511
0.0148814
0.0137961
0.42076
0.491934
0.00238971
0.0157048
0.0105074
0.208496
0.071926
0.00848646
0.19031
0.221351
0.00232438
0.0788996
0.194237
0.23699
0.00361594
0.00518141
0.00169661
0
0
0.00471904
0.23083
0.288975
0.0471666
0.0426677
0.0531213
0.0414018
0.00817282
0.0315433
0.162856
0.344174
0.000737282
0.000601327
0
0
0
0.00241041
0.483047
0.358728
0.0338464
0.0319509
0.0246202
0.0211952
0.0333059
0.0703279
0.483047
0.0962114
0.0517891
0.0825898
0.251353
0.233804
0.0185622
0.0261294
0.0378663
0.00584059
0.0345342
0.126803
0.379537
0.328119
0.0215748
0.0222877
0.00619924
0.113573
0.0422796
0.0790243
0.232536
0.243487
0.100223
0.0817492
0.17153
0.00888896
0.0584861
0.146051
0.442291
0.372529
0.0675764
0.0336747
0.0116445
0.00399996
0.0681032
0.227459
0.370704
0.185542
0.0425424
0.0739417
0.0345571
0.00975812
0.0501849
0.0956666
0.212089
0.057318
0.0789898
0.279773
0.0940648
0.00648852
0.131092
0.247298
0.475227
0.205359
0.0028053
0.0204135
0
0.00570456
0.0472218
0.104241
0.394842
0.0894657
0.00766749
0.0127363
0.0324289
0.00538692
0.0162832
0.0138655
0.0303583
0.012712
0.0751961
0.399411
0.104014
0.00667418
0.00251659
0
0.00168534
0.0166001
0.12857
0.768813
0.150645
0.00418282
0.0272958
0.035948
0.105946
0.0356066
0.0367161
0.0560365
0.0502612
0.0390238
0.047103
0.0670358
0.109848
0.0444296
0.0940292
0.242321
0.0707063
0.00674896
0.00291637
0.000682898
0.000124298
0.00779352
0.0473545
0.527866
0.0968507
0.00385555
0.00252464
0.00102435
0
0.00167901
0.0411595
0.527866
0.156414
0.0485442
0.0326295
0.0454735
0.0448912
0.00990105
0.0336327
0.214139
0.0581297
0.0314528
0.0247123
0.0227311
0.00683299
0.00111544
0.0769326
0.527866
0.0894935
0.0213171
0.00794507
0.0160075
0.0336299
0.0191129
0.0196056
0.469626
0.141254
0.0537203
0.028409
0.0827896
0.375479
0.276455
0.00413535
0.1595
0.089155
0.031409
0.0124359
0.0113172
0.00564531
0.00125023
0.0772251
0.489396
0.0964224
0.105929
0.0481468
0.106125
0.17614
0.0749697
0.059178
0.332588
0.124514
0.0196681
0.0269388
0.0322022
0.332395
0.319106
0.00337266
0.0160453
0.0207716
0.311468
0.110702
0.00429197
0.164852
0.212682
0.00885643
0.0394321
0.190328
0.0452579
0.0431951
0.0719058
0.239466
0.270615
0.0186607
0.0732631
0.055299
0.287687
0.124095
0.0203823
0.169177
0.307132
0.0169522
0.0334059
0.38574
0.19798
0.00203854
0.0018032
0
0
0
0.00262575
0.299102
0.175731
0.0251341
0.0313484
0.0423158
0.0193459
0.0232565
0.0474375
0.309959
0.377609
0.00135903
0.00120213
0
0
0
0.00144439
0.46737
0.316609
0.041503
0.0394181
0.0517957
0.00687998
0.0526365
0.05593
0.46737
0.0415467
0.0208188
0.0372777
0.20508
0.214236
0.0699651
0.0557201
0.102091
0.00139428
0.0168188
0.0461341
0.345764
0.357484
0.0506843
0.0148097
0.00695324
0.0716075
0.0429975
0.0793632
0.255729
0.248779
0.174035
0.0720729
0.19405
0.000245356
0.0120965
0.0552529
0.408518
0.434832
0.145341
0.0186383
0.011295
0.00236649
0.0440813
0.0811555
0.380925
0.280642
0.0091248
0
0
0.0037509
0.0141955
0.0642676
0.267688
0.0978219
0.00695382
0.000393169
0.00263461
0.00105137
0.00947255
0.0317753
0.48808
0.490523
0.0368957
0.000437146
0
0.00974039
0.00964309
0.0796254
0.304431
0.134216
0.0195605
0
0
0.00795862
0.0320003
0.118628
0.151589
0.0617038
0.0157928
0.00666543
0.00716127
0.0358424
0.0761046
0.249077
0.343811
0.116914
0.0538781
0.0557232
0.0576553
0.0224714
0.0358716
0.197298
0.17396
0.0972812
0.0251716
0.00441104
0
0.16204
0.133904
0.298207
0.513862
0.25534
0.123068
0.104857
0.241826
0.0506556
0.0288832
0.092218
0.0916461
0.0271503
0.015733
0.0421731
0.0721574
0.113056
0.0294625
0.0491783
0.0181521
0.00414932
0.0463292
0.23941
0.114289
0.275949
0.0795001
0.0700248
0.142275
0.0532856
0.0326189
0.0247295
0.29243
0.557125
0.0512181
0.0321204
0.0274661
0.00578189
0.0215797
0.0672398
0.557125
0.0597626
0.00572328
0.00187878
0.0021659
0.000449165
0.0529685
0.218645
0.0549138
0.0691481
0.0224363
0.0252794
0.0251322
0.0122925
0.0454395
0.231102
0.102688
0.451073
0.0035905
0.00100845
0.00144393
8.49371e-005
0.0223638
0.0839599
0.411606
0.471428
0.0266511
0.00291757
0.00587394
0.000339748
0.014077
0.0998753
0.458069
0.0502573
0.0540878
0.0579181
0.071219
0.0822821
0.0158083
0.0978866
0.0947035
0.14006
0.0623839
0.0400804
0.0942491
0.110118
0.021985
0.0258344
0.246512
0.390102
0.0462771
0.0180128
0.0108431
0.00383036
0.00826949
0.0421272
0.408425
0.488803
0.0282008
0.0188638
0.0229878
0.0143407
0.0261345
0.0191624
0.488803