0.226197
0.0830916
0.0570384
0.0242845
0.00417537
0.00248941
0.00347481
0.0867935
0.291293
0.0828491
0.0498845
0.0171529
0.0380831
0.00345027
0.0045351
0.111812
0.477093
0.0522125
0.00982078
0.00827798
0.00141362
0
0.00457368
0.308308
0.585026
0.0518988
0.00605317
0.00586432
0.00429059
0.00369137
0.00790979
0.306085
0.283419
0.170618
0.0176826
0.00365918
0.0306119
0.00570351
0.00996816
0.145163
0.276441
0.238769
0.0150312
5.09649e-005
0.00174975
0.00160274
0.0992575
0.274611
0.491196
0.12006
0.00504483
0.00183718
0.00137653
0.00294497
0.00372646
0.22693
0.299113
0.152139
0.00349299
0.00104389
0.00189614
0.000812632
0.0932841
0.394952
0.107241
0.066945
0.0296737
0.000167062
0
0
0.12398
0.268345
0.132307
0.0261198
0.0247639
0.00286838
0.00744838
0.00512368
0.06714
0.3083
0.141153
0.0278881
0.00243485
0.00026292
0.00125489
0.000763531
0.104901
0.467524
0.303411
0.00697962
0.00435258
0.000550524
0.00043793
0.00173636
0.052339
0.606713
0.0965262
0.0171719
0.00314737
0.0142679
0.0130945
0.0191741
0.0590023
0.203541
0.252147
0.0500853
0.0126469
0.0198842
0.0240218
0.02511
0.0463846
0.193061
0.263238
0.00190255
0.00118697
0.000343206
0.00237206
0.00528523
0.0429932
0.442315
0.565062
0.00638034
0.00314014
0.000682676
0.00243123
0.00540379
0.0227609
0.435602
0.214763
0.0355339
0.0196214
0.00981068
0.0190645
0.0115172
0.00918884
0.162803
0.226927
0.0363219
0.0111044
0.00489108
0.0100611
0.00990961
0.0203433
0.218563
0.398639
0.00813271
0.00686822
0.0010302
0.000209419
0.00163112
0.00414029
0.414423
0.48875
0.0649521
0.00681258
0.000748876
0
0.00626473
0.0149134
0.433653
0.276693
0.114812
0.00436318
0.00386805
0.0128727
0.00513612
0.0261216
0.105328
0.352859
0.13629
0.0181485
0.0111456
0.0153661
0.00556804
0.11319
0.240888
0.513036
0.181883
0.00727343
0.0027682
0
0.0027344
0.0134783
0.161104
0.4071
0.180973
0.0114495
0.00582066
5.1599e-005
0.00149637
0.152315
0.273136
0.105825
0.0208929
0.015073
0.0120167
0.022087
0.0161663
0.159036
0.278408
0.18939
0.0529096
0.040426
0.0109143
0.0273494
0.0270783
0.0805299
0.29649
0.109224
0.0285663
0.0109672
0.00294466
0.00132097
0.00231239
0.195458
0.41715
0.288939
0.0253521
0.0117127
0.0026641
0.0027039
0.00465498
0.0902797
0.60859
0.301278
0.0731668
0.0278183
0.0294802
0.00393988
0.000227258
0.0183862
0.250317
0.366448
0.0373267
0.014396
0.0292576
0.0157595
0.0221524
0.0484985
0.307251
0.326628
0.102322
0.021975
0.0221209
0.00262659
0.0144531
0.0512976
0.244836
0.348338
0.0386958
0.0108842
0.0232063
0.0105064
0.0158032
0.0662265
0.459427
0.326134
0.0300143
0.0108876
0.0086362
0.00541153
0.0165465
0.0205798
0.225691
0.239274
0.0501781
0.0112653
0.00634679
0.0104526
0.0044797
0.0254458
0.315624
0.318924
0.0254997
0.00733795
0.00632853
0.00360768
0.0123413
0.0418139
0.424073
0.434364
0.0887291
0.0160642
0.00534904
0.00696841
0.0036866
0.0183984
0.32468
0.15572
0.0186413
0.00300948
0.00238439
0.00710446
0.00432266
0.0323185
0.352568
0.28532
0.0133102
0.00779499
0.00334071
0
0.00511155
0.0532033
0.453338
0.256973
0.0713437
0.0674981
0.0235286
0.0047363
0.0138222
0.0256406
0.230779
0.446794
0.129569
0.133778
0.040187
0
0.0198184
0.0576374
0.308606
0.211116
0.00244539
0.00364788
0.00156338
0
0.00351049
0.0260223
0.275467
0.380289
0.0102666
0.00486684
0
0
0.00353763
0.00610095
0.274113
0.430951
0.0686492
0.0295019
0.00899042
0
0.00400228
0.0228915
0.241347
0.460256
0.102655
0.069203
0.0109138
0
0.00235842
0.0131283
0.324288
0.239254
0.0259361
0.0166463
0
0
0.00798136
0.00956784
0.269276
0.24474
0.0710682
0.0224036
0.00227933
0
0.0381165
0.0429811
0.298876
0.310137
0.142298
0.0617399
0.00338641
0
0.00720706
0.0106925
0.285779
0.31862
0.0633827
0.0195308
0.00151956
0.000586793
0.0371699
0.0536044
0.566577
0.235629
0.0974331
0.0262578
0.013159
0
0.0175755
0.0354809
0.158365
0.168748
0.065948
0.0357003
0.0257821
0.00170352
0.00950031
0.059651
0.163454
0.26262
0.0252014
0.0288371
0.0150073
0.0550054
0.0356466
0.0447076
0.550174
0.251129
0.0603008
0.0770112
0.0471292
0.0946274
0.0372815
0.0792682
0.531698
0.120871
0.0376836
0.0546209
0.0227365
0.00678647
0.0131076
0.0870559
0.289475
0.281285
0.0816555
0.0605231
0.0188122
0.00768884
0.0237536
0.0869904
0.448722
0.222336
0.0743661
0.0560499
0.09999
0.0778652
0.040386
0.143686
0.36563
0.308683
0.22162
0.0875145
0.194225
0.048883
0.0298404
0.142718
0.180814
0.273029
0.0154367
0.000872881
0.000298891
0
0.00472679
0.0175911
0.310097
0.273041
0.00672985
0.000155877
0.000448336
0
0.000184241
0.0175238
0.455442
0.218392
0.0308497
0.00885973
0.0117513
0.0112644
0.00526446
0.0224336
0.316279
0.240096
0.186362
0.0405513
0
0
0
0.0371183
0.499109
0.232745
0.0222801
0.00236349
5.56995e-005
0
0.000307235
0.00876057
0.273201
0.305872
0.135965
0.0280567
0.00087804
0
0.000187909
0.00386018
0.19385
0.233359
0.384007
0.0816242
0
0
0
0.00872003
0.238754
0.264373
0.545463
0.139651
0.00315677
0
0
0.000710936
0.117428
0.125039
0.138698
0.0760465
0.0114164
0
0.00234914
0.00331374
0.0868622
0.238372
0.259409
0.109656
0.0188859
0
0.00352372
0.00539138
0.0609586
0.125641
0.548033
0.164301
0.00518656
0
0
0
0.0390189
0.213271
0.548033
0.257991
0.00533871
0
0
0
0.016282
0.253494
0.180914
0.0911029
0.00685003
0
0.000453007
0.010159
0.0647846
0.147458
0.179287
0.219978
0.0147344
0
0
0.0137963
0.0961896
0.208684
0.492364
0.22134
0.00324734
0
0
0.00611827
0.0181515
0.173194
0.492364
0.334562
0.0160898
0.0125643
0.0139337
0.0275611
0.0934511
0.164427
0.218882
0.156586
0.0075365
0
0.00030799
0.00402714
0.1391
0.240348
0.0768878
0.00713417
0.000787493
0.00839336
0.0145701
0.0169712
0.350908
0.177547
0.34779
0.207746
0.0121581
0.0257274
0.0392953
0.0444499
0.136983
0.361173
0.492847
0.135449
0.0286788
0.0166886
0.0250385
0.0238691
0.148735
0.115254
0.0257179
0.026424
0.0568118
0.11102
0.032932
0.0167504
0.211246
0.101365
0.0405709
0.105696
0.147617
0.179856
0.0435098
0.0517381
0.235312
0.240557
0.261201
0.102554
0.179516
0.269904
0.0391932
0.014277
0.0610219
0.10279
0.0670208
0.117062
0.37552
0.539117
0.106219
0.0377421
0.114782
0.100659
0.0432836
0.0488038
0.108196
0.146037
0.0512185
0.110017
0.182608
0.15291
0.164107
0.0729438
0.222607
0.115297
0.0237959
0.0998178
0.0840492
0.0708549
0.0343971
0.062223
0.206013
0.512156
0.155267
0.0886049
0.124469
0.108993
0.196378
0.279742
0.385025
0.231032
0.0778911
0.0711791
0.060743
0.0668913
0.0958923
0.0813512
0.0470268
0.0327634
0.00676682
0.026204
0.0855773
0.173138
0.509256
0.194929
0.014131
0.0243406
0.00182161
0.0264544
0.150394
0.0209417
0.1062
0.124034
0.114946
0.167538
0.0772947
0.065132
0.0223677
0.165243
0.545827
0.296359
0.0681421
0.187118
0.0660823
0.142959
0.0579872
0.086377
0.415987
0.115284
0.00618693
0.00199539
0
0.00200723
0.0329634
0.0618312
0.462582
0.162118
0.0144717
0.00293635
0
0.000151939
0.00529994
0.104715
0.355162
0.134463
0.0897794
0.068504
0.0177555
0.0560511
0.0320624
0.0572207
0.462582
0.19652
0.160818
0.192502
0.0624107
0.131858
0.0501145
0.0519446
0.425565
0.0910532
0.0188233
0.0078375
0
0.00224841
0.00273534
0.114598
0.425565
0.142514
0.0190392
0.005225
0
0.00899365
0.0477333
0.0631993
0.425565
0.0669049
0.10388
0.101385
0.0480116
0.134826
0.0936839
0.195833
0.349434
0.0807365
0.0895622
0.0341981
0.072704
0.202243
0.292949
0.140194
0.392281
0.114984
0.0022632
0
0.00684405
0.00946155
0.0350214
0.167398
0.343585
0.0792856
0.0155583
0.0228974
0.0496176
0.0696592
0.0989369
0.231997
0.347919
0.0898776
0.00905281
0.00313622
0.0716075
0.187068
0.169234
0.358883
0.388901
0.0395904
0.0103722
0.0180397
0.0768433
0.202372
0.148656
0.119906
0.247998
0.0567656
0.0346139
0.0586434
0.0648256
0.0675877
0.105344
0.200355
0.453304
0.168477
0.073342
0.0485683
0.0233583
0.0140885
0.0309343
0.326493
0.323054
0.055345
0.054672
0.0840585
0.0704092
0.161025
0.172408
0.176526
0.305195
0.127224
0.102203
0.14976
0.10984
0.213582
0.228688
0.146604
0.247972
0.103499
0.0969039
0.193897
0.0208942
0.00810181
0.0243
0.0367969
0.0567598
0.0367024
0.156524
0.496288
0.0649133
0.0117922
0.0269268
0.069935
0.150137
0.0553109
0.10349
0.259974
0.0518747
0.148117
0.204891
0.0202756
0.0495924
0.0384446
0.307188
0.496288
0.0258319
0.0499826
0.0619108
0.0529665
0.0291283
0.0117011
0.0871937
0.372578
0.0828944
0.0390178
0.0768958
0.110918
0.0683384
0.122762
0.14003
0.0705734
0.0349492
0.057438
0.133276
0.126372
0.134114
0.0637245
0.283741
0.50941
0.0402133
0.0405166
0.100007
0.240981
0.195599
0.0972202
0.151134
0.181366
0.200814
0.173149
0.288388
0.0160506
0.0343218
0.0390432
0.06792
0.164674
0.15816
0.175958
0.0745699
0.0719534
0.173322
0.110294
0.0383766
0.174402
0.227484
0.487169
0.151568
0.0216304
0.046866
0.170508
0.202926
0.189618
0.124186
0.147564
0.10311
0.0530472
0.0988073
0.0795157
0.0610902
0.211635
0.22879
0.387991
0.126463
0.06447
0.0893191
0.0448055
0.0686187
0.0668046
0.064503
0.241963
0.127033
0.041582
0.130574
0.0513262
0.122829
0.168008
0.140941
0.492636
0.172552
0.0779421
0.0602016
0.0288126
0.00796499
0.0274683
0.0630432
0.289328
0.156655
0.0795675
0.0239619
0.00878949
0.00339255
0.00585986
0.078674
0.492636
0.335633
0.0281582
0.0567689
0.0119542
0.0452057
0.0566516
0.0557299
0.315435
0.18346
0.0911082
0.0304209
0.0117168
0.0314434
0.0204117
0.0721235
0.39175
0.339938
0.0365218
0.000866166
5.20022e-006
0.000292297
0.000504878
0.0329928
0.39175
0.275218
0.0322112
0
0
0
0.00453715
0.0334793
0.39175
0.378489
0.130403
0.0881393
0.0172015
0.00297368
0.0138271
0.0840307
0.337087
0.232181
0.279667
0.279309
0.0269553
0.00104351
0.00865748
0.0340956
0.185361
0.130971
0.0258524
0.00540371
0
0
0.0112773
0.0391207
0.428086
0.289573
0.0671093
0.0869164
0.0209517
0.00156527
0.00745269
0.0152361
0.428086
0.287347
0.229888
0.212316
0.0525287
0.0117475
0.0188168
0.0227145
0.110855
0.127114
0.0982313
0.0668597
0.0318241
0.0199699
0.0720587
0.101355
0.225732
0.310651
0.0407598
0.0836721
0.043869
0.00312533
0.00141799
0.00560112
0.448235
0.352775
0.0430097
0.0185523
0.0141007
0.00110196
0.0107505
0.0254029
0.327137
0.448235
0.0579765
0.0505152
0.0138241
0.0606756
0.18806
0.0652203
0.132054
0.247142
0.0266747
0.0385282
0.0242761
0.264074
0.529194
0.0289081
0.0331711
0.049447
0.0708446
0.0270862
0.00968051
0.0424649
0.138928
0.0319771
0.111235
0.258893
0.0397264
0.0227575
0.0145208
0.263631
0.529194
0.036485
0.0146128
0.0462542
0.0432996
0.0675314
0.0319174
0.224605
0.445999
0.0206749
0.0331137
0.020967
0.108855
0.155728
0.0763719
0.157964
0.246573
0.127738
0.115635
0.100576
0.0109163
0.0161096
0.0134337
0.280788
0.46086
0.0203547
0.0173173
0.00291001
0.0695856
0.0869454
0.0922319
0.339147
0.275862
0.0634933
0.123697
0.065569
0.0301137
0.140767
0.260727
0.328947
0.199437
0.0348343
0.0240966
0.0205066
0.0493129
0.162335
0.206728
0.212789
0.172727
0.0484461
0.0519541
0.0321791
0.0705487
0.16074
0.152492
0.390432
0.138982
0.0578317
0.0470188
0.0334222
0.0788178
0.253086
0.32815
0.322218
0.0925254
0.0524947
0.0134215
0.015768
0.103678
0.193746
0.191249
0.0850819
0.0392166
0.0231902
0.154031
0.102366
0.180662
0.137028
0.0629707
0.00931293
0.00840061
0.042941
0.547773
0.483857
0.0795834
0.192999
0.215263
0.144526
0.0529564
0.0902657
0.0234671
0.023751
0.139668
0.134108
0.0694734
0.0343004
0.0502632
0.0925359
0.0685734
0.124417
0.0598854
0.0119622
0.0130888
0.000258808
0.00328905
0.0233189
0.328081
0.355313
0.0282122
0.00322038
0.0078843
0
0.00180569
0.0453037
0.550407
0.477764
0.0376421
0.0303715
0.0261184
0.00562547
0.0252068
0.0179718
0.0817547
0.11266
0.02175
0.0266
0.0236903
0.0088359
0.01996
0.0261474
0.288943
0.251932
0.00188221
0.000592046
0
0
0.000724846
0.0406749
0.438116
0.225592
0.0198404
0.0053781
0.00192617
0.000239351
0.000850205
0.0288773
0.438116
0.333229
0.00798127
0.0141438
0.0124714
0.00318728
0.00437203
0.0306314
0.261476
0.18539
0.0377225
0.0073546
0.0063533
0.00642074
0.011795
0.0602379
0.427719
0.339894
0.0149779
0.00267126
0.00276558
0.00030664
9.42303e-005
0.016233
0.390853
0.275823
0.00753094
7.29166e-005
0.00100338
8.74182e-005
0
0.0183187
0.390853
0.349621
0.0420339
0.0067575
0
0.00158375
0.00324263
0.082225
0.311824
0.233037
0.0428608
0.00846164
0
0
0.000104386
0.0766439
0.390853
0.368618
0.031061
0.0111822
0.00826483
0.0282131
0.0400106
0.00864344
0.295853
0.245205
0.0488214
0.0573951
0.0248646
0.240925
0.404015
0.00463533
0.0866577
0.11628
0.0417214
0.0174975
0.00206621
0.0088231
0.00524469
0.0294574
0.404015
0.385976
0.103067
0.145699
0.0351817
0.165775
0.119361
0.017051
0.246466
0.330177
0.0129221
0.027984
0.0219091
0.304286
0.448067
0.00377315
0.00294995
0.0147117
0.0196381
0.0220618
0.0537179
0.309413
0.312144
0.0242355
0.0447671
0.0189553
0.0504399
0.105935
0.0706999
0.240291
0.320883
0.0134122
0.0436182
0.0946554
0.00903454
0.0219986
0.0839041
0.24674
0.448067
0.0302275
0.00405379
0.010051
0.105949
0.108142
0.131798
0.23844
0.136114
0.0704037
0.0852386
0.107762
0.0886793
0.220778
0.297286
0.264962
0.129611
0.0933243
0.0268222
0.0285416
0.179539
0.0966459
0.153455
0.299847
0.296965
0.0585825
0.0759944
0.0931188
0.24058
0.112765
0.219832
0.26822
0.196185
0.12104
0.0547927
0.0479689
0.0665312
0.0933497
0.120266
0.17682
0.152853
0.159005
0.0313998
0.0510163
0.127896
0.059017
0.0751052
0.0821064
0.114473
0.141539
0.060088
0.143001
0.197362
0.142431
0.170789
0.182637
0.185878
0.127866
0.0443355
0.111047
0.410891
0.224087
0.192335
0.148207
0.121263
0.17762
0.142036
0.404253
0.100408
0.0834113
0.06845
0.0213489
0.0603615
0.0246015
0.0335932
0.096259
0.205837
0.162037
0.100464
0.0210009
0.0437454
0.0143889
0.0966974
0.155347
0.246195
0.178955
0.196732
0.182457
0.0762555
0.108539
0.0799643
0.196383
0.35943
0.290797
0.309236
0.210543
0.130796
0.103476
0.330954
0.19474
0.0810178
0.130327
0.141524
0.0172628
0.0298655
0.0261851
0.181771
0.176142
0.0883576
0.0685922
0.0788799
0.0600009
0.10155
0.147164
0.429767
0.371569
0.1315
0.188771
0.230076
0.0677234
0.0963173
0.0834914
0.316102
0.143938
0.119182
0.13445
0.174719
0.121545
0.134678
0.121212
0.20967
0.155583
0.111952
0.0424633
0.000330371
0.0216227
0.0340313
0.149591
0.287414
0.246836
0.153213
0.0598419
0.0104856
0.00287351
0.0144592
0.149885
0.503255
0.536128
0.0825307
0.0428781
0.0341724
0.0678106
0.0613068
0.0736876
0.11971
0.101151
0.11146
0.0825095
0.0862274
0.0547317
0.0337205
0.0824346
0.184299
0.202941
0.0494266
0.0112061
0.00430458
0
0.00446464
0.0630523
0.346404
0.381925
0.0847475
0.0694245
0.0191375
0.0252446
0.0170486
0.0866315
0.410148
0.444698
0.0389558
0.0444651
0.0422472
0.0294165
0.0138297
0.0592933
0.137475
0.181962
0.0785338
0.0621084
0.0256419
0.0081029
0.00463306
0.129491
0.309662
0.326931
0.146757
0.14054
0.136827
0.0927663
0.116484
0.0431098
0.183447
0.26551
0.102555
0.119643
0.267689
0.254129
0.297551
0.0186268
0.0104345
0.058461
0.278047
0.162189
0.0921452
0.00995661
0
0.0620945
0.175282
0.3065
0.315707
0.268797
0.240012
0.0751526
0.0429622
0.00836057
0.0119865
0.151992