0.0648595
0.0422626
0.118542
0.129678
0.145921
0.0386733
0.0626204
0.0882477
0.21225
0.0837422
0.122767
0.177655
0.212961
0.0652214
0.150422
0.205384
0.122742
0.0438636
0.0984266
0.116409
0.228101
0.121239
0.177591
0.0806802
0.220644
0.045783
0.0661817
0.105299
0.276905
0.225452
0.433734
0.344798
0.208003
0.18961
0.0687964
0.0424094
0.0593131
0.0323646
0.150197
0.222288
0.1876
0.216374
0.0895931
0.064829
0.0437516
0.111362
0.0992452
0.222879
0.286548
0.0855334
0.0481064
0.063236
0.075303
0.0732599
0.309742
0.32711
0.288448
0.166555
0.0420986
0.0954748
0.0665321
0.103313
0.206916
0.337694
0.163216
0.177477
0.110083
0.0631509
0.0188696
0.142371
0.0963076
0.164121
0.220533
0.409603
0.129956
0.0990734
0.0869479
0.133024
0.105872
0.138652
0.192399
0.16919
0.0256663
0.0648329
0.0454964
0.0977293
0.186137
0.270415
0.31749
0.337348
0.15261
0.0609984
0.0630573
0.0882799
0.171269
0.155389
0.239636
0.229082
0.0704383
0.0599714
0.072457
0.0461094
0.0737275
0.156943
0.278782
0.0762512
0.0196721
0.0221785
0.0428684
0.104151
0.170177
0.310901
0.337335
0.258444
0.155046
0.0848686
0.0438416
0.0574841
0.0944659
0.0889154
0.306603
0.155232
0.0569857
0.0938965
0.0726575
0.186709
0.212543
0.326586
0.113606
0.00921251
0.0008885
0.0150412
0.0196774
0.0749791
0.111909
0.262023
0.24892
0.0964849
0.0617428
0.0264466
0.0159461
0.029893
0.0635607
0.255604
0.0999589
0.0447315
0.0138095
0.021415
0.0688535
0.17364
0.178632
0.303617
0.617648
0.204289
0.0728852
0.00805448
0.0500212
0.0770962
0.0854504
0.272209
0.212574
0.104881
0.0693719
0.0130761
0.0027831
0.00564847
0.00868394
0.0919712
0.246742
0.173191
0.0445799
0.00208279
0.0139342
0.0334442
0.0462467
0.158621
0.453961
0.294808
0.0899864
0.00328932
0.00323658
0.00357122
0.00531543
0.136423
0.406531
0.490348
0.115047
0.00557249
0.0599396
0.0177588
0.00920558
0.121447
0.131777
0.127157
0.0314376
0.00410537
0.0217
0.045061
0.0552575
0.131353
0.209879
0.0735496
0.0531824
0.00615806
0.0275269
0.0643558
0.0887816
0.285067
0.219748
0.218506
0.0795777
0.107936
0.185032
0.0822818
0.017077
0.061214
0.492571
0.0477038
0.128181
0.15133
0.167547
0.170075
0.0686473
0.492571
0.104772
0.0818382
0.0780667
0.0804704
0.0816979
0.0822074
0.101634
0.058215
0.119934
0.101521
0.0248201
0.0785416
0.139366
0.108476
0.264707
0.270353
0.156235
0.172487
0.189013
0.238409
0.144447
0.105241
0.0357972
0.0685835
0.310917
0.285009
0.118543
0.269588
0.399007
0.114375
0.136666
0.215129
0.114044
0.0616279
0.0415637
0.141189
0.108807
0.0470462
0.149399
0.211672
0.109322
0.0931943
0.0400469
0.127615
0.0896863
0.0840732
0.146154
0.166253
0.231788
0.181666
0.233711
0.257584
0.341993
0.0807323
0.0924488
0.189067
0.138493
0.120068
0.236388
0.252116
0.257584
0.200323
0.182738
0.241209
0.102635
0.06098
0.00388125
0.022089
0.0404842
0.0833318
0.11501
0.175442
0.164766
0.0487619
0.030007
0.0188837
0.0327901
0.110645
0.192356
0.167018
0.29259
0.143641
0.0676709
0.16969
0.101284
0.110442
0.140015
0.25784
0.427557
0.301448
0.121267
0.147291
0.0124634
0.0985051
0.336319
0.304916
0.19318
0.0780923
0.06828
0.0705212
0.0254163
0.0536531
0.129221
0.085536
0.223549
0.225244
0.0513636
0.0673505
0.0307457
0.048655
0.0398448
0.148716
0.181071
0.355437
0.182132
0.0939286
0.0115171
0.068561
0.233646
0.124543
0.318706
0.580364
0.0963839
0.0354054
0.0124486
0.0150123
0.0231232
0.0375286
0.0844474
0.14545
0.0196879
0.00486916
0.0195925
0.0549177
0.0310476
0.0785062
0.30697
0.303163
0.0394978
0
0.012083
0.0319704
0.0246124
0.0682125
0.225368
0.479677
0.024977
0.00138491
0.00175615
0.0103725
0.000883823
0.0107975
0.454267
0.479677
0.029089
0.000412629
0.000260785
0.00615963
0.00220731
0.0136137
0.25994
0.367336
0.0486855
0
0.00252459
0.00208186
0.00311027
0.0438882
0.220571
0.283646
0.05728
0.0426572
0.0835771
0.0537699
0.0135446
0.110245
0.335907
0.414305
0.0193739
0.0171042
0.0182224
0.00255032
0.000480938
0.0174651
0.214195
0.202121
0.0120965
0.412912
0.201013
0.0697941
0.00902972
0.0850203
0.0780289
0.0585923
0.0448087
0.117901
0.185081
0.0945151
0.0173356
0.0578453
0.297737
0.0115487
0.0693985
0.108303
0.144219
0.148843
0.0728885
0.316736
0.0593419
0.0344007
0.0484609
0.408779
0.223939
0.0593506
0.011557
0.0405265
0.259702
0.0924839
0.135187
0.364201
0.1166
0.0377459
0.04659
0.399565
0.116996
0.123787
0.150886
0.161588
0.0942134
0.0651473
0.0550236
0.0493723
0.223893
0.159135
0.0763004
0.161695
0.197733
0.0885261
0.0546972
0.0786936
0.196439
0.12443
0.130017
0.269034
0.233675
0.2348
0.209248
0.143936
0.187943
0.110579
0.0690005
0.303039
0.30295
0.246578
0.237355
0.151688
0.142202
0.103843
0.155138
0.152832
0.166408
0.0860621
0.0372031
0.0691301
0.114274
0.129266
0.244929
0.21196
0.151079
0.153057
0.0734001
0.0975444
0.235067
0.132925
0.0859329
0.192616
0.155677
0.0926733
0.137404
0.1034
0.348854
0.362779
0.401043
0.174739
0.0583058
0.0597247
0.0625529
0.0595316
0.218583
0.161242
0.070328
0.10403
0.0532872
0.0489299
0.0648921
0.0909096
0.320406
0.424585
0.0746488
0.0665115
0.00315729
0.00898685
0.0904423
0.0828619
0.266559
0.354857
0.190368
0.0456767
0.0292761
0.0265628
0.0352913
0.0350977
0.330796
0.424585
0.0652726
0.0263006
0.0589555
0.0180227
0.0503192
0.0484376
0.129326
0.423222
0.0756581
0.0217511
0
0.00916948
0.0366229
0.0182566
0.227402
0.423222
0.0256076
0.000487105
0.000103562
0.00391334
0.00710987
0.00833898
0.215266
0.423222
0.0430477
0.0156605
0.0371422
0.00842739
0.0244477
0.0288022
0.324767
0.407735
0.017329
0.00222507
0.00307348
0.0322018
0.104357
0.0911708
0.272921
0.484373
0.00492792
0
0.000471507
0.0116465
0.00923289
0.0141165
0.319697
0.484373
0.0102612
0.00163833
0.000314338
0.00829387
0.00468019
0.018734
0.195372
0.219098
0.0133869
0.00209434
0.00726911
0.0876352
0.161602
0.115581
0.28611
0.275438
0.055022
0.00946959
0.00933197
0.0435449
0.0439367
0.0831158
0.199293
0.237906
0.0211063
0.0450979
0.0164756
0.001003
0.000375371
0.0126418
0.0806028
0.0863635
0.0208485
0.504545
0.208775
0.0122831
0
0.0128404
0.244899
0.220439
0.0652664
0.0472313
0.0396821
0.000736513
0.000563056
0.0614208
0.0858109
0.100068
0.0624018
0.504545
0.374432
0.000643091
0
0.0406141
0.00952988
0.0129615
0.0212902
0.401437
0.157494
0.0037133
0
0.00169915
0.0348241
0.0446792
0.19201
0.401437
0.115492
0
0.0104812
0.135827
0.00999997
0.00347939
0.0250961
0.401437
0.247541
0.0355123
0.00449315
0.00964205
0.0311095
0.00238349
0.282512
0.401437
0.262609
0.0523158
0.0195091
0.0434367
0.193364
0.044173
0.0566085
0.249696
0.111468
0.133699
0.106581
0.14393
0.179827
0.0355568
0.0239335
0.194863
0.166287
0.162032
0.197278
0.215009
0.223833
0.117919
0.243236
0.310949
0.0437317
0.0847846
0.0597696
0.163028
0.267458
0.0609916
0.0357178
0.0672321
0.0598184
0.0915098
0.290905
0.383198
0.125393
0.0418918
0.0215476
0.0832982
0.0720233
0.0661119
0.197564
0.207733
0.152959
0.0964925
0.144789
0.0648678
0.0677509
0.082845
0.16949
0.112083
0.102682
0.00345368
0.00309416
0.0193584
0.0227095
0.136894
0.391017
0.391017
0.0893491
0.00279076
0.0203622
0.023484
0.0452217
0.28506
0.391017
0.391017
0.114024
0.140485
0.144964
0.0347137
0.0652753
0.0827128
0.148779
0.0588439
0.120882
0.137525
0.0556865
0.0386737
0.0882497
0.111223
0.158678
0.0772549
0.0521319
0.00289174
0.0295007
0.0121342
0.0423006
0.292331
0.458228
0.288565
0.0144623
0.0090763
0.0238957
0.0136421
0.0421942
0.400657
0.458228
0.126716
0.162828
0.175365
0.0493976
0.0236452
0.0625715
0.117855
0.100818
0.0860361
0.246439
0.232872
0.0306781
0.00178153
0.015101
0.0932511
0.188063
0.21186
0.0535543
0.0474087
0.0197665
0.00761865
0.0347161
0.314713
0.446791
0.172043
0.164835
0.311207
0.027363
0
0.0192343
0.162406
0.302017
0.278096
0.135298
0.190596
0.0225921
0.00855855
0.0500899
0.0929337
0.258732
0.2
0.224688
0.2695
0.0905244
0.0336926
0.0867215
0.109521
0.114248
0.118531
0.169678
0.34805
0.0432944
0.00588623
0.0587204
0.0862681
0.22931
0.220724
0.0997262
0.110917
0.0450192
0.0227325
0.127723
0.256599
0.382085
0.279876
0.184957
0.165895
0.0600363
0.0616055
0.050612
0.0326028
0.0462653
0.0523484
0.0715555
0.0657984
0.049108
0.503865
0.336428
0.00756155
0.0136816
0.0234849
0.0834875
0.03598
0.0169866
0.104257
0.0741155
0.15843
0.231509
0.101603
0.0545636
0.0159596
0.00911949
0.503865
0.332408
0.066065
0.081661
0.0152519
0.0390031
0.00489526
0.0178713
0.388168
0.255303
0.0909924
0.00376467
0.0135294
0.148113
0.00808653
0.252552
0.388168
0.29523
0.1528
0.0150587
0.0517964
0.0356943
0.00687403
0.0285908
0.388168
0.211595
0.0452054
0.00338797
0.00884945
0.133619
0.0135587
0.124686
0.217221
0.252505
0.194055
0.0453681
0.0390205
0.0750583
0.191181
0.381355
0.290795
0.0791644
0.111002
0.067732
0.107848
0.137957
0.104058
0.0809655
0.0869136
0.121435
0.136009
0.221686
0.279928
0.111138
0.103086
0.189584
0.152915
0.161051
0.114183
0.259225
0.201862
0.172033
0.0634409
0.118102
0.149581
0.230288
0.109127
0.142977
0.232701
0.0772801
0.00903874
0.0117592
0.0206804
0.0528434
0.104323
0.275098
0.203737
0.0781868
0.00107094
0.000896094
0
0.00180163
0.211097
0.491639
0.422258
0.216132
0.012855
0.0710144
0.062913
0.0926717
0.0595444
0.108921
0.219768
0.149618
0.0424959
0.048571
0.0450221
0.0169119
0.0775244
0.290541
0.309521
0.0211695
0.00217162
0.0038658
0.00765578
0.0138722
0.227407
0.390906
0.161405
0.00060297
0.00144775
0.00428447
0.0114837
0.071316
0.390906
0.390906
0.0575042
0.0183713
0.149162
0.066989
0.0890204
0.0542179
0.133455
0.220565
0.0521022
0.0578822
0.185016
0.065261
0.149052
0.201722
0.315545
0.319299
0.0495816
0.00329923
0.00468955
0.000520488
0.00174808
0.0329104
0.198965
0.427892
0.0942952
0.0543548
0.0771064
0.00921343
0
0.0032681
0.105806
0.427892
0.105544
0.0673352
0.0381674
0.0159973
0.047629
0.150438
0.220144
0.423358
0.0903632
0.0597899
0.016925
0.0109074
0.00492909
0.0769634
0.1643
0.427892
0.153412
0.0730386
0.0933487
0.0186847
3.42233e-005
0.00542482
0.0508922
0.31633
0.124097
0.0377278
0.0177167
0.00464919
5.1335e-005
0.0195749
0.0729104
0.299199
0.189306
0.0319309
0.0101905
0.002044
0
0.00978724
0.0961344
0.54902
0.182864
0.0151223
0.0057957
0
0
0
0.0996446
0.54902
0.153667
0.0429855
0.00219708
0
0.0787657
0.0656404
0.0875539
0.178223
0.0873081
0.0304613
0.00169007
0.00445078
0.509449
0.278594
0.0613566
0.0475277
0.0196009
0.0428051
0.0140231
0.0159153
0.145784
0.0701333
0.0498569
0.353806
0.0860214
0.0369981
0.0100873
0.0406738
0.509449
0.340925
0.0203615
0.0482055
0.0250285
0.011216
0.0108742
0.0318728
0.457986
0.167542
0.0091124
0.00331919
0.00803187
0.0638921
0.0167685
0.0372963
0.188739
0.123125
0.115313
0.0682328
0.0689392
0.0533613
0.0694216
0.104417
0.457986
0.198901
0.00411503
0.00181755
0.0172869
0.348679
0.11032
0.135113
0.296601
0.0579677
0.0264712
0.0603442
0.346936
0.131163
0.0333329
0.0550412
0.118303
0.186846
0.0905989
0.266741
0.142543
0.108912
0.0052091
0.0851793
0.16155
0.231844
0.0811654
0.0945773
0.172651
0.239484
0.041876
0.0518316
0.100383
0.147498
0.138727
0.486083
0.248785
0.0356118
0
0.0268585
0.136865
0.267649
0.152873
0.285109
0.171268
0.214166
0.00915274
0.0970117
0.0726285
0.104497
0.13026
0.155732
0.373863
0.225069
0.0561063
0.0955389
0.146366
0.0761403
0.119187
0.242668
0.37384
0.112592
0.00564354
0.0297044
0.0485763
0.11509
0.114596
0.120962
0.319647
0.258459
0.0598324
0.146596
0.138242
0.093937
0.0953766
0.0979705
0.309661
0.047052
0.185271
0.124188
0.181725
0.14624
0.107796
0.129011
0.0435528
0.171806
0.302601
0.140723
0.200725
0.21292
0.164947
0.261503
0.0406379
0.0712896
0.0746835
0.226155
0.15292
0.194497
0.137835
0.100522
0.0447454
0.170105
0.187743
0.251604
0.120112
0.22334
0.213266
0.303151
0.110898
0.144207
0.178598
0.0769203
0.0685537
0.155724
0.0864618
0.200594
0.0460105
0.136808
0.196536
0.0630024
0.0129107
0.0972499
0.0729857
0.411802
0.236953
0.149119
0.287672
0.216549
0.0988496
0.0774715
0.0511901
0.119961
0.0703718
0.229914
0.337933
0.153557
0.0881532
0.0292094
0.0337136
0.196368
0.302128
0.0345817
0.0313703
0.0044433
0
0.00397211
0.0924103
0.405823
0.142917
0.000813064
0.0011774
0
0
0.00460954
0.189456
0.405823
0.0727712
0.113163
0.0923795
0.0146483
0.0100678
0.0226725
0.175656
0.335745
0.208513
0.0688321
0.0822495
0.0109136
0
0.0407735
0.365711
0.405823
0.192623
0.0374477
0.00911493
0.0318397
0.0679556
0.0200848
0.0785462
0.406605
0.108432
0.0578335
0.0150338
0.0954192
0.413115
0.152923
0.00343044
0.0924521
0.0719919
0.0807573
0.0353561
0.0232076
0.0111682
0.011117
0.149288
0.413115
0.295533
0.0894873
0.0409089
0.107556
0.29408
0.122208
0.0693446
0.314073
0.181401
0.0370257
0.0303297
0.0782291
0.425641
0.190176
0
0.00406467
0.0186787
0.222541
0.0544251
0.0913556
0.322474
0.0914072
0.000626572
0.0357569
0.224915
0.0294926
0.0285018
0.0676856
0.425641
0.283919
0.0138364
0.0326517
0.0369021
0.0702901
0.0148543
0.0332534
0.425641
0.21003
0.00712985
0.0109235
0.065948
0.11417
0.0253946
0.0270257
0.0877825
0.14742
0.125635
0.318454
0.168825
0.0103343
5.90298e-005
0.000531268
0.163654
0.288075
0.124204
0.192966
0.0445415
0.0746334
0.115556
0.12091
0.320385
0.270506
0.13088
0.139502
0.128975
0.0417648
0.0558793
0.085535
0.250146
0.321714
0.222774
0.326153
0.0875659
0.0259873
0.0198283
0.0276104
0.0542508
0.089713
0.0321152
0.0373514
0.0471383
0.0699741
0.264623
0.289447
0.0471868
0.0147256
0.0155193
0.0091668
0.0503457
0.0171192
0.158002
0.306672
0.0672732
0.138131
0.129574
0.191098
0.0369449
0.108765
0.521793
0.521793
0.102393
0.0421937
0.00776146
0.0169815
0.0215443
0.045861
0.224826
0.37578
0.0863474
0.0402864
0.0348105
0.0126492
0.0165506
0.132555
0.17661
0.271894
0.0902941
0.0607406
0.0805464
0.099627
0.104392
0.158515
0.348792
0.439878
0.148848
0.0630082
0.00550254
0.00988531
0.0357594
0.200566
0.212048
0.282118
0.188355
0.0655584
0.0457
0.0335852
0.120366
0.152123
0.171437
0.151171
0.11189
0.0216698
0.0468588
0.146592
0.121236
0.175787
0.131722
0.0959465
0.181408
0.0273269
0.141821
0.217277
0.231436
0.232199
0.184675
0.119788
0.0749606
0.0269253
0.0973992
0.17376
0.201093
0.338567
0.253181
0.191189
0.121783
0.0535268
0.274063
0.295655
0.171552
0.130885
0.165159
0.0411291
0.0988057
0.042074
0.155772
0.143113
0.187463
0.162208
0.348478
0.118546
0.0888109
0.0697848
0.178165
0.178032
0.248072
0.143016
0.18903
0.200924
0.244575
0.0751797
0.158993
0.102379
0.11401
0.0876516
0.275664
0.271592
0.306543
0.138421
0.0969343
0.0540999
0.156852
0.0864911
0.110867
0.0383464
0.0323407
0.0640273
0.109283
0.307405
0.206203
0.115657
0.0709732
0.0612211
0.138383
0.105349
0.172225
0.344538
0.171856
0.0558716
0.11553
0.0928499
0.261183
0.154086
0.0611029
0.107935
0.0980642
0.189931
0.095145
0.0826139
0.35746
0.301225
0.193058
0.307897
0.0999077
0.13842
0.136323
0.139584
0.491718
0.176323
0.0603451
0.0790411
0.0988751
0.0323017
0.0395121
0.060668
0.439727
0.158518
0.00913569
8.60901e-005
0.00930628
0.254076
0.143952
0.113345
0.309774
0.2571
0.143584
0.18032
0.075879
0.0556902
0.0476944
0.064404
0.201879
0.0845046
0.0104712
0.00971314
0.00466869