0.0832172
0.0766931
0.061912
0.0723908
0.150229
0.0942341
0.0839471
0.10052
0.0385678
0.061346
0.200747
0.293315
0.244139
0.232816
0.182402
0.105495
0.173012
0.105012
0.122351
0.203367
0.175476
0.068443
0.0528914
0.0837283
0.0735671
0.0809629
0.18051
0.437281
0.242691
0.226152
0.284547
0.0994459
0.0901349
0.0234713
0.161836
0.218369
0.107908
0.114664
0.151134
0.153695
0.208161
0.0252822
0.169149
0.183997
0.136427
0.176876
0.128004
0.277274
0.148667
0.0604499
0.195939
0.35024
0.174123
0.123933
0.232796
0.103982
0.18743
0.114697
0.214069
0.334498
0.100469
0.031264
0.0994316
0.153928
0.173485
0.084012
0.154875
0.198396
0.246303
0.266492
0.0809739
0.189503
0.081354
0.208337
0.160468
0.237714
0.189621
0.0898889
0.0468908
0.152453
0.153119
0.200309
0.208706
0.288192
0.102437
0.0487076
0.0388745
0.15334
0.0909353
0.209927
0.195821
0.217633
0.215159
0.0904798
0.0461905
0.14492
0.0546837
0.139348
0.150089
0.181942
0.0981003
0.05052
0.0565098
0.0976783
0.14891
0.167551
0.137187
0.148713
0.0668281
0.0602696
0.0550677
0.127596
0.0837048
0.186009
0.167871
0.107603
0.111707
0.0397968
0.0295641
0.0778587
0.211492
0.68927
0.27683
0.0796548
0.0567889
0.0326626
0.00581617
0.0350307
0.0575415
0.0832309
0.0360886
0.0343482
0.0201995
0.037377
0.0184926
0.0243423
0.111215
0.35866
0.0805524
0.0364941
0.0212817
0.0465499
0.0189107
0.00846162
0.0888891
0.568986
0.168355
0.0162213
0.0146497
0.00854591
0.00466162
0.00574651
0.168217
0.568986
0.252437
0.00276065
0.00495164
0.00944809
0.00860693
0.00431363
0.150184
0.41756
0.0715696
0.0291718
0.00935412
0.0162863
0.0093124
0.0136289
0.250296
0.36825
0.0547384
0.0133323
0.0295468
0.0644742
0.0684665
0.0561168
0.208419
0.444354
0.129958
0.00146282
0.0148336
0.0160572
0.00746437
0.0492235
0.220447
0.390126
0.0539423
0.0268041
0.206371
0.131356
0.0691744
0.0919965
0.142269
0.0995569
0.0259878
0.0474678
0.101397
0.236022
0.133601
0.0489397
0.107881
0.0279612
0.0329392
0.13253
0.144022
0.169774
0.0577846
0.0467742
0.0855063
0.0607343
0.0133108
0.107503
0.467292
0.428751
0.11156
0.0443895
0.140505
0.0327866
0.0152662
0.184278
0.363905
0.300734
0.0855653
0.140073
0.202717
0.115425
0.17543
0.245889
0.126079
0.115737
0.0565725
0.138778
0.15382
0.0758704
0.0847202
0.350341
0.168969
0.283735
0.304099
0.1587
0.171659
0.0872784
0.146474
0.0765506
0.0399114
0.0630297
0.0849849
0.180732
0.208883
0.13842
0.135342
0.102457
0.0584551
0.114445
0.134999
0.294195
0.214865
0.134702
0.0978564
0.233854
0.121211
0.161218
0.232107
0.0913799
0.185743
0.261662
0.229349
0.2739
0.0856418
0.0519388
0.0857995
0.0922759
0.190502
0.137912
0.0896094
0.0457304
0.0863993
0.100625
0.110288
0.190621
0.181832
0.359372
0.183057
0.0657289
0.181037
0.178537
0.155748
0.141261
0.0433317
0.116044
0.0790689
0.091867
0.0505694
0.0253514
0.0245136
0.0433741
0.0633967
0.198279
0.0916951
0.0643105
0.124444
0.0891649
0.0278374
0.0539103
0.124168
0.44586
0.137035
0.0350146
0.053313
0.0539698
0.0534791
0.0320794
0.216866
0.647484
0.312789
0.0165136
0.066864
0.0529557
0.0199206
0.0410004
0.0499822
0.229658
0.0829415
0.0159487
0.0342028
0.0176665
0.00431465
0.0165959
0.109323
0.498405
0.160471
0.00750776
0.00814151
0.00138269
0
0.00631796
0.0935371
0.498405
0.179772
0.000436347
0.0127062
0.0102303
0.00299124
0.0109419
0.165752
0.498405
0.186019
0.000107804
0.000817809
0.000113872
0.00106938
0.000580482
0.0778584
0.462887
0.126493
0.00140173
0.00134453
0.000609895
0.000373462
0.00068309
0.131602
0.462887
0.118527
0.000291686
0.000419351
0.000675355
0.000675355
0.000230283
0.1179
0.462887
0.0825122
0.000125974
0.000449571
0.000337728
0
0.000280065
0.143602
0.462887
0.0488717
0.00159274
0.00436535
0.00324853
0.000905557
0.00091783
0.153015
0.413362
0.0537524
0.0249323
0.0770754
0.0319332
0.0120828
0.0416917
0.0944941
0.146739
0.00941394
0.129352
0.360526
0.0804818
0.0240649
0.0645517
0.103399
0.377034
0.0184005
0.113357
0.220159
0.025192
0.00887614
0.00935106
0.0348225
0.0634686
0.00139697
0.413362
0.413362
0.0372889
0.0117782
0.0125189
0.013223
0.00699372
0.00405884
0.178699
0.352643
0.144972
0.0337598
0.0176753
0.0731907
0.0579604
0.0130747
0.120734
0.196188
0.153215
0.0601359
0.0547299
0.00904528
0.0115784
0.00568903
0.41937
0.420118
0.115822
0.115194
0.00189653
0.112123
0.174711
0.12956
0.281559
0.262925
0.245762
0.198193
0.0108046
0.0394746
0.0502832
0.0625487
0.00817958
0.0240804
0.0280594
0.0263694
0.0485314
0.0870726
0.254906
0.145368
0.0320705
0.0200784
0.0176177
0.0249421
0.0744844
0.104359
0.251276
0.22054
0.0415592
0.059277
0.107307
0.0547112
0.0430162
0.250933
0.637712
0.453182
0.0412987
0.0151678
0.00441629
0.00167267
0.0437682
0.100647
0.189407
0.0700613
0.0112355
0.0130556
0.0103862
0.0303704
0.0653081
0.131249
0.442298
0.140841
0.00279044
0.0310495
0.0335834
0.0465572
0.0510481
0.125353
0.483812
0.219179
0.0116924
0.00159337
0.0010467
0.0136059
0.0159101
0.20786
0.483812
0.282207
0.00493044
0
0.00312139
0.0215805
0.0176239
0.0733204
0.407979
0.123797
0.00153033
0.00736866
0.0111781
0.0110363
0.00623514
0.110948
0.458196
0.14287
0.000663493
0.00249757
0.00060187
0.00238613
0.00429214
0.162233
0.458196
0.138632
0.00247143
0
0.00641226
0.00845676
0.0129022
0.229485
0.458196
0.0705454
0
0
0.00768116
0.0156292
0.0293876
0.105134
0.454613
0.0813169
6.19478e-007
0.000691572
0.000170314
0.00213482
0.00267664
0.158984
0.454613
0.051768
0.000459871
0.000568027
0.00170541
0.00241056
0.0116154
0.161629
0.454613
0.0523163
0
0.00306683
0.00281072
0.0111373
0.0186482
0.1901
0.454613
0.0863176
0.0565762
0.0277293
0.0162052
0.0568399
0.0467427
0.152629
0.495659
0.0351983
0.00273559
0.00555893
0.00643607
0.00233606
0.0137341
0.108555
0.414327
0.0199554
0.00399215
0.0110701
0.0113597
0.00356764
0.0143868
0.2114
0.316295
0.0667564
0.109086
0.053608
0.0412169
0.0562061
0.0421159
0.192582
0.495659
0.200893
0.0280123
0.0224732
0.0189454
0.00363124
0.0290832
0.0534137
0.0795228
0.0089483
0.118703
0.171871
0.00983554
0.00270206
0.023478
0.0198686
0.00735476
0.00583971
0.393006
0.445821
0.0149639
0.000574084
0.0135799
0.103483
0.319544
0.163388
0.105297
0.153423
0.0109807
0.00126449
0.0544399
0.0414247
0.061685
0.0703162
0.399315
0.445821
0.0353546
0.000290765
0.0334748
0.0212784
0.0199801
0.00484086
0.26271
0.404702
0.0767182
0.0583351
0.0157689
0.0705246
0.128684
0.0856603
0.211749
0.272645
0.152497
0.123145
0.048933
0.0141311
0.0129284
0.0077249
0.253005
0.404702
0.141986
0.0200458
0.0236534
0.0415113
0.0680511
0.0348408
0.32469
0.343576
0.199137
0.0499143
0.0730802
0.0339683
0.178833
0.251674
0.0920883
0.0748127
0.0915952
0.0365072
0.0101118
0.0980564
0.432411
0.342976
0.0431836
0.0243539
0.0301911
0.0214167
0.017896
0.00546468
0.0945999
0.244441
0.12613
0.175491
0.202086
0.196092
0.029075
0.0226822
0.173664
0.213582
0.0665571
0.0681201
0.188989
0.432411
0.12184
0.0665522
0.438385
0.174904
0.0468547
0.0237517
0.0120753
0.023278
0.0098005
0.127297
0.440433
0.161982
0.0983978
0.0315208
0.0173827
0.0628402
0.0174627
0.0258348
0.101745
0.0693088
0.0853762
0.0611023
0.0651412
0.350452
0.104417
0.0325343
0.214088
0.0863241
0.159832
0.081009
0.0728258
0.440433
0.153277
0.142229
0.414679
0.0555475
0.0522182
0.0576729
0.0254101
0.0472532
0.0329765
0.16291
0.414679
0.0708261
0.0418168
0.0731323
0.0506359
0.067659
0.0839517
0.0617206
0.152558
0.0262475
0.0894803
0.0963344
0.0437073
0.414679
0.153132
0.141417
0.104991
0.0684349
0.0718524
0.118139
0.180103
0.414679
0.165135
0.0915769
0.402146
0.135135
0.0096627
0.0259794
0.0427461
0.0469618
0.0569111
0.177613
0.363936
0.129768
0.0697543
0.0676991
0.0354639
0.11586
0.102823
0.098314
0.19044
0.128248
0.0144941
0.0343978
0.216042
0.359131
0.107823
0.3773
0.243863
0.112305
0.0135291
0.0378171
0.0678383
0.215203
0.173867
0.220661
0.229679
0.079724
0.121382
0.0517126
0.0492027
0.0762266
0.0615682
0.148174
0.435175
0.244852
0.0891024
0.0164301
0.027868
0.0434662
0.0265312
0.3591
0.151443
0.0789024
0.0873415
0.0298986
0.0478997
0.165358
0.187986
0.113232
0.192702
0.117381
0.126096
0.0270937
0.0970275
0.435175
0.161523
0.0556701
0.314283
0.15699
0.0624763
0.124132
0.00611455
0.0217566
0.0308609
0.0186115
0.0651062
0.0494548
0.302479
0.440839
0.0172664
0.00188359
0.0154535
0.0254379
0.0916594
0.0512485
0.0699795
0.135214
0.0514878
0.312846
0.0806369
0.0103985
0.0207422
0.0218967
0.411823
0.440839
0.0265721
0.0855845
0.0289295
0.000427206
0.00318129
0.00857705
0.289392
0.393397
0.0735504
0.00323622
0.00321679
0.00514816
0.0187501
0.0339473
0.346741
0.26894
0.107058
0.00821258
0.0105509
0.01434
0.0161001
0.0197673
0.393397
0.393397
0.0055506
0.00252011
0
0.0583748
0.0630252
0.054773
0.344591
0.238858
0.105582
0.0595958
0.00237431
0.0165499
0.0687342
0.111064
0.115418
0.115541
0.173237
0.276677
0.0640178
0.023526
0.0252232
0.0374322
0.031965
0.0330908
0.219524
0.596645
0.270609
0.0380839
0.118063
0.0896992
0.102138
0.0717342
0.0752169
0.0693762
0.0506169
0.0801104
0.0511512
0.0694044
0.0413538
0.072154
0.131159
0.386588
0.254916
0.0100365
0.00140079
0.00503478
0.0175098
0.0155284
0.0652315
0.459965
0.15372
0.00717148
0
0.00908762
0.0269137
0.0206613
0.0958691
0.459965
0.184968
0.0637776
0.0080917
0.0158863
0.0110248
0.0237045
0.0397898
0.346188
0.162896
0.0605055
0.00651739
0.00195854
0.00181971
0.00429082
0.0873331
0.459965
0.286685
0.011698
0
0.00275058
0.0145486
0.0143791
0.0564754
0.434417
0.132002
0.0436744
0.000706785
0.00693275
0.0111008
0.0168826
0.096764
0.434417
0.159779
0.0188265
0.00096104
0.0052147
0.00109162
0.00161177
0.0618735
0.434417
0.239917
0.00927206
0.000477779
0.00517786
0.00133981
0
0.0572954
0.434417
0.280268
0.0318976
0.0268897
0.0145642
0.00178175
0.00478181
0.108586
0.457326
0.145496
0.161166
0.0901187
0.0648144
0.00315231
0.000571326
0.0316633
0.349228
0.173752
0.00079629
0
0.000460537
0.000197373
0
0.0532023
0.457326
0.186639
0.0337981
0.0131715
0.01177
0.000769069
0
0.0347178
0.457326
0.246221
0.167937
0.0759838
0.0715766
0.0192539
0.00492885
0.0175982
0.191215
0.157465
0.0450184
0.0176978
0.0180112
0.0231198
0.0127889
0.0712105
0.463253
0.176066
0.044182
0.0222021
0.0160716
0.00148379
0
0.0185661
0.463253
0.267508
0.0395876
0.00654959
0.00266408
0.000370948
0.00161503
0.0264292
0.463253
0.304757
0.0288499
0.0104079
0.0251305
0.0547646
0.104235
0.0487154
0.284619
0.104894
0.0202669
0.0155938
0.0342667
0.367993
0.465676
0.0214855
0.0701221
0.0357999
0.040032
0.0150474
0.0163893
0.056603
0.0758146
0.0160855
0.177679
0.156886
0.024985
0.0225711
0.02697
0.440661
0.465676
0.00347315
0.0260115
0.0481159
0.0104628
0.00752213
0.0215024
0.309957
0.397725
0.00158715
0.00158715
0
0.0407005
0.0231697
0.0604545
0.222805
0.150516
0.139715
0.13501
0.00134999
0.00140914
0.00273502
0.0184964
0.397725
0.397725
0.00219577
0.000461427
0.0007251
0.00309493
0.000660807
0.061642
0.397725
0.235235
0.143585
0.186965
0.014361
0.0976799
0.182129
0.152348
0.062028
0.111878
0.116993
0.126839
0.114678
0.092092
0.0818445
0.12774
0.07781
0.25695
0.189481
0.252957
0.438665
0.0891768
0.115891
0.0775431
0.0335814
0.0224323
0.0892706
0.361665
0.122083
0.108571
0.099865
0.101061
0.0545999
0.0801104
0.0930097
0.232125
0.301616
0.124733
0.0481961
0.0531732
0.0458199
0.120626
0.0598699
0.193428
0.212237
0.148115
0.0479313
0.0372293
0.025218
0.0433503
0.126175
0.666306
0.39687
0.0969203
0.0925611
0.0609963
0.0287654
0.0517813
0.0413326
0.0687627
0.187124
0.0974066
0.0711753
0.0870894
0.0526745
0.065731
0.0594637
0.147837
0.153798
0.0577904
0.00889972
0.0332634
0.010041
0.0110538
0.0458684
0.392378
0.280954
0.0399911
0.00459433
0.0320934
0.0102261
0.00541425
0.0671384
0.557636
0.412573
0.0604538
0.0179795
0.069316
0.0304016
0.0190922
0.0190084
0.0778968
0.0855798
0.0590161
0.00864982
0.0499828
0.0185363
0.0245288
0.0531993
0.372653
0.210411
0.00938994
0.000600126
0.00170761
0.000731831
0.00216792
0.0542609
0.474621
0.14745
0.0139039
0.000948946
0
0
0
0.0656893
0.474621
0.202853
0.044526
0.00767382
0.0011384
0.000487887
0.0101814
0.0486423
0.350324
0.129403
0.0696619
0.0140286
0.000144376
0
0.00151478
0.0759529
0.474621
0.228168
0.00438181
0.000237541
0
0
0
0.033739
0.451561
0.149654
0.00921426
9.03593e-005
0
0
0.000128982
0.0240535
0.451561
0.226026
0.0108974
0.00554107
0.000180335
0
0.000305938
0.046732
0.451561
0.137722
0.000434608
0.00157531
4.50837e-005
0
0
0.0770232
0.451561
0.192833
0.021753
0.00758966
0.00352901
0.0309428
0.0261977
0.0105558
0.368693
0.185047
0.0504686
0.0317401
0.0284047
0.307957
0.411821
0.000939776
0.144008
0.0927561
0.0268761
0.00601923
0.0019258
0.00914923
0.00233388
0.06446
0.411821
0.200268
0.121638
0.0867395
0.0453163
0.182336
0.135312
0.0309195
0.401546
0.189192
0.0141159
0.013988
0.0179788
0.393372
0.393372
0.010236
0.00931444
0.0104547
0.000780359
0.00163906
0.0276202
0.393372
0.267145
0.0784483
0.0718096
0.0144478
0.0441565
0.0522594
0.0352352
0.292714
0.240181
0.0404447
0.0719356
0.0512793
0.00331847
0.00693122
0.0553495
0.297514
0.383778
0.11739
0.0254621
0.0084537
0.122907
0.0398522
0.0177344
0.0580222
0.053762
0.0580739
0.144455
0.13668
0.0858595
0.119095
0.177507
0.140482
0.0650984
0.0253096
0.0467837
0.147874
0.212219
0.06473
0.0922961
0.362784
0.325317
0.15768
0.0578691
0.234154
0.0485141
0.186707
0.265737
0.355385
0.337565
0.151415
0.0502131
0.0759274
0.104053
0.142341
0.207122
0.132221
0.0733923
0.01721
0.0349946
0.297013
0.078193
0.0835795
0.154135
0.105349
0.0864877
0.0482385
0.128051
0.181098
0.0880158
0.300736
0.332241
0.285103
0.211225
0.142246
0.047988
0.157402
0.0827412
0.251454
0.283695
0.167287
0.137168
0.10448
0.0833893
0.108257
0.160759
0.0603818
0.26267
0.0914856
0.034113
0.0301343
0.154618
0.110434
0.215136
0.0288192
0.13773
0.0386817
0.040774
0.0642255
0.361852
0.320116
0.172764
0.127606
0.223777
0.0869837
0.0564964
0.0762912
0.15467
0.0864259
0.293409
0.0776185
0.132723
0.0317258
0.0616609
0.0948027
0.364468
0.187416
0.0883015
0.0183339
0
0
0.0263688
0.0665576
0.223929
0.190576
0.202061
0.0765908
0.00145342
0.00699545
0.0175881
0.0801195
0.650241
0.275876
0.116605
0.034878
0.0323073
0.00286614
0.0680255
0.0911962
0.151323
0.130641
0.230235
0.224254
0.0602161
0.0695495
0.176151
0.109604
0.17104
0.126324
0.0551147
0.0335082
0.00953828
0.0189808
0.0129032
0.0274619
0.505468
0.137812
0.0184214
0.0123354
0.0323128
0.0267936
0.0146483
0.118451
0.55453
0.158904
0.0886503
0.156958
0.150899
0.103229
0.0606653
0.0411931
0.0659677
0.0586177
0.0582207
0.196992
0.239927
0.136329
0.0967415
0.153299
0.273002
0.10592
0.0267566
0.00513538
0.0104852
0.00654731
0.00531498
0.112483
0.459253
0.102292
0.072653
0.0369709
0.0122477
0.0302619
0.0122919
0.0954052
0.459253
0.224293
0.0614653
0.0440319
0.0583161
0.0407974
0.0989935
0.140709
0.27116
0.0848274
0.134793
0.0047516
0.00790134
0.0175693
0.0673439
0.136716
0.459253
0.260111
0.0369603
0.0558774
0.0647824
0.118912
0.104055
0.0901214
0.291372
0.197764
0.00587607
0.0792278
0.149221
0.230689
0.392332
0.155681
0.0613684
0.0791668
0.173678
0.0948694
0.0725771
0.0461528
0.0345877
0.0758599
0.37514
0.351106
0.116384
0.243535
0.210933
0.0894739
0.134668
0.0592142
0.0886258
0.206519