0.055078
0.0633442
0.0540911
0.0673052
0.154561
0.129
0.0663077
0.0739058
0.149058
0.150763
0.165137
0.132372
0.193507
0.109658
0.0274753
0.099794
0.129754
0.0620108
0.0113702
0.033222
0.247918
0.173997
0.155859
0.0859342
0.115468
0.133788
0.201493
0.0917638
0.273151
0.29505
0.188586
0.0710195
0.0573358
0.126497
0.185865
0.139874
0.141527
0.0799898
0.00488307
0.0262811
0.111423
0.138728
0.178344
0.132788
0.180216
0.169135
0.0200219
0.0150607
0.0810902
0.142585
0.22249
0.137848
0.122274
0.112442
0.0874982
0.0287173
0.189241
0.212813
0.342418
0.272595
0.200183
0.0834039
0.0303508
0.0142933
0.146052
0.091337
0.0712319
0.0965815
0.123038
0.0730362
0.0271821
0.0670385
0.188003
0.173436
0.136746
0.144456
0.0776684
0.025567
0.0376398
0.116847
0.243263
0.250528
0.240903
0.158489
0.108816
0.0284222
0.0195391
0.0256045
0.180266
0.304462
0.301854
0.22216
0.0605401
0.0297927
0.0743134
0.0813435
0.121505
0.139458
0.0866777
0.0882808
0.0199392
0.0362567
0.0471897
0.0517103
0.118608
0.101082
0.0503149
0.121269
0.0332592
0.0758799
0.0842667
0.0869511
0.140743
0.119104
0.135104
0.0796725
0.0395115
0.0470432
0.100381
0.161862
0.363942
0.553422
0.189134
0.051701
0.0630977
0.0540263
0.0671783
0.205988
0.037308
0.025025
0.0171381
0.012742
0.00384415
0.00972875
0.0124067
0.0175401
0.0811129
0.111616
0.0352605
0.00726056
0.0113914
0.00975696
0.0139093
0.0244161
0.10074
0.307033
0.0817876
0.00858501
0.00942784
0.00791384
0.0084509
0.0184693
0.220063
0.826051
0.226331
0.00519094
0.0232386
0.00976387
0.0103867
0.0133743
0.0616381
0.124386
0.0161581
0.00178533
0.00545629
0.00289457
0.00354067
0.0222237
0.155645
0.209334
0.0516999
0.00458347
0.00900079
0.0261902
0.00309288
0.0390495
0.187736
0.554855
0.103803
0.00119022
0.0149051
0.0050046
0.00422474
0.0119039
0.378007
0.554855
0.0718927
0.0450271
0.159385
0.0617574
0.019578
0.101593
0.195876
0.121814
0.0915976
0.0176579
0.0464941
0.110924
0.00850554
0.0508882
0.0348797
0.00634638
0.0250986
0.0117864
0.0369089
0.0880158
0.03528
0.0494903
0.356559
0.288282
0.0654513
0.160156
0.591939
0.285441
0.0221958
0.130612
0.041453
0.0112319
0.0271148
0.0825378
0.278718
0.207586
0.026761
0.0417686
0.0148126
0.0039949
0.000129356
0.0015444
0.0171391
0.0303427
0.0434009
0.0237826
0.00995294
0.0180371
0.0191481
0.00866983
0.0225379
0.0595884
0.0429662
0.00567751
0.191344
0.00410108
0
0.00182166
0.0267207
0.0363424
0.0397965
0.654541
0.14995
0.0673185
0.0149934
0.0104402
0.0354966
0.0661968
0.099207
0.633591
0.01684
0.0678479
0.0469717
0.0535535
0.0386586
0.0441957
0.0509706
0.00542658
0.0678559
0.121729
0.121537
0.113093
0.037048
0.00819808
0.010588
0.00578273
0.202211
0.271723
0.0372449
0.0582943
0.163227
0.0966158
0.178811
0.442536
0.441352
0.381696
0.175469
0.0945104
0.11356
0.0196078
0.0465499
0.164004
0.0466769
0.0701539
0.0576308
0.043634
0.011227
0.00104465
0.00123724
0.00862779
0.0630169
0.136097
0.0467712
0.0256002
0.00527779
0.00314153
0.009511
0.0268851
0.151749
0.242484
0.140911
0.0511881
0.0207354
0
0.00411314
0.0514443
0.271374
0.780895
0.278434
0.0412746
0.0143089
0
0.001197
0.0224501
0.0486046
0.0722811
0.0241478
0.00357911
0.00127669
0.00246598
0.00706423
0.0239085
0.111323
0.287253
0.0632119
0.000493583
0.00707653
0.00246923
0.00374571
0.0227961
0.168426
0.559822
0.124961
0.0032697
0.000165125
0
0.000388987
0.0117859
0.28894
0.615998
0.102296
0
0.00391873
0.000783745
8.72196e-005
0.00951275
0.0610231
0.316854
0.0466664
0.000177081
0.00580594
0.00135841
0.000469126
0.00411493
0.107088
0.507575
0.0853099
2.92822e-005
0.00317869
0.000830213
0.000442714
0.00379425
0.117048
0.507575
0.0400592
0
0.00375257
0.000750513
0
0.00100417
0.186279
0.507575
0.0425727
0.00187698
0.00212683
0.000187628
0.00255011
0.00444139
0.164626
0.446657
0.0712155
0.00117282
0.0163417
0.0151436
0.0233083
0.0239284
0.160328
0.277496
0.026987
0.0766364
0.207409
0.0511913
0.0553339
0.0674753
0.213759
0.446657
0.0186952
0.0548995
0.123983
0.0398715
0.0386023
0.034009
0.0980302
0.0690768
0.00553042
0.256547
0.446657
0.0821829
0.0611994
0.0397732
0.0545036
0.0575471
0.00334981
0.18918
0.477373
0.0730804
0.0234735
0.0420461
0.00990931
0.00827518
0.00382697
0.0806507
0.225596
0.0614754
0.0145062
0.0107328
0.0039582
0.00167654
0.000448997
0.374104
0.568812
0.040835
0.016229
0.00646163
0.00626963
0.00903727
0.000377322
0.133589
0.345099
0.041553
0.0143422
0.011441
0.176959
0.012498
0
0.000285292
0.00670292
0.00285818
0.035154
0.461224
0.116734
0.0177146
0.0199648
0.0285525
0.0835681
0.0490227
0.100039
0.461224
0.181742
0.0827229
0.005631
5.55132e-005
0.00494072
0.0104075
0.0743208
0.43444
0.0856965
0.206568
0.183522
0.131704
0.133536
0.0837949
0.115555
0.296815
0.0712085
0.0630643
0.0250163
0.0517004
0.191739
0.0773664
0.106744
0.187627
0.142969
0.172943
0.115157
0.0362617
0.110368
0.0222576
0.0455847
0.0713304
0.0520666
0.302636
0.318976
0.196506
0.258917
0.0854151
0.075124
0.0804658
0.159373
0.535431
0.315525
0.0874691
0.131361
0.025804
0.0410821
0.0264115
0.0664508
0.21989
0.086644
0.0140039
0.0087656
0.000399931
0.005505
0.0186338
0.104694
0.515361
0.0872105
0.01193
0.00632239
0
0
0.000903902
0.122855
0.515361
0.126959
0.0172074
0.00523524
0.000599896
0.00510113
0.00608257
0.121676
0.515361
0.161704
0.00324838
0.00360983
0
0.0064032
0.00674163
0.103584
0.464592
0.0607664
0.00254107
0.000147968
0
0
0.000582083
0.145325
0.464592
0.0336391
0
0
0
0.000612031
0.00380201
0.119747
0.464592
0.0588453
0.000628864
3.6992e-005
0
0.00430955
0.00812489
0.182952
0.464592
0.0102649
0.00115773
0.00788066
0.023323
0.0285804
0.0333654
0.134137
0.546346
0.0161605
0
0
0
0.000629207
0.00481365
0.159865
0.546346
0.0192612
0.00605051
0.00277079
0
0.0024533
0.0040104
0.15462
0.365485
0.00368411
0.00589521
0.0236382
0.039965
0.0458699
0.0441642
0.15067
0.338867
0.050543
0.00698014
0.0110158
0.00725817
0.0115694
0.0257423
0.0974667
0.17722
0.0105188
0.116424
0.144218
0.0113748
0.01042
0.00938831
0.0276931
0.0179502
0.00411037
0.371453
0.466962
0.0198415
0.00996882
0.0074993
0.0972672
0.180398
0.0484467
0.148625
0.118047
0.00941511
0
0.0205722
0.0371833
0.038241
0.0164303
0.466962
0.466962
0.0141227
0
0.0125649
0
0
7.81478e-005
0.295748
0.498234
0.010805
0.000892622
0.000382553
0.00477174
0.00343664
0.000159419
0.0893977
0.241988
0.0347236
0.0067652
0.00524824
0.012849
0
0.00756117
0.408246
0.510545
0.00532266
0
0.00233816
0.0989697
0.00290507
0.0150122
0.147067
0.280436
0.0276924
0.00334546
0.0851766
0.0767627
0.125815
0.0369531
0.0481931
0.0245019
0.041835
0.0274791
0.205921
0.026888
0.444405
0.23889
0.0746311
0.0336698
0.0995854
0.0547567
0.0837773
0.0894535
0.117379
0.0730865
0.100501
0.101216
0.24207
0.0248584
0.0735499
0.0212989
0.437698
0.2022
0.0581799
0.196813
0.444405
0.135565
0.0143171
0.0220512
0.433465
0.257659
0.0758485
0.0406819
0.0372004
0.0233492
0.00575789
0.0581063
0.433465
0.222686
0.0612337
0.029276
0.0319776
0.0139206
0.00159848
0.0123053
0.320626
0.118728
0.0401647
0.110864
0.303262
0.164091
0.0142233
0.0243835
0.209499
0.134453
0.0757858
0.0582452
0.203502
0.28668
0.0309466
0.117155
0.477329
0.105757
0.0403544
0.0095703
0.0185307
0.015455
0.00444927
0.159891
0.477329
0.109045
0.0346558
0.0164411
0.00184444
0.0510509
0.040162
0.0837707
0.190984
0.0746782
0.0733951
0.0304845
0.108767
0.36597
0.0642566
0.201453
0.156522
0.010854
0.0760607
0.0593565
0.0776781
0.326619
0.185119
0.189351
0.494375
0.0632034
0.00564251
0.025085
0.0107586
0.0419197
0.0496812
0.238139
0.33912
0.0372278
0.00719749
0.0427864
0.131583
0.0786226
0.0952521
0.207644
0.202073
0.0219216
0.0127021
0.105898
0.186274
0.17721
0.157147
0.202077
0.361943
0.12513
0.024056
0.078129
0.198761
0.0985589
0.156098
0.192709
0.157561
0.0447384
0.0198586
0.0684091
0.149151
0.118543
0.121587
0.183325
0.465835
0.152899
0.0226475
0.046686
0.0284052
0.0683507
0.0551228
0.192771
0.28799
0.139845
0.0468592
0.0928402
0.125081
0.113341
0.224129
0.114109
0.246679
0.14287
0.0376899
0.156408
0.146279
0.355282
0.187694
0.0505838
0.21233
0.0800267
0.0816362
0.108974
0.0191013
0.0104235
0.0161023
0.0159981
0.0487212
0.0265548
0.347264
0.476692
0.0230034
0.000854989
0.00910799
0.0186526
0.104056
0.0603014
0.118966
0.144909
0.0665336
0.152833
0.0330593
0.00831374
0.0257568
0.0213279
0.46785
0.476692
0.0223887
0.0331296
0.00761683
0.0138896
0
0.00736616
0.287464
0.503231
0.0289048
0.0109058
0.00341909
0.120452
0.00535607
0.0242222
0.113558
0.227314
0.0416252
0.0653938
0.147316
0.00251883
0.000712925
0.0194265
0.340949
0.503231
0.0503543
0.022597
0.00445597
0.0506612
0.0126469
0.0586642
0.113107
0.230217
0.0729238
0.136343
0.192382
0.1587
0.044391
0.0399631
0.0317075
0.0743244
0.151396
0.0567479
0.124001
0.0364573
0.0472836
0.0948835
0.17682
0.374039
0.441044
0.120752
0.0336867
0.152503
0.014695
0.0310698
0.143764
0.0651965
0.0632866
0.0489414
0.156012
0.0420411
0.0066382
0.131353
0.470507
0.352492
0.17352
0.068388
0.0561519
0.00410392
0.0247639
0.0764122
0.174311
0.284036
0.303084
0.204396
0.0222653
0.0177627
0.00885945
0.0285975
0.0308356
0.0397273
0.20475
0.438142
0.0645062
0.00742059
0.00253351
0.125727
0.521054
0.263027
0.113287
0.0947041
0.0123994
0.0316508
0.0305196
0.0491859
0.0880345
0.0444667
0.0830071
0.221901
0.0800126
0.0241749
0.00702309
0.00908969
0.0194926
0.0108998
0.10126
0.454824
0.102651
0.0644387
0.0118112
0.000219733
0.0286857
0.0267915
0.0795768
0.516339
0.223241
0.0135172
0.0176426
0.0112473
0.0221138
0.0105786
0.0870063
0.281881
0.0991764
0.0101459
1.9771e-005
0.000336107
0.0137754
0.0065738
0.0755468
0.516339
0.144291
0.0504727
0.0315154
0.00388613
0.00532093
0.0370642
0.12617
0.393599
0.172938
0.0867949
0.216211
0.0450229
0.00688759
0.0201737
0.108492
0.238108
0.15335
0.00913347
0.00139605
0
0.00392645
0.00493171
0.0598758
0.513569
0.133048
0.0220218
0.0415957
0.00307535
0
0.00738715
0.112279
0.513569
0.176213
0.0902657
0.184411
0.036721
0.00971312
0.0184805
0.0411073
0.126374
0.133475
0.0484934
0.0466707
0.0124654
0.00562047
0.0408417
0.0654193
0.29646
0.192145
0.0243532
0.0511042
0.00348046
0
0.003415
0.054486
0.550367
0.188207
0.0332402
0.0213106
0.00068614
0
0
0.00810135
0.550367
0.285972
0.0230252
0.0289095
0.00632295
0.0729734
0.0997274
0.057435
0.155706
0.0715163
0.0131046
0.0164442
0.003984
0.359848
0.480164
0.0294687
0.0285523
0.011784
0.0448562
0.0228618
0.00846996
0.082623
0.11795
0.0133708
0.182919
0.141799
0.0297118
0.0152412
0.0135343
0.480164
0.480164
0.0137428
0.0198339
0.0284955
0
0.000635259
0.0157675
0.308333
0.455658
0.0132251
0.00479147
0.00105944
0.00791956
0.0121207
0.047976
0.137284
0.187547
0.0176295
0.0329461
0.0546397
0.00151938
6.78643e-005
0.00404847
0.416043
0.504853
0.00262956
0
8.93752e-005
0.00383745
0.0101035
0.0178074
0.227129
0.325619
0.00720719
0.00112033
0
0.0455283
0.0499497
0.137905
0.166882
0.0228803
0.0106487
0.00771831
0.0459412
0.0103821
0.0335952
0.279039
0.45113
0.108473
0.0325419
0.00697854
0.00972499
0.030944
0.0813221
0.229165
0.254798
0.151907
0.015724
0.0451324
0.0788039
0.00709636
0.0627915
0.45113
0.45113
0.194469
0.00690199
0.00831883
0.00485746
0.00737071
0.0073693
0.188141
0.637843
0.170097
0.0475413
0.0209067
0.00282489
0.0180703
0.0312372
0.0585433
0.145265
0.150395
0.0306584
0.06218
0.0382427
0.0240081
0.0408009
0.313533
0.407082
0.153319
0.0257769
0.00476258
0.0118127
0.0271243
0.023292
0.049474
0.186048
0.280016
0.0308706
0.00576418
0.0141064
0.0135901
0.0316712
0.0334821
0.0716076
0.109743
0.108426
0.268523
0.0915147
0.0128014
0.000233418
0.0039681
0.0126839
0.0200554
0.178731
0.725466
0.153798
0.0068631
0.00885783
0.0320741
0.164223
0.257956
0.0476096
0.049528
0.0349163
0.000620067
0.00249269
0.00870311
0.0646195
0.13497
0.143473
0.249237
0.0806804
0.00479352
0
0
0.00315669
0.00539189
0.0856811
0.431807
0.113202
0.00143984
0
0
0
0.012327
0.1077
0.656034
0.161861
0
0
0
0.0156833
0.0532546
0.115774
0.189245
0.0603309
0.00240824
0
0
0.00247895
0.0362347
0.153673
0.410768
0.10418
0.000558439
0
0
0.00117602
0.00597982
0.027427
0.506337
0.102572
0.00516374
0.00115647
0.000101387
0.00470407
0.00989478
0.0120193
0.506337
0.197612
0.00233145
0
0
0.00386792
0.0118008
0.0529047
0.290311
0.087665
0.000704974
0
0
0.00796956
0.0157556
0.0409213
0.506337
0.182517
0.0320206
0.0109282
0.0223505
0.0646965
0.0487731
0.00305979
0.364407
0.176935
0.0435836
0.0312689
0.0610619
0.41891
0.3608
0.000311174
0.0887603
0.0875979
0.0235509
0.022455
0.0180113
0.0195746
0.0143739
0.0342292
0.467176
0.189782
0.0581436
0.100597
0.0752466
0.246637
0.131157
0.027311
0.272179
0.155741
0.00704038
0.00956959
0.017789
0.33977
0.428083
4.64908e-005
0.00190705
0.00678295
0.0025546
0.0101835
0.0273735
0.212644
0.295363
0.00181058
0
0
0.0169149
0.0508965
0.0456865
0.336905
0.305195
0.00388902
0.0617578
0.033941
0.000524645
0.010564
0.0495528
0.405644
0.367656
0
0.000795804
0.00231821
0.00459057
0.013035
0.0509158
0.388323
0.186503
0.0226578
0.0301181
0.0388429
0.00179586
0.0161799
0.127036
0.431121
0.258067
0.00735534
0.00829537
0.00351488
0.0725834
0.15172
0.169581
0.431121
0.0954525
0.00583654
0.00209698
0.0148044
0
0.0558466
0.128178
0.431121
0.198084
0.00832829
0.00766549
0.00106578
0.0199826
0.0360235
0.178494
0.302793
0.213278
0.018282
0.0153796
0.013537
0.0213388
0.0195853
0.0487887
0.26909
0.307627
0.022016
0.00632412
0.00976863
0
0.00632583
0.0758363
0.397083
0.310583
0.0306267
0.0323472
0.00449743
0.000341201
0.00280502
0.0268748
0.410375
0.388224
0.0153791
0.00956969
0.00295255
0.00464195
0.0113314
0.0213991
0.317572
0.382184
0.0462006
0.0170578
0.0175244
0.000119252
0.00530706
0.0113504
0.116469
0.220403
0.165753
0.072552
0.0254403
0.00246105
0.00194159
0.0120809
0.456783
0.432735
0.0576251
0.0142381
0.0131866
0.0016407
0.00129439
0.0153696
0.181132
0.252794
0.13242
0.0295039
0.00879108
0
0
0.00701796
0.0838478
0.2192
0.226379
0.092302
0.0206194
0.00216168
0
0.00512586
0.105351
0.243339
0.275102
0.277498
0.0750015
0
0
0.0170157
0.172818
0.322902
0.113959
0.0115633
0
0
0
0.00864422
0.212555
0.54433
0.146293
0.0134136
0.000128889
0.00241052
0.000658633
0.000956554
0.0552595
0.0950832
0.109987
0.267712
0.0989737
0.00226727
0.00263453
0.00750364
0.0199808
0.04281
0.106013
0.743532
0.230937
0
0.00263453
0.00308141
0.0941044
0.254326
0.103441
0.0417475
0.00320035
0.0128273
0.0160823
0.0300146
0.0497522
0.159847
0.13767
0.182347
0.0288994
0.0102319
0.0147804
0.00649443
0.00257856
0.0248858
0.0599555
0.511127
0.161501
0.0657704
0.10711
0.0404116
0.0922393
0.0625424
0.0484136
0.570803
0.305155
0.0224748
0.0195043
0.0118728
0.0150376
0.0465509
0.05169
0.150494
0.0505184
0.0874561
0.0754755
0.0230823
0.0107996
0.034543
0.0351176
0.26415
0.256417
0.0569624
0.122417
0.0687333
0.237584
0.125437
0.00556957
0.163837
0.133228
0.0181884
0.0721341
0.0722966
0.543337
0.339944
0.00306532
0.00407237
0.014998
0.11353
0.140743
0.0463278
0.044047
0.0174
0.00869768
0.091241
0.142336
0.0493575
0.121426
0.0823186
0.449939
0.285183
0.0260487
0.00385071
0.0154032