0.249595
0.0706578
0.101394
0.148967
0.0464041
0.0233804
0.0781249
0.153862
0.246215
0.0881413
0.0593446
0.124625
0.145015
0.0428249
0.0737077
0.213107
0.254108
0.0560685
0.0651141
0.156221
0.123395
0.0329547
0.0903255
0.160609
0.270406
0.0291744
0.066199
0.211674
0.385333
0.149565
0.186134
0.321477
0.0980438
0.0201727
0.0312483
0.165332
0.159997
0.0321116
0.024243
0.131591
0.235921
0.0398127
0.0184848
0.243244
0.348234
0.0496649
0.086464
0.283527
0.118675
0.00956948
0.0464517
0.106525
0.259216
0.14299
0.0828109
0.152887
0.313809
0.0972618
0.0333719
0.260696
0.25727
0.115625
0.0982238
0.299201
0.184582
0.0580247
0.0470149
0.191231
0.311485
0.089224
0.1384
0.232466
0.0721698
0.057344
0.0968423
0.133803
0.135439
0.134243
0.101712
0.119771
0.238864
0.119743
0.143178
0.343576
0.139433
0.138461
0.152035
0.251123
0.10238
0.103101
0.224861
0.130769
0.136977
0.119342
0.158864
0.176702
0.0626066
0.0635683
0.096192
0.102746
0.211736
0.157457
0.060622
0.075179
0.0686522
0.0943335
0.0957488
0.0876751
0.231732
0.1401
0.0626643
0.0706244
0.150032
0.101241
0.147505
0.0955248
0.142522
0.109111
0.0906828
0.172713
0.375336
0.12362
0.206042
0.386252
0.194563
0.0894208
0.0731698
0.324533
0.0296319
0.0377365
0.031675
0.0401474
0.0612984
0.0225732
0.0199002
0.0368914
0.104629
0.0903554
0.0564053
0.0731987
0.0509966
0.0240453
0.0168585
0.0605127
0.263305
0.0831721
0.219051
0.162387
0.0561211
0.0173274
0.0178382
0.24131
0.474419
0.373849
0.418875
0.17973
0.0744728
0.0158548
0.00818815
0.278807
0.140602
0.12497
0.0651327
0.0680899
0.0127332
0.00754051
0.00273882
0.0287243
0.260687
0.220007
0.154442
0.12378
0.0156456
0.0046054
0.00821761
0.0600281
0.323706
0.350298
0.227519
0.0728841
0.0253833
0.00438159
0.0048564
0.100931
0.485795
0.334129
0.229226
0.11778
0.027837
0.0254841
0.00881882
0.147405
0.199668
0.144118
0.146494
0.0724392
0.0236888
0.0657263
0.0633923
0.10991
0.129372
0.045245
0.040602
0.0917315
0.107489
0.182506
0.110948
0.1394
0.239748
0.12521
0.150424
0.183985
0.128246
0.102014
0.0473088
0.117452
0.240971
0.142909
0.158732
0.408218
0.435992
0.261823
0.104148
0.080575
0.0828604
0.0183728
0.0174106
0.0713048
0.102268
0.0542064
0.0302178
0.0906794
0.0722704
0.00858529
0.0555275
0.0849314
0.105284
0.0688128
0.0992756
0.132015
0.077867
0.0351219
0.0740834
0.241516
0.260399
0.519997
0.511882
0.19805
0.140122
0.0736978
0.142439
0.206875
0.0752531
0.0316957
0.083
0.0926571
0.115931
0.0244408
0.0823961
0.106419
0.135797
0.0750168
0.0443869
0.0926028
0.247697
0.0675989
0.0721469
0.287163
0.154102
0.0625823
0.0283243
0.200537
0.233541
0.116439
0.193437
0.247215
0.0703714
0.0726727
0.13263
0.0806545
0.344795
0.191257
0.217659
0.397025
0.105786
0.0934081
0.146829
0.184889
0.116791
0.0406584
0.0876123
0.158937
0.0441283
0.0537603
0.0343246
0.100793
0.128772
0.12642
0.143548
0.0598326
0.026755
0.0274359
0.100402
0.118192
0.276859
0.141147
0.207103
0.276518
0.0485005
0.0435219
0.0348389
0.160932
0.444154
0.376382
0.306542
0.181051
0.00404095
0.0172075
0.073642
0.242655
0.104042
0.0964906
0.0858679
0.0236619
0.0145241
0.00783935
0.0628566
0.119767
0.257479
0.116384
0.118838
0.168156
0.0249333
0.00661337
0.0213118
0.116736
0.286864
0.297051
0.139443
0.0214084
0
0.00405577
0.0562817
0.203619
0.473129
0.477611
0.153188
0.0616075
0.00345533
0.00403944
0.0149949
0.208792
0.237986
0.0907024
0.134683
0.132751
0.0200253
0.00475555
0.0052698
0.101266
0.309336
0.258828
0.191193
0.0786807
0.0278515
0.00760507
0.00385881
0.163136
0.361782
0.366357
0.0904278
0.0485693
0.00460316
0.00479399
0.00225026
0.117173
0.366142
0.387906
0.0895018
0.0170578
0.00974808
0.00857363
0.0038502
0.135364
0.307944
0.333227
0.1176
0.036745
0.0162573
0.00468866
0.00586177
0.126246
0.359462
0.224084
0.0798053
0.144685
0.0557181
0.0875246
0.0255341
0.122977
0.240708
0.285441
0.0560613
0.0268885
0.0277321
0.00703232
0.00442836
0.0908068
0.15085
0.141467
0.186244
0.452242
0.16866
0.066882
0.0181866
0.0505191
0.103549
0.0356684
0.0384201
0.203758
0.12058
0.0608125
0.0163251
0.0469934
0.116928
0.122419
0.20027
0.339692
0.240322
0.109433
0.0744206
0.0511494
0.0564589
0.0297202
0.161869
0.459516
0.170901
0.0359099
0.0126369
0.0219827
0.188327
0.152088
0.197677
0.381878
0.225235
0.127228
0.0876695
0.128759
0.0473181
0.0944618
0.183371
0.314439
0.0914808
0.211907
0.20553
0.0482969
0.111693
0.0841479
0.149748
0.144195
0.037278
0.0125986
0.0208169
0.0467848
0.114874
0.274414
0.270205
0.413423
0.082583
0.144137
0.314149
0.177973
0.132788
0.0942789
0.147661
0.166894
0.0703862
0.159828
0.159298
0.148731
0.184599
0.113984
0.227461
0.174771
0.0181052
0.0571555
0.0821611
0.0896167
0.273233
0.218088
0.213918
0.207619
0.0304578
0.0528098
0.0995337
0.145417
0.163023
0.0846637
0.156739
0.152075
0.0957426
0.129707
0.107056
0.153163
0.333243
0.361001
0.126185
0.134664
0.162088
0.139785
0.216021
0.175987
0.219635
0.160638
0.105605
0.0825658
0.011018
0.00432748
0.0113515
0.0924397
0.334366
0.289168
0.105241
0.0418082
0
0.00153085
0.0105168
0.123281
0.290026
0.300385
0.0992469
0.0610438
0.0700012
0.0863246
0.118891
0.114424
0.357488
0.414824
0.14302
0.0358126
0.126645
0.112291
0.13504
0.170732
0.275235
0.281219
0.0608685
0.00804191
0
0.00183597
0.0124208
0.112423
0.31033
0.377127
0.0840101
0.0252165
0.00744711
0.00585055
0.00401416
0.124501
0.246152
0.367865
0.126138
0.0125641
0.0894436
0.0582355
0.103739
0.109819
0.261768
0.328118
0.19678
0.0906288
0.107035
0.0404528
0.122914
0.130578
0.247145
0.288517
0.0757286
0.0402196
0.0197785
0.00796239
0.00262328
0.103738
0.193272
0.151728
0.0406577
0.024788
0.0172217
0.00839116
0.00688866
0.0763946
0.274115
0.272881
0.222676
0.120982
0.0898732
0.0181331
0.051943
0.122615
0.382003
0.409752
0.361337
0.102498
0.0301758
0.0048901
0.0049407
0.0960791
0.0951214
0.0726531
0.0244979
0.0365911
0.0407985
0.00301172
0.00469326
0.0537715
0.0417879
0.024061
0.141831
0.393469
0.199085
0.00413327
0.00217478
0.0420929
0.218705
0.27689
0.261305
0.0967382
0.0620684
0.000804036
0.00444653
0.0884642
0.0772616
0.127718
0.158549
0.560006
0.353133
0.00178784
0.00756471
0.0749432
0.0295206
0.0101361
0.113894
0.297026
0.124117
0.00299366
0.0012894
0.0210921
0.187831
0.057431
0.0852473
0.195412
0.127943
0.0415257
0.0587427
0.210403
0.0407535
0.0191698
0.0593675
0.453476
0.233596
0.00944106
0.00913177
0.0398135
0.236664
0.095265
0.130775
0.391317
0.151978
0.0197363
0.117232
0.38328
0.104519
0.0831459
0.102888
0.181472
0.0890684
0.113548
0.303487
0.230584
0.0582667
0.0178701
0.0583972
0.175091
0.11664
0.20599
0.150921
0.132902
0.0583674
0.0896899
0.414507
0.375994
0.0962185
0.049213
0.092775
0.0958382
0.0346443
0.0580877
0.298741
0.341612
0.111446
0.104026
0.07322
0.063502
0.0384097
0.0121828
0.0109931
0.0891769
0.0922857
0.257286
0.166312
0.110825
0.0751953
0.0770218
0.0151333
0.0635973
0.130231
0.243438
0.419283
0.139893
0.0178391
0.0357887
0.0251764
0.0922797
0.0772465
0.236009
0.181804
0.119665
0.024611
0.0146893
0.00538842
0.00715909
0.140324
0.358737
0.466756
0.206267
0.0727156
0.0839783
0.0293711
0.0462149
0.0587533
0.160129
0.288921
0.10818
0.0902071
0.174446
0.0757254
0.0344311
0.146122
0.20052
0.241479
0.166371
0.030092
0.00436076
0.00186318
0.00598026
0.0369158
0.241485
0.384863
0.119581
0.0361192
0.020259
0.00893255
0.00976196
0.0704831
0.358098
0.479231
0.179407
0.0897046
0.189535
0.0816564
0.0389776
0.130038
0.160974
0.13799
0.123255
0.184132
0.155468
0.0926321
0.1051
0.0987332
0.102422
0.155973
0.180828
0.063727
0.0181851
0.0117306
0.0557685
0.094509
0.346765
0.46884
0.192156
0.177196
0.0364136
0.0271737
0.211099
0.0824387
0.183618
0.247368
0.301707
0.149846
0.136656
0.100953
0.0752278
0.0527332
0.102211
0.121271
0.092658
0.180108
0.216522
0.239156
0.0617497
0.0220914
0.132872
0.130997
0.086613
0.0842965
0.0333987
0.0371228
0.13659
0.0404539
0.227602
0.222934
0.125756
0.053221
0.0291227
0.0524438
0.0334045
0.0350126
0.511358
0.490981
0.119801
0.129173
0.141271
0.177763
0.0948396
0.0268747
0.0309114
0.0612614
0.0686044
0.0422471
0.0576506
0.112329
0.470068
0.199164
0.000480872
0.0110914
0.0310693
0.0460373
0.0170812
0.0516538
0.128359
0.0877751
0.339051
0.287651
0.076906
0.0176284
0.00270447
0.165782
0.514089
0.225546
0.0697002
0.0382441
0.0167167
0.0168657
0.0137278
0.0456027
0.361965
0.22172
0.0410316
0.0127079
0.0250761
0.124881
0.0682496
0.112875
0.336536
0.222252
0.0817941
0.118354
0.231793
0.0230746
0.00506964
0.0926742
0.315122
0.190824
0.0510601
0.0251305
0.0451323
0.186428
0.0360221
0.0640763
0.165909
0.174305
0.133538
0.260966
0.40504
0.00606834
0.20357
0.482586
0.398906
0.0772756
0.00217742
2.20534e-005
0.00118748
0.019984
0.0818654
0.248389
0.178991
0.0376443
0.0109854
0.0097677
0.0161931
0.00931576
0.224577
0.482586
0.29951
0.125831
0.0070107
3.308e-005
0.00134934
0.0246726
0.0696923
0.10209
0.059534
0.0352249
0.0197768
0.0047641
0.0057998
0.0323187
0.149295
0.0904972
0.0993789
0.0660844
0.096375
0.109692
0.114692
0.115461
0.108764
0.0807367
0.0437069
0.133629
0.439783
0.49052
0.224477
0.0495216
0.195294
0.226667
0.0979263
0.0588834
0.0329046
0.0262097
0.0157852
0.0883177
0.139435
0.289781
0.14527
0.0495693
0.0841871
0.156839
0.0504021
0.0374346
0.00931372
0.0122174
0.00386145
0.0244495
0.248539
0.281336
0.0742652
0.0144807
0.000414875
0.00136316
0.00107084
0.0186662
0.37194
0.523009
0.114961
0.0252565
0.0149044
0.0418301
0.0194789
0.0146774
0.116563
0.157621
0.0608403
0.0190257
0.00983913
0.00359591
0.00235259
0.0234841
0.349572
0.430871
0.132101
0.0181024
0
0.0013202
0.00807786
0.0166784
0.213385
0.396827
0.096784
0.0613881
0.00079105
0.00712673
0.0476735
0.0198347
0.14812
0.364845
0.165541
0.00975261
0.00425521
0.00104174
0.00174559
0.020113
0.266536
0.369022
0.100268
0.0168004
0.00160454
0.00140529
0.00359092
0.0143857
0.281314
0.479628
0.152134
0.0379641
0.0015698
0.00744323
0.0479545
0.0143599
0.125981
0.218607
0.118097
0.0232248
0.00206654
0.00327457
0.0107472
0.0281968
0.315698
0.332494
0.110207
0.0172388
0.00039245
0.000631197
0.00316406
0.00732204
0.226606
0.563512
0.153087
0.0296523
0.00465302
0.00488302
0.00577401
0.0127927
0.144921
0.453295
0.136783
0.0359654
0.00214133
0.0191408
0.127092
0.126097
0.202184
0.195734
0.0761757
0.0172618
0.000721009
0.0805995
0.443638
0.270943
0.0484029
0.026178
0.0244226
0.0290891
0.00676789
0.0145577
0.211909
0.128206
0.0378614
0.123429
0.0672123
0.0125397
0.00463951
0.0262386
0.531476
0.425309
0.00455374
0.00949671
0.0155017
0.0276369
0.000781594
0.0363382
0.265603
0.125554
0.0215121
0.0219509
0.0631816
0.139797
0.0281875
0.0239893
0.181025
0.097842
0.0911474
0.123116
0.296977
0.0470593
0.00364291
0.0131211
0.363721
0.308913
0.0447276
0.104745
0.140283
0.162368
0.0879317
0.0967883
0.238379
0.234715
0.251015
0.305668
0.335771
0.0553078
0.260614
0.505127
0.40457
0.132458
0.0190286
0.00209469
0.0160328
0.0245994
0.170084
0.233601
0.0845171
0.0546843
0.0338311
0.00544633
0.00254871
0.0694257
0.186829
0.203344
0.135845
0.0372277
0.0151451
0.0159921
0.0248611
0.00902067
0.255982
0.346356
0.119546
0.0399919
0.00844822
0.00729016
0.00317232
0.0506277
0.237089
0.370563
0.17814
0.0791953
0.029585
0.0117066
0
0.041847
0.121753
0.339856
0.197358
0.0686475
0.0163025
0.0378361
0.0200747
0.0368664
0.272571
0.410734
0.248983
0.0966835
0.0180674
0.00433991
0.00473882
0.0895946
0.1346
0.225399
0.149805
0.0974597
0.0356724
0.0287514
0.0241092
0.0354473
0.0542501
0.107745
0.0677168
0.0491536
0.0500958
0.110014
0.0829806
0.0985271
0.12261
0.0421422
0.0151751
0.0352457
0.419899
0.607588
0.268718
0.0849084
0.163673
0.0923498
0.0522406
0.0398585
0.015469
0.022454
0.0262742
0.0917419
0.226943
0.159864
0.0873475
0.0493797
0.0401882
0.0462801
0.0628618
0.0245104
0.0270048
0.00993448
0.00227198
0.0138358
0.238237
0.308608
0.118334
0.0250416
0.0129254
0.0149015
0.00486563
0.027307
0.473199
0.512767
0.209599
0.0308272
0.040836
0.0713003
0.0236902
0.0188678
0.0467491
0.081999
0.0410374
0.045182
0.0545488
0.0965532
0.0209223
0.0227807
0.340903
0.274091
0.105565
0.00893469
0.00045074
0.00264872
0.00122276
0.014476
0.239014
0.333795
0.111646
0.0128978
0.002592
0.00429797
0.00162974
0.0107977
0.204274
0.464151
0.127847
0.0179542
0.0219457
0.0180967
0.00303348
0.017876
0.283852
0.252678
0.0805225
0.0227379
0.0105405
0.00506828
0.00142588
0.0495637
0.345202
0.441982
0.162344
0.0190417
0.0222438
0.0640479
0.174988
0.0638598
0.104724
0.328331
0.0800493
0.0122897
0.0309797
0.107674
0.491556
0.290399
0.0224014
0.0667263
0.0164147
0.0559397
0.0293582
0.0645431
0.0540522
0.056413
0.211832
0.37899
0.184183
0.051734
0.0413934
0.121045
0.311094
0.238835
0.0642531
0.111824
0.0856637
0.0630793
0.0184953
0.0666123
0.256369
0.254653
0.0365296
0.14799
0.139551
0.311443
0.0874034
0.127438
0.127124
0.157827
0.151027
0.346956
0.376377
0.0557367
0.0181623
0.0885651
0.243127
0.213905
0.0319632
0.0351165
0.0737552
0.296735
0.0439734
0.0751929
0.153687
0.0877151
0.011494
0.068778
0.255191
0.0851256
0.186799
0.166229
0.0839291
0.0629027
0.0147757
0.0299797
0.0264501
0.0138489
0.260086
0.362191
0.229712
0.0731595
0.00374409
0.00753131
0.00778614
0.0814637
0.252427
0.308216
0.101974
0.0857204
0.0278669
0.0329752
0.0301568
0.0386423
0.261612
0.472715
0.209707
0.0792771
0.00724553
0.0112813
0.0252
0.0235701
0.2229
0.347195
0.295947
0.0818391
0.0203499
0.0232617
0.026716
0.127461
0.132561
0.145816
0.0846628
0.0751879
0.0628723
0.0506679
0.0576947
0.0572018
0.198247
0.401772
0.220986
0.0468689
0.0111495
0.0255646
0.0478934
0.140588
0.339349
0.203922
0.0776972
0.0281121
0.0214018
0.0408437
0.0593439
0.124611
0.214402
0.13869
0.0278444
0.0434277
0.0430797
0.0182774
0.0254168
0.0937264
0.244809
0.202306
0.134398
0.0928494
0.0474311
0.0525078
0.00976386
0.134121
0.359533
0.198949
0.0668993
0.0511208
0.0416985
0.0187755
0.0268281
0.144227
0.373317
0.316777
0.243437
0.0877495
0.118205
0.0595576
0.0327462
0.0428501
0.0727261
0.194794
0.104728
0.094364
0.0557349
0.0459572
0.00842139
0.123587
0.236378
0.250541
0.0814382
0.091139
0.222185
0.165343
0.0387222
0.10002
0.233537
0.220227
0.15254
0.0586131
0.0614749
0.0320868
0.0157891
0.245061
0.510819
0.248417
0.0788592
0.0571111
0.0833921
0.0141229
0.00361097
0.0567273
0.139846
0.067399
0.00707115
0.014333
0.175471
0.217124
0.0655567
0.0391288
0.0793287
0.0354876
0.0109634
0.095823
0.483443
0.579138
0.222768
0.0788765
0.192649
0.0964076
0.00582058
0.00709449
0.0221549
0.0253195
0.0123154
0.0271636
0.118991
0.137165
0.107757
0.0526144
0.149283
0.189533
0.067615
0.0310105
0.0173091
0.0260167
0.0125163
0.081672
0.372634
0.340471
0.170487
0.0552006
0.0593447
0.0909773
0.283372
0.248051
0.207758
0.16787
0.0997553
0.0148696
0.0656149
0.132577
0.0801544
0.0649244
0.249264
0.205864
0.0925019
0.138626
0.164375
0.202652
0.14228
0.134551
0.267602
0.155891
0.163111
0.0498601
0.0395801
0.0367435
0.174196
0.189651
0.0225085
0.0135422
0.0204078
0.175994
0.0874595
0.20506
0.230835
0.133953
0.00711246
0.0140928
0.178287
0.118104
0.109589
0.0620617
0.131131
0.12639
0.0384717
0.0258453
0.0467263
0.172622
0.204309
0.439264
0.4396
0.245268
0.0191433
0.18943
0.269265