0.0163683
0.00480821
0.0117332
0.46781
0.208617
0.0248825
0.00675879
0.0337739
0.0471815
0.0273123
0.0219246
0.385626
0.147248
0.111291
0.029837
0.117772
0.0378044
0.0196321
0.0670248
0.46781
0.202602
0.0163686
0.00643282
0.0298529
0.142596
0.13529
0.145994
0.361717
0.115656
0.0775599
0.0287286
0.0988345
0.0464046
0.0413221
0.0467839
0.125409
0.100882
0.117948
0.0573889
0.0820138
0.137322
0.0969142
0.0920679
0.0748678
0.0725287
0.072749
0.11819
0.134886
0.0763404
0.386218
0.263843
0.147221
0.0952065
0.0737875
0.0319571
0.0580844
0.293793
0.582941
0.289279
0.0618847
0.0356783
0.0229751
0.0508413
0.135674
0.107522
0.112939
0.106578
0.0511013
0.0310618
0.0347192
0.0717585
0.127957
0.332147
0.0833891
0.0634976
0.0248864
0.0152874
0.0468697
0.0852692
0.243936
0.298866
0.460534
0.135082
0.0264843
0.0105871
0.0171594
0.0192418
0.0893091
0.511189
0.249265
0.0704996
0.0102729
0.00632367
0.0237667
0.0202561
0.194347
0.283953
0.0124238
0.00888633
0.00967516
0.0066437
0.0131115
0.0353187
0.217769
0.306044
0.108924
0.0606748
0.0346765
0.0315025
0.0120778
0.0632581
0.267361
0.437105
0.0191403
0.00167411
0.0027492
0.0016247
0.00444533
0.0473186
0.288481
0.36468
0.0626113
0.0344695
0.0152626
0.00850267
0.0279536
0.180892
0.437105
0.174984
0.169287
0.0878897
0.0315894
0.0531282
0.0562219
0.140701
0.151024
0.163505
0.181088
0.147241
0.0499035
0.0367102
0.0823682
0.305236
0.236688
0.15389
0.0910723
0.0718687
0.00958189
0.0214798
0.0751548
0.189931
0.354589
0.164169
0.0682576
0.0908694
0.0377378
0.0595259
0.0991422
0.413323
0.413323
0.104972
0.057317
0.0788208
0.132713
0.1173
0.0694444
0.192538
0.148763
0.106043
0.0682729
0.091934
0.235334
0.296557
0.112009
0.240054
0.206903
0.132947
0.0264414
0.0410137
0.164308
0.128969
0.159027
0.387914
0.193124
0.0929875
0.0345698
0.0274613
0.205425
0.19145
0.246436
0.326618
0.17345
0.146595
0.212513
0.213497
0.162626
0.10448
0.0374079
0.148527
0.153655
0.111598
0.209262
0.20093
0.378123
0.368157
0.211274
0.0349767
0.044592
0.0992189
0.0882548
0.0594896
0.0958444
0.0823944
0.0850658
0.139292
0.134997
0.0680158
0.119191
0.0808823
0.106658
0.304257
0.341642
0.0699533
0.0816783
0.0110878
0.0132841
0.0519533
0.434981
0.167006
0
0.000732258
0.00320009
0.0557637
0.210438
0.263028
0.223047
0.056646
0.00377527
0.00292903
0.0103802
0
0.0470185
0.114612
0.436017
0.223721
0.0422861
0.00505758
0.00221465
0
0.262845
0.436017
0.212161
0.0689316
0.0281908
0.00337172
0.00147643
0.0205621
0.315193
0.243091
0.0225932
0.00785839
0.00237529
0.000788527
0.00373303
0.0795354
0.418481
0.174321
0.00498814
0.0058235
9.47046e-005
0
0.0118293
0.000287428
0.268074
0.418481
0.0350463
0.00462202
0
0
0
0.0482497
0.418481
0.401308
0.0166631
0.00865555
0
0
0
0.156703
0.311148
0.0371862
0.0011532
0.00330523
0.00191918
0
0.00798741
0.415289
0.224576
0.00534883
0
0.000988235
0.00287877
0
0.039885
0.176682
0.415289
0.195812
0.0144393
0.00390571
0
0
0.00412255
0.415289
0.415289
0.0846918
0.0183662
0.0361113
0.0292615
0.0574312
0.106676
0.414224
0.0459916
0.000201836
0.00365365
0.00155747
0.000946575
0.0209399
0.179779
0.27886
0.00925699
0.00405932
0.0196109
0.00676756
0.00860873
0.0975699
0.414224
0.414224
0.145877
0.0103697
0.0306189
0.0630413
0.0290631
0.0454183
0.188028
0.267289
0.0996931
0.0188931
0.0158741
0.0181189
0.00305936
0.0548796
0.414224
0.0715236
0.0122546
0.00892248
0.0111396
0.00727752
0.0170013
0.176226
0.360717
0.0495962
0.00754882
0.00661212
0.0161767
0.0184937
0.0384651
0.405094
0.309733
0.136711
0.139476
0.0462741
0.00272708
0.00039276
0.00246144
0.25601
0.331403
0.13965
0.093162
0.0377075
0.00729306
0.0698012
0.184008
0.405094
0.282986
0.0416712
0.00387978
0.00359233
0.0539157
0.0397898
0.147206
0.296206
0.12589
0.015259
0.00961121
0.00722983
0.061384
0.0788704
0.346707
0.369733
0.0538799
0.0337853
0.015293
0.0063737
0.0047656
0.0748961
0.297343
0.375936
0.0991727
0.00544122
0.00445012
0.00266915
0.00159741
0.0745941
0.391688
0.391688
0.0210006
0.0211527
0.0619313
0.0277236
0.0542888
0.0587008
0.216999
0.254179
0.0631262
0.0826286
0.207879
0.0547737
0.070832
0.130026
0.130213
0.116938
0.10826
0.00382522
0.0211842
0.0157169
0.0215918
0.0747939
0.449683
0.449683
0.0537968
0.0674487
0.145151
0.0484005
0.136177
0.160331
0.148033
0.419111
0.164994
0.0201289
0.0720647
0.121888
0.301114
0.150396
0.0436033
0.0144061
0.0146137
0.0134193
0.178422
0.448411
0.169612
0.044246
0.0290689
0.00960409
0.00974245
0.0530355
0.0349541
0.166036
0.423081
0.163103
0.00535729
0.00809663
0.0150457
0.035357
0.0644542
0.406601
0.378815
0.0533813
0.00429666
0.00539775
0.0100304
0
0.0943454
0.365226
0.0801131
0.00596701
0
0
0
0.0144167
0.303743
0.409948
0.097376
0.0164686
0
0
0
0
0.0262457
0.409948
0.305524
0.0138862
0.000356372
0
0
0.00213144
0.051446
0.409948
0.307124
0.100316
0.0548665
0.00347998
0
0.0504481
0.297547
0.342232
0.11105
0.0257828
0
0
0.00239854
0.113711
0.358139
0.253647
0.115944
0.0660406
0.0327499
0.0522076
0.0530681
0.00218326
0.0412761
0.248624
0.242929
0.172362
0.200983
0.0375479
0.002256
0.0870793
0.263772
0.26399
0.242119
0.129776
0.27192
0.107323
0.107367
0.0742478
0.282736
0.0663712
0.0858616
0.090689
0.0306604
0.0432364
0.0516636
0.079901
0.433396
0.0825952
0.0289564
0.0250929
0.00188797
0.0111145
0.0544543
0.133446
0.47705
0.228572
0.0968455
0.0419514
0.0615474
0.0460191
0.0831884
0.137191
0.47705
0.25797
0.0287693
0.0182356
0
0.0129582
0.0214965
0.0900773
0.353646
0.124668
0.0227299
0.0103315
0.0173329
0.0748638
0.0797152
0.0848407
0.17436
0.0859372
0.142974
0.207707
0.15427
0.256239
0.146636
0.0785664
0.395033
0.159631
0.0851709
0.133389
0.0420332
0.053515
0.0684652
0.0195902
0.122002
0.101123
0.395033
0.395033
0.0893751
0.0875108
0.0666373
0.0166125
0.033372
0.00915595
0.0872867
0.195547
0.292372
0.209558
0.0526714
0.00144584
0.00697609
0.00110674
0.0144799
0.132932
0.384437
0.177252
0.00497785
0.00180231
0.0240051
0.0208774
0.335436
0.316962
0.249625
0.0535894
0.0106545
0
0.00713205
0.00348266
0.0914106
0.384437
0.384437
0.0442493
0.000905797
0.000353508
0.00132888
0.00107536
0.0365046
0.152748
0.361231
0.215062
0.0336712
0.0257396
0.0317504
0.0322053
0.202028
0.244626
0.186461
0.226476
0.095912
0
0.00199332
0.00361042
0.143935
0.361485
0.29405
0.0621618
0.0072947
0.0407328
0.0205806
0.0489416
0.287201
0.405233
0.213112
0.138926
0.032292
0.0111178
0.00283895
0.0886237
0.346209
0.179773
0
0
0.00108487
0.00741184
0.00409045
0.156118
0.377115
0.157691
0.00202175
0
0.000723245
0
0.00215212
0.0250495
0.409023
0.349711
0.0367037
0.0196957
0
0
0.000538031
0.024415
0.372661
0.41549
0.0542495
0.0131304
0
0
0.00163047
0.221337
0.437183
0.128273
0.00174189
7.17214e-005
0
0.0043435
0.0111547
0.204352
0.300075
0.122183
0.0840684
0.00885431
0
0
0
0.0219772
0.39551
0.437183
0.0817997
0.000286886
0
0.00778313
0.0632843
0.16819
0.269414
0.281667
0.0842606
0.00738825
0
0.0106881
0.0354592
0.0436994
0.0808692
0.111782
0.278372
0.11173
0.0092499
0.146564
0.129537
0.056506
0.0698101
0.0670731
0.32578
0.278479
0.20645
0.0469572
0.225179
0.28665
0.0795793
0.0266664
0.078766
0.0790028
0.0137205
0.370122
0.315597
0.191499
0.0259467
0.00888288
0.0757478
0.184679
0.323323
0.165969
0.292852
0.10808
0.0188004
0.00533691
0.0422078
0.0744032
0.166321
0.171413
0.403435
0.125863
0.0148352
0.021302
0
0.0217531
0.151177
0.330925
0.133067
0.0241491
0.00377789
0.000650401
0.00649245
0.0502945
0.403435
0.240944
0.134079
0.0137779
0.00639583
0.0153414
0.019022
0.186973
0.403435
0.112355
0.273406
0.0583212
0.0786932
0.181041
0.025774
0.0816445
0.11572
0.0796958
0.0805899
0.0788231
0.385661
0.287598
0.0407388
0.0679656
0.0473931
0.114221
0.0542254
0.00416831
0.0261851
0.103719
0.145003
0.385661
0.363473
0.133412
0.063948
0.0441178
0.145337
0.172586
0.214695
0.298256
0.114869
0.027619
0.0274087
0.0437775
0.334934
0.241087
0.0755292
0.0126349
0.00675561
2.27266e-005
0.00287106
0.00643837
0.211468
0.450508
0.169263
0.00772432
0.000122649
0.0580395
0.035728
0.046147
0.249369
0.157265
0.0503471
0.0450139
0.0292788
0.00340635
0.0129125
0.0503759
0.450508
0.440957
0.0110038
0.00532666
0.000863036
0
0.000338664
0.00528187
0.200144
0.431253
0.0986446
0.0336353
0
0.0233709
0.0242957
0.0316417
0.142084
0.400859
0.198538
0.138269
0.0230864
0.00114138
0.0175602
0.120688
0.42395
0.323226
0.0160178
0.00268771
0
0.0630052
0.11727
0.226682
0.179674
0.245879
0.101228
0.0627913
0.0228667
8.82539e-005
0.00748783
0.0269757
0.274815
0.235696
0.140821
0.0543586
0.00979706
5.88359e-005
0.00187196
0.0058205
0.148935
0.362283
0.241744
0.0464145
0.0130066
0.000353016
0.00499188
0.0532869
0.343929
0.279631
0.234166
0.0564022
0.0391883
0.000235344
0.00317237
0.0232395
0.0681161
0.352009
0.428614
0.119216
0.0520265
0
0
0.00212063
0.0861754
0.334408
0.222895
0.00373751
0.00193669
0.00339017
0.0326178
0.103767
0.181274
0.318393
0.223173
0.0193197
0
0
0.00237569
0.0148527
0.0165969
0.238115
0.40565
0.0693672
0.00774676
0.00067252
0.00395652
0.0190368
0.111362
0.353566
0.40565
0.256173
0.00640676
0.0208492
0.131431
0.200223
0.154366
0.133464
0.0880632
0.0592711
0.00570361
0.215237
0.212255
0.134679
0.0664121
0.0578974
0.0802775
0.0820016
0.2282
0.00282835
0.0221619
0.0252187
0.1053
0.26371
0.332541
0.365276
0.0305594
0.0794779
0.0554824
0.0159485
0.0437996
0.097357
0.236499
0.365276
0.365276
0.248215
0.0451545
0.0108045
0.00682459
0.00604019
0.0126488
0.0215149
0.406937
0.187409
0.00813517
0.00671479
0.0132256
0.0105398
0.0381371
0.167407
0.406937
0.163832
0.0146503
0.00158673
0.00454972
0.00732941
0.0338956
0.111911
0.406937
0.339831
0.0840502
0.0369721
0.0237609
0.0142895
0.0225712
0.0431122
0.406937
0.0566837
0.0183476
0.026263
0.0427095
0.0778046
0.193169
0.339846
0.210497
0.0257626
0.0185357
0.0475793
0.142811
0.207947
0.261721
0.214356
0.0334166
0.208605
0.267861
0.165041
0.102156
0.0836824
0.0924438
0.0737308
0.17869
0.0286291
0.346491
0.306376
0.292465
0.221446
0.123596
0.0423577
0.00201108
0.0153833
0.0310165
0.120314
0.221685
0.11976
0.0612487
0.0339945
0.0113937
0.00343559
0.0397146
0.211784
0.429132
0.138681
0.0120788
0.00301401
0.000998188
0.00643065
0.277451
0.429132
0.227582
0.114211
0.0378684
0.00838951
0.00103606
0.0165236
0.173195
0.429132
0.280474
0.0510769
0.0121744
0.00110994
0.000259016
0.00140753
0.0322363
0.199354
0.288878
0.09579
0.00766939
0
0
0.0885369
0.180055
0.288949
0.193954
0.0845499
0.00370118
0.0242551
0.00786034
0.026076
0.108461
0.332217
0.257147
0.0629859
0.0270792
0.00726146
0.00452278
0.114553
0.282824
0.418159
0.416854
0.130451
0.047011
0.0299817
0.0199685
0.000105947
0.004459
0.101644
0.323521
0.17639
0.115614
0.0419782
0.0142733
7.06315e-005
0.00797386
0.0433164
0.063076
0.220047
0.434426
0.171096
0.0196701
0.00717455
0.0269032
0.105676
0.434426
0.162961
0.036457
0.0337657
0.0205218
0.0170037
0.033088
0.0457636
0.111825
0.13721
0.434426
0.259744
0.0415084
0
0.00208727
0.00788326
0.00431769
0.0796819
0.36528
0.141397
0.00814582
0
0.000354481
0.00180419
0.00943563
0.0733347
0.378771
0.36384
0.0268378
0.00308511
0.00272947
0.00150905
0.0115678
0.0531368
0.378771
0.283495
0.0344982
0.000635484
0
0
0
0.0429583
0.378771
0.378771
0.0611189
0.000692859
0
0
0.00576502
0.0691795
0.200448
0.381239
0.0713548
0.0346314
0
0
0
0.0202439
0.0927058
0.381239
0.381239
0.00834187
0.00093486
0
0
0.0129721
0.120506
0.381239
0.141984
0.0390283
0.00176251
0
0
0
0.0296356
0.371356
0.381239
0.116645
0
0
0
0.000838034
0.0121099
0.108431
0.400369
0.332206
0.0806231
0.0193723
0.00453176
0.00201441
0.000682315
0.00904712
0.400369
0.146306
0.00207745
0
0
0
0.00207938
0.116481
0.400369
0.400369
0.0846115
0.00425796
0
0
0
0.0120179
0.366094
0.267384
0.327111
0.109312
0.0328533
0.0106662
0.0025434
0.000410113
0.152801
0.0811165
0.413714
0.246114
0.103474
0.041554
0.0144416
0.000123219
0.00382593
0.413714
0.291802
0.0339796
0.000902903
0
0
9.28564e-005
0.0915
0.19725
0.413714
0.129943
0.0163653
0
0
0
0.00637825
0.0151729
0.396932
0.288121
0.0534084
0.0223516
0.00911724
0.000191387
0
0.0196734
0.214675
0.37845
0.0887126
0.0147091
0.0115337
0.000812184
0.0221658
0.0439233
0.399139
0.200538
0.020997
0
0
0
0.00271242
0.0463204
0.399139
0.387284
0.0420152
0.0151061
0.00762203
0.00140251
0.0493652
0.0475864
0.0990363
0.194648
0.15072
0.0705595
0.0729719
0.0581962
0.0522066
0.148034
0.16281
0.228003
0.283828
0.172644
0.176431
0.125989
0.0587645
0.128374
0.278551
0.287752
0.113379
0.0719069
0.0490403
0.0721924
0.11654
0.225543
0.139724
0.157838
0.288391
0.211746
0.252308
0.285162
0.157205
0.102524
0.0740002
0.0331976
0.313345
0.129899
0.0391318
0.0490855
0.0745246
0.0996794
0.0410593
0.0140362
0.061519
0.0875943
0.280237
0.169589
0.116302
0.269016
0.298579
0.113256
0.270823
0.114983
0.170979
0.167845
0.117053
0.205326
0.227719
0.134401
0.1039
0.159789
0.387656
0.150206
0.136859
0.0332789
0.0120836
0.0250207
0.0336335
0.0807064
0.337408
0.277134
0.0501624
0.0641403
0.0115884
0.0275395
0.0331351
0.0807867
0.337969
0.433778
0.100339
0.101788
0.147997
0.171296
0.102121
0.128052
0.222234
0.106221
0.0333119
0.290008
0.224912
0.223034
0.11479
0.065515
0.182117
0.185373
0.0983548
0.0924241
0.012899
0.00363651
0.010697
0.0277115
0.129894
0.326998
0.229436
0.144188
0.0119885
0
0
0
0.0196716
0.299596
0.440787
0.253322
0.0953888
0.0843046
0.042788
0.0225571
0.117053
0.16184
0.207262
0.266035
0.0407244
0.016843
0
0.0071542
0.113941
0.331007
0.322653
0.171001
0.0147891
0
0.00147036
0.000699023
0.00376366
0.120207
0.417366
0.431654
0.121365
0.0326379
0.0104766
0.00820552
0
0.0163353
0.283365
0.284053
0.0317963
0.000951667
0.0345116
0.0398624
0.0455509
0.177121
0.235406
0.316309
0.243453
0.134391
0.1637
0.170243
0.0639434
0.117151
0.178898
0.376874
0.188096
0.0427685
0.0219346
0.0177264
0
0.00513189
0.0813442
0.247308
0.31973
0.112585
0.058842
0.0112883
0.0119017
0.0353806
0.0963942
0.250826
0.188418
0.166776
0.146388
0.215198
0.121907
0.119728
0.088301
0.252516
0.117624
0.228727
0.30505
0.180144
0.184301
0.195088
0.152578
0.0573407
0.310852
0.193145
0.0762575
0.0122301
0.0248284
0.0308037
0.0479946
0.0496689
0.416712
0.409853
0.0957546
0.0327385
0.0591373
0.076594
0.0391371
0.0701999
0.12232
0.204066
0.254598
0.0729914
0.121387
0.155947
0.103552
0.0318453
0.162198
0.254681
0.172663
0.168039
0.190143
0.263022
0.093032
0.0914795
0.235281
0.37278
0.14152
0.0226215
0.0230001
0.0507927
0.037066
0.11094
0.119427
0.292944
0.328174
0.0773814
0.0636683
0.117177
0.0669532
0.0436775
0.154069
0.290765
0.226033
0.230851
0.0868817
0.155313
0.0284542
0.060135
0.157533
0.271079
0.313009
0.189462
0.0182323
0.0443792
0.0162586