0.291487
0.0156833
0.00775265
0.0318872
0.169033
0.0211782
0.00799625
0.371259
0.344227
0.00565627
0
0.00428024
0.0830806
0.0458651
0.0214744
0.406216
0.186765
0.0225049
0.011629
0.0121341
0.0528924
0.0255053
0.031985
0.142998
0.383929
0.0988883
0.0735698
0
0.00487601
0.00637632
0.0262905
0.339271
0.0763096
0.0037807
0.000499766
0.0073137
0.00888492
0.0141832
0.0124183
0.0952777
0.166959
0.0961496
0.00395847
0.0344252
0.0101287
0.00254137
0.0202103
0.136488
0.108048
0.348609
0.143181
0
0
0
0.00294876
0.0874041
0.393879
0.673475
0.290521
0
0
0
0.0229707
0.076964
0.155443
0.124402
0.00506396
0.0157331
0.005147
0
0.00366
0.0765826
0.41734
0.191414
0.00334413
0.0185455
0.0152675
0
0
0.183724
0.329779
0.41734
0.0620775
0
0
0
0.00549
0.0512506
0.41734
0.41734
0.0152714
0.000995621
0
0
0
0.172379
0.380935
0.0515437
0
0.0121139
0.0121139
0
0
0.189758
0.343516
0.00157066
0
0.0127015
0.0127015
0
0.00959126
0.384139
0.384139
0.111583
0.0010596
0.000556739
0
0
0
0.236765
0.384139
0.00371608
0
0
0
0
0.0262314
0.384139
0.193219
0.0125621
0.00646591
0.0118611
0.0118611
0.00145227
0.0776115
0.398563
0.10867
0.0784554
0.0300455
0.114288
0.118803
0.142526
0.170265
0.313489
0.18975
0.00240629
0
0
0
0
0.164461
0.398563
0.0902947
0.0661802
0.00278791
0.0407533
0.0363352
0.095335
0.398563
0.398563
0.0371979
0.101104
0.0943057
0.22652
0.173054
0.170094
0.107542
0.0796071
0.0148444
0.129287
0.273171
0.181203
0.0407453
0.0184178
0.0129785
0.00222621
0.0479873
0.12773
0.0496495
0.0640394
0.0701139
0.280756
0.441499
0.180358
0.0475348
0.190659
0.117711
0.0289692
0.0357671
0.308614
0.441499
0.00748841
0.0303265
0.22041
0.546058
0.172164
0.00374901
0
0
0.00114675
0.0370665
0.162748
0.286352
0.0733322
0.00130503
0
0
0.00198959
0.18645
0.320103
0.172644
0.0180641
0.0151333
0.252645
0.325654
0.00624278
0.199565
0.199895
0.0853093
0.0141506
0.00304061
0.0160389
0.00983841
0.00776198
0.0232243
0.00111846
0.00288387
0.0028239
0.00566976
0.00277249
0.00347685
0.0214924
0.0484622
0.181376
0.341437
0.014697
0.000530036
0.000693123
0.00285784
0.0436671
0
0.00280084
0.120096
0.0903422
0.00880005
0
0
0
0
0.392096
0.710769
0.30548
0.0150239
0.00348469
0
0
0.0162856
0.285088
0.259771
0.00298065
0
0
0.000186043
0.0105139
0.0966632
0.404892
0.239968
0.000430808
0
0
0.00123508
0.00816156
0.000250051
0.28828
0.404892
0.0614003
0.00241459
0.0019734
0
0
0.0234234
0.404892
0.404892
0.024398
0.00123283
0.00049335
0
0.0010991
0.156126
0.364019
0.0688347
7.05831e-005
0
0
0.000555297
0.0163604
0.364019
0.364019
0.01653
0.000498791
0
2.8552e-005
0.000169116
0.0687004
0.103148
0.364019
0.291665
0.00884974
0.00102724
0
0
0.00422484
0.364019
0.364019
0.151479
0.0609223
0.0249801
0.00605406
0.000676462
0.10664
0.418157
0.165016
0.00112925
0.000841979
0
0.000139491
0.000826217
0.208165
0.418157
0.00674519
0.000160269
0.000801346
5.23567e-005
0.000192641
0.0549611
0.418157
0.384964
0.190333
0.0562603
0.104441
0.0628537
0.0137368
0.00330487
0.166478
0.205477
0.0758555
0.0199431
0.0308035
0.0232954
0.00423975
0.0367655
0.280761
0.0984033
0.000204668
2.98639e-005
0.00014932
6.41557e-005
0.0051051
0.200432
0.378797
0.0296798
0.00737005
0
0
1.60389e-005
0.0879751
0.378797
0.330581
0.146119
0.141978
0.0476684
0.00260038
0.00371674
0.0114481
0.149744
0.24122
0.261307
0.0982581
0.0458155
0.0504662
0.0344075
0.286101
0.378797
0.272056
0.00968013
0.00998694
0.00108895
0.000363274
0.00375484
0.155343
0.365526
0.0679102
0.010487
0.0177408
0.00275953
0.000544911
0.00866419
0.364451
0.365526
0.00239154
0.0649086
0.00498647
0.00433463
0.0457844
0.035202
0.365526
0.365526
0.0831467
0.00113417
0
0
0.0111126
0.0488032
0.365526
0.341224
0.000699202
0.0359708
0.022914
0.00170114
0.0010861
0.0146325
0.428613
0.281157
0.00102433
0.0447216
0.0214126
0.00175032
0.00540848
0.00993359
0.0997893
0.017802
0.0040272
0.00309515
0.000877944
0.000399594
0.00849001
0.165686
0.519735
0.260689
0.000611929
0.00596167
0.00207988
0.00162696
0.0223203
0.182583
0.519735
0.0372878
0.00379291
0
0.00196357
0.153892
0.120846
0.0145764
0
0
0
0
0.0651086
0.44058
0.314739
0.025183
0.002443
0
0
0.0636149
0.000490893
0.220777
0.402577
0.0600636
0.014959
0.0148391
0.0658282
0.00806455
0.00424779
0.44058
0.44058
0.0898093
0.00813556
0.00134132
0.0138997
3.17586e-005
0.0953769
0.375053
0.149638
0.0115448
0.00290126
0
0
0.00142589
0.289293
0.375053
0.121321
0.024301
0.00165745
0
0
0.000315584
0.0249973
0.375053
0.375053
0.0374983
0.00187718
0.000102059
0.00284026
0
0.0458959
0.375053
0.330805
0.115692
0.0438074
0.00129597
0
0.0326795
0.280131
0.333424
0.0931315
0.0476568
0.00496111
0
0.000228841
0.129155
0.333424
0.333424
0.132448
0.0618754
0.0171638
0.000212571
0.0501802
0.00115102
0.0363634
0.224211
0.19386
0.233307
0.184926
0.0518227
0.00634536
0.100118
0.222113
0.299549
0.109759
0.212465
0.251865
0.20528
0.0982963
0.0777958
0.183045
0.141907
0.125529
0.0488477
0.0128012
0.000834722
0.0430263
0.0710477
0.37899
0.124404
0.0320031
0.0162879
0.00228895
0.000556482
0.00625364
0.170622
0.451495
0.233701
0.0375468
0.0435293
0.0567558
0.100903
0.0722672
0.124455
0.451495
0.42511
0.0191992
0.00307881
0.00251531
0.00680666
0.00458461
0.121497
0.392224
0.142631
0.00940075
0.0207333
0.0117706
0.00642041
0.0313939
0.222324
0.203257
0.0812634
0.235116
0.135479
0.183519
0.109985
0.10706
0.0723184
0.392224
0.218972
0.112709
0.0907427
0.0402107
0.015692
0.0286926
0.0580536
0.202845
0.0529222
0.392224
0.316785
0.0845684
0.016605
0.052324
0.0584047
0.00715569
0.00722933
0.20501
0.132805
0.376977
0.184181
0.0465046
0.000590738
0.00042425
0.000706016
0.0349594
0.170696
0.376977
0.127181
0.000590738
0.00991528
0.00167569
0.0109151
0.376977
0.268994
0.161708
0.0183342
0.0098961
0.0011168
0.00106419
0.00516675
0.0821449
0.376977
0.376977
0.0189584
0.000438142
0.00047343
0.000738311
0.000694102
0.0166918
0.258703
0.41245
0.0342863
0.00047343
0.000391824
0.000184578
0.000511319
0.0398078
0.308268
0.369818
0.00823086
0.000443086
0.00386891
0.00664428
0.00762824
0.0831071
0.41245
0.264046
0.0023778
0.00124044
0.00250228
0.0072013
0.0104902
0.123347
0.41245
0.23189
0.0275678
0.0183782
0.0987588
0
0.0698835
0.37222
0.0926465
0.0613583
0.0453837
0.129282
0.0247311
0.00125731
0.143221
0.393489
0.138099
0.0159934
0.00404641
0.0404805
0.0945566
0.0353842
0.0615076
0.262095
0.393489
0.104289
0.0355838
0.101871
0.0661117
0.000948268
0.0362256
0.393489
0.393489
0.0563145
0.00283842
0.03516
0.00668773
0.00359164
0.198435
0.43839
0.151322
0.00281521
0.000603878
0.0146617
0.00537305
0.00334918
0.131361
0.327481
0.158132
0.0621138
0.00801167
0.00348556
0.0250863
0.00107734
0.0177526
0.43839
0.43839
0.0461659
0.00118279
0.0140831
0.0163723
0.040563
0.0872559
0.282686
0.263674
0.0390431
0.0135667
0.0101436
0.02418
0.00971971
0.016903
0.0664216
0.139414
0.208664
0.123748
0.0313421
0.261516
0.125379
0.0409729
0.0261516
0.102193
0.257015
0.344641
0.256245
0.0911824
0.233017
0.189842
0.0770231
0.0225033
0.0451715
0.0696223
0.0347652
0.355093
0.355093
0.170931
0.0174228
0.00555429
0.0551999
0.167969
0.326439
0.237816
0.346365
0.0956827
0.00159836
0.0107527
0.0328993
0.0964124
0.16415
0.133505
0.36319
0.186747
0.0112445
0.00471239
0.00129703
0.00467663
0.107543
0.36319
0.162791
0.0329804
0
0
0.00686945
0.0443537
0.36319
0.319633
0.114505
0.0243521
0.00513471
0.00505001
0.00350686
0.0573375
0.36319
0.0809188
0.305762
0.0884232
0.152792
0.0991735
0.0359491
0.0146544
0.105836
0.0857681
0.0554614
0.067449
0.379942
0.223392
0.0500991
0.0172719
0.106692
0.191521
0.0240499
0.00661789
0.0512817
0.0489593
0.131854
0.291867
0.379942
0.152846
0.0209996
0.0790392
0.173563
0.132411
0.281896
0.304226
0.214955
0.0301666
0.00479574
0.0601209
0.450376
0.201044
0.0306612
0.00404436
0.0297136
0.00530656
0.00358849
0.0154024
0.282232
0.450376
0.13164
0.00120781
0.001352
0.0567803
0.0183424
0.0901621
0.212867
0.115591
0.0851529
0.0476585
0.0384063
0.00454251
0.00482534
0.160876
0.450376
0.308318
0.0176446
0.00158742
0.0149472
0.0132663
0.0334465
0.0572604
0.205941
0.389012
0.0684265
0.00448626
0.00732873
0.0919904
0.108642
0.0892682
0.148665
0.389012
0.0890627
0.104533
0.0722284
0.00880607
0.0353546
0.143828
0.389012
0.230025
0.0722993
0.019357
0.053941
0.155976
0.168929
0.199582
0.363937
0.200761
0.105452
0.10863
0.0975782
0.138149
0.0559327
0.0757286
0.0697756
0.410172
0.104352
0.00329377
0.100125
0.033863
0.000731039
0.0206124
0.156575
0.41956
0.178091
0.000222587
0.00925029
0.0789586
0.0139832
0.0188738
0.0366826
0.302072
0.20724
0.00229898
0.0631288
0.00833493
0.000892585
0.00471846
0.0626524
0.41956
0.41956
0.0127477
0.00455772
0.00743775
0.000464597
0.00150675
0.122873
0.392429
0.189984
0.000762944
0.00151715
0.00352374
0.02497
0.0879253
0.205217
0.266328
0.144188
0.00474325
0.00284381
0.00154489
0.000535717
0
0.029375
0.334996
0.392429
0.0349292
0.000294885
0.00019659
0.002624
0.0322318
0.147301
0.380192
0.392429
0.1551
0.00120556
0.0246436
0.185897
0.250489
0.203559
0.0856358
0.0337702
0.0062792
0.00450158
0.231895
0.334004
0.223252
0.0885863
0.0346937
0.0331452
0.0299973
0.153273
7.04964e-005
0.0319932
0.0933487
0.186792
0.257148
0.334004
0.223234
0.0325243
0.137733
0.0806909
0.0864543
0.104199
0.0860752
0.221256
0.290418
0.334004
0.270237
0.0729538
0.0248999
0.00726789
0.00473046
0.0056227
0.0146879
0.363899
0.284112
0.000398828
0.00685358
0.000407852
0.0114078
0.0159941
0.091193
0.38109
0.252792
0.0215659
0.0106188
0.0109018
0.00781379
0.0265533
0.0702207
0.38109
0.38109
0.078315
0.0372766
0.000945321
0.0162663
0.0135204
0.0433869
0.38109
0.0983026
4.88197e-005
0.0323262
0.0230508
0.0709305
0.153476
0.261203
0.2876
0.0258725
0.00574065
0.0496796
0.100861
0.253632
0.30956
0.232252
0.0599187
0.208052
0.210089
0.200542
0.0580317
0.0957924
0.073452
0.0704922
0.177341
0.0584227
0.263928
0.323206
0.318584
0.260498
0.123339
0.0435005
0.0122981
0.00974386
0.015106
0.122085
0.140565
0.164227
0.0895496
0.0313923
0.00655625
0.000712074
0.0175094
0.380902
0.408287
0.0492316
0.00341849
0.00209261
0.0076338
0.00753726
0.221512
0.408287
0.263575
0.144673
0.0322594
0.00328471
0.00428135
0.000333516
0.15299
0.408287
0.276226
0.0168743
0.000736801
0.00267794
0
0.000953866
0.0370161
0.195382
0.366951
0.0710112
0.0382192
0.00896768
0.03422
0.0907874
0.0966763
0.129207
0.338831
0.0961812
0.0744662
0.0583911
0.167829
0.00364229
0.101088
0.366951
0.366951
0.0306001
0.00119997
0.00419073
0.00924744
0.115118
0.189176
0.245179
0.365705
0.0326799
0.017102
0.0340837
0.245423
0.00176147
0
0
0.0187416
0.154242
0.197083
0.0053063
0.00241922
0.00105321
0.000193938
0
0.0296078
0.376148
0.575471
0.102436
0.000765131
7.88465e-005
0
0
0.00334337
0.0239374
0.0434402
0.00132657
7.88465e-005
0.00337904
0
0
0.00902803
0.0759383
0.575471
0.238169
0.00337904
0.00130098
6.32359e-005
0
0.00888235
0.0957519
0.380675
0.0889125
0.00160423
0.00131707
0
0.000132776
0.0152533
0.106996
0.380675
0.356309
0.0110164
0.0028549
0
0
0.00185374
0.0185044
0.380675
0.325511
0.00772385
0.00620096
0
0
0.000247808
0.00399303
0.340801
0.380675
0.0644542
0.000975695
0
0.000404444
0.017961
0.0838483
0.287735
0.368229
0.082505
0.0860165
0
0.00026963
0.0111389
0.0221022
0.125039
0.335477
0.368229
0.0102584
3.91542e-005
0
0
0.00134354
0.104604
0.368229
0.183032
0.0861153
5.87314e-005
0
0
0.000335884
0.0210463
0.368229
0.368229
0.177728
4.68004e-005
0
0.00127927
0.00108214
0.0126682
0.0622714
0.375735
0.365824
0.0700339
0.015647
0.000246876
0.00190877
0.000743449
0.0132834
0.375735
0.246073
7.97096e-006
0
0
0
0.00175076
0.107984
0.375735
0.375735
0.0992674
0.00125099
0
0
1.66105e-005
0.00609339
0.375735
0.302431
0.291007
0.114022
0.0140393
0.0119269
0.00115895
0.00166454
0.142472
0.132865
0.369074
0.335299
0.104167
0.0275337
0.000426925
0.000529768
0.0108216
0.369074
0.332515
0.017425
0
0
0
0.00128121
0.130396
0.233918
0.369074
0.136104
0
0
6.57427e-005
0.00479846
0.0452799
0.0185014
0.367985
0.370572
0.0760316
0.0137979
0.000159965
0.00143969
0.00616678
0.000353634
0.216989
0.381932
0.062958
0.00377169
0.000179554
0.00127288
0.000162287
0.0636425
0.381932
0.209596
0.00190323
0.000737496
0.000239947
0.0035524
0.015393
0.0138058
0.381932
0.381932
0.00989038
0.00113835
0.000437687
0.00148534
0.000736034
0.00153991
0.205569
0.481284
0.224806
0.0105751
0.000360105
0.00129377
0.00184026
0.0341807
0.125434
0.353338
0.247369
0.0175609
0.00358235
0.00384203
0.0627488
0.00148644
0.383216
0.481284
0.04158
0.00132944
0.0017209
0.00187857
0.00133935
0.00165256
0.050538
0.189132
0.0450343
0.00517806
0.00509739
0.00628532
0.00276514
0.000661028
0.00147769
0.00619144
0.00616068
0.00525623
0.00316614
0
0.000661028
0.0953167
0.0388254
0.0247658
0.0178375
0.0177206
0.434466
0.245409
0.043793
0.000440685
0.00221653
0.0168243
0.0929863
0.0497969
0
0
0.000440685
0.569022
0.198846
0.336207
0.332075
0.156291
0.0322435
0.0196638
0.173455
0.0406728
0.00850519
0.00210784
0.0013268
0.00168202
0.248215
0.345797
0.0355716
0.0486382
0.00785371
0
0
0
0.237917
0.43904
0.109307
0.24448
0.0985477
0.0858075
0.0380951
0.0252782
0.0273107
0.0723554
0.119112
0.251318
0.303417
0.113344
0.00850365
0.0147767
0.118499
0.43904
0.185453
0.0312867
0.00379969
0
0
0
0.0490835
0.387642
0.202187
0.0863986
0.0014765
0
0
0
0.00420133
0.312725
0.387642
0.0860328
0.105464
0.0330951
0.000289853
0.00940596
0.150471
0.387642
0.23351
0.0734501
0.0104564
0.000643488
0
0.00521393
0.123384
0.305534
0.387642
0.211232
0.000463307
0
0
0
0
0.0806814
0.390944
0.390944
0.0726833
0.00546426
0
0
0
0.00290898
0.315975
0.218654
0.0115225
0.000941937
0
0
0.0191395
0.0635936
0.390944
0.390944
0.0595816
0.00843188
0
0
0
0.00246905
0.371037
0.379222
0.202675
0.0209592
0
0
0
0.000926772
0.137562
0.292575
0.379222
0.0957187
0
0
1.16966e-005
0.00381236
0.0985605
0.379222
0.172543
0.0297749
0
0.000140247
0.00236694
0.000794806
0.18456
0.379222
0.379222
0.063432
0
0.00467967
0.00808391
0.0015663
0.0980866
0.163461
0.477684
0.209581
0.000220866
0.00039209
0.000267432
0.00211016
0.0347229
0.0311111
0.477684
0.354291
0.00457903
0.00231055
0.00390793
0.000578689
0.000871819
0.18008
0.46252
0.0693071
0
0.00874097
0.0111255
0.00380972
0.0222202
0.0201334
0.208171
0.0434775
0.00200683
0.00961792
0.0194855
0.00864985
0.00185893
0.0141218
0.657163
0.658251
0.0308614
0.0073485
0.0197775
0.00395317
0.0105421
0.0159081
0.0346337
0.0957176
0.028337
0.00885014
0.0186874
0.0147993
0.014885
0.0135441
0.0889514
0.0440834
0.00633251
0.0190233
0.0468224
0.0290558
0.0198494
0.0221177
0.00651656
0.0174419
0.0101721
0.0125782
0.0232704
0.0351659
0.0320415