0.0299774
0.0265005
0.0268096
0.312717
0.341305
0.0872871
0.0530527
0.0211722
0.0529957
0.0372256
0.0260896
0.0984452
0.229145
0.0792406
0.0589289
0.0139195
0.0341817
0.0407889
0.034243
0.462561
0.46275
0.019554
0.00470588
0.000686006
0.0848135
0.26237
0.151594
0.169454
0.217785
0.0520016
0.0202305
0.00726466
0.0514091
0.0497224
0.0262773
0.0268603
0.0401398
0.0205127
0.0223219
0.0237651
0.135319
0.201884
0.0223995
0.039756
0.0184877
0.00355381
0.0208424
0.0525179
0.0908662
0.352187
0.218608
0.0212658
0.0444596
0.0229838
0.0118538
0.0118564
0.259842
0.724112
0.274313
0.0537479
0.0155467
0.00173043
0.00927639
0.0306048
0.170962
0.164121
0.0199997
0.0155208
0.0057579
0.00107214
0.00833787
0.051641
0.347814
0.169544
0.0392209
0.00426468
0.00091026
0.00128479
0.0118294
0.117763
0.31989
0.424339
0.0604354
0.0184706
0.000764734
7.3436e-005
0.0119116
0.0837856
0.559026
0.241339
0.00578756
0
0
0
0.0170696
0.235347
0.202048
0.0701141
0.0144356
0.00153574
0.00275305
0.00485349
0.0315533
0.188226
0.0843163
0.0143458
0.0132468
0.0174521
0.0173179
0.0326843
0.116317
0.364421
0.424684
0.110152
0.000632157
0
0
0.0020093
0.0470759
0.311266
0.192678
0.0214074
0
0
0.000215822
0.00951582
0.213704
0.574887
0.0679265
0.0279659
0.0131517
0.0127624
0.00809699
0.0267818
0.113262
0.258742
0.0829937
0.0321548
0.0180643
0.0110926
0.00337609
0.0390878
0.161565
0.130893
0.0952472
0.0207227
0.0008226
0
0.000138736
0.0318469
0.261413
0.540857
0.0784544
0.0316322
0.00545273
0.00264716
0.00612181
0.154967
0.527554
0.355348
0.0606455
0.0134144
0.0461253
0.0507722
0.0319006
0.0591264
0.118817
0.0663023
0.0163824
0.00739836
0.0381983
0.0693544
0.076212
0.0899198
0.045991
0.0225587
0.0589172
0.0103258
0.0102626
0.0142925
0.0416424
0.328539
0.643391
0.26485
0.030637
0.00337943
0.0052569
0.0207408
0.0538272
0.339414
0.38325
0.0707834
0.0580862
0.0912303
0.0980064
0.100264
0.142015
0.290856
0.121193
0.0702286
0.0872235
0.149259
0.140312
0.133428
0.169234
0.205196
0.119383
0.0950343
0.107238
0.0366836
0.0651152
0.0931167
0.118312
0.390477
0.265643
0.108082
0.0660875
0.104043
0.187718
0.243047
0.220154
0.1574
0.0462931
0.0621299
0.0295605
0.0321913
0.0224548
0.192442
0.264517
0.016918
0.00209064
0.000291436
0.0584484
0.283892
0.237894
0.0865179
0.113987
0.0133212
0.000417335
0.00897523
0.0310099
0.101708
0.106096
0.237028
0.217279
0.0154289
0.00546932
0
0.0537946
0.470482
0.536927
0.140658
0.086602
0.0080377
0.00402831
0.0353578
0.0292527
0.24476
0.227697
0.0191854
0.012677
0.00251448
0.000170644
0.00389715
0.0965956
0.415467
0.211773
0.0220213
0.00853174
0.00385898
0.000758568
0.0102491
0.0261019
0.298123
0.346295
0.0602497
0.013054
0.00149443
0.00033255
0.0144574
0.10087
0.473086
0.398434
0.0784804
0.0131039
0.00557287
0
0.00589506
0.183666
0.289744
0.0440868
0.0089164
0.00167897
0.00103266
0.00434878
0.0421788
0.45029
0.145085
0.0020486
0
0
0
0.0105422
0.147453
0.204446
0.45029
0.194012
0.0686772
0.00438768
0.0211455
0.0114069
0.0685515
0.412515
0.271622
0.0715673
0.0965676
0.0636477
0.0795017
0.0456275
0.158872
0.358237
0.0387698
0.000154359
0
0
0.000190745
0.0104126
0.25563
0.158762
0.012898
0
0
0
0.00187608
0.0720046
0.45915
0.277479
0.0943419
0.0246982
0.0376795
0.0452856
0.0249886
0.0145197
0.197997
0.23234
0.322497
0.129175
0.00503982
0.00163666
0.00748192
0.0484871
0.45915
0.0603279
0.0164393
0.00209636
0
0
0.0279256
0.169528
0.381237
0.0438467
0.0144898
0.00838544
0.00554617
0.00793382
0.112834
0.337863
0.211375
0.236401
0.259802
0.0806762
0.0225284
0.0427623
0.0819603
0.192377
0.295001
0.150907
0.0525621
0.0090883
0.0677833
0.0917898
0.269249
0.457227
0.137828
0.017157
0.00204782
0.00263919
0.00864589
0.0269149
0.187727
0.28549
0.118849
0.00329952
0.000309732
0
0.0058798
0.0320654
0.304682
0.260713
0.0237682
0.0266828
0.00126644
0.00205963
0.030606
0.0635183
0.307655
0.378762
0.0535842
0
0.00171988
0.00120067
0.00709225
0.135852
0.469138
0.417025
0.00603844
0.00921293
0.00207138
0.0106004
0.0248614
0.0505641
0.295554
0.127804
0.0216747
0.00980299
0.0129366
0.0358987
0.0461659
0.0649044
0.0524761
0.00203109
0.0199651
0.00063615
0.00136394
0.00759899
0.0164628
0.299089
0.716978
0.346841
0.0126948
0.0106773
0.0228339
0.0318317
0.0354389
0.156992
0.216878
0.0636182
0.0196763
0.0305662
0.0789092
0.127277
0.178937
0.0919353
0.00547672
0.00963197
0.0090962
0.0338336
0.251171
0.386511
0.138957
0.0260198
0.00716738
0.011704
0.0149109
0.0267411
0.0247656
0.160202
0.385104
0.226926
0.00732589
0.00849975
0.0296321
0.0212862
0.0787528
0.364033
0.493322
0.190387
0.0178928
0.00978145
0.0197547
0.0149831
0.139365
0.302454
0.0960479
0.00811965
0.00220803
0.00102086
0.00402616
0.0309267
0.30274
0.421932
0.251683
0.0427297
0.00455524
2.40513e-005
0
0.00258535
0.0294294
0.318744
0.324052
0.0581112
0.00576953
0.000680571
0
0.000821486
0.0453881
0.307597
0.356826
0.229058
0.109565
0.0306231
0.00112715
0.0569587
0.280645
0.286674
0.22736
0.0428646
0.0315567
0.00435048
0.0292053
0.0729059
0.281605
0.203147
0.199384
0.0760644
0.0695308
0.0171579
0.0570546
0.00545271
0.0598482
0.148821
0.228255
0.2121
0.266572
0.131091
0.0516076
0.0507796
0.427979
0.211393
0.125606
0.0712908
0.202702
0.134707
0.184351
0.0315175
0.280237
0.0859947
0.0552764
0.0367777
0.0149555
0.00450307
0.0212521
0.0857501
0.456566
0.23244
0.0111515
0.0087553
0.0145453
0.00916231
0.0778277
0.0469451
0.456566
0.226851
0.0244718
0.00936434
0.0158956
0.0121503
0.0496988
0.0764356
0.456566
0.306122
0.0542848
0.0789949
0.0266515
0.00732056
0.0531116
0.141407
0.295896
0.132887
0.075139
0.11312
0.0727228
0.0577524
0.107314
0.0904179
0.036828
0.0044897
0.17106
0.243189
0.212575
0.198857
0.0491719
0.0679934
0.265892
0.111948
0.253404
0.283322
0.0719617
0.0280492
0.0787518
0.031257
0.0327448
0.0263598
0.412816
0.421653
0.108322
0.0423482
0.0199424
0.0190996
0.00133188
0.000929803
0.0514549
0.156582
0.30978
0.197148
0.00856832
0
0.00654081
0.00687375
0.0032271
0.221154
0.329817
0.224191
0.00102565
0.00907433
0.00455717
0.00563752
0.139357
0.363835
0.296784
0.0346145
0.000831845
0
0.00840482
0.0150976
0.0944567
0.450872
0.353481
0.0791576
0.000683768
3.69426e-005
0.00395928
0.00589647
0.00443159
0.298151
0.372388
0.25939
0.00313227
0.00367487
0.0111296
0.00751985
0.0151497
0.1668
0.202049
0.0997059
0.00304044
0
0.00707513
0.0249998
0.104467
0.511769
0.301714
0.166201
0.0016695
0.023223
0.0304097
0.0498005
0.0833819
0.352269
0.180849
0.0767003
0.0104417
0.00245842
0.000522944
0.0372951
0.249816
0.257172
0.00824691
0.000812054
0.0062471
0.00163895
0.00222653
0.0802963
0.422259
0.250733
0.0234095
0.000541369
0.00416473
0.00446823
0.00102265
0.0254224
0.315831
0.306184
0.0655036
0
0.000496469
0.00297882
0
0.0215424
0.387251
0.461533
0.117106
0
0.00033098
0.000126628
0.0034062
0.0997475
0.436594
0.179795
0.00885016
0
0
0.00567488
0.0413255
0.0968462
0.204106
0.198977
0.126708
0.0589603
0.00469085
3.1657e-005
0.00151609
0.00795091
0.310144
0.500651
0.0754699
0
0
0.00787918
0.0811223
0.280439
0.318478
0.24853
0.0630465
0.0242328
0.00312723
0.048467
0.0749322
0.0304577
0.0331273
0.0924257
0.198948
0.182218
0.0624628
0.216059
0.334031
0.0620348
0.00975385
0.0200086
0.124685
0.177688
0.232573
0.14338
0.235618
0.319477
0.13254
0.0343825
0.0286398
0.0681132
0.0331449
0.432612
0.295059
0.139971
0.0325687
0.0127373
0.0112834
0.0621821
0.309371
0.149918
0.370789
0.108272
0.000591332
0.00104847
0.00723858
0.0133185
0.13749
0.142107
0.274862
0.106804
0.0386157
0.0592573
0.0110935
0.026813
0.195116
0.398718
0.0928566
0.0168851
0.00245072
0.00050851
6.84321e-005
0.00412722
0.398718
0.321832
0.0349059
0.00709276
0.0154305
0.0243447
0.0339214
0.161117
0.398718
0.106187
0.120148
0.0558361
0.183803
0.207358
0.05211
0.113454
0.163286
0.0615108
0.0652102
0.0573336
0.293043
0.232292
0.0498615
0.068823
0.0244855
0.149379
0.0254231
0.0106485
0.0647477
0.125928
0.285508
0.39295
0.411847
0.0586023
0.0382075
0.0385339
0.142084
0.210703
0.322703
0.150642
0.0388231
0.00950206
0.0114286
0.0132195
0.18235
0.284859
0.0827228
3.09941e-005
0.000415415
0
0.00167992
0.00773205
0.246215
0.485461
0.121518
0.00703749
0
0.00947321
0.00939997
0.0837791
0.32418
0.190912
0.0465007
0
0.000623123
0
0.00186965
0.0997742
0.485461
0.349954
0.0153783
0
0
0
0.00149566
0.0349806
0.212365
0.437202
0.104411
0.0123589
0
0.0248421
0.0386225
0.0775008
0.151542
0.283895
0.0782666
0.0355158
0.0196154
0
0.00704275
0.139177
0.478634
0.338279
0.0350114
0
0
0.0102306
0.0255672
0.148939
0.33523
0.25635
0.0688475
0.0606585
0.0299151
0.0250078
0.000931538
0.0376585
0.286621
0.275361
0.0993335
0.020008
0.00822649
0.0318405
0.000523054
0.0213046
0.215872
0.461577
0.243919
0.0298602
0.0192238
0.0328327
0.0166356
0.0296408
0.279891
0.243122
0.102126
0.0894935
0.0254395
0.0446414
0.013536
0.0275125
0.126062
0.245644
0.407854
0.206821
0.0719173
0.0071614
0.000336484
0.00611344
0.0698855
0.318572
0.216985
0.00685261
0.00349757
0.00089319
0.0150472
0.15929
0.263451
0.270804
0.248556
0.0053505
0
0.0111104
0.00172819
0.00890147
0.0251415
0.161093
0.40445
0.09669
0.0142649
0.00123898
0.00160916
0.0158271
0.0987714
0.241737
0.473339
0.276919
0.0192666
0.0546229
0.0877975
0.223063
0.189285
0.12165
0.117098
0.0218271
0.0243554
0.383894
0.130634
0.118605
0.0769788
0.0489455
0.0608068
0.0371998
0.266058
0.0215408
0.00693687
0.026209
0.0849549
0.153834
0.363245
0.229628
0.143892
0.316258
0.0219758
0.0235062
0.0449933
0.0540654
0.152438
0.178792
0.414441
0.305456
0.019308
0.00678453
0.00713898
0.0014813
0.00340503
0.00554486
0.309425
0.262144
0.0264697
0.0183257
0.0292318
0.029668
0.0228238
0.0926165
0.374825
0.350219
0.00628873
0.00296524
0.00475932
0.000987531
0.00510755
0.0196721
0.374825
0.374825
0.0701115
0.0410575
0.0229945
0.0193561
0.00284896
0.00956584
0.374825
0.106594
0.0465747
0.0761359
0.15291
0.119952
0.168713
0.181955
0.187754
0.0045533
0.0263861
0.118666
0.270621
0.17432
0.193379
0.0523323
0.00819433
0.370536
0.213585
0.236469
0.145813
0.0596423
0.0164028
0.0184324
0.172481
0.0595822
0.313943
0.414666
0.271802
0.0605846
0.0245785
0.00643355
0.0125886
0.000725021
0.0164463
0.261793
0.264854
0.0773152
0.0374132
0.00105049
7.99705e-005
0.00399027
0.0470731
0.272468
0.368743
0.0974946
0.0055689
0
0
0.00941205
0.206466
0.465947
0.162477
0.0233884
0.0107902
0.00157573
0
0.00680106
0.148253
0.465947
0.239739
0.0462502
0.00202436
0
0
0.00980858
0.112814
0.270363
0.39261
0.107645
0.00961795
0
0
0.0114901
0.0607975
0.221926
0.296417
0.0762855
0.0190228
0.0146965
0.00981331
0.0155097
0.211034
0.495721
0.365473
0.0693308
0.0143518
0.00164965
0.000525561
0.0160147
0.0780923
0.233367
0.219566
0.037249
0.0249856
0.00760858
0.00523891
0.00839838
0.0206225
0.0170318
0.328121
0.231949
0.0876364
0.0530485
0.012942
0.0104103
0.0210594
0.0180561
0.0864684
0.164462
0.433002
0.297045
0.0349483
0.0102728
0.0091658
0.0153455
0.43953
0.30995
0.025961
0.0068863
0.00788088
0.0187439
0.0138637
0.0116517
0.101922
0.143846
0.229112
0.274726
0.0331977
0.00310608
0.00508231
0.0032511
0.00856733
0.0620016
0.294515
0.21485
0.00728068
0.00871397
0.0061302
0.000656877
0.00372689
0.0517176
0.373087
0.428843
0.0571496
0.0036343
0.00384024
0.00188712
0.00854597
0.023495
0.220447
0.347931
0.0244979
0.0162451
0.00492673
0.000244166
0.00174111
0.00456911
0.234923
0.48567
0.15379
0.031226
0.000937366
0
0.000961044
0.0340768
0.179961
0.352819
0.171244
0.228766
0.00444257
0
0
0.00967538
0.056573
0.263885
0.438402
0.0243123
0.00238709
0
0
0.000356648
0.0694071
0.342152
0.187031
0.158858
0.00435168
0
0
0
0.0188524
0.274883
0.438402
0.268961
0.00524375
0
0
0
0.00129433
0.0350476
0.394905
0.394905
0.117362
0.0161157
0.00106
0.000246849
0
0.00229893
0.330673
0.232709
0.00596734
0
0
0
0.000654883
0.0397216
0.389352
0.394905
0.136155
0.00652852
0
0
0
0.00454027
0.26477
0.344951
0.323519
0.104398
0.014344
0.00138685
0
0.000890608
0.107327
0.106723
0.442014
0.255278
0.0374487
0.00236622
0.00146059
0.00401695
0.00975726
0.296878
0.314281
0.0443107
0.00381587
0.000423986
0
0.00636484
0.0716862
0.210176
0.433503
0.100839
0.00741585
0.000847589
4.80338e-005
0.00702511
0.0105273
0.0272251
0.309093
0.300557
0.0306171
0.003566
0.00190309
0.00334992
0.00303117
0.00574118
0.250452
0.433639
0.106749
0.0176912
0.00142538
0
0.000602612
0.0924932
0.445369
0.188386
0.00473512
0.000754758
0.000198407
0.00465536
0.0134169
0.0125511
0.366659
0.349965
0.0265072
0.00850641
0.00289119
0
0.0115773
0.00455934
0.273637
0.668286
0.282058
0.0922404
0.02325
0.0100279
0.00319478
0.00847446
0.0558355
0.149052
0.152525
0.0734108
0.0349256
0.0187817
0.0146932
0.00360228
0.22111
0.395009
0.0826818
0.0599359
0.0135181
0.00940976
0.0143327
0.00652502
0.0414015
0.0518592
0.107518
0.0862971
0.0128751
0.0142983
0.0188529
0.00701921
0.0020949
0.00875221
0.46891
0.270266
0.00994932
0.00273129
0.00296545
0.0237461
0.00359811
0.0154298
0.148487
0.110612
0.0591476
0.0811861
0.0234402
0
0
0.00317803
0.605919
0.375542
0.0102969
0.0015057
0.000506292
0.00881152
0.000303845
0.0384347
0.244343
0.137409
0.0278466
0.00805282
0.00460254
0.0177122
0.00248332
0.0144433
0.0393857
0.0471799
0.129489
0.336198
0.063016
0.0444426
0.00707239
0.00185868
0.0134097
0.0135895
0.211415
0.719509
0.352869
0.019282
0.0076278
0.0491605
0.0819321
0.0627931
0.0264966
0.0458313
0.0270748
0.0682771
0.0287005
0.0190098
0.0407101
0.0471912
0.0443983
0.154734
0.192427
0.0322818
0.00260981
0
0.002355
0.00101733
0.0892291
0.31508
0.288252
0.184074
0.00144608
0
0.000189552
0.000189552
0.0526883
0.232821
0.585841
0.0307389
0.00973167
0.00287096
0.012623
0.0183622
0.0330775
0.113773
0.204357
0.152188
0.0122266
0.0113831
0.00522079
0.0041143
0.0392024
0.153328
0.459282
0.277773
0.00834297
0
0
0
0.00477786
0.0357095
0.427942
0.497212
0.101586
0.0117502
0
0
0
0.0158373
0.287541
0.236517
0.0210233
0.00656927
0.00158217
0.000151646
0.00695595
0.0420519
0.292881
0.392868
0.127177
0.0152992
0.00901668
0.00178409
0.00111662
0.0163598
0.183025
0.432743
0.278553
0.104342
0.00212789
0.000236432
0
0.0354748
0.11882
0.387041
0.451278
0.155925
0.00395829
0.00248096
0.000846734
0.0103489
0.0497746
0.321701
0.235977
0.0571839
0.0150408
0.00495608
0.00335135
0.031593
0.0693082
0.228098
0.19298
0.0631408
0.012666
0.0127231
0.00644745
0.0180036
0.0498145
0.301647
0.650796
0.23933
0.00790026
0.0106086
0.00522644
0.00572729
0.0783551
0.0433723
0.361719
0.31115
0.0535897
0.0216224
0.00594215
0.00555698
0.0517589
0.188933
0.116576
0.0592772
0.0200509
0.0364272
0.025415
0.0195171
0.070033
0.0549884
0.0313968
0.108983
0.0744984
0.0348622
0.0233273
0.0247169
0.0385612
0.0401334
0.160592
0.357958
0.187871
0.153154
0.0204322
0.0273245
0.0544188
0.0611446
0.0462876
0.070808
0.281294
0.280715
0.0301306
0.0537794
0.0376949
0.0517148
0.0217472
0.263372
0.268071
0.100617
0.0354676
0.0632155
0.0428153
0.0536181
0.0401835
0.211418
0.306371
0.168457
0.0543899
0.0940061
0.0398888