0.315997
0.00626472
0
0
0
0
0
0.325169
0.44117
0.00265983
0.000563195
0
0
0
0
0.441353
0.167722
0.0064074
0.00151095
0.00297429
0.00398955
0.00410028
0.002168
0.1853
0.23723
0.207974
0.145766
0.0172289
0.000676842
0.00273352
0.00144533
0.254177
0.0988769
0.00786856
0.00050393
0
0
0
0.0068994
0.102655
0.145299
0.149834
0.0337887
0.0551336
0.0566494
0.0178737
0.0478291
0.0959835
0.0771911
0.389621
0.105179
0.00458729
0
0
0.00820997
0.0593478
0.319928
0.744806
0.104549
0.000805048
0
0.000287956
0.0324695
0.0468869
0.112199
0.163747
0.0262743
0.0383881
0.0713364
0.0273571
0.0351011
0.0526251
0.393084
0.267284
0.0353351
0.00995332
0.0423321
0.018238
0.0199802
0.0883497
0.277521
0.440864
0.0112996
9.3165e-005
0
0.000440738
0.0132065
0.0121943
0.440864
0.440864
0.00149772
2.32912e-005
0
0.000293826
0.00719623
0.0822044
0.33079
0.103787
0.0218115
0
0
0
0.000860982
0.142238
0.214172
0.0432233
0.0139636
0
0
0
0.0140573
0.419217
0.419217
0.0710534
1.60034e-005
0
0
0
0.000729266
0.260876
0.410415
0
0
0
0
0
0.02666
0.419217
0.0603522
0.0224607
0.00647917
0.000397807
0
0
0.0723853
0.402738
0.0109844
0.00894121
0.00767293
0.0022811
5.52967e-005
0
0.177825
0.254673
0.102642
0
0
0
0
0
0.221748
0.457017
0.00987173
0.000152356
0.000500599
0
0
0.00709727
0.457017
0.457017
0.0136594
0.00691267
0.00627539
0.00469335
0.00185317
0.000327037
0.16432
0.110763
0.0143635
0.0109102
0.0056576
0.00473256
0.00795155
0.00212351
0.0411524
0.0188765
0.00874037
0.000479729
0.000568613
0
9.705e-005
0.0829419
0.608178
0.345304
0.0113878
0.00829108
0.00392216
0.00105999
0.00214394
0.171001
0.608178
0.0512607
0.0581786
0.0629105
0.0469019
0.030028
0.0320982
0.00913796
0.0200772
0.0414979
0.0778847
0.0691111
0.0512063
0.0242177
0.0151303
0.00108424
0.0205035
0.0637547
0.0625832
0.0520076
0.0301834
0.0201148
0.0247621
0.389645
0.761205
0.060358
0.083409
0.0490493
0.0394574
0.0515462
0.037483
0.0349497
0.0336191
0.0341255
0.00834785
0.00703566
0.0107119
0.00580898
0.00315041
0.00239285
0.00179817
0.00492213
0.0110254
0.208427
0.325567
0.0124604
0.00127217
0.00159523
0.00119878
0.00536265
0.00757462
0.0201871
0.180033
0.0843968
0.0113983
0.00709056
0.00421595
0.00736038
0.0024359
0.459385
0.697003
0.210358
0.00853902
0.00387577
0.00225087
0.00275165
0.0098008
0.304071
0.208395
0.0021528
3.89519e-005
0
0.000325791
0.00132539
0.0965329
0.409458
0.134385
0.000332866
0
0
0.000788873
0.000721063
0.000902157
0.349346
0.409458
0.0362688
0.000274842
0
0
4.1799e-006
0.0435147
0.409458
0.409458
0.0150716
2.97586e-005
0
0
0
0.1762
0.391031
0.0230985
0.000253965
0
0
0.00183297
0.00222576
0.391031
0.362722
0.0029098
6.34913e-005
0
0
0.00341343
0.0489914
0.141222
0.391031
0.168508
0.0123543
0
0
0.000410621
0.0179193
0.3435
0.391031
0.0397821
0.0312065
0.0436136
0.00894959
0.0458822
0.103126
0.418868
0.0953209
0.000229108
0
0
0
0.00157285
0.22114
0.364248
0.00126521
0
0
0
0
0.051416
0.418868
0.359532
0.13084
0.00884514
0.0423675
0.0496232
0.00745671
0.0388609
0.151461
0.22168
0.113533
0.0342316
0.0124133
0.00617078
0
0.0583505
0.415105
0.0616673
0
0
0
0
0.0024633
0.239754
0.405724
0.0097788
0
0
0
0.000242386
0.0306839
0.405724
0.300437
0.0841862
0.139304
0.0464049
0.000766119
0
0.00692291
0.268237
0.304639
0.0783521
0.0798306
0.0210142
0.0113914
0.049656
0.202115
0.405724
0.252114
0.00323687
0
0
0
0.000738286
0.0929039
0.39046
0.0954316
0.000644603
0.000447724
0.000229543
6.34103e-005
0.00237049
0.285707
0.39046
0.0115831
0.0119132
0.00462318
9.94671e-005
0.00785612
0.0372633
0.331212
0.39046
0.0684008
0.00612525
0.00163915
0
0.00114239
0.0338406
0.39046
0.367131
0.0038909
0.00400009
0.00393259
0.000816457
0.000728224
0.0144332
0.362928
0.262187
0.00302994
0.0118512
0.00870633
0.00228814
0.00330137
0.0122604
0.0640778
0.0117471
0.00652698
0.00515258
0.00289578
0.000217377
0.00697139
0.117369
0.599519
0.276288
0.000208768
0.0100551
0.00936234
0.000869508
0.0222942
0.116659
0.520044
0.034339
0.00555763
0.0019136
0.00524389
0.171589
0.129091
0.0111191
0.00248528
0.0020294
0.00325802
0.00091847
0.0837162
0.438558
0.27084
0.00668503
0.000950328
0.000469273
0.00147432
0.00650927
0.00175081
0.23735
0.438558
0.0271636
0.000485498
0.011214
0.034978
0.00252793
0.00476397
0.438558
0.438558
0.0452801
0
0.00646345
0.00329944
0.000417803
0.117641
0.375934
0.111646
0.000430968
0
0
0.0003504
0.00880695
0.321783
0.375934
0.0989988
0.0190996
0
0
0
0.0014016
0.0163701
0.375934
0.375934
0.020641
0
0.00159852
0.00153642
0.00321363
0.0685896
0.375934
0.292919
0.153605
0.0339555
0.00838702
0
0.0592284
0.357754
0.279984
0.137989
0.0249973
0
0
0.0165783
0.109262
0.336165
0.146319
0.161132
0.0818828
0.0102586
0.0313258
0.0730654
0.0100083
0.118855
0.197877
0.286726
0.291442
0.143507
0.0709039
0.00290897
0.0757902
0.332891
0.166584
0.266317
0.187613
0.164545
0.147184
0.0627285
0.0550836
0.188422
0.0494919
0.106673
0.0828568
0.00846908
0.026196
0.0368645
0.0346073
0.45174
0.123706
0.0174684
0.0102956
0
0.00890383
0.0432088
0.07044
0.486278
0.159594
0.0953398
0.0461417
0.0320758
0.0429436
0.0464961
0.0388696
0.486278
0.381465
0.010382
0.0133763
0.000164076
0.0158507
0.0225026
0.0673502
0.349309
0.133344
0.00416427
0.00641152
0.0215802
0.0777221
0.0925161
0.0822013
0.154906
0.0585236
0.128008
0.18621
0.197908
0.297982
0.16965
0.0513196
0.37957
0.210833
0.0626076
0.102679
0.0558412
0.0853522
0.0679827
0.034012
0.113545
0.0902369
0.37957
0.374409
0.125458
0.119353
0.0623472
0.0101167
0.00988502
0.000986224
0.084394
0.139874
0.379987
0.244797
0.0382124
0.00420506
0.0011253
0
0.0172805
0.132538
0.381423
0.143944
0.000218312
0.00125995
0.0090062
0.014852
0.316207
0.284159
0.243374
0.0641376
0.00541828
0.000980422
0.000623904
0.00242908
0.0837164
0.381423
0.381423
0.0554642
0
0.00146639
0.00042324
1.58005e-005
0.0177796
0.198199
0.398228
0.0386426
0
0.00239022
0.00137746
6.32021e-005
0.0248526
0.218036
0.351509
0.0105022
0.00197546
0.00357804
0.00227694
0.00650525
0.059761
0.398228
0.366728
0.00733932
0
0.0189677
0.00151796
0.00558833
0.0627164
0.398228
0.355935
0.0173048
0.0489217
0.0126745
0.000850912
0.123139
0.397566
0.0554972
0.0242181
0.0782672
0.0997767
0.000711599
0.00149671
0.173941
0.401899
0.11576
0.00381772
0.0344813
0.00989521
0.0338247
0.0300019
0.0444611
0.304267
0.315557
0.101798
0.09784
0.119211
0.0267865
0.0065357
0.0505857
0.401899
0.401899
0.0502572
0.0351302
0.0123761
0.000624734
0.00193425
0.23382
0.445154
0.112858
0.000273846
0.0126964
0.004904
0.00424792
0.0133287
0.158062
0.310177
0.189944
0.0775894
0.0272758
0.00297493
0.012739
0.00415275
0.0397931
0.445154
0.445154
0.0482817
0.0153702
0.00595426
0.0125147
0.06523
0.101982
0.252365
0.209359
0.0472394
0.0265424
0.0048118
0.0126764
0.0265
0.0297237
0.0844586
0.233308
0.224208
0.196485
0.0120828
0.136874
0.180354
0.0465043
0.0666419
0.12738
0.216761
0.336231
0.162911
0.0626647
0.266595
0.14251
0.0432287
0.0403095
0.0839441
0.139881
0.0153015
0.378824
0.378824
0.0819054
0.00829509
0.00920281
0.0655903
0.219523
0.278309
0.105799
0.38351
0.111895
0.0108148
0.00965392
0.0229127
0.0568455
0.0972487
0.0715517
0.38351
0.20251
0.013172
0.0134608
8.64161e-005
0.0151165
0.076426
0.34542
0.194404
0.0508685
0.000529242
0.000473053
0.00372073
0.0331556
0.346827
0.333555
0.17785
0.050914
0.0120504
0.0114238
0.00619835
0.0647447
0.38351
0.0655054
0.271022
0.106045
0.110551
0.154674
0.0365442
0.0651071
0.0815165
0.0879421
0.0871312
0.0819169
0.391494
0.291359
0.0553176
0.0525762
0.0338012
0.176874
0.0585486
0.0118045
0.0595438
0.0869274
0.103974
0.297351
0.391494
0.165936
0.0722301
0.0413365
0.202699
0.160552
0.224677
0.285988
0.157089
0.0248299
0.0240428
0.0375271
0.354566
0.225093
0.0623445
0.00659681
0.00300827
0.00772186
0.00862671
0.00722988
0.207501
0.446128
0.179281
0.00511409
0
0.0541525
0.0332478
0.0453247
0.25639
0.123904
0.0664245
0.0332839
0.0215918
0.00801659
0.0124118
0.0763672
0.446128
0.446128
0.0340904
0.00514355
0.00715174
0.0205661
0.0355882
0.0267279
0.132902
0.401637
0.134883
0.000687331
0
0.107005
0.0803073
0.0527166
0.105643
0.401637
0.157348
0.0271641
0.180347
0.0190909
0.0484793
0.0710139
0.401637
0.327608
0.062566
0.0175395
0.0241394
0.136052
0.142808
0.117903
0.230365
0.261676
0.0740383
0.0533792
0.213574
0.117811
0.047019
0.0227856
0.130931
0.335616
0.122168
0.0166559
0.114022
0.0249986
0.00435498
0.0191059
0.230691
0.400831
0.182576
0.00398096
0.00205712
0.145934
0.0170946
0.0184751
0.0425434
0.336561
0.239603
0.00983809
0.0976814
0.0115769
0.00632276
0.00987054
0.10488
0.400831
0.400831
0.0284376
0.00209767
0.00628148
0.00207475
0.00523599
0.14842
0.395219
0.188943
0.00312778
0.00059921
0.00724554
0.0412927
0.088614
0.167168
0.277318
0.103044
0.00774202
0.000680658
0
0.00286003
0.0011588
0.0438601
0.326339
0.395219
0.0395191
7.27779e-006
0.00314965
0.00893873
0.0326376
0.147344
0.395219
0.395219
0.142378
2.91112e-005
0.0437334
0.20135
0.191442
0.171488
0.112619
0.0161998
0.0124136
0.00160089
0.303095
0.26951
0.137074
0.0825499
0.0346317
0.0187768
0.023726
0.177692
0.0166337
0.0424988
0.0911681
0.2087
0.338458
0.347186
0.187736
0.010703
0.206266
0.0656399
0.0986854
0.112151
0.127835
0.256919
0.244138
0.290712
0.318002
0.0519555
0.0181655
0.00800146
0.00188705
0.00285978
0.00549002
0.330569
0.296639
0.00952246
0.00330571
0.00533383
0.0171662
0.022432
0.0784694
0.372873
0.298152
0.0129684
0.0171515
0.010881
0.00902306
0.0325404
0.0516637
0.372873
0.372873
0.0471986
0.0245448
0.0177193
0.0153495
0.0186024
0.035982
0.372873
0.100811
0.00646047
0.00609831
0.0260932
0.103776
0.171416
0.247554
0.284211
0.031609
0.0100244
0.0172887
0.0716632
0.289262
0.336489
0.211759
0.069845
0.221658
0.131141
0.135387
0.0927663
0.130861
0.115365
0.0768846
0.161632
0.0459498
0.160749
0.319139
0.260849
0.354686
0.192887
0.0438154
0.00731223
0.011486
0.0119883
0.102933
0.151625
0.153067
0.0939964
0.0269208
0.00922008
0.000629956
0.0093919
0.270259
0.429218
0.0940989
0.0116191
0.00373357
0.00435375
0.00387305
0.15686
0.429218
0.196828
0.186203
0.0512277
0.00446315
5.8507e-005
0
0.108989
0.429218
0.37769
0.0230099
0.00568353
0.00066646
1.46267e-005
0.00430112
0.0083849
0.153123
0.388572
0.0902256
0.0296231
0.0175856
0.0229845
0.118829
0.0297065
0.125634
0.178025
0.117434
0.0415824
0.0759022
0.267553
0.00465917
0.0233851
0.388572
0.365742
0.0213232
0.00522642
0.00608297
0.011218
0.144468
0.0294574
0.388572
0.23556
0.016154
0.0152903
0.0448839
0.324194
0.0348301
0.0115794
0.0117326
0.00844331
0.186982
0.232766
0.0288166
0.0187373
0.00318526
0.00453159
0.00683077
0.0300107
0.365476
0.527825
0.15307
0.00145235
0.0132369
0.0228999
0.00912541
0.000733604
0.0264583
0.0932535
0.0238348
0.00696743
0.00361659
0.00391052
0.00219389
0.000108483
0.0895288
0.527825
0.349146
0.0101898
0
0.000705546
0.000934432
0.00890551
0.0954738
0.37675
0.105123
0.000165423
0
0
0.00177051
0.0249383
0.104331
0.37675
0.348047
0.000874396
0.000398609
0.000112528
0.00138976
0.00125924
0.0243164
0.37675
0.361585
0.00419447
0
0
0.00520229
0.00306126
0.00449333
0.33115
0.37675
0.0308481
0.00227046
0.000122767
0.00305967
0.0281389
0.101109
0.315842
0.375368
0.0346066
0.113959
0.000491068
0.00599684
0.0124298
0.0380353
0.155384
0.315868
0.317274
0.00797703
0
0.00240628
0.00112747
0.00168747
0.135276
0.375368
0.120373
0.120214
0.000536267
0
0
0.000421867
0.0266477
0.375368
0.375368
0.222074
0.000154434
0.00149197
0.00121015
0.00292159
0.0161752
0.0510652
0.375786
0.375786
0.0395099
0.0134096
0.00477986
0.00161393
0.00102705
0.00163161
0.353307
0.267495
0.000375335
0
0
0
0.000427638
0.0511183
0.375786
0.375786
0.061132
0.00010973
0
0
0
0
0.375786
0.261137
0.209218
0.102023
0.029768
0.02068
0.00592793
0.0027452
0.133291
0.0598266
0.399893
0.341165
0.107892
0.0702262
0.00787584
0.000686299
0.013833
0.399893
0.351715
0.0184615
0.0020797
0
0
0
0.150354
0.173655
0.399893
0.157046
0.00935588
0.00179135
0
0
0.0283915
0.00500686
0.297325
0.39094
0.0635878
0.0313301
0.00235526
0
0.000831489
0.001166
0.181165
0.395609
0.0712903
0.00594786
0.000633269
5.95395e-005
0.000554326
0.0431431
0.395609
0.219827
0.00624052
0.00115534
0
0
0.00357038
0.0132628
0.395609
0.395609
0.0124237
2.05842e-005
0
0
0.0022173
0.000895154
0.110231
0.490322
0.175652
0.00723612
0.00061811
0.000143943
0.00183763
0.0370655
0.0377546
0.472179
0.170796
0.000927636
0.0100542
0.0104405
0.0727023
0.00333471
0.341129
0.490322
0.0576899
0.000654131
0
0
0.000324827
0.00918517
0.0383222
0.205198
0.0618845
0.00227819
0.000394441
0.00237451
0.00685544
0.0567975
0.049402
0.00610057
0.000990923
0.00278435
0.0349196
0.0404948
0.096693
0.0214889
0.0216157
0.000356195
0
0.036452
0.557246
0.459261
0.109112
0.0518497
0.0272997
0
0
0
0.0794235
0.392139
0.264533
0.0204584
0.0225791
0
0
0.00992711
0.147131
0.273172
0.195013
0.00259897
0.00193067
0.000318862
0.000243836
0.00846577
0.330273
0.463461
0.0315103
0.00102069
0
0.00402123
0.00188415
0.000447161
0.232377
0.494024
0.130145
0.0149552
0.00236818
0
0
0.00581452
0.0691963
0.137466
0.0605297
0.0166718
0
0
0
0.00493559
0.0616395
0.494024
0.188323
0.00939038
0
0.00173474
0.000758931
0
0.0265817
0.421206
0.214172
0.084705
0.00211572
0
0
0
0.00238465
0.259996
0.421206
0.00797645
0
0
0
0.000842073
0.00909381
0.409216
0.314062
0.0930215
0.00141048
0
0
0
0.000603523
0.172432
0.421206
0.190698
0.00132557
0
0
0
3.58596e-005
0.0261585
0.394845
0.394845
0.0335985
0
0
0
0
0
0.293572
0.247244
0.000883714
0
0
0
0
0.013206
0.394845
0.394845
0.0133303
0
0
0
0
0
0.389161
0.398127
0.1907
0.00117404
0
0
0
0
0.087465
0.293478
0.398127
0.0348124
0
0
0
0
0.015785
0.398127
0.125636
0.000194075
0
0
0
0
0.141033
0.398127
0.398127
0.0197185
0.000122731
0.000137433
0.000500479
7.40936e-005
0.0196607
0.143092
0.481835
0.130113
0
0
0
0
0.00305428
0.0436969
0.481835
0.339119
0.00301401
0.000107997
0
0
0.00340436
0.207875
0.481835
0.0551227
0.00315045
0.000850981
0.00109021
0.000161401
0.00772021
0.0469938
0.221827
0.0602368
0.00716487
0.00178027
0.00136759
0.000635361
0.0114965
0.022971
0.648135
0.659157
0.0455693
0.00389394
0.000557517
0
0.00333677
0.0125047
0.053842
0.112862
0.0494216
0.0164775
0.00343317
0.00716227
0.0122879
0.0265981
0.117616
0.086583
0.016204
0.00981531
0.00949159
0.00453193
0.0166644
0.0145438
0.0231224
0.0349381
0.0191523
0.0318512
0.0218802
0.00882818
0.0160623