0.20587
0.239773
0.120068
0.0352851
0.0408195
0.0506209
0.0316511
0.0650842
0.107021
0.0468085
0.0714489
0.206035
0.201608
0.122428
0.0306995
0.0801424
0.239979
0.20714
0.0357235
0.137034
0.272475
0.153925
0.146532
0.136308
0.0136655
0.00774313
0.0455508
0.475442
0.442315
0.137151
0.043503
0.0238853
0.0235746
0.0245095
0.116672
0.308579
0.256731
0.109858
0.0190556
0.0309613
0.069312
0.113589
0.190301
0.206285
0.163025
0.067752
0.0218552
0.0362563
0.0239165
0.0261027
0.09776
0.471223
0.276697
0.0626459
0.0247918
0.041323
0.229981
0.211791
0.339657
0.236408
0.141571
0.0326124
0.0371047
0.139285
0.0796283
0.124868
0.227433
0.109138
0.0373379
0.00608233
0.00889469
0.0250779
0.147365
0.197196
0.260273
0.0915045
0.0257505
0.00854263
0.0886638
0.0645072
0.287683
0.282598
0.285509
0.158636
0.0461515
0.0464741
0.0777263
0.164298
0.429452
0.276033
0.233347
0.100282
0.0367482
0.113835
0.206503
0.141281
0.131559
0.0965145
0.093812
0.028421
0.041543
0.0344784
0.1531
0.0896539
0.0912245
0.0652167
0.0416633
0.144184
0.141797
0.0722752
0.0971036
0.104261
0.457309
0.123797
0.114727
0.0227057
0.01911
0.0350185
0.0789601
0.211147
0.451044
0.115656
0.0404365
0.0377862
0.049672
0.00599631
0.0334538
0.531211
0.109416
0.0640558
0.0213522
0.122975
0.0865221
0.057337
0.103137
0.109708
0.150614
0.0506553
0.0708806
0.0793897
0.0550961
0.0666274
0.15326
0.129146
0.308721
0.129072
0.0210559
0.0223258
0.0248372
0.019684
0.23192
0.378538
0.146423
0.0454409
0.0290775
0.0496057
0.00524202
0.154738
0.570924
0.32661
0.0573867
0.060216
0.119268
0.114649
0.0513743
0.0456385
0.0542309
0.036227
0.0412343
0.127906
0.195199
0.31679
0.194615
0.137902
0.122115
0.031454
0.0414709
0.0515467
0.162642
0.240205
0.0170249
0.12939
0.280237
0.174343
0.185309
0.373084
0.308434
0.305917
0.215565
0.11267
0.102545
0.138335
0.0225393
0.149012
0.14094
0.134851
0.155897
0.178569
0.188116
0.016937
0.0332082
0.139524
0.203989
0.119977
0.214038
0.21115
0.180624
0.0152109
0.164287
0.35702
0.238296
0.0510976
0.129458
0.0955455
0.126901
0.0614211
0.239478
0.282859
0.406494
0.0927748
0.105774
0.0513293
0.0967396
0.086835
0.0842249
0.0411331
0.00250456
0.287828
0.244102
0.0645986
0.0576336
0.0443687
0.000748258
0
0.0113798
0.444924
0.290502
0.0337886
0.0117289
0.00345564
0.0119469
0.00315706
0.00965051
0.444924
0.24121
0.0116607
0.0144495
0.0143386
0.00318303
0.0111085
0.0331535
0.444924
0.235316
0.0052764
0.00363529
0.00234685
0.0106226
0.00831682
0.0515353
0.336765
0.177322
0.0330029
0.0199653
0.0259635
0.108931
0.0949206
0.237331
0.309339
0.130039
0.033414
0.0460439
0.0843127
0.023973
0.11549
0.201217
0.425436
0.152724
0.0160061
0.0258943
0.00741489
0.119451
0.247389
0.400025
0.279028
0.148638
0.0227107
0.0519016
0.00924775
0.145245
0.152319
0.161289
0.158416
0.0740295
0.0564166
0.0598487
0.0984449
0.287263
0.178941
0.114556
0.0387376
0.0185158
0.102287
0.0884868
0.118662
0.178715
0.30644
0.204442
0.107287
0.0859694
0.0229689
0.0322894
0.0146221
0.474527
0.474527
0.163899
0.0280802
0.00853195
0.0278058
0.00862829
0.0814745
0.297295
0.0621276
0.0261653
0.00479447
0.0016035
0.0187726
0.0216665
0.115241
0.285211
0.0234237
0.00549676
0.00177545
0
0.00059846
0.0184298
0.304288
0.453554
0.170544
0.0300218
0.00856672
0.000217801
0.0145238
0.00195313
0.15822
0.453554
0.0221373
0.00213527
0.00526057
0
0.00745424
0.0149573
0.453554
0.161657
0.022831
0.00730214
0.00319691
0
0.00542478
0.0970595
0.283751
0.0654917
0.0150791
0.00920013
0.0351888
0.0134575
0.0996495
0.264878
0.248934
0.263102
0.0240897
0.00274673
0.00158603
0.0030678
0.0159159
0.104154
0.487716
0.0971096
0.0228844
0.00227578
0.0155389
0.0522277
0.213576
0.349891
0.432786
0.00982683
0.00836304
0.0531791
0.130575
0.0363338
0.151127
0.179184
0.154016
0.122306
0.122963
0.0957476
0.145218
0.189393
0.20965
0.128874
0.114469
0.0148012
0.00348823
0.00600142
0.0234556
0.0599719
0.323568
0.34938
0.134797
0.0998789
0.00862781
0.00400094
0.0243914
0.110108
0.368584
0.503703
0.136602
0.188663
0.172306
0.0588726
0.0172667
0.0998127
0.0787681
0.0715542
0.14816
0.366608
0.164787
0.0855814
0.00689627
0.0307234
0.0156195
0.0311124
0.342453
0.187468
0.031929
0
0.00508394
0.0396
0.108296
0.266783
0.284904
0.371132
0.0499275
0
0.000143612
0.00479734
0.0193694
0.0926734
0.451316
0.00794806
0.0105528
0.0437296
0.44654
0.161608
0.00309662
0.0125782
0.0180684
0.0032318
0.0196408
0.0507466
0.44654
0.125498
0.00810791
0.0104168
0.0209448
0.0141842
0.0272635
0.062444
0.44654
0.260453
0.0185469
0.00494305
0.0226492
0.000614613
0.0250133
0.124411
0.44654
0.138656
0.0248577
0.0105116
0.0245434
0.0231255
0.122893
0.122653
0.241194
0.0668183
0.0233962
0.0295642
0.053356
0.0685101
0.285295
0.37197
0.0875937
0.0260037
0.0124152
0.0168095
0.0248526
0.00738529
0.0528863
0.111751
0.332029
0.118182
0.0490824
0.030031
0.0651591
0.0196744
0.157092
0.512542
0.416909
0.0842464
0.02909
0.0144098
0.0335601
0.0541023
0.252899
0.218727
0.0503899
0.0092974
0.00125956
0.00314346
0.00137442
0.203115
0.390085
0.186548
0.121675
0.0206494
0.00948194
0.00253012
0.0565636
0.00790879
0.16922
0.386685
0.227727
0.073019
0.0173065
0.000428372
0.00206163
0.0320274
0.227385
0.34657
0.371925
0.20293
0.0664031
0.0496441
0.0481289
0.305643
0.17604
0.0962372
0.0908812
0.0629332
0.0381346
0.00446071
0.148781
0.317865
0.109523
0.0426181
0.0484762
0.0437129
0.0261637
0.00913314
0.296098
0.0367508
0.145689
0.364641
0.239767
0.19309
0.0509434
0.0667218
0.0817013
0.170919
0.434271
0.272735
0.100127
0.103535
0.0233135
0.0233313
0.0440067
0.159869
0.161943
0.0751813
0.0184719
0.00734398
0.0197018
0.0648785
0.291384
0.146629
0.0928932
0.056689
0.0633652
0.0814208
0.213395
0.251838
0.206432
0.202158
0.43797
0.208217
0.0701827
0.0299562
0.025495
0.0322358
0.0356824
0.187414
0.185363
0.154979
0.403599
0.170164
0.160321
0.110307
0.0757768
0.033594
0.0076933
0.00798687
0.0560168
0.0749819
0.23647
0.258342
0.0758655
0.0256971
0.0265268
0.00658588
0.0412744
0.125302
0.203731
0.277004
0.0456284
0.0422268
0.00987676
0.0374103
0.323597
0.300845
0.285709
0.116449
0.0451997
0.0111392
0.0220315
0.0106058
0.117968
0.432933
0.417445
0.0859007
0.0132034
0.166932
0.0706139
0.018811
0.0476253
0.0805227
0.0747001
0.183997
0.151857
0.351035
0.0470069
0.0170661
0.0345502
0.0151198
0.0493841
0.115633
0.445673
0.103463
0.0758598
0.0305264
0.142889
0.445673
0.19573
0.0322074
0.0327622
0.217299
0.0650542
0.0897844
0.210935
0.278556
0.0932392
0.0513471
0.200271
0.00406873
0.00690898
0.0176827
0.429898
0.259635
0.0225742
0.00341507
0.0111797
0
0.0125432
0.0707858
0.381067
0.155696
0.0271384
0.00763164
0.00248027
0
0
0.0263149
0.429898
0.28787
0.0339847
0.00593921
0.00155179
0
0.0325439
0.065068
0.41517
0.284091
0.0263185
0.0131988
0.00181447
0.000311589
0.0147126
0.0790798
0.239151
0.114117
0.0202068
0.00910536
0.0060913
0.00124635
0.0157407
0.25081
0.483354
0.139359
0.00966588
0.00209431
0.00349805
0
0.0319908
0.0759746
0.187123
0.204146
0.0503421
0.0347777
0.00767411
0
0.00274662
0.0387568
0.483354
0.483354
0.0464928
0.0216825
0.00511607
0.00372315
0.0308707
0.202092
0.349513
0.130577
0.0540051
0.00573657
0.00140571
0.0124658
0.0753586
0.157926
0.208023
0.272127
0.227515
0.141029
0.0400164
0.0103256
0.0505309
0.102701
0.348845
0.302427
0.0506098
0.00933244
0.00157533
0.12154
0.437427
0.215834
0.146666
0.10866
0.170349
0.0771397
0.0313305
0.0175944
0.0750236
0.179711
0.126983
0.175279
0.0848744
0.114329
0.0584643
0.213917
0.361694
0.209828
0.054697
0.0855625
0.0100968
0.0287423
0.0767781
0.188712
0.330823
0.0925725
0.0695271
0.087622
0.0747477
0.054521
0.191653
0.362682
0.194904
0.0648694
0.0211099
0.0533722
0.00884108
0.163208
0.441218
0.232483
0.326508
0.0963192
0.0324316
0.0799617
0.0664149
0.0309847
0.0542308
0.11906
0.0796925
0.094348
0.372761
0.163771
0.120296
0.0572389
0.040543
0.300298
0.0905569
0.0171037
0.0238309
0.108277
0.135334
0.229986
0.359284
0.203212
0.0424321
0.0980984
0.275808
0.222298
0.207932
0.124234
0.0952675
0.0188552
0.0011565
0.0414469
0.281403
0.24768
0.163438
0.0142412
0.00685214
0
0.000979576
0.00223995
0.116167
0.418591
0.308033
0.0131349
0
0.0382776
0.0192004
0.0954644
0.277136
0.214389
0.0889147
0.0140888
0.00662709
0
0
0.0720634
0.409863
0.418591
0.122358
0.000619056
0
0.0114158
0.00807053
0.00560328
0.159334
0.435293
0.137103
0.0343686
0.0097488
0.0754901
0.0341936
0.0773225
0.176869
0.323336
0.040693
0.0465921
0.0587796
0.0510969
0.00947973
0.0319666
0.298542
0.433888
0.0553351
0.0693418
0.0658599
0.239117
0.0746502
0.0532836
0.100423
0.193484
0.0258591
0.142634
0.371996
0
0
0.0154065
0.440707
0.210664
0.0276315
0.00326017
0.000878847
0
0.0259809
0.0596759
0.299352
0.263896
0.0325927
0.0172424
0.00331027
0
0
0.0143068
0.440707
0.252382
0.011384
0.00172815
0.00337053
0.00559627
0.0135236
0.0444032
0.436121
0.310525
0.0478943
0.0467434
0.0195103
0.000767236
0.0219037
0.050563
0.103724
0.249367
0.0798012
0.0613921
0.0112659
0.00528483
0.00172371
0.00997185
0.158046
0.464249
0.21274
0.0552666
0.00856407
0.017441
0.0351445
0.0228903
0.199366
0.291015
0.103009
0.14615
0.0540259
0.0278082
0.0250762
0.0079575
0.118498
0.30223
0.464249
0.304119
0.0509285
0.0101043
0.045132
0.0775965
0.193635
0.271671
0.139459
0.0233259
0.00888327
0.106873
0.326963
0.16813
0.330855
0.0679494
0.0417178
0.0307948
0.0456078
0.0371121
0.0163024
0.0295972
0.111897
0.161218
0.394224
0.247184
0.0635122
0.0974546
0.0903269
0.118478
0.338956
0.127802
0.223199
0.18052
0.217373
0.189523
0.215697
0.0550494
0.119448
0.0258405
0.0105032
0.0384562
0.181134
0.286229
0.0576721
0.0189437
0.00577114
0.0148012
0.00125533
0.157567
0.426877
0.19834
0.0636616
0.0858216
0.148554
0.0446578
0.0784031
0.107796
0.294307
0.396875
0.0444031
0.0402172
0.00671663
0.0187921
0.00856264
0.0839294
0.426877
0.188759
0.0224234
0.025849
0.0277213
0.105991
0.0739911
0.240169
0.362899
0.0803177
0.0359824
0.0632323
0.174742
0.294387
0.144596
0.146301
0.0901949
0.225843
0.0849448
0.147528
0.0425884
0.096688
0.0104108
0.0799522
0.43317
0.0571164
0.195196
0.289482
0.209426
0.250614
0.0594498
0.0745921
0.088849
0.0143992
0.0191472
0.161799
0.240798
0.151808
0.0381331
0.024083
0.00796807
0
0.0429
0.267407
0.4259
0.150773
0.0119346
0.00155345
0.00107621
0.0215392
0.20428
0.359488
0.218655
0.102305
0.0304967
0.0158696
0.00785392
0.00343403
0.272069
0.439926
0.264486
0.0212923
0.00843349
0.0010952
0.00161432
0.05801
0.0956956
0.181554
0.343235
0.150952
0.0154195
0.0212309
0.0610861
0.234396
0.111608
0.0853287
0.126305
0.0547691
0.0361582
0.104767
0.389115
0.0224213
0.352944
0.455959
0.240701
0.0179027
0.00315546
0
0.00911089
0.0890035
0.168691
0.178726
0.169927
0.0336335
0.0541647
0.0451104
0.0992524
0.000668427
0.00645479
0.0445596
0.451806
0.196173
0.000104555
8.83909e-005
0.00104806
0.0142553
0.00575443
0.0664009
0.451806
0.13118
0.0190452
0.0421925
0.0186311
0.0630139
0.0420488
0.135019
0.451806
0.146356
0.000457764
0.00359397
0.0315421
0.0145589
0.00140428
0.0697227
0.451806
0.147761
0.00501991
0.0176144
0.017824
0.0296676
0.0213566
0.0210169
0.217882
0.0950162
0.0812652
0.194735
0.0815474
0.0157802
0.0150696
0.00109011
0.0457187
0.0556772
0.378973
0.428946
0.101168
0.0368085
0.00814073
0.0224347
0.248171
0.0728956
0.0900057
0.14302
0.0813871
0.0251626
0.00900013
0.000258732
0.00450474
0.043572
0.442667
0.425022
0.136602
0.0142901
0.000540974
0.00307075
0.0126851
0.0472512
0.351329
0.306004
0.0494478
0.0487342
0.00415172
0.0409732
0.0630651
0.0612524
0.281419
0.373891
0.152637
0.00305737
0.00085311
0
0.00461396
0.0423622
0.338618
0.314875
0.0751576
0.00825262
0.000233307
0.000811905
0.0163809
0.0362054
0.202722
0.428053
0.184891
0.135692
0.0100419
0.0418591
0.0340689
0.0213713
0.102427
0.196327
0.237798
0.313352
0.0492233
0.0250945
0.00134256
0.00264595
0.0129073
0.0645523
0.414045
0.0661701
0.00079762
0.0200025
0.0129821
0.0153889
0.0590713
0.362356
0.263108
0.392247
0.0651331
0.0359167
0.00631887
0.00888604
0.0237427
0.121744
0.412848
0.197126
0.146996
0.128896
0.0194446
0.0137927
0
0.0181717
0.363431
0.112789
0.393407
0.243687
0.0638744
0.0399316
0.0192834
0.00904814
0.0515543
0.342645
0.249992
0.0989182
0.011276
0.00621149
0.0151901
0.0095711
0.164343
0.203575
0.444283
0.224527
0.050941
0
0.0192576
0.0139097
0.0275772
0.0552886
0.344489
0.276412
0.0485141
0.0170908
0.01288
0.000455934
0.000867745
0.00658306
0.256992
0.433503
0.109559
0.00366741
0.00246043
0.000113983
0.000253592
0.164756
0.389885
0.252811
0.0290493
0.00971522
0.0339249
0.0217045
0.0175428
0.0464581
0.216225
0.432268
0.0386267
0.0413249
0.0690096
0.0212
0.00485893
0.0127487
0.367322
0.714599
0.170884
0.00723449
0.00185577
0
0.00037783
0.0151425
0.124331
0.151238
0.148999
0.0696581
0.0333526
0.00803076
0.00715314
0.00208291
0.0980195
0.376141
0.0584959
0.0446121
0.0605398
0.0106831
0.00047541
0.00274341
0.00663595
0.0272501
0.0934393
0.116192
0.0206538
0.0188783
0.00808202
0.131789
0.0593067
0.206508
0.359985
0.0885321
0.0295146
0.0596906
0.0802866
0.0150681
0.0186985
0.117513
0.515431
0.17163
0.0054156
0.0136348
0.0240587
0.188153
0.0855499
0.246582
0.16231
0.0362383
0.103898
0.220366
0.227437
0.0860838
0.0999689
0.252481
0.306158
0.0748587
0.0146752
0.0252738
0.058059
0.0571485
0.0408884
0.0375051
0.264839
0.139532
0.0669872
0.0973317
0.118316
0.0658974
0.0444179
0.00189675
0.00420524
0.123644
0.542109
0.328928
0.175852
0.0882102
0.0541896
0.0895605
0.170071
0.146185
0.0827591
0.105966
0.119237
0.0365238
0.0262023
0.0167413
0.0995923
0.265638
0.379023
0.112259
0.0754383
0.0225475
0.00314976
0
0.0262511
0.10498
0.412259
0.231252
0.109871
0.0695414
0.016078
0.0767762
0.0803613
0.151183
0.207882
0.363006
0.26213
0.0536853
0.0015205
0.00474117
0.0560539
0.160103
0.344932
0.0877181
0.0735889
0.262165
0.0321697
0.179815
0.0832558
0.166774
0.238286
0.122772
0.198073
0.0491773
0.0192513
0.120273
0.0707917
0.12832
0.044077
0.240283
0.210044
0.235208
0.0585348
0.12911
0.0536176
0.152638
0.120788
0.159433
0.297242
0.121289
0.0562232
0.152897
0.0679497
0.170872
0.0784912
0.0932058
0.181937
0.0751073
0.0491935
0.0914827
0.0726482
0.243975
0.249053
0.284414
0.479513
0.191531
0.188658
0.168294
0.0463279
0.0653235
0.0811844
0.0398323
0.0763235
0.121236
0.349776
0.320865
0.143313
0.0308444
0.179483
0.0401796
0.0313012
0.0461861
0.0893026
0.144293
0.135701
0.142771
0.249326
0.203319
0.190585
0.131772
0.198725
0.18209
0.17245
0.113016
0.389392
0.151517
0.11807
0.144237
0.240548
0.204454
0.0807781
0.0472369
0.198242
0.082208
0.0435273
0.0614618
0.133191
0.177609
0.0252613
0.116644
0.256275
0.0910161
0.0368096
0.144294
0.29344
0.0995302
0.0945518
0.0993536
0.302368
0.122261
0.0958793
0.0910744
0.244897
0.108686
0.0825252
0.38116
0.352958
0.132059
0.0582616
0.000935353
0.0338461
0.0761175
0.0204745
0.178254
0.242776
0.0431775
0.0189827
0.00141109
0.000810354
0.000559642
0.0271298
0.0872248
0.0170963
0.0244013
0.0117881
0.012476
0.0383329
0.0436092
0.0412211
0.626506
0.571926
0.19848
0.0293554
0.0205979
0.0303902
0.04091
0.0387629
0.0912122
0.11981
0.07972
0.00609226