0.105769
0
0
0.0149598
0.0235306
0.00182425
0
0.0894972
0.264309
0.00110417
0.0169163
0.0932581
0.161347
0.194317
0.0342341
0.243311
0.338655
0
0
0.0144794
0.0271408
0.00428206
0
0.314248
0.510524
0.0513753
0.0286839
0.00346472
0.0280012
0.0364904
0.00525751
0.475676
0.190979
0.000908655
0.00650952
0.077262
0.0852373
0.0885648
0.0466169
0.194926
0.219381
0.0332837
0.00101775
0.104683
0.0573265
0.0124356
0.0349695
0.254746
0.220377
0.212232
0.102119
0.00259681
0.0244017
0.0461454
0.0171125
0.237593
0.301453
0.541643
0.240469
0.00269586
0.0302241
0.0540089
0.050603
0.327207
0.145934
0.079694
0.000183183
0.028798
0.00966954
0.000513204
0.00225208
0.0646971
0.38021
0.14635
0
0.00431976
0.00109026
0
0
0.076927
0.377922
0.436743
0.042022
0.000198625
0.00242494
0.00496591
0.00881505
0.103783
0.436743
0.436743
0
0
0
0
0.000455439
0.156273
0.373332
0.0867751
0.0195746
0.0654182
0.0535109
0.000707288
0
0.100656
0.224832
0.0611723
0.0673973
0.2025
0.195768
0.0348493
0.0634168
0.170019
0.416377
0.147311
0.00940489
0.0063706
0.00512784
0.000176822
0.000659415
0.26082
0.416377
0.044075
0.0348942
0.0209064
0.0284353
0.0115746
0.0859712
0.416377
0.0776089
0.0407756
0.0488738
0.122962
0.103459
0.0337016
0.134327
0.176125
0.254606
0.082697
0.0258605
0.0699055
0.0458135
0.038172
0.180027
0.169977
0.199988
0.0342344
0.0187697
0.0107989
0.0138492
0.0135725
0.24639
0.433594
0.197344
0.0898831
0.00687153
0.000103319
0
0.123021
0.433594
0.433594
0.323692
0.0361202
0.0150952
0.0255812
0.0207842
0.0395771
0.0890622
0.135858
0.346883
0.0178412
0.0124751
0.0330309
0.0385985
0.0313085
0.0621184
0.340388
0.156468
0.0360655
0.00892564
0.00155677
0.00154245
0.20955
0.432466
0.171263
0.175498
0.0289596
0.0187131
0.00797206
0.00897439
0.237608
0.432466
0.126611
0.349474
0.0171523
0.00343746
0.0329365
0.0273041
0.0243965
0.0418231
0.451147
0.459354
0.0111166
0.00263452
0.00864098
0.00461621
0.00528495
0.00439892
0.459354
0.177306
0.0414531
0.02078
0.00523878
0.00425612
0.0767574
0.0932124
0.158703
0.276141
0.0338452
0.0184905
0.00106547
0
0.00123719
0.00147859
0.225859
0.118562
0.00114866
0.00243938
0.0054389
0.00517688
0.00173384
0.00840476
0.125512
0.139504
0.201623
0.279691
0.0122112
0.00616351
0.0106429
0.00807588
0.145988
0.0744656
0.0146702
0.148727
0.064628
0.0114055
0.00142855
0.0126071
0.0802438
0.0280074
0.472433
0.664046
0.198975
0.0178833
0.00601921
0.0106037
0.0308522
0.0339754
0.290357
0.213012
0.00221287
0.0059028
0.0113597
0.00309041
0.0408314
0.0738153
0.408456
0.191992
0.000515476
0.00729617
0.0142151
0.00715809
0.0421937
0.00210454
0.335225
0.408456
0.0430356
0.00487332
0.00199591
0.00100463
0.00101665
0.0243262
0.408456
0.408456
0.0165198
0.00297161
0.00159797
0
0.00348738
0.167581
0.366955
0.0413819
4.21965e-005
0.000865772
0.00185359
0.00187269
0.0279074
0.366955
0.366684
0.00365142
8.68964e-006
9.34633e-005
0.000467317
0.000215332
0.0880831
0.137145
0.366955
0.249903
0.00878685
0.000102248
0.000160675
0
0.00970888
0.366955
0.366955
0.107675
0.0606304
0.0443088
0.00186927
0.00970385
0.137068
0.406643
0.144476
0.00048489
4.08943e-005
0.000197636
0.000988183
0.000455338
0.244479
0.406643
0.00736882
0.00032326
2.72629e-005
4.94091e-005
0.000247046
0.0771016
0.406643
0.371137
0.145645
0.0240972
0.0858061
0.0666021
0.00395273
0.00922007
0.196371
0.218543
0.123583
0.025672
0.0148082
0.0114309
0.000988183
0.0486169
0.317214
0.120564
0.00566252
0
0
0
0.00151029
0.243475
0.382757
0.0426069
0.0191982
0.00195695
0
0.00034997
0.0711121
0.382757
0.265201
0.152429
0.15844
0.0756723
0.00142374
0
0.00541996
0.216883
0.276158
0.16763
0.0845774
0.0906433
0.0453142
0.0792295
0.211388
0.382757
0.311886
0.00720793
0.0070351
0.00179311
0.000293423
0.00133153
0.148413
0.366646
0.0706938
0.00158994
0.00427354
0.00407053
0.00275419
0.00429444
0.363007
0.366646
0.00754913
0.0278429
0.00578012
0.0203631
0.0338674
0.0568874
0.353464
0.366646
0.0798299
0
0.00193617
0.00601867
0.00504854
0.0583182
0.366646
0.355717
0.00363703
0.0093242
0.0179545
0.0187259
0.00569469
0.0164799
0.403094
0.286156
0.00202707
0.0235573
0.0238772
0.0217274
0.00180434
0.0142068
0.055367
0.0224158
0.00639454
0.00358053
0.00475496
0.0049969
0.00781471
0.213615
0.541366
0.342139
0.00250688
0.00902046
0.0169326
0.013744
0.0184087
0.195452
0.444604
0.0550581
0.00713337
0.0133751
0.0109423
0.174757
0.121599
0.014579
9.74491e-005
0.00086
0.0127262
0.00394776
0.111548
0.434863
0.271168
0.026815
0.000492846
0.000723335
0.0035979
0.0462883
0.012593
0.236321
0.421674
0.0598048
0.00165031
0.024431
0.0464653
0.00710145
0.0225305
0.434863
0.434863
0.117431
0.000412576
0.0106165
0.0138302
0.000138972
0.111578
0.376835
0.117195
0.0113225
0.000634388
0.000135372
7.39598e-005
0.000998285
0.313132
0.376835
0.106938
0.0304056
0.00058032
0
0
0.000797392
0.02694
0.376835
0.376835
0.0425377
0.000107885
0.00167369
0.0033531
2.01641e-005
0.0463786
0.376835
0.295371
0.145398
0.0528716
0.00637776
0
0.0535594
0.308398
0.329855
0.0796509
0.0537352
0.00179854
0
0.0024516
0.166232
0.322725
0.308363
0.106307
0.10517
0.0075827
0.00720034
0.071288
0.00202317
0.0508389
0.234873
0.129232
0.24949
0.196032
0.0881968
0.00481609
0.0331294
0.306616
0.254813
0.0526439
0.19544
0.209131
0.208764
0.159938
0.0659257
0.202218
0.0744733
0.102913
0.0795553
0.00346287
0.00559191
0.0535892
0.0422435
0.459271
0.125876
0.0165934
0.0114449
0.000255868
0.000658143
0.0107691
0.0507711
0.459271
0.173367
0.0289199
0.0446598
0.0319993
0.063694
0.116856
0.0599208
0.459271
0.417906
0.0154642
0.0171732
0
0
0.00827756
0.10127
0.378922
0.196298
0.00971553
0.012253
0.0017663
0.0414909
0.0711431
0.119896
0.149701
0.177559
0.23145
0.164959
0.108994
0.190029
0.19283
0.0814093
0.378922
0.250419
0.117167
0.131819
0.00801104
0.0345438
0.0405115
0.0596797
0.130428
0.12358
0.378922
0.30999
0.0257933
0.0550198
0.0516141
0.0185708
0.00547845
0.041761
0.173566
0.156155
0.354845
0.211758
0.0563625
0.000215344
0.00205173
0.00719288
0.0236654
0.177108
0.373489
0.145417
0.000636093
0.00546739
0.00925328
0.033743
0.373489
0.262512
0.182071
0.0319542
0.00804091
0.00368334
0.00193379
0.00621987
0.126112
0.373489
0.373489
0.031104
0.000893081
0.00053367
0.00208657
0.00224078
0.0232491
0.267157
0.407674
0.0555594
0.00059572
0.000942978
0.0040644
0.0063213
0.0311814
0.29214
0.326504
0.012722
0.000986963
0.0126387
0.00449864
0.014402
0.127473
0.407674
0.292697
0.00543733
0.00164924
0.0273693
0.00224164
0.0160197
0.145394
0.407674
0.253884
0.0204092
0.0594695
0.0817101
0.0109795
0.0599563
0.352005
0.12908
0.0363645
0.07487
0.106667
0.0328002
0.0033552
0.12892
0.392577
0.187717
0.00351178
0.0207828
0.0380866
0.0987974
0.0264384
0.0514584
0.279405
0.392577
0.0874643
0.0537204
0.104569
0.0514386
0.00402453
0.0319265
0.392577
0.392577
0.0501478
0.00991385
0.0401817
0.0107887
0.00260083
0.162857
0.43979
0.163148
0.000524591
0.00377413
0.0149022
0.00416662
0.00965639
0.113221
0.307756
0.156685
0.0758499
0.0191828
0.00251324
0.0200002
0.00129053
0.0164116
0.43979
0.43979
0.0447168
0.0010902
0.0159548
0.017634
0.0453401
0.154135
0.278608
0.276122
0.0365173
0.0124793
0.00576725
0.0248811
0.0240345
0.0231931
0.0327323
0.126907
0.225469
0.171012
0.0177215
0.131545
0.199661
0.0344432
0.00654942
0.0730089
0.21728
0.338486
0.289849
0.0996574
0.220407
0.273574
0.0839664
0.013744
0.035983
0.08615
0.0168806
0.357028
0.35554
0.182495
0.0243896
0.00146968
0.0313678
0.160778
0.302619
0.123987
0.367655
0.079403
3.67676e-005
0.00723428
0.0188766
0.0644575
0.193091
0.120979
0.367655
0.179295
0.0127884
0.0153235
0
0.00130824
0.121197
0.367655
0.169096
0.0190013
0.00117108
0
0.00181417
0.0283032
0.367655
0.337786
0.11938
0.0127775
0.0044183
0.0044697
0.0144199
0.0616741
0.367655
0.105779
0.269603
0.0943479
0.132973
0.133799
0.029899
0.024919
0.122019
0.128544
0.094666
0.0678647
0.377444
0.216961
0.0451754
0.0327498
0.0694495
0.170447
0.0421045
0.00931617
0.0284452
0.0442493
0.181548
0.297682
0.377444
0.144916
0.0478872
0.0449585
0.114898
0.127931
0.359046
0.272613
0.185611
0.0391573
0.0268035
0.0409042
0.3413
0.192231
0.0414472
0.00472032
0.00973854
0.0126892
0.00123216
0.0100968
0.36457
0.450036
0.119014
0.00229757
0.00285743
0.0528178
0.0209336
0.0778983
0.214276
0.11711
0.0936739
0.0305292
0.0254672
0.00909076
0.00566483
0.150182
0.450036
0.376153
0.0083411
0.0157983
0.0112717
0.0384521
0.00368491
0.0520339
0.251595
0.384227
0.0635477
0.0124265
0.00794326
0.0940205
0.0625266
0.0666296
0.220679
0.364604
0.0823125
0.0428159
0.208448
0.0291815
0.0208377
0.0986618
0.384227
0.244083
0.0234149
0.0732826
0.0284604
0.100894
0.131095
0.123996
0.384227
0.146037
0.0521543
0.10086
0.205259
0.143821
0.0352774
0.0796137
0.102592
0.365953
0.131123
0.00161007
0.125767
0.0217323
0.00241327
0.0324126
0.175767
0.411902
0.21812
0.00309454
0.016035
0.0753956
0.00823963
0.0192557
0.0334107
0.279541
0.230574
0.0151667
0.0835165
0.00811937
0.000493468
0.00595305
0.102177
0.411902
0.411902
0.0888077
0.00833147
0.00472606
0.000637841
0.00476208
0.104371
0.391394
0.200326
0.0112064
0.00340235
0.00453959
0.0235839
0.120807
0.185912
0.31313
0.168239
0.0116633
0.00241886
0.00111707
0.000646007
0.000944258
0.0438198
0.267398
0.391394
0.10014
0.00144957
0
0.00283248
0.0297107
0.103672
0.329467
0.391394
0.265124
0.0175047
0.0297851
0.147538
0.279022
0.169068
0.149927
0.0542664
0.0179966
0.00793607
0.246789
0.23509
0.213712
0.0615257
0.0848763
0.0458789
0.0461823
0.168269
0.00447958
0.0202822
0.0780382
0.110647
0.269125
0.343323
0.285322
0.062135
0.145047
0.047703
0.0755225
0.0408559
0.146569
0.220682
0.304303
0.343323
0.301001
0.0515277
0.0232098
0.00420277
0.0110078
0.00606784
0.014187
0.315567
0.265814
0.0171012
0.00933362
0.016627
0.000149795
0.0304884
0.0948212
0.384336
0.276409
0.0144007
0.0113906
0.00280185
0.0179999
0.0208058
0.0627886
0.384336
0.384336
0.10846
0.0287629
0.0249405
0.000224692
0.0147822
0.0348355
0.384336
0.0748484
0.0296446
0.0342934
0.0786425
0.0355234
0.187999
0.249907
0.223987
0.0180953
0.0160646
0.0768119
0.155525
0.213864
0.333497
0.189612
0.0493724
0.243215
0.289169
0.17504
0.118611
0.029612
0.0711586
0.0678354
0.175353
0.0402788
0.342938
0.342938
0.266433
0.167627
0.101219
0.041857
0.0147816
0.00868414
0.0172368
0.198649
0.150256
0.133767
0.0869705
0.0191401
0.00884486
0.00106098
0.0287941
0.401451
0.410812
0.0887253
0.00611135
0.00597123
0.00407848
0.00269211
0.276453
0.410812
0.163086
0.100374
0.0242342
0.00367502
0.00232078
0.00031935
0.200115
0.410812
0.198639
0.0391583
0.0049877
1.13775e-005
0.000354369
0.0213417
0.0588419
0.175943
0.376564
0.109051
0.0240998
0.0400163
0.00857849
0.174985
0.115876
0.0985894
0.301376
0.0825533
0.065218
0.0906841
0.21861
0.0212118
0.150225
0.38551
0.306645
0.064511
0.0129352
0.00744047
0
0.179158
0.128022
0.29285
0.314743
0.0317138
0.0338035
0.0405065
0.228409
0.00201062
0
0
0.0142937
0.137522
0.178375
0.0193741
0.00433538
7.2649e-005
0.000528152
0.00049851
0.0374949
0.317932
0.5496
0.277865
0.000653841
0
0
0
0.00196612
0.0167036
0.0302269
0.00142617
0
0.000600517
0
9.17864e-005
0.00327164
0.0556503
0.5496
0.326089
0.0022574
0
0.000374885
0.000331727
0.00870742
0.0691068
0.373546
0.173688
0.0009557
0.0112119
9.37213e-005
9.92342e-005
0.00699098
0.058834
0.373546
0.373546
0.0237785
0.00083904
0
6.51506e-005
0.000392952
0.00981986
0.373546
0.373546
0.00604119
0.0405485
0.000786839
0.000108386
0.00246286
0.00164706
0.283468
0.373546
0.0664122
0.0186311
0
1.32487e-005
0.0051096
0.0498367
0.275195
0.363914
0.113912
0.12202
0.000841705
0
0.000524368
0.0254694
0.108978
0.334677
0.363914
0.0483035
0.00266691
8.08669e-005
0.00153685
0.000351574
0.106285
0.363914
0.203206
0.137557
0.00239881
1.85815e-005
0
4.80151e-005
0.0329372
0.358151
0.363914
0.213144
0.000550824
0
0
0.00275026
0.00570248
0.0582468
0.368929
0.368929
0.0899749
0.00713255
0.00287209
2.58751e-005
0
0.00139829
0.368929
0.256366
0.000219077
0
0
0
0
0.0959908
0.368929
0.368929
0.12168
0.000898853
0
0
0
0.00574024
0.368929
0.325206
0.312458
0.0901006
0.0147661
0.0013147
0
0.00188385
0.150871
0.134716
0.358245
0.327627
0.0463271
0.0142751
0
0.00263185
0.0166463
0.358245
0.294713
0.0295766
0
0
0
0.000590192
0.129488
0.307191
0.358245
0.12942
0
0
0
0
0.0353549
0.0291083
0.365647
0.343097
0.0299175
0.00966249
0
0.000381318
0.00106419
0.00094396
0.303789
0.376183
0.0489039
0.00600659
0.000857627
0
0
0.109054
0.376183
0.190455
0.000382427
0
0
0
0.00583114
0.0191496
0.376183
0.376183
0.012146
0.000241054
0.000111734
0.000157825
0.00010987
0.00247773
0.310938
0.486818
0.204916
0.0177219
0.00310295
0.000119736
0
0.0264327
0.0724338
0.324487
0.200872
0.0108382
0.00620403
0.00483533
0.0365163
0.00469265
0.409875
0.486818
0.0609614
0.0025361
0.00399929
0.000766018
0.00053286
0.00393745
0.0275847
0.104165
0.0471486
0.00523467
0.0100646
0.00631297
0.00680313
0.000622326
0
0.00147377
0.00157006
0.00495127
0.0032812
0
0.000622326
0.0236943
0.0148823
0.017267
0.0110099
0.0207573
0.629198
0.548463
0.0256935
0.0260953
0.041645
0.0529425
0.00727259
0.00237285
0
0
0.00248931
0.172207
0.259401
0.130772
0.0146648
0.00699234
0
0.00876708
0.0177054
0.0106683
0.00713946
0.00406657
0.00150141
0.00123935
0.237324
0.472942
0.0292116
0.0580566
0.00949596
0.0043632
0.00196642
5.95927e-005
0.235816
0.590539
0.243125
0.0374391
0.0579654
0.0139808
0.00122052
0.000400965
0.00187808
0.0412036
0.0197455
0.0538696
0.0450285
0.0149689
0.000172503
1.48982e-005
0.017091
0.380804
0.190621
0.0447517
0.00395984
0.000774582
0.00065551
0
0.0371436
0.425853
0.291869
0.135556
0.00314384
1.76387e-005
0
0
0.00553547
0.302473
0.425853
0.0250805
0.00741355
0.00322536
0
0
0.00765368
0.28766
0.267916
0.107014
0.0025863
0.000325529
8.84746e-005
0.000689921
0.00340352
0.220391
0.425853
0.238368
0.00154524
0
0
0
0
0.0676871
0.394291
0.394291
0.0876108
0.00172724
0
0
0
0.0073816
0.319333
0.23962
0.00303437
0.000305332
0.000117206
0.000501735
0.000865394
0.0509589
0.394291
0.394291
0.0703178
0.00050018
2.93015e-005
0.00147267
0.00138073
0.00523109
0.320918
0.398162
0.205816
0.0125861
0
0
0
0.0012061
0.116192
0.398162
0.398162
0.0605457
0
0
0
0
0.0441289
0.398162
0.143
0.0068804
0.000411978
0.00204396
0.00194022
0.00260693
0.122056
0.398162
0.262251
0.0232961
0.00278953
0.00103178
0.00110444
0.00158033
0.039258
0.31948
0.544123
0.15412
0.000220996
0
0
5.32104e-005
0.0106672
0.0715135
0.544123
0.241591
0.00298869
0.000181969
0.00181646
0.00159826
0.00295343
0.247425
0.293533
0.0157473
0.00297716
0.000143746
0.00128354
0.0025841
0.0145372
0.0523852
0.117796
0.00474959
0.00624331
0.00213323
0.00573384
0.0039099
0.012635
0.0601183
0.762256
0.473226
0.0269682
0.00829457
0.0170409
0.00809062
0.0232758
0.0381204
0.0421667
0.0541834
0.0278228
0.0197408
0.0287123
0.0214007
0.0634401
0.0598637
0.0752888
0.0214909
0.0214232
0.0167861
0.030914
0.022645
0.0464573
0.0382678
0.0162159
0.0292774
0.0236715
0.0225956
0.0217132
0.0362734
0.084891