0.320243
0.310341
0.0652454
0.026759
0.0087177
0.00177699
0.00732165
0.043015
0.279424
0.198796
0.0684432
0.117682
0.119572
0.0514237
0.101468
0.0165541
0.35878
0.342948
0.0453356
0.0459209
0.0633559
0.0348392
0.0773781
0.165705
0.121822
0.0684841
0.0797751
0.402541
0.210386
0.0864712
0.199603
0.109894
0.0834493
0.0835419
0.0220225
0.216107
0.265124
0.0740081
0.076832
0.0051609
0.069621
0.0214201
0.0155573
0.272668
0.237084
0.030841
0.0033924
0.0131376
0.0354216
0.0378868
0.11151
0.553603
0.244691
0.0443013
0.0696863
0.00725479
0.305718
0.145884
0.143075
0.29718
0.175577
0.0188442
0.00773645
0.149056
0.0486711
0.0182527
0.0357197
0.290006
0.159266
0.0644656
0.0714025
0.0419295
0.191778
0.0528332
0.0629981
0.163249
0.123801
0.108041
0.287128
0.271724
0.251515
0.0711416
0.0365876
0.0919903
0.116546
0.0669614
0.127602
0.260631
0.350254
0.0592871
0.0374046
0.0787666
0.100035
0.0994182
0.209977
0.434013
0.269253
0.0701172
0.0251415
0.0569898
0.0700259
0.0541511
0.153094
0.220029
0.116322
0.0285683
0.0265389
0.145864
0.226543
0.0956151
0.0505271
0.089604
0.41596
0.0448542
0.0289786
0.0409394
0.0334309
0.0361399
0.0906769
0.450551
0.23417
0.0632206
0.013416
0.048917
0.18293
0.148289
0.12592
0.389547
0.00889854
0.000334421
0.00662471
0.1742
0.361578
0.0826945
0.0177334
0.0167731
0.00865105
0.00610523
0
0.289837
0.396747
0.0241913
0.0162592
0.0106631
0.0491433
0.0444833
0.00365693
0.142444
0.394993
0.133069
0.0693919
0.139015
0.132934
0.145639
0.0133758
0.234067
0.453758
0.047647
0.0374964
0.0494042
0.00647992
0.0162083
0.0147371
0.333066
0.236495
0.0251819
0.0133421
0.0174577
0.151604
0.0460453
0.0590107
0.279157
0.214782
0.072807
0.046438
0.321844
0.153423
0.111626
0.0355779
0.165047
0.258392
0.0714494
0.0425064
0.0390786
0.244611
0.0458237
0.0481877
0.13357
0.235899
0.0991955
0.154841
0.452931
0.198845
0.0653178
0.0845142
0.0666863
0.0563515
0.0428988
0.0396901
0.401188
0.0926593
0.0869683
0.192042
0.232046
0.0970026
0.0218514
0.0196664
0.132825
0.272371
0.0460971
0.0585656
0.0203791
0.0677154
0.0335295
0.0878449
0.536913
0.18977
0.0591332
0.155093
0.214292
0.246253
0.0386998
0.0350221
0.181189
0.243387
0.210009
0.0027414
0.130133
0.110258
0.0354245
0.0379972
0.0880446
0.0494116
0.0230157
0.0289033
0.440171
0.2019
0.053404
0.0689139
0.0652601
0.0992644
0.0907978
0.0274656
0.443311
0.155655
0.0143167
0.010001
0.0107908
0.00815693
0.00718522
0.0171806
0.476342
0.303742
0.0127775
0.00327745
0.00929032
0.0134234
0.0142509
0.0705009
0.471166
0.163858
0.0206674
0.0194207
0.00531921
0.179074
0.178746
0.132154
0.215625
0.106389
0.0206414
0.00692105
0.0901121
0.0176158
0.00575617
0.0621628
0.484987
0.255297
0.0329524
0.0348712
0.0172295
0.144738
0.280724
0.309348
0.162153
0.119051
0.0478546
0.0481045
0.0318569
0.196742
0.183329
0.0385482
0.0242302
0.0200229
0.0131651
0.0475597
0.135864
0.244185
0.228134
0.0235898
0.0244662
0.0276383
0.0234194
0.0594552
0.163922
0.257028
0.436206
0.181012
0.0352318
0.011705
0.00669165
0.00848926
0.0274781
0.410284
0.490184
0.0708905
0.020026
0.0245748
0.00724663
0.00357527
0.0727336
0.237425
0.100559
0.0165662
0.00992642
0.0115843
0.00807208
0.0115676
0.222012
0.204913
0.0646167
0.00322901
0.00333546
0.041138
0.0454638
0.063862
0.32855
0.35851
0.290743
0.0384673
0.022414
0.0342011
0.0119124
0.000346833
0.239064
0.328484
0.0549914
0.00582213
0.00898592
0.0185009
0.013344
0.301243
0.44874
0.063915
0.0452016
0.00252395
0.0300335
0.106187
0.0792448
0.125542
0.184778
0.142307
0.138029
0.0131211
0.0497579
0.129929
0.0754115
0.107155
0.136454
0.101222
0.0270376
0.000630989
0.00103902
0.00925122
0.0554154
0.509578
0.3598
0.121685
0.0612591
0.00572637
0.0144975
0.057934
0.180638
0.509578
0.250706
0.252193
0.14611
0.0263763
0.0317897
0.0932794
0.100013
0.0552671
0.0802286
0.262454
0.0214706
0.0124242
0.0256661
0.0893342
0.100221
0.126976
0.321329
0.140386
0.0636294
0.00673169
0.024637
0.0997041
0.328067
0.372195
0.10468
0.13174
0.014012
0.0126105
0.0509869
0.148548
0.375882
0.361689
0.137798
0.143808
0.0115183
0.0197356
0.017739
0.0858415
0.0753493
0.117374
0.31593
0.0937288
0.012923
0.0520165
0.242178
0.350218
0.0750263
0.0389542
0.0912107
0.0397056
0.00731144
0.0275376
0.154505
0.245297
0.183496
0.17364
0.0986544
0.00122702
0.00182786
0.0363592
0.42667
0.486027
0.0689121
0.0295072
0.0144732
0.0482096
0.0551583
0.0382128
0.387988
0.0804053
0.0170813
0.00161668
0.00801248
0
0.00801718
0.0218874
0.461136
0.218809
0.00433061
0.00108304
0.00157721
0.0522451
0.107745
0.0391039
0.461136
0.126289
0.0269593
0.0265511
0.0111678
0
0.00504386
0.0290693
0.461136
0.26354
0.0100069
0.00724654
0
0.00497145
0.01415
0.132433
0.307741
0.144514
0.00792287
0.0186725
0.00878891
0.0479666
0.152768
0.485465
0.123467
0.0270693
0.0111144
0.0253344
0.00998028
0.00327488
0.0112584
0.195433
0.377844
0.145818
0.00475046
0.00105932
0.00125957
0.0295787
0.094699
0.493982
0.2868
0.0243105
0.00112349
0.000388975
0.010978
0.14033
0.253771
0.333051
0.0788297
0.0117376
0.00143797
0.00317701
0.0145131
0.211779
0.393987
0.109293
0.104891
0.0639975
0.066539
0.00153935
0.0403138
0.0727781
0.125666
0.470372
0.167862
0.13554
0.021393
0.00041716
0.0297169
0.0698133
0.124068
0.154629
0.175116
0.286405
0.248854
0.0832316
0.0528981
0.179818
0.23078
0.0489389
0.10514
0.131339
0.0936187
0.00123428
0.131911
0.247658
0.199941
0.0611443
0.0366358
0.0853317
0.0355945
0.266697
0.320858
0.0383682
0.142251
0.13009
0.138329
0.16533
0.206298
0.12564
0.0821464
0.159078
0.411507
0.353368
0.0501295
0.102393
0.0895879
0.105447
0.127773
0.115758
0.126587
0.0202781
0.00466869
0.0187145
0.0459067
0.410194
0.116949
0.0608209
0.0261175
0.000316335
0.0209135
0.0747084
0.27546
0.44211
0.0603511
0.122309
0.217336
0.15734
0.0922177
0.064877
0.0798388
0.139114
0.0874123
0.0490206
0.0369155
0.0730631
0.252701
0.155169
0.396937
0.257768
0.050713
0.0204741
0.00293416
0
0.024161
0.106296
0.322781
0.279615
0.0276512
0.0101958
0.00564981
0.00606698
0.0523942
0.17189
0.304725
0.203491
0.0192847
0.0036677
0.000733541
0.0128275
0.101069
0.255979
0.464582
0.201342
0.0280888
0.00188387
0.00825129
0.00360931
0.0583902
0.350408
0.317791
0.171082
0.0436938
0.00903107
0.0116384
0.0155444
0.196745
0.230744
0.167578
0.113645
0.0152373
0.00185156
0.0029096
0.0136707
0.465324
0.291562
0.0140368
0.0111686
0.00238035
0.00490006
0.0348531
0.0176085
0.147003
0.302426
0.150462
0.171751
0.0857178
0.00959012
0.0285699
0.0170287
0.461469
0.329031
0.0213011
0.0640593
0.0516984
0.00732441
0.0732148
0.0325182
0.43772
0.128972
0.0178535
0.0480009
0.00343388
0.00113603
0.0119204
0.012624
0.470618
0.176087
0.0106661
0.00695826
0
0.0141584
0.0230364
0.0513585
0.470618
0.105907
0.0423464
0.0767615
0.0191476
0.00170404
0.029863
0.075051
0.470618
0.0988951
0.0257477
0.0241574
0.00687453
0.00258609
0.018095
0.0617289
0.309147
0.105948
0.0108224
0.00322003
0.000347337
0.0104438
0.0332965
0.366578
0.422567
0.163601
0.00272922
0.000974572
0.00879962
0.00252452
0.0442418
0.0497933
0.248184
0.139048
0.0651293
0.0569886
0.0195549
0.00248826
0.0145565
0.0598934
0.399272
0.439982
0.226388
0.0524773
0.0186362
0.0252081
0.0455625
0.310315
0.226974
0.214963
0.0406795
0.000634324
0.0281927
0.0177655
0.0415054
0.119031
0.183359
0.323217
0.230397
0.0718837
0.0439875
0.00694736
0.040471
0.170193
0.309672
0.322633
0.19071
0.0180457
0.0143605
0.0534515
0.169857
0.278762
0.323909
0.205948
0.108077
0.0153585
0.0654228
0.0346416
0.0713157
0.152187
0.188744
0.178656
0.17164
0.139263
0.0962523
0.18854
0.224121
0.327017
0.0829906
0.059662
0.106145
0.109582
0.184823
0.178834
0.167494
0.152159
0.243355
0.158267
0.092143
0.058753
0.18064
0.38364
0.14327
0.133333
0.105076
0.0653982
0.139177
0.137652
0.278609
0.106182
0.117909
0.164251
0.138742
0.054744
0.0961392
0.0941359
0.136661
0.0152275
0.0172255
0.101504
0.414877
0.23599
0.204059
0.0894182
0.0559875
0.193615
0.0822442
0.0724766
0.19681
0.117705
0.138246
0.0836793
0.112746
0.0414276
0.0111753
0.0672784
0.511607
0.36067
0.0757746
0.0334434
0.0304003
0
0
0.0108089
0.122856
0.375632
0.228442
0.0479989
0.00872724
0.000537999
0.0199086
0.0107415
0.0615564
0.386535
0.187072
0.0531638
0.0159909
0.00819732
0
0.0234397
0.324053
0.436414
0.0577042
0.00243991
0.00338094
0.000699222
0.020494
0.0882756
0.203663
0.436414
0.116848
0.0296788
0.00746327
0.01666
0.154365
0.0741487
0.140257
0.257301
0.156161
0.116027
0.0679361
0.0564854
0.149001
0.0520427
0.219104
0.241084
0.0465354
0.163937
0.167089
0.0171057
0.133699
0.231028
0.158745
0.217856
0.256427
0.153885
0.0361854
0.0943628
0.146617
0.104579
0.0524387
0.0577403
0.160881
0.246529
0.456056
0.0205945
0.00964743
0.0186664
0.418156
0.137339
0.0327466
0.0494226
0.0191683
0.000226151
0.0222588
0.0873614
0.426056
0.0915528
0.0217218
0.0302914
0.0127441
0.0187653
0.0127582
0.0342555
0.446502
0.269625
0.0324187
0.0275521
0.0185657
0.0263748
0.021695
0.0400149
0.446502
0.278823
0.0193642
0.0223671
0.0338223
0.000458937
0.0451706
0.0862543
0.166848
0.111078
0.0867341
0.124902
0.0479906
0.00445894
0.016483
0.0363134
0.169606
0.313993
0.445909
0.19685
0.0393113
0.0703739
0.0440265
0.0733225
0.253505
0.194791
0.0571824
0.126728
0.0903876
0.0332397
0.0141722
0.0745927
0.17398
0.203225
0.426996
0.311249
0.0798235
0.0122476
0.0274375
0.0631963
0.150604
0.162862
0.333443
0.0861026
0.0119922
0.0432141
0.141629
0.129862
0.172453
0.13641
0.109229
0.0714075
0.101389
0.00850467
0.00892463
0.0139631
0.0568744
0.105589
0.431845
0.331144
0.0580651
0.0397164
0.0230033
0.00970662
0.0400094
0.0974224
0.262256
0.455447
0.250577
0.109383
0.15673
0.056898
0.075793
0.0761695
0.0555669
0.086866
0.253591
0.147587
0.115195
0.0403845
0.0901016
0.0986082
0.104644
0.129198
0.228232
0.0809782
0.0389047
0.00704254
0.023245
0.0446423
0.100145
0.258133
0.540097
0.219847
0.175673
0.0868928
0.0750374
0.103145
0.0380184
0.0864052
0.441886
0.0672755
0.0412575
0.0664236
0.220091
0.154714
0.107002
0.0559299
0.0416571
0.0751963
0.0986937
0.112327
0.439679
0.183952
0.0402293
0.0240788
0.0226982
0.164774
0.197749
0.143104
0.151732
0.122009
0.0535513
0.0178944
0.0762373
0.347627
0.511434
0.145223
0.196086
0.09837
0.0501008
0.0175434
0.0649071
0.0522044
0.107157
0.125622
0.389343
0.238738
0.0154559
0.00869155
0.0122747
0.0119009
0.0480801
0.165782
0.267227
0.3153
0.0629345
0.0397647
0.0226168
0.251744
0.450997
0.1413
0.215025
0.124144
0.0344807
0.00671178
0.0235207
0.111644
0.122788
0.109689
0.230388
0.21994
0.0842595
0.0401429
0.055486
0.0179748
0.0938618
0.294201
0.15118
0.175234
0.152836
0.109338
0.0502849
0.0481101
0.0861486
0.173896
0.147796
0.0896433
0.152351
0.154582
0.275367
0.121157
0.198041
0.203206
0.239998
0.159275
0.0642458
0.0696785
0.161747
0.0860079
0.153241
0.239429
0.437627
0.11341
0.109487
0.0744012
0.0980557
0.0673896
0.0715532
0.137779
0.42778
0.143392
0.01169
0.0276331
0.0671289
0.0284571
0.0230658
0.0403598
0.481598
0.265046
0.0163787
0.0158567
0.0232276
0.102859
0.122979
0.136069
0.215457
0.08455
0.0361099
0.0523368
0.119376
0.0205114
0.0417808
0.0703774
0.481598
0.230899
0.00827957
0.0057126
0.00649439
0.0689977
0.0238142
0.025592
0.303865
0.147073
0.0641388
0.149691
0.0680867
0.0294208
0.00595354
0.0285539
0.0844047
0.0977755
0.320949
0.384426
0.0819591
0.0166607
0.00828705
0.0181469
0.5167
0.156073
0.0813002
0.0817969
0.0197452
0.0307924
0.00379342
0.000929884
0.0565338
0.0566586
0.299305
0.302469
0.159418
0.00120104
0
0.00305259
0.0166503
0.0323823
0.218302
0.322469
0.107331
0.0512213
0.00642893
0
0.00211185
0.00783035
0.18967
0.46487
0.273665
0.024944
0.00151529
0
0.00211185
0.00913947
0.130965
0.236414
0.281637
0.0584754
0.0144519
0
0.000527962
0.0065077
0.196601
0.39566
0.328493
0.130484
0.00535635
0
0
0.000816054
0.0629944
0.194799
0.387251
0.358168
0.100088
0.0454908
0.00606683
0.0108915
0.00372415
0.033227
0.380431
0.18865
0.0230998
0
0
0.00170791
0.098069
0.206805
0.277932
0.414437
0.175369
0.059807
0
0
0.0065933
0.0701261
0.290521
0.264871
0.252856
0.0935546
0.0203958
0.0146904
0.008784
0.00478272
0.108617
0.305354
0.465683
0.0892856
0.0477183
0.0198979
0.0128759
0.00275384
0.0473942
0.25418
0.333992
0.124049
0.000359067
0
0
0.0182359
0.097504
0.334239
0.386079
0.103199
0.0130908
0.00223068
0.00275514
0.00184272
0.0493531
0.312613
0.438204
0.103819
0.143243
0.0820592
0.0296189
0.0106828
0.0309853
0.222551
0.186029
0.0699971
0.136937
0.111846
0.0545731
0.0470566
0.171168
0.330841
0.386906
0.108748
0.0294744
0.0138733
0.0173991
0.0487468
0.0498977
0.1595
0.181281
0.0496343
0.0109828
0.0131196
0.0180651
0.183885
0.2876
0.169169
0.152043
0.0847495
0.0859564
0.0491988
0.0230971
0.0398032
0.269405
0.0995911
0.11555
0.126582
0.195363
0.121074
0.0581351
0.106098
0.141741
0.127844
0.0507101
0.0174243
0.00228888
0.00270806
0.00435705
0.186346
0.512941
0.149514
0.0497186
0.0236911
0.02342
0.0700274
0.0344617
0.280198
0.471197
0.136182
0.056973
0.0649902
0.126602
0.0821704
0.113073
0.0600187
0.104952
0.0945409
0.0573119
0.202316
0.540179
0.135256
0.00966922
0.00234011
0.0234725
0.342296
0.0414171
0.0370118
0.0172328
0.036651
0.0941208
0.0929746
0.316873
0.329297
0.202913
0.256505
0.167142
0.0245514
0.00503798
0.00395369
0.135648
0.0150257
0.0294777
0.159635
0.699023
0.193557
0.0698444
0.0177683
0.00381836
0.0611588
0.0143729
0.0022552
0.0761489
0.0887792
0.194245
0.146749
0.216168
0.0877292
0.176923
0.254693
0.28792
0.0685076
0.0246808
0.018249
0.0354988
0.0251805
0.0198995
0.0138173
0.0466775
0.0382269
0.0637078
0.129445
0.0924974
0.0675847
0.0173256
0
0.00151325
0.0123059
0.0967745
0.225462
0.353216
0.0568794
0.0243372
0.0196066
0.00837084
0.00802301
0.217016
0.646486
0.349401
0.0212784
0.0162743
0.00168618
0.0149459
0.0144819
0.0610422
0.146844
0.0643325
0.0308822
0.0187026
0.0784265
0.080544
0.0805867
0.134182
0.237365
0.0915224
0.216744
0.0426787
0.0169479
0.00347915
0.00383799
0.105597
0.344699
0.299287
0.516365
0.351202
0.0560362
0.00687192
0.0043997
0.0130991
0.117514
0.248393
0.117495
0.0254149
0.0714664
0.0448117
0.0607199
0.0648002
0.120073
0.167164
0.264971
0.126052
0.0351574
0.0964579
0.0379196
0.0278164
0.0267092
0.123843
0.307384
0.589825
0.12115
0.00433644
0.00113151
0.00131863
0.0292885
0.0564724
0.337551
0.482816
0.111002
0.0171126
0.00518734
0.0111594
0.0331334
0.0593545
0.140684
0.179832
0.0273001
0.0698901
0.0201283
0.0237729
0.0184688
0.0144957
0.0641029
0.112303
0.0533931
0.0410907
0.0174816
0.0275087
0.0716845
0.0578606
0.366524
0.334382
0.08697
0.0199063
0.0197465
0.0399515
0.127934
0.134558
0.14724
0.110591
0.0221487
0
0.0128331
0.029076
0.300283
0.408183
0.110176
0.0705064
0.111333
0.0237049
0.0274254
0.0150521
0.108829
0.198985
0.259279
0.16193
0.09782
0.0015637
0.0149126
0.0182295
0.0868343
0.305231
0.06131
0.00602394
0.00986172
0.00541415
0.0181144
0.0118251
0.202742
0.40433
0.120368
0.0285293
0.00657448
0.0216566
0.0297324
0.0144709
0.271792
0.619631
0.13772
0.1279
0.0344438
0.00866282
0.0296075
0.0364451
0.0746024
0.155648
0.154623
0.121267
0.0554936
0.0430601
0.0605769
0.0363336
0.162369
0.25069