0.103032
0.0196643
0.0179989
0.0629157
0.108508
0.151094
0.0971882
0.0702491
0.0212369
0.0179135
0.0144056
0.0576182
0.0981864
0.0954486
0.0281635
0.0288218
0.0656637
0.00322006
0.00817668
0.309855
0.685184
0.290572
0.0948176
0.0947244
0.0116421
0
0.00192802
0.054209
0.303812
0.140619
0.0298147
0.0329814
0.0587687
0.0402327
0.0524124
0.0734456
0.128517
0.134798
0.169228
0.103426
0.0585449
0.166224
0.255749
0.307098
0.201872
0.100343
0.156298
0.057888
0.060901
0.0122342
0.0234018
0.0520185
0.236702
0.208751
0.167429
0.0868464
0.0888325
0.261725
0.151145
0.191977
0.0904929
0.2413
0.139671
0.0620625
0.0218865
0.0480286
0.0896021
0.120532
0.0863468
0.0136775
0.0258792
0.0149506
0.122038
0.10316
0.0632308
0.0407784
0.0250735
0.00816636
0.0534919
0.0468919
0.107487
0.227879
0.0845079
0.0834889
0.0307424
0.0250614
0.0126533
0.0463138
0.655986
0.501247
0.0866028
0.0379112
0.013264
0.00246806
0.0120157
0.0764454
0.0732542
0.0564302
0.0333415
0.0199667
0.00101423
0.00210301
0.0191091
0.0332164
0.056902
0.0332159
0.0300173
0.0232388
0.0108615
0.0145868
0.0197692
0.0588788
0.502906
0.164295
0.0239035
0.0180746
0.000938085
2.4424e-005
0.0342356
0.131976
0.592966
0.0263174
0.0152701
0.0224984
0.00642562
0.00115364
0.0590032
0.473038
0.0359318
0.0165424
0.0164759
0.023204
0.0722824
0.0129713
0.0114328
0.0673472
0.0511716
0.0230144
0.0147918
0.0250588
0.11561
0.0319469
0.0348373
0.0578467
0.324367
0.00263378
0.00849551
0.0134591
0.0565155
0.0705187
0.185664
0.580365
0.288939
0.112546
0.0211754
0.012041
0.13751
0.190317
0.342695
0.296429
0.0837741
0.0316905
0.00587051
0.00622734
0.0586618
0.0649401
0.120227
0.110555
0.0460112
0.0131083
0.0205572
0.237063
0.201969
0.0432608
0.146092
0.174285
0.408335
0.195313
0.0404153
0.0539611
0.14161
0.12297
0.243797
0.192176
0.128454
0.0767894
0.179267
0.273212
0.312123
0.0847231
0.129315
0.207806
0.023918
0.0156974
0.00834307
0.130545
0.177444
0.048585
0.0459905
0.0448132
0.0273646
0.0161902
0.00180058
0.143631
0.411919
0.353379
0.11925
0.0286049
0.042497
0.0751501
0.0912889
0.104546
0.124519
0.0383713
0.0408727
0.0511325
0.0509768
0.0805371
0.0735226
0.244038
0.490106
0.381895
0.122012
0.0287612
0.00712985
0.00530348
0.0124346
0.314508
0.435142
0.0668941
0.0117599
0.0127021
0.0196047
0
0.00592787
0.0419706
0.149355
0.0598937
0.0280496
0.0294452
0.00161829
0.00559893
0.0248045
0.487677
0.560621
0.03193
0.00300223
0.000273218
0.0255774
0.00808439
0.0170468
0.0892225
0.154598
0.0931504
0.0391413
0.0235109
0.0399063
0.00181666
0.00566388
0.00656638
0.048576
0.0724933
0.0877649
0.0519787
0.0619684
0.172844
0.113109
0.0366773
0.0114036
0.0654344
0.0620822
0.0553998
0.0635137
0.0161476
0.0656502
0.106043
0.0813405
0.115339
0.0751202
0.0458557
0.106302
0.557544
0.541876
0.352364
0.0809857
0.0559244
0.0367075
0.0558128
0.0274601
0.148036
0.11401
0.0178975
0.00143112
0.00417545
0.00363725
0.00917887
0.221102
0.325658
0.104066
0.0113633
0.00425243
9.833e-005
0.000961807
0.0143039
0.0300137
0.382558
0.291888
0.0625843
0.0145414
0.00661847
0.00167118
0.00578342
0.194819
0.606276
0.307776
0.0210893
0.0200913
0.00376721
0.0067913
0.0157016
0.272923
0.130394
0.008093
0.00194934
0.0039825
1.17331e-006
0.00349363
0.0668904
0.355919
0.0206193
7.81519e-005
0.000907964
0.00117032
5.54199e-005
0.0138089
0.292105
0.342953
0.279741
0.0767205
0.00421604
0.00719029
0.000511521
0.0145548
0.0783181
0.486224
0.094027
0.0118428
0.00331494
0.00824312
0.000684581
0.0587615
0.431354
0.156873
0
0.000172571
0.000232453
0.00466509
0.0386939
0.12336
0.29784
0.0642929
0.019633
0.0030661
0.000264831
0.0268528
0.125927
0.355215
0.150492
0.201616
0.0654034
0.000422446
0.00601537
0.01564
0.0377191
0.23121
0.418675
0.0597879
0.0441123
0.000593955
0.00709494
0.0258895
0.18945
0.536822
0.20338
0.0816329
0.0496602
0.0133575
0.0270897
0.0385621
0.0947664
0.276285
0.0844227
0.0260221
0.0278684
0.0385412
0.092786
0.0881543
0.0487787
0.081572
0.0255293
0.0372589
0.0218399
0.00282756
0.0140398
0.0243751
0.264418
0.645478
0.120111
0.0308093
0.0176778
0.00240475
0.0440482
0.0925432
0.23879
0.474645
0.0479051
0.0119622
0.0259717
0.0588965
0.0983999
0.117619
0.0232739
0.0131993
0.00584057
0.0106249
0.0267198
0.0655493
0.305827
0.444927
0.0545204
0.00919896
0.00209704
0.0154226
0.00529432
0.00925645
0.0689814
0.189526
0.122357
0.119624
0.00915685
0
0
0.0168434
0.290103
0.659322
0.0278636
0
0
0.0077086
0.0185539
0.0310383
0.4013
0.318742
0.0136177
0.00271405
0.00645412
0.0302746
0.0313315
0.0319019
0.0916428
0.0861355
0.0488135
0.0174342
0.0116747
0.0196756
0.0333012
0.0670774
0.470305
0.545723
0.0425668
0.0142736
0.0171691
0.0460147
0.0623107
0.107639
0.20379
0.22086
0.0895809
0.0193012
0.0257537
0.0205156
0.0149313
0.0576267
0.106945
0.0379276
0.0226022
0.00698234
0.00284848
0.0179607
0.134352
0.286431
0.371165
0.0393274
0.00960293
0.00035021
0.00205151
0.0202279
0.0507169
0.225463
0.193394
0.0766707
0.0216599
0.002898
0.00285587
0.00616313
0.100932
0.555614
0.512984
0.04622
0.00132992
0
0
0.0143223
0.219797
0.259335
0.146159
0.0163018
0.00728019
0
0.000448955
0.0761956
0.379604
0.270262
0.0738453
0.0206788
0.0169996
0.0318949
0.0398468
0.00326921
0.113306
0.443555
0.282
0.0807026
0.00702834
0
0
0.0242869
0.149611
0.32927
0.249945
0.243407
0.157813
0.044741
0.042002
0.195282
0.273264
0.149271
0.0263131
0.0148425
0.0584558
0.125765
0.0927839
0.292818
0.22701
0.139113
0.03302
0.0182591
0.0514579
0.147674
0.230459
0.0226074
0.0871056
0.124089
0.0981592
0.163262
0.296586
0.248212
0.108118
0.0602069
0.165901
0.373049
0.152408
0.0485562
0.175393
0.280061
0.11122
0.193174
0.192007
0.0995076
0.0399555
0.0492228
0.0521333
0.148819
0.185389
0.145443
0.0921883
0.0286021
0.0713803
0.149716
0.189567
0.316166
0.140176
0.136028
0.150926
0.265382
0.106394
0.0667337
0.105691
0.175566
0.167042
0.127432
0.0750789
0.101957
0.285942
0.378992
0.226302
0.216322
0.16352
0.0285706
0.0041639
0.00310002
0.0304217
0.0807246
0.200573
0.250294
0.0568533
0.0101068
0.00116122
0
0.00896294
0.154355
0.308407
0.200607
0.0289889
0.0191618
0.00779679
0.0176197
0.149397
0.34291
0.297204
0.0869243
0.0296957
0.00168102
0
0.000234798
0.0548809
0.508239
0.418563
0.0341066
0.0112787
0.00386724
0.00132756
0.000336539
0.0280721
0.228354
0.222824
0.0659968
0.00717284
0
0
0.000504809
0.216153
0.397407
0.0328194
0
0
0
0
0.000164628
0.0737937
0.488413
0.318323
0.02968
0.00252665
0
0
0.000658513
0.243792
0.438725
0.131662
0.0234432
0.000992098
0.0272733
0.0284129
0.0346056
0.244375
0.512944
0.114722
0.0979279
0.0740611
0.0877237
0.130579
0.124669
0.19319
0.190454
0.0684281
0.061432
0.106874
0.0383779
0.0481008
0.0436018
0.184964
0.260186
0.18763
0.247791
0.12975
0.170035
0.233936
0.137087
0.0952009
0.0555342
0.0865371
0.216776
0.21904
0.0251126
0.0873902
0.219607
0.208801
0.0688506
0.0115265
0.00129279
0.0129726
0.000641734
0.0672126
0.362287
0.452903
0.108976
0.00827246
0
0
0.0505312
0.153675
0.154755
0.153772
0.0551209
0.142433
0.0434692
0.0320107
0.000361121
0.0274635
0.116103
0.380358
0.353468
0.306393
0.0433386
0
0
0.0343491
0.225741
0.304018
0.141228
0.0234273
0
0
0.00445508
0.0158879
0.146621
0.198132
0.310011
0.245079
0.0173084
0.0179943
0
0.00119087
0.0411272
0.286766
0.318723
0.208719
0.00767554
0
0.0191411
0.0243675
0.279533
0.364157
0.29286
0.18725
0.0113906
0.00825679
0.0181455
0.00736935
0.065006
0.115133
0.167927
0.301287
0.158743
0.0799797
0.0609646
0.0365075
0.164149
0.227872
0.0593456
0.156951
0.278026
0.143032
0.126347
0.0773888
0.273996
0.259853
0.117204
0.136234
0.120372
0.0707636
0.365803
0.071742
0.0555447
0.141544
0.0223535
0.107248
0.295266
0.285261
0.116314
0.0554771
0.134153
0.143386
0.0464844
0.0976548
0.169409
0.180399
0.0950709
0.0657928
0.0705354
0.327169
0.20335
0.140694
0.1142
0.105789
0.26954
0.0229798
0.0453922
0.0825379
0.0386187
0.167301
0.200776
0.288349
0.107303
0.0246213
0.0426371
0.304251
0.34999
0.31335
0.155524
0.109334
0.00893245
0.0128053
0.0147941
0.20337
0.320793
0.122934
0.0115948
0.00368949
0
0.00188914
0.0128874
0.124003
0.480588
0.167098
0.00522292
0
0.00937587
0.00657502
0.0824174
0.355948
0.3002
0.06441
0.0210077
0.0025837
0.000871881
0.00701016
0.200726
0.413688
0.269399
0.0315484
0.000675705
0
0.00173669
0.0183989
0.0621605
0.119929
0.394839
0.227193
0.0435914
0.00281417
0.0163378
0.0231127
0.0727589
0.107792
0.310998
0.228009
0.0686481
0.0105944
0.0455405
0.0610184
0.338901
0.379462
0.169337
0.0708029
0.038936
0.0256626
0.14514
0.0991588
0.350729
0.151583
0.110705
0.112058
0.104301
0.0518273
0.0172559
0.0251863
0.062203
0.328816
0.179632
0.0607942
0.127975
0.0291717
0.0776886
0.111101
0.100034
0.118887
0.0425155
0.0918865
0.167493
0.0671631
0.00384912
0.00328041
0.0577033
0.602137
0.422421
0.0153253
0.0130628
0.000919652
0.0168523
0.0315525
0.0502495
0.250631
0.200323
0.0751684
0.120015
0.0144798
0.019338
0.0650866
0.0540101
0.031064
0.0449494
0.20104
0.0735315
0.0164877
0.000229365
0.00826917
0.0226796
0.0582283
0.286364
0.455625
0.0636746
0.00367903
0.00396668
0.012229
0.0147941
0.0198485
0.0925184
0.196449
0.116439
0.0164754
0
0.000320307
0.00915365
0.00901366
0.373361
0.613853
0.0827908
0.0177806
0
0.000728247
0.0127351
0.0769119
0.257477
0.326128
0.0129949
0
0.0129917
0.0263185
0.152769
0.283286
0.288759
0.185065
0.00595897
0.0033104
0
0.00291299
0.0105771
0.0137948
0.262218
0.467782
0.0972417
0.0397932
0.0230042
0.0229997
0.0343947
0.0877233
0.254749
0.354555
0.190836
0.0972917
0.118521
0.119151
0.180164
0.259323
0.149568
0.0575676
0.0284134
0.0488925
0.392495
0.164814
0.0736688
0.0706851
0.0145335
0.0402134
0.0898362
0.205618
0.147907
0.082763
0.0366658
0.1284
0.140108
0.169624
0.126835
0.148034
0.448853
0.163467
0.0597476
0.0547882
0.0264514
0.093672
0.0426497
0.394161
0.200859
0.0766622
0.098351
0.0422687
0.0338524
0.145166
0.137024
0.151685
0.0397808
0.0452839
0.140544
0.289537
0.362132
0.248861
0.128223
0.0390467
0.279924
0.174354
0.144131
0.0327894
0.0292017
0.0940429
0.0596808
0.259923
0.196417
0.28131
0.286206
0.182199
0.152679
0.126892
0.0711627
0.0757305
0.0140325
0.0253586
0.200838
0.314268
0.191596
0.0410696
0.0153073
0.000377512
0.00312528
0.00769539
0.321217
0.444686
0.0677008
0.00247341
0
0
0.0810201
0.18321
0.272596
0.186572
0.0852002
0.0345188
0.0106161
0.0167746
0.0147002
0.105214
0.410699
0.343934
0.0666438
0.00098275
0
0.0184322
0.0336855
0.0221495
0.344637
0.52145
0.0920796
0.00939428
0.0135517
0.0151309
0.116048
0.0545349
0.214809
0.150904
0.0799813
0.0343679
0.0890713
0.065945
0.00593284
0.0528252
0.337271
0.456402
0.167939
0.00499457
0.002405
0.00562675
0.0457264
0.0746375
0.135339
0.101562
0.0847778
0.0122043
0.0415941
0.0419385
0.000160213
0.000251763
0.0123199
0.279537
0.471468
0.0117813
0
0
0.00154122
0.0125264
0.0199514
0.144
0.224105
0.0180484
0.0389031
0.00347827
0.00546636
0.011728
0.0429003
0.343012
0.578485
0.00939489
0
0.00357021
0.0223062
0.0218251
0.0788947
0.215908
0.227324
0.0058615
0.00845595
0.00834648
0.00424358
0.0204074
0.03146
0.0512913
0.115981
0.141351
0.0901469
0.0166368
0.00430775
0.00346479
0.0136141
0.0361655
0.343379
0.746422
0.165369
0.0295649
0.0611077
0.0464254
0.072741
0.0860563
0.0464991
0.0192292
0.0201326
0.0481121
0.0413649
0.0297108
0.0819361
0.0662387
0.138338
0.264451
0.163774
0.0570501
0.000323691
0.00107534
0.00271863
0.00438463
0.122438
0.369095
0.236997
0.0600072
0.0313237
0.00865367
0.0115232
0.00700707
0.0656601
0.28129
0.382191
0.157848
0.00343932
0.0026631
0.0162539
0.00985433
0.0472545
0.174019
0.295142
0.068207
0.0352358
0.00166336
0.000869794
0.00117787
0.0243922
0.191367
0.517836
0.202151
0.112989
0.0177041
0.00860441
0.0149057
0.0316138
0.0980765
0.140591
0.164963
0.359442
0.0357111
0.0086574
0.0088454
0.0111767
0.0255043
0.0347908
0.371745
0.116546
0.00363634
0.00161548
0.00307461
0.0189885
0.0804794
0.219873
0.286109
0.45461
0.0174775
0.00107698
0.00204974
0.00433282
0.00793719
0.0624924
0.494178
0.303641
0.11825
0.0477477
0.00102857
0.017235
0.0143807
0.0103791
0.2523
0.199917
0.297313
0.166114
0.0212875
0.019097
0.0182201
0.0172753
0.0718382
0.475855
0.162803
0.0219572
0
0.00394981
0.000789962
0.00219357
0.254494
0.309474
0.423665
0.0970368
0.00728627
0.00263321
0.000526641
0.00170908
0.06595
0.160548
0.388033
0.287746
0.0551718
0.0167461
0.0137724
0.00694534
0.0204553
0.0346605
0.293602
0.438069
0.134771
0.0400821
0.00443878
0
0.0196476
0.225025
0.419536
0.164248
0.0180866
0.00112626
0.000973985
0.0100493
0.0341459
0.06605
0.230113
0.209339
0.0617414
0.0248659
0.016801
0.0165187
0.031027
0.0157894
0.194333
0.492438
0.306842
0.163934
0.0279289
0
0.00793929
0.0200752
0.103709
0.322214
0.165089
0.0824262
0.0147533
0.0007845
0.00705406
0.0194344
0.111633
0.212536
0.203694
0.112632
0.0625723
0.0195291
0.0336969
0.00322192
0.0214361
0.186735
0.292889
0.163813
0.0484663
0.00743005
0.00678606
0.0150184
0.0235809
0.0603897
0.536871
0.367681
0.00321552
0.00288231
0.0166547
0.0243069
0.0230395
0.0698507
0.27984
0.173165
0.00531779
0.0143295
0.0156592
0.106275
0.0845772
0.179575
0.461312
0.126102
0.002902
0.0140371
0.111336
0.0117626
0.0154622
0.0616796
0.246683
0.134531
0.0149381
0.0379467
0.0134279
0.229073
0.14324
0.152271
0.163356
0.085934
0.010884
0.0513622
0.180535
0.180904
0.127231
0.300941
0.0911957
0.0823355
0.149142
0.21649
0.22209
0.0919005
0.0705243
0.0639481
0.130062
0.160358
0.0691408
0.181706
0.145728
0.102959
0.10601
0.103959
0.0907007
0.186106
0.107275
0.142262
0.247425
0.0316858
0.0174237
0.0678096
0.0240616
0.0289094
0.100397
0.293789
0.155806
0.0723274
0.00637506
0.00573995
0.00492248
0.0150227
0.145114
0.662428
0.43907
0.0349678
0.0210794
0.0303963
0.0499923
0.096585
0.0456164
0.0499593
0.0666288
0.0862699
0.0155066
0.0178295
0.0353104
0.0602399
0.0316769
0.102325
0.139424
0.11085
0.00373433
0.000234061
0.000100312
0.00731394
0.0439312
0.261442
0.404724
0.487534
0.0443272
0
0
0.001469
0.00577475
0.0909874
0.585422
0.061781
0.0158864
0.00299834
0.016501
0.0265935
0.00887274
0.0696459
0.105854
0.15669
0.0759669
0.00924466
0.0178618
0.0167469
0.0132601
0.0455246
0.132544
0.614669
0.178508
0.0150192
0
0
0.00276749
0.0144382
0.284791
0.414065
0.384307
0.0486041
0.00600519
0.0030809
0.00640487
0.0265349
0.102205
0.159418
0.0658884
0.0212566
0.0261168
0.00606405
0.0248547
0.0382463
0.0648142
0.0952929
0.0256698
0.0381721
0.0973025
0.0589705
0.0497625
0.0608744
0.0457057
0.330443
0.435165
0.0793435
0.0271269
0.018287
0.0158786
0.0997095
0.207749
0.104061
0.159956
0.110323
0.068903
0.043388
0.0644355
0.156027
0.262856
0.0484629
0.0185385
0.0436822
0.206468
0.224745
0.0650143
0.0856142
0.108215
0.043777
0.0926398
0.082238
0.208788
0.201982
0.0580275
0.120129
0.199462
0.0229083
0.0272275
0.0616108
0.143292
0.125692
0.0710614
0.126341
0.12341
0.00291188
0.00586929
0.0580062
0.265528
0.348448
0.0864731
0.0415183
0.0101263
0.0452969
0.0675364
0.0892301
0.18453
0.248207
0.0971281
0.135237
0.10187
0.0207248
0.0167402
0.222423
0.357438
0.361361
0.0927184
0.0453615
0.00227716