0.142291
0.10879
0.133158
0.138711
0.0854845
0.0325676
0.0107301
0.0506169
0.144766
0.0971654
0.0747313
0.105568
0.194053
0.0995631
0.0413663
0.147513
0.203416
0.13175
0.0733072
0.165822
0.246162
0.0911465
0.0465997
0.0626983
0.166161
0.162586
0.0256922
0.301249
0.514443
0.0796118
0.0627592
0.159415
0.121707
0.0580335
0.0323661
0.0336612
0.11013
0.0739244
0.0542493
0.145469
0.122941
0.137549
0.0885516
0.0461456
0.0987816
0.0769205
0.131372
0.101202
0.153396
0.0960553
0.0119903
0.100605
0.20215
0.0651073
0.22229
0.222757
0.115555
0.0373799
0.0154866
0.0133183
0.0302036
0.145354
0.631012
0.239761
0.125064
0.123868
0.0700013
0.0701807
0.0830226
0.0820322
0.0943214
0.0423651
0.276456
0.214047
0.0587407
0.0786148
0.0870042
0.113068
0.123593
0.129493
0.131116
0.0674352
0.00955228
0.0179098
0.0289629
0.174726
0.414981
0.196666
0.253416
0.173377
0.0493624
0.0229126
0.0640395
0.20457
0.279919
0.252769
0.169002
0.172253
0.119251
0.121039
0.0972496
0.0553591
0.0459536
0.0755524
0.041935
0.0600843
0.310497
0.340328
0.224242
0.0411653
0.0148307
0.00661542
0.119097
0.134903
0.114213
0.0677051
0.168762
0.0837376
0.0972006
0.110546
0.0434037
0.0584637
0.175773
0.211416
0.486097
0.114364
0.028487
0.0203012
0.0277972
0.012363
0.210409
0.289345
0.270531
0.086267
0.0367519
0.0216119
0.0729988
0.0494419
0.0433381
0.0755399
0.159926
0.128973
0.0864246
0.0577951
0.119069
0.0553474
0.0865438
0.147601
0.380919
0.209187
0.112242
0.0326476
0.247082
0.199
0.0367701
0.0506174
0.159256
0.228499
0.186307
0.0714864
0.0806998
0.0700517
0.0608646
0.0587237
0.0717886
0.14585
0.120307
0.0821428
0.112886
0.10278
0.0804267
0.0728371
0.0780655
0.184617
0.0844113
0.105068
0.204522
0.300913
0.112211
0.0782207
0.0836085
0.123445
0.15434
0.176748
0.214528
0.219917
0.179146
0.0673418
0.0628848
0.126676
0.156617
0.310571
0.0820459
0.0956331
0.0835886
0.0720411
0.0518457
0.0678013
0.0408405
0.0776977
0.0722818
0.0929194
0.120591
0.131191
0.0736704
0.0312663
0.0582611
0.109934
0.314299
0.0933135
0.0967833
0.0511937
0.0564864
0.0992435
0.0672765
0.243164
0.438138
0.0811916
0.0962531
0.0832527
0.108852
0.0927226
0.209291
0.31921
0.0568522
0.0590864
0.0340034
0.104843
0.216178
0.102932
0.0448277
0.0358137
0.0455934
0.0575265
0.039829
0.244264
0.488943
0.0400945
0.0208108
0.0267357
0.0570603
0.0904974
0.074246
0.0881475
0.172621
0.123854
0.152997
0.0742898
0.0233041
0.0280158
0.0542851
0.284757
0.510824
0.118904
0.0921966
0.0319615
0.0669024
0.0709722
0.0377179
0.11743
0.227351
0.0340143
0.083298
0.0554177
0.106584
0.0667546
0.0295113
0.0315576
0.0131362
0.0832402
0.387794
0.162219
0.0453197
0.0595621
0.0739649
0.295723
0.394382
0.0469623
0.0172506
0.0275038
0.136218
0.112464
0.0828745
0.190427
0.197157
0.0602817
0.433056
0.134922
0.0386401
0.0124242
0.00273157
0.00139568
0.00494981
0.0874866
0.231473
0.12586
0.0465802
0.0156781
0.00900751
0.000509304
0.0114254
0.101045
0.252091
0.1693
0.0309807
0.018379
0.01001
0.0108533
0.0246765
0.0834618
0.477788
0.130253
0.0174378
0.00166132
0.00166132
0
0.00138275
0.0716651
0.632357
0.229123
0.042295
0.0126903
0.0343845
0.022601
0.0481298
0.037359
0.245377
0.132247
0.0428045
0.0173746
0.0433802
0.100268
0.222694
0.059676
0.0736333
0.0634145
0.0361297
0
0.00707071
0.00902758
0.00783297
0.0389026
0.612434
0.268746
0.0732744
0.00688914
0.0229892
0.0597162
0.138624
0.0777442
0.284932
0.376921
0.159078
0.0809445
0.0206916
0.0938541
0.230377
0.122119
0.062806
0.0415306
0.258378
0.192077
0.0248929
0.0379978
0.111126
0.133894
0.0787361
0.0377788
0.175637
0.052773
0.0171942
0.0651717
0.210366
0.14242
0.165445
0.402732
0.214413
0.088347
0.0214502
0.0768522
0.252795
0.163372
0.137525
0.219037
0.179496
0.207473
0.063642
0.0829455
0.145198
0.074728
0.0573143
0.0970484
0.209052
0.139102
0.101171
0.0662484
0.0705551
0.118056
0.119706
0.232275
0.112919
0.0593295
0.0584017
0.144552
0.349189
0.154498
0.128826
0.0821934
0.127945
0.265344
0.210027
0.110918
0.108751
0.15075
0.144424
0.0715141
0.309622
0.0785188
0.0445801
0.026923
0.049854
0.122757
0.0576237
0.19542
0.366957
0.0359849
0.0510551
0.061602
0.126372
0.0960251
0.218522
0.251902
0.118103
0.221469
0.106968
0.0663957
0.0573836
0.128922
0.0904202
0.0574093
0.169126
0.0920894
0.0949983
0.149618
0.183294
0.0848344
0.194916
0.0952729
0.109494
0.0936312
0.0838686
0.0785352
0.105299
0.105152
0.15158
0.107235
0.034103
0.0474393
0.0362857
0.293645
0.413606
0.161286
0.087673
0.0314245
0.187437
0.0854695
0.0431562
0.0427898
0.0748658
0.0815186
0.173236
0.271828
0.115927
0.0838371
0.0704569
0.308008
0.350989
0.0763005
0.083255
0.133812
0.00632832
0.0127693
0.0182587
0.208182
0.37159
0.044344
0.00848881
0.00308098
0.0231987
0.0299336
0.0317871
0.136915
0.353182
0.0393675
0.138487
0.0257517
0.00420189
0.00641228
0.0126059
0.281503
0.428846
0.033776
0.0136961
0.00504861
0.00926902
0.00962835
0.030423
0.245352
0.452885
0.0281682
0.00854922
0.00661691
0.0110584
0.0159176
0.019825
0.0253472
0.0865251
0.0462876
0.389445
0.0915468
0.010413
0.00530179
0.0151606
0.00289772
0.00266038
0.0308389
0.71191
0.275097
0.0215605
0.0254258
0.045079
0.0731024
0.109999
0.0166246
0.0577982
0.0334553
0.0263184
0.0226438
0.0355178
0.0230216
0.0190987
0.0211097
0.202884
0.164941
0.020012
0.000534224
0.00324735
0.00110798
0.000396155
0.0367429
0.395566
0.219011
0.0359705
0.000210865
0.00217736
0.00511557
0.0177551
0.0861854
0.390149
0.297362
0.022462
0.00751868
0.00994611
0.00783669
0.00913052
0.0337187
0.212079
0.150364
0.0178712
0.0065937
0.00763491
0.0084244
0.00923369
0.0715161
0.550811
0.23613
0.0303979
0.00239103
0.00117814
0.00290396
0.0173104
0.0657173
0.217782
0.175449
0.0460093
0.00582591
0.00216614
0.0123914
0.043955
0.088039
0.16711
0.108522
0.0086127
0.00265493
0.00232621
0.00281904
0.00304876
0.0624816
0.575442
0.165123
0.0274578
0.0108553
0.00518789
0
0.00429746
0.0891078
0.595493
0.177522
0.06725
0.0112295
0.00989916
0.0233218
0.0831933
0.0993202
0.157024
0.137048
0.0579797
0.102358
0.0724867
0.0200144
0.0281417
0.0723747
0.13514
0.0820201
0.0525197
0.0178615
0.0153082
0.00125042
0.0189375
0.163322
0.536088
0.267533
0.0315418
0.0220056
0.0173538
0.0171968
0.0324892
0.231852
0.487781
0.163911
0.0496881
0.160313
0.0658322
0.0600323
0.0139125
0.0253806
0.0751548
0.0365471
0.101566
0.161853
0.10091
0.196275
0.0571401
0.00740742
0.087365
0.0560365
0.0263645
0.106926
0.043518
0.0943291
0.0670666
0.152428
0.330795
0.136333
0.0811507
0.247165
0.270474
0.463888
0.230484
0.105298
0.161308
0.151278
0.203258
0.0610804
0.0462826
0.0328895
0.0242299
0.0265803
0.0895442
0.210358
0.136368
0.027536
0.0490293
0.206791
0.23339
0.0783021
0.0737012
0.13391
0.385078
0.0551198
0.0391245
0.0903175
0.0270387
0.0429205
0.0581226
0.172809
0.112455
0.00398475
0.0330555
0.338729
0.462417
0.0966385
0.112822
0.100081
0.00611429
0.00200006
0.010042
0.236185
0.282736
0.0358224
0.0138279
0.00525218
0.0150604
0.00815449
0.00953834
0.255403
0.285044
0.0136359
0.0077856
0.00687326
0.00258787
0.000185552
0.00782172
0.291706
0.48464
0.0226684
0.0154498
0.002905
0.00872799
0.00266226
0.0018691
0.285768
0.449721
0.00828331
0.0128178
0.00923345
0.0939318
0.0676783
0.0496325
0.231874
0.215675
0.0467348
0.0784332
0.080295
0.100317
0.0801293
0.0515434
0.0665076
0.064479
0.108827
0.121537
0.131742
0.0772793
0.0421576
0.0181452
0.301452
0.402167
0.062774
0.119371
0.096185
0.12269
0.146568
0.104372
0.100174
0.0931736
0.12747
0.148716
0.141102
0.0523259
0.0730886
0.0531327
0.0565896
0.0540134
0.0820681
0.116544
0.0810191
0.0545408
0.102819
0.0975744
0.0794204
0.0515463
0.0565344
0.508771
0.243351
0.0585107
0.148601
0.133621
0.0819471
0.05554
0.0732666
0.0471461
0.031312
0.160265
0.382829
0.167206
0.123862
0.0639165
0.0367603
0.0544417
0.0541547
0.0163418
0.0146614
0.0153989
0.0126746
0.00694997
0.0182937
0.286209
0.098616
0.011472
0.042647
0.0519712
0.0241542
0.00945957
0.0288453
0.502502
0.174875
0.059573
0.258792
0.0494741
0.0212236
0.0100701
0.00324585
0.027636
0.0386184
0.0206128
0.600634
0.217631
0.0437625
0.016974
0.0071175
0.1126
0.0625277
0.00449698
0.0500963
0.0914075
0.0802244
0.034754
0.098791
0.419808
0.132207
0.0106296
0.02877
0.0645214
0.100352
0.0552811
0.148138
0.274616
0.0692215
0.021879
0.410157
0.358432
0.143105
0.0382045
0.0370436
0.13226
0.0379279
0.117318
0.190721
0.303159
0.153383
0.0485954
0.0416374
0.0494368
0.0153596
0.0205201
0.0454054
0.0397561
0.0640802
0.0655827
0.15201
0.211906
0.10769
0.0139575
0.0973307
0.137421
0.30048
0.20194
0.201053
0.130077
0.0925541
0.148145
0.213065
0.115596
0.118381
0.0927255
0.0813123
0.0389514
0.0381281
0.0677609
0.113625
0.111729
0.362811
0.361782
0.271172
0.11263
0.10476
0.148862
0.0139438
0.020732
0.088554
0.0746538
0.047556
0.0574312
0.0975769
0.0261427
0.000354207
0.0209889
0.287471
0.419455
0.0497337
0.0475276
0.0280033
0.0286523
0.0008597
0.0433707
0.100593
0.145969
0.0420402
0.0916347
0.0588649
0.00418413
0
0.067546
0.543603
0.416822
0.0340388
0.0116379
0.00402311
1.95249e-005
0
0.00468966
0.224683
0.390326
0.00595166
0.00657316
0.000331925
0.00510097
0.00397601
0.00582544
0.208797
0.336433
0.000459007
0.00990104
0.00915423
0
0
0.0300899
0.349132
0.40215
0.00402616
0.000190118
8.14791e-005
0.0249306
0.00970341
0.0130977
0.217037
0.449749
0.00125692
0.0080936
0.0128362
0.0386236
0.0139258
0.0175703
0.11103
0.151011
0.0194192
0.0399994
0.0486737
0.075373
0.0572369
0.0319427
0.0280535
0.0287111
0.0748383
0.0585694
0.0823151
0.113592
0.117281
0.0863809
0.105386
0.226795
0.0153831
0.031783
0.0395787
0.291067
0.685138
0.207714
0.0170459
0.0532907
0.0564905
0.0563292
0.116407
0.0370998
0.0773935
0.0253271
0.0128349
0.00999189
0.0172848
0.0130699
0.0155038
0.0806779
0.323322
0.0519753
0.0139988
0.0101884
0.0078138
0.00924043
0.0099095
0.142557
0.451746
0.0468892
0.00637035
0.00713065
0.0106072
0.015564
0.0332491
0.147136
0.720098
0.0710194
0.00399085
0.00235609
0.00328844
0.0134246
0.0107365
0.0691065
0.450538
0.0607134
0.00509149
0.00334569
0.0017304
0.00586459
0.00954263
0.0317819
0.554917
0.160436
0.0161471
0.00554243
0
0.000769007
0.00637999
0.0861116
0.467758
0.0984362
0.00857195
0.00175882
0.0104131
0.0145467
0.0115978
0.117453
0.277788
0.124352
0.0351993
0.00698726
0.0123144
0.00634889
0.0229476
0.0650733
0.460695
0.309015
0.0743168
0.0137951
0
0
0.00355529
0.186494
0.304801
0.285405
0.0576834
0.0131642
0.00126111
0.00139222
0.00779055
0.221652
0.284433
0.164706
0.0541702
0.0153501
0.00597729
0.00450991
0.0242394
0.181534
0.248993
0.160117
0.0404276
0.0277214
0.0108357
0.0165493
0.0485014
0.124484
0.159669
0.0631131
0.0543432
0.103238
0.0437536
0.00287532
0.0118921
0.0503325
0.0497049
0.0414659
0.175891
0.423368
0.292437
0.18393
0.0703201
0.0731501
0.0608479
0.0390723
0.06677
0.0997562
0.0360556
0.0173561
0.0384923
0.0266571
0.0201579
0.065672
0.11688
0.313822
0.35976
0.400194
0.0530807
0.0470055
0.0195325
0.0181633
0.0641598
0.13207
0.0378061
0.0421058
0.0272532
0.0164037
0.012675
0.0490073
0.547655
0.224245
0.0109203
0.0120437
0.00723158
0.0935168
0.0544079
0.0353779
0.0541112
0.0818837
0.0773207
0.0990204
0.0920863
0.0483682
0.0377809
0.0977178
0.590279
0.242559
0.0347472
0.0384605
0.0256107
0.00173319
7.84296e-005
0.0260047
0.384274
0.318837
0.00997835
0.000723846
0.00548887
0.0586879
0.11582
0.0217714
0.166361
0.407283
0.0275714
0.00767435
0.0269
0.018062
0.00362832
0.0266513
0.367235
0.274054
0.0601923
0.0211602
0.043807
0.130953
0.293457
0.0806369
0.115005
0.234411
0.0773269
0.0292529
0.135939
0.106191
0.216483
0.062056
0.0253283
0.0739215
0.00900941
0.00610512
0.0104633
0.120734
0.489885
0.176575
0.00447834
0.0122226
0.00258298
0.00632843
0.0140227
0.141497
0.402728
0.125548
0.0238791
0.0351686
0.0125188
0.00661144
0.03298
0.226786
0.509996
0.174136
0.0230557
0.00374448
0.00239607
0.00236442
0.00200006
0.0907583
0.525705
0.1478
0.00636866
0.00168442
0.00145267
0.014498
0.0174093
0.105203
0.51742
0.0972113
0.0216228
0.00211564
0.00961894
0.0313096
0.0183588
0.143606
0.342389
0.174655
0.0149867
0.00912774
0.00890653
0.0278462
0.0121674
0.0615204
0.254431
0.185956
0.0490599
0.0266706
0.0277925
0.0610476
0.036903
0.12792
0.420443
0.118966
0.0636422
0.0428545
0.0796735
0.0550894
0.0299053
0.130529
0.167852
0.133979
0.136873
0.124582
0.102216
0.0339686
0.0232385
0.12101
0.41694
0.212339
0.0913601
0.0715497
0.0912664
0.0606644
0.0700141
0.161754
0.2677
0.143931
0.128301
0.204813
0.105702
0.050553
0.108298
0.246791
0.166358
0.108809
0.147077
0.121096
0.0785345
0.0488579
0.0347069
0.187062
0.135447
0.0878745
0.0649239
0.0852883
0.0765047
0.0544869
0.10404
0.263242
0.0866654
0.0921105
0.15278
0.212923
0.112699
0.0758958
0.187206
0.254773
0.056668
0.116159
0.106639
0.159501
0.160634
0.0709794
0.23075
0.0926576
0.0412247
0.0339249
0.0861378
0.068493
0.0436131
0.0606382
0.102856
0.128489
0.0931308
0.113528
0.114376
0.132594
0.232754
0.430601
0.0994008
0.172024
0.0454659
0.0629729
0.0810198
0.102869
0.10402
0.0827632
0.189818
0.257301
0.114776
0.054581
0.0522858
0.137749
0.122704
0.154717
0.281196
0.0590462
0.0220597
0.0311713
0.0377824
0.0285502
0.104103
0.278677
0.158765
0.0392225
0.0153872
0.068404
0.304028
0.311086
0.169903
0.156875
0.0624668
0.0455418
0.0159446
0.0876614
0.111127
0.130376
0.126289
0.288598
0.125005
0.124757
0.032875
0.126371
0.268156
0.231127
0.242019
0.21466
0.147874
0.0794368
0.0527476
0.023813
0.197517
0.286811
0.164069
0.0874986
0.0601054
0.204366
0.286913
0.198509
0.0928975
0.0919291
0.0794425
0.0585461
0.119449
0.170913
0.150732
0.0617536
0.0770994
0.198293
0.220895
0.137257
0.0921931
0.230614
0.341626
0.174086
0.168691
0.158961
0.109239
0.0532091
0.0235883
0.116847
0.336006
0.267787
0.104422
0.0155931
0.0128336
0.0223548
0.0337929
0.256305
0.346303
0.185337
0.167311
0.0173957
0.0207029
0.0113775
0.0137373
0.0746624
0.173807
0.20328
0.229186
0.107006
0.0736781
0.0358261
0.00487609
0.0749331
0.337001
0.184168
0.231237
0.0630696
0.0586344
0.0435165
0.043687
0.210073
0.183931
0.0869875
0.0859724
0.0378679
0.0287086
0.027502
0.0345424
0.08941
0.163379
0.228509
0.154399
0.0785844
0.0305416
0.0583572
0.0752999
0.155251
0.400132
0.158292
0.116551
0.0340275
0.0208453
0.0267887
0.0567756
0.173877
0.385591
0.378953
0.1593
0.0349202
0.0129685
0.0690366
0.0828429
0.10981
0.23532
0.198168
0.101595
0.0417995
0.0356761
0.0345775
0.11594
0.268954
0.190365
0.0728092
0.0309597
0.0533827
0.0328507
0.0718717
0.355513
0.115568
0.263537
0.254893
0.147403
0.0304651
0.0242197
0.0329115
0.0899531
0.270952
0.195827
0.10187
0.0932605
0.0397898
0.0793466
0.0763284
0.320931
0.245919
0.0302044
0.0167108
0.0148503
0.0298382
0.0292968
0.0655029
0.291474
0.312145
0.0514498
0.0445932
0.0244771
0.0256528
0.0469325
0.0500305
0.282524
0.236858
0.0858359
0.0111638
0.0329217
0.039385
0.0961212
0.117132
0.305242
0.367672
0.192231
0.0145906
0.0391494
0.0561424
0.0834655
0.0981777
0.321538
0.223287
0.0326777
0.0229825
0.0215102
0.0203372
0.0298973
0.0246346
0.232348
0.272133
0.0233666
0.0123335
0.0176424
0.0253946
0.0235051
0.0368431
0.372462
0.270116
0.100953
0.00774375
0.0351881
0.0433987
0.0206837
0.0268451
0.300849
0.291489
0.0224362
0.0230565
0.0313161
0.0579988
0.024226
0.0425448
0.500939