0.0458785
0.0811609
0.175394
0.226688
0.0893604
0.0642036
0.0202418
0.0334817
0.157025
0.135463
0.233913
0.062378
0.0692577
0.0763343
0.00995562
0.0666901
0.0485765
0.0882904
0.182898
0.163859
0.139284
0.214112
0.156269
0.0651155
0.155707
0.127831
0.254006
0.14373
0.269142
0.224235
0.0595167
0.100538
0.0852794
0.0397159
0.0459133
0.0200193
0.016097
0.0101518
0.00495899
0.0342327
0.0768599
0.0672128
0.101761
0.070008
0.0182754
0.00746449
0.0112297
0.027155
0.21398
0.122762
0.113712
0.109293
0.0571054
0.0278349
0.00832434
0.118304
0.439423
0.199325
0.158565
0.103716
0.0117072
0.037769
0.359877
0.534941
0.0591026
0.0611884
0.107928
0.0683459
0.0306347
0.0173982
0.0200714
0.0252341
0.0368762
0.0178796
0.0427767
0.0488303
0.239332
0.203896
0.0420563
0.0263187
0.139621
0.0646818
0.0793849
0.0424997
0.0275735
0.169711
0.557281
0.36715
0.026348
0.0201544
0.0238283
0.0335171
0.103879
0.260972
0.279475
0.0859471
0.00618711
0.0124885
0.0423699
0.00893421
0.268788
0.324183
0.18434
0.0207795
0.0287529
0.0915509
0.235923
0.268895
0.305219
0.288473
0.302201
0.0725466
0.0194755
0.0149858
0.00724165
0.0116959
0.0642148
0.141627
0.191475
0.0456468
0.15741
0.0847539
0.0435835
0.0798752
0.107484
0.160156
0.320123
0.0779678
0.0716137
0.0586706
0.131932
0.29141
0.27332
0.102721
0.148309
0.153609
0.275668
0.00803114
0.0153083
0.0770234
0.082015
0.0605342
0.138931
0.60069
0.154385
0.0760054
0.0715209
0.0928162
0.16136
0.0863451
0.096067
0.0499502
0.105798
0.0300815
0.0737853
0.0626408
0.0850027
0.0620847
0.0226633
0.0962303
0.0754569
0.00499045
0.0169577
0.0295066
0.00798574
0.00476782
0.159223
0.478907
0.259388
0.0268745
0.021431
0.024453
0.00167281
0.00894614
0.262814
0.681218
0.0386763
0.0130871
0.0555303
0.0412594
0.0151723
0.0139492
0.0085551
0.059386
0.0640684
0.0316947
0.0493729
0.048632
0.0242464
0.0100925
0.0161968
0.0819248
0.334077
0.0211736
0.0135418
0.0217153
0.00123606
0.00629598
0.102951
0.449475
0.188836
0.0114635
0.00681414
0.0180524
0.0146891
0.0438319
0.421209
0.536911
0.0617702
0.027908
0.029816
0.0359021
0.012178
0.00662708
0.0344904
0.0681754
0.0376459
0.0174893
0.0196032
0.0333408
0.0268741
0.0373012
0.217115
0.116668
0.0387059
0.0373623
0.0538618
0.0416967
0.0479015
0.0736252
0.0569157
0.0135574
0.0325809
0.0241452
0.0509889
0.121143
0.229217
0.126084
0.0397189
0.0116855
0.475443
0.199069
0.0897465
0.111996
0.0969056
0.127495
0.219287
0.146622
0.0677188
0.037239
0.185608
0.37489
0.381527
0.0826976
0.052693
0.0201128
0.0483149
0.0354787
0.0654272
0.152287
0.0938923
0.0128855
0.00178749
0.0210884
0.152105
0.0607827
0.10768
0.160665
0.0636756
0.0331618
0.295182
0.17399
0.014676
0.0089814
0.0679278
0.374164
0.303743
0.0141945
0.00203898
0.00258766
0.190364
0.0528303
0.154239
0.43821
0.356563
0.0828173
0.257624
0.118719
0.0331903
0.009199
0.0157315
0.0133785
0.00766396
0.0594539
0.352817
0.104593
0.00586998
0.0068447
0.000302607
0.00119776
0.00982061
0.0571663
0.271902
0.0659547
0.136973
0.0343934
0.0500399
0.0503016
0.0501478
0.0823126
0.457048
0.220286
0.0369227
0.0102914
0.00181003
0.000328108
0.0284972
0.188447
0.582298
0.227394
0.0152161
0.0115986
0.000671971
0.00520876
0.0160754
0.0423597
0.127829
0.0449536
0.0655272
0.0301768
0.00723676
0.00545694
0.010623
0.0327402
0.0531542
0.0284208
0.0169222
0.00546356
6.19975e-005
0.00182598
0.0246378
0.183882
0.785636
0.160502
0.0653166
0.0144785
0.000859194
0.00308999
0.00889915
0.0485125
0.426033
0.156024
0.253061
0.114093
0.0932697
0.0253217
0.059097
0.068425
0.0704185
0.0813347
0.100596
0.109053
0.162108
0.0855599
0.0562139
0.0590278
0.017275
0.109656
0.201562
0.0708269
0.0685093
0.0478165
0.0948116
0.141865
0.524441
0.243696
0.0964713
0.13481
0.161002
0.103805
0.0924949
0.106551
0.146093
0.0496713
0.0831126
0.0750427
0.18135
0.160892
0.0618858
0.0815127
0.0218243
0.125565
0.0867463
0.0946084
0.125858
0.232559
0.161435
0.0871471
0.0263444
0.151069
0.0952764
0.108607
0.11631
0.118081
0.0442299
0.200335
0.198515
0.0935014
0.161305
0.0909085
0.100057
0.190422
0.0850229
0.146808
0.101063
0.25571
0.0173069
0.0288149
0.035325
0.0441351
0.0177637
0.00875717
0.010452
0.0172419
0.0863158
0.119436
0.0456677
0.0206865
0.00723789
0.0121115
0.0373417
0.0537325
0.0209288
0.0282607
0.11324
0.129137
0.0155315
0.00331887
0.00500645
0.0201403
0.169942
0.415833
0.527308
0.584917
0.0124881
0
0.00864908
0.010898
0.120723
0.0769226
0.0201542
0.108983
0.188447
0.132548
0.130097
0.0556242
0.00813406
0.00362111
0.054473
0.193604
0.129516
0.0247919
0.0205631
0.00495394
0.0507576
0.0588425
0.0281171
0.304278
0.540712
0.190195
0.215688
0.106203
0.0560359
0
0.028756
0.221968
0.179466
0.0718535
0.225354
0.370602
8.42869e-005
0.00073498
0.0282894
0.248423
0.152493
0.00543748
0.00270558
5.63919e-005
0.101159
0.0565533
0.102339
0.406592
0.225099
0.0283997
0.0249547
0.0475934
0.0130811
0.00298559
0.0388708
0.282963
0.125325
0.0093062
0.0724224
0.122479
0.0226541
0.0328853
0.070809
0.567803
0.408789
0.00706846
0.0205617
0.0157206
0.134401
0.0623096
0.066078
0.137199
0.0540382
0.0332238
0.142067
0.169267
0.0542887
0.0161405
0.00679979
0.0120956
0.0172318
0.215904
0.490242
0.204881
0.0510163
0.0379704
0.0395012
0.380072
0.235383
0.0209541
0.0658494
0.0673511
0.0343157
0.0128193
0.00620565
0.0517469
0.0520829
0.186796
0.485797
0.168874
0.00147438
1.41427e-005
0
0.00437018
0.00838713
0.129409
0.431147
0.0988696
0.0113754
0.00180895
4.65366e-005
0.00679643
0.00856627
0.0750626
0.371011
0.098336
0.00292076
0
0
0.00662937
0.00689507
0.126258
0.484044
0.175693
0.0158199
0.00415581
0
0.0098329
0.0101039
0.194627
0.484044
0.180615
0.0106734
0.00259892
0.00284955
0.00333746
0.0139879
0.0540684
0.265532
0.0768241
0.00613778
0.0059869
0.00510174
0.00285867
0.0134503
0.0186655
0.115121
0.0495725
0.0212272
0.00464265
0
0.00198964
0.00421818
0.213477
0.59311
0.201479
0.00942476
0.00115152
0
0
0.00290185
0.142615
0.59311
0.186805
0.0130292
0.0096974
0.00516666
0.0103117
0.0119983
0.0556489
0.0964566
0.0447925
0.0307957
0.0381503
0.0405523
0.0320217
0.0141022
0.0391608
0.0290858
0.0301342
0.0521316
0.0182704
0.00285082
0.0222591
0.00976665
0.122336
0.629588
0.444169
0.311528
0.154318
0.156263
0.104948
0.0137277
0.0199022
0.104749
0.277371
0.00775236
0.0343631
0.0972088
0.0496656
0.00531751
0.00103867
0.00143958
0.0041631
0.0173926
0.134229
0.381794
0.356474
0.0188759
0
0
0
0.0684174
0.112132
0.288421
0.102787
0.00857105
0.000398069
0.00171081
0.0154022
0.00648069
0.253365
0.575391
0.346875
0.10705
0.0122049
0
0.00183128
0.0694122
0.0132144
0.0258031
0.133607
0.213261
0.0679369
0.145026
0.20964
0.144796
0.009134
0.021367
0.0422384
0.049929
0.0790382
0.223045
0.512037
0.22142
0.0354403
0.0208878
0.0163537
0.0309375
0.0154196
0.0499632
0.276468
0.411616
0.118948
0.0724449
0.00139183
0.00566283
0.0628996
0.0929336
0.3518
0.0364341
0.0228484
0.0760174
0.100806
0.0638913
0.0852809
0.142191
0.174332
0.00642685
0.0286108
0.104297
0.519253
0.324444
0.0548621
0.0452174
0.00808714
0.14204
0.142748
0.160877
0.0237426
0.0233381
0.11783
0.0964421
0.104667
0.0307871
0.10195
0.190624
0.490646
0.256533
0.109922
0.0830598
0.0305495
0.00493748
0.00953529
0.0276094
0.518998
0.343929
0.0118686
0.0113023
0.0108345
0.0119767
0.00509656
0.00310932
0.0895492
0.0840141
0.0522052
0.178361
0.0850063
0.00498096
0.0229924
0.0489195
0.610831
0.301574
0.0216559
0.0253297
0.0066638
0.00503646
0.0146784
0.0102341
0.132866
0.0630659
0.00657484
0.0185927
0.00985071
0.00815624
0.00115156
0.00217806
0.00521614
0.00381722
0.0610343
0.429772
0.149182
0.0102518
0.00227393
0.000712152
0.00385657
0.00316865
0.211266
0.693771
0.259181
0.00908224
0.00929587
0.00685835
0.00770818
0.00708523
0.014181
0.0588331
0.031984
0.0565172
0.0419876
0.00588348
0.00756009
0.00471768
0.0517994
0.302419
0.15344
0.00950756
0.00139812
0
0.000191393
0.000304653
0.151391
0.46778
0.14117
0.0117231
0.000759666
0
0.00111382
0.00248179
0.215239
0.46778
0.150766
0.0556287
0.0685845
0.00532468
0.00650872
0.0289954
0.11084
0.286837
0.0796072
0.0524988
0.0886412
0.0380308
0.0879044
0.199588
0.306021
0.368957
0.0705736
0.0444681
0.00608048
0.000327961
0.00775725
0.00609832
0.104645
0.314972
0.30001
0.303115
0.0988746
0.0327989
0.0254245
0.00686554
0.018209
0.103409
0.23703
0.116076
0.0802782
0.0339696
0.17722
0.190204
0.198442
0.254541
0.166948
0.435446
0.159815
0.00903102
0.086683
0.0669962
0.144026
0.19176
0.251433
0.248651
0.173998
0.227479
0.101065
0.017361
0.0132181
0.0088121
0.0590176
0.0625575
0.193969
0.433268
0.295595
0.126683
0.0198787
0.00249116
0.00866524
0.284139
0.163539
0.0821392
0.103277
0.193625
0.18699
0.0827208
0.107779
0.0843464
0.153407
0.237188
0.279476
0.24643
0.0698155
0.0390915
0.0166031
0.272487
0.0775073
0.0658302
0.0230568
0.0384341
0.0981686
0.0305454
0.150318
0.479529
0.239643
0.122743
0.0381183
0.079645
0.0936102
0.0159283
0.15528
0.119416
0.154598
0.206774
0.142871
0.0861036
0.172693
0.0803266
0.185483
0.146333
0.146339
0.0999633
0.124414
0.291182
0.289176
0.0676344
0.163648
0.125337
0.142685
0.0814404
0.0814106
0.0534955
0.040502
0.0125432
0.0394412
0.0200496
0.0706644
0.0701994
0.526942
0.241011
0.0715977
0.0405544
0.0205186
0.0451103
0.0568453
0.0561115
0.215058
0.123808
0.0828252
0.0209568
0.0442577
0.0188177
0.0229942
0.0690353
0.588115
0.316289
0.0369913
0.00466845
0.0321119
0.00332958
0.00690065
0.0177658
0.445219
0.200094
0.0207577
0.0153875
0.00423611
0.0199388
0.0339318
0.0145561
0.0834254
0.0357734
0.0013857
0.013017
0.00518493
0.0807171
0.0599003
0.038871
0.577809
0.217922
0.0158687
0.00191218
0.0208183
0.159297
0.503588
0.113954
0.0847173
0.0239371
0.0026398
0.00406123
0.0120561
0.0453061
0.0817823
0.0063601
0.00134703
0.00233603
0.00240101
0.00800707
0.00866605
0.122746
0.334035
0.014637
0.00246561
0.00183449
0.00638552
0.0114338
0.0205378
0.210431
0.571333
0.0718817
0.00255671
0.000223978
2.53841e-005
0.00464401
0.00391744
0.314877
0.571333
0.0759185
0.000592405
0.0017148
0.000902618
0.0045896
0.00406519
0.161774
0.344698
0.0155121
0.0045394
0.0213137
0.0233694
0.0364569
0.0121342
0.169916
0.282501
0.100538
0.119007
0.140557
0.0765052
0.089647
0.0036017
0.228723
0.499909
0.0413688
0
0.00506132
0.00404165
0.00520148
0.00538425
0.348933
0.441767
0.111511
0.0419435
0.0098645
0.0104403
0.0254213
0.0175959
0.144727
0.281578
0.126787
0.180363
0.115968
0.0549895
0.0815404
0.0247029
0.346909
0.253046
0.0569002
0.0787994
0.071674
0.150767
0.203163
0.155793
0.235136
0.353256
0.192244
0.0673186
0.00811255
0.00846408
0.0267055
0.0601569
0.295413
0.285576
0.11741
0.128094
0.096456
0.0987207
0.131429
0.15058
0.110872
0.0455226
0.0196954
0.142898
0.261901
0.196462
0.139401
0.0721944
0.0130643
0.0193092
0.0312721
0.233078
0.318497
0.110543
0.0520184
0.00821674
0.0895733
0.065029
0.0426522
0.273836
0.38702
0.185669
0.0930234
0.0443776
0.00125285
0
0.0103024
0.219235
0.436054
0.282659
0.0704539
0.00931747
0.260723
0.0753196
0.0999588
0.0902904
0.0370274
0.0379357
0.0455493
0.252953
0.215679
0.0422824
0.0354065
0.0575246
0.0936096
0.118095
0.0672482
0.353701
0.418173
0.00942898
0.00841233
0.0161462
0.0141349
0.0130222
0.0189885
0.330067
0.264227
0.0165762
0.0236796
0.0679806
0.065586
0.0431028
0.0846491
0.425492
0.0751061
0.0113666
0.0722969
0.163331
0.0839071
0.0872986
0.0439595
0.165238
0.121634
0.0299556
0.122484
0.54037
0.313253
0.0920389
0.040151
0.206166
0.0797524
0.00789273
0.0619995
0.133025
0.132944
0.0843906
0.0876408
0.160659
0.169099
0.131589
0.160976
0.148254
0.20262
0.148546
0.15179
0.335442
0.243798
0.129604
0.0294361
0.1878
0.126655
0.023168
0.0098643
0.0851839
0.275611
0.507883
0.134279
0.0348271
0.00856688
0.00296838
0.000775527
0.0136375
0.285882
0.216875
0.117392
0.0310237
0.0440079
0.0244987
0.0340572
0.132916
0.300199
0.412926
0.178977
0.0487706
0.0026175
0.000742095
0.00242516
0.014609
0.180475
0.546328
0.130138
0.0115996
0.000360962
0
0.0041402
0.00422426
0.210069
0.546328
0.0873559
0.00349599
0.00198273
0.00151869
0.00793864
0.00516911
0.120939
0.32898
0.122437
0.0246734
0.00286246
0.00278226
0.0078466
0.0343948
0.0843667
0.304643
0.0480356
0.00955093
0.00672559
0.0149062
0.0286893
0.0670147
0.19991
0.707592
0.0622347
0.000678553
0.00347022
0.00310167
0.00637967
0.0348502
0.382007
0.330528
0.0461993
0.00677538
0.00346963
0.00234821
0.0085351
0.107105
0.0590056
0.216004
0.0321386
0.00716866
0.00601061
0.013848
0.0286499
0.105316
0.134456
0.0573605
0.00729374
0.00383355
0.00663957
0.00201262
0.0135471
0.174429
0.46801
0.274955
0.12833
0.0320993
0.0134649
0.00681104
0.0246499
0.179797
0.328516
0.221889
0.112308
0.195711
0.252869
0.0730226
0.0865974
0.178942
0.187321
0.039351
0.00795567
0.0129186
0.0169669
0.00926945
0.0860174
0.25367
0.091932
0.081929
0.0747608
0.0883105
0.15439
0.0464888
0.152663
0.137248
0.033805
0.0306529
0.0203951
0.115312
0.328623
0.145253
0.0111927
0.0138431
0
0.000780068
0.00842753
0.107755
0.439129
0.270838
0.0276207
0.0126515
0.0123868
0.0208656
0.0279302
0.0636573
0.32496
0.112322
0.0128295
0.00773642
0.0337386
0.00312027
0.0103501
0.112183
0.572009
0.215872
0.0684786
0.0585983
0.23358
0.0335558
0.000698384
0.000330419
0.00400506
0.0114529
0.117191
0.269271
0.0424891
0.00720382
0.00421187
0.0289837
0.0611812
0.0686884
0.221935
0.176291
0.24905
0.111119
0.0276794
0.103446
0.152025
0.0504922
0.236944
0.316828
0.0214193
0.00208186
0.00569662
0.276788
0.429455
0.157601
0.355944
0.1747
0.0123462
0.0105941
0.0190465
0.0848745
0.112097
0.106709
0.200934
0.0830636
0.0378338
0.122556
0.103022
0.0638646
0.0815204
0.098064
0.297294
0.201003
0.00522224
0.0331437
0.0276584
0.36815
0.316612
0.0929898
0.193651
0.0562881
0.00899677
0.0678955
0.0469556
0.473333
0.254533
0.0441453
0.272235
0.113933
0.144789
0.269077
0.258807
0.0479345
0.026954
0.0512444
0.161458
0.13909
0.196904
0.383676
0.255081
0.0741371
0.00748449
0.00773504
0.0119074
0.0355603
0.0260878
0.0766129
0.131239
0.467896
0.21765
0.0541507
0.14888
0.0648074
0.0658912
0.177649
0.204379
0.196498
0.0410125
0.0116026
0.00670136
0.0179765
0.168116
0.435384
0.205637
0.0568393
0.021303
0.0171864
0.0420759
0.121682
0.162845
0.228096
0.0940846
0.0402989
0.0202654
0.0677127
0.115545
0.206502
0.108357
0.307979
0.264178
0.0914193
0.0184536
0.00429661
0.010519
0.0222322
0.292817
0.320319
0.203865
0.0370881
0.00870843
0.0153873
0.0230589
0.0409293
0.126703
0.116917
0.0458665
0.0475069
0.0274436
0.0496043
0.0794242
0.195047
0.199504
0.0905798
0.0207387
0.0234862
0.0356615
0.0102684
0.0519538
0.356031
0.338766
0.295159
0.0992816
0.0278124
0.0120862
0.0110699
0.0141176
0.0878341
0.287164
0.212148
0.0889771
0.026352
0.0102671
0.0025671
0.0797149
0.435456
0.0973204
0.0277359
0.0118842
0.0153313
0.0166085
0.00134255
0.0420914
0.118621
0.0901211
0.0527193
0.0361183
0.0422095
0.0536894
0.0223921
0.0662638
0.087808
0.228298
0.179033
0.116925
0.023376
0.00415211
7.48907e-005
0.0263294
0.161961
0.567493
0.21324
0.0984363
0.016483
0.0131013
0.0121621
0.0434966
0.574817
0.0155499
0.0112963
0.015343
0.0328505
0.205407
0.0714906
0.021879
0.0212438
0.0286416
0.00177515
0.00475368
0.0390118
0.498352
0.18054
0.0883392
0.060714
0.112297
0.0138927
0.00317217
0.00745678
0.157356
0.13428
0.0628264
0.266464
0.0131727
0.00294884
0.00246739
0.0365122
0.515453
0.370523
0.220853
0.109187