0.183988
0.169886
0.122712
0.0473293
0.027106
0.0144303
0.0116711
0.0353914
0.313587
0.217315
0.189846
0.152991
0.0455174
0.0286818
0.0706465
0.0946635
0.131494
0.226706
0.222795
0.226772
0.134563
0.124638
0.013747
0.0508495
0.278903
0.240697
0.2809
0.386062
0.143327
0.105066
0.182618
0.123855
0.11409
0.175155
0.131784
0.0903868
0.0352523
0.0992789
0.147361
0.058424
0.064495
0.148832
0.123849
0.0359544
0.0875491
0.246553
0.254575
0.128679
0.141493
0.0976629
0.0927
0.108459
0.0462634
0.20976
0.422982
0.105359
0.0658202
0.0718433
0.0795319
0.0396084
0.157474
0.348371
0.43022
0.156566
0.0724508
0.0580284
0.0788742
0.102908
0.218588
0.21177
0.131173
0.0910181
0.232312
0.124228
0.19585
0.337103
0.201472
0.0664291
0.00875976
0.123116
0.0885828
0.153532
0.129097
0.0923516
0.227801
0.195696
0.17595
0.126326
0.212289
0.164507
0.198261
0.287422
0.236506
0.131714
0.205723
0.160112
0.166989
0.0916312
0.154415
0.201353
0.0933975
0.0572524
0.048657
0.202498
0.0659191
0.0272388
0.0848564
0.250098
0.270978
0.14692
0.123415
0.165992
0.195386
0.184504
0.235201
0.214756
0.122074
0.0449566
0.0933536
0.10664
0.136263
0.196052
0.329155
0.419574
0.182558
0.0226216
0.0187669
0.0472847
0.0143544
0.0311599
0.108141
0.17374
0.152862
0.067838
0.0882553
0.0546123
0.06597
0.107315
0.129693
0.205419
0.317095
0.20921
0.0505493
0.0270262
0.0992643
0.0505254
0.166899
0.307218
0.127138
0.013624
0.0385715
0.0494865
0.0727433
0.0193576
0.20923
0.52168
0.36202
0.185041
0.0355401
0.0337482
0.0886701
0.0943656
0.0655138
0.118984
0.251436
0.149133
0.0353504
0.0370138
0.0974519
0.0867131
0.0930012
0.211283
0.225372
0.0903418
0.175333
0.13912
0.00466418
0.0110081
0.121717
0.391557
0.382156
0.14983
0.00719591
0.001258
0.0129935
0.030081
0.0847485
0.391557
0.391557
0.0743435
0.0360282
0.00617142
0.107658
0.0514563
0.0802329
0.233361
0.119738
0.0530253
0.235588
0.30878
0.145165
0.0557267
0.0223507
0.0374871
0.00785061
0.00997575
0.215506
0.385782
0.0572743
0.0434856
0.0679645
0.403721
0.327097
0.117129
0.200018
0.0460958
0.0919883
0.108231
0.109498
0.113496
0.0593227
0.140798
0.263448
0.107499
0.107287
0.135641
0.121815
0.27299
0.113499
0.108865
0.0271159
0.0953655
0.0832044
0.129889
0.171138
0.457744
0.223022
0.0625853
0.0612683
0.0515888
0.14893
0.125586
0.0484437
0.162376
0.120986
0.0824532
0.143652
0.131379
0.0762805
0.159463
0.148885
0.432947
0.321268
0.0529703
0.0288053
0.0672981
0.0695468
0.104125
0.0843999
0.223713
0.148981
0.131805
0.187262
0.0917949
0.0477805
0.060983
0.0547492
0.0834812
0.234036
0.29728
0.278001
0.153692
0.0324481
0.243653
0.223155
0.262401
0.228333
0.0691449
0.0403915
0.0857705
0.0516432
0.197019
0.192409
0.121505
0.203327
0.261683
0.190835
0.233923
0.0569294
0.0577395
0.0477178
0.0320446
0.144465
0.235022
0.244768
0.10883
0.12076
0.0560201
0.030584
0.0311571
0.10339
0.225435
0.37518
0.233249
0.0811016
0.0181209
0.0419025
0.0603083
0.176811
0.231266
0.270172
0.179183
0.1096
0.0275466
0.0479537
0.0522566
0.126768
0.22193
0.337071
0.35309
0.190825
0.114571
0.0654112
0.028863
0.0552094
0.0841279
0.170398
0.175551
0.319666
0.155382
0.147036
0.0863137
0.0317045
0.00839678
0.0446678
0.153926
0.151614
0.0364491
0.0201976
0.00936925
0.0652785
0.135541
0.231298
0.355378
0.420909
0.0485056
0.00401406
0.0215838
0.0341717
0.0620526
0.245593
0.422069
0.207403
0.030153
0.0462015
0.0703287
0.0285843
0.0117604
0.0715999
0.135461
0.0681787
0.00696371
0.100639
0.454932
0.175029
0.0226248
0.0644313
0.0685853
0.252736
0.013924
0.00120203
0.0438429
0.00880947
0.0378638
0.310414
0.323419
0.122527
0.00129531
0.0778776
0.354824
0.120678
0.0744141
0.345198
0.251182
0.0350329
0.0211072
0.126681
0.440015
0.24145
0.0285039
0.0137745
0.00691565
0.105666
0.115116
0.0749182
0.428812
0.315556
0.0305791
0.0361876
0.0101492
0.0989748
0.0339333
0.0759163
0.358559
0.161569
0.106602
0.144915
0.0741388
0.167372
0.20553
0.0829152
0.131324
0.111023
0.174955
0.144584
0.0500998
0.0770224
0.110291
0.0494057
0.175337
0.168515
0.103
0.15849
0.0122013
0.0882606
0.0661655
0.103555
0.0580585
0.0623631
0.189939
0.258952
0.0804972
0.198217
0.263457
0.106176
0.0377989
0.0540501
0.179573
0.0821597
0.0678177
0.404543
0.354995
0.375419
0.0158819
0.0394968
0.123166
0.152453
0.237802
0.0559949
0.0516071
0.0079382
0.0574532
0.104633
0.0794271
0.224565
0.221818
0.0410482
0.0743556
0.102523
0.179293
0.193369
0.0674126
0.0939104
0.107276
0.349733
0.0912573
0.0893861
0.0743904
0.0668712
0.06811
0.197598
0.474593
0.227563
0.115314
0.197393
0.236161
0.237138
0.153437
0.145312
0.191436
0.0304855
0.141484
0.216264
0.233572
0.220872
0.0446889
0.0377128
0.0439468
0.0508983
0.132344
0.166043
0.152408
0.191474
0.14124
0.239839
0.159658
0.0458051
0.0468299
0.0783558
0.381594
0.388904
0.120094
0.0556796
0.0506229
0.0255715
0.0140662
0.0280318
0.326164
0.339684
0.0196739
0.0827594
0.0529186
0.0959518
0.0181226
0.0275957
0.0448035
0.130465
0.14205
0.310696
0.291904
0.162316
0.0535866
0.0476759
0.0481353
0.139661
0.278933
0.278846
0.351657
0.0407024
0.00312086
0.00498839
0.0410762
0.0594588
0.0442935
0.134667
0.167535
0.0591821
0.0226137
0.00252928
0.00108481
0.0568108
0.324827
0.330028
0.325597
0.0921711
0.0484286
0.0182614
0.0230285
0.0807257
0.182934
0.189891
0.233435
0.143579
0.0275211
0.00653461
0.0533587
0.0530214
0.113147
0.285608
0.378075
0.0630965
0.0349913
0.00290798
0.0237611
0.0438944
0.194991
0.265772
0.327053
0.1117
0.0238865
0.00889317
0.0877985
0.146945
0.27589
0.289842
0.348906
0.128959
0.0101678
0.00789349
0.0362013
0.00837698
0.0463363
0.258909
0.29844
0.123839
0.0044857
0.0271178
0.0820861
0.0992346
0.112924
0.321167
0.280764
0.121933
0.0110649
0.0266698
0.0427405
0.154853
0.2048
0.249934
0.208283
0.0745062
0.00564784
0.0395328
0.0687103
0.265408
0.34497
0.359812
0.176234
0.0652825
0.00834792
0.0406389
0.126787
0.134582
0.15102
0.180187
0.100413
0.0706695
0.0558931
0.067498
0.115561
0.201238
0.256528
0.193948
0.0505172
0.138373
0.0431227
0.0449329
0.129791
0.217916
0.284696
0.234818
0.0907496
0.271845
0.140587
0.175441
0.41673
0.324916
0.141712
0.135262
0.0576184
0.126526
0.135615
0.0610255
0.0366845
0.0820932
0.124083
0.0422724
0.0325837
0.26582
0.413688
0.217292
0.00840557
0.0100595
0.0224802
0.0112349
0.063359
0.116953
0.191763
0.208962
0.344841
0.169139
0.0497612
0.0156189
0.00780129
0.141814
0.413688
0.333881
0.223881
0.0473815
0.0116496
0.0013771
0.0334947
0.388643
0.0493218
0.0470179
0.015104
0.00901189
0.0104192
0.034508
0.388643
0.255733
0.07773
0.145907
0.0847032
0.0569242
0.0817075
0.0667026
0.157057
0.359213
0.0207289
0.0226988
0.0124395
0.0201351
0.101875
0.174366
0.388643
0.128802
0.0695763
0.121271
0.128701
0.115536
0.205185
0.2187
0.189452
0.0623442
0.0406036
0.110045
0.277136
0.249808
0.118322
0.0601072
0.0833688
0.00505559
0.00401872
0.00719928
0.255146
0.282534
0.0153455
0.00100295
0.0163533
0.0262039
0.0852646
0.169632
0.385185
0.404603
0.11762
0.0703358
0.0425388
0.000394856
0.00297356
0.0181596
0.330582
0.375447
0.00712071
0.000657646
0.00508964
0.0207347
0.000228221
0.00106879
0.196823
0.265762
0.050212
0.0261154
0.0480483
0.06534
0.00643695
0
0.00316288
0.0323323
0.294689
0.431548
0.480441
0.000980903
0
0
0.309521
0.284998
0.00186329
0
0.000980903
0.086162
0.0141702
0
0.00304207
0.00304207
0.00523624
0.00438134
0.021196
0.0608571
0.00643174
0
0.00680664
0.00979401
0.10289
0.198469
0.303411
0.123753
0.0129537
0.00226543
0.0424116
0.176097
0.449471
0.410806
0.388402
0.0733162
0.0246253
0.0114155
0.00261929
0.00285269
0.0115471
0.00617531
0.0281733
0.141841
0.29559
0.236601
0.0225394
0.0169024
0.0898842
0.11259
0.138861
0.0700907
0.0185978
0.0319046
0.0157154
0.120367
0.202251
0.258092
0.181299
0.0559573
0.0183681
0.0855633
0.103719
0.187603
0.278298
0.311572
0.129585
0.12201
0.302763
0.179809
0.0378136
0.0144789
0.0797132
0.122775
0.110792
0.158883
0.329933
0.238148
0.332062
0.153957
0.132492
0.143539
0.0775083
0.157597
0.0383085
0.0620281
0.112475
0.14294
0.183141
0.133908
0.062023
0.312338
0.130326
0.179366
0.394468
0.161249
0.0693072
0.0381196
0.0549262
0.113968
0.0949851
0.142239
0.246217
0.172818
0.0926063
0.0497181
0.0682554
0.123473
0.0685448
0.162404
0.432194
0.271732
0.137639
0.0425295
0.156959
0.0740856
0.0782602
0.152276
0.385901
0.102542
0.0203995
0.00118236
0.00742311
0.0646129
0.218012
0.272042
0.336123
0.0627224
0.0203359
0.000318591
0.00923914
0.0253167
0.0348234
0.0972214
0.385901
0.232826
0.0566714
0.0140113
0.0373059
0.0595596
0.230968
0.259608
0.349181
0.226453
0.084553
0.00568782
0.00627371
0.114709
0.0236633
0.042867
0.0694646
0.0822227
0.209713
0.24314
0.184392
0.0145862
0.0439499
0.0518264
0.262356
0.295529
0.257811
0.192412
0.0700128
0.0659626
0.0288021
0.114774
0.158688
0.179544
0.14705
0.196726
0.0408864
0.00513518
0.00321858
0.0285018
0.421332
0.421332
0.154043
0.0840337
0.015277
0.00165166
0.0398403
0.0504077
0.28956
0.386486
0.0539206
0.0387203
0.0183436
0.00124403
0.00225252
0.00631987
0.194955
0.273243
0.00140258
0.00509783
0.00493003
0.000991583
0
0.0145024
0.396905
0.466448
0.0824637
0.0411026
0.0177048
0.0907071
0.0412872
0.0252182
0.206221
0.389161
0.0440736
0.0530964
0.0749284
0.00912404
0.0141448
0.0068456
0.0530392
0.0464044
0
0.00113259
0.00408494
0.134099
0.0920159
0.0395774
0.00345872
0.0005752
0
0
0.00715206
0.214178
0.281118
0.160711
0.0552375
0.053758
0.0149902
0.0191316
0.0695419
0.587214
0.553782
0.283915
0.117539
0.0192902
0.0123809
0.000139113
0.0144259
0.182016
0.115233
0.0655115
0.0133585
0.00695587
0.000879732
0.000121377
0.0113802
0.157735
0.290427
0.321382
0.0443114
0.0211264
0.00869351
0.0122701
0.0617466
0.419278
0.250538
0.216812
0.17775
0.0557151
0.00748926
0.0246591
0.0249081
0.248486
0.273832
0.355311
0.249805
0.127275
0.0417033
0.0567048
0.104336
0.0760793
0.24947
0.31104
0.0810947
0.024393
0.0285393
0.0185212
0.0349271
0.107266
0.231959
0.290416
0.281872
0.102146
0.0403849
0.017242
0.0139494
0.220732
0.250676
0.265066
0.143678
0.068618
0.0313072
0.0477551
0.0837407
0.226642
0.2518
0.284681
0.326261
0.0883966
0.036691
0.0655889
0.0756713
0.100561
0.125124
0.252579
0.284295
0.105966
0.0293835
0.0203379
0.0724165
0.0716195
0.0647427
0.154227
0.22548
0.217816
0.1828
0.132699
0.23009
0.104336
0.146392
0.223677
0.352718
0.120403
0.127547
0.0820611
0.0396009
0.0487839
0.207839
0.136785
0.140152
0.186636
0.326197
0.211984
0.0993093
0.0121361
0.0122737
0.0375522
0.154266
0.281839
0.115988
0.114922
0.104524
0.0331711
0.0824437
0.123492
0.146118
0.361874
0.299706
0.117647
0.0820059
0.0394325
0.09077
0.0440784
0.0343361
0.113106
0.148223
0.242822
0.139359
0.0643916
0.0218917
0.0337385
0.0255868
0.154225
0.404762
0.431792
0.149597
0.141647
0.0269305
0.0639404
0.103464
0.16455
0.0681382
0.089924
0.109966
0.00947143
0.0055374
0.0156893
0.378728
0.473674
0.0863567
0.0453162
0.0221071
0.0601812
0.0130836
0.036891
0.107798
0.221395
0.141018
0.0804403
0.0823204
0.0100632
0.01245
0.0229008
0.361373
0.473674
0.1412
0.0838288
0.076926
0.0099831
0.00360363
0.000494113
0.193623
0.369731
0.108188
0.0792045
0.0679063
0.196359
0.059891
0.0473466
0.0851919
0.193926
0.0829943
0.118298
0.253141
0.0272855
0.032201
0.00283036
0.168793
0.346317
0.170603
0.207844
0.188011
0.207237
0.0857646
0.0638071
0.203754
0.149819
0.133742
0.238476
0.368317
0.223515
0.181433
0.169641
0.0275712
0.0293941
0.0249452
0.0217514
0.111363
0.358645
0.29682
0.207759
0.0965092
0.0244889
0.0272045
0.00028142
0.0245168
0.343763
0.181596
0.125662
0.113759
0.0859034
0.0252226
0.0414947
0.19501
0.440462
0.332235
0.086906
0.0334562
0.0213132
0.0274096
0.0382521
0.123048
0.253796
0.147501
0.155325
0.213087
0.0467863
0.00852282
0.0148929
0.0358032
0.136734
0.133948
0.20855
0.418367
0.112298
0.0146766
0.0273102
0.0368752
0.376396
0.188755
0.0740275
0.0920777
0.0218906
0.0166505
0.104034
0.170503
0.132359
0.162315
0.241797
0.396247
0.124174
0.00779846
0.0675009
0.106259
0.156535
0.14737
0.0950038
0.220964
0.104909
0.00624103
0.0327614
0.0282028
0.128315
0.148384
0.129109
0.417606
0.162303
0.0171848
0.0553555
0.0360792
0.0517211
0.0649667
0.104597
0.327827
0.196558
0.0114168
0.0263733
0.0413932
0.0325633
0.0401609
0.0775376
0.447265
0.447265
0.0444257
0.0204299
0.0242815
0.0378024
0.0891217
0.0832507
0.286649
0.173858
0.102581
0.0619675
0.00832815
0.0278857
0.12844
0.0546481
0.123574
0.191967
0.154714
0.129631
0.0576013
0.00363604
0.0334382
0.0742246
0.439546
0.439546
0.0570893
0.013143
0.000137758
0.0449614
0.0401174
0.0677558
0.30982
0.423291
0.0827845
0.0616617
0.080273
0.0498271
0.142548
0.109721
0.0905474
0.100792
0.119189
0.180607
0.115549
0.132047
0.121005
0.105167
0.0795439
0.106161
0.258028
0.379553
0.135217
0.132332
0.0752922
0.11612
0.129154
0.150256
0.109367
0.0788814
0.206533
0.319186
0.255119
0.153835
0.106539
0.14513
0.205587
0.111397
0.362603
0.0519159
0.0351666
0.0874599
0.130405
0.1335
0.059626
0.0215554
0.0224227
0.0277125
0.0381813
0.0586194
0.330786
0.463464
0.153477
0.0690354
0.0832452
0.293953
0.0803611
0.0653974
0.0656892
0.0487619
0.0254274
0.126418
0.330077
0.0953635
0.0576863
0.0445428
0.149005
0.254541
0.235867
0.301585
0.246428
0.058737
0.0698789
0.0373425
0.226368
0.31127
0.184146
0.150408
0.14466
0.196663
0.0855862
0.077625
0.334976
0.189461
0.113962
0.158434
0.222154
0.113308
0.0938483
0.0573127
0.139476
0.16041
0.160914
0.227892
0.192752
0.20142
0.0962462
0.0827897
0.254212
0.199441
0.0623543
0.104737
0.264523
0.338454
0.16999
0.0618007
0.151351
0.161362
0.0608673
0.0747189
0.216534
0.461459
0.263461
0.036193
0.0325667
0.108254
0.0782303
0.0790124
0.123823
0.19613
0.053899
0.0192847
0.104792
0.236229
0.150383
0.0963655
0.233762
0.0956787
0.0718387
0.210589
0.125522
0.256686
0.160564
0.0465962
0.0823114
0.290323
0.1259
0.0412914
0.0605184
0.135847
0.0510349
0.169504
0.197226
0.133777
0.187895
0.200157
0.23779
0.166564
0.0447558
0.107231
0.172276
0.143322
0.0885104
0.274385
0.15017
0.206284
0.0578286
0.0654434
0.159534
0.321484
0.20021
0.135728
0.225444
0.172994
0.0540847
0.10416
0.253017
0.0251548
0.0588562
0.0775186
0.143654
0.120769
0.0646686
0.024084
0.0370003
0.0116016
0.0246108
0.0460818
0.435013
0.462389
0.0917009
0.00875937
0.0169286
0.0977893
0.0540307
0.0340877
0.0774925
0.142633
0.114769
0.0406044
0.0720868
0.0291455
0.0201037
0.0308688
0.413259
0.462389
0.201175
0.0138096
0.026366
0.00159783
0.00436379
0.0795153
0.370548
0.299975
0.0249578
0
0
0.0133129
0.00363996
0.127079
0.308665
0.215909
0.0797225
0.0148695
0.0121011
0.00715021
0.010356
0.113102
0.384253
0.384253
0.0592675
0.00142953
0.00336172
0.0722374
0.00439621
0.182329
0.339155
0.263691
0.16486
0.0159716
0.0219513
0.0947974
0.0253681
0.11082
0.163401
0.231916
0.136569
0.0303131
0.0930181
0.261881
0.114323
0.136355
0.120374
0.173156
0.159763
0.0391162
0.232807
0.100311
0.012671
0.0790665
0.150789
0.40402
0.371634
0.103313
0.0476203
0.131259
0.0593889
0.0872833
0.120779
0.250315
0.254135
0.18557
0.187907