0.0171544
0.0230187
0.0516552
0.145164
0.0318474
0.00102042
0.000666683
0.0172448
0.25883
0.100554
0.147708
0.292448
0.0591278
0.0172635
0.117387
0.276454
0.00440017
0.0153844
0.089967
0.495885
0.132584
0.00114334
0.000741294
0.00449115
0.10527
0.0760944
0.196002
0.495885
0.217172
0.0127708
0.0801374
0.141099
0.160947
0.0281642
0.0354209
0.0524286
0.01025
0.0823723
0.264977
0.276367
0.0516944
0
0
0
0
0.150137
0.279918
0.225187
0.0808841
0.0270684
0.0427545
0.195784
0.0418525
0.0893491
0.253609
0.244875
0.0845782
0.00281986
0.0013427
0.000890653
0.00244579
0.309231
0.410297
0.410297
0.0371509
0
0
0
0
0.0789905
0.0953946
0.0934283
0.00801994
0
0
0
0
0.00895894
0.00425917
0.00956331
0.107758
0.000471667
0
0.000588826
0.000994781
0.360951
0.500825
0.387827
0.0690823
8.24639e-005
0
0
0
0.230986
0.500825
0.269728
0
0
0
0
0
0
0
0
0
0
0
0
0
0
0
0
0.110108
0
0
0
0
0.346517
0.632836
0.560296
0.0394134
0
0
0
0
0.0362607
0.025314
0.09289
0
0
0
0
0
0
0
0
0
0
0
0
0
0
0
0
0.00265132
0
0
0
0
0
0
0.00265132
0
0
0
0
0
0
0
0
7.2221e-005
0
0
0.0476946
0.0476946
0
0
7.2221e-005
0.200068
0.335007
0.160811
0.277428
0.224715
0.393344
0.114586
0.0770772
0.00205779
0
0
0.0623371
0.0623371
0
0
0.00205779
0.274092
0.109847
0.0810687
0.364848
0.249464
0.310054
0.131776
0.217314
0.164073
0.174104
0.143594
0.140202
0.0984478
0.211185
0.139373
0.111323
0.214985
0.0634142
0.12713
0.128249
0.141652
0.195453
0.214423
0.282053
0.172418
0.0966558
0.0577788
0.166455
0.0730317
0.182147
0.124888
0.193857
0.244427
0.0718278
0.0963217
0.224994
0.243097
0.247679
0.196051
0.256526
0.000688783
2.96033e-005
0.0338894
0.411425
0.118994
0.000274506
0.000901583
0.00156563
0.00351887
0.00595952
0.0574139
0.443088
0.186123
0.00176209
0.000632612
0.00796504
0.00199347
0.000844939
0.051848
0.443088
0.215149
0.00105442
0.00295868
0.00388595
0.00205495
0.00523373
0.0828903
0.443088
0.297742
0.00101029
0.000452377
0.00223874
0.0424707
0.0296403
0.0355197
0.363834
0.119602
0.0376056
0.0779401
0.0869612
0.093475
0.0197858
0.00900876
0.0298036
0.0187659
0.221434
0.504633
0.351039
0.0169544
0.0243499
0.0389952
0.464819
0.239524
0.0156935
0.0324893
0.0103848
0.046136
0.0190851
0.00961252
0.105593
0.0824323
0.114012
0.14598
0.0914021
0.0446562
0.0013405
0
0.00068914
0.00255759
0.157757
0.419748
0.230946
0.0460156
0.000214793
0
0
0.00117156
0.283967
0.419748
0.405636
0.0297383
0.00202647
0.00116912
0.00585686
0.0156085
0.0744644
0.109327
0.117071
0.0408789
0.00147817
0.00059461
0.00120976
0.0070141
0.185724
0.337321
0.31015
0.0414047
0
0
0
9.2538e-005
0.206216
0.299976
0.258618
0.0493166
0
0
0
0
0.124125
0.167819
0.11545
0.0551159
0.00219876
0.000116515
7.82468e-005
0.000408401
0.220335
0.373591
0.322926
0.100004
0.00144635
0.000468227
0.000246017
0
0.302396
0.414605
0.360199
0.0264142
0
0
0
0
0.0394798
0.0687971
0.0333086
0.00276214
0
0
0
0
0
0
0.00276214
0.110551
0.000283682
0.000574947
0.000302091
0
0.360322
0.577555
0.410175
0.0748366
0
0
0
0
0.239259
0.358388
0.315926
0.00852785
0
0
0.0539263
0.0539263
0
0
0.00852785
0.393224
0.078789
0.0546935
0.285802
0.1887
0.042919
0.0453307
0.371092
0.19694
0.0093368
0
0.00557414
0.00322713
0.210466
0.166252
0.332707
0.360062
0.0575558
0.0113742
0.0246071
0.0208791
0.0125252
0
0.291348
0.187101
0.0620754
0.0342506
0.109483
0.0366562
0.0431221
0.037402
0.197517
0.171912
0.0353538
0.126578
0.295999
0.521844
0.289394
0.113823
0.2505
0.132281
0.025416
0.0101763
0.00653897
0.00717154
0.00849267
0
0.10263
0.29573
0.148892
0.125231
0.14161
0.209519
0.0607722
0.0261336
0.21126
0.00277476
0.00252226
0.0254999
0.36043
0.249687
0.00140092
0.00184415
0.00199895
0.00103024
0.00122284
0.0376157
0.376385
0.313371
0.000171018
0.00181241
0.00182465
0.0202777
0.151933
0.11197
0.296855
0.328013
0.00626946
0.0175383
0.0128134
0.00700661
0.101197
0.0490024
0.376385
0.376385
0.0044278
0.0127116
0.00585999
0.00645002
0.00385323
0.0240069
0.47176
0.369721
0.00305619
0.00700553
0.00717225
0.0217184
0.00656703
0.0155261
0.140783
0.136514
0.0362092
0.0361838
0.0411098
0.00620088
0.00430208
0.00512162
0.470023
0.496095
0.0115012
0.00899739
0.00960102
0.0161192
0.0185976
0.0314879
0.161495
0.152871
0.0331345
0.0147572
0.00778427
0.0831294
0.0189905
0.0165887
0.0428126
0.0624573
0.107186
0.184137
0.177196
0.114357
0.01891
0.00941781
0.0158356
0.0315236
0.265587
0.659014
0.407997
0.0644054
0.0472385
0.0426161
0.0372585
0.0277014
0.0480038
0.0506074
0.032933
0.0684852
0.0386564
0.0119139
0.024509
0.0467535
0.0963864
0.201128
0.158288
0.0500431
0.00474062
0.000822188
0.00194796
0.0024784
0.123844
0.291019
0.203806
0.105647
0.00786459
0.00374068
0.00272453
0.000988516
0.280086
0.607917
0.45248
0.0167973
0.00442029
0.00780887
0.00857223
0.0130108
0.0581003
0.113557
0.0689309
0.0551866
0.0113691
0.0143704
0.00736995
0.0055115
0.178589
0.199314
0.187936
0.05094
0.00307454
0.00170736
0.00057106
2.88694e-005
0.18358
0.380569
0.249362
0.0791371
0.000957847
0.000450299
0
0
0.271869
0.380569
0.380569
0.0412518
0.00538707
0.0032319
0.000856465
0.00030594
0.114466
0.131044
0.130452
0.0844467
0.00293188
0.000861298
7.96498e-005
3.59685e-005
0.184514
0.370292
0.349002
0.135951
0.00496626
0
0.00133221
0.00725358
0.124219
0.232137
0.242425
0.208112
0.0485365
0.0213821
0.0423327
0.0316906
0.06852
0.0820007
0.124907
0.151494
0.00571647
0.000240572
0.000436155
0.0224253
0.159993
0.401668
0.360281
0.236263
0.0792977
0.0273923
0.0559685
0.0932626
0.2048
0.401668
0.34562
0.126716
0.0785753
0.0319244
0.033695
0.0160623
0.0339335
0.0217168
0.0744889
0.149484
0.155946
0.300604
0.113421
0.0200559
0.013546
0.0257081
0.0696047
0.16785
0.135314
0.0780537
0.0479157
0.0431283
0.0947038
0.455234
0.270595
0.128946
0.232426
0.455234
0.242449
0.0422548
0.0513306
0.230406
0.163892
0.0158917
0.174553
0.140728
0.17516
0.261974
0.0711668
0.149727
0.0117614
0.00654416
0.118823
0.0522112
0.228778
0.286869
0.0436816
0.084468
0.00407926
0.00308181
0.0316524
0.029362
0.394875
0.324747
0.121288
0.18333
0.011036
0.000623407
0.0241335
0.0103531
0.394875
0.37364
0.0735904
0.0975588
0.00216663
0.00631324
0.0123375
0.00495213
0.345098
0.420063
0.00844486
0.00579051
0.00656037
0.0256655
0.0220449
0.0264635
0.115749
0.14272
0.0215429
0.014465
0.0109615
0.00422983
0.0204489
0.0112551
0.545046
0.48283
0.00657904
0.00541217
0.00210218
0.0346686
0.0147763
0.0105192
0.153859
0.172829
0.0212665
0.0208694
0.0149863
0.221096
0.105383
0.128674
0.049451
0.0531061
0.129252
0.11581
0.0968559
0.186546
0.103075
0.033103
0.0345606
0.205568
0.167152
0.201715
0.166604
0.201477
0.0476023
0.0760562
0.082385
0.0956445
0.146891
0.149908
0.147832
0.160704
0.120936
0.0742505
0.0623341
0.167341
0.238436
0.252463
0.105747
0.0413355
0.0512532
0.0514854
0.0371065
0.100365
0.0650825
0.0782065
0.096175
0.137724
0.0931198
0.102618
0.0414978
0.0274105
0.291212
0.224606
0.297736
0.0816195
0.0884932
0.0667988
0.0384256
0.0727052
0.0922418
0.0944242
0.0549277
0.339482
0.378819
0.32158
0.0682267
0.018045
0.0530799
0.102363
0.207222
0.0742623
0.0248228
0.0170301
0.00624231
0.00215265
0.143466
0.153262
0.126268
0.155956
0.0486707
0.0339962
0.0115377
0.00702099
0.22567
0.43374
0.324518
0.17556
0.198153
0.142751
0.0141824
0.00124221
0.0101891
0.0228547
0.0785749
0.358243
0.399509
0.220777
0.0201452
0.0123205
0.0828047
0.105041
0.159451
0.0666137
0.0205775
0.0142579
0.0206533
0.0284397
0.0980348
0.226586
0.195778
0.10085
0.0413096
0.0114719
0.0324136
0.0651142
0.115977
0.526186
0.405158
0.163668
0.165863
0.0760597
0.0342548
0.0283234
0.0370268
0.0351286
0.0685134
0.401565
0.303256
0.0915526
0.0540835
0.0320689
0.0139967
0.0563033
0.180113
0.0846066
0.0621032
0.0347174
0.0113402
0.0194909
0.0475178
0.42401
0.312467
0.123927
0.159271
0.37934
0.15646
0.0346992
0.0289385
0.229538
0.245397
0.266267
0.174288
0.0554652
0.0553215
0.0237967
0.0544148
0.11538
0.232664
0.189647
0.121766
0.0618851
0.110472
0.161831
0.153735
0.102018
0.190126
0.00201956
0.00312028
0.00582928
0.438742
0.181557
0.0223839
0.021951
0.00570424
0
0.00155799
0.0152534
0.438742
0.252722
0.0146127
0.0095566
0.00060095
0.00188146
0.00146861
0.0117636
0.438742
0.1809
0.00347634
0.00498435
0.00427709
0.000108261
0
0.0281888
0.438742
0.233367
0.00405901
2.88202e-005
0.000108261
0.00420444
0.00706497
0.0738977
0.497265
0.34691
0.00772055
0.0017809
0.000843902
0.0183514
0.00833897
0.0266953
0.127266
0.126184
0.0254547
0.0122044
0.0101701
0.0165733
0.00885951
0.127648
0.597757
0.279246
0.0170537
0.00663285
0.0132116
0.0839245
0.101195
0.101161
0.125341
0.0641959
0.0380313
0.0264047
0.0700907
0.0297331
0.0111863
0.0131692
0.0155858
0.024678
0.0388782
0.0293038
0.0333905
0.0672367
0.0791561
0.0736116
0.0184316
0.0235423
0.0543902
0.0460277
0.0695189
0.153661
0.259594
0.167584
0.00508786
0.0253325
0.0466777
0.0358297
0.180752
0.430252
0.533431
0.378563
0.0102917
0.023238
0.042314
0.0296599
0.292875
0.0470159
0.0627141
0.0578409
0.00409247
0.00380636
0.0121581
0.0126093
0.0383353
0.121505
0.157128
0.108269
0.0038497
0.000794247
0.00454907
0.0122532
0.0808483
0.254261
0.267874
0.143045
0.00306731
0.00261159
0.00613998
0.0061412
0.0871127
0.547013
0.578427
0.226779
0.0020792
0
0.00109901
0.0359349
0.15075
0.106114
0.111505
0.0548239
0.00130199
0
0.00138522
0.00249423
0.0400185
0.255834
0.27746
0.055118
0.00132147
0.00274783
0.0141336
0.0071236
0.0452704
0.292517
0.440569
0.206822
0.0135366
0.0059533
0.00111218
0.0543036
0.109752
0.367879
0.440569
0.227531
0.106968
0.0387441
0.0468392
0.153857
0.150544
0.222123
0.258314
0.0751123
0.015313
0.0199978
0.0235449
0.00812574
0.0239126
0.339605
0.353083
0.203973
0.0497344
0.075496
0.0266674
0.0106234
0.0949439
0.227448
0.35632
0.137448
0.116229
0.0800035
0.0861941
0.0809444
0.084781
0.208745
0.255711
0.315561
0.115254
0.171265
0.147612
0.0631237
0.151609
0.228445
0.227142
0.128394
0.0506089
0.0569427
0.127068
0.0779772
0.166437
0.0729493
0.0837972
0.0326049
0.0615824
0.209408
0.411637
0.147861
0.0992234
0.157358
0.214498
0.160433
0.0482261
0.108967
0.208701
0.0910794
0.110968
0.0947116
0.186203
0.154417
0.145488
0.190197
0.416785
0.212813
0.04304
0.000990582
0.000759731
0.0261432
0.433067
0.168718
0.00296433
0.00332435
0.00376699
0.00249519
0.00229393
0.0243185
0.433067
0.167534
0.0115265
0.00400482
0.00342646
0.00145972
0.00154321
0.0271619
0.433067
0.325272
0.00519399
0.00393649
0.0037235
0.0285882
0.00970162
0.0245635
0.433067
0.200234
0.0156242
0.00998179
0.0201195
0.0321838
0.0367108
0.0469375
0.19773
0.103323
0.0290546
0.0135424
0.0286726
0.110471
0.134661
0.107895
0.0303643
0.0103889
0.0169993
0.0118834
0.0702591
0.202822
0.1514
0.074679
0.0775545
0.0608749
0.0343406
0.0216586
0.0902162
0.570269
0.580432
0.245357
0.0093872
0.00395176
0.00940576
0.00727288
0.162842
0.0785964
0.0929145
0.0512506
0.000227799
0.000956874
0.00583073
0.00344157
0.0395066
0.231296
0.288
0.0964355
0.000417552
0.000597421
0.00413842
0.00209123
0.0486083
0.349653
0.422889
0.172382
0.000564593
0.000264115
0.00278529
0.00136472
0.0759902
0.422889
0.422889
0.288058
0.00175923
0.00187761
0.00503583
0.00103755
0.117108
0.277709
0.371031
0.0918659
0.000587086
0.000222311
0.00089203
0.000992524
0.0464086
0.333779
0.397146
0.129464
0.00804342
0.00195107
0.00116801
0.0415509
0.155069
0.29792
0.397146
0.148814
0.00210842
0.00244683
0.00241715
0.00162696
0.0861915
0.193599
0.29067
0.0685777
0.030385
0.0138402
0.0128485
0.0293556
0.136644
0.191823
0.417429
0.203298
0.0637133
0.0217513
0.0181077
0.0746917
0.215831
0.124208
0.351774
0.210613
0.140551
0.0734856
0.0434473
0.132532
0.227096
0.126911
0.149794
0.131933
0.138858
0.0375011
0.0633691
0.0368194
0.153102
0.173627
0.314561
0.237863
0.134739
0.0859414
0.152188
0.0999606
0.140602
0.0867169
0.195984
0.129605
0.126521
0.100184
0.0604677
0.103847
0.127385
0.117857
0.1403
0.157307
0.119901
0.114563
0.164649
0.181071
0.214435
0.205879
0.359796
0.151346
0.0413314
0.0722345
0.117819
0.123083
0.0889711
0.311705
0.309362
0.0806631
0.132949
0.0765608
0.224175
0.305373
0.200243
0.134266
0.0980968
0.0557754
0.0515398
0.110581
0.113963
0.10799
0.107933
0.191831
0.163272
0.135982
0.129381
0.168042
0.257636
0.137602
0.0752563
0.168185
0.0680102
0.0297574
0.131981
0.222466
0.193005
0.213349
0.132788
0.210031
0.0617133
0.0455933
0.135609
0.374989
0.341642
0.305513
0.206966
0.026281
0.00682317
0.00560262
0.408325
0.346796
0.0670702
0.0918025
0.0396353
0.277522
0.105059
0.0379045
0.217096
0.178232
0.0518886
0.0976878
0.098358
0.0868316
0.0197175
0.00320759
0.110441
0.159992
0.0947392
0.191892
0.155016
0.409629
0.212031
0.0452862
0.0398449
0.0772585
0.0695961
0.193855
0.294193
0.303334
0.269157
0.111578
0.00789333
0.00602871
0.00409791
0.0114369
0.0885893
0.377413
0.402388
0.205349
0.00485394
0.00319761
0.00106827
0.00193653
0.124524
0.393879
0.301892
0.121091
0.00319153
0.00233735
0.00517248
0.0210233
0.154501
0.176633
0.259655
0.131349
0.00901863
0.00841254
0.00792863
0.0115427
0.1076
0.430376
0.528191
0.260521
0.0048859
0.00327898
0.00374758
0.00233254
0.152033
0.298965
0.446428
0.221858
0.00732503
0.00826817
0.0115182
0.00246705
0.134658
0.0914153
0.123617
0.0618438
0.0089827
0.0113648
0.0207147
0.0160183
0.0716004
0.0227908
0.0135006
0.0164175
0.0107202
0.0126182
0.0248789
0.0181463
0.0256644
0.406012
0.573624
0.269303
0.0275113
0.0301381
0.0275789
0.0306859
0.215648
0.172234
0.109477
0.0504231
0.222917
0.141904
0.144777
0.0892676
0.0914046
0.0370233
0.0118599
0.0368542
0.0458995
0.0354485
0.0472983
0.0680949
0.0408014
0.0206747
0.0118468
0.0522348
0.120457
0.156117
0.124339
0.133213
0.0342546
0.0843244
0.0418289
0.107354
0.190493
0.0563505
0.169867
0.0635962
0.0555619
0.210841
0.299244
0.230982
0.163448
0.171675
0.316222
0.170205
0.164612
0.0268444
0.00251134
0.0152829
0.0787936
0.0858777
0.129522
0.0728352
0.0864002
0.148096
0.106523
0.0498119
0.0691657
0.366217
0.292082
0.184565
0.335796
0.156742
0.234712
0.117475
0.055731
0.0888169
0.112168
0.0817963
0.105206
0.276039
0.206631
0.166704
0.237908
0.0654599
0.125496
0.144651
0.128063
0.183577
0.139785
0.115414
0.0745259
0.248468
0.152107
0.0720003
0.220881
0.250865
0.196205
0.311908
0.250069
0.191068
0.0866859
0.0791704
0.196703
0.132035
0.0570473
0.0931388
0.213983
0.178522
0.164598
0.128056
0.105692
0.104209
0.0703498
0.0254054
0.116772
0.344752
0.29525
0.273988
0.21362
0.0857625
0.0855981
0.149782
0.196583
0.123837
0.12086
0.112385
0.181405
0.12646
0.134853
0.0736616
0.188654
0.178331
0.201074
0.245239
0.287928