0.0164684
0.0620437
0.138393
0.0696512
0.0414787
0
0
0.0164684
0.19533
0.180426
0.234452
0.110996
0.0340758
0.0456351
0.102686
0.29328
0.0041171
0.0518504
0.175958
0.4013
0.290811
0
0
0.0041171
0.0822569
0.136979
0.287543
0.412379
0.313185
0.0313119
0.0905744
0.16261
0.149377
0.0456767
0.0371184
0.0211656
0.00243517
0.128966
0.270561
0.277861
0.0678636
7.05135e-005
0
0
0
0.116264
0.344597
0.139798
0.0831024
0.0343853
0.0432156
0.0792771
0.0383358
0.10747
0.319827
0.263607
0.0941254
0.00140371
0
0.000275967
0.000906747
0.215482
0.440867
0.394988
0.0360135
0
0
0
0
0.0303861
0.147212
0.0476666
0.00419347
0
0
0
0
0.000668247
0.0113602
0.0059736
0.0800355
0.000932145
0
0
0
0.232389
0.530265
0.37818
0.0458245
0.000221102
0
0
0
0.189892
0.530265
0.342603
0
0
0
0
0
0
0
0
0
0
0
0
0
0
0
0
0.103196
0
0
0
0
0.335024
0.565172
0.632067
0.043302
0
0
0.0376494
0.0376494
0.03791
0.0264654
0.0924856
0.000572396
0
0.00425943
0.00389693
0
0
0
0.000572396
0.044058
0.0824271
0.368887
0.221808
0.172739
0.0837955
0.0773188
0.0286209
0.0430152
0
0.0687574
0.0782206
0.0462447
0.0205861
0.0333608
0.0459213
0.106495
0.160052
0.588696
0.402055
0.266592
0.226694
0.103202
0.0867854
0.062237
0.113399
0.279438
0.135392
0.089451
0.0671823
0.0820568
0.0229612
0.127655
0.211101
0.273189
0.156335
0.134854
0.0418237
0.0565381
0.146356
0.073561
0.0962968
0.343088
0.278697
0.170593
0.12453
0.0187824
0.0294379
0.171642
0.259876
0.253375
0.306499
0.301969
0.105073
0.0302133
0.120031
0.187694
0.206956
0.153845
0.228384
0.141583
0.0241192
0.0169434
0.197074
0.189336
0.121022
0.147421
0.248519
0.132381
0.0256806
0.0147057
0.114333
0.182337
0.400554
0.208726
0.279463
0.176264
0.04494
0.0254568
0.134084
0.148216
0.23954
0.136865
0.29356
0.139587
0.00936609
0.032411
0.0964011
0
0.00197014
0.0190358
0.307689
0.277341
0
0
0
0.00778697
0.00391425
0.0310384
0.370834
0.328332
0.000459269
0.00630959
0.00937074
0
0
0
0.370267
0.364213
0
0
0
0.00322762
0.000516771
0.00218624
0.370834
0.370834
0.000238808
0.00364995
0.00156376
0.0644949
0.00829627
0.0134177
0.171595
0.153933
0.0324768
0.106444
0.12124
0.091258
0.00785425
0
0.0168394
0.0247339
0.184917
0.599561
0.447205
0.0350189
0.00753383
0.00502758
0.303217
0.302594
0.0182372
0.0282854
0.0260174
0.0520096
0.012573
0.00377491
0.0739789
0.09277
0.118239
0.125355
0.141751
0.022682
0.00241152
0
0
0.00142889
0.126721
0.419719
0.261902
0.0287428
0.0010066
0
0
0.000904577
0.251243
0.419719
0.419719
0.0164544
0.00348144
0.000814124
0.00177751
0.00934418
0.0736149
0.107867
0.119447
0.0264789
0.00391566
0.000104861
0
0.00297138
0.170416
0.33932
0.322878
0.0363215
0.000119546
0
0
0
0.177741
0.296086
0.266316
0.0454264
0
0
0.00847374
0.00780696
0.11929
0.157442
0.148693
0.0467292
0.00214755
0.000501241
0
0
0.187793
0.352179
0.348661
0.0897663
0.00138535
0.000733574
0.0069051
0.00426753
0.321357
0.394743
0.394743
0.0293677
0.0121386
0.0418056
0.0678531
0.0414591
0.0684531
0.0686359
0.0508527
0.04195
0.122754
0.27441
0.185457
0.189693
0.159528
0.109443
0.0613548
0.108176
0.0335845
0.0341889
0.0927851
0.0340059
0.20928
0.389341
0.290243
0.153202
0.182747
0.289278
0.225554
0.174857
0.176951
0.378848
0.190941
0.0622487
0.0773142
0.166151
0.23846
0.189852
0.112503
0.0605892
0.10795
0.130389
0.0975093
0.0715993
0.328294
0.306139
0.12469
0.121483
0.177157
0.0869722
0.106214
0.14817
0.170043
0.20468
0.0858018
0.150749
0.202196
0.0980326
0.0462641
0.035972
0.247238
0.328299
0.107018
0.218923
0.295325
0.111611
0.182996
0.0523981
0.201986
0.21576
0.134122
0.0767747
0.183688
0.0954676
0.0898121
0.0331121
0.171809
0.127652
0.0529206
0.0439326
0.207975
0.0954213
0.131682
0.0596867
0.235291
0.318044
0.215874
0.159931
0.240513
0.237099
0.140832
0.0564163
0.328342
0.287676
0.14668
0.0477017
0.211551
0
0
0
0.333545
0.290061
0
0
0
0.00119741
0
0.000985107
0.368017
0.359152
0.000712934
0.00307497
0.00119741
0.108233
0.115942
0.0992139
0.348517
0.28156
0.026564
0.00598553
0.0510873
0.0521915
0.0627586
0.0515642
0.368017
0.345587
0.00975425
0.00386095
0.0178567
0.00973705
0.00585553
0.00621026
0.409583
0.421361
0.00523059
0.0108197
0.00727307
0.0306457
0.0209375
0.0117994
0.108411
0.13387
0.0434525
0.0341299
0.049308
0.00788263
0.00470822
0.00551553
0.463464
0.518541
0.0125916
0.00765158
0.00617778
0.0348852
0.0340917
0.0163115
0.117743
0.186101
0.0158079
0.00566739
0.0137825
0.0836263
0.0363343
0.0121195
0.00914469
0.0328689
0.131309
0.1783
0.193637
0.117975
0.0371451
0.00551452
0.00131203
0.0094434
0.337498
0.538988
0.517841
0.0717775
0.0596118
0.0297909
0.0245346
0.0232346
0.0196659
0.0271794
0.0571667
0.0848298
0.0386895
0.0282176
0.0297451
0.0253458
0.102631
0.12464
0.162954
0.0478159
0.00634803
0.00225976
0.00049719
0.000539525
0.125783
0.231299
0.22013
0.102244
0.00620852
0.00259122
0.00360786
0.00207377
0.273063
0.578825
0.546044
0.024906
0.00661659
0.00780859
0.00920117
0.00803801
0.0538254
0.087963
0.0490045
0.0600573
0.00678302
0.00384397
0.00422451
0.0130733
0.13495
0.220919
0.140638
0.104423
0.0170251
0.00686759
0.0293121
0.00913011
0.110146
0.415026
0.360447
0.201501
0.102265
0.172161
0.110145
0.117165
0.116818
0.415026
0.360752
0.0379809
0.00215925
0.000706884
1.89704e-005
0.0042858
0.0740168
0.140396
0.161116
0.0721658
0.0115072
0.016789
0.0295016
0.0588888
0.102324
0.239252
0.28207
0.13248
0.0973018
0.163794
0.169134
0.171716
0.109248
0.184803
0.259569
0.107455
0.0832196
0.12815
0.229871
0.270048
0.127192
0.0997539
0.297641
0.0894377
0.0224207
0.0585307
0.10969
0.0793532
0.0890754
0.177534
0.24047
0.181578
0.0842751
0.107606
0.205217
0.248198
0.11438
0.118979
0.384511
0.0902971
0.174523
0.107161
0.112101
0.206871
0.183936
0.0667298
0.124121
0.213201
0.172579
0.0679577
0.203209
0.253021
0.146438
0.0734646
0.112381
0.139668
0.199511
0.170635
0.0643786
0.24982
0.163909
0.129751
0.296015
0.107617
0.219433
0.239531
0.0981367
0.311167
0.115613
0.131355
0.19218
0.153521
0.128738
0.12228
0.229933
0.216076
0.142542
0.142401
0.0964747
0.0861605
0.0599144
0.0558572
0.269891
0.197371
0.0590667
0.0589991
0.0420593
0.0356337
0.0168622
0.0631261
0.411369
0.319613
0.132475
0.210731
0.0880091
0.0235112
0.00476165
0.0490633
0.411369
0.298211
0.0638117
0.0843208
0.0335241
0.00494008
0.00376017
0.012957
0.438991
0.351117
0.0155848
0.00829119
0.00720241
0.0205156
0.0176976
0.0146191
0.142135
0.155392
0.0131939
0.00450165
0.0130522
0.00183519
0.0182796
0.0754678
0.632384
0.314881
0.0113174
0.00414344
0.00445512
0.0173156
0.0335597
0.0346443
0.167376
0.105527
0.021581
0.00904028
0.0194147
0.0982445
0.0628763
0.0913574
0.16316
0.158701
0.082551
0.0785623
0.100117
0.167887
0.0474179
0.0870605
0.149348
0.215489
0.117136
0.178261
0.180334
0.0761169
0.069817
0.182159
0.160703
0.164645
0.105426
0.0932154
0.0735698
0.120432
0.119553
0.215642
0.159079
0.263941
0.118397
0.168984
0.0875513
0.0675481
0.0299318
0.0450231
0.0551919
0.0767773
0.0626024
0.0744077
0.0832018
0.128559
0.0281516
0.0329147
0.0193988
0.0672978
0.232382
0.330257
0.207381
0.0974266
0.0947584
0.0679345
0.044321
0.0743861
0.0618752
0.0615944
0.095418
0.386769
0.493924
0.160596
0.0182605
0.0264291
0.0772809
0.11672
0.155617
0.0415907
0.00602346
0.00129906
0.00105238
0.0139848
0.119822
0.169832
0.136167
0.104357
0.0523073
0.0280926
0.0172361
0.00998101
0.24343
0.319395
0.310896
0.171982
0.273165
0.0839502
0.00268246
0.00473771
0.0118623
0.0356928
0.0805058
0.362638
0.473648
0.199627
0.0392161
0.00733751
0.0637688
0.0744138
0.225002
0.063252
0.0309743
0.0140286
0.0386832
0.0187948
0.0868394
0.115468
0.125075
0.137253
0.0389087
0.0158932
0.0794117
0.153962
0.06896
0.146987
0.309036
0.199958
0.238732
0.105379
0.0564498
0.0105351
0.0379876
0.0314763
0.105635
0.516669
0.412396
0.297682
0.154873
0.0467477
0.0203224
0.0263235
0.230867
0.115423
0.0940028
0.124099
0.0283535
0.159513
0.0558785
0.166315
0.400316
0.0558328
0.145553
0.238106
0.104016
0.201647
0.0376317
0.126742
0.267705
0.442324
0.171197
0.195048
0.163534
0.0501373
0.0253501
0.0311088
0.207066
0.221639
0.0648504
0.0911953
0.189439
0.143858
0.0628007
0.0483505
0.115961
0.00100526
0.00102003
0.0982692
0.410179
0.202547
0.00880001
0.027264
0.0135449
0
0.00253941
0.0758937
0.410179
0.206147
0.00598584
0.0102519
0.00323401
0.00324298
0.00149765
0.107236
0.410179
0.324608
0.000794467
0.00181623
0.00109046
0.00025486
0.00305255
0.0778247
0.410179
0.251693
0.0011628
0.00131975
0.00249297
0.00328517
0.017984
0.0507442
0.526094
0.288646
0.00873963
0.0077785
0.00160824
0.0130055
0.034999
0.0321132
0.113416
0.056815
0.0229977
0.0186675
0.0133554
0.0138944
0.0345371
0.0195352
0.538505
0.401175
0.0143243
0.0186712
0.0162514
0.144981
0.144238
0.0715252
0.104109
0.059146
0.0345486
0.0348927
0.056871
0.0206454
0.0276983
0.0350159
0.0177277
0.0141535
0.0127271
0.0176914
0.0193859
0.106514
0.116144
0.0758425
0.0215447
0.0208814
0.00761529
0.0183649
0.0282491
0.239697
0.286485
0.129455
0.00895105
0.00657618
0.0186679
0.0157502
0.0774821
0.484712
0.606227
0.274253
0.0224872
0.0075187
0.0028719
0.00898059
0.139099
0.0622092
0.0998971
0.029653
0.00420159
0.00375866
0.00393804
0.00705447
0.0177304
0.13784
0.21528
0.0586606
0.00334966
0.00173057
0.0048029
0.00860395
0.0402265
0.230217
0.307419
0.0943595
0.00797371
0.000862471
0.000907429
0.00385372
0.0596952
0.486733
0.563715
0.363415
0.0113114
0.00290182
0.00234988
0.00393147
0.108634
0.0919639
0.111784
0.0594393
0.00701471
0.000901857
0.000529429
0.00225275
0.0402001
0.182967
0.30844
0.145507
0.0259079
0.00245058
0.00124478
0.00124049
0.0875627
0.253805
0.400028
0.265275
0.0388531
0.00607813
0.00331828
0.00586222
0.159958
0.245577
0.419454
0.380144
0.0971194
0.0362729
0.0282428
0.0487382
0.239868
0.154364
0.254497
0.145669
0.0190909
0.00307809
0.00132454
0.000501269
0.0691872
0.29309
0.338333
0.328205
0.104326
0.0247892
0.00112856
0.000403668
0.0949407
0.12484
0.338333
0.280567
0.0859603
0.0645878
0.0535585
0.0311205
0.081994
0.221294
0.293082
0.338333
0.153403
0.0926303
0.0733869
0.0271761
0.0663646
0.34334
0.231121
0.323035
0.290013
0.0890115
0.0328439
0.00216747
0.0913716
0.135729
0.0406482
0.0680008
0.18975
0.135925
0.111113
0.00871586
0.0378114
0.262877
0.172953
0.276822
0.267213
0.12773
0.0630448
0.0316986
0.0720998
0.237923
0.0604027
0.0486797
0.309614
0.174995
0.110795
0.0414068
0.0967538
0.00237309
0.000665358
0.0194956
0.401609
0.344919
0.000645372
0.000728024
0.000665638
0.00224954
0.00335073
0.0154927
0.354922
0.231973
0.00330559
0.00788115
0.00619276
0.00269854
0.00234395
0.00291816
0.401609
0.401609
0.00838183
0.00277994
0.00190508
0.0269077
0.0234005
0.00662669
0.31175
0.278052
0.0121971
0.0149392
0.0240227
0.0204336
0.0650553
0.0221667
0.136948
0.116706
0.00946161
0.023921
0.0248931
0.126399
0.162605
0.0719554
0.0232685
0.0154276
0.00935079
0.0108787
0.0510603
0.175257
0.22258
0.0658209
0.061836
0.0525238
0.016211
0.0338401
0.107324
0.549362
0.549362
0.321527
0.0113082
0.00929566
0.00484472
0.0125166
0.210629
0.107253
0.0970847
0.0448423
0.000368035
0.000727489
0.00258685
0.000681009
0.0289806
0.265044
0.208994
0.0791902
0.00459823
0.00120682
0.0021461
0.00108643
0.0548082
0.362726
0.412459
0.209498
0.000655466
0.000906
0.000512463
0.00890362
0.0980689
0.412459
0.412459
0.237414
0.0055764
0.0299165
0.0339049
0.0705513
0.230687
0.18757
0.286661
0.0674022
0.0037228
0.00173074
0.00868025
0.0230063
0.0423343
0.236729
0.364166
0.247322
0.014367
0.0683199
0.0208704
0.056959
0.0308619
0.27194
0.339778
0.106648
0.00605122
0.081993
0.0950237
0.150841
0.13507
0.112857
0.28106
0.1718
0.0269159
0.271646
0.206736
0.27935
0.0785467
0.235387
0.340697
0.243703
0.110095
0.0936414
0.014564
0.0251118
0.0799182
0.124642
0.24948
0.177195
0.16777
0.0881526
0.0395832
0.0814235
0.179887
0.135909
0.104406
0.17658
0.161026
0.37267
0.17357
0.111298
0.0504931
0.153255
0.0973183
0.196448
0.192785
0.306363
0.143295
0.100862
0.113922
0.0432188
0.133811
0.14312
0.136533
0.171555
0.124704
0.0988961
0.0841721
0.0499609
0.106535
0.176496
0.142768
0.298661
0.23101
0.121075
0.0451186
0.106826
0.0591539
0.0891575
0.127414
0.234508
0.190392
0.182981
0.146365
0.096645
0.0404058
0.0512599
0.140083
0.378049
0.378049
0.303481
0.144085
0.104764
0.0960978
0.107873
0.107079
0.138241
0.130131
0.108482
0.0458261
0.197301
0.113996
0.0827903
0.204201
0.110049
0.104146
0.0904588
0.0994914
0.143967
0.123314
0.137114
0.138688
0.249035
0.346359
0.253765
0.167709
0.273093
0.172885
0.138734
0.213871
0.241659
0.246894
0.158426
0.241495
0.0216256
0.00250049
0.00165927
0.32642
0.388563
0.0740479
0.075647
0.0892217
0.191945
0.191364
0.0370555
0.14953
0.190799
0.0557204
0.0705648
0.180561
0.0656671
0.00291074
0.000627893
0.0979788
0.150079
0.0904961
0.135504
0.245742
0.391653
0.235905
0.0467349
0.0337459
0.0663115
0.0627534
0.110813
0.391653
0.214089
0.355447
0.0949188
0.00469674
0.00529329
0.00444293
0.0111229
0.106869
0.288965
0.377598
0.238312
0.00510697
0.00197986
0.00424068
0.0278887
0.21428
0.276956
0.346602
0.0972907
0.0237823
0.0291979
0.00708186
0.0153338
0.162006
0.225992
0.249284
0.163128
0.0612629
0.0967719
0.0272846
0.0646768
0.219221
0.239661
0.372495
0.238945
0.00560214
0.00613058
0.0152713
0.0247778
0.134055
0.311859
0.349046
0.278629
0.016009
0.0675757
0.0604662
0.0680122
0.156584
0.212916
0.113642
0.194152
0.031278
0.0862732
0.0620033
0.0590791
0.1723
0.217447
0.156058
0.235586
0.0581767
0.179108
0.0962443
0.12293
0.167979
0.174808
0.14907
0.127453
0.0201779
0.154654
0.13249
0.147498
0.115717
0.163043
0.101821
0.0870402
0.0131316
0.207312
0.201724
0.267718
0.171544
0.202591
0.0933547
0.163928
0.122542
0.170286
0.110681
0.222045
0.112076
0.376474
0.263406
0.183786
0.154426
0.121699
0.0673707
0.202537
0.24765
0.0959436
0.076152
0.0901944
0.0756485
0.250832
0.161421
0.116861
0.118982
0.166864
0.118182
0.135175
0.116148
0.263034
0.15149
0.118545
0.0957398
0.245402
0.222631
0.187951
0.154577
0.123356
0.0615497
0.0662168
0.164729
0.37181
0.118404
0.141303
0.182438
0.152927
0.19229
0.209089
0.312446
0.149843
0.0560799
0.0871574
0.0927317
0.097943
0.105856
0.157334
0.168475
0.123462
0.0685885
0.106256
0.112375
0.15702
0.22003
0.248806
0.194978
0.278173
0.0553709
0.0783772
0.0885804
0.0592317
0.0864244
0.255991
0.342053
0.250905
0.21035
0.109049
0.0777119
0.0572329
0.0669059
0.289437
0.354381
0.0972706
0.0905804
0.0915503
0.0900596
0.139914
0.211342
0.195844
0.162568
0.146616
0.0993266
0.100287
0.128731
0.18411
0.136183
0.173683
0.211265
0.245163
0.177932
0.0429191
0.047921
0.040981
0.0650593
0.263502
0.317207
0.259551
0.117424
0.167633
0.0613174
0.0618487
0.0874566
0.28626
0.366961