0.0613282
0.0462587
0.0891266
0.0833545
0.123293
0.173631
0.102409
0.107336
0.158717
0.0956204
0.0836306
0.191535
0.207478
0.291081
0.198536
0.251987
0.188471
0.107964
0.172249
0.175611
0.168752
0.213949
0.125207
0.0974535
0.152303
0.0544596
0.140235
0.30557
0.268041
0.24836
0.168918
0.209055
0.0815248
0.0632245
0.0666911
0.200549
0.161416
0.209512
0.20218
0.138377
0.0765089
0.039797
0.0483876
0.185313
0.131523
0.179254
0.287416
0.132283
0.0780429
0.00481424
0.067743
0.200133
0.160804
0.187517
0.287428
0.252572
0.0631005
0.0201432
0.0207029
0.114639
0.0900174
0.125867
0.476431
0.214086
0.13751
0.11651
0.107501
0.0481161
0.0803832
0.20727
0.305923
0.176003
0.1729
0.271515
0.225522
0.0161378
0.05618
0.246773
0.320882
0.250117
0.081607
0.0318173
0.0117002
0.0102306
0.0227021
0.0668273
0.351834
0.204006
0.0953169
0.057024
0.0119383
0
0.016064
0.0459067
0.296832
0.251948
0.186679
0.313407
0.243822
0.0164311
0.036041
0.140854
0.20163
0.299345
0.26771
0.295326
0.162917
0.0363167
0.0173146
0.0137645
0.0924183
0.280645
0.110587
0.06435
0.0109958
0
0.017514
0.0336003
0.202103
0.263727
0.110428
0.0561554
0.0100242
0
0.00539134
0.00886132
0.214882
0.361121
0.223298
0.0749826
0.0238702
0.0368506
0.0199228
0.0128399
0.113227
0.351575
0.187206
0.0530785
0.0243729
0.0251889
0.00934177
0.00814247
0.0929527
0.350874
0.068911
0.00822647
0.00121916
0
0
0.000746303
0.242953
0.425038
0.0979523
0.00711094
0
0
0
0.00615966
0.254538
0.492231
0.0828968
0.0550776
0.020991
0.00620822
0.00768364
0.0170319
0.118351
0.242172
0.0438279
0.0668503
0.0253565
0.0051264
0.0108004
0.0217374
0.145582
0.198196
0.0971045
0.00734045
0.00290385
0.0008544
0.00344502
0.0164363
0.2772
0.455852
0.0892762
0.0109064
0.010578
0.0034176
0.00516752
0.0147485
0.434148
0.518766
0.0290038
0.0276478
0.0104238
0.0139373
0.00406759
0.0104164
0.147272
0.163146
0.0329055
0.0076427
0.00637851
0.0201418
0.00331669
0.0151476
0.366585
0.184343
0.0480611
0.00606719
0.00606896
0.0127014
0.00342678
0.00865393
0.373583
0.405795
0.0583828
0.014856
0.013595
0.0211148
0.0115189
0.0412273
0.347211
0.503099
0.186196
0.073864
0.117568
0.23209
0.164393
0.0723508
0.0434696
0.066296
0.100921
0.0351428
0.0578704
0.263288
0.204831
0.0308615
0.035132
0.0890897
0.190791
0.113845
0.165182
0.352532
0.288504
0.100715
0.0416275
0.0744154
0.0784256
0.0362422
0.0486331
0.44104
0.405271
0.0451545
0.0160598
0.037343
0.0697102
0.00622264
0.0410379
0.099979
0.06891
0.0525026
0.160921
0.179362
0.0442206
0.0054681
0.0145815
0.0218975
0.0228923
0.113206
0.457272
0.203509
0.0695006
0.0235881
0.0773442
0.393207
0.228317
0.00928988
0.167442
0.11091
0.0624721
0.0157254
0.0401694
0.121884
0.0641776
0.0890214
0.494267
0.258858
0.00763315
0.00112395
0.000521624
0.00528292
0.00412434
0.0777136
0.361465
0.102662
0.00753786
0.000498127
0.000347749
0
0.0012403
0.0604526
0.35214
0.123284
0.00820791
0
2.49268e-005
0.00839108
0.00293913
0.121305
0.489237
0.244243
0.0171136
0
0
0
1.04227e-005
0.199154
0.489237
0.261232
0.0245994
0.00105066
0
0
0.00209446
0.0467456
0.263769
0.146702
0.0590564
0.0128442
0.00435049
0.0319419
0.00195535
0.0177109
0.152576
0.20203
0.0392907
0.000237537
0
0
5.03386e-005
0.203969
0.562527
0.239368
0.0644146
0.0557334
0.0335419
0.111192
0.0255989
0.150044
0.493386
0.278062
0.0547214
0.0368147
0.0203514
0.0519475
0.00143264
0.00481936
0.0998695
0.195144
0.0937909
0.0513878
0.0257136
0.0215705
0.00484275
0.0191675
0.167601
0.337972
0.113175
0.150505
0.0917134
0.211981
0.0755948
0.0406326
0.153281
0.24946
0.33505
0.303499
0.130849
0.171941
0.0930337
0.0655312
0.202071
0.502795
0.126611
0.0258691
0.0258735
0.00299811
0.0224744
0.0366579
0.143002
0.304817
0.0946782
0.0328711
0.0271224
0.0120563
0.032252
0.0271452
0.144383
0.264659
0.292874
0.167116
0.102252
0.14347
0.207528
0.18521
0.276278
0.395059
0.100254
0.148886
0.0842804
0.102425
0.242498
0.248074
0.185237
0.201177
0.0556368
0.0334465
0.0307128
0.0110347
0.0376324
0.0307249
0.159692
0.2275
0.103525
0.0911597
0.0526896
0.0142957
0.0251931
0.0361493
0.177171
0.255968
0.138576
0.222718
0.132964
0.06054
0.122557
0.120827
0.0808949
0.0970717
0.427946
0.581931
0.199403
0.0889573
0.0683977
0.0233368
0.0338011
0.0655456
0.0600292
0.048406
0.0702115
0.244275
0.23662
0.0685363
0.0545325
0.0690627
0.0161612
0.00464079
0.00678836
0.396687
0.339184
0.0256431
0.016222
0.0153102
0.0901347
0.0340356
0.0664701
0.275513
0.254338
0.0902398
0.0382839
0.258269
0.0179219
0.00848187
0.0284601
0.396687
0.396687
0.00722886
0.00832333
0.0346857
0.0160965
0.00736095
0.0213966
0.469619
0.300627
0.00176794
0.0475918
0.0161278
0.026812
0.00542774
0.0150558
0.159995
0.10182
0.033693
0.361368
0.118868
0
0.000695108
0.00454974
0.474239
0.411211
0.000806372
0.00082642
0.000273234
0.00432085
0.00804145
0.0144867
0.201243
0.14369
0.00864698
0.0150134
0.0192045
0.0106357
0.000977623
0.00135334
0.00333524
0.00241296
0.0958646
0.495968
0.225683
0.0183596
0.000347149
0.000251445
0.000342346
0
0.166387
0.513997
0.354982
0.00820339
0.00877022
0.00840122
0.00527212
0.00439249
0.0231417
0.0815922
0.067228
0.0233209
0.00658206
0.00476592
0.00427388
0.00214729
0.0537622
0.401916
0.21854
0.0139728
0
0
0
0
0.107949
0.436908
0.181555
0.0164453
0.0176897
0.0174116
0.0233911
0.0107635
0.130801
0.381546
0.202702
0.0105323
0.00140327
0.00124527
0.00191962
0.00179984
0.0543109
0.439605
0.183668
0.00440599
0
0.00377076
0.00196563
0.00389852
0.0909531
0.448214
0.274553
0.0518673
0.0687646
0.0317774
0.0809127
0.0564351
0.0871787
0.21751
0.157994
0.197902
0.266782
0.0747124
0.157431
0.0736569
0.0743724
0.139108
0.181455
0.0107422
0.0119391
0.003062
0.0101607
0.020906
0.110407
0.467802
0.251448
0.0790869
0.14509
0.0305101
0.0771495
0.061295
0.155154
0.467802
0.275456
0.148092
0.182254
0.0877205
0.218249
0.121521
0.0783091
0.135709
0.165816
0.0622424
0.101551
0.11041
0.164821
0.240012
0.170174
0.145762
0.154515
0.103177
0.156695
0.0671306
0.153519
0.0829766
0.127622
0.327766
0.254732
0.258348
0.173805
0.149573
0.154819
0.16628
0.127895
0.20024
0.316431
0.108847
0.166112
0.115849
0.0552519
0.0828252
0.0579979
0.0402716
0.0480184
0.25948
0.47851
0.169879
0.0390726
0.0210279
0.0136837
0.0154713
0.0154418
0.327957
0.221367
0.164712
0.0661728
0.0711155
0.0397876
0.0337815
0.113811
0.375648
0.401668
0.178173
0.0325346
0.0328656
0.0527238
0.0531465
0.0641957
0.13851
0.0660092
0.0440992
0.220046
0.129434
0.0322411
0.00659293
0.277359
0.0233445
0.0214335
0.025432
0.448965
0.341731
0.00212506
0.00115594
0.0357084
0.13742
0.115519
0.0335722
0.20503
0.129248
0.0182028
0.0223566
0.0882669
0.0178551
0.0250065
0.0160888
0.448965
0.402323
0.000164896
0.0146755
0.00907155
0
0.00097214
0.00291799
0.5031
0.356157
0.000393985
0.000393985
0
0.00199096
0.00875639
0.0138673
0.170803
0.12935
0.00474838
0.00418399
0.0046704
0
0.000211413
0.00129353
0.5031
0.451461
0.000433208
0.000577409
0.000103208
0.00247564
0.00448874
0.0121707
0.205278
0.157279
0.00549135
0.00529801
0.0088555
0.0981233
0.100372
0.0789532
0.0507737
0.0771665
0.0514035
0.060891
0.135797
0.217127
0.121982
0.0420109
0.0515693
0.0520729
0.0947491
0.352402
0.418742
0.112895
0.085931
0.0855609
0.0988051
0.0923613
0.0849397
0.0712999
0.196551
0.207267
0.150239
0.0626969
0.0822989
0.0925582
0.0937474
0.0838496
0.26974
0.0180372
0.00979573
0.00418891
0.00858214
0.0162854
0.0326828
0.24137
0.142675
0.00645224
0.00154778
0.000828293
0.00214583
0.014973
0.0766948
0.821093
0.364933
0.0243045
0.0207844
0.0144518
0.0100226
0.0239024
0.0185772
0.0174059
0.0291629
0.0802427
0.0534507
0.0091021
0.00177249
0.0192878
0.0245175
0.077788
0.0760367
0.00501226
0.000331333
0
0
0.0031091
0.0538316
0.468826
0.195057
0.0352588
0.0107767
0.00307105
0.00440879
0.025882
0.137774
0.468826
0.312164
0.0730748
0.0838847
0.00436344
0
0.000652831
0.0149548
0.101873
0.0698899
0.225754
0.346066
0.0303296
0
0.0101091
0.0797758
0.334795
0.191107
0.0567816
0.0183624
0.00670081
0.00891277
0.0504813
0.16793
0.390428
0.245435
0.157972
0.053624
0.0202021
0.0394594
0.0702291
0.166586
0.272639
0.219831
0.199615
0.336912
0.07866
0.0148022
0.0810215
0.189828
0.303402
0.160335
0.163076
0.209068
0.0957524
0.0653842
0.133614
0.191423
0.227968
0.10526
0.373614
0.148848
0.0645209
0.0394652
0.0355798
0.0699431
0.196504
0.16555
0.463585
0.190283
0.088438
0.0381944
0.0335746
0.0825588
0.119308
0.178077
0.218552
0.274737
0.0801467
0.0383532
0.0417828
0.0859929
0.224605
0.102038
0.248172
0.20165
0.147786
0.0623621
0.0469958
0.124797
0.135886
0.143121
0.13414
0.0800478
0.0392776
0.11507
0.204917
0.0751985
0.112517
0.0843032
0.0223603
0.0161597
0.0296562
0.414488
0.36141
0.00665345
0.0385901
0.0109478
0.111979
0.101225
0.0642615
0.0958841
0.30894
0.114761
0.135441
0.0794892
0.0126665
0.0201669
0.0403165
0.430613
0.430613
0.0363319
0.0357619
0.00783928
0
0
0.00374823
0.501099
0.384067
0.000380457
0.000420416
0.000159903
0.00304058
0.0031078
0.00736531
0.158096
0.131393
0.0028591
0.00292767
0.00499593
0.0017765
0.00131114
0.0106314
0.516221
0.422022
0.00190597
9.32769e-005
3.99759e-005
0.0434373
0.0287829
0.0193302
0.207696
0.130563
0.000888396
0.00105615
0.00802316
0.0108872
0.0115177
0.015395
0.0157864
0.00994108
0.00963366
0.00708129
0.0131516
0.0388202
0.0357273
0.0179742
0.0141602
0.00769884
0.0139185
0.0161979
0.0103795
0.206172
0.16694
0.0457721
0.0181502
0.00872637
0.00308604
0.0035042
0.0247497
0.564722
0.724757
0.0718858
0.012436
0.00149732
0.0111865
0.0125294
0.0213197
0.0510947
0.0618549
0.0095424
0.00380062
0.00333231
0.00307997
0.00567083
0.00454887
0.168308
0.296728
0.00924467
0.00203123
0.00224975
0.0013692
0.00479157
0.00752572
0.300967
0.526994
0.0237375
0.002112
0.000791771
0.0043019
0.00394825
0.0114184
0.419097
0.526994
0.0272304
0.0269959
0.000290487
0.000702186
0.00138865
0.0308571
0.152389
0.317829
0.0149166
0.00344583
8.99955e-005
0.000152805
0.00687731
0.00464089
0.283308
0.440708
0.0674975
0.00229722
0.00241916
0.00605226
0.0241644
0.017406
0.250443
0.440708
0.0361578
0.031307
0.0215062
0.00738415
0.0142288
0.0211874
0.291755
0.440708
0.0987816
0.0176299
0.0331885
0.0118439
0.0249437
0.0147642
0.236775
0.414129
0.0952235
0.00876472
0.0204343
0.0314122
0.0270368
0.0202384
0.25951
0.332798
0.0994102
0.0350589
0.0365911
0.03279
0.0164925
0.0324645
0.220952
0.432288
0.10204
0.00808646
0.00598572
0.00338514
0.00510262
0.00900966
0.244657
0.432288
0.122252
0.0822422
0.0931201
0.0111108
0.0140222
0.0357493
0.231034
0.244498
0.0637253
0.0119128
0.0081243
0.0138619
0.0154702
0.0448473
0.217946
0.150806
0.0716125
0.0281562
0.0385716
0.0450429
0.0168869
0.106064
0.241448
0.31621
0.161714
0.126878
0.139434
0.0865547
0.131867
0.121937
0.283426
0.316939
0.144245
0.275452
0.179431
0.197002
0.225634
0.295527
0.158559
0.167754
0.121177
0.125913
0.154606
0.0460332
0.0439099
0.0323341
0.0317469
0.0216051
0.0487759
0.453145
0.334027
0.0387472
0.0133403
0.00443301
0.212752
0.0868892
0.143578
0.229466
0.158268
0.179622
0.108004
0.0718128
0.0852737
0.0227876
0.0445424
0.425728
0.322582
0.138045
0.0409496
0.0623423
0.0430618
0.0370378
0.0106802
0.419375
0.224331
0.0310471
0
0.00166241
0.184808
0.26082
0.0200349
0.109067
0.0567008
0.0129156
0.00036175
0.0056006
0.22759
0.180739
0.0147531
0.24308
0.171464
0.0986143
0.0217489
0.0780692
0.440213
0.463907
0.0419287
0.053572
0.0322532
0.0298837
0.00460605
0.0265909
0.207162
0.28695
0.035028
0.00225587
0.000735686
9.38509e-007
0.000547557
0.00660702
0.328804
0.423945
0.0788105
0.00281277
0.000862317
0.00473512
0.00456576
0.00893368
0.264832
0.423945
0.0775001
0.00701467
0.00307726
0.00085069
0
0.00737842
0.252758
0.423945
0.191486
0.0142438
0.0130894
0.0145594
0.0157075
0.0153911
0.23847
0.414173
0.0745112
0.00578755
0.00916169
0.0128295
0.0164111
0.0141848
0.232042
0.414173
0.0606797
0.155376
0.0274876
0.0469882
0.0258919
0.0324474
0.132877
0.244431
0.156209
0.059009
0.0798296
0.110065
0.0687359
0.0158572
0.0873149
0.129193
0.0765984
0.333918
0.175101
0.355497
0.181059
0.0784379
0.151392
0.248579
0.0450011
0.156074
0.0635052
0.107367
0.0583124
0.05629
0.170036
0.383122
0.0702356
0.0882526
0.137547
0.117394
0.0711788
0.0425424
0.0756238
0.0763358
0.0313247
0.254375
0.0962259
0.355825
0.224869
0.213998
0.186896
0.159658
0.0603822
0.126557
0.229951
0.247325
0.177203
0.25333
0.216314
0.553817
0.10911
0.070125
0.137978
0.0532982
0.0216296
0.00895749
0.130958
0.29778
0.12041
0.160829
0.186528
0.040642
0.0500232
0.0344594
0.201191
0.171323
0.0885278
0.11419
0.343365
0.205399
0.117229
0.155487
0.0927288
0.0770473
0.0970995
0.0689454
0.0576014
0.0694571
0.0817516
0.150782
0.111153
0.112859
0.0940622
0.130458
0.146966
0.103017
0.227263
0.188833
0.261197
0.254198
0.100002
0.219553
0.169359
0.228294
0.356038
0.394702
0.100836
0.0496752
0.0337195
0.0354493
0.0319433
0.0229593
0.0733012
0.152504
0.187466
0.109106
0.0672662
0.138387
0.157409
0.121502
0.11261
0.243881
0.117465
0.0246083
0.114643
0.201656
0.21354
0.274475
0.0887103
0.0445456
0.144676
0.125883
0.0521831
0.178619
0.21662
0.143771
0.0407698
0.0780998
0.185861
0.125713
0.10771
0.197635
0.269884
0.182766
0.103445
0.118109
0.44477
0.228011
0.138531
0.0875343
0.0560422
0.0711927
0.112527
0.271902
0.154735
0.201698
0.0713168
0.0507338
0.0626153
0.0350031
0.0141235
0.0641937
0.202985
0.402209
0.118274
0.0652117
0.0374533
0.00618118
0.0242772
0.0699888
0.183941
0.229054
0.312995
0.123364
0.0666857
0.00837246
0.00983813
0.0677397
0.194855
0.319181
0.42107
0.316125
0.111604
0.00681519
0.0469114
0.0892751
0.106755
0.306852
0.0996748
0.043012
0.0187608
0.0068943
0.0569335
0.111963
0.0856352
0.248793
0.1494
0.0500256
0.0312274
0.0528767
0.0456855
0.129846
0.236441
0.261048
0.225611
0.245096
0.117963
0.0382965
0.132854
0.199029
0.327783
0.250499
0.1568
0.183911
0.140967
0.107966
0.125188
0.354886
0.0668107
0.109795
0.110874
0.144043
0.0623331
0.0963094
0.0316669
0.062197
0.114857
0.102587
0.115859
0.354526
0.148631
0.216006
0.142927
0.101464
0.23627
0.19573
0.157907
0.123769
0.050364
0.0617332
0.0729434
0.172669
0.359874
0.201763
0.281471
0.389637
0.128458
0.0571002
0.117116
0.139209
0.0766736
0.0430321
0.105794
0.182942
0.0568875
0.162369
0.167782
0.149771
0.131292
0.0544512
0.0783579
0.103907
0.0911815
0.17708
0.14188
0.209255
0.206573
0.120511
0.293843
0.260822
0.0668825
0.0829212
0.168685
0.292079
0.108113
0.170578
0.248794
0.161815
0.12428
0.204464
0.260975
0.316116
0.128374
0.0848808
0.0333211
0.0318771
0.107977
0.182204
0.128735
0.213328
0.0932881
0.0336741
0.0298262
0.0261811
0.0268678
0.0954813
0.142975
0.232889
0.0993362
0.19317
0.167879
0.0501592
0.167338
0.208504
0.22191
0.301001
0.118317
0.0983315
0.138181
0.076277
0.0558779
0.384555
0.35977
0.322761
0.139107
0.0357162
0.027157
0.0609999
0.0486975
0.0901936
0.0892181
0.147109
0.132552
0.0868951
0.0817055
0.260854
0.238791
0.162836
0.049599
0.085535
0.110986
0.0333261
0.149405
0.274403
0.0728898
0.419972
0.2776
0.160393
0.11378
0.0870906
0.164276
0.387857
0.201606
0.183556
0.0592132
0.060082