0.0541222
0.0621399
0.136853
0.15597
0.107683
0.110081
0.0688749
0.0319275
0.0722808
0.0796694
0.141304
0.182059
0.112433
0.129911
0.0857922
0.0312753
0.10334
0.161619
0.20038
0.156806
0.0558868
0.124282
0.15583
0.032309
0.165489
0.308731
0.369924
0.234628
0.131827
0.142304
0.0569899
0.0564407
0.0786317
0.0456614
0.0440214
0.0442608
0.0461258
0.0441281
0.0383577
0.042825
0.143941
0.0614263
0.0435285
0.0324625
0.0257096
0.0295927
0.100473
0.137941
0.255945
0.185421
0.207493
0.102836
0.0931135
0.0304952
0.0487779
0.120126
0.364121
0.138087
0.107895
0.0616684
0.0747338
0.0245718
0.315374
0.527881
0.0995172
0.0499578
0.0371279
0.0293032
0.0238463
0.0411127
0.114013
0.122983
0.101604
0.0462008
0.0398333
0.0219125
0.0321206
0.0582595
0.0852224
0.109072
0.144421
0.02366
0.0175355
0.0342271
0.144823
0.142631
0.375455
0.472414
0.12055
0.0234365
0.0234365
0.0234314
0.140394
0.231201
0.219775
0.332033
0.124036
0.0332625
0.0502354
0.0573461
0.117791
0.110942
0.0906149
0.139185
0.0904411
0.014998
0.114089
0.111641
0.193059
0.24634
0.0798776
0.0939684
0.146199
0.0676447
0.0616333
0.0534606
0.108185
0.195162
0.150514
0.302938
0.223344
0.0792023
0.0928017
0.0682223
0.0997382
0.192629
0.135405
0.234232
0.0670806
0.0329643
0.139706
0.0823731
0.121721
0.223777
0.08971
0.0780957
0.138475
0.0698442
0.114567
0.0898978
0.084042
0.145007
0.145457
0.145923
0.166046
0.0719147
0.111982
0.0742686
0.0818307
0.162503
0.114223
0.168076
0.224292
0.100459
0.143899
0.102674
0.0921479
0.114921
0.14729
0.284549
0.109877
0.147462
0.123566
0.0595116
0.0455786
0.053912
0.0773674
0.0903065
0.157719
0.18713
0.169867
0.0961231
0.0974383
0.0430164
0.0379915
0.0957019
0.157009
0.118156
0.110896
0.120448
0.127832
0.0599885
0.106419
0.233645
0.144883
0.185702
0.156372
0.212013
0.263824
0.105566
0.0819733
0.144831
0.14234
0.0939862
0.0835449
0.0458089
0.0674485
0.0566079
0.0859305
0.130258
0.144431
0.108034
0.154568
0.134055
0.11559
0.0682353
0.189507
0.191983
0.102556
0.10048
0.117034
0.146677
0.186069
0.0990238
0.116113
0.164775
0.0606265
0.138475
0.282937
0.26643
0.164714
0.0908444
0.18123
0.145654
0.0519945
0.0780298
0.0865449
0.0687267
0.0366065
0.0879832
0.104075
0.0370671
0.0838887
0.13821
0.190805
0.284241
0.162446
0.0863746
0.0297105
0.0406932
0.139101
0.131535
0.0825477
0.0685152
0.053614
0.0762378
0.0520311
0.0735755
0.0642068
0.0567649
0.263775
0.544156
0.284458
0.0887557
0.0276862
0.071714
0.050304
0.0656927
0.126198
0.174801
0.114084
0.0106855
0.0128081
0.0329816
0.124887
0.07214
0.135212
0.149364
0.10126
0.0121089
0.100729
0.194305
0.0043788
0.00843893
0.128951
0.376399
0.232185
0.0255146
0.00270772
0.00665215
0.113104
0.0704882
0.226626
0.588227
0.236315
0.0411984
0.04923
0.107255
0.0818506
0.0179915
0.0297664
0.0446524
0.0807993
0.062254
0.107425
0.175297
0.0293098
0.00197053
0.00197053
0.0126943
0.088165
0.168963
0.147591
0.189917
0.124529
0.0408038
0.0858239
0.22574
0.0720358
0.139573
0.27364
0.193624
0.044256
0.0309196
0.00103212
0.0135653
0.0782898
0.309952
0.603343
0.237716
0.0272078
0.0181179
0.00951879
0.00717105
0.0529215
0.182624
0.139862
0.162318
0.0885352
0.0436183
0.0266415
0.0103665
0.0271847
0.0812626
0.0671968
0.0804765
0.0749746
0.0419067
0
6.781e-005
0.139429
0.344259
0.541056
0.209359
0.127677
0.0406312
0.00956048
0.00272562
0.140231
0.262272
0.326001
0.177142
0.146862
0.06906
0.083954
0.0355285
0.0258854
0.0720143
0.055634
0.103332
0.133772
0.0735121
0.0910198
0.0473462
0.0499222
0.0642415
0.0684883
0.178524
0.198093
0.0815805
0.0727991
0.017633
0.120803
0.329126
0.359349
0.268867
0.166091
0.14584
0.140392
0.0500534
0.101945
0.142152
0.123748
0.197785
0.105795
0.0504774
0.0567817
0.0866326
0.115543
0.0902209
0.0598467
0.181685
0.078423
0.102321
0.101047
0.161288
0.200857
0.139112
0.0641853
0.100331
0.0895795
0.0874226
0.104392
0.138833
0.168418
0.148253
0.0533886
0.113352
0.0496025
0.0989508
0.125296
0.197519
0.337031
0.327446
0.096281
0.0804591
0.0390838
0.0707113
0.111861
0.157325
0.177516
0.0890801
0.0720919
0.053251
0.0460961
0.0599439
0.221378
0.25212
0.192658
0.074604
0.0920211
0.0554469
0.0557985
0.129232
0.148532
0.125966
0.24992
0.175734
0.0966997
0.0554367
0.267453
0.129394
0.167166
0.168493
0.220724
0.0906081
0.147841
0.145434
0.156275
0.124386
0.054139
0.0218509
0.0268066
0.03563
0.0235161
0.0382122
0.0772291
0.0771158
0.29326
0.300508
0.155787
0.0493977
0.00986938
0.0441444
0.252908
0.134082
0.0721021
0.00184978
0.0544567
0.117455
0.141487
0.177509
0.18689
0.105489
0.417771
0.287265
0.14495
0.0915673
0.0799953
0.198886
0.00454406
0.0149811
0.119338
0.189261
0.106328
0.0160099
0.00229037
0.00265687
0.0231267
0.0188359
0.137557
0.495686
0.122217
0.0165441
0.0236114
0.0229385
0.0151845
0.0278364
0.192664
0.230444
0.0830107
0.0131519
0.00772995
0.0189581
0.00251347
0.0151523
0.136941
0.649024
0.173789
0.0111617
0.00624089
0.0021709
0.0433053
0.0160678
0.0788377
0.304756
0.0376022
0.048691
0.220252
0.0755192
0.0271133
0.0273838
0.00713639
0.0169219
0.0158222
0.145379
0.67742
0.112842
0.0153505
0.0176106
0.0562771
0.337349
0.105633
0.0192823
0.0425769
0.0143529
0.0284422
0.0287844
0.0254408
0.0186288
0.0104404
0.0589308
0.324653
0.0403368
0.0193257
0.010629
0.000260524
0.000495837
0.0259042
0.141419
0.369258
0.0501737
0.0172222
0.00258081
0.000554216
0.000237521
0.0419795
0.182083
0.286844
0.0689064
0.00769135
0.0108283
0.00814849
0.00297999
0.00255912
0.112966
0.391136
0.0458475
0.000764039
0.00531452
0.00168787
0.00010915
0.0166782
0.243952
0.631487
0.099927
0.0232545
0.0101856
0.00502028
0.00127588
0.0450564
0.168195
0.230045
0.0914093
0.03904
0.0321827
0.018086
0.00870174
0.0293905
0.11459
0.108769
0.0775053
0.0155025
0.0192795
0.0088989
0.00156953
0.0411437
0.324502
0.583068
0.12289
0.0308681
0.0310033
0.0136224
0.0110433
0.0483691
0.305975
0.417183
0.141478
0.033482
0.0344187
0.0379112
0.0513991
0.0693841
0.114566
0.0755757
0.0594402
0.0189997
0.0286502
0.039831
0.0622606
0.122413
0.147902
0.0595365
0.0400365
0.0400368
0.0168051
0.0158863
0.0376281
0.0756458
0.385184
0.565326
0.19629
0.0847676
0.0307255
0.0332591
0.0531077
0.108927
0.28262
0.285765
0.125621
0.0876416
0.0914468
0.0672457
0.0646862
0.162154
0.185775
0.0871993
0.0725714
0.27109
0.152591
0.0697221
0.0679543
0.116885
0.10657
0.0835645
0.140741
0.178285
0.069077
0.0370762
0.0573595
0.141947
0.230307
0.120351
0.215641
0.277429
0.241591
0.108349
0.0453682
0.0905713
0.12976
0.0511602
0.21852
0.155527
0.0622209
0.0391961
0.0130144
0.0864487
0.0775598
0.133757
0.173142
0.153029
0.0510039
0.169855
0.199417
0.10763
0.0332423
0.0966534
0.295603
0.137246
0.0555047
0.0487422
0.0414681
0.114547
0.0778164
0.143725
0.328904
0.0715341
0.103373
0.222437
0.247815
0.210411
0.0228173
0.105025
0.432219
0.0159781
0.0129419
0.0788529
0.246131
0.0811209
0.00363593
0.00745069
0.041711
0.000405925
0.00348705
0.0493296
0.493268
0.149356
0.00973848
0.00231918
0.000405925
0.00529564
0.0284555
0.103277
0.387136
0.079748
0.00304746
0.00422628
0.0403803
0.00118944
0.00774337
0.0590036
0.626681
0.100265
0.00632727
0.002995
0.00118944
0.0136315
0.015286
0.047347
0.540581
0.251875
0.0659059
0.033356
0.0139532
0.0338014
0.0430894
0.0629068
0.0213613
0.0313808
0.0840949
0.142224
0.0533249
0.0187859
0.0302959
0.0903557
0.52013
0.149714
0.0642246
0.0688194
0.0227716
0.0489873
0.0362993
0.0754503
0.0233661
0.0378218
0.121186
0.177407
0.0726041
0.0202534
0.036006
0.0274483
0.00652313
0.00913758
0.0582789
0.23137
0.0595455
0.0219864
0.026239
0.0117345
0.00322603
0.00877571
0.230639
0.742683
0.130374
0.078648
0.0373147
0.0392859
0.0102924
0.0195711
0.0393443
0.0799282
0.055432
0.230514
0.210334
0.0470125
0.00637005
0.00900421
0.0506167
0.162594
0.102118
0.0102982
0.00699767
0.00471067
0.00249601
0.00825322
0.200324
0.384799
0.0461807
0.00806549
0.00927688
0.00642894
0.0095809
0.0372572
0.311301
0.41182
0.0526222
0.182706
0.179048
0.0194299
0.00166515
0.00166515
0.109561
0.167734
0.0472306
0.251887
0.293574
0.0505207
0.0167208
0.0518733
0.281894
0.320597
0.0535194
0.0136824
0.00296916
0.00312106
0.019564
0.0608258
0.272363
0.367096
0.105863
0.0728076
0.0547977
0.0206676
0.0738932
0.0940454
0.189843
0.191483
0.143072
0.125591
0.246793
0.107991
0.0720357
0.0947792
0.220431
0.230287
0.104107
0.159737
0.212269
0.117027
0.327227
0.168463
0.206442
0.113809
0.229033
0.101839
0.0557514
0.015428
0.0415528
0.0283713
0.0477647
0.0665607
0.149242
0.18102
0.042473
0.0164396
0.00884929
0.00468155
0.0336621
0.0873882
0.184842
0.18733
0.195849
0.0583893
0.186611
0.0799573
0.169031
0.0955175
0.352816
0.32549
0.198146
0.0400967
0.0270683
0.0096851
0.136286
0.168847
0.560964
0.0796299
0.0548712
0.0531303
0.0386262
0.0975561
0.039487
0.06446
0.192312
0.0195016
0.0473352
0.144187
0.262045
0.368925
0.0360925
0.058095
0.199921
0.0341249
0.100197
0.0901232
0.0817933
0.121198
0.0795802
0.0174565
0.0282341
0.0115564
0.131548
0.23909
0.444202
0.410245
0.0852166
0.0302753
0.0186022
0.000845525
0.0123597
0.0850018
0.384223
0.108667
0.00323136
0.00224276
0.0119764
0.00751986
0.0125069
0.0516701
0.508483
0.0999367
0.000743576
0.000556614
0.00598799
0.00762736
0.0252232
0.0751183
0.411742
0.200863
0.0360722
0.012253
0.0170771
0.14675
0.12949
0.0464099
0.41803
0.188531
0.0500042
0.00561261
0.0597346
0.0409511
0.0258638
0.0319519
0.122276
0.0315246
0.00597905
0.01286
0.025748
0.108027
0.127597
0.0431659
0.0131775
0.00584745
0.0128585
0.0305432
0.0493142
0.254914
0.339136
0.0642507
0.0820557
0.0371638
0.0108946
0.00623055
0.0546569
0.514247
0.61402
0.0626278
0.00782158
0.000917287
0.00173063
0.0100476
0.0840755
0.108969
0.181788
0.0351281
0.00552894
0.00388106
0.00498615
0.0140132
0.0234027
0.274117
0.323459
0.0342211
0.000907765
0.00110579
0.00448511
0.0111764
0.0384804
0.272714
0.470651
0.065024
0.00693883
0.00524706
0.0019826
0.00729418
0.04026
0.370344
0.485865
0.100878
0.0117782
0.0170441
0.00570147
0.0155848
0.0405705
0.234162
0.357488
0.0369097
0.00019041
0.00333622
0.00991429
0.0136789
0.0299424
0.270277
0.451509
0.0531926
0.00784107
0.0170771
0.0355369
0.0376713
0.0359342
0.2698
0.313205
0.0884437
0.0171765
0.0291086
0.00792757
0.00457241
0.0256639
0.274795
0.429117
0.0674447
0.0129022
0.0250529
0.00379679
0.00125802
0.0319996
0.201064
0.389871
0.126299
0.0382617
0.0218094
0.0313913
0.0259681
0.0376412
0.230132
0.279728
0.131674
0.17978
0.053487
0.0675552
0.0143727
0.0986877
0.26053
0.492203
0.0733446
0.00908358
0.00585869
0.00345235
0.00520563
0.0402916
0.25765
0.270399
0.0753222
0.0462232
0.010583
0.00642506
0.00937195
0.0964318
0.251016
0.252199
0.0767585
0.176903
0.0748015
0.152879
0.0389222
0.319633
0.284272
0.219522
0.0770457
0.0312836
0.0263011
0.112871
0.0999308
0.564653
0.155208
0.113582
0.0354517
0.0510826
0.025684
0.0342549
0.0411363
0.0894866
0.0940532
0.0660621
0.0814507
0.0293514
0.0244974
0.047253
0.0839516
0.112524
0.0247072
0.0799754
0.0779318
0.0785532
0.125223
0.0852855
0.00947909
0.0142866
0.0133105
0.128646
0.175928
0.27777
0.292223
0.0735443
0.0143939
0.0197146
0.0221729
0.0313669
0.0803989
0.260494
0.214224
0.0533478
0.0208646
0.0380291
0.0572426
0.0600087
0.0814264
0.428104
0.453847
0.0509879
0.153872
0.19226
0.0439925
0.0561721
0.0652114
0.20465
0.215391
0.0629371
0.0170638
0.0682133
0.357627
0.273402
0.038363
0.151225
0.160733
0.084797
0.0159116
0.157913
0.098213
0.14523
0.0768332
0.128884
0.161413
0.0275884
0.0678608
0.15308
0.334606
0.482595
0.0938495
0.0697466
0.0524256
0.0330072
0.0210042
0.175146
0.26589
0.359922
0.0616037
0.0276692
0.0167252
0.0141501
0.00739375
0.0504835
0.314312
0.482294
0.0660703
0.0112868
0.00645766
0.00603989
0.0189359
0.0522276
0.206988
0.3497
0.0579901
0.0398778
0.0123629
0.0152875
0.0147178
0.0567334
0.225788
0.355242
0.0686527
0.0308194
0.0199987
0.0103526
0.0256306
0.0317117
0.286841
0.470765
0.0754876
0.0125159
0.0125159
0.0105295
0.0276895
0.0550549
0.361163
0.378038
0.113214
0.0231657
0.0296829
0.00985184
0.0394257
0.0727286
0.23135
0.337616
0.0390697
0.0110507
0.0174017
0.012843
0.0311293
0.0307667
0.219165
0.212684
0.0270483
0.0206556
0.0258282
0.0156627
0.0374059
0.057064
0.446126
0.318049
0.177257
0.0397094
0.0505776
0.0192753
0.0192236
0.0818962
0.382519
0.424806
0.13045
0.0429798
0.0574482
0.0285391
0.014324
0.0590289
0.215906
0.114294
0.045834
0.030471
0.042
0.0400248
0.0500275
0.0859087
0.104732
0.0930127
0.068774
0.0449652
0.0571507
0.077339
0.0526913
0.0740334
0.33282
0.547715
0.0599764
0.0224029
0.0370944
0.0464925
0.043162
0.0854129
0.196898
0.265766
0.0373007
0.0386494
0.0449358
0.0790562
0.0643439
0.121711
0.139404
0.171876
0.0780254
0.0262177
0.0519117
0.0970244
0.0515063
0.0997944
0.0987012
0.18984
0.0764621
0.0539027
0.076994
0.113166
0.069148
0.0631531
0.137222
0.105866
0.0327765
0.0630815
0.0734126
0.128178
0.171043
0.11343
0.143746
0.15141
0.217582
0.117542
0.0639206
0.0952614
0.197912
0.117101
0.0769209
0.105781
0.0628234
0.159123
0.167552
0.135066
0.121702
0.0621282
0.154697
0.121437
0.177343
0.216167
0.178061
0.096077
0.122836
0.119895
0.0305883
0.00206705
0.0412906
0.236264
0.12449
0.0537764
0.0754173
0.0901407
0.159
0.109637
0.0372636
0.290781
0.270021
0.0539397
0.265129
0.411487
0.0552436
0.0129294
0.0405163
0.0791109
0.0679275
0.0510876
0.0729394
0.122391
0.204976
0.108233
0.0444408
0.0840434
0.112439
0.0513307
0.125199
0.403495
0.189191
0.320708
0.0753166
0.0721306
0.0963714
0.012141
0.115564
0.234736
0.308479
0.521052
0.0962484
0.0457775
0.0158172
0.0120032
0.0310702
0.17057
0.180225
0.213686
0.0422858
0.0268123
0.0349956
0.0225024
0.0551687
0.185739
0.164368
0.20497
0.0554006
0.0316944
0.0231765
0.0390025
0.0328008
0.114216
0.313045
0.509394
0.0781934
0.0354912
0.0136586
0.0224763
0.0451183
0.185262
0.268197
0.382752
0.0981035
0.0405986
0.060065
0.0268932
0.0409608
0.101288
0.138277
0.123086
0.0447136
0.0178818
0.0344772
0.0606229
0.0405479
0.154421
0.0997233
0.120562
0.0501096
0.0198381
0.0458076
0.0709195
0.0806847
0.114528
0.268546
0.265187
0.0781039
0.0585967
0.0935786
0.0439312
0.0596763
0.0925501
0.130621
0.154474
0.0856646
0.124439
0.107224
0.0638958
0.100594
0.0716292
0.121445
0.145206
0.117729
0.064696
0.0710262
0.0803055
0.103311
0.122425
0.213645
0.148475
0.19746
0.230986
0.2606
0.176473
0.11234
0.143419
0.115596
0.0297555
0.0316487
0.0547374
0.0417865
0.0352526
0.0458996
0.0881078
0.138019
0.0273312
0.0553936
0.0344864
0.0343885
0.0622272
0.0757027
0.172345
0.230906
0.0792962
0.098884
0.153409
0.20731
0.156359
0.100475
0.24622
0.278342
0.0681371
0.0989003
0.23907
0.204338
0.212667
0.248302
0.428327
0.123431
0.103982
0.106094
0.0366305
0.0378554
0.0822599
0.0766722
0.160632
0.0885565
0.15291
0.130507
0.0902528
0.0661818
0.0494642
0.0545667
0.0909562
0.13456
0.158503
0.108949
0.209057
0.181408
0.191976
0.253705
0.248826
0.0936373
0.239473
0.161684
0.162083
0.163269
0.107692
0.177499
0.161791
0.0802358
0.0865411
0.0805187
0.101798
0.0906704
0.0306081
0.0385716
0.0756851
0.12926
0.0981639
0.0736732
0.0997691
0.0955227
0.0357492
0.0462981
0.103911
0.193169
0.215116
0.176919
0.146474
0.18312
0.0652399
0.111371
0.20079
0.279304
0.186171
0.143989
0.189512
0.160717
0.0818279
0.196731
0.268282