0.0211893
0.00466154
0.0272301
0.0415274
0.0204955
0
0.00194036
0.0417953
0.0810868
0.0186461
0.0505964
0.0511208
0.019573
0.0111594
0.128532
0.232175
0.0336738
0.103065
0.233791
0.217189
0.148164
0.0514036
0.0309821
0.0629186
0.202445
0.258155
0.267394
0.326478
0.187183
0.0362167
0.33654
0.528047
0.0373741
0.00467803
0.015707
0.0889893
0.0680111
0.0226073
0.0728454
0.081579
0.0792919
0.0160251
0.0825664
0.27659
0.226795
0.176122
0.149613
0.147721
0.107383
0.0438946
0.0257928
0.0668616
0.0554512
0.0823036
0.380063
0.338432
0.0365986
9.51256e-005
0.017586
0.0792278
0.129911
0.326735
0.442942
0.312741
0.0688564
0.00619557
0.0286542
0.0666944
0.116013
0.146822
0.133912
0.215761
0.120095
0
0
0.1067
0.289065
0.15268
0.0869478
0.241176
0.00328226
0
0.00375869
0.0191799
0.115736
0.316394
0.366631
0.088914
0.00206428
0
0
0.083815
0.366631
0.366631
0.347445
0.0540292
0.066066
0.012062
0.0086521
0.20633
0.262264
0.0998353
0.0768702
0.09692
0.109622
0.0947839
0.0265675
0.160004
0.240253
0.163562
0.104834
0.133492
0.0096805
0.00493129
0.0185179
0.203414
0.358138
0.358138
0.242868
0.0445498
0.0476829
0.0234149
0.0688645
0.345616
0.291262
0.218583
0.205259
0.0401723
0.16461
0.0739923
0.016083
0.0438948
0.155328
0.13217
0.112731
0.340207
0.129271
0.0360385
0.227113
0.161857
0.183478
0.211673
0.110037
0.298932
0.0425802
0.0151681
0.0282138
0.231346
0.205578
0.0942942
0.0723134
0.0607298
0.0184298
0.0143356
0.132489
0.362648
0.409921
0.184947
0.0844652
0.0590115
0.0319815
0.0204698
0.354667
0.210943
0.172101
0.103451
0.0486534
0.0678056
0.0284917
0.0200904
0.18735
0.273849
0.186822
0.00890779
0.00641467
0.0068561
0.0755093
0.0194533
0.145609
0.312623
0.417136
0.107631
0.103907
0.147321
0.186484
0.0564141
0.125905
0.300326
0.239594
0.0136071
0.0563807
0.213196
0.107705
0.0280485
0.0847075
0.237667
0.164856
0.00204621
0.0580982
0.172869
0.0992026
0.0125886
0.0495395
0.0982465
0.22197
0.160066
0.286376
0.401722
0.0588326
0.044182
0.119444
0.318318
0.215202
0.00252485
0.0482515
0.0950198
0.00828757
0.00625293
0.0511167
0.287041
0.37037
0.166612
0.159915
0.170442
0.0159069
0.0840898
0.154106
0.102128
0.159035
0.101739
0.0526743
0.0486002
0.193229
0.289484
0.116683
0.122418
0.180959
0.137128
0.0946102
0.183648
0.0164311
0.0751603
0.146659
0.215135
0.222789
0.106118
0.0592626
0.0689177
0.179855
0.25796
0.167791
0.382304
0.399925
0.203583
0.0488711
0.114345
0.186654
0.121754
0.0132796
0.023964
0.0213562
0.0597152
0.194597
0.245652
0.118595
0.0130739
0.00159475
0.0127623
0.0219332
0.215641
0.381279
0.381279
0.222333
0.160592
0.0638856
0.168081
0.12356
0.0479134
0.0572523
0.157821
0.206613
0.0194019
0.00637899
0.0377069
0.0314292
0.109877
0.323251
0.376928
0.0161961
0
0
0.0108773
0.0291459
0.263338
0.365006
0.147941
0.00612243
0
0
0.011304
0.0915033
0.365006
0.365006
0.197722
0.0416119
0
0
0.0140593
0.017266
0.146841
0.336193
0.201369
0.0103982
0
0
0.00511124
0.0225648
0.215236
0.365006
0.257849
0.0139486
0.00628076
0.00892373
0.0310282
0.0771427
0.268496
0.389943
0.166796
0.0523636
0.0286277
0.0682047
0.135242
0.0822326
0.109972
0.316444
0.11667
0.00755587
0.00313538
0
0.00541581
0.0143478
0.165857
0.389943
0.257463
0.0181697
0.0222534
0.0577493
0.0253002
0.0172841
0.150694
0.389943
0.34215
0.0359337
0.0250957
0.080914
0.185184
0.130624
0.0635514
0.0946568
0.0693309
0.0335996
0.0451838
0.041164
0.255815
0.32476
0.127589
0.114498
0.0688821
0.0136461
0.0360608
0.132982
0.0970384
0.131161
0.282449
0.429978
0.245359
0.0596807
0.113903
0.0779941
0.287572
0.233272
0.242615
0.257782
0.119293
0.150621
0.0759282
0.019419
0.124344
0.245705
0.0675577
0.180582
0.265826
0.314502
0.138366
0.0842904
0.0939812
0.104507
0.0188517
0.151267
0.412151
0.134839
0.250982
0.0759924
0.131779
0.0787711
0.0329175
0.125293
0.171481
0.257493
0.283983
0.111506
0.0801072
0.0779884
0.0129066
0.0929666
0.266299
0.160596
0.125166
0.136668
0.202597
0.11784
0.0153162
0.0469978
0.132039
0.0539264
0.0285368
0.0717954
0.402799
0.279761
0.0939316
0.0856187
0.0305655
0.201014
0.137753
0.153326
0.193645
0.086534
0.0666992
0.0596449
0.127248
0.103381
0.122898
0.307614
0.460916
0.157853
0.179624
0.0989731
0.033166
0.0138243
0.0575524
0.0688457
0.231187
0.166769
0.0342381
0.0271967
0.0296125
0.0314113
0.0588517
0.210697
0.446391
0.316621
0.0464658
0.0353981
0.0195278
0.0120534
0.032618
0.0158023
0.30687
0.215313
0.027031
0.0235155
0.0163884
0.000419351
0.0284202
0.141765
0.446391
0.383699
0.00597472
0.0211129
0.000419351
0.0981288
0.0764845
0.236681
0.549758
0.275688
0.0220755
0.0266961
0.0670898
0.124939
0.00657107
0.00570077
0.0755976
0.0474705
0.0100983
0.141203
0.194749
0.000710297
0.0163549
0.182158
0.526664
0.297162
0.00343826
0.0121498
0.000710297
0.00038072
0
0.00127624
0.0454495
0.0255862
0
0
0.00038072
0.0576845
0
0
0.00660951
0.00556925
0.0769131
0.357061
0.198906
0.0282195
0
0
0.00980351
0.0443174
0.331221
0.6918
0.336901
0.00212299
0
0
0.000158603
0.000158603
0
0.0113607
0.00974101
0.0127879
0
0
0.00220134
0.000993074
0.0546789
0.181305
0.121366
0.00519197
0.00686145
0
0.0106787
0.0149721
0.165068
0.423591
0.207236
0.00257523
0.0309663
0.014849
0.00965717
0.00912014
0.286226
0.423591
0.354529
0.00569331
0.0045743
0
0.00267791
0.00103806
0.0578638
0.175004
0.11912
0.00716061
0.0182972
0
0.0017765
0.00816412
0.204905
0.423591
0.222592
0.000375405
0.0111753
0.0193591
0.0156654
0.0360886
0.240495
0.398296
0.131686
0.0352846
0.0516079
0.0219405
0.053464
0.0542542
0.198419
0.398296
0.138136
0.00355399
0.00439018
0
0
0.0361631
0.191096
0.398296
0.150673
0.0139573
0.0108715
0.001251
0
0.0594462
0.276325
0.398296
0.198433
0.0795644
0.164594
0.0591884
0.0511943
0.0222899
0.0888572
0.281365
0.139262
0.135407
0.142636
0.090487
0.0589245
0.0401315
0.0505048
0.111034
0.11167
0.0312002
0.0293559
0.0105457
0.0116822
0.0196222
0.300102
0.462263
0.197892
0.12363
0.0178325
0.0163805
0.0206611
0.0116281
0.196572
0.462263
0.33819
0.141233
0.0614365
0.0817838
0.0843461
0.0451163
0.0336668
0.043778
0.0877515
0.129555
0.120863
0.185818
0.2041
0.0424953
0.0613942
0.0316215
0.0898694
0.328248
0.0132708
0.0133157
0.0112038
0.0112794
0.0386253
0.257557
0.437658
0.453638
0.0368368
0.0233902
0.0295999
0.0103082
0.00223608
0.0204886
0.453638
0.0123261
0.0060327
0.00476966
0.237997
0.174755
0.00356434
0.0043245
0.012463
0.000974448
0.00373613
0.0563969
0.447
0.338993
0
0
0.000974448
0.0069796
0
0.0050812
0.318236
0.218875
0
0
0.0069796
0.000949188
2.75888e-006
0.0346213
0.447
0.447
0.0133131
0
0.000949188
0.00302859
0.00284254
0.0937054
0.496544
0.313935
0
0
0.00302859
0.000757148
0
0.000221814
0.0211388
0.01411
0
0
0.000757148
0.00314791
1.03965e-005
0.0492321
0.507062
0.559285
0.0225424
0
0.00314791
0.000786977
2.59914e-006
0.000231323
0.00739758
0.0050886
0
0
0.000786977
0.000590907
0
0
0
0
0
0
0.000590907
0.0332731
0
0
0
0
0
0.0316193
0.187681
0
0
0
0
0
0
0
0
0
0
0
0
0
0
0
0
0.00842139
0
0
0
0
0.0149147
0.0662656
0.0747826
0.0339528
0
0
0
0.00643218
0.174227
0.844585
0.339326
0
0
0
0
0
0
0
0
0.0319899
0
0
0
0
0
0.00448011
0.0221805
0.0118635
0
0
0
0.0261287
0.0865264
0.454122
0.167844
0.0163428
0.00712196
0.00412324
0
0.0600315
0.260756
0.584963
0.24539
0.0349343
0.028068
0.00366593
0
0
0.00170162
0.0319757
0.0335274
0.192344
0.243278
0.0292148
0
0
0.0238532
0.308446
0.168543
0.00432556
0.00529239
0.00306401
0.0142562
0.0161597
0.153749
0.388732
0.106891
0.0670284
0.0257162
0.000766003
0.0460283
0.0300555
0.169651
0.388732
0.239479
0.140203
0.187484
0.0786398
0.0243036
0.0130116
0.0681431
0.245846
0.0980547
0.184447
0.342498
0.144249
0.135031
0.085957
0.150126
0.381785
0.163961
0.151927
0.0180049
0
0.0175724
0.0174775
0.076067
0.29951
0.316426
0.23053
0.0012062
2.88565e-005
0.0154883
0.0297718
0.0299702
0.0956785
0.356023
0.198377
0.283157
0.0886367
0.0634262
0.0647001
0.0950181
0.283899
0.212588
0.192573
0.355025
0.12454
0.0603216
0.115978
0.043001
0.207267
0.207478
0
0
0.00275496
0.223569
0.188452
0
0
0
0.000178263
8.1318e-006
0.0170527
0.426805
0.426805
0.00792248
0
0.000178263
6.83196e-005
0
0.002172
0.296787
0.234598
0
0
6.83196e-005
0
5.4212e-006
0.0118715
0.426805
0.426805
0
0
0
0.000691212
3.15309e-005
0.0255095
0.435726
0.411042
0.0138031
0
0.000691212
0.000172803
7.88273e-006
0.000701561
0.00560742
0.00560742
0
0
0.000172803
0.000232354
2.10206e-005
0.0171833
0.570811
0.494608
0
0
0.000232354
0.0388259
0.00314312
0.0030099
0.00140186
0.00140186
0
0
0.00382897
0
0
0
0
0
0
0
0
0.00928344
0.000857349
0
0
0
0
0
0.00312611
0.191787
0.106418
0.0211785
0
0
0
0
0.0256237
0.601115
0.689461
0.123764
0
0
0
0
0.110462
0.0249415
0.0139521
0
0
0
0
0
0.00642472
0.125244
0.155102
0.0109768
0
0
0
0
0.0229115
0.324513
0.402849
0.127714
0.0110134
0.00378381
0
0
0.029917
0.511017
0.511017
0.312112
0.0194589
0.035945
0.0192623
0
0.0404364
0.109836
0.197094
0.0316962
0.00214078
0.00556604
0
0
0.0205087
0.250281
0.429486
0.0889061
0.00856313
0.0222642
0.00109149
0.00156349
0.0460602
0.273307
0.429486
0.183987
0.00556512
0.0228715
0.00890444
0
0.023244
0.377729
0.429486
0.153986
0.0128619
0.0333962
0
0
0.0336917
0.279936
0.393243
0.13745
0.00860688
0.00935506
0.0119931
0.019704
0.0446855
0.327241
0.393243
0.194649
0.073144
0.0366152
0.0360771
0.063177
0.111848
0.281467
0.37485
0.090809
0.00377067
0.0096615
0
0.000720591
0.0236215
0.235589
0.240624
0.118193
0.0982887
0.112039
0.042353
0.0156046
0.045784
0.24296
0.38816
0.172841
0.0559895
0.0290983
0.0197089
0.0486095
0.0764162
0.270214
0.38816
0.179393
0.0269998
0.0371146
0.00574927
0.0593739
0.0533956
0.133642
0.225999
0.224009
0.13838
0.212103
0.116138
0.0134789
0.0247545
0.188785
0.38816
0.17691
0.0625841
0.140627
0.0780643
0.00666888
0.00790105
0.00289016
0
0.0128774
0.299246
0.125776
0
0.00532928
0.0067511
0.00433515
0
0.0187577
0.390195
0.390195
0.0266123
0.00600163
0.00589256
0.00488524
0.00108089
0.0185369
0.366119
0.231533
0.00775944
0.029543
0.0188212
0.100796
0.0253341
0.0241012
0.390195
0.390195
0.128249
0.148794
0.0794395
0.0324102
0.0258582
0.0105272
0.177194
0.227774
0.0237583
0.00700861
0.0195413
0.165403
0.180573
0.0456157
8.39577e-005
8.39577e-005
0
0.000749366
0.0326171
0.346598
0.259398
0.057936
0.0945699
0.185013
0.103705
0.137852
0.153991
0.486594
0.486594
0.179044
0.00411691
0.00291209
3.08001e-005
0.0246621
0.0951918
0.179846
0.194149
0.0511291
0
0
0
0
0.0224338
0.297333
0.385512
0.112618
0
0
0
0
0.0594264
0.363627
0.385512
0.115123
0.001831
0.00127824
6.99893e-005
0.0143076
0.0456906
0.385512
0.385512
0.172206
0.0460766
0.0510191
0.00919936
0.00861561
0.0851407
0.26955
0.366264
0.13963
0.00926874
0.00338325
0
0
0.0411923
0.328969
0.366264
0.159374
0.0150838
0.017236
0.00773887
0.0163728
0.087818
0.320374
0.287096
0.18375
0.0548796
0.0671481
0.0210649
0.00552863
0.0949897
0.30302
0.20173
0.150186
0.0500393
0.0797101
0.0406356
0.139494
0.195939
0.354801
0.521564
0.162997
0.00539524
0.0193913
0.010243
0.0314003
0.142263
0.269529
0.352129
0.0664773
0.00308089
0.00775617
0
0.0223237
0.100385
0.228787
0.134733
0.0826858
0.0916361
0.152139
0.0747697
0.213583
0.266207
0.11335
0.0736859
0.065826
0.0517708
0.0406715
0.032288
0.101155
0.146397
0.162537
0.170961
0.0574626
0.00150638
0.00287732
0
0.0120858
0.0567581
0.143392
0.126514
0.249959
0.218749
0.189919
0.0624741
0.0106944
0.0535145
0.0731749
0.136581
0.144051
0.0623165
0.0252474
0.00966036
0.0529509
0.0911419
0.141737
0.216187
0.342926
0.581928
0.316237
0.0260721
0.0314984
0.0665563
0.0425593
0.0528652
0.281804
0.272424
0.299509
0.113935
0.00894918
0.0144589
0.0418219
0.0463421
0.168713
0.166156
0.242104
0.0846969
0.0201606
0.00656805
0.0294418
0.0387583
0.223997
0.443941
0.364334
0.0133363
0.0112575
0.010533
0.0130324
0.0225578
0.124856
0.345026
0.223144
0.0118019
0.0246575
0.00698525
0.015786
0.0212348
0.00935449
0.17033
0.260036
0.0562459
0.0789994
0.0676835
0.224593
0.18861
0.0159639
0.155817
0.289281
0.0865291
0.135577
0.106749
0.132427
0.123617
0.0136674
0.0633399
0.271417
0.119725
0.234319
0.18122
0.389257
0.392191
0.16137
0.0345519
0.144231
0.0770057
0.0935713
0.193502
0.293925
0.268965
0.0420037
0.011936
0.0416619
0.0286398
0.0600885
0.0956902
0.301207
0.362102
0.0838767
0.0142018
0.0514059
0.0150218
0.0185468
0.0582722
0.302948
0.362102
0.198813
0.0629712
0.0244012
0.0344724
0.011721
0.0900003
0.222748
0.294506
0.14479
0.276731
0.182956
0.0630476
0.013116
0.0673949
0.222179
0.301104
0.0517868
0.0111247
0.0471825
0.0109821
0.0489114
0.103366
0.270635
0.169956
0.0667036
0.0561911
0.0879038
0.0194976
0.0364313
0.219873
0.171839
0.187677
0.0369292
0.258368
0.233825
0.0574032
0.0511635
0.180961
0.391467
0.280127
0.0804685
0.087292
0.0889629
0.0276848
0.0390251
0.391467
0.207641
0.117974
0.131538
0.104887
0.173329
0.0705999
0.0224843
0.148958
0.155971
0.0728543
0.179047
0.139216
0.166431
0.15136
0.198778
0.13765
0.267757
0.274418
0.303322
0.0587294
0.0809115
0.0438381
0.0185314
0.322979
0.21114
0.195555
0.34133
0.116518
0.073783
0.103397
0.115516
0.162715
0.133124
0.0537389
0.166305
0.19982
0.253413
0.2654
0.231084
0.1525
0.085384
0.095514
0.0945369
0.123182
0.117944
0.138028
0.0930201
0.0869865
0.413918
0.0828273
0.185158
0.121897
0.110936
0.172369
0.123753
0.305082
0.292473
0.0493684
0.046691
0.0811866
0.103401
0.107268
0.055393
0.223824
0.0775905
0.0738137
0.0845018
0.152189
0.0783212
0.0245229
0.0378062
0.087446
0.102822
0.086896
0.15801
0.46428
0.452129
0.0767236
0.057494
0.094364
0.199056
0.0352748
0.0394737
0.120946
0.0708771
0.0360964
0.0542851
0.185617
0.243645
0.0402484
0.118072
0.219145
0.301451
0.115825
0.115543
0.257349
0.0400872
0.0151884
0.0403907
0.343409
0.38606
0.0719211
0.0674364
0.0404807
0.129121
0.027855
0.0134442
0.154945
0.192864
0.0391037
0.0757246
0.135482
0.185119
0.0158318
0.0289519
0.0903353
0.203985
0.116934
0.158378
0.216151
0.416577
0.0480144
0.00237465
0.0316227
0.0917692
0.0580548
0.199352
0.416577