0.0410983
0.106025
0.0782236
0.067781
0.102658
0.0974358
0.165049
0.0949464
0.0619194
0.196967
0.119318
0.181258
0.288892
0.115228
0.0768898
0.0685233
0.118034
0.176232
0.0847283
0.049555
0.102994
0.0954504
0.206749
0.126954
0.10709
0.22281
0.128595
0.17912
0.186066
0.141824
0.20176
0.122529
0.0509391
0.127189
0.0725582
0.118027
0.134177
0.0482547
0.0262208
0.034302
0.0970021
0.155056
0.096339
0.0609444
0.0967498
0.112139
0.0743263
0.072172
0.0648479
0.172986
0.151413
0.261538
0.124376
0.0716426
0.0484358
0.0389914
0.304153
0.306702
0.23879
0.387845
0.0856147
0.0752741
0.192234
0.162594
0.0253399
0.0324924
0.0608672
0.0293097
0.0581769
0.110934
0.0983719
0.0681793
0.0238817
0.0120126
0.0926758
0.055762
0.0467788
0.0807606
0.112835
0.0945699
0.123054
0.0708769
0.0832144
0.0779865
0.0447269
0.145973
0.421796
0.139014
0.0165192
0.0131561
0.0865443
0.0331465
0.0674841
0.305526
0.594576
0.138438
0.0545169
0.0157374
0.0605129
0.0471614
0.0601912
0.128416
0.149074
0.102404
0.0721211
0.03423
0.0270219
0.0420559
0.0534636
0.144622
0.190013
0.0969931
0.0650662
0.0202084
0.0680319
0.0348969
0.0968694
0.367026
0.475193
0.172715
0.156997
0.114077
0.0730541
0.064938
0.0680892
0.133864
0.181865
0.143912
0.0978438
0.0998695
0.0803267
0.0543464
0.04872
0.0658079
0.0823516
0.0882889
0.150368
0.275441
0.194134
0.102026
0.0585026
0.0822913
0.0789458
0.0655873
0.113198
0.145633
0.108165
0.128976
0.11034
0.0498916
0.0774746
0.0819231
0.104486
0.300604
0.32287
0.220615
0.0704582
0.0731923
0.158383
0.0832554
0.180244
0.196444
0.0932407
0.0835697
0.0987049
0.0505396
0.0386964
0.0626869
0.30048
0.0940554
0.104516
0.115617
0.201493
0.10403
0.0785914
0.172597
0.121262
0.232092
0.241564
0.150695
0.0718081
0.0318573
0.088519
0.080438
0.135343
0.111316
0.239274
0.175104
0.148886
0.121442
0.14937
0.12002
0.194132
0.0283852
0.117721
0.0822214
0.133437
0.135566
0.174039
0.192107
0.14667
0.0678878
0.102181
0.0949681
0.109475
0.0632432
0.153885
0.205459
0.102253
0.0690468
0.127214
0.12583
0.132613
0.163114
0.197087
0.122668
0.192306
0.179955
0.205324
0.0962852
0.101162
0.0998086
0.113252
0.156462
0.114031
0.181669
0.104354
0.0588847
0.06948
0.0356901
0.0854316
0.0630669
0.0824401
0.0939209
0.117346
0.250606
0.185746
0.120643
0.104035
0.0781739
0.0896012
0.154097
0.0925631
0.0503977
0.0637998
0.100606
0.137779
0.0733211
0.0921733
0.0949661
0.132202
0.411824
0.21348
0.164047
0.188061
0.162396
0.00764205
0.0135885
0.0587545
0.187314
0.0584541
0.0283382
0.00953228
0.00851671
0.0910354
0.0697411
0.124071
0.327098
0.0449531
0.012996
0.0647439
0.0414043
0.00453812
0.0019721
0.0915047
0.324933
0.0723565
0.0324526
0.0184795
0.0183854
0.0511541
0.0708511
0.180125
0.724338
0.132087
0.0111635
0.0394694
0.0263735
0.0730322
0.0378911
0.0371798
0.0651945
0.0135761
0.0567841
0.201339
0.0674599
0.0195139
0.00540592
0.00397795
0.000934855
0.0378864
0.229821
0.309457
0.0766323
0.0595406
0.0824891
0.0584479
0.28325
0.0720349
0.0455005
0.257853
0.0917908
0.0374571
0.0300041
0.00861339
0.0288166
0.0366879
0.231475
0.667199
0.123659
0.0195661
0.00675692
0.00497837
0.0024345
0.0551015
0.233627
0.219363
0.0479217
0.0316989
0.0292789
0.0160777
0.0110205
0.0367608
0.086682
0.120004
0.0528941
0.0436238
0.0127751
0.000802788
0.00655648
0.0578209
0.319735
0.580172
0.0542008
0.0209959
0.01592
0.00585004
0.00523953
0.0816187
0.294963
0.440275
0.101902
0.0369941
0.0398871
0.0284545
0.0465232
0.0590226
0.0711371
0.105605
0.0767936
0.0686431
0.0693135
0.0748757
0.0806371
0.0491924
0.0766635
0.108721
0.0469181
0.0215221
0.0131834
0.0174327
0.0274209
0.0784397
0.39841
0.567891
0.221298
0.0953989
0.0537154
0.0449087
0.0602939
0.0527272
0.229462
0.245885
0.117166
0.117284
0.178739
0.152719
0.0904772
0.0252022
0.0411299
0.107409
0.0632705
0.110146
0.123226
0.157141
0.128373
0.108068
0.0843231
0.107465
0.0838279
0.180457
0.20877
0.0735146
0.0570149
0.0347921
0.13389
0.208133
0.130369
0.187693
0.154318
0.0335784
0.114028
0.20794
0.226141
0.30758
0.188645
0.0748632
0.0497789
0.0514742
0.0632868
0.153852
0.140371
0.0906106
0.0685067
0.127983
0.109713
0.180845
0.0347187
0.109103
0.191299
0.071783
0.136384
0.105921
0.0287552
0.011228
0.0520475
0.224528
0.247787
0.172397
0.188958
0.221708
0.0548997
0.196373
0.0338369
0.147835
0.296323
0.102815
0.309352
0.0965586
0.0644559
0.0288914
0.0161958
0.0348708
0.0568289
0.0629643
0.0716555
0.0639942
0.0676802
0.0575917
0.256395
0.115044
0.0550013
0.0699268
0.075397
0.203457
0.0599701
0.0194674
0.022262
0.119265
0.209032
0.227744
0.275178
0.324708
0.150747
0.152546
0.382846
0.110772
0.102452
0.126708
0.259638
0.00401478
0.005017
0.0787542
0.196888
0.0486324
0.0120036
0.00826824
0.00728482
0.00357148
0.0145864
0.116479
0.528745
0.0936631
0.00634456
0.00459964
0.00381397
0.0629607
0.0268581
0.101682
0.257556
0.0525642
0.0158893
0.0060862
0.0243807
0.00539062
0.00293351
0.157629
0.644946
0.198581
0.0108857
0.00108884
0.00226799
0.0108189
0.0380661
0.0443097
0.461005
0.0962443
0.0180722
0.113568
0.0339144
0.0225245
0.0185736
0.0139925
0.0620333
0.0249615
0.104424
0.552491
0.0663669
0.0073444
0.00599548
0.0753898
0.505156
0.201827
0.00115961
0.00701268
0.00888513
0.0251033
0.0122437
0.0347011
0.0762793
0.0472383
0.0225111
0.128308
0.0390696
0.0110202
0.00211668
0.000485611
0.00376034
0.00989629
0.144635
0.395405
0.0182183
0.00329261
0.00163233
0.00022121
0.00181482
0.0318735
0.220628
0.426106
0.0262428
0.00690751
0.00896446
0.0143237
0.0109526
0.00702459
0.081562
0.244865
0.0180934
0.00222129
0.00487112
0.00845433
0.00312309
0.0104467
0.172737
0.640457
0.0416945
0.00338289
0.000397721
0.000658248
0.0145858
0.0214164
0.160181
0.253254
0.0641201
0.0190313
0.00639557
0.0122348
0.0294557
0.0112596
0.0902885
0.138263
0.0654842
0.000806321
0.000242768
0.000836277
0.00969876
0.0140228
0.173475
0.649283
0.0800151
0.0203175
0.00413619
0.00717802
0.0177664
0.043003
0.268952
0.488729
0.0839309
0.0893605
0.0369106
0.0387566
0.0484441
0.0284798
0.089457
0.133804
0.0686622
0.161133
0.0671961
0.0407687
0.0602186
0.114159
0.086451
0.103064
0.106015
0.102044
0.0260487
0.0942481
0.0544431
0.0974616
0.32175
0.358599
0.138372
0.453484
0.146067
0.273371
0.111544
0.118646
0.136572
0.173764
0.253528
0.109419
0.0467048
0.0390185
0.0178515
0.0675081
0.075678
0.0725311
0.14871
0.107292
0.0191002
0.0388795
0.0178889
0.033564
0.101986
0.0716218
0.150944
0.291663
0.178103
0.180981
0.0478314
0.0962964
0.115602
0.295409
0.311726
0.104175
0.124817
0.103213
0.160183
0.21936
0.19314
0.355639
0.328954
0.125632
0.0238129
0.0108645
0.0339073
0.0580145
0.118764
0.108678
0.195499
0.345453
0.0692185
0.0794315
0.19506
0.040819
0.0677642
0.0865193
0.257033
0.139348
0.0288896
0.0121407
0.037846
0.0218952
0.0879821
0.187322
0.325728
0.209675
0.0270011
0.0875482
0.261948
0.147901
0.211875
0.176485
0.354667
0.0944997
0.0194677
0.0705811
0.188309
0.0323589
0.0221988
0.00878624
0.0504979
0.00737637
0.00566972
0.137549
0.471919
0.10442
0.013602
0.00141496
0.00655926
0.0430588
0.00620307
0.0962042
0.306405
0.0740314
0.0566131
0.0190778
0.0468822
0.00280484
0.00521034
0.110416
0.69375
0.0821511
0.00932772
0.00394142
0.0102217
0.00938661
0.0142808
0.158378
0.564615
0.175417
0.00746475
0.00327232
0.00898773
0.0244261
0.0420518
0.0775108
0.0685796
0.0391642
0.0135786
0.0149
0.0224173
0.0102317
0.0191474
0.0906939
0.642284
0.106207
0.0349326
0.0281165
0.0369226
0.0357794
0.0951886
0.0739055
0.0360385
0.0246762
0.0351335
0.034102
0.0280561
0.023762
0.0708859
0.0905971
0.0377393
0.0117537
0.0407862
0.105981
0.0213277
0.0268346
0.0390652
0.0608572
0.0365537
0.0325621
0.110509
0.694137
0.106147
0.0930066
0.175274
0.0904233
0.0266972
0.00893273
0.00903547
0.0111465
0.014695
0.342082
0.267215
0.0837502
0.0374423
0.0348431
0.0119271
0.0422639
0.0625898
0.00701019
0.00180596
0.00331658
0.00493372
0.0132557
0.0927453
0.405175
0.0413068
0.0228434
0.00429995
0
0.0105872
0.0395148
0.294461
0.540969
0.0417654
0.149413
0.160236
0.0161376
0.00641364
0.0124215
0.0284121
0.0878751
0.03166
0.259382
0.338498
0.0199969
0.0410389
0.0512776
0.160416
0.284685
0.0387501
0.0275098
0.0182309
0.0431292
0.0411172
0.0778458
0.291331
0.336172
0.113692
0.16531
0.0786911
0.135437
0.0955771
0.0676778
0.109384
0.199094
0.242736
0.173092
0.336165
0.0670469
0.0934389
0.14433
0.198105
0.238056
0.0662966
0.120412
0.245798
0.185617
0.12937
0.12999
0.13186
0.165587
0.142349
0.120863
0.096167
0.0734558
0.0620748
0.0365769
0.0431685
0.151224
0.195369
0.172948
0.0996792
0.0822188
0.126915
0.0953904
0.0646876
0.131284
0.209749
0.216786
0.144953
0.158536
0.129125
0.0486904
0.0728033
0.0628437
0.160139
0.558448
0.173945
0.0957561
0.0918401
0.0283322
0.0425334
0.0360937
0.401441
0.063365
0.0404714
0.0192514
0.0248139
0.032422
0.0518092
0.116674
0.19415
0.0416989
0.0157207
0.16123
0.283184
0.227441
0.174978
0.120835
0.204412
0.0297972
0.0399737
0.0483122
0.100596
0.0891761
0.0426716
0.0202074
0.0356547
0.00647461
0.0185494
0.355318
0.535314
0.283605
0.0652107
0.0178816
0.0249121
0.00472945
0.00409817
0.10199
0.310791
0.0735965
0.0421873
0.0123212
0.0133673
0.000919309
0.00277802
0.0649954
0.578584
0.0871641
0.0101029
0.00728493
0.00698834
0.00108466
0.00572196
0.147525
0.361742
0.120992
0.0199979
0.0113619
0.0058676
0.0932338
0.0856955
0.0563057
0.492108
0.163726
0.0335902
0.0232076
0.036663
0.00851533
0.0191804
0.0202011
0.243306
0.0737911
0.030052
0.0259865
0.0263075
0.12191
0.105501
0.0266679
0.0105502
0.0115051
0.0308555
0.0295679
0.0325154
0.289075
0.27123
0.0336544
0.158603
0.0763032
0.0260365
0.0276135
0.0502162
0.515351
0.574371
0.087674
0.00249439
0.00233661
0.0164511
0.0209968
0.0488743
0.13475
0.170914
0.014279
0.0037758
0.00291054
0.00533373
0.00567664
0.00876512
0.266799
0.346873
0.0153348
0.0021722
0.00197362
0.000157715
0.000506543
0.0132466
0.348382
0.398887
0.0532268
0.00367432
0.000369781
0.00669954
0.00425662
0.0198483
0.340823
0.518543
0.0626889
0.0101721
0.00553265
0.0139189
0.00423619
0.0217353
0.261984
0.320576
0.0250666
0.000778252
0.00122296
0.0013068
0.00685903
0.0115616
0.281741
0.454068
0.0659587
0.0141608
0.0144898
0.0116681
0.0230825
0.0132011
0.264354
0.367386
0.0571576
0.00892367
0.00828287
0.00582437
0.0152142
0.00692326
0.294219
0.380175
0.0851761
0.00617554
0.00207072
0.00354652
0.0228898
0.0314144
0.235581
0.424847
0.118694
0.0393738
0.044677
0.0200564
0.0208041
0.0381477
0.193438
0.258779
0.228285
0.0499892
0.0411234
0.0343872
0.0374501
0.0906062
0.373307
0.281745
0.125507
0.0177977
0
0.00320576
0.0087262
0.112814
0.327788
0.156719
0.192377
0.0314381
0.0168658
0.0229421
0.0213319
0.180818
0.310563
0.148031
0.21882
0.0804826
0.0323221
0.0565642
0.0275542
0.119296
0.577899
0.174857
0.120374
0.0419979
0.0151541
0.0319108
0.0140678
0.382134
0.214652
0.0632005
0.108527
0.032599
0.0208266
0.0339231
0.0216894
0.132788
0.168822
0.0927897
0.103048
0.0299888
0.0259359
0.0357954
0.0148593
0.0902128
0.026236
0.0169021
0.0199839
0.0953174
0.071225
0.0459949
0.0287184
0.0264843
0.012041
0.00647776
0.125219
0.498833
0.229961
0.0335895
0.00214486
0.0118906
0.0392185
0.0227687
0.00127782
0.146249
0.128551
0.0791309
0.0763782
0.0543162
0.0227847
0.0310716
0.0424502
0.572188
0.350028
0.100948
0.0464719
0.0240295
0.0182761
0.0141594
0.0844808
0.365715
0.24235
0.0567068
0.0167192
0.0206681
0.23457
0.283826
0.0336242
0.249758
0.230144
0.102973
0.044028
0.100459
0.0724733
0.120411
0.0830751
0.234525
0.176069
0.0626294
0.0513563
0.0493273
0.281686
0.369749
0.102019
0.0703822
0.084421
0.0634206
0.0485775
0.184965
0.320325
0.356997
0.0468809
0.0465119
0.0334012
0.0195038
0.0186724
0.0482036
0.386644
0.439421
0.10331
0.0054861
0.0235125
0.0124605
0.0320892
0.066881
0.181186
0.259713
0.0798023
0.0602105
0.0268268
0.0284637
0.0448613
0.115054
0.235579
0.25922
0.0749545
0.0446101
0.0865357
0.05256
0.096315
0.152681
0.275475
0.352822
0.159533
0.0219757
0.0209077
0.0157464
0.0258801
0.0882947
0.248933
0.393189
0.260977
0.0455592
0.00627296
0.0358354
0.0192281
0.0440516
0.238239
0.212395
0.153896
0.0436527
0.0709771
0.0367863
0.0678455
0.175362
0.161986
0.227492
0.284596
0.0962278
0.0347788
0.022115
0.0313302
0.0752266
0.321511
0.380692
0.139059
0.0235032
0.0144759
0.0230994
0.0216162
0.0100352
0.349212
0.374016
0.056398
0.0277695
0.0219516
0.0176935
0.0367747
0.0588541
0.167605
0.179791
0.142248
0.0869665
0.0730646
0.0325245
0.0262497
0.0819907
0.199302
0.0988311
0.0585551
0.128476
0.109822
0.141886
0.0943046
0.296344
0.281811
0.182028
0.0906903
0.0614808
0.0430115
0.0227492
0.0305346
0.129896
0.347549
0.104043
0.144096
0.156757
0.105505
0.103373
0.034516
0.18722
0.0939518
0.0373343
0.0494183
0.177737
0.148019
0.176568
0.0929249
0.189561
0.215778
0.0265786
0.173222
0.321653
0.22467
0.158836
0.0660727
0.207251
0.222856
0.0670512
0.135612
0.188081
0.118346
0.14317
0.0376568
0.131576
0.101982
0.192221
0.165605
0.113578
0.0891918
0.0785333
0.0374505
0.0394702
0.128101
0.0223022
0.262677
0.338108
0.214713
0.155921
0.0602349
0.109986
0.101311
0.156614
0.185912
0.206075
0.116573
0.141931
0.109433
0.0842636
0.0651469
0.0294839
0.00891257
0.122865
0.193465
0.121774
0.0692242
0.0763894
0.0746716
0.103912
0.0306347
0.292805
0.431235
0.287108
0.154183
0.101853
0.108103
0.0804042
0.0316478
0.0849143
0.119452
0.0639375
0.0298418
0.0844279
0.14131
0.166556
0.0538589
0.106139
0.232637
0.273698
0.145034
0.141292
0.15933
0.206429
0.0665506
0.0794557
0.0941984
0.0747077
0.117176
0.107802
0.300691
0.262582
0.0794176
0.0348655
0.0235346
0.0574614
0.194946
0.421748
0.167629
0.172307
0.0489388
0.0279221
0.0779009
0.111287
0.0895463
0.0843415
0.237
0.161369
0.0542303
0.00853764
0.0269897
0.0707127
0.195205
0.32236
0.144578
0.0987567
0.036155
0.0407014
0.0392899
0.0703519
0.129498
0.322509
0.215271
0.153896
0.0440402
0.0663499
0.16688
0.104258
0.174886
0.22389
0.132454
0.0384342
0.0137959
0.00572959
0.0399214
0.080922
0.125188
0.366951
0.244868
0.066495
0.0178344
0.0715121
0.255216
0.169594
0.243066
0.335469
0.24023
0.129536
0.0959277
0.0626737
0.197728
0.119358
0.191069
0.147369
0.132882
0.0636833
0.0837488
0.100378
0.133345
0.0962249
0.0925499
0.071329
0.25123
0.0551814
0.0683342
0.125981
0.385504
0.193917
0.28232
0.232367
0.0876312
0.0391164
0.103551
0.113169
0.227031
0.144462
0.102791
0.0850817
0.0987415
0.0676209
0.058183
0.15831
0.185821
0.0549404
0.0822278
0.0935274
0.249676
0.120583
0.113118
0.29658
0.222661
0.184218
0.163589
0.301149
0.112029
0.0379814
0.0607421
0.113926
0.137636
0.070577
0.133524
0.0657047
0.357499
0.115037
0.13375
0.220081
0.153812
0.076901
0.178904
0.129317
0.145442
0.0675733
0.0851973
0.315566
0.204036
0.252658
0.130256
0.232967
0.153563
0.0535497
0.117781
0.225251
0.163805
0.089218
0.0756462
0.164871
0.208446
0.134926
0.165215
0.231317
0.123533
0.0938979
0.10554
0.101351
0.113214
0.133598
0.150825
0.105402
0.0810966
0.0965993
0.0791128
0.0958166
0.111512
0.0876724
0.155578
0.19384
0.15705
0.125688
0.0701369
0.0703142
0.131453
0.173385
0.106817
0.173395
0.139042
0.18454
0.09846
0.0941434
0.118843
0.176195
0.13902
0.117192
0.101492
0.126872
0.112251
0.0653297
0.161903
0.259995
0.0539556
0.150053
0.190631
0.199277
0.127824
0.0789694