0.114428
0.247784
0.132699
0.0440381
0.154409
0.065721
0.0815341
0.091165
0.274472
0.0922856
0.0992634
0.0392198
0.247586
0.25889
0.115022
0.112099
0.0776898
0.120039
0.0737667
0.0944502
0.170418
0.202891
0.242681
0.0690847
0.218914
0.028064
0.09279
0.123117
0.271245
0.413546
0.256429
0.0850042
0.167341
0.047743
0.0404986
0.0419619
0.0859256
0.308379
0.121496
0.119205
0.0754378
0.116909
0.0499256
0.126104
0.207499
0.275297
0.118051
0.0868123
0.188032
0.0511726
0.0347551
0.0757759
0.113843
0.349845
0.215904
0.206055
0.37963
0.259231
0.0245354
0.0638027
0.0694565
0.163292
0.153933
0.261219
0.149136
0.127677
0.12154
0.169664
0.18124
0.0866512
0.0409113
0.112289
0.174265
0.119253
0.106246
0.126594
0.0964193
0.0360465
0.0574286
0.16626
0.504634
0.244177
0.0321088
0.0840295
0.0585914
0.0216913
0.075182
0.280295
0.199573
0.0837124
0.0392654
0.173882
0.153172
0.106746
0.262665
0.302538
0.137298
0.239517
0.108259
0.160416
0.0883802
0.0654596
0.0789202
0.108604
0.135704
0.369859
0.356891
0.231472
0.0766746
0.117152
0.121647
0.135506
0.0348555
0.0844229
0.0787326
0.215028
0.162616
0.167346
0.16197
0.0848861
0.161021
0.293108
0.12809
0.121256
0.0966508
0.182588
0.161473
0.166358
0.0917686
0.134793
0.139399
0.0771764
0.0605478
0.0342681
0.0205596
0.0337867
0.0686428
0.0741447
0.0816932
0.380814
0.503905
0.0334543
0.00502266
0.00287235
0.111287
0.13506
0.0662155
0.0487818
0.0768503
0.0763024
0.0732046
0.0525008
0.0647058
0.0561492
0.0823546
0.503905
0.379843
0.058098
0.043446
0.00822574
0.00434818
0.00381477
0.0188745
0.336929
0.38311
0.0054427
0.000376551
0.000137736
0
0
0.0165347
0.316938
0.241811
0.000810371
0
0
0.00485004
0.00347661
0.0200377
0.429359
0.330874
0.0114464
0.0015062
0.000206604
0
0
0.00506521
0.389474
0.302452
0.00498864
0
0
0
0
0.00982094
0.467517
0.204995
0.000442514
0
0
0.0020209
0.00385429
0.00672996
0.339441
0.098825
0.00318093
0.00122796
0.000699436
0.000675989
0
0.0021862
0.594823
0.250742
0.00269438
0.00686376
0.0022211
0.0128026
0.00917202
0.0135931
0.349527
0.106802
0.0131571
0.0217074
0.0181787
0.0180415
0.0236746
0.00198178
0.0312037
0.103439
0.350008
0.255902
0.0439443
0.0427993
0.0179013
0.049374
0.111763
0.116088
0.18385
0.199433
0.0683797
0.0182756
0.00780868
0.0222476
0.0288838
0.115085
0.472206
0.464634
0.105396
0.058489
0.0355326
0.103322
0.153463
0.161613
0.128368
0.263544
0.16168
0.14275
0.0566547
0.145294
0.178275
0.128459
0.146819
0.124992
0.110752
0.365827
0.121056
0.0844708
0.0729999
0.123157
0.14326
0.137369
0.16335
0.191536
0.0853366
0.195884
0.296423
0.167948
0.132829
0.0883518
0.0993641
0.3346
0.180927
0.172973
0.224285
0.214112
0.196891
0.0911654
0.0777012
0.364503
0.115338
0.0147759
0.0606104
0.140129
0.0817757
0.0939321
0.152387
0.140738
0.0467916
0.0287623
0.200459
0.283668
0.148821
0.224397
0.169996
0.227826
0.152613
0.126724
0.113738
0.235019
0.156163
0.127625
0.101911
0.156951
0.0493512
0.0897044
0.146716
0.229444
0.175638
0.237678
0.251996
0.00995108
0.0235757
0.033423
0.113263
0.179661
0.17846
0.151025
0.073268
0.0724364
0.159277
0.0926714
0.0666361
0.137785
0.262599
0.106196
0.0411756
0.0315212
0
0.0244187
0.0516828
0.120786
0.240195
0.356467
0.197289
0.00925891
0.0928994
0.0956054
0.0338084
0.106302
0.461951
0.411712
0.145299
0.0425292
0.0681161
0.0597792
0.0960876
0.120199
0.106659
0.0532264
0.0115478
0.0109138
0.0148471
0.0672455
0.510503
0.297825
0.0564958
0.0289489
0.00426622
0.00498635
0.108066
0.188442
0.128726
0.0812795
0.153101
0.0753603
0.0255449
0.000871547
0.100612
0.318218
0.510503
0.255933
0.0711651
0.0246138
0
0.000538607
0.000263063
0.020108
0.468469
0.227922
0.0114892
0.000514049
3.16828e-005
0.000636828
0
0.00486459
0.33008
0.245984
0.0125781
3.32769e-005
0.00273462
0
0.0122922
0.0761518
0.468469
0.242214
0.0190362
0.00401269
0
0.00254731
0
0.00779746
0.391468
0.271557
0.0215628
0.000133108
0.0109385
0.022687
0
0.000890847
0.289578
0.169342
0.0381196
0.0164156
0.0675837
0.146291
0.00643366
0.00650902
0.131041
0.0603636
0.0304489
0.0359557
0.256274
0.112455
6.54472e-005
0.0322721
0.314954
0.151455
0.0680801
0.0117892
0.189865
0.435896
0.00188146
0.033925
0.1279
0.0238364
0.0385422
0.0374482
0.57142
0.00995679
0.0275672
0.0728263
0.16969
0.219173
0.202835
0.200561
0.0478115
0.0373676
0.0999168
0.160539
0.205176
0.173254
0.0447327
0.106706
0.0659224
0.014554
0.0344614
0.079942
0.288443
0.472506
0.257312
0.0697107
0.0160027
0.0211935
0.114346
0.125035
0.251866
0.387626
0.173544
0.0318432
0.0102608
0.267953
0.179102
0.189828
0.330208
0.178837
0.118383
0.0872294
0.198026
0.535616
0.222183
0.12127
0.147506
0.101727
0.112079
0.0602077
0.19389
0.0745647
0.163568
0.116186
0.151834
0.159953
0.0438804
0.0132142
0.0784708
0.131192
0.0375963
0.00601018
0.0129724
0.00848099
0.000670332
0.00702135
0.07398
0.332106
0.16284
0.173026
0.0806212
0.141025
0.129117
0.150128
0.286247
0.213837
0.0325921
0.130304
0.103494
0.144587
0.21169
0.240297
0.490908
0.0906031
0.014628
0.00135081
0.00364026
0.0176596
0.0180546
0.038
0.0925359
0.125829
0
0.0162225
0.00963674
0.0681994
0.0838323
0.0846332
0.225339
0.0584518
0.0146658
0.0466449
0.0384371
0.0610388
0.131399
0.215723
0.16555
0.070656
0.112751
0.0859899
0.0918013
0.125133
0.24288
0.406543
0.238276
0.0722502
0.0219986
0.0335491
0.0529639
0.149854
0.0621446
0.0738511
0.106689
0.298638
0.129718
0.11237
0.227916
0.33137
0.116761
0.214912
0.301415
0.0138246
0.0635387
0.116349
0.0698711
0.0549182
0.168246
0.107016
0.0465221
0
0.0683135
0.222379
0.263249
0.1583
0.392124
0.112354
0.00336198
0.0981517
0.0565088
0.0458508
0.125385
0.0978802
0.167251
0.113091
0.0663311
0.0732737
0.0520346
0.0354746
0.114398
0.159064
0.495168
0.431192
0.0663316
0.000867313
0.0111588
0.0703766
0.285281
0.187902
0.169912
0.0304264
0.0112789
0.00422954
0.0016025
0.0231436
0.314163
0.189608
0.0150731
0.00221307
0.0136751
0.0428906
0.00964353
0.0336654
0.108348
0.122384
0.413439
0.451697
0.159578
0.0531011
0.00641
0.0443627
0.230287
0.126921
0.166742
0.323612
0.176959
0.0601712
0.00198536
0.0571869
0.420584
0.164876
0.0150346
0.00227383
0.0702515
0.186438
0.00101286
0.0640797
0.214506
0.0614768
0.0135614
0.0371683
0.337745
0.0332547
0.00709738
0.038423
0.413711
0.249393
0.160044
0.182439
0.125581
0.140701
0.000675242
0.0268051
0.202879
0.145688
0.037349
0.104173
0.337878
0.00699078
0.00914058
0.0423574
0.185636
0.330335
0.194745
0.0907475
0.0213447
0.00183628
0.0148874
0.0573794
0.214738
0.337663
0.18693
0.0473484
0.00246895
0.0178335
0.0394683
0.167093
0.335781
0.314109
0.0931711
0.0491515
0.033251
0.00256511
0.0149016
0.199134
0.341919
0.35161
0.161652
0.0653276
0.00471632
0.0198925
0.0501679
0.0817076
0.27266
0.425239
0.158256
0.0375182
0.0256323
0.0143422
0.00776158
0.00402835
0.0047401
0.00471486
0.00133691
0.00536296
0.0135642
0.0319185
0.034285
0.253484
0.415116
0.480261
0.219026
0.123517
0.0464372
0.0214299
0.0109077
0.00578988
0.0455137
0.0640434
0.00461819
0.0186867
0.0252008
0.0173897
0.00965588
0.00387671
0.00633322
0.0162061
0.00698083
0.0196071
0.0141602
0.195605
0
0
0.0360129
0.1057
0.0356283
0.0671552
0.265686
0.00146404
0
0.0029387
0.0711176
0.0957678
0.00698063
0.0239775
0.00874842
0.0484685
0
0
0.00195206
0.00195206
0
0
0.0248719
0.0633383
0.00830607
0.00564814
0.0417629
0.12651
0.0718893
0.0611803
0.106555
0.512987
0.111253
0.0953532
0.21165
0.292603
0.106264
0.168694
0.488349
0.0396926
0.0157499
0.0107003
0.000978123
0.000978123
0
0
0.0192076
0.185399
0.136889
0.0507821
0.0407276
0.0209728
0
0
0.107913
0.120452
0.0586548
0.0322253
0.123319
0.102565
0.0511691
0.0792114
0.0953745
0.138523
0.0749661
0.0675081
0.26712
0.178628
0.363932
0.504623
0.224413
0.0601911
0.061224
0.0715489
0.0492017
0.0325407
0.0183678
0.0339651
0.0487918
0.142052
0.137163
0.238879
0.303768
0.168821
0.13553
0.138594
0.157803
0.0812224
0.0188445
0.0498062
0.0742688
0.0599948
0.155948
0.410238
0.197137
0.062527
0.00897346
0.0331917
0.0757577
0.0802482
0.226751
0.455166
0.235646
0.162805
0.129033
0.123562
0.093148
0.0817113
0.0728125
0.111801
0.120763
0.172244
0.186585
0.138517
0.171006
0.137184
0.141129
0.299881
0.160766
0.0290061
0.0016672
0.00706384
0.0930302
0.0844809
0.230252
0.357201
0.213926
0.208734
0
0.000251265
0.0341128
0.0371164
0.0517785
0.115351
0.481719
0.055611
0.0778778
0.105602
0.20543
0.089781
0.191085
0.288572
0.167537
0.167603
0.0406385
0.118834
0.0750472
0.0127648
0.0674698
0.0925584
0.364074
0.0412052
0.0918704
0.127479
0.212472
0.207207
0.117359
0.0528846
0.0236321
0.00877852
0.0147705
0.0739371
0.229881
0.318835
0.238174
0.106288
0.00331538
0.117105
0.096314
0.134457
0.271848
0.182973
0.119004
0.0455534
0.0357975
0.0208267
0.00971079
0.0485359
0.447772
0.447772
0.150324
0.0567257
0.0127622
0.00857227
0.0123265
0.0392558
0.204834
0.283211
0.160201
0.0827269
0.0139274
0.00724895
0.00654899
0.00293782
0.0316709
0.043709
0.00866437
0.00260956
0.00833996
0.0583564
0.018704
0.0200846
0.474274
0.674266
0.133305
0.0937212
0.0849076
0.0381274
0.0303867
0.0404167
0.0644309
0.100105
0.068012
0.0777177
0.0730858
0.0197521
0
0.000526481
0.0119293
0.0176584
0.00256361
0.000867281
0.0200155
0.067119
0.0240242
0.025824
0.0553736
0.0146008
0
0
0.0364433
0.229449
0.128768
0.137997
0.169276
0.122478
0.074583
0.0740798
0.26763
0.390633
0.126278
0.122501
0.297141
0.24062
0.222403
0.272945
0.401542
0.0685547
0.0329229
0.0299902
0.0253662
0.00852542
0.00809267
0.00655298
0.0313747
0.105533
0.0912376
0.0625155
0.0298142
0.031771
0.0307979
0.022584
0.053433
0.148434
0.0944855
0.102975
0.1118
0.0876495
0.109207
0.116807
0.0690067
0.395903
0.709494
0.284446
0.0547489
0.100602
0.110557
0.133811
0.0758688
0.053662
0.0531481
0.0478875
0.0162798
0.0184847
0.0164039
0.0102029
0.0167723
0.138481
0.270928
0.0944961
0.0628858
0.0318183
0.0355002
0.0341472
0.0373626
0.30185
0.371822
0.137973
0.015856
0.0339329
0.0194076
0.0193887
0.0452701
0.399289
0.479941
0.410047
0.0804137
0.0196703
0.0223553
0.0403407
0.116293
0.243464
0.293287
0.0563649
0.0304983
0.0177905
0.0206593
0.0280723
0.0616984
0.352105
0.339193
0.104995
0.0852245
0.0525249
0.0232325
0.0267414
0.0683702
0.342265
0.396934
0.157212
0.0364894
0.00628646
0.0336832
0.0850312
0.133889
0.340517
0.266618
0.0703603
0.0112026
0.0193259
0.0306841
0.0780144
0.102176
0.206495
0.274969
0.222408
0.24387
0.093586
0.0640257
0.0471998
0.0402054
0.0650491
0.130748
0.317872
0.184595
0.0209406
0.0322613
0.0256392
0.0670238
0.273101
0.250999
0.139625
0.0645952
0.0539719
0.0239334
0.0314994
0.109984
0.197693
0.17489
0.45517
0.227111
0.0608631
0.00771784
0.0157499
0.126881
0.0515511
0.0167901
0.0592287
0.184235
0.262699
0.0979018
0.03236
0.038583
0.0110057
0.0068005
0.0462427
0.376092
0.333125
0.028926
0.00800681
0.0139747
0.0254463
0.02851
0.056368
0.303599
0.413023
0.120475
0.107091
0.05383
0.0499829
0.0646361
0.100428
0.414632
0.289116
0.0867665
0.0563192
0.048762
0.0397495
0.0438362
0.0348729
0.295874
0.32013
0.0673171
0.127943
0.0987518
0.0327752
0.0427759
0.0554078
0.0817021
0.0845205
0.12757
0.195341
0.112383
0.162228
0.110708
0.099822
0.485736
0.201757
0.124845
0.143306
0.188178
0.237008
0.124906
0.113105
0.174765
0.10121
0.154353
0.205318
0.183097
0.0597254
0.0418261
0.0674227
0.101933
0.0921627
0.0743209
0.0696085
0.10447
0.16835
0.129051
0.0878248
0.110663
0.105254
0.103765
0.113766
0.15113
0.104973
0.13378
0.176409
0.149486
0.161327
0.08302
0.0830533
0.0805824
0.373487
0.551452
0.385545
0.10322
0.108885
0.0539628
0.072889
0.107673
0.0963053
0.127763
0.0639092
0.0356174
0.0286239
0.0354226
0.0410166
0.0289237
0.15887
0.417812
0.264483
0.027749
0.0156924
0.0170173
0.0311258
0.0751453
0.2635
0.280129
0.121927
0.0397247
0.00789435
0.00690106
0.0225274
0.0807888
0.42618
0.246967
0.209489
0.0345495
0.0015123
0.00123156
0.0195947
0.429746
0.237626
0.321164
0.137811
0.0132427
0.0170528
0.00213024
0.00585324
0.0774949
0.245618
0.219004
0.215014
0.0638273
0.0221604
0.00804541
0.0309654
0.183257
0.392133
0.171792
0.084289
0.00851283
0.00895003
0
0.00305063
0.281487
0.392133
0.142959
0.0327488
0.0192221
0.0136534
0.00131125
0.029753
0.368592
0.168922
0.106624
0.118038
0.0421984
0.0114712
0.039477
0.102411
0.272753
0.0998054
0.0782669
0.0409731
0.0204153
0.0339954
0.0505471
0.139237
0.146994
0.23204
0.0383598
0.0140728
0.0111548
0.00434741
0.00748203
0.102944
0.465743
0.124315
0.0290498
0.0421944
0.0350965
0.081006
0.165015
0.452704
0.455656
0.174747
0.141106
0.0804112
0.0361101
0.0401276
0.0367046
0.0655657
0.11241
0.254164
0.115352
0.192719
0.122888
0.0542095
0.0336614
0.0254412
0.224262
0.0943172
0.0940998
0.111409
0.110941
0.225252
0.355839
0.4589
0.143091
0.156504
0.111189
0.138604
0.282611
0.170272
0.168613
0.113688
0.137564
0.16448
0.0977307
0.0650366
0.26668
0.304442
0.132479
0.247077
0.263016
0.25027
0.231758
0.220225
0.474343
0.14177
0.0762268
0.118052
0.193068
0.128913
0.0328924
0.01111
0.00455246
0.0201427
0.0229864
0.0774911
0.182828
0.172866
0.0998857
0.0583804
0.0325206
0.00509678
0.00574661
0.0255936
0.128047
0.189481
0.117229
0.127482
0.308719
0.0527173
0.04333
0.0307399
0.146131
0.218201
0.0676176
0.0535839
0.0870119
0.0689672
0.0531464
0.0517163
0.12751
0.212301
0.0927447
0.0926416
0.0745052
0.0115799
0
0
0.0460961
0.560713
0.0933516
0.0743229
0.03694
0.0344219
0.0597713
0.0448137
0.484827
0.121066
0.0858771
0.0952894
0.0757139
0.15396
0.0540687
0.051018
0.102608
0.413481
0.450567
0.258305
0.0451263
0.116458
0.0416118
0.035223
0.167891
0.229738
0.020332
0.00869772
0.0124143
0.0871912
0.097284
0.0727081
0.399699
0.250929
0.104113
0.044637
0.0209258
0.0692087
0.0485293
0.0390591
0.212873
0.382161
0.346574
0.14495
0.0367249
0.00827639
0.00398845
0.00950154
0.118036
0.562174
0.0843974
0.0414962
0.0198133
0.000364821
0
0.0124619
0.526259
0.11083
0.0775467
0.0392226
0.0155957
0.00830156
0.00669098
0.00886831
0.0510256
0.0426707
0.00926323
0.00740382
0.00485062
0.00377685
0.00258514
0.00270102
0.0403592
0.420179
0.0362165
0.00934969
0.00236921
0.00129925
0
0.00151243
0.327193
0.458398
0.0886797
0.0466517
0.0619348
0.0184071
0
0.00948009
0.365961
0.0263978
0
0
0.00521025
0.00521025
0
0
0.0302973
0.0671168
0.0773452
0.0720007
0.401992
0.344438
0
0
0.0495473
0.237758
0.0499397
0.0274508
0.0337751
0.00575199
0
0.0262793
0.272145
0.28693
0.0351646
0.0955712
0.0858717
0.0588628
0.101399
0.203921
0.282017
0.263408
0.110055
0.059216
0.322803
0.193093
0
0.0152225
0.119017
0.428721
0.125817
0.144767
0.200373
0.0507726
0.0148472
0.0677491
0.279166
0.11428
0.0239815
0.201427
0.300574
0.248931
0.217523
0.229277
0.103957
0.0569058
0.0644954
0.118045
0.24578
0.183079
0.0828109
0.0668948
0.0264827
0.408383
0.106027
0.31353
0.33901
0.103767
0.0264866
0.0400416
0.161745
0.0264766
0.0631389
0.124412
0.185787
0.106635
0.0241444
0.0385043
0.0482763