0.0538207
0.125961
0.116843
0.0649594
0.0768102
0.0909442
0.159294
0.138474
0.0549675
0.062705
0.131149
0.323042
0.198055
0.192495
0.19338
0.140466
0.128197
0.197839
0.167758
0.163111
0.0642988
0.114405
0.108731
0.178637
0.135097
0.131994
0.26318
0.491499
0.0934719
0.088409
0.0740633
0.233146
0.0745041
0.0902511
0.0533031
0.307151
0.143548
0.0624212
0.0861534
0.110636
0.107199
0.077899
0.0201665
0.0863389
0.0548594
0.0229059
0.243295
0.207104
0.0873722
0.121818
0.187057
0.499818
0.0671215
0.010408
0.0389781
0.0612208
0.10697
0.0939637
0.0720992
0.190816
0.0266439
0.0536982
0.508918
0.148447
0.065487
0.0342045
0.0249137
0.0167786
0.0213855
0.057086
0.226096
0.139738
0.156704
0.230973
0.164718
0.096219
0.116784
0.0436306
0.0799664
0.107589
0.052578
0.0308821
0.0289247
0.0206147
0.00359579
0.11712
0.541275
0.143952
0.0913513
0.296546
0.198587
0.202753
0.0612973
0.182188
0.373737
0.179459
0.06578
0.252642
0.128727
0.081143
0.183197
0.0437435
0.0584004
0.0381685
0.0386696
0.22108
0.215743
0.140703
0.222447
0.110718
0.117083
0.0632805
0.0706462
0.408281
0.177379
0.186572
0.0637608
0.0719499
0.0835359
0.0989906
0.12257
0.30731
0.232391
0.173934
0.184714
0.211501
0.140233
0.27487
0.10128
0.225507
0.188295
0.152304
0.14357
0.0814262
0.13533
0.10339
0.153554
0.131197
0.0704189
0.0929691
0.136261
0.058171
0.0633813
0.0537971
0.1279
0.107584
0.1136
0.163401
0.407337
0.331805
0.246508
0.33747
0.0854009
0.0934779
0.0335408
0.103914
0.32728
0.121137
0.113693
0.0565179
0.0815143
0.0574977
0.144642
0.116603
0.0756229
0.0572221
0.0162795
0.040183
0.0449507
0.208047
0.473999
0.451977
0.051727
0.0575363
0.0637227
0.0445145
0.0598376
0.0592704
0.0859265
0.129713
0.0631125
0.038286
0.0331575
0.0648786
0.103599
0.17685
0.266414
0.344126
0.0697534
0.0789332
0.138302
0.328388
0.0274229
0.164617
0.263452
0.220347
0.0192462
0.0469179
0.122017
0.100403
0.0386609
0.108172
0.0772681
0.023292
0.0375731
0.137178
0.309915
0.283701
0.100154
0.257814
0.258569
0.16284
0.0197923
0.0376323
0.124901
0.208248
0.0471191
0.245299
0.223426
0.0573993
0.0586501
0.272641
0.294427
0.23692
0.152648
0.194779
0.146948
0.1754
0.090888
0.10474
0.144676
0.200276
0.20762
0.278923
0.239012
0.351888
0.048578
0.0530092
0.0804342
0.232508
0.0601903
0.148916
0.102166
0.165659
0.221551
0.208769
0.128631
0.0701371
0.134204
0.252389
0.180463
0.228435
0.0819339
0.0700432
0.1167
0.091234
0.0359768
0.103495
0.142382
0.345987
0.0642134
0.00970217
0.0116101
0.0209707
0.0755604
0.0437679
0.108665
0.323981
0.0601814
0.0301525
0.234006
0.083879
0.0230895
0.0714649
0.112557
0.487
0.102502
0.0143762
0.0307083
0.01124
0.0419257
0.0214804
0.131419
0.52344
0.15613
0.0161338
0.102314
0.070681
0.0402198
0.0114229
0.0353251
0.0479247
0.00711785
0.0706279
0.393384
0.0846843
0.00973537
0.0449641
0.0330027
0.0587793
0.0330288
0.18107
0.467654
0.070513
0.0236172
0.0097134
0.0534278
0.231916
0.0516115
0.0587748
0.391833
0.0960411
0.000436981
0.00294042
0.00307292
0.0128745
0.0144213
0.217292
0.487055
0.0665298
0.0259849
0.158313
0.0892246
0.146028
0.0537403
0.107274
0.204032
0.111631
0.0922003
0.18534
0.248502
0.171155
0.0910804
0.094199
0.127044
0.311507
0.000224213
0.0189442
0.0150501
0.0456727
0.0265807
0.172828
0.453184
0.106646
0.0491871
0.0698914
0.13126
0.0517758
0.0433839
0.11413
0.453184
0.264471
0.0959914
0.121738
0.253633
0.181898
0.33837
0.163931
0.102684
0.25024
0.0683623
0.0606417
0.089044
0.110859
0.310753
0.0910232
0.0821299
0.0461324
0.0616728
0.151337
0.284991
0.0844041
0.135008
0.154631
0.387758
0.162006
0.0484407
0.0615474
0.13298
0.104122
0.11493
0.166541
0.231909
0.0437823
0.0909997
0.0524264
0.0356618
0.0912635
0.0852905
0.0644443
0.0973516
0.172979
0.205997
0.108448
0.0845197
0.156512
0.105471
0.0944345
0.204648
0.650404
0.0632994
0.0164598
0.0277066
0.0830811
0.0748889
0.11419
0.206001
0.097448
0.0733681
0.0479442
0.0878524
0.203214
0.254306
0.121968
0.149646
0.201215
0.195075
0.170504
0.13977
0.082992
0.101314
0.0696859
0.149478
0.293347
0.14469
0.196178
0.204186
0.202714
0.136402
0.284607
0.194142
0.13338
0.145007
0.110068
0.114566
0.148776
0.246786
0.0898519
0.0858677
0.134854
0.196237
0.177798
0.174759
0.287816
0.200969
0.119053
0.078723
0.143434
0.0243884
0.0438614
0.054258
0.234594
0.186415
0.151176
0.115356
0.0719572
0.0686772
0.0909206
0.0920306
0.25378
0.112706
0.0992681
0.133818
0.104149
0.135906
0.122946
0.224654
0.270386
0.175356
0.167889
0.127955
0.119679
0.071984
0.118669
0.22651
0.470492
0.152431
0.160066
0.201545
0.189604
0.0101484
0.0182385
0.0373233
0.371243
0.0970237
0.0108777
0.0216067
0.0151289
0.00028119
0.00231847
0.0258618
0.481691
0.155715
0.00217785
0.0122998
0.00949001
0.00606535
0.0136957
0.0472782
0.481691
0.157975
0.0184451
0.028444
0.0295259
0.000474672
0.00051626
0.0101451
0.481691
0.227479
0.000483272
0.00081776
0.000276835
0.00227908
0.00523055
0.02364
0.413405
0.127912
0.0297451
0.187145
0.048327
0.00279465
0.00202004
0.00332909
0.00787559
0.0125468
0.17349
0.632209
0.0863825
0.00566222
0.00414182
0.0187872
0.469193
0.14774
0.0047229
0.00979014
0.00770693
0.0125955
0.00618229
0.013006
0.0245343
0.0129034
0.0259647
0.169121
0.0350417
0.00163792
0
0
0.000805019
0.00140387
0.131805
0.517308
0.0455716
0.0164693
0.0078146
0.0151554
4.30926e-005
0.0102383
0.152912
0.517308
0.0743144
0.00932102
0.00241347
0.00194269
0.00841673
0.00280804
0.0509432
0.269906
0.0298195
0.00712849
0.000570301
0.000596846
0.0034491
0.000894291
0.130369
0.517308
0.0593362
0.00990015
0.0169907
0.0286232
0.00522988
0.0156545
0.142281
0.440296
0.0337475
0.00993695
0.00865785
0.0157318
0.0155035
0.00774169
0.15596
0.33715
0.0495557
0.000589835
0
0.000709601
0.000602636
0.000311604
0.166738
0.498098
0.0390403
0.00248424
0
0.000269043
0.00116265
0
0.247596
0.498098
0.0779443
0.0244437
0.00719463
0.00475587
0.0398311
0.0267881
0.0970707
0.308451
0.0622674
0.0264226
0.0232948
0.0143535
0.0869791
0.104817
0.0689379
0.154916
0.0943311
0.00611093
0.00179866
0.000496613
0.00621657
0.0428848
0.23916
0.609497
0.0895919
0.0233327
0.00954383
0.000942663
0.0271224
0.110875
0.24364
0.498197
0.105153
0.11864
0.109543
0.0743431
0.133976
0.192456
0.0999331
0.123739
0.1892
0.190018
0.248888
0.159453
0.163986
0.133045
0.0769488
0.0809847
0.149104
0.103747
0.098989
0.0125942
0.103798
0.083332
0.211396
0.314667
0.204034
0.162633
0.413855
0.16791
0.175755
0.0871504
0.138401
0.211269
0.103854
0.0676609
0.0455651
0.103647
0.106291
0.149631
0.199422
0.0664261
0.0704381
0.0623038
0.0526953
0.125696
0.220008
0.132649
0.200957
0.127532
0.156808
0.0491499
0.0349757
0.042031
0.105177
0.304466
0.232141
0.0787131
0.160181
0.0755188
0.12839
0.0338558
0.30052
0.308626
0.413777
0.210764
0.25359
0.0112654
0.0079748
0.0402681
0.413451
0.134036
0.0570477
0.0300829
0.0406756
0.00154639
0.000386827
0.00652712
0.462182
0.16096
0.000325206
0.00140645
0.000344008
0.0181606
0.0560149
0.0076541
0.462182
0.200789
0.134857
0.0513631
0.0442059
0.00146891
0.00295135
0.00719447
0.462182
0.155892
0.000511389
0.00159344
0.00011931
0.0192646
0.00480979
0.0241694
0.654937
0.190245
0.00542426
0.0106766
0.00829284
0.0268855
0.00979585
0.0397316
0.0482707
0.0107925
0.00753026
0.0207596
0.0233492
0.0161846
0.0207095
0.0310825
0.624911
0.170132
0.0063602
0.017258
0.0150167
0.019388
0.0326227
0.0519956
0.0385572
0.00930012
0.017381
0.0279924
0.0257753
0.0239946
0.0150557
0.0242052
0.0392364
0.00696055
0.0232185
0.102202
0.0454119
0.0256404
0.00780308
0.010512
0.0232997
0.0120131
0.148556
0.895423
0.114742
0.0166759
0.0386091
0.0488788
0.0417114
0.00426655
0.0225299
0.0305218
0.016844
0.0733864
0.0461871
0.0293231
0.0352032
0.0467732
0.0511994
0.0795554
0.028499
0.00716035
0.000950293
0.00322532
0.00438386
0.00236432
0.0943087
0.503483
0.035642
0.00641502
0.000573775
0.000922964
0.00240843
0.000262467
0.217074
0.552896
0.0660063
0.0589246
0.0530801
0.00396046
0.0134824
0.0105946
0.016804
0.0788318
0.0198712
0.160258
0.262633
0.00228636
0.0143366
0.00104987
0.0962644
0.453222
0.0383267
0.000661182
0
1.59514e-005
0.00133188
0.0182144
0.141738
0.443583
0.0358672
0.00456282
0.00138999
0.00125129
0.0141351
0.0449887
0.161896
0.441563
0.0385197
0.0887454
0.222344
0.0282542
0.0377148
0.0144246
0.116416
0.439644
0.0165832
0.0820206
0.198778
0.0808199
0.104535
0.0697052
0.131559
0.399618
0.0179277
0.0362975
0.0378
0.00843379
0.0339497
0.0296036
0.110412
0.2765
0.0633506
0.0942531
0.116792
0.0513074
0.0577115
0.0436382
0.0827469
0.15412
0.0621089
0.175933
0.349562
0.082831
0.0521715
0.0523998
0.122797
0.31539
0.062682
0.404706
0.373998
0.118842
0.0286894
0.0706133
0.166782
0.294287
0.252799
0.0673953
0.0603033
0.0964579
0.105237
0.125303
0.075771
0.0708048
0.176905
0.0731133
0.165524
0.0859788
0.425286
0.200152
0.133784
0.106632
0.180996
0.246496
0.0954205
0.19247
0.0711171
0.0230675
0.0349358
0.112186
0.197532
0.204476
0.154363
0.178555
0.494103
0.157584
0.0310023
0.0485267
0.0816523
0.0136733
0.0542554
0.0136346
0.455844
0.159225
0.0389331
0.0223978
0.02367
0.000921813
0.00371309
0.0118921
0.455844
0.110735
0.00445718
0.00123376
0.000868976
0.0312591
0.0324295
0.0242184
0.455844
0.209081
0.00394047
0.00494124
0.00664216
0.0305888
0.0209629
0.00812768
0.455844
0.178999
0.0131088
0.000777082
0.0022959
0.0112972
0.0186595
0.0194308
0.239595
0.0566608
0.0115151
0.0116236
0.00938263
0.0326875
0.0371757
0.0110185
0.00917906
0.0076786
0.0141879
0.0231883
0.0133262
0.200632
0.192129
0.0142682
0.217802
0.0711042
0.0183984
0.00764107
0.0103619
0.516282
0.685245
0.00578028
0.00563977
0.00510039
0.00434442
0.0201744
0.011891
0.0425786
0.0505233
0.00856423
0.00431146
0.00100019
0.00470247
0.00985655
0.00337268
0.168963
0.187686
0.00584893
0.00430682
0.00860141
0.00452056
0.0101579
0.00486559
0.30904
0.525381
0.00555178
0.000791282
0.000666795
0.000680888
0.00623696
0.00275295
0.479556
0.525381
0.0434101
0.000540772
0.00182976
0.00107855
0.00323097
0.00226504
0.148862
0.236728
0.000830734
0.0038936
0.00462244
0.00229012
0.00278948
0.00379371
0.225914
0.435839
0.00707088
0.0044654
0.000220845
0.00695921
0.0279436
0.00442321
0.339672
0.435839
0.0288563
0.00149039
0.00822053
0.0026888
0.000282621
0.0159267
0.36895
0.435839
0.0362487
0.0185652
0.0342185
0.00353697
0.00385087
0.0358024
0.204611
0.455656
0.0449725
0.0279077
0.00737942
0.0204648
0.074688
0.0120539
0.170575
0.431258
0.221761
0.107515
0.0399119
0.0636298
0.0863404
0.0335152
0.223791
0.36317
0.067788
0.0279896
0.0342526
0.0153854
0.0191676
0.0484334
0.134234
0.337937
0.22642
0.0608186
0.0275947
0.0859608
0.054581
0.125555
0.169923
0.372897
0.119231
0.0331798
0.0144499
0.0643286
0.0893951
0.0665686
0.36297
0.338574
0.0793061
0.00410114
0.031178
0.0564434
0.149438
0.267778
0.118918
0.236071
0.114945
0.0301363
0.010978
0.121515
0.0938784
0.152544
0.335493
0.237231
0.0565435
0.0327232
0.0495896
0.0749229
0.101804
0.294338
0.181083
0.0756094
0.0911005
0.0542702
0.124801
0.0604557
0.0634594
0.101077
0.0860565
0.0461574
0.0981022
0.468846
0.202644
0.0488906
0.0348026
0.0550231
0.124236
0.0746729
0.0670427
0.120678
0.244228
0.177531
0.0875472
0.0686793
0.0575766
0.0221159
0.0868334
0.482417
0.432665
0.0666858
0.0375708
0.0412378
0.0260932
0.0104034
0.0291063
0.437569
0.177343
0.0339443
0.00797707
0.0118329
0.185008
0.136211
0.00759669
0.353593
0.143473
0.0533386
0.00793832
0.0161387
0.0940913
0.0566754
0.0307402
0.350058
0.188128
0.0557708
0.0172377
0.0667296
0.435102
0.355106
0.0137995
0.11785
0.0648226
0.0698812
0.0260068
0.10552
0.21504
0.283161
0.00426552
0.0466046
0.0204532
0.00986854
0.00148432
0.0046375
0.317758
0.43082
0.00535806
0.000566953
3.33502e-005
6.75084e-006
0.00147901
0.00270684
0.305617
0.43082
0.0214658
0.0320777
0.009291
0.0133649
0.010607
0.0404124
0.264226
0.43082
0.0212193
0.0182525
0.0238323
0.0367481
0.00555975
0.030867
0.30198
0.483039
0.0106661
0.000852208
0
2.43496e-006
0.000520945
0.00580354
0.254784
0.483039
0.0911804
0.0116894
0.00828554
0.00327547
0
0.0091736
0.222318
0.352754
0.0137602
0.0101214
0.0244517
0.0431354
0.0085463
0.0329511
0.150139
0.292879
0.106587
0.106246
0.0398908
0.0800385
0.0357342
0.0523728
0.232116
0.45568
0.0989216
0.0114693
0.0224897
0.0108834
0
0.0409193
0.318984
0.330367
0.0660158
0.0247624
0.0978668
0.0177942
0.0283631
0.118762
0.162827
0.230149
0.150594
0.0765153
0.0546609
0.121301
0.0930932
0.0873622
0.239508
0.226127
0.137106
0.123246
0.277461
0.136184
0.168996
0.178453
0.166327
0.205284
0.0530294
0.0333583
0.107925
0.0608616
0.082084
0.11888
0.0901953
0.171711
0.173823
0.0460259
0.0441835
0.0987381
0.118052
0.118625
0.191533
0.136365
0.0774299
0.133121
0.304731
0.183663
0.337296
0.292524
0.165513
0.0646063
0.137063
0.0752175
0.0884388
0.26374
0.320985
0.281423
0.150594
0.187661
0.196698
0.0656427
0.0206534
0.160473
0.0993727
0.151261
0.212084
0.315914
0.268372
0.122322
0.0647166
0.122716
0.0746073
0.164513
0.12481
0.119764
0.24217
0.137086
0.0496348
0.172114
0.0999119
0.159615
0.0956191
0.275576
0.402242
0.223355
0.0761202
0.0517355
0.0623824
0.0499661
0.101672
0.08222
0.0443124
0.099325
0.102989
0.215826
0.162828
0.145201
0.104081
0.0681757
0.0767598
0.38429
0.277432
0.10555
0.107651
0.153923
0.20228
0.128981
0.0745051
0.0600964
0.0536359
0.203511
0.267225
0.340379
0.172311
0.0861608
0.0616572
0.207499
0.147756
0.160934
0.184733
0.23884
0.196087
0.177801
0.0347552
0.147007
0.101776
0.0207496
0.0317189
0.0884795
0.384816
0.332281
0.0779923
0.0302136
0.0305013
0.0363849
0.0413647
0.134028
0.167134
0.190595
0.129452
0.0926168
0.102877
0.0612932
0.0720643
0.0765961
0.220033
0.3474
0.481604
0.110191
0.104908
0.0680698
0.0368763
0.0855162
0.271349
0.328622
0.104161
0.116688
0.0835138
0.0748768
0.0580714
0.136662
0.161824
0.252817
0.0436963
0.0910311
0.133302
0.138057
0.03731
0.0930548
0.0853072
0.212623
0.559342
0.201988
0.172248
0.110798
0.0693233
0.102743
0.0806571
0.0771822
0.0987245
0.111149
0.149412
0.107542
0.0737232
0.114729
0.125255
0.124191
0.0216976
0.045489
0.0902865
0.113398
0.0431161
0.116493
0.178866
0.0953765
0.173606
0.213739
0.117893
0.159911
0.107248
0.125312
0.0848361
0.0724192
0.0874225
0.123582
0.0979661
0.057955
0.0448974
0.150345
0.159342
0.0894631
0.528168
0.423093
0.254595
0.142961
0.113306
0.135298
0.0984278
0.103815
0.113063
0.124332
0.0826329
0.122808
0.121539
0.109075
0.0924158
0.112081
0.128117
0.215119
0.287123
0.191196
0.155585
0.105266
0.108583
0.123664
0.227713
0.214947
0.193573
0.115118
0.116875
0.0889582
0.099974
0.137011
0.220424
0.291166
0.436775
0.223442
0.118576
0.0470929
0.104856
0.0288125
0.0607502
0.125207
0.198823
0.194019
0.223238
0.0997343
0.115475
0.0134445
0.0619978
0.0544836
0.181213
0.273522
0.252223
0.123753
0.0761262
0.0204084
0.105621
0.189212
0.251025
0.240372
0.249617
0.0485488
0.15191
0.0140732
0.156888
0.201733
0.259117
0.266696
0.319535
0.104503
0.0391805
0.0245112
0.16643
0.106601
0.0980447
0.109147
0.080026
0.0680838
0.0805347
0.0852349
0.253163
0.152965
0.049992
0.0405998
0.0262131
0.0340611
0.23237
0.142738
0.325723
0.249281
0.172245
0.0693412
0.0854876
0.0657339
0.414233
0.198061
0.376895
0.194962
0.115006
0.0778253
0.115456
0.234372