0.060076
0.16857
0.138208
0.217979
0.253313
0.0630173
0.11092
0.0428304
0.102548
0.134713
0.102077
0.165639
0.316034
0.0290995
0.058843
0.0687798
0.0777163
0.10214
0.274692
0.37016
0.312255
0.147804
0.132481
0.0820488
0.159147
0.18475
0.170871
0.18807
0.289623
0.0596148
0.0338502
0.0532332
0.135871
0.0795244
0.181617
0.171857
0.202584
0.0592065
0.144198
0.112302
0.0503982
0.0419505
0.200862
0.168413
0.240142
0.226521
0.191752
0.0820308
0.265022
0.169036
0.128588
0.100526
0.147724
0.0886842
0.0835682
0.119282
0.145827
0.0503627
0.117703
0.122871
0.136342
0.349457
0.35517
0.206859
0.005122
0.0508514
0.238027
0.1958
0.143758
0.129899
0.0769541
0.0204292
0.11326
0.100102
0.241991
0.28599
0.151473
0.074755
0.112496
0.144566
0.0298966
0.0181574
0.0784788
0.1253
0.140315
0.28168
0.34765
0.117943
0.244399
0.0682826
0.0621009
0.13746
0.211673
0.180778
0.328538
0.199102
0.13123
0.131594
0.10128
0.151551
0.076497
0.126657
0.110549
0.118316
0.376121
0.317796
0.0792222
0.128071
0.0560777
0.144393
0.203933
0.197632
0.162042
0.0520074
0.0366679
0.0577401
0.106748
0.154036
0.206556
0.126045
0.215237
0.0865047
0.0432226
0.0439662
0.0357642
0.197822
0.381809
0.301446
0.299914
0.183337
0.014591
0.018977
0.0221671
0.0629422
0.198569
0.202902
0.12217
0.219355
0.139867
0.0671688
0.103498
0.282402
0.209704
0.104979
0.251627
0.132148
0.0275843
0.0375815
0.0357825
0.0987066
0.153585
0.307201
0.168907
0.321516
0.198067
0.233234
0.158088
0.113831
0.0695691
0.160995
0.0617421
0.164155
0.283241
0.107396
0.0939674
0.214805
0.11444
0.0698555
0.0826955
0.118834
0.298747
0.107054
0.14948
0.104565
0.111987
0.198556
0.099404
0.215349
0.214244
0.237749
0.164229
0.117087
0.105472
0.139641
0.186413
0.123729
0.278131
0.117831
0.161528
0.15665
0.14944
0.304548
0.122858
0.102379
0.143962
0.108034
0.173109
0.100821
0.182153
0.207385
0.140546
0.0801167
0.0427862
0.075971
0.141964
0.283143
0.236614
0.147874
0.210539
0.153898
0.333565
0.118617
0.116043
0.0985271
0.219623
0.227225
0.218975
0.124303
0.142198
0.0805621
0.0433779
0.0982368
0.291245
0.164654
0.0538356
0.0518018
0.247653
0.280471
0.172294
0.103443
0.0712288
0.0795032
0.0518683
0.0561653
0.135941
0.225478
0.244174
0.0544619
0.0334785
0.0215772
0.105734
0.112752
0.191097
0.309378
0.189424
0.132724
0.0633524
0.12093
0.00131052
0.00836103
0.0982349
0.456633
0.395235
0.104067
0.0268406
0.0251342
0.0776132
0.0624259
0.0362678
0.0922699
0.133361
0.0586583
0.0523659
0.0570523
0.0726569
0.0379407
0.0133005
0.0213859
0.0328905
0.161397
0.279959
0.192021
0.0499916
0.0716844
0.0800348
0.359931
0.289004
0.0296681
0.0188272
0.0669719
0.116091
0.0965155
0.0903834
0.206306
0.102236
0.0690426
0.478002
0.448778
0.033496
0.00417981
0.00105003
0.0166522
0.0267049
0.124241
0.2907
0.122337
0.116231
0.0343168
0.00919785
0.0323354
0.0647528
0.086265
0.205632
0.166011
0.0346755
0.011662
0.0120826
0.0180276
0.00659149
0.141075
0.517865
0.280687
0.0531962
0.0210128
0.00532459
0.0133728
0.00641329
0.178663
0.517865
0.249399
0.150383
0.0556847
0.0468164
0.0452812
0.0831111
0.0735881
0.125016
0.13496
0.195277
0.038254
0.0643432
0.0213264
0.0303193
0.0877099
0.218126
0.263628
0.112506
0.0357165
0.0226995
0.0315542
0.0144947
0.164482
0.402365
0.239695
0.175306
0.0343338
0.0226487
0.0122191
0.0391486
0.160009
0.479244
0.382346
0.159336
0.0431587
0.0384287
0.0262348
0.0299529
0.102802
0.194336
0.326163
0.173521
0.179328
0.141221
0.159555
0.118527
0.106954
0.130995
0.230678
0.135447
0.0458896
0.0341215
0.049173
0.039143
0.099164
0.383894
0.387362
0.199165
0.101617
0.0938152
0.113971
0.0955559
0.177355
0.228693
0.236088
0.168326
0.224903
0.0998777
0.159485
0.166697
0.134832
0.0992041
0.189696
0.241481
0.19804
0.129514
0.046619
0.153473
0.245863
0.146841
0.242578
0.229722
0.147262
0.0507941
0.0602397
0.165696
0.202643
0.137021
0.144051
0.227289
0.170203
0.0310121
0.0972373
0.206183
0.249713
0.189401
0.134987
0.122724
0.116257
0.140394
0.0414358
0.0944552
0.18965
0.129557
0.0951647
0.2107
0.107117
0.158879
0.0550005
0.0416893
0.0666591
0.105203
0.106441
0.171249
0.0648188
0.0682825
0.0677304
0.110705
0.268653
0.228226
0.208875
0.410774
0.144006
0.29281
0.038015
0.0288808
0.0964283
0.149916
0.401576
0.0632435
0.101663
0.100605
0.152598
0.157617
0.252148
0.105193
0.114411
0.0084497
0.0529982
0.0446977
0.307162
0.345338
0.137625
0.0152756
0.0580921
0.0155426
0.0694887
0.0997981
0.0745416
0.183386
0.432211
0.174285
0.0573607
0.0132579
0.0891226
0.0742262
0.275341
0.368026
0.193892
0.0967361
0.0373695
0.0111377
0.0212862
0.0410566
0.312091
0.251085
0.0206153
0.00205301
0.0187607
0.0341099
0.0279259
0.062045
0.272083
0.191411
0.0283414
0.181348
0.161143
0.00134405
0.011194
0.0190862
0.413915
0.379543
0.0251291
0.00957958
0.00354124
0.00145067
0.0150033
0.0218399
0.40552
0.365331
0.00760207
0.0215656
0.0153498
0.0134658
0.00824026
0.0174035
0.0409477
0.0277671
0.0948648
0.463384
0.194413
0.00890851
0.00360128
0.000504879
0.000321287
0
0.127669
0.515657
0.266139
0.00367554
0.0111734
0.0112673
0.0675009
0.0640624
0.0172864
0.113965
0.0764382
0.00341871
0.00083066
0.00012344
0
8.25879e-005
0.0385183
0.501916
0.223571
0.0114867
0.00457883
0.00129382
0.000823341
0.00183967
0.0972359
0.439606
0.14131
0.0159327
0.0054228
0.000862548
0.000548894
0.00855843
0.119644
0.398851
0.183997
0.0014563
0.000786606
0
0
0.000671561
0.0428375
0.462611
0.164693
0.00144135
0.000196651
0
0
0.000830973
0.0742645
0.462611
0.247654
0.0326706
0.0133887
0.0223689
0.0286033
0.0169681
0.121997
0.315812
0.172107
0.0948003
0.0200048
0.0443058
0.0625831
0.0813428
0.155632
0.148928
0.100413
0.00770821
0.00139377
0.00466432
0.00160118
0.00159499
0.151743
0.538104
0.210906
0.0521785
0.00595287
0.0079787
0.00674185
0.0342803
0.195747
0.538104
0.179958
0.142707
0.0224348
0.0221656
0.0337389
0.118849
0.130446
0.093367
0.0794565
0.171717
0.0328571
0.0323132
0.0653422
0.071557
0.0551
0.0991934
0.0903206
0.0859717
0.00525483
0.00708089
0.0095134
0.0613161
0.156347
0.658617
0.194008
0.150775
0.012631
0.0107014
0.00812748
0.0119377
0.0483736
0.4631
0.23074
0.161099
0.020618
0.04618
0.0596384
0.0289775
0.0626468
0.125912
0.233058
0.283514
0.0697675
0.119541
0.0094371
0.00333478
0.0303112
0.0940829
0.399372
0.220002
0.037172
0.0136576
0.00715099
0
0.00368905
0.13611
0.286618
0.451136
0.0524351
0.0549193
0.013657
0.000807096
0.00424446
0.0163989
0.421079
0.0527013
0.0222812
0.085876
0.0540814
0.144319
0.232693
0.12758
0.107419
0.00530085
0.024509
0.0780706
0.348824
0.332448
0.150492
0.119511
0.0202833
0.109641
0.0321963
0.0924168
0.111856
0.0847532
0.03737
0.0713987
0.189388
0.00968985
0.0141681
0.102779
0.559815
0.369624
0.0351899
0.0372881
0.0425935
0.000174596
0.00174333
0.0102079
0.329549
0.286359
0.0194209
0.00810693
0.000423082
0.0016155
0.00676053
0.0145523
0.315955
0.281671
0.00296537
0.0033076
0.0028224
0
0
0.0133791
0.439512
0.344836
0.00449224
0.000911286
0
0.00143442
0.00342712
0.0268677
0.39525
0.34156
0.00312238
0.00263659
0.00138174
0.0219074
0.0388647
0.063106
0.324706
0.298809
0.00679071
0.0811659
0.0910022
0.0158288
0.00426037
0.00478138
0.00414629
0.0229202
0.0799659
0.411366
0.283098
0.0188011
0.025374
0.116074
0.391333
0.379996
0.0338969
0.0673917
0.0491784
0.0300088
0.0256534
0.0114699
0.0165852
0.0679555
0.0852033
0.116169
0.0983244
0.00530623
0
0.000263964
0.000258179
0.0050229
0.0309828
0.338265
0.144017
0.01796
0.000572654
0.000200249
0.00100125
0.00171256
0.0580535
0.788323
0.353635
0.0137712
0.00814678
0.00219378
0.00190555
0.010956
0.0288417
0.039347
0.0480697
0.0477269
0.0102858
0.00733425
0.00749632
0.00370457
0.0478675
0.119393
0.110488
0.00796471
0.00153366
0.000142165
0.000710823
0.000159629
0.0533668
0.497398
0.169894
0.0100762
0.0015465
3.55412e-005
0.000533306
0.00152699
0.11202
0.497398
0.213617
0.0541809
0.0424748
0.00435191
0.00334372
0.000797961
0.0182797
0.118967
0.0903468
0.143291
0.239735
0.0112487
0.000710823
0
0.0699742
0.479651
0.159651
0.00657769
0.000574637
0
0.000483385
0.00418001
0.0868103
0.453683
0.108706
0.0293383
0.00763027
0.000823383
0.0031977
0.00893613
0.0560047
0.43123
0.142728
0.0689556
0.254288
0.0703324
0.0329111
0.0084172
0.109911
0.453683
0.0881997
0.0603907
0.178588
0.106677
0.114282
0.0370774
0.116044
0.367816
0.0900591
0.151621
0.0587984
0.00959251
0.00502781
0.00877739
0.0357358
0.275962
0.238588
0.417684
0.0950254
0.0380108
0.0383315
0.0220447
0.0673862
0.0692341
0.313643
0.197666
0.140832
0.0866231
0.0847236
0.0440494
0.0709507
0.339957
0.184438
0.239835
0.0938449
0.105026
0.131701
0.135761
0.174393
0.197557
0.261837
0.0956558
0.0367239
0.0440087
0.0710663
0.144081
0.0140498
0.036702
0.11023
0.0203951
0.00862089
0.0266285
0.342024
0.385898
0.0185371
0.0154555
0.0246707
0.0600663
0.0252285
0.0395248
0.118282
0.315617
0.0123692
0.0415811
0.0696932
0.0133971
0.00365551
0.0109522
0.431714
0.558034
0.0179605
0.00894433
0.0100697
0
0
0.00392038
0.33335
0.306751
0.00205042
0
0
0.000481872
0.00114569
0.0102269
0.284703
0.30983
0.0025921
0.00264844
0.000530334
0
0
0.000864327
0.417186
0.363705
0.00352933
0
0
0.00690826
0.00526288
0.0155904
0.382599
0.347572
0.00116449
0.000709854
0.0020298
0.00710742
0.00720181
0.0266941
0.137711
0.190281
0.0151731
0.0393341
0.01578
0.0292196
0.0219697
0.00557643
0.00483667
0.0133766
0.0186025
0.0727834
0.0436679
0.122686
0.101089
0.0520449
0.208528
0.197488
0.00600099
0.014706
0.0194475
0.461194
0.708619
0.0199875
0.00400743
0.00774576
0.0140005
0.0541128
0.0410862
0.0291294
0.0267324
0.00157564
0.00154526
0.00203151
0.00620368
0.0135441
0.0162825
0.136247
0.175688
0.00629254
0.0061578
0.000806664
0.0154356
0.0120819
0.0196533
0.277768
0.498649
0.0103944
0.000760008
0.000671576
0.00353597
0.011189
0.010078
0.421676
0.616025
0.059298
0.00304003
6.48635e-005
0.00296855
0.0017706
0.00447278
0.127769
0.239256
0.00609477
0.00175473
0.000253923
0.00520344
0.00416385
0.0104705
0.217264
0.483174
0.0110367
0.000176875
0
0.00550344
0.0428719
0.0145206
0.239134
0.483174
0.0381205
0.000587526
5.63266e-006
0.000546585
0.000386348
0.00191434
0.263316
0.483174
0.0273738
0
0
0
0
0.000588359
0.139932
0.460019
0.0536489
0.0226045
0.00253829
0.0207597
0.0738778
0.014608
0.142349
0.426663
0.0877212
0.0742169
0.0124408
0.0299858
0.0525158
0.0123709
0.232885
0.460019
0.0112056
0.000234567
0
0.000285611
0.000285611
0.0005609
0.273839
0.39143
0.0107413
0.00142697
0.000200283
0.00201496
0.000494201
0.007244
0.301604
0.315793
0.0769658
0.0575848
0.0226808
0.0168889
0.0860408
0.153469
0.134463
0.041476
0.079503
0.0873324
0.109301
0.165382
0.250483
0.313721
0.288507
0.29268
0.0166605
0.00834245
0.00426307
0.0125015
0.0362015
0.123637
0.0805453
0.027148
0.0157826
0.0681606
0.288709
0.270105
0.221236
0.250993
0.00891505
0.00509878
0.0134485
0.100777
0.233046
0.0184534
0.0369714
0.0222962
0.000469793
0
0.0267753
0.341461
0.479609
0.0152478
0.00524508
0.0010967
0.0211631
0.023859
0.0311248
0.209503
0.216214
0.0332104
0.0221568
0.0369999
0.00203298
0.00218708
0.0458686
0.457826
0.471166
0.0421995
0.00255355
0.00559506
0.00209801
0
0.0107691
0.343499
0.313171
0.0227204
0
0.00362383
0.0729775
0.103911
0.00908951
0.324075
0.272244
0.0429994
0
0.0163317
0.0497401
0.0169731
0.0161257
0.204707
0.317778
0.0945325
0.02973
0.043848
0.361585
0.39958
0.0176762
0.12352
0.214203
0.12826
0.0445951
0.108029
0.135663
0.225421
0.00817893
0.0459112
0.0334422
0.00866388
0.000131719
0.00781773
0.232506
0.471175
0.0241282
0.000208715
0.000536711
0.00088147
0.00168281
0.00373741
0.290224
0.471175
0.054124
0.0177735
0.0197481
0.0189322
0.00534981
0.0232945
0.226032
0.471175
0.137308
0.00130992
0.0114152
0.00724895
0.00321441
0.0343251
0.226552
0.504197
0.0499474
0.000445393
0.000149595
0.000368796
0.00125963
0.00148822
0.245467
0.504197
0.0909714
0.00137534
0
2.10206e-005
9.02649e-005
0.00258373
0.134766
0.419399
0.116727
0.0210134
0.0288533
0.020749
0.00544911
0.0714112
0.12812
0.263195
0.105707
0.068995
0.041261
0.0126913
0.00136228
0.0377062
0.222943
0.600168
0.114838
0.00827439
0.00068145
0
0
0.00229577
0.240128
0.600168
0.064006
0.0257644
0.0083947
0.00172539
0.000232206
0.00133983
0.0914327
0.196794
0.108723
0.076119
0.019011
0.006759
0
0.009104
0.0477492
0.107776
0.086749
0.0825707
0.0321437
0.0232831
0.00306174
0.00173129
0.404384
0.6827
0.0231051
0.0254052
0.0197413
0.00607153
0.00546513
0.0176073
0.367487
0.289252
0.0183338
0.0262901
0.0109524
0.0146971
0.0080235
0.0259245
0.0711801
0.0724248
0.0479078
0.0939894
0.059817
0.0219573
0.01195
0.0255936
0.0542448
0.0432485
0.0201112
0.086724
0.04323
0.0148346
0.0116107
0.0332163
0.197789
0.150954
0.0346356
0.0416079
0.0210735
0.0598944
0.037758
0.0501716
0.0497588
0.0282585
0.0375727
0.0989728
0.686696
0.325003
0.164156
0.10401
0.0326759
0.0418075
0.0704454
0.0999951
0.0458232
0.0493527
0.0219602
0.0130293
0.0402983
0.08105
0.151984
0.0865168
0.251616
0.0819619
0.11104
0.0454085
0.0305842
0.0247371
0.0332748
0.209737
0.168548
0.069943
0.05416
0.070059
0.0164381
0.0119686
0.0367183
0.382344
0.307885
0.128185
0.121934
0.0166586
0.0405222
0.0300668
0.0162324
0.0844513
0.107542
0.125066
0.168905
0.101903
0.049483
0.0332294
0.0343044
0.119324
0.108963
0.32108
0.598171
0.0952812
0.111025
0.0733351
0.0394402
0.098359
0.164323
0.0738148
0.06036
0.0486211
0.40775
0.438265
0.0775107
0.0213077
0.0577266
0.0513198
0.0448584
0.0900975
0.143687
0.165501
0.108668
0.034521
0.0462254
0.090152
0.241035
0.106574
0.395387
0.406188
0.136311
0.0273558
0.0228332
0.0368733
0.0619179
0.0985426
0.289988
0.450519
0.105158
0.0217604
0.0184059
0.00839825
0.0216738
0.0412508
0.149246
0.392529
0.17101
0.0682802
0.100614
0.0232441
0.0265698
0.0743635
0.370214
0.217845
0.0532972
0.0300906
0.0234789
0.0278533
0.0841236
0.129419
0.264966
0.166288
0.10594
0.161883
0.229213
0.0191336
0.0580636
0.112633
0.0668733
0.178215
0.0895639
0.1327
0.200294
0.0582988
0.0290191
0.105513
0.0277786
0.0358962
0.0586317
0.226927
0.178015
0.0327875
0.00725476
0.042096
0.0480857
0.0623117
0.0599567
0.384616
0.494951
0.0264671
0.0196615
0.0221108
0.00965565
0.0100182
0.0698911
0.429096
0.366911
0.0239955
0.00483651
0.0063798
0.0161516
0.0262235
0.0997663
0.17745
0.0405584
0.0120197
0.00108889
0.0144871
0.0533385
0.0364362
0.118978
0.0842612
0.0248654
0.0330567
0.0271552
0.132794
0.11968
0.191244
0.252346
0.189856
0.0788966
0.0281153
0.00163333
0.0258462
0.414922
0.435004
0.414973
0.0951723
0.146869
0.092913
0.0800601
0.29817
0.0524919
0.0220902
0.0564421
0.0454689
0.0465746
0.0199113
0.042454
0.166796
0.0210403
0.0323388
0.0205282
0.059627
0.0484393
0.0115207
0.0181058
0.0400192
0.255342
0.177893
0.151793
0.170961
0.546433
0.169119
0.147641
0.383599
0.00912367
0.0220106
0.0319528
0.144706
0.402744
0.0718582
0.0634102
0.0965299
0.0292717
0.0899156
0.174589
0.204835
0.0615732
0.0339838
0.019513
0.0102182
0.0187856
0.162519
0.270503
0.16913
0.278436
0.0552194
0.0997758
0.031301
0.0126678
0.0723687
0.170204
0.17171
0.163185
0.0849906
0.113053
0.0653972
0.000821393
0.114267
0.149344
0.301778
0.317136
0.142559
0.200457
0.104424