0.168756
0.0161114
0
0
0.0009186
0.00371916
0.139656
0.411954
0.242141
0.0134024
0
0
0
0.00228573
0.104648
0.547364
0.161018
0.0678579
0.0436815
0.0448071
0.0649535
0.0514697
0.115785
0.208802
0.118407
0.0506413
0.033973
0.0226194
0.065793
0.0630059
0.135568
0.296574
0.228465
0.028391
0.00154194
0.00293466
0
0.00450026
0.0962744
0.414984
0.24906
0.0767909
0.00778065
0.0117386
0.00277429
0.0133738
0.119108
0.446536
0.103831
0.0480946
0.0980313
0.0522926
0.0312811
0.0459246
0.109016
0.24017
0.181281
0.183995
0.166238
0.109347
0.0218052
0.0793341
0.126794
0.254314
0.133323
0.039735
0.00261107
0.00314127
0.00739477
0.0135056
0.106603
0.342793
0.195922
0.0235562
0
0
0.00466165
0.011417
0.119239
0.450802
0.071206
0.0850276
0.035143
0.0365304
0.0317186
0.0954627
0.180877
0.268596
0.220187
0.0535331
0.00213103
0.0174863
0.0261592
0.0822124
0.181222
0.447086
0.17559
0.0190652
0
0
0
0.012369
0.109306
0.287707
0.12718
0.0043891
0.00153306
0.0033179
0.00924269
0.0350567
0.183091
0.367037
0.236886
0.0631557
0.00304316
0.0152158
0.00238888
0.0290662
0.123902
0.333601
0.172876
0.0177351
0.001593
0.00533083
0.00790646
0.055334
0.217418
0.502689
0.10772
0.00175995
0.00110414
0.00238961
0.0104303
0.0285101
0.17014
0.297693
0.199464
0.0745015
0
0
0.00379767
0.0123212
0.109324
0.314568
0.256641
0.00686507
0.0029687
0.00377945
0.00698733
0.0269849
0.111081
0.401591
0.282064
0.0268705
0.0126326
0.0201509
0.0193337
0.0371281
0.108162
0.448742
0.138044
0.0929378
0
0
0.00182953
0.0152754
0.126456
0.229149
0.121885
0.058964
0
0
0.0111072
0.0403094
0.191537
0.2896
0.153372
0.0524983
0.0397047
0.0378554
0.0281286
0.0455048
0.143368
0.338015
0.192804
0.0382147
0.0460397
0.0311112
0.0228088
0.028075
0.183421
0.563414
0.122087
0.040171
0
0
0.00464483
0.0113018
0.0670967
0.225609
0.210389
0.0394735
0
0
0
0.000298849
0.104269
0.282983
0.168928
0.0134117
0.0404679
0.0361107
0.0190696
0.00931233
0.0747562
0.414788
0.309881
0.180114
0.119944
0.0986013
0.0233861
0.0346149
0.0720204
0.495436
0.1155
0.144598
0.0729818
0.162902
0.262793
0.140118
0.14476
0.110962
0.0492755
0.116905
0.0954691
0.142821
0.233516
0.10949
0.121911
0.092009
0.054365
0.150315
0.0636615
0.121028
0.254548
0.146409
0.196766
0.11106
0.0696119
0.148085
0.143864
0.238347
0.281393
0.110327
0.118444
0.0482282
0.0256366
0.0421029
0.159343
0.121587
0.0586818
0.0303347
0.0217138
0.0259488
0.083253
0.0915078
0.223835
0.177625
0.108165
0.0505707
0.0319177
0.0863299
0.018778
0.0240616
0.163208
0.271195
0.244909
0.0482684
0.00968106
0.00703614
0.0426301
0.0895496
0.313742
0.431895
0.472604
0.0474405
0.00980372
0.0310775
0.0412465
0.0437686
0.0512344
0.0961727
0.0628593
0.0817059
0.0916813
0.087113
0.0711976
0.0242345
0.00537224
0.053959
0.0525471
0.130311
0.173671
0.15478
0.0694257
0.186351
0.223261
0.227125
0.158689
0.0436413
0.145203
0.125909
0.136268
0.108659
0.066014
0.0844122
0.102191
0.159956
0.514454
0.436375
0.076062
0.0256691
0.00431728
0.0269556
0.0295462
0.108776
0.164663
0.232536
0.0487813
0.0126273
0.00370688
0.0340937
0.0612714
0.151597
0.122166
0.216438
0.129466
0.00222544
0.00864496
0.0278495
0.132434
0.314918
0.394783
0.341012
0.0660373
0.00611769
0.00706529
0.0614071
0.181525
0.332667
0.230469
0.18763
0.171267
0.0383611
0.0268513
0.0561433
0.072352
0.111714
0.0748675
0.218904
0.152942
0.0334007
0.141197
0.192435
0.0776422
0.0783949
0.0963941
0.199608
0.0532872
0.0477575
0.0270569
0.101206
0.137626
0.243003
0.285535
0.222264
0.10884
0.0840235
0.170644
0.275082
0.0769328
0.165237
0.239985
0.0846443
0.0818718
0.0370211
0.163949
0.214995
0.117372
0.126596
0.0749324
0.119869
0.120042
0.0809373
0.15538
0.123664
0.139491
0.136568
0.109452
0.249221
0.163161
0.120631
0.146081
0.255134
0.121836
0.112284
0.104384
0.0719746
0.115718
0.164347
0.106132
0.156546
0.272097
0.184724
0.0852153
0.104633
0.0321342
0.0178199
0.060751
0.0675374
0.0739899
0.0254219
0.0260954
0.0816672
0.069531
0.130932
0.14056
0.181144
0.22701
0.161426
0.0517592
0.136864
0.0478043
0.0406396
0.0426132
0.0593305
0.150037
0.0621496
0.022756
0.0416694
0.0532051
0.0530147
0.0810265
0.142641
0.698284
0.305886
0.0873839
0.116983
0.0317858
0.0347759
0.0468149
0.0402505
0.122581
0.125819
0.10214
0.0588216
0.0396681
0.048802
0.0750784
0.146407
0.166995
0.11548
0.0483134
0.0302869
0.0342659
0.00615813
0.0147403
0.0118968
0.0592476
0.1429
0.264917
0.572265
0.021256
0.0291011
0.117336
0.226886
0.119886
0.207189
0.245252
0.181704
0.00464205
0.00718868
0.0613776
0.141321
0.156501
0.0351504
0.00511143
0.00339665
0.0044189
0.0294733
0.167071
0.377956
0.231527
0.0157215
0.00602995
0.00316827
0.00358791
0.0127937
0.154543
0.184575
0.0801722
0.0512198
0.0277289
0.00815644
0.00174501
0.00842811
0.186847
0.707245
0.126657
0.0395194
0.00582623
0.00253708
0.0169304
0.0779128
0.142838
0.308951
0.0820828
0.00549441
0.0736261
0.0723242
0.0352841
0.0518811
0.0489205
0.0903161
0.0430312
0.129452
0.396595
0.224027
0.00444694
0.00824889
0.0543337
0.639286
0.12176
0.0145777
0.0178835
0.0213022
0.0134184
0.0204061
0.0191757
0.160189
0.0817697
0.108419
0.212625
0.0497399
0.0282913
0.00126093
0.00553827
0.0110754
0.0354464
0.191557
0.314878
0.0935079
0.0339197
0.00143768
0.00369218
0.0148772
0.0407878
0.154918
0.242717
0.0749037
0.00977378
0.00786371
0.00331245
0.00949643
0.0152458
0.171757
0.376461
0.0266987
0.0198631
0.00168211
0.00103508
0.00594514
0.00907001
0.221833
0.663513
0.0964019
0.0331008
0.00415325
0.00091097
0.0195177
0.0254823
0.126024
0.176999
0.0874474
0.0384572
0.0163281
0.0100158
0.0301176
0.0291255
0.108493
0.145155
0.0711281
0.0319346
0.000304416
0
0.0240533
0.0308787
0.235173
0.663554
0.191072
0.0459356
0.00510995
0.00108692
0.0484177
0.140413
0.237892
0.352236
0.189634
0.109862
0.0705748
0.0367271
0.0509242
0.0554323
0.0825955
0.14172
0.0894647
0.0868922
0.076137
0.0513315
0.0468818
0.0799261
0.0765785
0.0758165
0.0918674
0.08614
0.0331236
0.0115876
0.0469841
0.209124
0.291044
0.449428
0.191037
0.105432
0.0812785
0.0498292
0.0430158
0.0706795
0.231176
0.411209
0.0892926
0.0702722
0.0407078
0.0277625
0.0261761
0.0955346
0.0646704
0.0431916
0.0753434
0.0856677
0.0277928
0.0243825
0.0796586
0.658677
0.261199
0.131005
0.235002
0.0777638
0.0653531
0.0497387
0.0487472
0.0336882
0.0623791
0.107205
0.03272
0.0788006
0.0336689
0.0451228
0.130949
0.208065
0.169673
0.158334
0.168104
0.0336658
0.00111315
0.00111315
0
0.00164075
0.0568332
0.205819
0.383162
0.0615534
0.0274272
0.0861506
0.121633
0.0259665
0.1275
0.303088
0.131547
0.101605
0
0
0.000656532
0.00556793
0.0891845
0.290797
0.356361
0.128186
0.0516705
0.15134
0.0612413
0.065762
0.15596
0.264393
0.339028
0.0209591
0.0157076
0.0957817
0.134652
0.0319167
0.0306042
0.0563131
0.0130299
0.00457104
0.00441721
0.0780725
0.519646
0.0911314
0.0307996
0.012997
0.00457104
0.0265478
0.0328327
0.123698
0.151667
0.0735952
0.046402
0.0580065
0.0391868
0.00304736
0.0111235
0.0905231
0.708651
0.175998
0.0177783
0.0132794
0.00304736
0.00318554
0.00163851
0.0203641
0.600573
0.129077
0.0296637
0.00357184
0.00523636
0.0185033
0.0165299
0.014305
0.112668
0.0808604
0.0320779
0.0329006
0.0203785
0.00219527
0.00127996
0.0264386
0.65091
0.193358
0.0427811
0.00197928
0.00495312
0.0289652
0.01321
0.0263421
0.0845888
0.0856382
0.0428278
0.0143267
0.0272774
0.03348
0.0216037
0.0112529
0.031996
0.045319
0.0798479
0.194501
0.0208992
0.0365169
0.00937745
0.00105715
0.0218492
0.033487
0.164612
0.75663
0.184498
0.116818
0.0221142
0.0289597
0.0466153
0.0489285
0.0251151
0.0243604
0.0455798
0.277731
0.112732
0.0291452
0.0302659
0.0432966
0.0519527
0.144153
0.103939
0.00855055
0.00316221
0
0.00727938
0.0148804
0.157777
0.463602
0.124843
0.0420236
0.00137262
0.00608635
0.0385455
0.0988615
0.21342
0.383513
0.105521
0.128936
0.176525
0.023262
0.00236946
0.00560132
0.106384
0.198091
0.040179
0.163263
0.367955
0.121224
0.0517135
0.122299
0.177282
0.315152
0.0394255
0.0652346
0.0205744
0.0338207
0.0588027
0.121963
0.144971
0.28628
0.0882232
0.125949
0.0864019
0.0288842
0.0224061
0.0290589
0.149856
0.238311
0.0829303
0.132194
0.280726
0.333153
0.165886
0.209573
0.12296
0.204945
0.0368562
0.234094
0.243999
0.233354
0.126931
0.17424
0.14684
0.129594
0.100837
0.184682
0.0777536
0.0188044
0.0165533
0.00744015
0.0522632
0.131827
0.11401
0.0978543
0.017797
0.047781
0.0900638
0.0572321
0.0753388
0.142893
0.1463
0.447031
0.208517
0.0769711
0.101987
0.113175
0.0598457
0.144613
0.208242
0.30287
0.0923223
0.0686439
0.124691
0.115007
0.109044
0.373639
0.259215
0.136274
0.00773022
0.0080893
0.0136363
0.0263739
0.0513813
0.133534
0.24162
0.0793797
0.0202612
0.100772
0.134655
0.221046
0.122213
0.0963714
0.282817
0.0573881
0.0512037
0.0948501
0.0699829
0.0622632
0.0417601
0.0226169
0.0556262
0.0233442
0.0524215
0.141499
0.616077
0.314996
0.0550248
0.0192179
0.0440223
0.00385166
0.0178468
0.0956818
0.165101
0.0975209
0.0379445
0.0179163
0.0273515
0.000981921
0.0119423
0.111034
0.593476
0.11449
0.01105
0.00350802
0.002341
0.00225433
0.0114344
0.0602185
0.354801
0.156209
0.0155035
0.00787291
0.00275683
0.09967
0.0407207
0.0738853
0.515116
0.201458
0.053359
0.0427585
0.0365571
0.0102191
0.0186653
0.0408603
0.367337
0.108849
0.0158239
0.00386919
0.00727971
0.0868474
0.102167
0.0189214
0.0406141
0.0440054
0.0145565
0.0110979
0.0225217
0.303669
0.182132
0.0354308
0.218686
0.100589
0.0348977
0.0310584
0.0587333
0.545379
0.489701
0.0168956
0.0186768
0.0179689
0.0147235
0.0151612
0.025813
0.19422
0.111586
0.00808257
0.011227
0.00839556
0.00463317
0.0109182
0.0262331
0.432423
0.168053
0.0135128
0.00476025
0.00887538
0.0104281
0.00953998
0.0337282
0.396736
0.358389
0.0221175
0.0120757
0.0114227
0.0108263
0.0257545
0.0268869
0.489845
0.32294
0.0563008
0.00985332
0.0187728
0.0192691
0.0386189
0.0496202
0.299876
0.330894
0.0290159
0.00518203
0.00598692
0.0175283
0.0193362
0.0150763
0.181581
0.531708
0.0927058
0.0237511
0.0397259
0.0351041
0.0523314
0.0454429
0.310789
0.288073
0.0908736
0.0213943
0.0216299
0.0269703
0.0144073
0.0244142
0.226872
0.320284
0.0635298
0.0336597
0.0105394
0.0343242
0.0270145
0.111825
0.127509
0.325185
0.245907
0.0804912
0.0875905
0.033957
0.057689
0.0610759
0.18902
0.159278
0.307134
0.119864
0.136559
0.0363649
0.0373392
0.0856099
0.210277
0.302568
0.101287
0.0597812
0.0203282
0.0275021
0.0522037
0.161796
0.31421
0.226529
0.261805
0.0803784
0.0277682
0.0063916
0.0331922
0.200709
0.384848
0.160168
0.233418
0.122758
0.0979684
0.016286
0.0355692
0.10576
0.382417
0.151612
0.084965
0.0766929
0.0619617
0.031959
0.19506
0.163307
0.280546
0.135406
0.31061
0.0911851
0.0186685
0.00103476
0.00498273
0.122165
0.225377
0.0768918
0.100377
0.0361255
0.0333228
0.0315296
0.0687467
0.127345
0.0279787
0.0583733
0.103863
0.0824242
0.0494842
0.0369261
0.010255
0.017837
0.00795814
0.0563324
0.156716
0.545416
0.227967
0.0271791
0.00659486
0.00213714
0.0425649
0.0449173
0.102728
0.153827
0.109411
0.0457891
0.0140677
0.0525648
0.00718958
0.0234457
0.140419
0.471158
0.309417
0.0846614
0.0339343
0.0259009
0.013063
0.0206709
0.0894885
0.416795
0.18543
0.0417861
0.0490184
0.00172504
0.258232
0.129557
0.0649608
0.32412
0.214725
0.137496
0.152021
0.066517
0.0341833
0.0381199
0.128814
0.266728
0.140093
0.069181
0.100518
0.0777963
0.287563
0.180375
0.148377
0.131859
0.0538152
0.100116
0.188721
0.123782
0.333223
0.226087
0.0117406
0.0450376
0.0440749
0.0401661
0.0402602
0.0726767
0.42648
0.406293
0.0232398
0.0150946
0.0155339
0.0207398
0.0200852
0.0433753
0.263479
0.205793
0.0272724
0.0219045
0.00766833
0.0220292
0.0523117
0.0682358
0.252864
0.42651
0.0317181
0.00630855
0.00669328
0.0120692
0.0178984
0.0550038
0.357909
0.328152
0.0569389
0.0326913
0.0332414
0.0254996
0.0404951
0.0344432
0.343393
0.342797
0.103403
0.0142689
0.0243518
0.0326028
0.0460502
0.0421049
0.286702
0.303904
0.0358268
0.0133979
0.0147296
0.0217418
0.0341646
0.0592964
0.356621
0.237154
0.0360959
0.0153287
0.0153414
0.0230637
0.038705
0.0471241
0.300587
0.42622
0.228512
0.019085
0.0197697
0.0438477
0.0189237
0.0246072
0.321551
0.327541
0.174479
0.0362754
0.0125951
0.0372331
0.0136391
0.158745
0.243918
0.289175
0.0994261
0.0244627
0.019439
0.0320443
0.0229151
0.0153809
0.0912332
0.138964
0.122153
0.0418102
0.0257438
0.0500194
0.0452747
0.0490653
0.282527
0.377472
0.149061
0.0483782
0.0185807
0.0302042
0.0226875
0.202691
0.319055
0.32764
0.201273
0.0661836
0.0194558
0.0249191
0.0314805
0.214942
0.0643637
0.105225
0.146607
0.0718827
0.0438993
0.0546018
0.0599751
0.0535523
0.0737824
0.0732278
0.117809
0.0923545
0.0663331
0.12199
0.124166
0.0739167
0.284814
0.157259
0.247486
0.162947
0.0581848
0.0100406
0.0152531
0.18534
0.115862
0.0309516
0.109674
0.171689
0.168602
0.0843333
0.0707098
0.106688
0.0730898
0.0373348
0.140887
0.178157
0.110536
0.0885224
0.0907148
0.0772389
0.035616
0.0922953
0.20021
0.2437
0.180857
0.062545
0.0930746
0.0328493
0.127815
0.073678
0.0911992
0.103783
0.080217
0.0400439
0.0325321
0.0874364
0.0423746
0.0455696
0.0674095
0.274461
0.28799
0.294479
0.203453
0.0673216
0.18018
0.086108
0.0246827
0.0376691
0.0589124
0.0833415
0.0738299
0.134764
0.0833512
0.0383306
0.0204168
0.0645517
0.151114
0.32554
0.386539
0.124606
0.0474474
0.133067
0.156455
0.149738
0.110167
0.150674
0.16437
0.111961
0.37425
0.356623
0.233414
0.0564761
0.0258891
0.0349217
0.102986
0.118198
0.0681649
0.114679
0.102939
0.0306275
0.0674637
0.163536
0.260898
0.0996297
0.198164
0.264466
0.214748
0.0253216
0.0439716
0.0663278
0.066106
0.0649232
0.463081
0.318113
0.0563766
0.0198793
0.019338
0.0158454
0.0414477
0.0457501
0.353454
0.475184
0.0439917
0.0144035
0.0249721
0.0672227
0.0310541
0.0370167
0.151938
0.126885
0.108455
0.0360712
0.044098
0.0519422
0.031708
0.026197
0.0742721
0.070607
0.109668
0.130349
0.110579
0.0738164
0.0552491
0.0391652
0.294352
0.340936
0.0363125
0.0120366
0.033152
0.147901
0.14297
0.111146
0.214748
0.121489
0.0494858
0.0233925
0.036222
0.0984616
0.21199
0.153746
0.0312443
0.0242749
0.0711382
0.21137
0.200076
0.142146
0.132623
0.0572031
0.0477756
0.0177706
0.043527
0.131073
0.149571
0.139574
0.215007
0.14871
0.170843
0.123295
0.0831216
0.0467565
0.0446443
0.102356
0.149553
0.119344
0.101074
0.0920196
0.0938681
0.0612858
0.0501081
0.154931
0.193543
0.0940034
0.0939354
0.0304313
0.0987814
0.128512
0.101293
0.157115
0.21096
0.180291
0.0770733
0.0813418
0.165819
0.118559
0.0781386
0.182367
0.233889
0.129575
0.0605442
0.0696273
0.086693
0.0671552
0.0732154
0.0970026
0.146644
0.0521074
0.0471515
0.043151
0.0736756
0.213639
0.183191
0.197553
0.270725
0.0317518
0.0915872
0.0779613
0.078976
0.0468547
0.0661032
0.116567
0.144488
0.0993489
0.0842108
0.0628807
0.12433
0.229033
0.209901
0.224099
0.236704
0.0631667
0.0262301
0.0449244
0.112875
0.184022
0.11344
0.142909
0.165405
0.0180479
0.0426047
0.116556
0.165028
0.128438
0.113421
0.145885
0.142423
0.0392879
0.0515729
0.0799975
0.136112
0.147293
0.112278
0.21597
0.205231
0.0358377
0.0839121
0.114552
0.123799
0.0790812
0.12529
0.248533
0.181958
0.136417