0.0606145
0.116259
0.10092
0.039841
0.0142207
0.00244896
0.0290763
0.0829354
0.0859174
0.287081
0.270423
0.0638271
0.020269
0.03432
0.048044
0.0885063
0.210986
0.203235
0.248718
0.266751
0.107789
0.0225578
0.121023
0.152744
0.204964
0.421564
0.324451
0.213822
0.0491866
0.136839
0.206092
0.191702
0.0738087
0.114881
0.11387
0.041624
0.00698427
0.0829813
0.0839937
0.149842
0.177091
0.0457815
0.0127763
0.0175688
0.00464968
0.0686722
0.0911881
0.262805
0.0913701
0.141215
0.0840832
0.0538545
0.00535083
0.257408
0.362158
0.267896
0.192118
0.0538702
0.0142458
0.0261982
0.0025008
0.195289
0.438453
0.438453
0.176749
0.0552228
0.0122574
0.00392044
0.000833799
0.00689851
0.0782531
0.191454
0.119931
0.0568238
0.0853793
0.0482623
0.0389732
0.0112366
0.097807
0.204298
0.229303
0.0406579
0.0018713
0
0
0.0505621
0.452492
0.452492
0.171787
0.021489
0.00902189
0.0149196
0.0257787
0.0397491
0.306985
0.452492
0.0617942
0.0693436
0.167211
0.0835581
0.0800296
0.029129
0.0920381
0.177251
0.150268
0.0932616
0.116418
0.089606
0.114067
0.0971245
0.131477
0.325625
0.145116
0.00666557
0.0207642
0.0316546
0.0516191
0.0297403
0.136327
0.453245
0.382104
0.0885775
0.0364245
0.151238
0.134164
0.0325782
0.114949
0.453245
0.184245
0.0611257
0.047561
0.0873352
0.108318
0.0757659
0.0794266
0.281389
0.145552
0.0415564
0.0116847
0.039978
0.0834011
0.123146
0.281659
0.306241
0.266095
0.0673629
0.0225392
0.330987
0.265428
0.0422182
0.07681
0.371279
0.101102
0.0148471
0.0338352
0.220668
0.261203
0.116572
0.0934305
0.181092
0.0867911
0.0217728
0.000239529
0.0248064
0.0511285
0.189078
0.381684
0.173625
0.146086
0.0476292
0.0272278
0.121241
0.177215
0.164151
0.320185
0.287105
0.133429
0.0456212
0.038677
0.0641683
0.0756265
0.0974635
0.162167
0.141339
0.308185
0.249188
0.177703
0.243303
0.155093
0.0613088
0.219512
0.195048
0.0639906
0.0553648
0.0605991
0.128666
0.206422
0.0792606
0.135074
0.148736
0.132902
0.125579
0.0501488
0.0525964
0.101393
0.0507654
0.19309
0.280507
0.189814
0.306063
0.249755
0.260698
0.196972
0.0347046
0.116068
0.0862826
0.154408
0.384372
0.190398
0.0949033
0.103725
0.105285
0.165291
0.288165
0.208355
0.10808
0.104835
0.177629
0.156639
0.0458033
0.0811713
0.129822
0.251014
0.191481
0.147041
0.156026
0.0769207
0.0640218
0.163103
0.18749
0.145417
0.165228
0.209704
0.177469
0.146548
0.0649023
0.108858
0.166584
0.326789
0.36435
0.206876
0.104591
0.0969474
0.150155
0.209344
0.186012
0.112221
0.0624382
0.0339991
0.014293
0.00279915
0.0791849
0.261174
0.247062
0.078201
0.0127606
0.0141349
0.00439966
0.00060786
0.10261
0.397581
0.325768
0.24271
0.242769
0.0901283
0.00956388
0.013901
0.0412132
0.137292
0.227755
0.181597
0.0658569
0.0573774
0.00888755
0.00396529
0.116629
0.397581
0.339096
0.0484681
0.00379979
0.00720115
0.00100269
0
0.0707781
0.399664
0.228515
0.0438126
0.000512176
0
0
0
0.0595385
0.399664
0.253528
0.0309904
0.00505528
0.0288046
0.0123388
0.0439521
0.152315
0.399664
0.229617
0.00507584
0
0
0.00793753
0.0799322
0.176028
0.399664
0.27356
0.0675454
0.00113364
0.00624791
0.0032951
0.00251626
0.033546
0.251942
0.257888
0.131471
0.0750431
0.0320917
0.160747
0.135966
0.0210969
0.0954069
0.193291
0.00721866
1.75503e-005
0.00156198
0.00394193
0.0235059
0.146492
0.471543
0.243152
0.0401171
0.129415
0.0209594
0.12128
0.134575
0.159882
0.471543
0.315284
0.10297
0.0591554
0.0213042
0.369216
0.311824
0.0343509
0.0334792
0.0835959
0.0793582
0.0119709
0.0436234
0.254465
0.208858
0.0672947
0.027895
0.0614492
0.0894055
0.196152
0.0545549
0.274477
0.364057
0.148898
0.164634
0.186304
0.0911819
0.057539
0.115784
0.343883
0.271737
0.10919
0.04403
0.0362129
0.0671785
0.0400484
0.0703662
0.123831
0.0877307
0.0410612
0.0533618
0.0523185
0.171088
0.195842
0.222129
0.325319
0.136615
0.0137002
0.05592
0.0682805
0.0486192
0.0157216
0.120071
0.327804
0.195489
0.0307852
0.069605
0.0265628
0.0439587
0.0313723
0.175377
0.475364
0.475364
0.0614595
0.0535941
0.0275228
0.10327
0.161778
0.207332
0.339433
0.114304
0.00836727
0.0287482
0.0311308
0.0459982
0.162857
0.183973
0.212373
0.122709
0.0587646
0.0341758
0.056027
0.0329687
0.0173918
0.0743589
0.394841
0.352591
0.135191
0.0801458
0.0141185
0.0509793
0.0735664
0.320605
0.348071
0.233623
0.0925434
0.0875141
0.00249536
0.0261954
0.0556232
0.109404
0.292201
0.212125
0.0751959
0.0674018
0.0631623
0.0854447
0.148797
0.151126
0.238581
0.198791
0.0883009
0.0877577
0.0605743
0.00997124
0.00395046
0.1
0.444648
0.213461
0.104851
0.046699
0.0183241
0
0.0066167
0.0625995
0.444648
0.398837
0.0134173
0
0
0.218488
0.293902
0.169137
0.13534
0.167817
0.0609323
0.0706568
0.152551
0.203201
0.0778688
0.0550496
0.0246189
0.0221853
0.108153
0.264432
0.410742
0
0.00499086
0.0379236
0.42057
0.461572
0.0156182
0.000754583
0.000323393
0.0126834
4.1596e-005
0.00370203
0.0489293
0.0489293
0
0.00567221
0.0410837
0.0494816
0.00321102
0.0182962
0.0143203
0.0621316
0.174986
0.237218
0.338391
0.00839764
0
0
0.0112207
0.124071
0.345361
0.546736
0.383614
0.0149561
0
0
0
0
0.0320992
0.0284461
0.0838991
0.0198654
0
0
0
0.0166161
0.210771
0.277057
0.160969
0
0
0
0.000626296
0.0250705
0.156383
0.391784
0.151295
0.0533052
0.0798617
0.0144218
0.0212681
0.0306208
0.195833
0.391784
0.34436
0.0157704
0
0
0
0.0199441
0.1451
0.236466
0.140485
0.0347915
0.00980845
0.0033528
0.00067056
0.01838
0.287234
0.38315
0.331924
0.155487
0.176366
0.0726813
0.0914846
0.115705
0.123727
0.220295
0.324062
0.100411
0.0736648
0.12226
0.258544
0.157764
0.0538156
0.0427041
0.0544737
0.0972646
0.0385365
0.0219077
0.00851762
0.0424296
0.288451
0.382916
0.363656
0.132039
0.0628501
0.115309
0.110031
0.0907797
0.184278
0.27676
0.184464
0.0186816
0.00874051
0.141158
0.358745
0.129636
0.00987491
0.0189322
0.00904462
0.0031861
0
0.128947
0.441892
0.276268
0.091192
0.0691724
0.00873852
0.0461769
0.0160728
0.218837
0.266099
0.112416
0.0768099
0.210281
0.0594299
0.000173743
0.00118165
0.150893
0.280086
0.150268
0.257051
0.319894
0.0944309
0.00730071
0.00643381
0.0184244
0.132881
0.230989
0.220127
0.147657
0.00828971
0.0292029
0.0612787
0.23408
0.143415
0.287914
0.232427
0.128436
0.00367446
2.34835e-005
0.00541065
0.0283057
0.128528
0.210315
0.274303
0.197887
0.0738404
0
0.0340536
0.165727
0.271092
0.44138
0.266716
0.171062
0.0490942
0.009156
0.00296926
0.0965791
0.387682
0.0891283
0.0209605
0.00765244
0.00650609
0
0
0.0284156
0.387682
0.269847
0
0
0
0.00252153
0.00147731
0.0364143
0.387682
0.341621
0.0169716
0.00114443
0.000120373
0
0
0.0156396
0.387682
0.387682
0.00407202
0
0
0
0
0.00019496
0.405267
0.414492
0
0
0
0
0
0
0.044173
0.044173
0
0
0
0
0
0.00167188
0.545539
0.544867
0
0
0
0
0
0
0.0581755
0.0581755
0
0
0
0
0
0
0
0
8.42173e-005
0.0172223
0.0281148
0.143008
0
0
0
0.0336267
0.295296
0.546276
0.358113
0
0
0
0
0
0
0
0
0
0
0
0
0
0
0
0
0.0400183
0
0
0
0.00991307
0.0989204
0.193463
0.161389
0.0326237
9.78198e-005
0
0
0.0247854
0.421499
0.636815
0.485507
0.00114624
0
0
0
0
0
0.00364222
0.00564746
0.0155668
0.000685507
0.00225238
0
0
0.00281877
0.116705
0.0857096
0.0146583
0.00345538
0.000568163
0
0.0307113
0.188992
0.421828
0.207249
0.0651526
0.0150534
0.035117
0.0262269
0.0445752
0.247325
0.497492
0.224409
0.0245019
0.0111279
0.00340667
0
0
0.0115602
0.16788
0.0832803
0.0966307
0.0683318
0.0443463
0.0171306
0.00494448
0.152557
0.436877
0.243453
0.0311281
0.0034119
0.0486098
0.0405001
0.0407335
0.143517
0.323766
0.110935
0.0173918
0.00311832
0.0386829
0.0430962
0.0493355
0.327911
0.371742
0.177821
0.0551021
0.0704056
0.0754886
0.125038
0.0323267
0.134061
0.28704
0.156125
0.151198
0.0864504
0.0824319
0.222531
0.0938789
0.237593
0.389656
0.273403
0.00894408
0.0120057
0.0500249
0.0985881
0.0998421
0.23567
0.204203
0.170667
0.0479072
0.0262887
0.109105
0.267191
0.298848
0.0846188
0.110788
0.110152
0.112767
0.0598785
0.0777975
0.144502
0.148379
0.247431
0.322033
0.228693
0.102177
0.0361154
0.116781
0.242867
0.366538
0.269203
0.14387
0.0902181
0
0
0.00728903
0.254122
0.330344
0.0115608
0.000151224
0
0
0
0.0210527
0.373769
0.366086
0.00355481
0
0
0
0.000993113
0.0191042
0.384112
0.270957
0.00416665
0.0014577
0.00255596
0
0
0.0259337
0.384112
0.379898
0.000403927
0
0
0
0
0.0143646
0.426329
0.417835
0
0
0
0
0
0
0.0454478
0.0454478
0
0
0
0
0
0.0180124
0.578592
0.490657
0
0
0
0.00604049
0.000178478
0
0.0566268
0.0566268
0
0
0.00330643
0
0
0
0
0
0
0
0
0.00350184
0
0
0
0
0
0
0.00350184
0.0972458
0.0617985
0.0327478
0
0
0
0
0.0291485
0.678446
0.546483
0.182177
0.0153102
0.00258484
0
0
0.0549001
0.00843894
0.00955266
0
0.000528036
0.000528036
0
0
0.00263349
0.0866543
0.114584
0.0126644
0.000792054
0.000792054
0
0
0.012508
0.230652
0.330108
0.0485612
0.0447552
0.00291418
6.95056e-005
0.00618591
0.0167099
0.509885
0.667675
0.190188
0.0590516
0.0030362
0.000278022
0.0247437
0.0175659
0.0834672
0.141969
0.0414781
0.000714625
6.32031e-005
0.000443339
0.0036862
0.0210889
0.231771
0.311558
0.131947
0.0128897
0
0.0167147
0.0455028
0.071246
0.300691
0.467662
0.168894
0.00903053
0.000943183
4.93741e-005
0.00439423
0.0191739
0.37782
0.477657
0.193364
0.00614194
0.000565585
0
0
0.0355835
0.148671
0.279099
0.150528
0.112462
0.0132593
0.0203229
0.0577148
0.0603724
0.309911
0.332939
0.183501
0.196506
0.0565468
0.0327634
0.0992027
0.140646
0.219071
0.351367
0.105189
0.0125707
0.0383748
0.00334382
0.00874074
0.0398093
0.297883
0.372809
0.208579
0.0184775
0.09936
0.0906111
0.0676134
0.15213
0.271495
0.167681
0.127463
0.092752
0.0695254
0.060355
0.0746273
0.088138
0.184152
0.0925497
0.0976143
0.155709
0.180454
0.174186
0.0406436
0.0746122
0.402718
0.225416
0.155249
0.0104968
0.0238627
0.0526196
0.071641
0.267621
0.402718
0.130625
0.0880588
0.0847482
0.101141
0.0812457
0.082453
0.360777
0.0559397
0.0230906
0.0613498
0.336842
0.22878
0.00453098
0.00576229
0.0533248
0.0022701
0.00483355
0.0135627
0.409292
0.372886
0.00190015
0
0.00182157
0.130467
0.031448
0.059537
0.222412
0.208122
0.00113274
0.00384153
0.112
0.0206423
0.0195885
0.0236999
0.409292
0.409292
0.0810795
0.0789616
0.0214943
0.0130907
0.001124
0.00364145
0.369233
0.317418
0.00440169
0
0.00889045
0.083726
0.0240526
0.0493003
0.0507537
0.0382568
0.00110042
0
0.0199081
0.201705
0.106213
0.0452452
0.229098
0.362791
0.104538
0.150304
0.0741394
0.503268
0.199463
0.311072
0.0914125
0.0341362
0.00914585
0.0309238
0.144758
0.17017
0.051498
0.0617572
0.033647
0.00059314
0
0
0.0190408
0.293414
0.251423
0.111957
0.0423565
0.00127707
0
0
0.0616705
0.476744
0.140964
0.249003
0.136138
0.000974539
0
0
0.0607836
0.476744
0.353814
0.181182
0.147691
0.00393539
0.00209311
0.000139877
0.100098
0.242101
0.400852
0.085401
0.0684957
0.00489426
7.09484e-005
0.00631432
0.056476
0.392121
0.471517
0.173735
0.0701996
0.00430847
0.000283794
0.0252573
0.0209151
0.225368
0.364171
0.0844082
0.0696417
0.0119545
0.00731343
0.00791342
0.102228
0.222409
0.19589
0.0675327
0.0411898
0.0227114
0.0106311
0.0242401
0.0470831
0.486049
0.480252
0.274136
0.0235143
0.00564235
0.000146879
0.0130721
0.0427137
0.326444
0.460455
0.111901
0.00737415
0.00374451
0
0
0.0745679
0.167918
0.0845922
0.0653336
0.0233308
0.0251563
0.00409592
0.0116435
0.0313921
0.0459728
0.037372
0.0175208
0.021738
0.01387
0.00787938
0.015719
0.034912
0.132804
0.165839
0.0317022
0.00352295
0.0526084
0.00467115
0.00540004
0.0503548
0.256067
0.123597
0.0895569
0.00487544
0.137302
0.126579
0.0837561
0.275222
0.0724652
0.02584
0.0645943
0.0638187
0.0626885
0.0068209
0.0172394
0.0288314
0.682891
0.189489
0.223602
0.0884579
0.14277
0.0041672
0.00418094
0.274012
0.234816
0.044995
0.0309152
0.000542374
0.0152069
0.0351302
0.0562645
0.250247
0.295189
0.0371195
0.0458663
0.0943534
0.182446
0.0977586
0.109499
0.292477
0.42715
0.0606195
0.0333609
0.00559944
0.0151571
0.00102048
0.0041508
0.216771
0.42715
0.200534
0.182867
0.172421
0.145721
0.033872
0.0279113
0.221258
0.05645
0.0063778
0.00881043
0.220481
0.255484
0.0165699
0.00415046
0.0455062
0.140793
0.125504
0.0408268
0.370491
0.502756
0.134103
0.163578
0.0672496
0.0363431
0
0
0.111414
0.165955
0.0444691
0.018521
0.0413611
0.330235
0.268574
0.0507917
0.151776
0.246836
0.101084
0.0723948
0.156579
0.250648
0.304755
0.108161
0.0882546
0.141209
0.0766857
0.161968
0.0765818
0.385853
0.381801
0.288234
0.0362655
0.00754112
0.00461981
0.0294443
0.0866868
0.26899
0.368887
0.0782836
0.036886
0.0405867
0.0219935
0.0364552
0.0777248
0.144897
0.275334
0.0835514
0.00857168
0.00590579
0.00118801
0.00505108
0.0286434
0.576737
0.25536
0.308351
0.0894994
0.00341555
0.000571833
0.0022048
0.0672778
0.459038
0.20958
0.0960503
0.0916471
0.0109215
0.00486183
0.00284355
0.056436
0.115728
0.111168
0.0683405
0.0201776
0.0234287
0.0025413
0.00414866
0.0145904
0.219659
0.187526
0.159417
0.0258759
0.0273013
0.00244203
0.00480937
0.0755808
0.210875
0.201972
0.0592178
0.0533236
0.03427
0.023544
0.0231882
0.0759017
0.092087
0.0831701
0.0620919
0.0628391
0.0669112
0.0332022
0.0589941
0.0488358
0.279025
0.327883
0.207409
0.0166042
0.0520073
0.062914
0.125464
0.334564
0.143495
0.109705
0.0713093
0.0729223
0.121561
0.136762
0.301107
0.48726
0.0420498
0.0261455
0.0511688
0.109388
0.117611
0.0194075
0.0475799
0.0279871
0.0995422
0.0610524
0.0427514
0.0802406
0.084034
0.0505664
0.0727695
0.0827259
0.150218
0.0119415
0.0369135
0.111491
0.135409
0.171439
0.375292
0.533473
0.142912
0.235712
0.222575
0.0412221
0.0456674
0.093923
0.122061
0.145005
0.0260112
0.0119128
0.0389241
0.0578862
0.118171
0.026861
0.00666177
0.00828288
0.3576
0.138576
0.182227
0.119386
0.312038
0.14372
0.00346866
0.063064
0.0170213
0.0264006
0.116034
0.089492
0.158796
0.0403848
0.00313417
0.00725081
0.0504233
0.0529082
0.419172
0.410398
0.419172
0.216484
0.00398344
0.0074963
0.513728
0.139734
0.0945855
0.0443867
0.108381
0.0802622
0.00585365
0.179238
0.513728
0.196708
0.109632
0.0665657
0.0174275
0.00392867
0.00607376
0.246927
0.113639
0.0605131
0.219834
0.261088
0.190049
0.127025
0.0131367
0.0350176
0.167518
0.037388
0.00564048
0.0144471
0.00967688
0.0152997
0.0196548
0.0839759