0.00718592
0.00652958
0.0826649
0.325347
0.16296
0.0459486
0.027312
0.0220091
0.0128706
0.00180201
0.0603596
0.355668
0.301464
0.156889
0.0929118
0.0481327
0.0474352
0.0273608
0.199353
0.305905
0.202534
0.0558386
0.0417658
0.0614521
0.116703
0.0454139
0.147595
0.232684
0.224453
0.355668
0.290462
0.162744
0.0220537
0.0101158
0.0465905
0.170319
0.147538
0.151398
0.181995
0.0556098
0.0914922
0.036295
0.0527972
0.0283449
0.0226721
0.0748799
0.148706
0.0557688
0.0526774
0.0233331
0.0194532
0.038915
0.0978164
0.451904
0.451904
0.142933
0.0569416
0.034102
0.0321778
0.0273518
0.0279729
0.350869
0.451904
0.141716
0.18372
0.0558715
0.0293401
0.0325647
0.0358259
0.108642
0.144219
0.149824
0.154338
0.0744524
0.0533116
0.011663
0.0786156
0.139054
0.19348
0.204974
0.0892142
0.0521088
0.0264276
0.0453965
0.0872527
0.353636
0.522634
0.237996
0.0833086
0.0437315
0.0112832
0.0477593
0.200716
0.330779
0.176692
0.215127
0.203852
0.241122
0.15241
0.00453902
0.0583758
0.0732998
0.158573
0.137517
0.152928
0.351633
0.383252
0.103297
0.0996554
0.0625767
0.137095
0.150077
0.108746
0.0665873
0.0427116
0.0497661
0.154743
0.240281
0.140268
0.11431
0.0686361
0.133076
0.185253
0.188439
0.231401
0.136942
0.219701
0.224441
0.0343879
0.134641
0.369547
0.276238
0.189475
0.0947434
0.0679707
0.103124
0.0540573
0.0209422
0.112968
0.163044
0.097573
0.0873108
0.177506
0.248791
0.0233034
0.0486768
0.187736
0.353514
0.419912
0.0951377
0.0934469
0.118737
0.0270242
0.0188672
0.0518991
0.192775
0.245997
0.0936827
0.0604935
0.0404313
0.0462768
0.0704908
0.0165827
0.0320246
0.0123461
0.0518145
0.197532
0.131203
0.028184
0.14389
0.0847054
0.389507
0.266331
0.159442
0.182025
0.0326859
0.0270856
0.0571723
0.025599
0.0902221
0.0951704
0.0426747
0.0305628
0.0255889
0.018748
0.0998394
0.0736282
0.559515
0.460527
0.00749496
0.0120013
0.00751859
0.00263082
0.0320695
0.0438402
0.293106
0.258678
0.0600804
0.0174261
0.00138185
0.0434798
0.0746469
0.2012
0.281723
0.253452
0.0167031
0.00793847
0.03535
0.00185271
0.0213797
0.0318208
0.411457
0.297293
0
0.00054287
0.000444296
0.0620471
0.0362973
0.0841246
0.322379
0.461309
0.0938427
0.0626831
0.0263456
0.0374443
0.0185605
0.0856011
0.223795
0.315522
0.0461947
0.0175239
0.0271652
0.0726939
0.056679
0.0783262
0.240813
0.304309
0.154259
0.158555
0.104899
0.120332
0.0198699
0.0782765
0.208358
0.399743
0.0494381
0.0190809
0.126496
0.0234215
0.0386675
0.0691638
0.399743
0.399743
0.0170212
0.0200745
0.0569123
0.0350888
0.0392319
0.0187743
0.048052
0.0640466
0.214256
0.331269
0.141897
0.0322622
0.014153
0.00565251
0.00458326
0.021434
0.324798
0.41025
0.155442
0.0358817
0.0472015
0.0730576
0.253993
0.224918
0.0591959
0.185725
0.159649
0.0531322
0.0192638
0.0241236
0.0338635
0.0491568
0.233153
0.41025
0.23859
0.0111504
0.00442494
0.00110078
0.00243767
0.0346458
0.222947
0.376366
0.136142
0.0171991
0.00788987
0.00123824
0.0171811
0.0492064
0.15723
0.18639
0.18039
0.0132177
0.00187604
0
0
0.0445183
0.282226
0.376366
0.200095
0.0509468
0
0
0.00383252
0.0666182
0.375562
0.376366
0.321169
0.0346719
0.00972017
0.00163731
0.0317108
0.0592421
0.119776
0.12382
0.139051
0.0467224
0.0292419
0.0622391
0.0808404
0.125561
0.057849
0.0894804
0.0856598
0.0775732
0.00238548
0
0.0102383
0.0946733
0.334038
0.456234
0.436423
0.0992886
0.0514261
0.0829308
0.0687202
0.122452
0.231467
0.378784
0.301209
0.0369326
0.0291969
0.1626
0.252267
0.402883
0.062988
0.0815161
0.0612528
0.0135442
0.0071188
0.0564127
0.161547
0.210014
0.068592
0.0339621
0.0133965
0.121085
0.115884
0.183401
0.147959
0.409861
0.230272
0.229238
0.169091
0.0513563
0.0320808
0.0633864
0.0978921
0.248816
0.171224
0.261648
0.13295
0.00216289
0.00562414
0.0206474
0.10601
0.099237
0.0289847
0.00989342
0.00253299
0
0.00168246
0.00924445
0.48654
0.450245
0.00913749
0.00156764
0
0.00754487
0.00527582
0.0363682
0.135041
0.0824118
0.0771098
0.128559
0.0369909
0.011948
0.00511338
0.0251535
0.418938
0.44516
0.214861
0.111505
0.0394095
0.00719573
0.0016605
0.00426123
0.274099
0.260778
0.00378427
0
0.000812298
0.06626
0.0292478
0.0460847
0.179776
0.343917
0.101334
0.0349469
0.00611687
0.097358
0.119994
0.102832
0.174402
0.263333
0.164414
0.0483628
0.0181709
0.397432
0.310633
0.231102
0.2158
0.164041
0.0787385
0.0270039
0.302878
0.17813
0.0121513
0.0470896
0.140415
0.238069
0.0534977
0.0142374
0.131166
0.0216667
0.00699168
0.0281811
0.412508
0.412508
0.0197589
0.000341683
0.0153339
0.138174
0.0202186
0.00298775
0.212416
0.252253
0.0599688
0.0525983
0.102227
0.0131329
0.000234536
0.00141518
0.412508
0.412508
0.0155458
0.0156055
0.00952853
0.0144667
0.0113226
0.0364808
0.418576
0.405158
0.00938258
0.0605399
0.0564054
0.025144
0.00558102
0.0144727
0.0744396
0.0778124
0.0673033
0.422778
0.170861
0.000897994
0
0
0.422778
0.422778
0
0
0.000897994
0.00414938
0
0
0.113409
0.110703
0.00521763
0.034294
0.0381036
0.013846
0.000354848
0
0
0.0196434
0.16011
0.437752
0.22923
0.0509616
0
0
0
0.0653661
0.330386
0.437752
0.329813
0.0145488
0
0
0
0.00112664
0.0172492
0.122505
0.0987594
0.0174296
0
0
0
0.0115752
0.103818
0.437752
0.20439
0.0223573
0
0
0
0.0504546
0.174161
0.367478
0.200203
0.0390755
0.0164141
0.01883
0.0114087
0.081559
0.166106
0.367478
0.235317
0.0046732
0
0
0
0.0221195
0.12304
0.367478
0.217184
0.0175458
0.00265738
0.000808768
0.00017529
0.0973238
0.224554
0.367478
0.367478
0.0778705
0.0377926
0.0317814
0.013911
0.126156
0.090483
0.239337
0.156053
0.117613
0.0582578
0.0178138
0.00516391
0.0832741
0.0640702
0.135474
0.114548
0.0516994
0.00820233
0.00947044
0.00443495
0.17814
0.259833
0.417397
0.353228
0.253275
0.162585
0.0669068
0.00871145
0.182722
0.202611
0.364198
0.284391
0.0897166
0.0493488
0.0115622
0.0228756
0.0324168
0.070816
0.142292
0.0972999
0.0784174
0.0994855
0.0518731
0.0765941
0.098348
0.161482
0.193185
0.144054
0.355716
0.198749
0.0771134
0.0155071
0.102404
0.126666
0.150113
0.216925
0.452639
0.196621
0.0709017
0.0468551
0.0983177
0.152304
0.181796
0.452639
0.0706678
0.132038
0.145602
0.0350104
0.0497567
0.117856
0.10462
0.070315
0.172457
0.18054
0.189729
0.0404591
0.014146
0.0734069
0.197471
0.299594
0.273166
0.106269
0.0867521
0.0193731
0.0500228
0.0896207
0.19485
0.395386
0.0990725
0.0467446
0.0817505
0.00540261
0.0689822
0.121062
0.395386
0.395386
0.0975333
0.0497131
0.0284237
0.168474
0.188069
0.0669207
0.136868
0.0851934
0.00210577
0.00363136
0.00557294
0.382686
0.382686
0.0271589
0.0489409
0.00870416
0.0760244
0.128826
0.251306
0.310312
0.238969
0.0810774
0.105706
0.0401476
0.00476649
0.0355899
0.0626683
0.382686
0.382686
0.0345149
0.0364497
0.00215859
0
0
0
0.469832
0.469832
0
0
0
0.00027047
0
0
0.0966057
0.112982
0
0
0.000379277
0
0
0.00254779
0.469832
0.469832
0
0
0
0
0
0
0.108265
0.191767
0
0
0
0.0235728
0
0
0.000988906
0.00365582
0.00539835
0.0288155
0.0327884
0.0388055
0
0
0
0.0106677
0.138967
0.760627
0.420146
0
0
0
0.0112261
0.0112261
0
0
0
0.00242879
0
0
0
0
0
0
0.00411044
0.0147882
0
0
0
0.0058577
0.0707819
0.307057
0.229279
0.0526778
0
0
0.00165884
0.0446832
0.318138
0.631808
0.499653
0.00367161
0
0
0
0
0.00112984
0.0066921
0.0056762
0.0315407
0
0
0.00248826
0.00248826
0.0405989
0.149088
0.0768571
0.0159211
0
0.0106599
0.0067626
0.0515251
0.196308
0.413457
0.257531
0.0907256
0.0567042
0.0432926
0.0111102
0.124233
0.2265
0.413457
0.321775
0.0211161
0.00348968
0.00292632
0.00314267
0.00623208
0.0505632
0.171909
0.126208
0.0957517
0.0254786
0.0183372
0.00291995
0.0283878
0.147426
0.413457
0.270812
0.112055
0.0559119
0.0306094
0.0136125
0.100205
0.150195
0.19786
0.15606
0.237379
0.0322975
0.0103576
0.0349119
0.108192
0.186299
0.208512
0.351636
0.0631128
0.0360192
0.0652627
0.0135056
0.0714743
0.232119
0.351636
0.145575
0.0766053
0.0569375
0.0716818
0.0438297
0.137202
0.351636
0.351636
0.290072
0.198861
0.0141673
0.00299802
0.0138751
0.0790136
0.136832
0.229012
0.351153
0.131465
0.0180019
0.0154201
0.019486
0.165842
0.192266
0.215769
0.300695
0.105373
0.0515762
0.0113662
0.0625157
0.0961525
0.229343
0.351153
0.24051
0.138777
0.0514296
0.0262546
0.150366
0.250942
0.27238
0.230064
0.093611
0.0212292
0.114188
0.276256
0.313027
0.158558
0.0180775
0.00886041
0.0136687
0.00335427
0.0233645
0.119748
0.376154
0.376154
0.00899867
0.0022151
0
0.0301569
0.131166
0.169299
0.195882
0.194106
0.115943
0.0651381
0.0267695
0.0027659
0.00255822
0.0910941
0.376154
0.376154
0.119593
0.066461
0.0022002
0
0
0.0158607
0.46227
0.46227
0.00150219
0
0
0
0
0
0.119637
0.148196
0
0
0
0.000440798
0
0.0169516
0.46227
0.46227
0.0214382
0.0126494
0.000440798
0.00873949
0.00840558
4.84233e-005
0.165793
0.18555
0.00111509
0
0.00573135
0
0
0
0.00463435
0.00463435
0
0
0
0.0051349
0
0
0
0
0
0
0.0051349
0.146621
0.136139
0.000497181
0.00702816
0.00727337
0.00046669
0
0.0450938
0.75943
0.526256
0.0547753
0.000471067
0.000471067
0
0
0.126669
0.00914884
0.00324063
0
0.000205699
0.000205699
0
0
0.00828163
0.0811477
0.0818643
0
0.0010667
0.0010667
0
0.000420312
0.018941
0.425806
0.339602
0.0485496
0.000308549
0.000308549
0
0.00140347
0.101246
0.534013
0.534013
0.161803
0.00403066
0.00123419
0
0.0056139
0.166376
0.106512
0.117743
0.00440894
0.000372649
0.000372649
0
0.00671137
0.0275259
0.283951
0.289942
0.0422466
0.00103265
0.00174336
0.0193919
0.112798
0.06753
0.358761
0.443795
0.113862
0.00136845
0.000226464
0
0.0010301
0.03725
0.443795
0.443795
0.0960262
0.00161986
0.00268593
0
0
0.0527318
0.22702
0.237187
0.135019
0.0169645
0.0272886
0.0866576
0.134644
0.0367149
0.235386
0.316564
0.154233
0.0480087
0.0765175
0.138041
0.122948
0.0743858
0.376326
0.376326
0.0754708
0.00725066
0.00901491
0
0
0.0368249
0.376326
0.376326
0.0800557
0.0118235
0.0111258
0
0.000712581
0.032588
0.334292
0.371966
0.0513894
0.111987
0.0760197
0.110589
0.213359
0.141041
0.253615
0.230677
0.0663159
0.229017
0.141614
0.120397
0.162586
0.0858637
0.40518
0.367957
0.0391877
0.023652
0.00315811
0
0.000764844
0.0428717
0.177377
0.155503
0.0304637
0.0460369
0.00129493
0
0.000766347
0.0548785
0.0515576
0.035275
0.0267189
0.120649
0.153717
0.108707
0.069763
0.12024
0.0152714
0
0.00989536
0.377469
0.377469
0.107999
0.058691
0.0197661
0.248224
0.0293834
0.0223039
0.123949
0.157618
0.105913
0.0846502
0.377469
0.0670816
0.02277
0.0168185
0.377469
0.377469
0.141065
0.0732121
0.0910869
0.0141766
0.0150374
0.00408734
0.306226
0.401776
0.0350202
0.0160784
0.00510788
0.159228
0.111101
0.0265196
0.0760453
0.13982
0.0138008
0.00912342
0.031048
0.147398
0.110121
0.0281053
0.203874
0.388546
0.124624
0.0944517
0.0868725
0.401776
0.401776
0.15605
0.0296881
0.0949155
0.0556291
0.06593
0.119987
0.190273
0.15977
0.0470794
0.00543353
0.00121626
0.00262303
0.0075771
0.0259453
0.364031
0.277735
0.0949402
0.0184226
0.0248034
0.00153738
0.0050514
0.041154
0.364031
0.364031
0.193446
0.0112373
0.00757824
0.0121161
0.0391157
0.0719542
0.364031
0.364031
0.250561
0.0360521
0.0741411
0.0103981
0.0539238
0.17533
0.345906
0.289232
0.0866029
0.0119249
0.0161718
0.000226766
0.00158982
0.0406414
0.345906
0.345906
0.122447
0.00360266
0.000321132
0.00122266
0.00748232
0.0753233
0.345906
0.240885
0.140448
0.0195955
0.0406444
0.00346978
0.0468586
0.220699
0.29948
0.249812
0.0760641
0.00594273
0.0108531
0.0165736
0.0597544
0.283849
0.374255
0.415471
0.130896
0.0021319
0.00362954
0.00326405
0.00592266
0.037765
0.380227
0.415471
0.0575461
0.00109291
0.00545948
0.00319504
0.00179338
0.0375389
0.251345
0.167622
0.0615702
0.0106613
0.0180175
0.027085
0.0689059
0.214815
0.249551
0.0876237
0.0198866
0.00579623
0.00922698
0.0173486
0.0526301
0.291474
0.326579
0.450253
0.0224287
0.00191925
0.0035101
0.000535504
0.000324412
0.0549184
0.246094
0.188052
0.0127584
0.000791571
0.00136726
0
0
0.0387493
0.298701
0.0310308
0.00124306
0.000754222
0.00184519
0.00311365
0.0249557
0.348704
0.501945
0.0741694
0.0116074
0
0
0
0.00179688
0.263613
0.106611
0.0436089
0.00390321
0
0
0
0
0.0174588
0.0766436
0.00747415
0.000403471
0
0
0
0
0.0392894
0.593773
0.145947
0.0071318
0
0
0
0
0.110737
0.593773
0.104317
0
0
0
0
0.02842
0.412318
0.210193
0.036156
0.0404022
0.0431204
0.0750358
0.0800171
0.120445
0.343689
0.156424
0.0624856
0.0448565
0.111484
0.214597
0.138148
0.13848
0.115728
0.239402
0.00903901
0.0290521
0.0135102
0.0197267
0.0911391
0.343689
0.343689
0.343689
0.0940367
0.0448442
0.0245159
0.0472333
0.117524
0.343689
0.254284
0.221601
0.176756
0.0397554
0.0396283
0.0953151
0.066699
0.0745269
0.0949468
0.358238
0.343372
0.0879633
0.00279304
0.015997
0.0259671
0.060282
0.109901
0.358238
0.214086
0.0313025
0.0177136
0.0198948
0.0369896
0.158777
0.246691
0.358238
0.172275
0.03116
0.0194435
0.0108288
0.0309996
0.173787
0.358238
0.298918
0.220611
0.120295
0.0154187
0.02639
0.0162994
0.0540058
0.094903
0.280568
0.149286
0.139121
0.0319133
0.0805864
0.00759334
0.0818606
0.307573
0.390706
0.0585135
0.0299818
0.0192302
0.0213064
0.0188305
0.0792326
0.290373
0.390706
0.0491891
0.0367402
0.023793
0.0430313
0.00324715
0.078851
0.390706
0.180412
0.0452944
0.0382675
0.00718533
0.0234578
0.00225622
0.0575912
0.386098
0.153906
0.0262227
0.0292361
0.0094497
0.0290652
0.0424077
0.0772135
0.386098
0.363641
0.0195312
0.00756365
0.00337629
0.00912413
0.000425094
0.0845231
0.386098
0.285796
0.0120211
0.0157532
0.0061181
0.0192067
0.0333054
0.26089
0.386098
0.127017
0.0351652
0.0662274
0.0225855
0.0232683
0.0556832
0.0838719
0.263981
0.221916
0.0364799
0.0363422
0.0110145
0.00119936
0.02253
0.100607
0.423942
0.189083
0.0298063
0.0441516
0.0150438
0.014646
0.0566704
0.237649
0.423942
0.341872
0.0572857
0.0242165
0.00728763
0
0.0267196
0.182661
0.423942
0.209575
0.00515205
5.08706e-005
0.00533591
0.00539245
0.000496444
0.0602823
0.380863
0.336826
0.0421818
0.014417
0.0212031
0.0212031
0.0317831
0.0462752
0.304714
0.303113
0.0205701
0
0.00795115
0.00795115
0
0.110512
0.380863
0.380863
0.0224233
0.00958873
0.0318046
0.0318046
0.0782365
0.0932216
0.380863
0.355556
0.073405
0.00882447
0.00584519
0.00584519
0.0454668
0.0369784
0.156268
0.361188
0.0563497
0.00945598
0.00308596
0.00802351
0.0129322
0.0576079
0.333447
0.358473
0.026818
0.00588298
0.00876779
0.00876779
0.117708
0.0885239
0.361188
0.361188
0.0492064
0.0182164
0.00462895
0.0120353
0.0435051
0.092981
0.361188