0.229172
0.0543765
0.0181016
0.0526445
0.0165774
0.136115
0.196409
0.263552
0.262357
0.0763904
0.0210722
0.100285
0.168291
0.174385
0.198609
0.270398
0.325692
0.0556547
0.071715
0.11465
0.0650792
0.0956895
0.112877
0.194603
0.253325
0.15904
0.253919
0.247879
0.19041
0.0806905
0.149496
0.177705
0.0480775
0.0357509
0.0215552
0.169945
0.238372
0.104585
0.0734437
0.0796637
0.0255762
0.0693726
0.166353
0.340057
0.327235
0.104845
0.020954
0.0366522
0.0480725
0.098099
0.165995
0.354914
0.190636
0.0198976
0.100903
0.0614691
0.0426092
0.17266
0.28092
0.33639
0.235935
0.0929574
0.2521
0.0834174
0.0282402
0.063065
0.184585
0.271627
0.296295
0.187871
0.0409715
0.0249109
0.0264268
0.0627885
0.152685
0.22276
0.326328
0.223519
0.03475
0.0333433
0.187897
0.172654
0.253531
0.165309
0.141864
0.0766615
0.166631
0.18947
0.221349
0.116876
0.1746
0.182781
0.197013
0.0802022
0.0838117
0.225351
0.0089178
0.0484107
0.141358
0.351391
0.21042
0.0713611
0.0118968
0.0146753
0.0603814
0.0451008
0.09682
0.385966
0.147185
0.0444985
0.0711821
0.0573155
0.0596589
0.0434655
0.0913564
0.134049
0.170598
0.203788
0.201109
0.0912451
0.10546
0.0469617
0.0284364
0.124245
0.145569
0.198737
0.416948
0.382555
0.0439853
0.0350833
0.0613138
0.189826
0.142767
0.0689944
0.0789599
0.0780669
0.0050146
0.131317
0.164396
0.232435
0.319676
0.237093
0.161804
0.0307649
0.143864
0.0315868
0.0560363
0.199256
0.219514
0.0615894
0.166567
0.329195
0.0621116
0.18217
0.228746
0.324518
0.362707
0.0691147
0.0246535
0.0718095
0
0.0741599
0.117456
0.203658
0.376573
0.167622
0.162751
0.0160913
0.00985839
0.0380938
0.128879
0.151704
0.238393
0.0934431
0.118084
0.125157
0.00697296
0.138874
0.169688
0.233295
0.31438
0.0616218
0.00601118
0.0059922
0.00307176
0.0485547
0.227277
0.380534
0.381305
0.0314959
0.0338508
0.0460497
0.0313338
0.0726212
0.127516
0.111427
0.0901275
0.0259321
0.0982559
0.116541
0.0375795
0.0443306
0.05693
0.147536
0.234557
0.259799
0.155147
0.0761481
0.00679642
0.0600502
0.236209
0.355213
0.201346
0.0111243
0.0240069
0.0243919
0.00467867
0.0189089
0.141941
0.525116
0.404292
0.111835
0.0274864
0.00118774
0.181353
0.0630585
0.0957298
0.0720782
0.082285
0.0849001
0.0507788
0.0848634
0.107233
0.180975
0.368518
0.33063
0.113624
0.0613656
0.0466073
0.047201
0.111077
0.0902494
0.0792715
0.181648
0.146219
0.12609
0.0809839
0.116455
0.0637838
0.142756
0.222173
0.471852
0.366428
0.0729702
0.0346331
0.0460105
0.032361
0.108988
0.23675
0.400665
0.0878551
0.0150235
0.0356378
0.0222252
0.0621109
0.174044
0.183759
0.235461
0.104008
0.130419
0.194912
0.0801093
0.0346395
0.0797334
0.127079
0.369532
0.349237
0.0414042
0.011884
0.013949
0.16267
0.301117
0.174027
0.22265
0.177864
0.0633502
0.0387146
0.0189957
0.264076
0.16474
0.11761
0.0853579
0.0511083
0.106026
0.164205
0.252892
0.285681
0.100226
0.0812603
0.0910709
0.122055
0.120648
0.184934
0.362482
0.175521
0.273543
0.195029
0.143736
0.0818222
0.0754553
0.0469884
0.0576248
0.118507
0.0751714
0.0560665
0.164626
0.338088
0.18526
0.154914
0.122402
0.0558499
0.0176249
0.0247697
0.0443879
0.0998586
0.1633
0.237548
0.127777
0.102432
0.0252286
0.00913071
0.0405131
0.0405626
0.1417
0.432344
0.342537
0.101612
0.0292602
0.00773411
0.0750956
0.1905
0.116961
0.192422
0.102887
0.12452
0.046687
0.0160653
0.0574975
0.0464972
0.302715
0.495702
0.146886
0.163761
0.0195243
0.0468558
0.0716316
0.109464
0.0945891
0.232052
0.321211
0.0628151
0.069263
0.133791
0.205472
0.279251
0.0982009
0.0707749
0.0851898
0.0662888
0.0296302
0.0321619
0.0252626
0.122401
0.377186
0.371506
0.0999516
0.0249732
0.00918032
0.0699751
0.265288
0.363546
0.182287
0.105267
0.0490016
0.00433629
0.0482283
0.0576647
0.2121
0.166277
0.0365896
0.0053646
0.00105211
0.00325944
0.0173499
0.0540147
0.358632
0.366445
0.00870387
0.000310201
0.00130384
0.00663299
0.0133378
0.0359246
0.365817
0.242544
0.0255462
0.0120489
0.00581357
0.0185363
0.0318249
0.058528
0.452387
0.451453
0.00626686
0.0112438
0.00924104
0.0273349
0.0135539
0.0556577
0.223656
0.239457
0.01263
0.00664308
0.00936006
0.0870616
0.0632706
0.118728
0.261391
0.301101
0.0483196
0.00996462
0.0169423
0.117968
0.180033
0.0934414
0.178702
0.2956
0.0157929
0.0113564
0.0317173
0.43785
0.469023
0.180219
0.0745637
0.158899
0.0263725
0.0149469
0.0540303
0.0675403
0.016984
0.0219962
0.0918169
0.0897627
0.103675
0.154012
0.142144
0.0461688
0.024065
0.0559541
0.240417
0.30448
0.111328
0.0675002
0.034487
0.397421
0.103831
0.0292442
0.115761
0.141076
0.111573
0.125144
0.236758
0.432198
0.187577
0.0847936
0.231305
0.172651
0.102477
0.0653431
0.292803
0.0276912
0.0273114
0.0444333
0.31141
0.396233
0.0488011
0.00962509
0.00436676
0.108054
0.184221
0.0804665
0.252821
0.214992
0.0150663
0.0101298
0.00275675
0.202106
0.148869
0.118673
0.376764
0.242045
0.0242155
0.00744629
0.0961534
0.0371907
0.0861738
0.0898312
0.398623
0.259014
0.00220937
0
0.00117098
0.194425
0.365675
0.157137
0.161456
0.170148
0.120091
0.0845738
0.0170891
0.126806
0.0834254
0.0412206
0.128623
0.397414
0.365898
0.247642
0.102369
0.0336568
0.0632616
0.0397143
0.236709
0.193312
0.0504113
0.0390573
0.0190765
0.107506
0.0235775
0.00673557
0.00758969
0.0595667
0.191684
0.199056
0.156639
0.174121
0.07857
0.0197688
0.0564735
0.131692
0.117515
0.149196
0.112142
0.14553
0.0637493
0.0161397
0.0650487
0.113427
0.516381
0.469839
0.148322
0.1103
0.037821
0.0125762
0.0174461
0.0559111
0.103498
0.0675834
0.0991073
0.0816614
0.0484673
0.0213869
0.0759248
0.238654
0.360472
0.145499
0.103042
0.0755551
0.0180431
0.0329149
0.0309189
0.134391
0.401938
0.279494
0.182186
0.0914448
0.00972913
0.0802656
0.196793
0.28855
0.139151
0.13015
0.189382
0.122098
0.0635592
0.0426314
0.0422382
0.152305
0.214168
0.128881
0.20436
0.138418
0.0591368
0.0688175
0.0707321
0.164276
0.238314
0.315366
0.263126
0.0329847
0.00717382
0.0514658
0.278985
0.235811
0.0341887
0.0447779
0.0354762
0.0679803
0.0453591
0.193243
0.453171
0.253653
0.0116591
0.0191473
0.0166851
0.102482
0.0206144
0.0519846
0.0963232
0.120346
0.15141
0.236698
0.132514
0.3795
0.202815
0.282987
0.263553
0.0731174
0.0344917
0.0771715
0.10107
0.045049
0.14185
0.247081
0.133984
0.0606539
0.00199731
0.00276598
0.0102852
0.17661
0.421575
0.263968
0.0382266
0.00867294
0.00419068
0.00252963
0.0133219
0.0904871
0.122193
0.421575
0.176242
0.00247887
0.000258513
0.00333143
0.00971166
0.047127
0.318067
0.421575
0.244648
0.00298488
0.00323537
0.00153813
0
0.354494
0.0690024
0.0079774
0.0305027
0.0241393
0.0180833
0.00583853
0.206786
0.348884
0.0969917
0.0186539
0.0364298
0.013973
0.00688395
0.00384277
0.271772
0.406465
0.0920357
0.024282
0.00435686
0
0
0.000723049
0.256948
0.406465
0.0368883
0.000705448
0.00429593
0.0164866
0.0288368
0.0670452
0.406465
0.391511
0.187537
0.0875242
0.124095
0.045334
0.00140447
0.00171131
0.237634
0.105553
0.108526
0.0837282
0.191669
0.0948313
0.000556263
0.00166262
0.0330162
0.341627
0.0364424
0.00608133
0.0193355
0.119147
0.130571
0.206169
0.564426
0.0884058
0.0378673
0.0152766
0.0239727
0.189463
0.118616
0.104397
0.125947
0.0425653
0.109185
0.102904
0.471313
0.304536
0.0126357
0.0113642
0.0306818
0.103192
0.00367456
0
0.0170538
0.0170538
0.041598
0.0969316
0.154122
0.0398037
0.0632265
0.0443283
0.0990477
0.488194
0.190397
0.0514716
0.0638065
0
0
0
0.0123134
0.0123134
0
0
0
0.109248
0.00781245
0
0.00383194
0.0735854
0.0970141
0.0679127
0.125109
0.194326
0.0613538
0.0345594
0.0582923
0.364018
0.420103
0.397185
0.338666
0.008657
0.00720955
0.000125983
0.00441203
0.00387253
0.00133458
0.0054681
0.00566127
0.239763
0.0336096
0.000503933
0.0157518
0.0135938
0.00533831
0.105922
0.200718
0.140384
0.0695143
0.0427884
0.0328012
0.125837
0.146731
0.102984
0.173228
0.106987
0.0946331
0.0361227
0.134203
0.238467
0.380239
0.305593
0.16598
0.110701
0.0124165
5.66012e-005
0.0251035
0.0299914
0.045793
0.0304477
0.103347
0.0571656
0.0255589
0.121982
0.438258
0.396493
0.176436
0.0528694
0.089173
0.0854061
0.0373405
0.0266022
0.07788
0.0941094
0.132618
0.222902
0.134481
0.345863
0.191688
0.238084
0.224405
0.107939
0.0328211
0.10283
0.110489
0.0506555
0.0259512
0.132071
0.281494
0.188585
0.0491669
0.104096
0.111663
0.127874
0.0605505
0.166545
0.351572
0.373413
0.173222
0.127738
0.108062
0.0706867
0.0733939
0.295108
0.250054
0.039067
0.00298392
0.00403214
0.00510414
0.00738619
0.0977144
0.415007
0.415007
0.028864
0.00213115
0.00368854
0
0.0186801
0.0268616
0.111172
0.215276
0.211472
0.158576
0.0297364
0.0248616
0
0.0737013
0.30568
0.415007
0.168231
0.101317
0.0287088
0.0283335
0.45884
0.220341
0.155509
0.0564271
0.00201374
0.000280395
0.00686834
0.127481
0.364859
0.0825667
0.00920912
0.0564882
0.137438
0.10129
0.125698
0.426767
0.0906247
0.167544
0.212542
0.147002
0.0230171
0.0112884
0.0224955
0.0447018
0.0849403
0.159299
0.203251
0.144235
0.23884
0.112281
0.0537661
0.0900942
0.0643544
0.00213012
0
0.0746633
0.329249
0.150714
0.132233
0.231817
0.00661483
0
0.000117153
0.0344977
0.384302
0.0984116
0.0487914
0.0331068
0.00899359
0.0475855
0.112954
0.225118
0.484394
0.112504
0.0235217
0.0211396
0.00149166
0.00186105
0.00445188
0.134544
0.484394
0.095974
0.0439639
0.00349367
0.00207018
0.00317345
0.000457575
0.0377898
0.319502
0.055605
0.00757961
0.00571792
0.0489914
0.015616
0.000746694
0.00760078
0.00760078
0
0
0.0324254
0.0313904
0.114433
0.0580737
0.131824
0.56866
0.155104
0.120029
0.0159649
0.363011
0.419948
0.15966
0.118627
0.0859001
0.0490488
0.0784776
0.153794
0.0606339
0.0278183
0.0505853
0.0073653
0.000199547
0
0
0.0520795
0.184686
0.116703
0.153073
0.0385624
0.0434324
0.0355495
0.00579652
0.0758191
0.33543
0.224351
0.159168
0.0713769
0.0661801
0.0855059
0.175177
0.297234
0.257425
0.368631
0.33814
0.221817
0.148261
0.159127
0.15982
0.200032
0.0655181
0.0232606
0.0261182
0.0324692
0.034508
0.0485951
0.0125614
0.0436073
0.0347816
0.0223538
0.17593
0.390004
0.13224
0.0454907
0.0128404
0.0410229
0.0746948
0.093755
0.058981
0.10555
0.121258
0.139729
0.0527699
0.0405933
0.0324159
0.0281723
0.160987
0.639302
0.446867
0.113362
0.0397712
0.0223853
0.0767743
0.0376735
0.198165
0.23764
0.0667226
0.0211288
0.0917468
0.0932561
0.100643
0.0270828
0.060078
0.10245
0.169969
0.206772
0.247786
0.122949
0.0595962
0.0402889
0.191952
0.488593
0.252574
0.0500214
0.103432
0.0367543
0.0677603
0.0364085
0.073882
0.0817195
0.135317
0.257823
0.411377
0.140962
0.0222646
0.00739986
0.0209315
0.0504445
0.237762
0.296861
0.0911868
0.0512564
0.0121299
0.0198791
0.133462
0.150455
0.313084
0.309332
0.051023
0.0597016
0.0458648
0.00863509
0.00279587
0.0227738
0.140136
0.219999
0.297635
0.159156
0.0492081
0.00163733
0.00122412
0.0202222
0.219611
0.447493
0.318603
0.134192
0.0817045
0.147022
0.152618
0.114994
0.057044
0.0232327
0.0164019
0.0295391
0.0815694
0.320212
0.441183
0.156587
0.146373
0.0587333
0.012234
0.0290334
0.0489
0.104477
0.155051
0.139327
0.178851
0.0507584
0.0210163
0.061043
0.0311521
0.165654
0.33196
0.319564
0.419613
0.102349
0.00244232
0.00185742
0.0157663
0.118903
0.226092
0.25587
0.318042
0.0680182
0.0169686
0.0176804
0.0319058
0.0173558
0.0127124
0.153456
0.425142
0.168602
0.22304
0.0745224
0.0184468
0.0689862
0.163443
0.249915
0.227972
0.117283
0.0273106
0.0433369
0.0875346
0.157955
0.0970266
0.158782
0.264241
0.177227
0.228765
0.195168
0.0270122
0.0734191
0.0396584
0.0456113
0.173154
0.114492
0.162242
0.0397207
0.0811819
0.202454
0.11316
0.104575
0.160315
0.0672451
0.0479652
0.0410166
0.139046
0.208925
0.119646
0.118752
0.269475
0.123234
0.191754
0.0748106
0.201002
0.51851
0.379158
0.185885
0.20799
0.0779676
0.0553035
0.0315456
0.101878
0.126695
0.0563451
0.0524247
0.0931879
0.0808251
0.0840376
0.163484
0.137636
0.213308
0.0353385
0.0608091
0.0508915
0.0809947
0.0767022
0.185556
0.227587
0.346045
0.277577
0.105974
0.0896105
0.0560698
0.0719067
0.280556
0.228312
0.162062
0.0322142
0.107282
0.249883
0.129558
0.187259
0.431636
0.0534491
0.091491
0.0187922
0.067987
0.109932
0.0788389
0.0372189
0.0322676
0.00728857
0.00810433
0.110523
0.500843
0.292643
0.0616441
0.0263903
0.00499978
0.0375892
0.052945
0.0270074
0.2121
0.271321
0.0858976
0.0539905
0.0667338
0.00135357
0.00920295
0.229103
0.500843
0.33547
0.0765399
0.012775
0.000411955
0.00957722
0.0196305
0.148533
0.442957
0.220219
0.0589052
0.0411779
0.00533996
0.0846872
0.111809
0.0900821
0.102784
0.0991172
0.0831875
0.131191
0.0760893
0.00424958
0.0270031
0.228454
0.497683
0.335593
0.153545
0.0285341
0.0125292
0.110645
0.13645
0.133448
0.169777
0.226656
0.147203
0.0422334
0.100984
0.08024
0.0656147
0.0205255
0.034222
0.0468795
0.0885118
0.247033
0.158583
0.02651
0.00489046
0.00981297
0.00537612
0.106305
0.483882
0.418603
0.101863
0.0942458
0.112077
0.0808741
0.0551631
0.0638904
0.131285
0.0702861
0.101304
0.0401197
0.0666679
0.0767066
0.0192148
0.169963
0.496735
0.225493
0.041012
0.0849922
0.0553533
0.0671864
0.117212
0.115607
0.0547182
0.0907356
0.240912
0.0295815
0.0540449
0.123783
0.36108
0.372633
0.0644378
0.0244034
0.0150976
0.235178
0.137959
0.0505551
0.0353037
0.0331665
0.250801
0.254236
0.303897
0.231294
0.245918
0.183596
0.214969
0.157307
0.136576
0.0665481
0.0242346
0.0374414
0.0251804
0.0861292
0.300972
0.276991
0.097486
0.0336481
0.0494379
0.310502
0.255295
0.123319
0.133324
0.157541
0.0971142
0.082904
0.166828
0.110534
0.0995326
0.165689
0.279205
0.17424
0.0835453
0.0540514
0.04505
0.355811
0.159381
0.0838715
0.14165
0.0824258
0.166887
0.273876
0.154546
0.260432
0.234484
0.0993116
0.0599002
0.0837777
0.0360772
0.0447604
0.0379328
0.358014
0.463016
0.253035
0.0887478
0.0419487
0.0207198
0.0294408
0.0457682
0.280784
0.131212
0.0302572
0.0447019
0.0650986
0.0820741
0.0996046
0.0951867
0.372362
0.188493
0.0789691
0.10393
0.0683777
0.182209
0.104212
0.125353
0.263295
0.234881
0.174575
0.069456
0.0321602
0.0593761
0.0663335
0.157645
0.0968799
0.0221302
0.0406661
0.13239
0.286142
0.228651
0.137961
0.185683
0.240512
0.08772
0.0461378
0.046674
0.0705036
0.326451
0.146453
0.155021
0.150872
0.146913
0.161582
0.159453
0.174813
0.337164
0.174397
0.206868
0.00437954
0.00277257
0.0240671
0.208055
0.315411
0.102367
0.0303243
0.025583
0
0.0127666
0.06495
0.391213
0.403958
0.0677659
0.00749894
0
0.0577341
0.116046
0.170361
0.249804
0.215554
0.0767418
0.0301097
0.04428
0.0145235
0.0346686
0.0608807
0.398096
0.375963
0.0675979
0.00909828
0.0257746
0
0.0734099
0.138117
0.297744
0.374793
0.161972
0.019735
0.0102337
0.0364577
0.118737
0.241109
0.144507
0.166729
0.165259
0.0255661
0.0647994
0.0520807
0.15299
0.157627
0.273348
0.238567
0.101773
0.0130948
0.0430174
0.0928423
0.38742
0.376269
0.0951695
0.0300045
0.0617891
0.00443887
0.0326899
0.047835
0.130577
0.246438
0.152208
0.0787864
0.145697
0.0423249
0.0564344
0.0436141
0.187784
0.175516
0.119462
0.117549
0.25117
0.189254
0.0669485
0.0783605
0.256689
0.259746
0.150572
0.0490075
0.113257
0.0939363
0.158975
0.0143372
0.109149
0.136589
0.307214
0.146444
0.202189
0.337644
0.284521