0.10092
0.141329
0.0486342
0.0344537
0.0808225
0.0442949
0.0612093
0.0858099
0.0861761
0.0961126
0.349103
0.139453
0.117096
0.111473
0.0788026
0.064173
0.21518
0.0675815
0.0380468
0.0385607
0.112505
0.128416
0.100923
0.0834974
0.410431
0.142035
0.480825
0.38798
0.108632
0.111877
0.0656874
0.0620644
0.0146039
0.0690039
0.315753
0.102888
0.0861397
0.145183
0.0747162
0.100457
0.0655248
0.0819015
0.166242
0.0939784
0.0923778
0.20515
0.15107
0.293606
0.0922161
0.0929278
0.415432
0.317431
0.0845556
0.0235787
0.0297979
0.0811832
0.0763661
0.0756093
0.308615
0.31894
0.167733
0.0876081
0.0945102
0.18279
0.113186
0.0835883
0.0724716
0.105917
0.0609967
0.100871
0.0912477
0.238728
0.152518
0.0701117
0.139114
0.215352
0.0477407
0.0660283
0.0939323
0.243848
0.177957
0.143938
0.158201
0.309755
0.162551
0.0673515
0.106387
0.226575
0.291605
0.154376
0.111683
0.156064
0.0765419
0.0633453
0.264024
0.425806
0.103826
0.0212523
0.208699
0.322488
0.0858834
0.07152
0.103742
0.182685
0.0916778
0.00589964
0.0774186
0.064355
0.0666382
0.020523
0.0954753
0.115741
0.160087
0.0392866
0.147884
0.209685
0.154029
0.205909
0.377064
0.478768
0.135823
0.018417
0.0544832
0.110692
0.0947035
0.0944272
0.237642
0.186619
0.228732
0.0272331
0.0338968
0.00458164
0.0225935
0.00620226
0.108447
0.21325
0.215482
0.0621868
0.0830821
0.230629
0.14103
0.0886685
0.17189
0.288329
0.311689
0.0498186
0.0186392
0.0124942
0.0235424
0.0487429
0.263281
0.286659
0.185626
0.257617
0.115768
0.117923
0.0460973
0.100164
0.225836
0.295273
0.0122395
0.00645845
0.025627
0.146597
0.221959
0.0793126
0.0708813
0.041152
0
0.000499995
0.0233198
0.34455
0.417096
0.0565776
0.0281783
0.00430493
0.0107225
0.0715158
0.0626365
0.278064
0.183452
0.0539433
0.0412675
0.0397279
0.00015263
0.0110432
0.032621
0.477999
0.461899
0.0380316
0.0112972
0.00233352
0.00784739
0.00220218
0.019956
0.383179
0.34112
0.0358445
0.00643646
0.00416778
0.104028
0.0576812
0.0604401
0.156183
0.117468
0.0438668
0.0394231
0.130793
0.0012419
0
0.0060173
0.512187
0.440334
0.0217834
0.005168
0.000377971
0.0142117
0.0395155
0.045294
0.297041
0.200363
0.0391282
0.0372439
0.00774039
0.0855294
0.0181813
0.0097599
0.0516583
0.104166
0.223757
0.126566
0.0303577
0.191148
0.0702913
0.0958553
0.245147
0.131258
0.356159
0.172611
0.041913
0.0439059
0.0335671
0.0153299
0.0750096
0.150741
0.242554
0.156523
0.101259
0.0598997
0.0489623
0.301095
0.211749
0.217084
0.452413
0.24146
0.061634
0.0940171
0.04777
0.119269
0.230224
0.100198
0.138717
0.0838431
0.098005
0.0664899
0.0222616
0.0979775
0.141823
0.140546
0.109749
0.17993
0.278818
0.125329
0.159013
0.278146
0.130653
0.110815
0.250592
0.110101
0.109342
0.25547
0.324329
0.0872176
0.0172311
0.0484754
0.145737
0.173509
0.435315
0.121751
0.0801866
0.0399247
0.10971
0.1338
0.0935432
0.160523
0.281278
0.198582
0.133501
0.0180647
0.0654426
0.11609
0.100697
0.271848
0.401232
0.156274
0.141919
0.0191824
0.0337417
0.0850319
0.155289
0.137098
0.421678
0.108439
0.100514
0.0360675
0.0936157
0.200661
0.20919
0.173394
0.226813
0.048883
0.0270775
0.0354823
0.109467
0.122616
0.13487
0.251049
0.175924
0.0827701
0.0278618
0.0916652
0.149714
0.0535973
0.0622591
0.14924
0.107986
0.0364825
0.0499167
0.0595158
0.169392
0.184517
0.272912
0.279206
0.10197
0.109242
0.0630459
0.204731
0.252736
0.0800843
0.36347
0.432835
0.228518
0.103919
0.0329419
0.05388
0.0415971
0.0063513
0.0627411
0.206908
0.151396
0.112543
0.166339
0.0636585
0.0335808
0.00597296
0.0655367
0.155339
0.103339
0.180257
0.127737
0.165059
0.0747949
0.0361252
0.307548
0.406917
0.322085
0.267185
0.304978
0.141586
0.0132212
0.0762043
0.247063
0.218308
0.176599
0.0772201
0.149404
0.136195
0.328329
0.0517013
0.0132592
0.0194712
0.0356645
0.0115057
0.0220821
0.0772641
0.539786
0.313115
0.0276245
0.00170736
0.00461785
0.176208
0.178822
0.15156
0.15522
0.0771251
0.149385
0.0720806
0.0671147
0.031165
0.0555022
0.139836
0.317301
0.272997
0.198028
0.0656416
0.0209132
0.00368676
0
0.0118488
0.390207
0.405793
0.0480191
0.00628024
0.0110267
0.0409182
0.0350322
0.0558593
0.163862
0.15254
0.0592052
0.0887096
0.0439302
0.0284903
0.0651827
0.132162
0.278489
0.424199
0.147438
0.0283496
0.0240211
0.252747
0.123184
0.100297
0.102346
0.175716
0.0837857
0.157179
0.269608
0.0527324
0.0726599
0.0161731
0.0787582
0.0926938
0.109195
0.0860692
0.130022
0.0481189
0.0513956
0.306958
0.472856
0.147587
0.130667
0.064739
0.0687664
0.0973383
0.070001
0.0156811
0.108233
0.119524
0.0801103
0.0688113
0.146802
0.0363382
0.0304742
0.093914
0.48609
0.438259
0.0731679
0.0197109
0.0599056
0.10895
0.12751
0.304425
0.332231
0.104619
0.0851726
0.0418975
0.0601624
0.252538
0.272849
0.069129
0.0675852
0.110188
0.0500474
0.0417431
0.229293
0.0292984
0.0170611
0.0790848
0.494297
0.31925
0.0380774
0.00562018
0.0178491
0.0484153
0.0229336
0.0218562
0.259269
0.230082
0.0202875
0.0036788
0.0225617
0.313485
0.248307
0.0448022
0.108003
0.141623
0.130909
0.0838104
0.518181
0.119091
0.115619
0.0801233
0.227801
0.222904
0.271944
0.169934
0.304326
0.0516891
0.0106861
0.0078436
0.166627
0.161631
0.00914344
0.00983337
0.0460207
0.0300173
0.00704509
0.00693698
0.0495808
0.0919999
0.0808152
0.0825679
0.130772
0.0517952
0.0475029
0.0375898
0.113756
0.106027
0.182446
0.160751
0.138791
0.113759
0.0623809
0.0770682
0.153273
0.0641489
0.326787
0.487424
0.41236
0.0773338
0.0293883
0.00537466
0.0514642
0.0906514
0.0605986
0.0555231
0.132365
0.143634
0.0910757
0.0321403
0.203483
0.138694
0.088554
0.190098
0.318654
0.0655426
0.0500971
0.0416228
0.0286064
0.0241701
0.230695
0.29482
0.226093
0.0569311
0.0973602
0.0668741
0.00468532
0.0615414
0.326482
0.234832
0.103895
0.0595371
0.0467159
0.0222568
0.104472
0.0713531
0.218277
0.247396
0.184805
0.0668646
0.0365601
0.0241223
0.0350241
0.0713357
0.413319
0.413319
0.211576
0.055055
0.0658599
0.0481474
0.0313733
0.0577269
0.195416
0.165511
0.0659772
0.0501416
0.0418783
0.0726018
0.0868681
0.104312
0.145964
0.079032
0.0339071
0.0659502
0.0193583
0.0128
0.0214136
0.0369959
0.408087
0.459792
0.241368
0.129526
0.0271701
0.0320248
0.0552088
0.101642
0.287027
0.429107
0.269424
0.052415
0.130117
0.219711
0.138276
0.182747
0.0862963
0.0159348
0.0209061
0.255645
0.257585
0.209808
0.0825583
0.0757209
0.0408164
0.0673268
0.145646
0.21766
0.178083
0.254215
0.0621697
0.145904
0.190771
0.176361
0.180924
0.270183
0.337058
0.325007
0.0612377
0.0815172
0.116401
0.0347003
0.0629959
0.0414386
0.0224289
0.0291576
0.102819
0.108519
0.0526821
0.0297769
0.0638176
0.00770788
0.00292743
0.0747896
0.471566
0.388871
0.0409254
0.0169351
0.0172741
0.0146829
0.038637
0.0337532
0.14229
0.202022
0.123335
0.0499787
0.0350398
0.00529536
0.0294886
0.0650136
0.471566
0.471566
0.0728577
0.0248606
0.00921103
0.00448209
0.0152428
0.0569655
0.523343
0.307966
0.0512293
0.0242948
0.00588823
0.00585222
0.0213762
0.0435169
0.237074
0.122736
0.0324632
0.0161965
0.00393617
0.00761838
0.0585187
0.0542635
0.476122
0.475709
0.0500005
0.0522516
0.00883234
0.00923584
0.0529671
0.0496313
0.11265
0.102222
0.0415806
0.0538948
0.00588823
0.00866626
0.0248719
0.0702346
0.604888
0.355965
0
0
0.0021839
0.0277416
0
0
0.0159287
0.0714775
0.04198
0.029565
0.0496978
0.00972353
0.0356685
0.08155
0.324035
0.305428
0.0453822
0.0413092
0
0
0
0
0
0
0
0
0
0.142495
0.0283027
0.0015866
0.0310194
0.080857
0.0544007
0.0532066
0.167774
0.285065
0.13202
0.0493284
0.397993
0.35124
0.146631
0.258852
0.477252
0.00387777
0.00476805
0.00476805
0.00359925
0.00359925
0
0
0.00387777
0.184244
0.0499002
0.0304302
0.0357735
0.0357735
0.0234197
0.0571142
0.168561
0.0475295
0.0339833
0.0233053
0.111428
0.0958498
0.13844
0.158794
0.181988
0.0977599
0.025776
0.0483429
0.0659369
0.164228
0.382312
0.559373
0.26955
0.0601635
0.0347372
0.0370737
0.0544349
0.0268663
0.0504362
0.0559371
0.0798119
0.181265
0.0994735
0.0911033
0.148506
0.244599
0.140335
0.278633
0.118304
0.0282783
0.00092596
0.010154
0.0153106
0.0710866
0.19509
0.387306
0.160686
0.0377458
0.00453058
0.00258726
0.0143402
0.0703069
0.267601
0.387306
0.244335
0.094277
0.0410476
0.0311937
0.0556909
0.163443
0.0753578
0.189769
0.161747
0.0902649
0.192412
0.130866
0.0506497
0.173628
0.224861
0.387306
0.221043
0.065881
0.0338897
0.0289885
0.0179189
0.0570153
0.230138
0.346733
0.100751
0.120101
0.0963999
0.0582565
0.061034
0.0813331
0.109906
0.071049
0.028508
0.0675887
0.27501
0.172189
0.0705262
0.15323
0.361724
0.419921
0.0891501
0.132669
0.169339
0.154279
0.178343
0.237455
0.244208
0.16388
0.107832
0.023809
0.0454846
0.0141241
0.0719016
0.173417
0.0946498
0.0956759
0.0402856
0.012439
0.0496916
0.0243944
0.391155
0.449589
0.0716207
0.0381797
0.0184963
0.110412
0.0423768
0.0557463
0.0737568
0.0869393
0.123499
0.148263
0.169959
0.048769
0.0520507
0.175492
0.449589
0.42858
0.102502
0.0514308
0.0372963
0.00238041
0.0472133
0.0337485
0.307922
0.447638
0.048474
0.0300136
0.00184234
0.00169137
0.0299789
0.0236236
0.082793
0.16342
0.0473866
0.0389874
0.000720541
0.00395905
0.0224131
0.090624
0.497498
0.44854
0.0437053
0.0147796
0.0011423
0.0141694
0.0241764
0.0235267
0.27085
0.269648
0.0539795
0.0186407
0.00594457
0.00079068
0.001695
0.00438113
0.0869136
0.166144
0.0246226
0.0164758
0.000348518
0.0591233
0.0321591
0.0073699
0.00727322
0.000522778
0
0
0.0324593
0.251792
0.135143
0.0199811
0.276603
0.26815
0.0377559
0.013057
0.0916725
0.562048
0.31331
0.147673
0.30989
0.107382
0.0202736
0.0169636
0.248669
0.0657036
0.0367714
0.0132354
0.0145372
0.0043075
0
0
0.0400325
0.172966
0.0722027
0.0666811
0.081473
0.0184813
0.00174553
0.00495736
0.124449
0.307114
0.108088
0.0653618
0.224582
0.0748905
0.00669584
0.00560264
0.176001
0.568093
0.231938
0.227124
0.343256
0.160287
0.0136805
0.0116307
0.30867
0.116365
0.0413737
0.0483024
0.0920509
0.0339981
0.00577468
0.0174441
0.0964255
0.197935
0.125881
0.144067
0.190849
0.133938
0.0258449
0.0606171
0.111308
0.4486
0.182413
0.11949
0.100994
0.0889357
0.0355163
0.0366619
0.18164
0.444441
0.307637
0.272554
0.239902
0.130378
0.0358311
0.0464531
0.135978
0.179502
0.178102
0.0890704
0.0758001
0.0729385
0.0203397
0.03395
0.112264
0.274219
0.388666
0.278628
0.0768118
0.07489
0.0439934
0.0973841
0.117691
0.169913
0.320654
0.173019
0.201706
0.0729355
0.0250322
0.0137097
0.0373372
0.28382
0.388666
0.204454
0.136519
0.127823
0.0513056
0.0317427
0.0431411
0.173757
0.481942
0.372776
0.131902
0.0811777
0.111238
0.170934
0.0491727
0.201075
0.27625
0.196699
0.13966
0.103524
0.100891
0.102855
0.108435
0.162819
0.238886
0.236201
0.161756
0.173765
0.0347151
0.0278655
0.0400302
0.0933439
0.138954
0.0944967
0.099518
0.0691269
0.0290423
0.0590602
0.0975596
0.160611
0.0313745
0.0578001
0.0762415
0.0570467
0.191847
0.143018
0.205801
0.098257
0.0679402
0.177898
0.409905
0.175663
0.0940074
0.0315041
0.0298027
0.14465
0.0329512
0.0440565
0.101417
0.0910668
0.409905
0.210217
0.120285
0.16732
0.0878074
0.1816
0.405584
0.106585
0.188066
0.113978
0.0547598
0.0127116
0.021678
0.103278
0.45938
0.245145
0.0416794
0.0260142
0.0329286
0.0302097
0.0288726
0.0375046
0.235602
0.152018
0.0791926
0.0946835
0.112725
0.145906
0.0437912
0.122023
0.376783
0.192161
0.0768902
0.112375
0.110605
0.327942
0.11901
0.0435675
0.245347
0.149154
0.076661
0.180323
0.252684
0.143668
0.0706806
0.0267919
0.158348
0.0774463
0.0257605
0.0433895
0.153774
0.274011
0.0880587
0.0807324
0.20998
0.109676
0.0116252
0.0114808
0.240373
0.215424
0.163276
0.079328
0.262134
0.107355
0.0259656
0.0732576
0.230609
0.310211
0.358567
0.259844
0.203304
0.11413
0.00695524
0.0379308
0.300385
0.134817
0.0379896
0.052725
0.144402
0.0464094
0.0128279
0.00522723
0.119079
0.363789
0.152789
0.220687
0.221494
0.0824665
0.0809777
0.00586129
0.146733
0.140403
0.213588
0.164585
0.118328
0.0235344
0.0339398
0.0148249
0.163259
0.406482
0.193734
0.221316
0.179472
0.0538244
0.138941
0.0233876
0.411096
0.396008
0.143958
0.153049
0.0579388
0.0608081
0.0896658
0.00674582
0.105401
0.280102
0.148064
0.0991847
0.0774229
0.0581201
0.0511251
0.0158982
0.114286
0.396008
0.0982412
0.130304
0.0476918
0.0454396
0.0892912
0.00527951
0.305499
0.396008
0.0524843
0.0699206
0.0195348
0.0297229
0.0372671
0.0233697
0.375852
0.0883866
0.148782
0.0783483
0.158886
0.13472
0.062281
0.0527809
0.0847015
0.0803774
0.0951387
0.0405496
0.114534
0.236673
0.114842
0.128448
0.117842
0.251697
0.0318321
0.0174392
0.0188909
0.0772068
0.0483892
0.14288
0.448979
0.254935
0.022757
0.0103204
0.0606997
0.142212
0.0983645
0.346757
0.464871
0.0837384
0.0542866
0.0494741
0.0803028
0.171889
0.0461249
0.0812314
0.105097
0.0865499
0.0658025
0.0653986
0.114497
0.100625
0.0177971
0.0993016
0.147109
0.199913
0.0644731
0.064257
0.204546
0.210986
0.118549
0.292066
0.446933
0.124886
0.073732
0.155671
0.468465
0.295027
0.0701828
0.12821
0.0868135
0.249098
0.0781959
0.0603068
0.0848566
0.0715445
0.483542
0.227639
0.233962
0.347238
0.20105
0.287102
0.293284
0.0459703
0.207329
0.169249
0.231524
0.0824877
0.0182903
0.00342571
0.00485917
0.00485917
0.031851
0.00946088
0.106542
0.0975357
0.0497007
0.021204
0.00745163
0.000588876
0.00796276
0.00615814
0.113966
0.335967
0.0920971
0.149076
0.25411
0.117043
0.076112
0.148608
0.203438
0.638071
0.185624
0.0171826
0.170633
0.120109
0.046384
0.145439
0.312744
0.0520366
0.0201274
0.0123602
0.00739656
0.00118602
0
0
0.046654
0.0496025
0.000158839
0
0.00558544
0.00558544
0.00821961
0.00414643
0.0477191
0.251354
0.17431
0.0616679
0.158242
0.127142
0.0403092
0.0567977
0.158402
0.414937
0.548492
0.219615
0.0878932
0.118618
0.0241221
0.0953747
0.288871
0.0540747
0
0.000629671
0.0168731
0.0282671
0.0223268
0.013514
0.0528173
0.216638
0.103893
0.0294444
0.0251552
0.0344101
0.0226104
0.0347664
0.204763
0.233388
0.497794
0.222662
0.0542943
0.0149063
0.0274526
0.033842
0.220242
0.364935
0.246021
0.119608
0.0564014
0.0204771
0.0695401
0.0239481
0.507694
0.12026
0.107631
0.0264029
0.0117683
0.0143994
0.0163629
0.0171089
0.112632
0.0264288
0.0243158
0.00578397
0.00877503
0.0114313
0.0101349
0.00607048
0.0262721
0.356702
0.058157
0.0238467
0.0140341
0.0128684
0.017979
0.00410493
0.305225
0.399576
0.0530911
0.10139
0.0571657
0.123822
0.00465602
0.0120196
0.383269
0.00726097
0.0049837
0.00632167
0.0100085
0.00841114
0
0
0.00726097
0.0621081
0.0781168
0.237003
0.207322
0.510481
0.0683951
0
0.017257
0.247992
0.0463752
0.0406678
0.0220309
0.053129
0.00430347
0.034805
0.216059
0.409188
0.0915755
0.0305186
0.0455724
0.0392223
0.0185479
0.123007
0.409188
0.224857
0.0912806
0.158077
0.12447
0.27357
0.0574864
0.00125985
0.0630595
0.409188
0.203794
0.0957518
0.0722356
0.0899606
0.0279146
0.00991645
0.256666
0.288568
0.162366
0.118864
0.220867
0.169819
0.0564202
0.130811
0.28479
0.0541813
0.0717631
0.143524
0.435512
0.263208
0.0732043
0.092748
0.0491029
0.39658
0.285246
0.118211
0.0857011
0.04693
0.00245199
0.00761945
0.138742
0.0599602
0.120774
0.10519
0.132362
0.0957948
0.039938
0.0684216
0.0802381