0.0617793
0.0590606
0.131067
0.0546816
0.0603298
0.0463856
0.0451692
0.075275
0.124747
0.129996
0.208756
0.0794281
0.0654358
0.0627793
0.0809332
0.185169
0.0387548
0.0547365
0.159097
0.163212
0.102678
0.0497215
0.0476387
0.0473825
0.0816523
0.178502
0.351465
0.583111
0.238786
0.05985
0.0310319
0.0795015
0.0958273
0.118432
0.180554
0.0703095
0.0351417
0.0690556
0.0526954
0.0985259
0.101197
0.0708875
0.0822804
0.0419361
0.0570296
0.204145
0.26084
0.106036
0.0793268
0.16518
0.242392
0.3623
0.115383
0.0743382
0.0451088
0.0585678
0.109911
0.11883
0.0871434
0.136959
0.0550744
0.292483
0.487978
0.14837
0.0246642
0.0219379
0.00747876
0.0125071
0.0303697
0.123404
0.218531
0.0382129
0.0227071
0.0367134
0.0311133
0.027134
0.0311556
0.0677134
0.10729
0.0232597
0.0272443
0.0229863
0.00347604
0.00265959
0.0103277
0.306975
0.606935
0.0844692
0.0182506
0.0252103
0.023577
0.02314
0.0218233
0.310611
0.468013
0.0862715
0.0544742
0.0600276
0.0677236
0.0567927
0.0688002
0.104479
0.203056
0.106184
0.0513625
0.0939401
0.0899367
0.0878521
0.0983913
0.0600899
0.197671
0.172126
0.105241
0.060686
0.0426584
0.0966772
0.106175
0.260552
0.428959
0.24289
0.136989
0.106532
0.0416254
0.130769
0.15484
0.125714
0.24952
0.20245
0.0514345
0.139957
0.126989
0.109707
0.125327
0.036249
0.0494039
0.0840666
0.0574836
0.190698
0.250787
0.102808
0.0986246
0.0926585
0.0886551
0.0825348
0.0978059
0.180124
0.104842
0.127806
0.202083
0.159984
0.136273
0.092934
0.180478
0.195017
0.194496
0.134117
0.214728
0.183293
0.124694
0.168602
0.0501902
0.158774
0.192443
0.0515921
0.0400272
0.0555124
0.114454
0.110375
0.165543
0.122535
0.131789
0.138012
0.126049
0.0402053
0.0763843
0.203363
0.158015
0.155604
0.143961
0.0634046
0.0657012
0.0913677
0.0979453
0.156857
0.166405
0.135969
0.151785
0.336922
0.285758
0.108965
0.0871471
0.170326
0.0969787
0.0277293
0.0392353
0.0732736
0.0454506
0.0248151
0.0326883
0.0778772
0.156538
0.0370463
0.046735
0.130322
0.0816157
0.0240911
0.0290069
0.14163
0.18996
0.11687
0.108422
0.278602
0.21862
0.0348569
0.0947167
0.0990143
0.324665
0.164873
0.132946
0.380862
0.347628
0.118851
0.225268
0.244567
0.0113728
0.0387569
0.0794109
0.101894
0.059117
0.0508785
0.0554125
0.0268113
0.0187749
0.103843
0.133457
0.462888
0.251051
0.0648964
0.0270481
0.01824
0.0223115
0.0647969
0.0541965
0.0977623
0.112057
0.062245
0.0827348
0.057235
0.00557683
0.137024
0.268352
0.552549
0.270601
0.0542028
0.0268432
0.00189313
0.0155717
0.0902727
0.0766132
0.277766
0.125739
0.0370866
0.00938964
0.0124343
0.0763243
0.0988516
0.0580943
0.173266
0.0638954
0.0973306
0.202584
0.130376
0.00201604
0.104279
0.151667
0.424146
0.157921
0.0236298
0.00203264
0.000819216
0.0609473
0.0887395
0.113103
0.58957
0.187734
0.0658509
0.155426
0.0687628
0.0281415
0.0218689
0.00929728
0.0179941
0.00537977
0.113946
0.302663
0.0695492
0.00280477
0.00712483
0.00623342
0.00379766
0.00341037
0.209399
0.334492
0.0379835
0.0289519
0.0259607
0.023808
0.106866
0.0369272
0.122957
0.353859
0.0452292
0.00236046
0.00972659
0.0108869
0.000867248
0.000378588
0.27451
0.65425
0.0438353
0.0111138
0.00974254
0.00299076
0.0128856
0.0201182
0.165568
0.226435
0.0401168
0.0172069
0.0175757
0.00370702
0.0186689
0.0366096
0.108624
0.137603
0.040497
0.00140751
0.00372428
0.00358632
0.00163879
0.0200409
0.289566
0.60207
0.0513374
0.00278513
0.00602033
0.00350459
0.00313491
0.0385312
0.279301
0.515229
0.079732
0.0180798
0.0436215
0.0371137
0.0358052
0.0718871
0.135457
0.108108
0.0470988
0.0436065
0.0660825
0.0908763
0.067946
0.0916667
0.0822324
0.0583377
0.0366227
0.00562708
0.0337005
0.0706885
0.0242032
0.0393054
0.427407
0.597197
0.12437
0.050859
0.123461
0.19252
0.061786
0.035683
0.243842
0.236084
0.0299627
0.106945
0.112832
0.0973467
0.0773247
0.0788058
0.0567137
0.0602368
0.0948473
0.0797566
0.0932129
0.101961
0.319495
0.267193
0.195236
0.111091
0.0952355
0.157014
0.232149
0.186231
0.0634775
0.0685581
0.109825
0.137444
0.0681186
0.129062
0.160653
0.141709
0.173318
0.203413
0.245936
0.151507
0.122654
0.0723537
0.0477335
0.0770013
0.252386
0.186651
0.0719937
0.133221
0.0768967
0.158752
0.070734
0.120713
0.445512
0.321972
0.0716185
0.220955
0.156777
0.0515252
0.0178079
0.0424107
0.116411
0.0940914
0.108704
0.135706
0.0972046
0.184729
0.0138912
0.0833111
0.29726
0.199975
0.0778854
0.184204
0.216113
0.0256547
0.0611804
0.0667578
0.0738609
0.0642936
0.0207881
0.0219876
0.0296576
0.00616
0.0511073
0.213095
0.401375
0.138031
0.0046448
0.00258935
0.00163315
0.105497
0.103539
0.0702427
0.0973371
0.152213
0.14847
0.0848718
0.180746
0.0236125
0.0892281
0.270794
0.568625
0.329221
0.0454592
0.0391446
0.0384275
0
0.0219854
0.100137
0.346309
0.101761
0.00350472
0.000174384
0
0.00913697
0.0166022
0.0863976
0.453328
0.128661
0.0186797
0.0258378
0.00363101
0.0012183
0.00823989
0.155704
0.479046
0.175433
0.00620497
0.00168193
0.00162227
0.00376302
0.0061241
0.148925
0.473787
0.131505
0.0139477
0.0106997
0.00465391
0.0233112
0.0272428
0.0522528
0.189743
0.0626943
0.0901412
0.226766
0.0239327
0.0121529
0.0230718
0.0249504
0.00384349
0.0113105
0.295688
0.773459
0.0882612
0.0139807
0.0173031
0.0718794
0.160072
0.0514069
0.039477
0.0338124
0.025676
0.0138221
0.0287806
0.0459052
0.026839
0.0516609
0.112863
0.146449
0.0643611
0.00186808
0.00291533
0.00406278
0.0013061
0.0112529
0.16546
0.420193
0.0332523
0.00199819
0.00052598
0.00052598
0.000209172
0.00825602
0.186454
0.510898
0.0308379
0.00479705
0.00782359
0.0118962
0.0109026
0.0263092
0.101839
0.211752
0.0221774
0.0137976
0.00283582
0.00237283
0.00378914
0.00922265
0.217329
0.567304
0.0445549
0.000663738
0.00208737
0.00711271
0.00238252
0.00202616
0.154476
0.303903
0.0202578
0.00803701
0.017792
0.0192579
0.00462903
0.00111514
0.154581
0.243713
0.00863816
0.00449057
0.000388558
0.00032512
0
0.00075767
0.208113
0.537858
0.0550693
0.00557186
0.00123809
0.000216999
0
0.000369132
0.285026
0.556368
0.0466386
0.0334853
0.0451622
0.0229071
0.00358903
0.00913022
0.124514
0.235868
0.0160331
0.0459534
0.0462548
0.0307884
0.0158161
0.0240084
0.0666243
0.0809287
0.0292009
0.0184017
0.00430573
0.00138256
0.000325872
0.0159748
0.402448
0.650808
0.0680888
0.129336
0.0731143
0.0152229
0.00613137
0.0778091
0.248714
0.303825
0.13269
0.115452
0.0894686
0.0955454
0.0825267
0.0693607
0.0964008
0.0902654
0.0930953
0.226965
0.050163
0.117848
0.222435
0.1911
0.0846058
0.102434
0.205385
0.249544
0.172785
0.0926314
0.0682264
0.192561
0.319524
0.212049
0.132262
0.125982
0.0969906
0.144995
0.144923
0.139089
0.161715
0.130633
0.129633
0.0994113
0.0976297
0.0395849
0.0500426
0.0724838
0.235342
0.133355
0.208008
0.0474485
0.102918
0.189063
0.364157
0.216062
0.0912071
0.0665011
0.0944757
0.0759396
0.0465356
0.0424182
0.0739856
0.0146129
0.180432
0.235216
0.205886
0.0376939
0.0534455
0.136097
0.521161
0.151651
0.0882829
0.118751
0.138572
0.00348259
0.00853269
0.127043
0.414442
0.168918
0.0103662
0.00811027
0.00889313
0.0014346
0.0010103
0.0747492
0.365379
0.126044
0.0121931
0.0167273
0.00456074
0.00202188
0.00607796
0.122612
0.569091
0.149878
0.00975294
0.0121339
0.0113335
0.0109983
0.00565447
0.0833498
0.406338
0.0963968
0.00970772
0.0165059
0.0138614
0.0322902
0.0242473
0.0953814
0.350619
0.194348
0.0898671
0.0900029
0.0660781
0.0489005
0.0864794
0.111975
0.108395
0.175099
0.187939
0.0957848
0.112688
0.0948414
0.0690087
0.087275
0.32313
0.185629
0.0305375
0.0743839
0.1188
0.0853684
0.125916
0.155631
0.151973
0.177141
0.100623
0.114746
0.167489
0.0192534
0.027739
0.0460659
0.0356131
0.070508
0.155132
0.14305
0.0419977
0.0711435
0.0243473
0.0431896
0.0259617
0.0402898
0.322672
0.678216
0.149647
0.0294564
0.0335269
0.0878282
0.0398328
0.0816475
0.113467
0.102947
0.0658131
0.153155
0.106174
0.0833868
0.0386261
0.0877309
0.138371
0.135914
0.106772
0.0114596
0.00470602
0.010583
0.00436503
0.00681089
0.158105
0.376796
0.0691219
0.012106
0.00122037
0.00209
0.00200271
0.00267324
0.245905
0.63454
0.085673
0.0794658
0.0774535
0.0266402
0.0119166
0.0172697
0.0444609
0.0833802
0.0388083
0.182612
0.185972
0.0310694
0.00434632
0.00479334
0.106167
0.393466
0.109962
0.00934309
0.000167013
0
0.000775929
0.0201198
0.206174
0.471273
0.0619327
0.0454179
0.0175622
0.000971565
0.0035201
0.0743874
0.209079
0.357198
0.0833502
0.152594
0.157232
0.0641173
0.0482895
0.0268122
0.151844
0.401685
0.0790715
0.106165
0.0980321
0.0746474
0.101404
0.0722766
0.178283
0.36876
0.0319536
0.0369292
0.0314742
0.0259655
0.00476825
0.0498271
0.192359
0.183474
0.0364106
0.164067
0.0772217
0.100069
0.0172396
0.022748
0.119705
0.106493
0.115977
0.101746
0.0939702
0.0872601
0.111111
0.0378098
0.183024
0.25902
0.0499442
0.483479
0.415498
0.280252
0.157639
0.0476745
0.159092
0.149828
0.211054
0.0281531
0.0224176
0.0820287
0.141681
0.0192184
0.0733513
0.106948
0.0768475
0.00796117
0.0425917
0.176846
0.427982
0.126678
0.0456732
0.0484555
0.0388875
0.00419037
0.0473364
0.192644
0.269576
0.0737451
0.0459446
0.0153376
0.00727145
0.000903825
0.0632627
0.303136
0.603094
0.170308
0.0482864
0.0079972
0.000903825
0
0.00917153
0.109772
0.509462
0.149369
0.00654025
0.00526155
0.00220172
0.0142828
0.0119687
0.0719856
0.312887
0.0725653
0.00598722
0.00808096
0.0136952
0.0166886
0.01784
0.170656
0.567471
0.20089
0.0161127
0.0119318
0.00190742
0.111758
0.125233
0.0640046
0.260839
0.108013
0.00709039
0.0248766
0.0171879
0.0259053
0.0181931
0.0203079
0.0534874
0.0355751
0.00357213
0.00628402
0.0225133
0.063381
0.047999
0.0253112
0.0279961
0.0256873
0.0151755
0.0194932
0.0384695
0.239467
0.297311
0.0194367
0.0369261
0.0318822
0.00185896
0.0085701
0.0288983
0.548083
0.646682
0.0197558
0.0181978
0.0154951
0.00814498
0.00640333
0.0610991
0.0763957
0.068986
0.0186286
0.00628823
0.0127127
0.0167182
0.0219544
0.0286689
0.177562
0.217578
0.0592297
0.00373565
0.0133788
0.0247464
0.0310732
0.0273041
0.358
0.445075
0.0242698
0.00213995
0.00148362
0.00531303
0.00544445
0.0411808
0.43395
0.534041
0.124182
0.000380617
0.00614739
0.00562531
0.00736085
0.0264089
0.185281
0.250743
0.0561909
0.00345186
0.00564285
0.0131293
0.0154065
0.0264481
0.273578
0.36502
0.0738016
0.00103695
0.00103695
0.0262949
0.0461163
0.107845
0.256515
0.406663
0.127514
0
0.00845617
0.00910791
0.00477359
0.0586016
0.260483
0.463701
0.177309
0.000571482
0.00211404
0.0225546
0.00996164
0.148867
0.258367
0.292469
0.121322
0.0322464
0.00866912
0.0388014
0.0653771
0.0811818
0.249477
0.279431
0.151662
0.0884006
0.0271446
0.0386446
0.0611877
0.0269984
0.207919
0.408444
0.174646
0.00179861
0
0.0075
0.0161023
0.103235
0.251263
0.451344
0.171046
0.0435335
0.00715885
0.0032644
0.0144068
0.0366277
0.216519
0.267304
0.101304
0.167483
0.0277703
0.0492175
0.0752069
0.099357
0.399804
0.459492
0.153524
0.192396
0.0471491
0.0664232
0.0542422
0.171188
0.188184
0.31945
0.0974926
0.0962624
0.0256505
0.00495004
0.0250889
0.103967
0.108789
0.157381
0.079976
0.09837
0.0549539
0.0184471
0.0232492
0.115783
0.00694939
0.0562173
0.202973
0.191226
0.139518
0.020706
0.00326757
0.00352312
0.0293139
0.0608264
0.292673
0.507594
0.167824
0.0410047
0.0324388
0.0101429
0.0297754
0.0671181
0.157516
0.290727
0.199292
0.0237873
0.00769127
0.00769543
0.15038
0.109336
0.170848
0.374472
0.20004
0.0494018
0.0569282
0.0587398
0.0998698
0.0748919
0.146051
0.274711
0.0788337
0.0315031
0.0408611
0.0151413
0.296809
0.33318
0.0565397
0.0812399
0.0329144
0.0107733
0.0244632
0.013481
0.257544
0.181237
0.096173
0.110362
0.0450758
0.0395329
0.0471387
0.0645982
0.444961
0.481563
0.158433
0.0284496
0.0127246
0.0107461
0.0160569
0.0319993
0.269581
0.345686
0.0158269
0.00332832
0.00310055
0.000148643
0.00221324
0.0115566
0.351213
0.403151
0.0540094
0.00605575
0.00691861
0.00444422
0.000265801
0.0341919
0.301445
0.351464
0.114625
0.0201488
0.00302469
0.000567688
0.00196634
0.0140503
0.30105
0.305853
0.161757
0.0305241
0.0113632
0.00893707
0.00343103
0.0419806
0.322361
0.418151
0.123354
0.00719305
0.0129645
0.00979599
0.0013039
0.0488521
0.282207
0.435475
0.218447
0.0021455
0.0163896
0.0102506
0.00212237
0.0228464
0.21851
0.249287
0.186708
0.0236467
0.0245278
0.0206292
0.0212145
0.112041
0.142726
0.238734
0.18863
0.0113931
0.0259337
0.0395889
0.0333872
0.0862368
0.276215
0.441383
0.19328
0
0.0248463
0.0130921
0.00320965
0.0506953
0.316506
0.496694
0.157096
0.00558638
0.0078773
0.0128621
0.0135845
0.11802
0.185979
0.217598
0.115492
0.0161718
0.0282251
0.0405645
0.031009
0.036798
0.176639
0.151184
0.0872694
0.0232196
0.0133151
0.0308129
0.0392682
0.0679785
0.216196
0.556295
0.182591
0.0174316
0.0058947
0.0105823
0.0338557
0.150872
0.166747
0.447208
0.147755
0.0577713
0.0288862
0.0333248
0.0650363
0.0661248
0.0871059
0.149812
0.141828
0.0448606
0.0293471
0.0388934
0.0416705
0.0665783
0.03789
0.141747
0.119277
0.0511149
0.0611919
0.110344
0.0934624
0.0311066
0.224296
0.322317
0.136013
0.130008
0.0929002
0.0620618
0.12522
0.146153
0.142175
0.142722
0.153407
0.167193
0.147756
0.0209824
0.0561785
0.179779
0.0786261
0.12734
0.13833
0.0772984
0.0787145
0.168264
0.1801
0.081843
0.130884
0.0790793
0.0960752
0.152865
0.145484
0.103366
0.0986725
0.127726
0.0363444
0.0645681
0.0959918
0.181521
0.231733
0.0819457
0.0867854
0.020798
0.207934
0.339072
0.12656
0.136973
0.134453
0.0384125
0.101398
0.0703846
0.171476
0.0867891
0.0540783
0.0494331
0.206872
0.0796059
0.168163
0.0696152
0.424124
0.40824
0.0766461
0.0126707
0.0602342
0.0482291
0.169197
0.116267
0.284363
0.34176
0.114429
0.0350976
0.0331043
0.0104842
0.017714
0.054928
0.392984
0.452089
0.176964
0.0369415
0.0321407
0.00398263
0.00620615
0.0372883
0.259244
0.289473
0.0668259
0.00764919
0.00887834
0.0147764
0.0282905
0.0707802
0.23326
0.219941
0.0381151
0.0326063
0.0305293
0.00663873
0.0296054
0.0727915
0.402418
0.412449
0.182198
0.0464621
0.0247057
0.0154782
0.0214105
0.0456704
0.361209
0.37073
0.186442
0.0469212
0.0260228
0.0320434
0.0168095
0.080892
0.181038
0.179554
0.0489609
0.0457277
0.0415492
0.0193454
0.0538316
0.0584769
0.126756
0.16608
0.14793
0.0644675
0.0394097
0.0406478
0.0563792
0.0804606
0.312104
0.326982
0.176665
0.045081
0.0599789
0.0647844
0.0436399
0.194691
0.179286
0.217488
0.138845
0.0455843
0.0822588
0.109591
0.0704091
0.187368
0.116628
0.155027
0.183587
0.0640013
0.104274
0.153872
0.0991067
0.137039
0.099726
0.14603
0.191494
0.083328
0.12729
0.188421
0.122278
0.107644
0.178882
0.175384
0.134559
0.0938104
0.0900337
0.089618
0.0808519
0.103068
0.153696
0.174579
0.202699
0.106247
0.090662
0.126829
0.130241
0.0945713
0.0935297
0.11104
0.186706
0.14658
0.114561
0.139272
0.119749
0.079832
0.206521
0.310781
0.144892
0.104652
0.129897
0.205763
0.141912
0.125796
0.069438
0.164325
0.160496
0.0825998
0.0875568
0.136605
0.139578
0.0536113
0.0163447
0.159092
0.152409
0.115228
0.138778
0.17934
0.144505
0.0150104
0.172693
0.285268
0.0917488
0.0788358
0.111467
0.212363
0.195961
0.103252
0.143557
0.0983059
0.0768616
0.170003
0.17634
0.156198
0.165577
0.138813
0.0527989
0.135736
0.160165
0.0845008
0.0784538
0.0887028
0.0730068
0.046109
0.147604
0.173289
0.128349
0.128785
0.125159
0.100199
0.0449271
0.0946723
0.120675
0.134387
0.112072
0.169745
0.159419
0.0676852
0.0704679
0.0982201
0.165699
0.306997
0.214951
0.219127
0.222456
0.157357
0.0602239
0.0794649