0
0.00087784
0.00488511
0.300826
0.332151
0.00626639
0.00115483
0
0.0227561
0.0386576
0.0759708
0.31889
0.325659
0.0148746
0.00771725
0.00926514
0.00170681
0.00163973
0.00172641
0.297417
0.360775
0.0123365
0.00905291
0.000418951
0.0153926
0.0455094
0.255495
0.360775
0.360775
0.0262899
0.00329116
0.00207005
0.141248
0.107647
0.0783823
0.0603841
0.0474682
0.0611472
0.0536132
0.0859934
0.175389
0.05955
0.0106679
0.00736481
0.0162374
0.209749
0.247876
0.162062
0.109072
0.139367
0.353809
0.250791
0.0791849
0.149696
0.167936
0.0779002
0.144693
0.0835591
0.077796
0.0654349
0.0329772
0.437573
0.437573
0.167525
0.0589208
0.00923321
0.00540809
0.0113398
0.0287072
0.10692
0.191622
0.0718793
0.0344897
0.0161673
0.0147492
0.0318848
0.0336908
0.00891631
0.0418622
0.0203743
0.0609027
0.0087942
0.00697323
0.0193587
0.0792689
0.472564
0.475545
0.163283
0.0871705
0.0161977
0.0187896
0.0275499
0.0632476
0.350607
0.475545
0.201075
0.0534191
0.0388509
0.0562546
0.107949
0.0463912
0.0364258
0.0288756
0.0328571
0.0391588
0.0661234
0.0926809
0.081215
0.0208728
0.0472975
0.0570639
0.0387386
0.209924
0.0402651
0.0542407
0.122136
0.0462975
0.453125
0.639856
0.295621
0.0919179
0.0622854
0.0667887
0.14134
0.0497274
0.078705
0.190919
0.0774603
0.0954876
0.115774
0.134744
0.112976
0.0962471
0.14326
0.116051
0.076835
0.0764798
0.104982
0.213574
0.257327
0.24674
0.207539
0.102917
0.0542711
0.188544
0.126238
0.168318
0.18115
0.0934467
0.0809839
0.0964198
0.108453
0.118136
0.139463
0.25621
0.384852
0.173897
0.0914487
0.0685028
0.136665
0.0945568
0.0829809
0.190006
0.13434
0.126151
0.105527
0.0765617
0.0772123
0.116661
0.0391438
0.146108
0.0976024
0.0798179
0.111307
0.218055
0.25551
0.12122
0.0984887
0.131135
0.219366
0.093344
0.150151
0.100234
0.17993
0.115049
0.0833993
0.115173
0.225407
0.102308
0.243004
0.26229
0.378158
0.0650927
0.0246367
0.116266
0.0610029
0.0706682
0.0849699
0.166883
0.201185
0.108717
0.0978855
0.20947
0.162454
0.109603
0.157495
0.0929996
0.159091
0.0522095
0.0918319
0.206031
0.102853
0.173554
0.149229
0.180684
0.290097
0.121741
0.194393
0.332658
0.172654
0.226166
0.184594
0.127305
0.18949
0.0071943
0.00440518
0.00480851
0.197477
0.315702
0.00601458
0.00609323
0.0084697
0.000207717
0.0086151
0.205939
0.379233
0.379233
0.0114791
0.00365274
0.000533752
0.0118192
0.00289676
0.0136325
0.206089
0.366046
0.00521449
0.0102816
0.0252975
0
0.00123731
0.166713
0.379233
0.379233
0.0143676
0.00752004
0.00195943
0.0183063
0.0309383
0.321729
0.33465
0.0646162
0.0482671
0.0704912
0.0083818
0.0725211
0.0514929
0.141165
0.122853
0.0287572
0.237852
0.396028
0.0876188
0.0090395
0.0105244
0.206883
0.396028
0.152474
0.034087
0.0143684
0
0.0521026
0.053259
0.126596
0.396028
0.120922
0.0581325
0.194838
0.0936982
0.0352566
0.0109293
0.0131204
0.016444
0.0502457
0.225646
0.375458
0.115153
0.036518
0.00115448
0.00315031
0.0104097
0.0410911
0.375458
0.375458
0.143774
0.0341037
0.0174442
0.0180076
0.0688907
0.0349485
0.113485
0.322633
0.145775
0.0221119
0
0.000171492
0.00634811
0.0204617
0.349242
0.375458
0.194205
0.0258672
0.00126438
0.0040434
0.0235732
0.0158793
0.231743
0.390133
0.091738
0.0378132
0.00460528
0.00551982
0.024373
0.0187888
0.110779
0.190521
0.0982207
0.0114337
0.00469132
0.000603996
0.0199195
0.0442103
0.345155
0.390133
0.172351
0.0656911
0.00795364
0.00402981
0.0192849
0.044372
0.390133
0.390133
0.264979
0.0629256
0.0168686
0.0232145
0.0227434
0.0128941
0.065687
0.0444284
0.0795601
0.0235733
0.0187574
0.0361583
0.0364193
0.0140649
0.0155552
0.00800101
0.0207656
0.132808
0.0137818
0.0275412
0.0359037
0.0296977
0.489791
0.513319
0.299506
0.0831592
0.02433
0.0442751
0.0483332
0.0229509
0.146379
0.492536
0.191216
0.0363265
0.0585869
0.0747876
0.153486
0.0570426
0.119127
0.0564399
0.0840548
0.0376982
0.101583
0.0535406
0.175688
0.0811584
0.165638
0.143851
0.14889
0.274672
0.133252
0.197971
0.258337
0.037599
0.203098
0.388152
0.281839
0.170157
0.122302
0.138611
0.241084
0.0739157
0.144677
0.121216
0.194278
0.0225999
0.073754
0.131333
0.0886264
0.0800199
0.180778
0.131361
0.101578
0.0824477
0.126937
0.177855
0.0815123
0.149516
0.238686
0.111031
0.106975
0.0994309
0.0585607
0.110043
0.120467
0.0733418
0.243047
0.140487
0.133206
0.228864
0.167331
0.281159
0.117317
0.206115
0.387519
0.178337
0.246542
0.00423884
0.000443331
0.00929043
0.211093
0.289894
0.00658253
0.00744537
0.00955305
0.000210704
0
0.0536522
0.418136
0.418136
0.00591661
0.0028562
0.000658587
0.0162465
0.0317543
0.0495574
0.202337
0.276644
0.014184
0.0140696
0.00749588
0.0399752
0.0413086
0.0482845
0.418136
0.418136
0.012785
0.0013622
9.46978e-006
0
0.00089943
0.0455423
0.430676
0.212655
0.0113101
0.00314867
0
0.00383499
0.00945037
0.0290798
0.430676
0.143958
0.0110435
0.0330127
0.0173892
0.0130876
0.00939261
0.0317234
0.430676
0.356401
0.00190822
0.000207234
0
0.00017087
0
0.0247307
0.430676
0.126265
0
0
0.00017087
0.0234588
0.0120107
0.0121167
0.235225
0.0997987
0.0616455
0.256587
0.177086
0.0237816
0
0
0.00423921
0.011022
0.320514
0.667479
0.335502
0.00330578
0
0.00544903
0.257656
0.0650099
0
0.00461325
0.00525919
0.0062643
0
0
0
0
0.0413499
0.176667
0.0452828
0.0115551
0.00893195
0
0.00589929
0.0165526
0.207046
0.420793
0.15606
0.0295879
0.0134397
0.00136234
0.00820442
0.0257758
0.420793
0.420793
0.244037
0.00863498
0.00223299
0
0
0
0.0498719
0.171101
0.0850397
0.0113754
0.00334948
0
0.00166002
0.00712834
0.206788
0.420793
0.197425
0.0166244
0.00199927
0.00614483
0.0105044
0.0288473
0.244538
0.392784
0.134415
0.0341934
0.0095873
0.0133106
0.0156272
0.0235812
0.207572
0.392784
0.149109
0.00207221
0.000461354
0.0111785
0.00408223
0.0225257
0.180947
0.392784
0.13838
0.0147308
0.00486591
0.0189924
0.00502484
0.0410367
0.341131
0.392784
0.161489
0.0556018
0.0187768
0.023773
0.025039
0.00254576
0.142024
0.342005
0.0767466
0.029039
0.0101281
0.0186758
0.0185219
0.0040398
0.0610046
0.115448
0.0706317
0.0284329
0.00900503
0.0114499
0.00919347
0.0500452
0.357608
0.441633
0.152097
0.0502818
0.011434
0.0110379
0.00854418
0.0377331
0.423752
0.441633
0.237508
0.0260307
0.0128766
0.0213204
0.0199109
0.00828945
0.0242777
0.0299688
0.0535713
0.0522675
0.141346
0.252122
0.0492322
0.0537347
0.0224691
0.0154438
0.037137
0.115169
0.0396881
0.0597638
0.0762906
0.018779
0.322895
0.452413
0.17083
0.0853256
0.318807
0.452413
0.379531
0.0944652
0.0889521
0.116922
0.0677348
0.0728256
0.0681132
0.0884947
0.0812254
0.147591
0.028677
0.0281115
0.0524509
0.184802
0.101752
0.0698011
0.393969
0.393969
0.0249934
0.00960048
0.0410998
0.215919
0.151096
0.0962435
0.0546345
0.0601584
0.0211214
0.0508888
0.143837
0.294432
0.112037
0.0883677
0.393969
0.366649
0.0288388
0.0506255
0.197823
0.0463235
0.0201046
0.0186787
0.392439
0.313376
0.00303177
0.000676521
0.00493394
0
0
0.00646197
0.368276
0.164295
0
0
0
0.0563601
0.0128641
0.0206076
0.392439
0.392439
0.0066049
0.0114851
0.0415237
0
0
0.00283464
0.369428
0.305228
0
0
0
0
0
0.00311913
0.599678
0.219458
0
0
0
0.00265532
0
0
0
0
0
0.00817036
0.0131302
0
0
0
0.490449
0.404083
0
0
0
0
0
0
0
0
0
0
0
0.0159634
0
0
0
0
0.00620066
0.0612656
0.0857189
0.0274316
0
0
0
0
0.24407
0.773681
0.398189
0.00388066
0
0
0
0
0
0
0.00388066
0.108522
0.0735088
0.0140962
0
0
0
0.00646162
0.0618376
0.00825491
8.45945e-005
0.00752889
0
0.00336497
0.102129
0.345993
0.153782
0.0231704
0.00211251
0.0129548
0.000157736
0.0274985
0.337031
0.541715
0.247021
0.109804
0.0633745
0.0100505
0
0
0.0025229
0.0239081
0.041506
0.359336
0.28264
0.0826902
0
0
0.0747314
0.248798
0.145943
0.00712908
0.00384005
0.0040927
0.0111311
0.0507108
0.213731
0.409088
0.12174
0.0241228
0.00702423
0.00644956
0.0279701
0.077053
0.409088
0.409088
0.153487
0.171514
0.222535
0.0596176
0.0253934
0.0570241
0.0786145
0.200141
0.0842283
0.132314
0.196419
0.0880291
0.0911655
0.131359
0.247914
0.263745
0.055434
0.0503843
0.0118928
0.0192258
0.0533018
0.0306385
0.319322
0.353766
0.0926436
0.0410304
0.0579182
0.110326
0.244989
0.0983594
0.160123
0.263343
0.0985145
0.113481
0.089643
0.0704475
0.0866155
0.0725785
0.266211
0.278349
0.0615672
0.106055
0.0460145
0.0429449
0.231924
0.3459
0.243794
0.281192
0.113471
0.108857
0.0945233
0.073549
0.135094
0.152658
0.0194433
0.0242095
0.0506187
0.0849686
0.0457823
0.0954749
0.409305
0.358571
0.0203722
0.0247547
0.0777562
0.0111189
0.0160465
0.0424833
0.303503
0.364998
0.0347326
0.00194915
0.000962708
0.00209677
0.00385709
0.0524755
0.409305
0.409305
0.00602232
0
0
0.0124087
0.00145885
0.0228988
0.391484
0.365778
0.00657105
0.00726005
0.021218
0
0
0.0018651
0.286891
0.253104
0
0
0
0
0
0.0150095
0.391484
0.391484
0.00355387
0
0
0.031514
0.0129237
0.00335776
0.358455
0.300256
0.0016064
0
0.00288981
0
0
0
0.0961778
0.0862363
0
0
0
0.0366173
0.0074994
0.000357726
0.000466213
0.000466213
0
0
0.00515683
0.208007
0.175659
0.0440914
0.117366
0.103679
0.000942903
0
0.0342509
0.57282
0.684219
0.106594
0.00437069
0.00186485
0
0
0.0721766
0.052831
0.0415496
0.00542905
6.91911e-005
6.91911e-005
0
0
0.00734776
0.168644
0.229687
0.034178
0
0
0.00483451
5.43211e-005
0.0278502
0.376261
0.4702
0.08358
0.00110443
0.00389888
0.00395906
0
0.0271229
0.4702
0.4702
0.225406
0.0227399
0.00543317
0.0252766
0.000217284
0.034431
0.169025
0.209067
0.0412727
0.00207262
0
0.00497612
5.59122e-005
0.0170674
0.28588
0.329125
0.125198
0.00829049
0
0.00224693
0.00423023
0.0415122
0.346707
0.394625
0.171705
0.0213515
0.000507323
0.0234659
0.00381729
0.00889846
0.394625
0.394625
0.227076
0.018889
0.00598368
0.0174331
0.00808833
0.0937154
0.178096
0.310193
0.12493
0.00910339
0.0137464
0.00513303
0.0133272
0.0497614
0.292673
0.313584
0.211074
0.0320367
0.0372442
0.0362529
0.0228304
0.0433844
0.307896
0.352341
0.201143
0.00727854
0.00903025
0.0115321
0.00716097
0.089964
0.321994
0.352341
0.279107
0.00907319
0.0249306
0.0251456
0.029046
0.0904606
0.382387
0.194669
0.147508
0.0513022
0.0966811
0.0876879
0.0481336
0.0883682
0.251666
0.0967186
0.0377646
0.155731
0.360601
0.137954
0.105229
0.128969
0.322204
0.157783
0.148541
0.0095071
0.135427
0.0844633
0.042524
0.112481
0.142776
0.0773273
0.0422521
0.0696807
0.347045
0.21802
0.227376
0.0885437
0
0.00400259
0.0215996
0.260668
0.275758
0.030695
0.000650841
0
0
0
0.00753045
0.391414
0.391414
0.00255063
0.00106138
0
0
0.0100737
0.0353345
0.325614
0.301016
0.0446296
0.0025532
0
0.00594277
0.00761248
0.0353153
0.391414
0.391414
0.0343415
0.0185499
0.00977063
0.000538273
0.0177721
0.00928238
0.381417
0.340486
0.0288947
0.00732979
0.0102855
0.137451
0.185799
0.0333923
0.246737
0.199861
0.0410493
0.00782889
0.0234542
0.0293229
0.0876755
0.0777094
0.280313
0.254221
0.0756816
0.0644649
0.0661928
0.387813
0.387813
0.157785
0.131486
0.0880829
0.0720278
0.0593338
0.0981641
0.176892
0.203376
0.0668419
0.0224405
0.0206438
0.0084984
0.00822175
0.0212484
0.259866
0.386673
0.131602
0.0129879
0.00018057
0.00544479
0.0114528
0.0399334
0.353491
0.386673
0.178593
0.0209504
0.00707482
0.0137851
0.0275313
0.0670263
0.344408
0.386673
0.230983
0.0179192
0.000157013
0.0127206
0.035863
0.105939
0.256465
0.374053
0.0982383
0.00782908
0.00737392
0.00869216
0.00290015
0.0166242
0.2823
0.374438
0.14702
0.0200517
0.0126024
0.0193279
0.00585375
0.0297926
0.315777
0.374438
0.132672
0.010273
0.00492625
0.00945419
0.0242596
0.0621065
0.282959
0.374438
0.0925574
0.0131584
0.0156121
0.0272261
0.0420391
0.0988697
0.331749
0.428914
0.213359
0.0293026
0.0051286
0.0324791
0.0181551
0.0413601
0.428914
0.428914
0.16279
0.0133709
0.0161994
0.0558756
0.0286582
0.111572
0.155348
0.330928
0.0935897
0.0314585
0.0219002
0.0424531
0.0418364
0.100691
0.135267
0.104927
0.0785542
0.0273061
0.0245435
0.0527901
0.0274032
0.0696045
0.523165
0.509999
0.182428
0.0242104
0.0544702
0.0722234
0.0279114
0.173811
0.24007
0.317604
0.18472
0.0394411
0.0963028
0.0780559
0.0841115
0.134978
0.1085
0.038651
0.066172
0.0306721
0.0485728
0.058357
0.0332313
0.0640167
0.0849567
0.0621522
0.0823768
0.14455
0.115324
0.059943
0.08404
0.0764113
0.136421
0.110998
0.0829223
0.028267
0.130055
0.144641
0.136557
0.091308
0.106478
0.0953013
0.0338043
0.0629408
0.329494
0.420115
0.459669
0.0798135
0.126735
0.106797
0.132573
0.136665
0.116217
0.0512636
0.115104
0.0922444
0.148454
0.147135
0.0961278
0.110169
0.229538
0.18337
0.135673
0.189926
0.0145897
0.0402868
0.025867
0.25818
0.19828
0.0418246
0.0231451
0.0015152
0.0635394
0.0431767
0.0369281
0.349131
0.266598
0.075723
0.17897
0.0460963
0.0257255
0.0467589
0.0264784
0.352355
0.265473
0.0531746
0.0834057
0.00720418
0.181574
0.091984
0.0701594
0.366652
0.354847
0.0488564
0.29215
0.101636
0.138916
0.156517
0.0661751
0.0943411
0.0724372
0.0471903
0.108958
0.079804
0.348986
0.373799
0.130211
0.0541738
0.00559255
0.0139442
0.0287189
0.108893
0.27618
0.297773
0.119097
0.154246
0.0980201
0.0198686
0.139753
0.0948591
0.373799
0.373799
0.184046
0.091866
0.0397744
0.000914452
0.0165633
0.144195
0.297411
0.281468
0.102203
0.0143341
0.00042216
0.00473078
0.012789
0.150694
0.290074
0.339007
0.0910186
0.00198579
0.000425573
0.013244
0.0279598
0.194239
0.339007
0.272837
0.0463473
0.00859478
0.002924
0.00205694
0.0343561
0.287178
0.339007
0.106441
0.0167104
0
0.000283715
0.00822775
0.0483833
0.339007
0.250894
0.274757
0.0462567
0.00136143
0.000160988
0.0114097
0.0532452
0.175918
0.245221
0.0871729
0.0188219
0.00678634
0.00507693
0.0159186
0.0515944
0.259098
0.398221
0.0656156
0.00609988
0
0.000107325
0.00750425
0.0772015
0.398221
0.398221
0.0124884
0.00123906
0.0011978
0.000725027
0.00658772
0.0547213
0.398221
0.176432
0.0257003
0.00956789
0.0169126
0.0178217
0.0131645
0.0363359
0.229304
0.131371
0.0116708
0.026839
0.0142146
0.0202916
0.0386046
0.0550287
0.177183
0.41164
0.00473556
0.000469426
0.0130919
0.0244731
0.0358049
0.0611586
0.41164
0.28066
0.0166365
0.0173702
0.04478
0.0565844
0.249621
0.39628
0.41164
0.0880407
0.036816
0.0350117
0.0124209
0.0200758
0.0686317
0.0498745
0.0726423
0.157883
0.145072
0.0776775
0.0682254
0.0445884
0.0390668
0.0408548
0.0276368
0.241273
0.14629
0.0805861
0.0283262
0.0393969
0.283445
0.434434
0.170209
0.503768
0.425581
0.163706
0.00911245
0.0134436
0.0513936
0.0837609
0.0784585
0.193337
0.145723
0.0868699
0.049919
0.0368473
0.0153543
0.0422152
0.0692558
0.173644
0.12675
0.0587335
0.0593645
0.100694
0.0371378
0.0762274
0.14511
0.466374
0.293329
0.0759677
0.00154968
0.00184643
0.0322897
0.0612908
0.146935
0.48898
0.165269
0.0138718
0.0213981
0.0700502
0.0929249
0.129246
0.38765