0.189824
0.0334175
0.0634041
0.0927057
0.113056
0.10162
0.0888378
0.304341
0.225936
0.0320929
0.0610822
0.0994178
0.0737071
0.0631511
0.0318166
0.256109
0.042539
0.00571205
0.0496199
0.418283
0.418283
0.0778088
0.0253514
0.0593578
0.0395303
0.0370328
0.100816
0.418283
0.295674
0.0514515
0.00864444
0.0292368
0.299166
0.0674482
0.0708639
0.0427701
0.0304327
0.0716676
0.112393
0.223536
0.204016
0.0556139
0.0616744
0.0227104
0.105942
0.166904
0.292147
0.350807
0.155873
0.14556
0.175986
0.23337
0.113599
0.0993798
0.0507141
0.0869134
0.227551
0.119563
0.0980201
0.0377405
0.063999
0.280981
0.33315
0.225058
0.174561
0.0741805
0.0538475
0.0310484
0.0780777
0.103939
0.222968
0.248954
0.252918
0.227709
0.0921451
0.108703
0.0723971
0.114005
0.153129
0.167068
0.0966107
0.0187843
0.0420311
0.0229099
0.0700663
0.228903
0.362631
0.197711
0.0872634
0.0496352
0.0388876
0.0860876
0.0539562
0.332774
0.401015
0.208896
0.173521
0.152831
0.183209
0.11038
0.0660887
0.100629
0.0420304
0.0931923
0.0920748
0.130337
0.246023
0.150076
0.236472
0.236996
0.166443
0.129982
0.101776
0.14299
0.0888668
0.0814148
0.0647442
0.264746
0.192443
0.128136
0.221398
0.434924
0.148303
0.0380299
0.141328
0.222387
0.171769
0.180509
0.0752725
0.13709
0.112834
0.104347
0.220251
0.181293
0.129392
0.0844127
0.138372
0.130698
0.067755
0.0600742
0.16538
0.0849175
0.146343
0.211709
0.314679
0.186893
0.0656781
0.0529556
0.107056
0.124059
0.102635
0.224665
0.442009
0.0277128
0.0131278
0.0407266
0.0712607
0.0552582
0.165323
0.442009
0.112408
0.0306965
0.023909
0.0317416
0.105189
0.046865
0.102182
0.136797
0.24326
0.0940944
0.0835477
0.0345608
0.0848995
0.0899652
0.09363
0.102282
0.455314
0.00835195
0.00613294
0.0188623
0.0446857
0.0154327
0.102496
0.455314
0.455314
0.119021
0.046978
0.0210628
0.0324697
0.0218268
0.0398443
0.362782
0.208119
0.117304
0.106479
0.0195072
0.0372276
0.0514869
0.0858709
0.120076
0.22897
0.0651677
0.0428615
0.024901
0.0767127
0.0707756
0.0805553
0.206378
0.457507
0.127831
0.0455301
0.00685539
0.0135614
0.0200003
0.0566169
0.279939
0.457507
0.0773627
0.011264
0.00376566
0.0215627
0.0338773
0.0689304
0.457507
0
0
0.00423154
0.382556
0.323707
0.00409954
0
0
0.00184058
0.0101553
0.0329262
0.315328
0.267457
0.0255575
0.00038249
0.00312059
0
0
0
0.382556
0.382556
0
0
0
3.10028e-005
0.00162835
0.0327972
0.377297
0.319148
0.0113921
0.000254993
0.00275921
0.0790489
0.141569
0.20903
0.325626
0.222184
0.103687
0.00847378
0.0293095
0.206643
0.162462
0.209738
0.135748
0.0638152
0.195234
0.201585
0.136286
0.0066099
0.0266011
0.226788
0.461104
0.292949
0.03623
0.00093493
0.0101166
0.0342738
0.0314
0.193498
0.254899
0.0765299
0.0503343
0.056637
0.0332507
0.0463528
0.0177601
0.0518972
0.0161495
0.0418683
0.228589
0.275815
0.125967
0.0196247
0.00689309
0.0349788
0.00766728
0.0368892
0.392366
0.491249
0.198023
0.0203815
0.00335683
0.01762
0.022699
0.0100578
0.134527
0.144216
0.0593199
0.0297092
0.00247762
0.0323561
0.00271085
0.0313063
0.307346
0.396678
0.251176
0.0831137
0.0774558
0.0256176
0.00522152
0.0355081
0.200976
0.233567
0.163841
0.229165
0.261418
0.0382495
0.0623992
0.024119
0.0776653
0.105411
0.195753
0.0292897
0.00689916
0.0325068
0.000765615
0.0362132
0.261958
0.326807
0.200733
0.0690986
0.0221697
0.0152749
0.0885218
0.0352004
0.374449
0.455713
0.23366
0.211385
0.10341
0.0117443
0.0460573
0.0103922
0.040183
0.0340277
0.155354
0.374811
0.0230516
0.00140728
0.0104804
0.00238891
0.0253852
0.0347548
0.374811
0.0969695
0.0338552
0.00046221
0.0609647
0.0368031
0.233409
0.276706
0.156077
0.307468
0.0221034
0
0.00990368
0.0247635
0.238145
0.374811
0.36165
0.367718
0.00287826
0.001575
0.000844096
0
0.00579232
0.0224994
0.305749
0.367718
0.0216603
0.0125824
0.0031534
0
0.00590105
0.00850322
0.363279
0.272789
0.0141492
0.00451942
0.00299461
0.0023595
0.124547
0.307473
0.249589
0.307152
0.0345384
0.0518138
0.0265704
0.00914695
0.107021
0.134076
0.301577
0.382781
0.0184112
0.00762864
0.00307071
0
0.000858325
0.00395557
0.300839
0.382781
0.0163078
0.000307333
0.000584924
0
5.80169e-005
0.00516344
0.382781
0.26851
0.0125361
0.0358074
0.036738
0.0140049
0.0380578
0.0383165
0.285834
0.382781
0.0299837
0.0220261
0.0686878
0.0167537
0.0173592
0.0396492
0.3418
0
0
0
0.3913
0.325912
0
0
0
9.6008e-006
0
0.0125282
0.334841
0.255201
0.00625564
0
0.00085446
0
0
0
0.3913
0.364234
0.00124147
0
0
0
0
0.0032189
0.3913
0.292295
0.0113676
0
0
3.64245e-005
0
0.0856403
0.428202
0.289996
0.0261084
0
0.00324173
0.00119845
0
0.063317
0.171804
0.10596
0.00980757
0.00184509
0.00199978
0
0
0.0301768
0.623196
0.39645
0.0466904
0
0
0
0
0.0242733
0.200503
0.163323
0.016126
0
0
0.0336792
0
0.0144002
0.052908
0.0364829
0.0667689
0.0856833
0.0865465
0.120777
0.00369383
0.0331999
0.0100206
0.0356012
0.349241
0.59281
0.523571
0
0
0.00580404
0.0347771
0.0300094
0.00325287
0
0
0.010456
0
0
0.00338989
0.00338989
0.00018614
0.0165663
0.010456
0.0215941
0.00238369
0.0125993
0.00343316
0.0111937
0.21826
0.260259
0.11392
0.0250067
0.00485109
0.00674401
0.0214673
0.0135512
0.492917
0.615323
0.293404
0.00937858
0
0
0.00228877
0.00228877
0.0183039
0.0372421
0.0255714
0.0261838
0
0
0.00152585
0.00371746
0.0952768
0.241163
0.175694
0.0116066
0.00561705
0
0.0103256
0.0306312
0.238003
0.39029
0.119118
0.0532953
0.0037447
0
0.00167786
0.0475087
0.27661
0.432524
0.264327
0.00882772
0
0
0
0.00968245
0.114298
0.251927
0.0732544
0.0202437
0
0
0
0.052414
0.272297
0.432524
0.218681
0.0532586
0.00712595
0.00219445
0.00423414
0.0111239
0.200427
0.36383
0.15134
0.0792963
0.0159117
0.0184083
0.0225817
0.0141782
0.275671
0.319534
0.150501
0.0271572
0
0.00028327
0.00105853
0.0319851
0.271186
0.350512
0.157673
0.0681757
0.00213289
0.00113308
0.00893886
0.0280169
0.36959
0.36959
0.234155
0.11381
0.0198329
0.0197706
0.0487203
0.0281431
0.141317
0.161822
0.15071
0.266854
0.0406539
0.0533894
0.132125
0.0414481
0.0432309
0.0655689
0.139537
0.276782
0.0212436
0.00307913
0.026485
0.0278621
0.227503
0.400831
0.342288
0.400831
0.0371468
0.0287709
0.0590937
0.0291912
0.0678422
0.115766
0.400831
0
0
0.00132452
0.396267
0.276628
0.00188217
0
0
0
0
0
0.396267
0.260457
0.00646163
0
0
0
0
0.00678652
0.396267
0.268669
0.00250755
0.00170444
0
0
0
0.000480149
0.396267
0.340596
0.00135882
0
0
0
0
0.00373557
0.455894
0.310974
0.0201694
0
0
0
0
0.00560335
0.150565
0.109836
0.0055364
0
0
0
0
0.000110101
0.563385
0.477187
0.00415832
0
0
0
0
0.000165152
0.177617
0.167386
0.00103958
0
0
0
0
0.0300262
0.16286
0.100356
0.00317697
0
0
0
0
0
0
0
0
0
0
0
0
0.000884988
0.13552
0.125027
0
0
0
0
0
0
0
0
0
0
0
0.0177688
0
0
0
0
0
0
0.0177688
0.0951118
0
0
0
0.0347878
0.0898219
0.370549
0.225407
0
0
0
0
0
0
0
0
0.200929
0.0729632
0
0.0174227
0.0174227
0
0
0.0674129
0.0137395
0
0
0
0.00827678
0.0639504
0.125156
0.0558496
0.0391522
0.000355003
0
0
0.0461689
0.303554
0.641518
0.317555
0.0878413
0.0382011
0.00766461
0.00083691
0.00083691
0
0
0.0207251
0.364974
0.325953
0.105027
0
0
0.0146748
0.0500149
0.137365
0.0223374
0.00593884
0
0
0.0205217
0.167079
0.32121
0.13542
0.0771963
0.0189211
0.0257775
0.0391115
0.119916
0.281651
0.436692
0.228142
0.159894
0.21551
0.10361
0
0.00885544
0.0242233
0.061484
0.0692175
0.197698
0.436692
0.268198
0.0819423
0.132067
0.135391
0.126162
0.0967253
0.152691
0.00791742
0.0261079
0.0323362
0.0753997
0.178217
0.318713
0.229144
0.297505
0.0150832
0.0210185
0.0335021
0.0221773
0.148018
0.171756
0.27728
0.124818
0.286401
0.20414
0.0806715
0.0896514
0.127927
0.126799
0.0970367
0.159568
0.387575
0.305743
0.123474
0.0289496
0.141781
0.141194
0.0702534
0
0
0.00817579
0.411982
0.192006
0.0014552
0.00121761
0
0
0
0.00128669
0.411982
0.255385
0
0
0
0
0.00171683
0.00732616
0.411982
0.287431
0
0
0
0
0
0.00141552
0.411982
0.308988
0
0
0
0
0
0.00120027
0.488348
0.353743
0
0
0
0
0
0
0.145587
0.131916
0
0
0
0.000220808
0
0.0018004
0.572317
0.390387
0
0
0.000220808
0.00565006
0.00637849
0
0.197481
0.149469
0
0
0.00238062
0.000113354
0
0
0.00961598
0.00961598
0
0
0.000113354
0.00743596
0
0.00248944
0.00227757
0
0
0
0.00743596
0.157112
0.0740395
0.0352645
0.0113814
0.0122876
0
0
0.0160616
0.651026
0.505497
0.345255
0.0105592
0.00144891
0
0
0.144044
0.0181065
0.0114557
0.00296245
0.00213677
0
0
0
0.0086415
0.123989
0.10528
0.0534808
0.00370342
0.0022789
0
0
0.0238238
0.234569
0.306666
0.155748
0.00953448
5.54096e-005
0
0
0.0628774
0.517024
0.602231
0.316944
0.0086153
0.00151927
0
0
0.048361
0.107977
0.120933
0.0558301
0.000800597
0.000800597
0
0
0.0147034
0.230872
0.342302
0.110212
0
0
0
0
0.0250018
0.241811
0.455386
0.192606
0.000632887
0.000533731
0
0
0.0159441
0.408927
0.455386
0.253393
0
0
0
0
0.0104449
0.167678
0.298615
0.108213
0
0.000810141
0.000863306
0
0.0119772
0.202487
0.391586
0.196666
0.0153098
0.0111646
0.00838966
0.00065193
0.0205646
0.308836
0.391586
0.148471
0.0148435
0.00170154
0.00397026
0.012829
0.051753
0.257888
0.391586
0.294099
0.0565758
0.0217695
0.0285214
0.036112
0.11061
0.246161
0.405674
0.190898
0.0238383
0.0164101
0.0104154
0.00656035
0.0536048
0.247983
0.405674
0.244578
0.0448188
0.00871368
0.0124063
0.0276512
0.0583478
0.208547
0.354237
0.212777
0.029567
0.0547721
0.0563612
0.0659743
0.101999
0.16899
0.27276
0.0803418
0.010356
0.0676393
0.0939445
0.141063
0.152336
0.0229571
0.0294674
0.065399
0.387094
0.253875
0
0.000407527
0.00996315
0
0.00227932
0.017089
0.438673
0.311585
0.00746272
0
0
0.185718
0.098346
0.136282
0.229842
0.152666
0.030525
0.0226368
0.120041
0.0448077
0.0373495
0.0549491
0.438673
0.290241
0.0815815
0.0249587
0.0397164
0.00779735
0.0163786
0.00794419
0.408022
0.279595
0.0215089
0
0.00563408
0.0863196
0.119318
0.0104529
0.110967
0.0971657
0.0106148
0
0.0236981
0.0620374
0.180029
0.0533366
0.364295
0.261582
0.138568
0.0697169
0.0653782
0.298881
0.505856
0.168929
0.0507935
0.0791867
0.051883
0.0355129
0.071759
0.103498
0.141527
0.0350153
0.000851775
0.00134278
0
0
0.0113814
0.187339
0.287047
0.144666
0.00632202
0.00277452
0
0
0.0219324
0.228803
0.464075
0.152514
0.00608236
0.00900471
0
0
0.0256859
0.462646
0.464075
0.23881
0.0120643
0.0126131
0
0.00126085
0.067711
0.134194
0.262002
0.103928
0.0154689
0.00306073
0
0
0.0267775
0.237121
0.429046
0.12877
0.0104373
0.000760998
0
0
0.0275478
0.329974
0.429046
0.134887
0.022972
0.0162566
0.0136537
0.00334239
0.0401566
0.295382
0.429046
0.101429
0.0157384
0.0404908
0.0397495
0.0272779
0.0422928
0.223982
0.393306
0.115515
0.000118064
0
0.00127978
0.000298031
0.0154252
0.33597
0.393306
0.166221
0.00170734
0
0.00191967
0.000447046
0.0409182
0.233773
0.393306
0.0741343
0.00152503
0.0298933
0.0316022
0.0200115
0.0241644
0.299724
0.333923
0.121611
0.0438901
0.0173816
0.0226549
0.00326475
0.0956249
0.329829
0.409768
0.150884
0.0432447
0.0032631
0.00793594
0.0246776
0.0904518
0.168384
0.279896
0.202863
0.128058
0.0756473
0.0558052
0.0992209
0.135663
0.274454
0.2417
0.201075
0.131263
0.025035
0.00697809
0.00645063
0.10012
0.191024
0.221526
0.278156
0.186798
0.131256
0.0473458
0.128048
0.109875
0.0956523
0.134026
0.124259
0.0701617
0.171663
0.109978
0.173038
0.155699
0.101892
0.100635
0.0473836
0.0145811
0.248942
0.252307
0.190787
0.168455
0.142819
0.106316
0.0976667
0.148107
0.226028
0.12712
0.348286
0.210757
0.159633
0.155735
0.0417917
0.0795078
0.293889
0.234498
0.296281
0.121554
0.15752
0.101296
0.108611
0.0862344
0.152113
0.104168
0.0421273
0.104671
0.0646857
0.104313
0.0700891
0.32878
0.225624
0.148572
0.0649907
0.0835405
0.136417
0.142993
0.136296
0.0659653
0.144818
0.19249
0.187772
0.057075
0.235115
0.430804
0.227061
0.101404
0.151513
0.199107
0.324491
0.119062
0.0903536
0.204218
0.0633785
0.105044
0.0745651
0.0599197
0.0399243
0.0558925
0.25958
0.390444
0.172897
0.00878593
0.0221221
0.0146239
0.0349286
0.0504475
0.224544
0.390444
0.205827
0.0194326
0.0442343
0.0369964
0.0735138
0.0859448
0.328795
0.390444
0.22169
0.00575113
0.0153895
0.0912194
0.181359
0.123995
0.214746
0.40497
0.197809
0.0153838
0.0196628
0.0283066
0.0200231
0.0191825
0.359244
0.40497
0.191417
0.0266901
0.0556646
0.0348272
0.0200443
0.0442965
0.212542
0.26643
0.154916
0.0529948
0.042613
0.127932
0.185479
0.0838338
0.161848
0.173551
0.129367
0.0988591
0.13914
0.0984868
0.21669
0.099856
0.388923
0.443114
0.108713
0.0168499
0.0510685
0.0878367
0.049183
0.0574062
0.163034
0.321974
0.052821
0.00976169
0.0879576
0.242512
0.156674
0.0636431
0.112196
0.0638559
0.0891975
0.052941
0.0958987
0.135286
0.203365
0.090252
0.0856749
0.076664
0.186528
0.0271791
0.0759227
0.368526
0.230569
0.065092
0.187992
0.227448
0.0728573
0.0203065
0.12033
0.215287
0.126798
0.060296
0.365568
0.150311
0.145447
0.133749
0.0820365
0.0913184
0.0135819
0.143445
0.149117
0.0872737
0.144163
0.0518779
0.113051
0.464553
0.237419
0.0525195
0.257511
0.104776
0.165414
0.112232
0.0975951
0.227811
0.106716
0.0993424
0.359301
0.137329
0.153341
0.162398
0.076463
0.0234461
0.00418539
0.13412
0.283835
0.265
0.258446
0.16453
0.139629
0.152281
0.190425
0.139532
0.232384
0.0880639
0.112768
0.0721643
0.124512
0.100273
0.0283463
0.102514
0.162243
0.146576
0.108445
0.0557689
0.134765
0.279098
0.26
0.190569
0.0802166
0.101335
0.0786722
0.120987
0.141442
0.266019
0.321844
0.0989141
0.0612865
0.118403
0.0858284
0.11783
0.252643
0.250235
0.256049
0.0636974
0.0701554
0.0868419
0.0536165
0.0968759
0.101127
0.296175
0.236675
0.101343
0.142676
0.224248
0.182757
0.232754
0.186047
0.192645
0.130133
0.197611