0
0.00108919
0.00248289
0.345441
0.335121
0.0004529
0
0
0.0120329
0.00983925
0.0463773
0.339904
0.313034
0.00616997
0
0.00201751
0
0.00224198
0.00636679
0.358518
0.357814
0.00230903
0
0
0.02772
0.0312016
0.0364945
0.358518
0.358518
0.00991992
0
0.00258014
0.0673174
0.0425185
0.0630521
0.161485
0.164887
0.0213946
0.0199333
0.0587804
0.140923
0.0704018
0.0589163
0.0591082
0.0722552
0.0520978
0.113022
0.147296
0.115336
0.140831
0.0978493
0.421035
0.206885
0.0179104
0.0850969
0.193498
0.173732
0.104963
0.0496931
0.103199
0.0487998
0.277813
0.432151
0.432151
0.0914949
0.0599825
0.0773491
0.0531233
0.0391351
0.0706722
0.10051
0.099224
0.0294194
0.022444
0.0292417
0.0220359
0.0303896
0.0862974
0.0746232
0.056241
0.0869346
0.0151904
0.0097046
0
0.0265459
0.375484
0.520704
0.325874
0.0381191
0.00786777
0.00682173
0.0059911
0.0259581
0.213604
0.520704
0.188719
0.0577367
0.0704234
0.029247
0.0647357
0.0815253
0.140955
0.126247
0.0850058
0.125318
0.147972
0.0797785
0.138257
0.089284
0.0843666
0.0680508
0.122172
0.1166
0.0546667
0.035205
0.0803849
0.0414961
0.19581
0.533757
0.447894
0.0636902
0.0809636
0.0390794
0.144058
0.0865528
0.167362
0.175719
0.262786
0.140606
0.165787
0.119223
0.143279
0.111269
0.0773619
0.0798439
0.24763
0.155145
0.161551
0.0850912
0.183117
0.204809
0.274671
0.250427
0.306772
0.0691748
0.0987472
0.0307272
0.110959
0.101006
0.162569
0.125729
0.153007
0.158917
0.108908
0.0255052
0.105863
0.108945
0.272175
0.191566
0.26195
0.0960488
0.0307335
0.0321854
0.0692066
0.0998155
0.150454
0.180055
0.334476
0.160289
0.122345
0.0549672
0.00963809
0.0888461
0.155541
0.150916
0.494714
0.185648
0.0638946
0.0232193
0.0485238
0.0431735
0.101576
0.118341
0.267197
0.187183
0.0974622
0.0756771
0.0544548
0.0916399
0.176385
0.16851
0.312233
0.127051
0.273647
0.0825832
0.0196638
0.105921
0.0712228
0.0882925
0.119374
0.0852826
0.218342
0.157324
0.104917
0.261692
0.0708451
0.145244
0.0420557
0.0931399
0.131379
0.155705
0.0808991
0.162215
0.144641
0.147475
0.0676188
0.156245
0.127222
0.136273
0.0853436
0.324411
0.220166
0.45203
0.180478
0
0.0028948
0.0100913
0.34416
0.286737
0.00647554
0.000244008
0
0.0193606
0.0105002
0.0260977
0.370689
0.299363
0.00714579
0.000162672
0.000298472
0
0.000696945
0.00724123
0.348731
0.370689
0.0135987
0.000976031
0
0.00433694
0.00061418
0.00459217
0.370689
0.370689
0.00947177
0.000650687
0
0.0523919
0.0473151
0.0600142
0.398663
0.21038
0.0178301
0.036336
0.0854728
0.0849374
0.0424551
0.0345572
0.146832
0.0885539
0.213096
0.397025
0.231356
0.0224567
0.0141705
0.0199151
0.398663
0.398663
0.0141881
0.00323225
0.0116142
0.101249
0.0982035
0.065608
0.223831
0.165502
0.0841473
0.0703799
0.10294
0.0296354
0.00473494
0.00130913
0.0067986
0.0257748
0.220448
0.418465
0.178522
0.0175162
0.0018181
0.000512836
0.000799501
0.020447
0.173442
0.418465
0.247076
0.0974634
0.0560712
0.0253385
0.0289962
0.0415733
0.101369
0.179204
0.187851
0.0735364
0.00347985
0.00687412
0.00230672
0.0933588
0.228452
0.418465
0.315285
0.020625
0.00200508
0.00138739
0.00302681
0.00952633
0.152508
0.322905
0.209574
0.0101893
0.00330781
0.00119512
0.00817306
0.0129345
0.143879
0.176335
0.0788
0.0537541
0.00236928
0.0242722
0.00633123
0.0804397
0.338587
0.421785
0.248214
0.0403666
0.00355393
0.0232661
0.00539244
0.0398137
0.305991
0.421785
0.297407
0.0201536
0.00834818
0.00154417
0.017653
0.0154025
0.0707807
0.0994212
0.0392111
0.0367018
0.015854
0.00201163
0.0222341
0.0138643
0.0412742
0.039907
0.0579916
0.10833
0.00132937
0.00496816
0.0088339
0.0272242
0.222631
0.562855
0.417379
0.111972
0.00433376
0.000504677
0.010927
0.0115857
0.15061
0.457482
0.34664
0.114313
0.0582586
0.00697681
0.0655229
0.0555
0.0556904
0.054261
0.150528
0.113876
0.0614647
0.0333651
0.109599
0.12146
0.144662
0.122179
0.15563
0.0715618
0.0399314
0.0051173
0.0377122
0.0490075
0.253067
0.517871
0.302334
0.0887678
0.0743987
0.026796
0.0834868
0.16499
0.396749
0.254021
0.116019
0.041236
0.0192071
0.0706968
0.0980111
0.116426
0.135371
0.0757699
0.0314513
0.100175
0.0658816
0.100189
0.0690465
0.193179
0.241716
0.252216
0.100961
0.0232582
0.00944294
0.0191279
0.0588338
0.132879
0.414594
0.122708
0.0329305
0.0279559
0.0532558
0.073895
0.0797955
0.19654
0.580105
0.261145
0.0768745
0
0
0.00130778
0.297638
0.300422
0.00916554
0.000276783
0
0
0
5.85085e-005
0.364323
0.364323
0.00179737
0.000184522
0
0
0
2.36642e-005
0.364323
0.348054
0.0129212
0
0
0
0
0
0.364323
0.364323
0.00148971
0
0
0.00183949
0.0040483
0.00888048
0.420347
0.377889
0.00743201
0
0
0.0374996
0.0586656
0.0644427
0.243887
0.193295
0.015793
0.00427426
0.0364547
0
0
0.00388904
0.420347
0.353391
0.00453482
0
0
0.00331656
0
0.0165658
0.363451
0.311889
0.00680223
0
0.0020558
0.163034
0.0957577
0.0873982
0.169704
0.135778
0.0678773
0.0518277
0.295991
0.160133
0.00302964
0.0302798
0.00999649
0.185483
0.361318
0.325556
0.422633
0.0184273
0
0.0218339
0.314481
0.330209
0.013604
0.00989249
0.0290971
0.0322333
0
0.00805189
0.0134228
0.042221
0.0990485
0.155857
0.138668
0.0873788
0.00843267
0.0612628
0.0123761
0.116006
0.213633
0.251725
0.202269
0.11967
0.0252117
0.0721998
0.0301196
0.140315
0.251283
0.507507
0.385749
0.0370883
0.00434029
0.0191712
0.00820638
0.0303391
0.104367
0.129101
0.123479
0.0994677
0.0567612
0.0372301
0.0393204
0.162375
0.189992
0.241407
0.286861
0.0515506
0.0189762
0.0268979
0.0117774
0.0647914
0.16688
0.415733
0.239123
0.0324179
0.0124124
0.0148112
0.0119348
0.0155789
0.204695
0.415733
0.240516
0.0333835
0.0721799
0.0583537
0.039129
0.140334
0.122766
0.233108
0.149725
0.0254044
0.0520714
0.0572711
0.0905397
0.11783
0.211409
0.415733
0.222484
0.00857914
0.00291829
0.000224895
0.00383514
0.00277179
0.103321
0.333531
0.123033
0.00971281
0.00480888
0.00421234
0.00701229
0.0225094
0.0906216
0.152661
0.0727096
0.0222574
0.0093637
0.0142236
0.0506464
0.0533704
0.264001
0.425004
0.280699
0.0157919
0.00653168
0.0245975
0.0116551
0.0332922
0.414531
0.425004
0.30557
0.00660241
0.00970898
0.019315
0.0469322
0.0688443
0.198545
0.0796307
0.037532
0.035792
0.0137366
0.0385346
0.128985
0.0916585
0.24917
0.100036
0.0575282
0.036133
0.046588
0.0466717
0.0615229
0.0453589
0.279706
0.590581
0.315977
0.106515
0.221029
0.184747
0.211448
0.0856281
0.0983572
0.200217
0.22204
0
0
0
0.326516
0.297282
0.011881
0
0
0
0
0
0.371838
0.296564
0.0055021
0
0
0
0.00028306
0.00397469
0.371838
0.356254
0.00670673
0
0
4.66752e-005
0
0.000253476
0.371838
0.371838
0.00440053
0
0.000200429
0
0
0.00453873
0.42083
0.248348
0.000236634
0
0
0
0
0.00680809
0.284808
0.271725
0.000354951
0
0
0.000222359
0
0.00113468
0.42083
0.364771
0
0
0.000954836
0.000148239
0
0.00170202
0.381204
0.330288
0
0
0.000636557
0.000154569
0
0.00351508
0.371568
0.432564
0.000366975
0.000403734
0.000154569
0.00475357
0
0
0.0159579
0.0160991
0.000537692
0.0141529
0.0219546
0
0
0.000878771
0.549137
0.526881
0
0
0
0
0
0
0.0213265
0.0213265
0
0
0
0.0230332
0
0
0.00596812
0.00859047
0.103494
0.118797
0.129874
0.138968
0.0834656
0.0119982
0.0309931
0.243042
0.256525
0.481661
0.628373
0.00274575
0
0
0
0
0
0
0.00274575
0.0209264
0.0116428
0.00215165
0.000140271
0.0297981
0.0049858
0.0137072
0.0196943
0.0292937
0.0524506
0.0490486
0.0369495
0.170294
0.131855
0.188005
0.167063
0.0706628
0.0471982
0.0644358
0.109243
0.213255
0.316276
0.515557
0.356942
0.0446395
0.0240838
0.00145569
0.0010529
0.0281559
0.023262
0.0396387
0.0598018
0.16414
0.21775
0.0276254
0.00744606
0.0381973
0.182607
0.299958
0.218465
0.0301226
0.0187083
0.027212
0.0335296
0.0674053
0.237461
0.256905
0.167641
0.0279
0.0410835
0.0721125
0.0116673
0.0651604
0.332203
0.422106
0.342563
0.053519
0.214837
0.0862667
0.0101894
0.0320586
0.127497
0.1561
0.0928006
0.156484
0.334692
0.228503
0.0347186
0.0781909
0.100198
0.165411
0.204649
0.023006
0.0309373
0.0288948
0.00585599
0.0190366
0.135502
0.365125
0.250193
0.0970186
0.177123
0.151225
0.0322808
0.0156244
0.0707648
0.150631
0.283551
0.154899
0.135182
0.128473
0.0192456
0.0586843
0.0610125
0.171379
0.209043
0.327778
0.3232
0.304925
0.029716
0.0325019
0.0520446
0.126627
0.329927
0
0.000963092
0.0194069
0.350558
0.237928
0.000410546
0
0
0.000158809
0
0.00740539
0.385004
0.342032
0.000838319
0.00144684
0.000681947
0
0.000642062
0.0220109
0.385004
0.26679
0.0125512
0
0
0.000105873
0
0.013019
0.385004
0.385004
0.00612208
0.00293439
0.000454632
0.000764743
0
0.0062997
0.443922
0.26986
0.00271893
0.00841201
0.00486307
0.000509829
0
0.00483806
0.373258
0.19084
0.00181262
0.00681198
0.00455802
0.00121454
0.00450208
0.0286144
0.443922
0.307385
0.0100379
0.0199096
0.00850593
0.00154402
0.00769627
0.0339343
0.443922
0.135822
0.00978673
0.0180889
0.0109345
0
0
0.00397997
0.521549
0.331763
0
0.00111345
0.00121703
0
0.0015473
9.10176e-005
0.0166105
0.0166105
0
0
0
0.0236863
0.0663973
0.0275268
0.571004
0.256775
0.0076761
0.00445379
0.0126569
0.284039
0.161495
0.0443467
0.014122
0.014607
0.00113155
0
0.120434
0.0157124
0.0106636
0.00017577
0
0
0
0
0.00390124
0.129146
0.0726456
0.0235603
0.00281065
0
0
0
0.0270306
0.181686
0.160249
0.186064
0.0474812
0
0
0.0105148
0.0790877
0.606725
0.524191
0.370335
0.0824644
0.0400994
0.00801986
0.042059
0.140885
0.087191
0.0967396
0.0518316
0.0045359
0.000131739
0.00147788
0.00517203
0.0123096
0.21029
0.251862
0.0940959
0.01931
0.0272374
0.0144875
0.0195225
0.0200553
0.342495
0.340371
0.165609
0.0221658
0.0282331
0.0115581
0.0254023
0.0360585
0.44043
0.44043
0.400615
0.0477303
0.045329
0.0133354
0.0291353
0.0147273
0.119391
0.22355
0.0998838
0.0176358
0.0192614
0.020345
0.015928
0.0142517
0.252877
0.372085
0.243495
0.0322026
0.0174448
0.0157824
0.0112042
0.0278228
0.343284
0.372085
0.205567
0.0228949
0.0227226
0.0089603
0.00314836
0.00473235
0.372085
0.372085
0.214124
0.0129202
0.00853983
0.00941653
0.00906321
0.0186564
0.370308
0.296829
0.199137
0.0222449
0.0281189
0.00514621
0.0316068
0.0424335
0.319814
0.351372
0.346329
0.0378394
0.0213861
0.0164843
0.0427781
0.0647771
0.294172
0.344092
0.131867
0.010795
0.0152312
0.00734811
0.0315195
0.0403629
0.124796
0.190337
0.203946
0.131739
0.0278587
0.0191809
0.0382641
0.0279519
0
0
0.00364286
0.287485
0.275668
0.0142724
0.00032815
2.4183e-005
0
0
0.00400316
0.375709
0.365663
0.0040552
0.000580328
0
0
0.000584142
0.00563355
0.32302
0.375709
0.00601565
0.0013126
9.67322e-005
0.000102094
0.00296073
0.0208756
0.375709
0.375709
0.0254375
0.00708446
0
0.0046081
0.0179835
0.0282063
0.431632
0.305447
0.0141502
0.00980131
0.00344429
0.0191982
0.0361827
0.0381926
0.230746
0.135306
0.0649278
0.063942
0.0258866
0.00551808
0.0420233
0.0463915
0.431632
0.431632
0.0918849
0.0403744
0.00706281
0.0811764
0.222991
0.0999788
0.184504
0.196479
0.131544
0.202994
0.0918653
0.0355498
0.106324
0.0389669
0.0646179
0.0726032
0.0337759
0.0435873
0.0290542
0.191843
0.187964
0.0763625
0.00513623
0.0386269
0.00615084
0.00851353
0.0883009
0.170378
0.399408
0.193524
0.0660098
0.0446931
0.0534525
0.139166
0.0997605
0.473145
0.473145
0.319099
0.0784332
0.0555256
0.0330342
0.0403437
0.111299
0.135048
0.132296
0.0909129
0.0214474
0.0143638
0.00586526
0.00637775
0.0625315
0.242256
0.40493
0.160006
0.0336958
0.0144597
0.00565966
0.0223127
0.043432
0.376755
0.40493
0.162527
0.0170796
0.0215457
0.0179021
0.0088632
0.0811706
0.317923
0.40493
0.194523
0.0159622
0.00922609
0.0112639
0.0296866
0.122222
0.337862
0.399873
0.136025
0.0158265
0.0167453
0.00479949
0.0157898
0.0212694
0.35487
0.399873
0.229189
0.0206928
0.0122199
0.00463624
0.0231063
0.0396532
0.218397
0.399873
0.174342
0.0322204
0.00579217
0.00497267
0.0291433
0.057486
0.176311
0.19743
0.0798627
0.0291406
0.0144654
0.00401477
0.0304415
0.0620865
0.399651
0.565181
0.317683
0.0320907
0.0183739
0.0126704
0.0183638
0.0517509
0.318305
0.396096
0.146955
0.0348418
0.0228194
0.0312341
0.0343022
0.036736
0.127941
0.121053
0.0632552
0.0173394
0.0219768
0.0251241
0.0409774
0.108361
0.0410971
0.0512495
0.0750541
0.0542887
0.0509083
0.0621971
0.0472928
0.0562919
0.0963849
0.157448
0.0558169
0.0213664
0.025442
0.0433109
0.0951334
0.0521786
0.0237602
0.0603191
0.238088
0.468891
0.141955
0.065297
0.0892775
0.027066
0.0178746
0.0114657
0.0371065
0.0558179
0.0567731
0.0761899
0.0845494
0.0295156
0.0232455
0.0134137
0.132892
0.400608
0.434866
0.368928
0.206068
0.0685334
0.00400223
0.00335319
0.0239121
0.346411
0.310475
0.00253557
0.000747792
0.00801454
0.0088076
0.0240261
0.0461878
0.374515
0.342682
0.0577289
0.0703109
0.0564484
0.0228551
0.0105335
0.053005
0.374515
0.274581
0.00539555
0.0187917
0.0557642
0.045771
0.0572727
0.0482203
0.374515
0.287897
0.0355287
0.0986079
0.0972993
0.0168122
0.0778893
0.0480037
0.227093
0.255691
0.11981
0.112764
0.165892
0.159574
0.368897
0.12977
0.0767475
0.0940647
0.0744225
0.100787
0.158904
0.0932781
0.110425
0.0517695
0.114924
0.100764
0.0732823
0.190497
0.341374
0.237235
0.302635
0.174745
0.105834
0.0505695
0.0412799
0.138036
0.362121
0.189251
0.398926
0.180288
0.0538728
0.00546705
0.0107331
0.0336966
0.072488
0.335015
0.398926
0.259047
0.0591929
0.00741038
0.0522437
0.029528
0.0630942
0.2014
0.351883
0.150631
0.0805242
0.0250175
0.0150114
0.029737
0.173356
0.131988
0.288955
0.143918
0.0656154
0.02492
0.0556135
0.030832
0.134308
0.451634
0.537566
0.241993
0.034685
0.0189887
0.0783013
0.0419326
0.104496
0.237485
0.399328
0.140277
0.0292252
0.0266552
0.0414191
0.041852
0.231939
0.0629835
0.14755
0.0985221
0.0520747
0.0606858
0.0900814
0.0397857
0.082866
0.0335582
0.029533
0.0222316
0.0569986
0.0804845
0.0572007
0.0311576
0.0764824
0.281782
0.460953
0.299165
0.174389
0.102604
0.0950195
0.115469
0.327247
0.154018
0.145465
0.166368
0.124391
0.0887472
0.0450489
0.0691818
0.123831
0.0956882
0.0568603
0.0645801
0.199038
0.178736
0.0964695
0.0871781
0.113433
0.11171
0.063712
0.107573
0.120548
0.128563
0.0459893
0.0487187
0.1043
0.218447
0.0789488
0.0488875
0.0110767
0.0743627
0.128558
0.132384
0.24716
0.258423
0.0860653
0.161092
0.180732
0.188981
0.207634
0.187672
0.222642
0.116844
0.045658
0.0814208
0.0449962
0.0675797
0.114856
0.145459
0.174498
0.262141
0.0720306
0.0928426
0.128855
0.208021
0.168781
0.219706
0.196512
0.0904058
0.0238809
0.0567296
0.126174
0.09198
0.0752317
0.107358
0.0611342
0.102221
0.0565776
0.0244986
0.173469
0.352991
0.523316
0.346392
0.277131
0.129461
0.0456152
0.0369208
0.0791258
0.078799
0.0387719
0.140994
0.110385
0.101531
0.113761
0.0397556
0.0673966
0.0448212
0.145594
0.182122
0.179913