0.0124101
0.0170033
0.0276223
0.0566624
0.0206396
0.0139515
0.0175205
0.0178044
0.193324
0.205856
0.19699
0.188761
0.0312175
0.057061
0.0171639
0.0576163
0.0163094
0.0141306
0.0458876
0.142184
0.0457263
0.01989
0.019192
0.0208733
0.132158
0.339438
0.399577
0.606861
0.291061
0.0025202
0.00313544
0.0332484
0.178478
0.13469
0.0704242
0.0582661
0.0283239
0.0415699
0.102207
0.0897625
0.166448
0.0515923
0.0325618
0.0428237
0.0482201
0.0900882
0.385357
0.216405
0.158626
0.262866
0.168072
0.340885
0.111917
0.0467892
0.14161
0.118998
0.187763
0.0978929
0.0351267
0.038742
0.020336
0.260146
0.400154
0.280255
0.10602
0.0213686
0.0328788
0.0565008
0.067992
0.055975
0.255886
0.170463
0.0819677
0.032518
0.0405061
0.109936
0.087539
0.0622688
0.105895
0.0883889
0.113105
0.0312131
0
0.00519273
0.00489152
0.288415
0.472286
0.30381
0.0777642
0.103346
0.00640558
0.0291298
0.0260773
0.18577
0.472286
0.307865
0.166832
0.0707526
0.0701808
0.126624
0.121082
0.114288
0.150056
0.0984898
0.0758158
0.0708837
0.0868037
0.139937
0.0828191
0.0864096
0.0706586
0.0533026
0.246917
0.134261
0.0178474
0.0593172
0.0735757
0.125252
0.564871
0.371732
0.217712
0.0755082
0.0740451
0.0702267
0.113011
0.18713
0.213445
0.21355
0.0437174
0.0568743
0.0892788
0.146494
0.0724912
0.0902157
0.0806205
0.0325175
0.205502
0.129131
0.146639
0.105815
0.139248
0.296127
0.161704
0.130636
0.0996595
0.072824
0.113614
0.0925139
0.10522
0.191697
0.131384
0.0956606
0.480222
0.0748024
0.116699
0.0648671
0.11575
0.303773
0.217463
0.310285
0.137806
0.121888
0.115072
0.0281404
0.0749639
0.175712
0.109171
0.13376
0.195126
0.232393
0.120162
0.0662159
0.0833952
0.108367
0.131855
0.146564
0.370358
0.127285
0.0664814
0.0113324
0.0376892
0.136308
0.177945
0.317599
0.305199
0.334174
0.129836
0.0210558
0.10691
0.119927
0.174801
0.24616
0.0957741
0.143189
0.127101
0.0714511
0.0768999
0.120574
0.196571
0.06137
0.0931386
0.0458961
0.110229
0.0970552
0.129799
0.0772897
0.235467
0.175498
0.121902
0.214437
0.194776
0.026509
0.223302
0.192149
0.171869
0.147988
0.068486
0.151428
0.130112
0.0887585
0.461017
0.132344
0.183869
0.332758
0.0172979
0.0120688
0.0327798
0.0961658
0.0310403
0.00902989
0.00568432
0.0113875
0.00516431
0.0551548
0.0888555
0.502229
0.371678
0.0025347
0.00043327
0.00101096
0.0442307
0.0494773
0.0351317
0.116936
0.104266
0.0215387
0.00712094
0.0328727
0.0085111
0.00732539
0.0236266
0.502229
0.502229
0.0108898
0.0012818
0.00572392
0.0299538
0.0928584
0.0662231
0.392044
0.248885
0.0297175
0.037454
0.0408455
0.115235
0.0863202
0.0425063
0.106192
0.0527465
0.165074
0.392044
0.171903
0.0111886
0.0254528
0.0249562
0.392044
0.392044
0.00803387
0.00403119
0.00319862
0.055196
0.0668371
0.0630123
0.298354
0.171725
0.0375205
0.148608
0.134977
0.0645563
0.0268356
0.00590804
0.00304167
0.00256866
0.215821
0.419157
0.168801
0.0531235
0.0584412
0.00518491
0.00175325
0.005052
0.214063
0.419157
0.248009
0.0309746
0.018767
0.0198955
0.0379818
0.0212002
0.106233
0.327973
0.136921
0.0337179
0.0126682
0.0180811
9.86787e-005
0.00315314
0.213501
0.419157
0.222249
0.0702146
0.0441522
0.010713
0.00123688
0.0152528
0.12618
0.407392
0.156178
0.0691622
0.0359577
0.0422164
0.00182349
0.0468637
0.173479
0.276406
0.06983
0.0192949
0.0110466
0.011296
0.00712774
0.0140706
0.26665
0.407392
0.173956
0.0309342
0.0157385
0.0251335
0.028267
0.029413
0.407392
0.407392
0.145255
0.0779458
0.0539488
0.0601466
0.00539605
0.0280304
0.101805
0.14456
0.0448599
0.189964
0.0738028
0.0778848
0.0105761
0.00649783
0.0288341
0.0407953
0.0833734
0.112124
0.0510518
0.0464083
0.0154815
0.0171593
0.412019
0.494129
0.182364
0.126836
0.0983795
0.0786355
0.00618445
0.0399992
0.279089
0.494129
0.16315
0.28851
0.0800394
0.0483135
0.011614
0.0483249
0.0623567
0.110297
0.218821
0.131297
0.0910727
0.0675475
0.0520014
0.181454
0.126202
0.176647
0.203012
0.157131
0.113215
0.0432079
0.0401472
0.149734
0.245351
0.339326
0.221386
0.15387
0.103197
0.0672783
0.204015
0.406776
0.18401
0.138402
0.188724
0.0457985
0.0629824
0.0568215
0.0350347
0.170799
0.0968262
0.167071
0.212454
0.0496052
0.0735052
0.0392202
0.0366107
0.26089
0.073395
0.148388
0.294807
0.112451
0.0604113
0.094853
0.130689
0.335939
0.139674
0.159985
0.379177
0.0936954
0.062406
0.179152
0.108192
0.239406
0.14587
0.178813
0.328186
0.0303348
0.0289997
0.0278615
0.0978665
0.0978073
0.0190782
0.0213802
0.0307767
0.0123202
0.00266149
0.00798312
0.473164
0.473164
0.00510672
0.00393125
0.00552614
0.0328518
0.0181674
0.0350523
0.152887
0.0840524
0.00504775
0.0146118
0.01481
0.0175032
0.00713413
0.00734954
0.473164
0.473164
0.00061033
0.00265254
0.0028411
0.00103515
0.00324189
0.00552121
0.402465
0.384822
0.00022618
0
0
0.00642176
0.00892951
0.0169187
0.297157
0.221546
0.00069981
0.0248071
0.0274252
0.00032755
0.00388381
0.00305252
0.402465
0.402465
0
0
0
8.18876e-005
0.000970951
0.00189447
0.334887
0.273413
0
0
0
0.0307522
0.00929057
0.0179746
0.148765
0.100415
0.0447914
0.286859
0.12619
0.065111
0.010083
0.0174161
0.00104775
0.00620587
0.249786
0.737251
0.348089
0.00462789
0
0
0.169209
0.136613
0
0
0.00525283
0.0170348
0
0
0.000698497
0.00413725
0.0297889
0.0855045
0.0788289
0.00837121
0.00126655
0.00242396
0.00714533
0.0118225
0.199906
0.434091
0.171503
0.00633072
0.000919842
0.000945162
0.0274097
0.0184433
0.401402
0.454916
0.216323
0.00324079
0
0
0.000195269
0.00332039
0.0378825
0.1288
0.0765285
0.00651345
0
0
0
0.00407364
0.140043
0.446963
0.193896
0.0265237
0.00420385
0.00304295
0.00570893
0.00659973
0.253825
0.395908
0.109213
0.0456824
0.0219399
0.00671594
0
0.0228148
0.308325
0.395908
0.131817
0.0137344
0
0
0
0.00632267
0.130043
0.378303
0.145791
0.0348726
0.00772783
0
0.00109136
0.0291539
0.294696
0.395908
0.165398
0.0336185
0.0495296
0.00242222
0.00872647
0.0351205
0.189007
0.361632
0.113369
0.0286332
0.0398653
0.0097267
0.0404334
0.0891597
0.109635
0.251553
0.0971246
0.0232963
0.0291587
0.00043766
0.00514745
0.0260047
0.305795
0.441409
0.131224
0.0215905
0.0240315
0.00175064
0.0073991
0.0293745
0.331866
0.441409
0.2463
0.0291926
0.0124849
0.0256443
0.0338838
0.0991943
0.0673555
0.14118
0.182691
0.034991
0.0332506
0.0836541
0.0690443
0.0838987
0.0364028
0.0669063
0.11413
0.0206863
0.00364601
0.000750007
0.00206341
0.0265471
0.3095
0.483128
0.320302
0.0858202
0.31816
0.136638
0.0368019
0.0437245
0.115781
0.456435
0.237907
0.0186144
0.0121675
0.0180631
0.120472
0.0776739
0.00147135
0.00170186
0.010722
0.00701268
0.0120985
0.0110736
0.475969
0.461918
5.35133e-005
0.000296453
0.00218498
0.00886267
0.0101857
0.0102208
0.162596
0.101807
0.0120493
0.00541038
0.0172187
0.00232875
0.00708088
0.0228161
0.475969
0.475969
0.00294943
0.000840035
0.00255841
0.00119854
0.0142113
0.0197525
0.417649
0.337892
0.000171947
0
0
0.000299636
0.00355282
0.0116677
0.270654
0.228616
0.000114631
0
0
0.000799029
0.0104339
0.0322952
0.417649
0.417649
0.000687789
0
0
0.000199757
0.00300834
0.015979
0.33129
0.289441
0.000458526
0
0
0
0
0
0.397134
0.383868
0
0
0
0.000911087
0
0
0
0
0
0.00199211
0.00159495
0
0
0
0.524826
0.492751
0
0
0
0
0
0
0
0
0
0
0
0.00352401
0
0
0
0
0.00364259
0.0697455
0.0426879
0.0537357
0
0
0
0
0.144673
0.744092
0.416042
0
0
0
0
0
0
0
0
0.0421903
0.0194444
0
0
0
0
0
0.0244008
0.0144775
0
0
0
0.00466894
0.0631901
0.304768
0.173478
0.0250116
5.44329e-006
0.000484452
0.00488656
0.028016
0.252059
0.682306
0.25014
0.0430295
0.0464453
0.00150905
0
0
0
0.00469067
0.034888
0.207916
0.326315
0.0574675
0.00122164
0.00058078
0.0273704
0.172661
0.154351
0.00986355
0.0114745
0.00442246
0.011185
0.00983169
0.169215
0.424675
0.0753146
0.019821
0.0286808
0.0141491
0.053602
0.0134175
0.279795
0.424675
0.156897
0.0830913
0.286592
0.0739279
0.019614
0.000796341
0.0576356
0.146525
0.0694031
0.113399
0.424675
0.180121
0.147158
0.0329285
0.129756
0.249376
0.0567866
0.0180158
0.0125652
0.00637696
0.0222877
0.0100379
0.184862
0.35983
0.126151
0.114846
0.237161
0.0832569
0.0060033
0.0052911
0.0976495
0.35124
0.204024
0.100768
0.30817
0.203837
0.0641054
0.0193828
0.0878233
0.162216
0.0480046
0.284863
0.35983
0.300837
0.0169094
0.00276915
0.0649874
0.163621
0.113085
0.00243442
0.00406968
0.00888821
0.128285
0.0931865
0.0219012
0.0050831
0.00792036
0.000178845
0.000434083
0.0324545
0.476523
0.444336
0.00635162
0.000607696
0.000385792
0.00821762
0.00647483
0.00655714
0.144862
0.156476
0.0320026
0.0104786
0.00766987
0.00266588
0.000378928
0.0193565
0.476523
0.476523
0.012215
0.00186913
0.00203493
0
0.00143269
0.0278278
0.424992
0.302845
0.000207303
0
0
0
0.000955128
0.00705956
0.293548
0.199158
0.000138202
0
0
0
0.000358173
0.0136026
0.424992
0.424992
0.00287568
0
0
0.00281202
0.000412367
0.00160375
0.365834
0.252347
0.00191712
0
0.000488084
0
0
0
0.255941
0.198241
0
0
0
0.00246588
0
0
0
0
0
0
0.00246588
0.115891
0.0576356
0.0113898
0.297319
0.227993
0
0
0.00807878
0.554263
0.548035
0.112437
0
0
0
0
0.0789924
0.0109515
0.0100541
0.00181578
0
0
0
0
0.00437698
0.0742225
0.209612
0.0215025
0
0
0
0
0.0174824
0.236347
0.437908
0.0983925
0
0
0
0
0.0376868
0.33609
0.650587
0.29874
0
0
0
0
0.036751
0.0643794
0.175918
0.0326547
0
0
0.000948224
0.00311559
0.0165792
0.176033
0.362738
0.138408
0
0
0.0037929
0.0124986
0.0481255
0.170457
0.44041
0.189713
0
0
0.00142234
0.00467338
0.0109805
0.294629
0.44041
0.44041
0.00112551
0.000349193
0.00623807
0.0186935
0.0389864
0.147648
0.348688
0.14532
0.0038004
0
0.00411967
0.00590172
0.0232703
0.242449
0.357391
0.216086
0.0278831
0.0108143
0.011219
0.0232551
0.022948
0.230478
0.357391
0.30799
0.00149077
0.00437543
0.00285209
0.0144669
0.026838
0.326304
0.357391
0.20433
0.00671514
0.0175202
0.0179322
0.0836463
0.06238
0.244735
0.41492
0.373688
0.0279316
0.0383058
0.0198996
0.0386171
0.0296859
0.217108
0.41492
0.353571
0.0156292
0.0444031
0.0255158
0.0478049
0.0537702
0.22642
0.228212
0.16368
0.0125903
0.0595426
0.0308815
0.12082
0.104624
0.0830008
0.163547
0.0901982
0.0175808
0.0928743
0.0293549
0.0666381
0.116304
0.00804609
0.00570606
0.0031754
0.132204
0.113177
0.0113889
0.0068436
0.00729378
0.0019752
0.000313461
0.00142674
0.466414
0.466414
0.00688653
0.00115374
0.00130408
0.0217972
0.0371583
0.0309303
0.186024
0.113933
0.0115911
0.00291865
0.00739325
0.00930454
0.0278707
0.0354061
0.466414
0.466414
0.0184648
0.00034879
0.000238487
0
0
0.000877951
0.38956
0.381272
0.0213772
0.00193008
0.00303298
0.0252508
0.0597719
0.0160063
0.221882
0.206925
0.0232244
0.00772032
0.0162489
0.0286713
0.0269188
0.0124139
0.38956
0.38956
0.0625095
0.0209876
0.0471739
0.100554
0.38956
0.127393
0.133543
0.17618
0.0728941
0.0507821
0.1407
0.0854336
0.139033
0.0407457
0.033981
0.0366045
0.00207415
0.00276187
0.0105177
0.231856
0.312439
0.1169
0.00392461
0.00295725
0
0.00222151
0.0340047
0.17231
0.425457
0.234611
0.0167911
0.0379317
0.00829661
0.0122147
0.0520992
0.415612
0.425457
0.362549
0.0268464
0.0173518
0
0.00735589
0.06411
0.153476
0.332945
0.127914
0.0103682
0
0
0.000774647
0.0343029
0.190338
0.371649
0.267954
0.00788839
0
0.00135199
0.0052166
0.0387456
0.236606
0.371649
0.228768
0.0477272
0.00949542
0.00315739
0.0280258
0.0955616
0.19054
0.371649
0.29984
0.0450075
0.00692381
0.0371264
0.0777623
0.175546
0.288579
0.431159
0.271487
0.00587677
4.45424e-005
0.00288118
0.00977466
0.0304366
0.299831
0.431159
0.30071
0.0154872
0.00377067
0.00427415
0.00505448
0.0241761
0.213752
0.239271
0.213746
0.0370179
0.0221407
0.106985
0.094086
0.0967775
0.166334
0.141556
0.0688065
0.0545502
0.0457104
0.0806812
0.0377644
0.0265522
0.294551
0.595337
0.349336
0.0345901
0.0673851
0.0197235
0.0239326
0.0470215
0.249271
0.263801
0.134353
0.0756094
0.13279
0.0457074
0.130868
0.120447
0.100217
0.0807714
0.046832
0.0861164
0.13451
0.0502259
0.0390783
0.0320411
0.177574
0.137018
0.0433614
0.114321
0.169026
0.0396727
0.0755294
0.109173
0.120066
0.117417
0.0392065
0.082735
0.111782
0.040019
0.153591
0.160675
0.12184
0.137115
0.129905
0.056511
0.0863902
0.0213769
0.0995202
0.209336
0.144868
0.171609
0.0348473
0.0942973
0.0990357
0.0316301
0.129674
0.214956
0.180628
0.146853
0.525189
0.391291
0.122713
0.0344075
0.174708
0.235971
0.0312099
0.0643709
0.104583
0.127597
0.117534
0.030462
0.00143345
0.0133891
0.0539653
0.0574671
0.100123
0.441399
0.441399
0.175748
0.130797
0.0149816
0.0611108
0.0800431
0.151271
0.0863491
0.118716
0.07138
0.01849
0.0556103
0.128509
0.0711844
0.0905339
0.172007
0.281505
0.33899
0.355977
0.107778
0.134736
0.0946612
0.0233875
0.251379
0.226717
0.0930141
0.0814383
0.0539767
0.223138
0.376937
0.191756
0.038908
0.053547
0.0264101
0.0248661
0.100966
0.291006
0.154744
0.0166463
0.055292
0.0917486
0.166273
0.226847
0.133115
0.376937
0.376937
0.137002
0.023948
0.038067
0.018606
0.0674693
0.174976
0.177585
0.431203
0.324151
0.00704632
0.0187314
0.00310431
0.00661221
0.0579786
0.286017
0.431203
0.277658
0.0495243
0.043221
0.0201055
0.0229898
0.0524924
0.212755
0.298731
0.177658
0.0212451
0.0552235
0.0239958
0.0308037
0.138491
0.104686
0.184538
0.109868
0.0401046
0.100222
0.0907805
0.0589483
0.0860925
0.248969
0.541287
0.203207
0.158854
0.109002
0.0682888
0.0699317
0.107668
0.116088
0.148038
0.129978
0.199848
0.0754388
0.119386
0.196486
0.25629
0.101471
0.10691
0.0897588
0.107944
0.170333
0.170014
0.0678528
0.0416869
0.106439
0.0717621
0.0846699
0.231483
0.140013
0.12625
0.0982203
0.217933
0.12261
0.0429682
0.0768859
0.125671
0.11908
0.261359
0.260674
0.155635
0.0881648
0.0267858
0.0344852
0.12157
0.211147
0.266953
0.113099
0.0422098
0.155905
0.0473606
0.0960483
0.202389
0.192942
0.109998
0.158713
0.281514
0.150802
0.0258886
0.0760859
0.180311
0.419438
0.225607
0.135254
0.178071
0.0680512
0.0146675
0.0224658
0.135805
0.177802
0.0630944
0.038854
0.0549047
0.308615
0.133421
0.0269457
0.176514
0.197309
0.0282857
0.133189
0.241844
0.129694
0.0395075
0.056177
0.138466
0.238059
0.0900366
0.0942336
0.168357
0.455204
0.131751
0.0442304
0.119613
0.133782
0.0401441
0.197251
0.406091
0.0889336
0.0756241
0.0181103
0.0282719
0.049644
0.0268006
0.0785276
0.158953
0.0482655
0.043364
0.344102
0.309805
0.189289
0.0445347
0.0716283
0.101894
0.203268
0.0786138
0.0475864
0.0322109
0.0404606
0.0406906
0.101204
0.222633
0.114337
0.0913357
0.438583
0.438583
0.300379
0.104007
0.055796
0.105573