0.0643889
0.129942
0.0762587
0.131796
0.0638035
0.0115829
0.01072
0.0510391
0.1525
0.218421
0.131705
0.0892188
0.0780877
0.207704
0.171806
0.165013
0.0227833
0.105801
0.101541
0.276308
0.308081
0.0598923
0.00582613
0.0211901
0.0278013
0.210139
0.201513
0.227205
0.358753
0.36135
0.256911
0.0816678
0.0476479
0.0405503
0.0316507
0.0030811
0.0281094
0.159536
0.208288
0.0607705
0.0221493
0.0209371
0.0111413
0.00551597
0.0120131
0.0398564
0.114317
0.0482401
0.0126193
0.041779
0.0405118
0.0163851
0.0640999
0.32229
0.498577
0.0592894
0.0126217
0.0177196
0.0089693
0.00418093
0.00520933
0.225264
0.640199
0.0827784
0.0430359
0.0734915
0.0584163
0.0317601
0.0370074
0.043227
0.0430589
0.0731431
0.0366561
0.086735
0.101362
0.116633
0.0764009
0.039412
0.033745
0.0586902
0.0452636
0.0499664
0.0684112
0.0262702
0.038181
0.231568
0.767509
0.123865
0.0344509
0.0740064
0.117959
0.132995
0.112815
0.0834295
0.177081
0.0505033
0.0877796
0.103409
0.129628
0.233294
0.0676928
0.0712158
0.061198
0.111088
0.18025
0.080984
0.136306
0.216324
0.0701404
0.0855594
0.0971074
0.0913769
0.0842546
0.222594
0.172113
0.279695
0.111454
0.0908361
0.0435515
0.0513039
0.252398
0.210728
0.201621
0.218568
0.130021
0.166036
0.108527
0.0920762
0.113268
0.0447848
0.0855398
0.142044
0.0571953
0.0677207
0.119107
0.0708569
0.0585211
0.0791425
0.157937
0.175112
0.0652468
0.0553662
0.158964
0.173974
0.183954
0.139914
0.150765
0.0932188
0.120864
0.146668
0.150185
0.0869577
0.147183
0.392691
0.339262
0.132469
0.07775
0.0827
0.15064
0.105446
0.037307
0.111483
0.117318
0.0648743
0.116898
0.130705
0.140086
0.112317
0.104729
0.219325
0.0775606
0.0442996
0.118749
0.23911
0.123774
0.0991181
0.0807401
0.288521
0.313271
0.0542761
0.0468828
0.10879
0.141503
0.0998652
0.100402
0.156033
0.135634
0.103708
0.0695478
0.228352
0.164993
0.182659
0.0829483
0.137819
0.116622
0.0437389
0.0320193
0.108008
0.0809879
0.0660837
0.0344246
0.0712608
0.148925
0.27812
0.172889
0.128442
0.0862668
0.0320542
0.0866876
0.129663
0.136309
0.118001
0.0622313
0.116453
0.0983492
0.0988367
0.0821821
0.132166
0.306079
0.434852
0.249938
0.0462425
0.0980219
0.0486771
0.0112598
0.0101331
0.0145881
0.154585
0.306552
0.0462713
0.00384102
0.00226963
0.012095
0.0271747
0.0385534
0.17017
0.398822
0.127413
0.0686249
0.0114721
0.00933425
0.0113624
0.0134164
0.195514
0.342829
0.0395334
0.0175911
0.00198844
0.014517
0.0190724
0.0182007
0.287018
0.589849
0.0794445
0.0409581
0.00834188
0.0281664
0.0189836
0.0174539
0.0338973
0.0677431
0.115694
0.199892
0.0453493
0.0196414
0.00872963
0.00616136
0.00432444
0.00508045
0.191307
0.507019
0.0555021
0.0454975
0.0394434
0.0290956
0.185294
0.240835
0.0529151
0.127451
0.0763735
0.0381451
0.0244791
0.0156624
0.0768808
0.078938
0.217734
0.619817
0.106702
0.00384833
0.00103064
0.00540834
0.00225609
0.00341521
0.114288
0.344531
0.0208034
0.00470265
0.0061812
0.0111822
0.0150426
0.0145486
0.0593332
0.206511
0.0328042
0.00183203
0
0
0.00119339
0.00206864
0.21699
0.579418
0.0304516
0.00216427
0.00082663
0.000337544
0.00290539
0.00290539
0.245808
0.562268
0.0429289
0.0225883
0.0404405
0.0245733
0.0678964
0.0364395
0.0307909
0.131646
0.0466001
0.0479186
0.0659721
0.0551892
0.0648866
0.045504
0.0382523
0.0232743
0.0106661
0.0273118
0.0124753
0.00837396
0.0295452
0.0170222
0.35661
0.757393
0.079063
0.0493094
0.0470716
0.0486965
0.0421891
0.0268636
0.147019
0.308175
0.0542452
0.141664
0.204699
0.149712
0.0501171
0.103865
0.114575
0.0603522
0.0326681
0.170384
0.447793
0.171938
0.0723269
0.0752141
0.0444324
0.0583926
0.0659101
0.101707
0.151866
0.109595
0.0866255
0.0705121
0.0722807
0.250262
0.114484
0.151366
0.208403
0.101621
0.167715
0.111948
0.0401738
0.104074
0.126842
0.0662749
0.238902
0.146948
0.0684513
0.0412533
0.0452068
0.118697
0.130847
0.0571063
0.154018
0.121642
0.0905182
0.0465151
0.111492
0.175089
0.203684
0.0978837
0.114412
0.207236
0.160898
0.0898528
0.0592581
0.116833
0.142914
0.103858
0.204849
0.298848
0.0803012
0.109526
0.14775
0.221035
0.17091
0.0749101
0.149769
0.093481
0.0707978
0.0456096
0.073265
0.0595894
0.0646595
0.0863138
0.130184
0.260859
0.277372
0.181114
0.0722902
0.0423072
0.0282184
0.119293
0.146735
0.0987614
0.0501036
0.075774
0.106688
0.16479
0.0828872
0.122039
0.0938695
0.146228
0.313476
0.306776
0.31818
0.118454
0.0404848
0.00273291
0.00674932
0.0130379
0.108619
0.238995
0.0356049
0.0167613
0.00124985
0.00142811
0.0047457
0.00892762
0.241232
0.484629
0.0415816
0.0291565
0.000549274
0
0.00107209
0.0151642
0.138227
0.28574
0.0223857
0.0219898
0.00583965
0
8.94299e-005
0.0146483
0.390668
0.558942
0.0119372
0.00459535
0.000726819
0.0112124
0.011136
0.00870244
0.221308
0.387117
0.0263417
0.0453169
0.025012
0.0132473
0.00870551
0.00538804
0.104505
0.201052
0.140795
0.412228
0.0508267
0.000761365
0
0.012662
0.350885
0.470537
0.00665171
0.00499625
0.00135198
0.00583556
0.0112623
0.0118476
0.193558
0.307324
0.0359115
0.110681
0.019997
0.00121464
0.00204932
0.000948184
0.00425635
0.00752487
0.144674
0.43983
0.0250956
0.00227159
0.00113031
0.000434735
0.000126224
0.000126224
0.2358
0.506457
0.0275962
0.00929259
0.0174233
0.0121509
0.0126241
0.0229321
0.0806638
0.215388
0.0305882
0.00885931
0.00819554
0.00483462
0
0.00195034
0.240482
0.55043
0.0383499
0.00397083
0.000546943
0.00035558
0.000920426
0.000527012
0.177772
0.324812
0.0198614
0.00571018
0.00280698
0.00245601
0.00284268
0.0024385
0.113851
0.273162
0.0335287
0.00157323
0
0
0
0.000501123
0.219032
0.547789
0.0196369
0
0
0
0
0.00371998
0.225302
0.563986
0.0287005
0.00710419
0.00542889
0.00539445
0.00783394
0.0103405
0.0753715
0.218968
0.0514226
0.016401
0.0217559
0.0304548
0.0173707
0.0312687
0.0298854
0.0577527
0.0370434
0.00423751
0.00221269
0.00221269
0.00084015
0.0186832
0.301153
0.670028
0.0733853
0.0162826
0.0289586
0.0436412
0.00415877
0.0277272
0.23135
0.489761
0.0879045
0.0518595
0.0690034
0.161331
0.06433
0.0817411
0.0571745
0.0443559
0.049874
0.0656361
0.0604462
0.224165
0.0538344
0.0664431
0.119554
0.106924
0.0429728
0.0861239
0.0955774
0.159881
0.0433712
0.0808651
0.273706
0.562517
0.0846554
0.101124
0.043977
0.25445
0.108746
0.0968877
0.203384
0.160288
0.0240678
0.0899551
0.0561223
0.102594
0.0416171
0.0426197
0.0817616
0.142126
0.0395493
0.198306
0.158385
0.160982
0.148606
0.172349
0.175568
0.0740019
0.0249131
0.1278
0.102885
0.160168
0.084034
0.0852999
0.097622
0.146875
0.0202258
0.348052
0.385659
0.275413
0.250973
0.173923
0.0794846
0.110216
0.0369241
0.000401665
0.0022072
0.0327028
0.163358
0.19461
0.0127437
0.0149928
0.00314018
0
0.000329226
0.0499925
0.380394
0.377096
0.0375064
0.00186061
0.000540214
0.00406465
0.00523116
0.0498772
0.218344
0.209084
0.014138
0.00725923
0.00926033
0.0011505
0.00186276
0.0558079
0.447197
0.520176
0.0638615
0.00070315
0.000481787
0.0013093
0.000246604
0.0356375
0.345505
0.336074
0.0242944
0.0039108
0.00176566
0.00808573
0.00765104
0.0151326
0.230934
0.261222
0.0307703
0.0401153
0.0138746
0.00315147
0.00452604
0.0271332
0.393561
0.443353
0.0421705
0.00167516
0.000327324
0.0272042
0.00987007
0.0150656
0.31998
0.332538
0.0310362
0.0431627
0.0348202
0.0232014
0.0270731
0.026309
0.0408719
0.0923421
0.146488
0.118521
0.054685
0.0232172
0.0119159
0.011543
4.70886e-005
0.0210781
0.309205
0.582907
0.117956
0.0325474
0.0065886
0.00880846
0.0670087
0.102799
0.130475
0.230594
0.107366
0.0210638
0.000298384
0.00176735
0.00149937
0.0253024
0.153046
0.437439
0.254016
0.00195356
0
0
0
0.00339503
0.139146
0.406827
0.0276714
0
0
0
0
0.00546976
0.232372
0.633821
0.0224953
0.00495539
0
0
0
0.00717384
0.0525295
0.220486
0.0692544
0.00411293
0
0.000851671
0.00611655
0.00429533
0.175293
0.450539
0.0753438
0.000319774
0.000166976
0.000166976
0
0.0143225
0.203148
0.353608
0.0264656
0.00275598
0.00364967
0.00499883
0.000305643
0.0147637
0.221084
0.38396
0.0366892
0.00591314
0.00222973
0.000489007
0.00351196
0.00732216
0.183536
0.391561
0.0663525
0.00459353
0.00334459
0
0
0.0169693
0.231871
0.57297
0.0671035
0.0129892
0.00728235
0.00875931
0.00211803
0.00694935
0.14612
0.31153
0.0341305
0.0262788
0.01651
0.026263
0.00822068
0.0120732
0.0524263
0.118203
0.0416674
0.00454891
0.00135755
0.000707033
0
0.0104182
0.265007
0.612992
0.0609627
0.0213876
0.0156216
0.0116743
0
0.00763684
0.191117
0.535591
0.129715
0.0623302
0.0489878
0.0498572
0.0316735
0.0344187
0.023
0.0834923
0.0352079
0.0903219
0.148173
0.0999648
0.0939257
0.168064
0.0525536
0.0725276
0.0703183
0.0922233
0.0352692
0.0492741
0.00927596
0.0176507
0.11288
0.427244
0.353287
0.151643
0.0924627
0.137775
0.0444544
0.154486
0.0833447
0.245426
0.544612
0.00707276
0.00397948
0.0170199
0.126201
0.183734
0.0260821
0.00940325
0.01111
0.00289595
0.00293192
0.017282
0.278074
0.504126
0.0388942
0.00147049
0.000708227
0.0177559
0.00629209
0.00482456
0.103384
0.22547
0.0565404
0.0186
0.0199956
0.00231558
0.00112364
0.0141343
0.28421
0.623561
0.0984501
0.00479225
0.00285886
0.00494149
0.00524383
0.0101554
0.221399
0.360075
0.0159297
0
0
0.0215283
0.00838441
0.00657746
0.187148
0.286307
0.0192449
0.012918
0.013952
0.00233239
0.00171955
0.0155432
0.192247
0.543321
0.0353925
0
0
0.00922586
0.00377072
0.00574906
0.118108
0.539064
0.0592747
0.00657911
0.00538462
0.0506672
0.0108371
0.00655486
0.105831
0.188147
0.0781171
0.223633
0.122366
0.0708152
0.00672128
0.000239282
0.0123779
0.0328878
0.0546732
0.522228
0.332637
0.0345709
0.0300231
0.0223863
0.0902555
0.371852
0.141023
0.0643944
0.0682661
0.203581
0.0880452
0.0473763
0.0186181
0.022708
0.055332
0.162438
0.190114
0.0381465
0.00770239
0
0
0.00498015
0.0247035
0.347391
0.148841
0.0741284
0.00343002
0.00136199
0.00978155
0.00571841
0.0788229
0.392301
0.328102
0.203255
0.0476853
0.0212569
0
0.000869089
0.00560955
0.143941
0.101831
0.514503
0.0848273
0.0083275
0
0.0143276
0.00446314
0.154669
0.30133
0.0400317
0.0106619
0.000460645
0.00330827
0.00389276
0.0521934
0.221761
0.17426
0.0328868
0.0190879
0.00216068
0.00285362
0.0070816
0.136412
0.613263
0.159385
0.256455
0.114389
0
0
0.0107846
0.00199055
0.0538801
0.159544
0.370136
0.316679
0.00864274
0.0114145
0.00535431
0.04766
0.228573
0.155774
0.00533398
0.006552
0.00311421
0.0091535
0.0192482
0.21692
0.510651
0.053539
0.0101153
0.0027536
0.00716776
0.00610233
0.0353803
0.281078
0.445318
0.0706799
0.232025
0.21592
0.0211762
0.036614
0.0617531
0.14306
0.260339
0.0562686
0.121097
0.0991002
0.0247518
0.0244093
0.125557
0.226606
0.211557
0.0308552
0.0509656
0.00648239
0.032132
0.0126448
0.0496673
0.202267
0.326817
0.222495
0.16436
0.0371007
0.0518907
0.031327
0.066776
0.0895642
0.240497
0.345184
0.130184
0.0584337
0.0737131
0.0108606
0.103208
0.267278
0.222264
0.0651019
0.15032
0.0795364
0.160839
0.146886
0.156771
0.328786
0.318051
0.0780676
0.0266521
0.00536696
0.00917649
0.119355
0.166763
0.022806
0.0181781
0.0342102
0.00224374
0
0.0152778
0.338432
0.432044
0.0402964
0.00690469
0.00432379
0.0162467
0.00105774
0.0162518
0.170276
0.173077
0.0210642
0.0265423
0.0659844
0.00241678
0
0.0191611
0.501792
0.514217
0.0121895
0.0118993
0.00614328
0
0
0.0112598
0.182621
0.445525
0.0332777
0.0020281
0
0.0160655
0.00424859
0.00299605
0.0645099
0.483017
0.077641
0.0433676
0.0309023
0.00559464
0.000828617
0.0106696
0.256904
0.37853
0.0867045
0.0161597
0.0316809
0.237219
0.0135993
0.00100981
0.048504
0.301367
0.170216
0.108192
0.220282
0.0716621
0.0275604
0.00478102
0.0100638
0.0842855
0.033033
0.035642
0.0499842
0.234028
0.118601
0.00957545
0.00147691
0.000714568
0.00953505
0.011248
0.0453494
0.489642
0.0903887
0.00656438
0.00249883
0.0491036
0.0396604
0.0611077
0.183917
0.677273
0.290784
0.0201338
0.000109405
0.00733534
0.00138671
0.0116614
0.104253
0.251212
0.135588
0.00626506
0
1.47834e-005
0.00208217
0.00953399
0.0280042
0.464991
0.159343
0.00494194
0.000344013
0.00180627
0.000855059
0.00945032
0.067011
0.407849
0.288906
0.00959265
0
0.00196864
0.000377796
0.00761371
0.0584306
0.493183
0.320293
0.02879
0.00203237
0
0
0.0128759
0.0950955
0.361823
0.168866
0.0111214
0.00261358
0.00277608
0.000440847
0.00695439
0.0502983
0.383851
0.318606
0.014283
0.00952964
0.00196526
0.00249029
0.0121022
0.0387898
0.376838
0.216189
0.0604072
0.0114021
0.000670182
6.15029e-005
0.00454744
0.0588911
0.474762
0.317039
0.0472904
0.0298606
0.00638926
0.00167001
0.00418221
0.0336351
0.28262
0.243465
0.0160672
0.012129
0.0186332
0.0172108
0.0149322
0.0340319
0.235737
0.221038
0.030053
0.00674852
0.0385844
0.037865
0.0283233
0.0328473
0.429756
0.313359
0.0134652
0.0150749
0.00438347
0.00147454
0.00167439
0.0333341
0.504661
0.375191
0.0219748
0.00448657
0.0013351
0.00725982
0.0164773
0.0499636
0.256849
0.281698
0.115441
0.00318884
0.0260059
0.0691497
0.0563521
0.0185424
0.136186
0.21502
0.270611
0.117451
0.110921
0.126544
0.0982094
0.00915467
0.424773
0.419673
0.0924804
0.00786795
0.00904825
0.0159871
0.0351367
0.0475228
0.229728
0.293717
0.186408
0.0505861
0.0874109
0.0263888
0.021747
0.0223325
0.00695595
0.0114917
0.00696563
0.0816061
0.164074
0.0361929
0.0157216
0.0327678
0.00488924
0.00522779
0.00587544
0.294112
0.609161
0.111156
0.0731978
0.0131399
0.0357091
0.051433
0.0144517
0.0495443
0.106039
0.0294208
0.010386
0.00823895
0.0395976
0.02301
0.00733896
0.0954301
0.427856
0.323644
0.28344
0.071408
0.0362014
0.00744048
0.00690633
0.1767
0.270639
0.111329
0.0626267
0.083159
0.306022
0.103091
0.0214821
0.0374167
0.0722875
0.0945117
0.0618328
0.261568
0.222006
0.0163147
0.0169953
0.0389624
0.178788
0.207957
0.232866
0.190378
0.453972
0.344917
0.0924839
0.0154944
0.0293223
0.0284233
0.0528402
0.216969
0.372813
0.156859
0.0221755
0.00174444
0.0122431
0.0193019
0.0284464
0.161971
0.430004
0.296593
0.0390006
0
0.0260503
0.00237378
0.0229783
0.12022
0.229727
0.38076
0.0528696
0.00485481
0.0140434
0.0156787
0.01962
0.110587
0.340084
0.312113
0.0461705
0.00347481
0.0237322
0.0184634
0.0301406
0.130758
0.373629
0.329415
0.0212719
0
0.00945512
0.000326038
0.0149139
0.0821655
0.443916
0.392082
0.0263189
0.00124708
0.000988125
0
0.00794821
0.0836489
0.346542
0.231028
0.0254579
0.00656569
0.0084531
0.0110692
0.021454
0.0576308
0.281788
0.211645
0.0210126
0.0166591
0.0128679
0.00588103
0.0157483
0.0392629
0.461489
0.332754
0.0474672
0.00770257
0.00458881
0.000390872
0.0118721
0.0872253
0.561238
0.327664
0.0315902
0.03314
0.0300355
0.0119838
0.0341666
0.0948121
0.201677
0.13142
0.0366029
0.0119515
0.0207322
0.00439918
0.0303761
0.0596691
0.180445
0.0929372
0.0429548
0.0222444
0.0492993
0.014393
0.0638427
0.13551
0.545846
0.288993
0.0109809
0.0670069
0.0361965
0.0162613
0.0204732
0.0789627
0.516734
0.295045
0.0405294
0.0493295
0.0348397
0.0227986
0.0364462
0.0685793
0.136917
0.0467382
0.031792
0.0703841
0.0766921
0.0235559
0.043412
0.109565
0.152756
0.0511148
0.0732455
0.0966221
0.155695
0.0196456
0.0223025
0.0485012
0.379664
0.254872
0.0744769
0.0461039
0.0889078
0.0400984
0.0722101
0.101511
0.272447
0.168677
0.113107
0.146287
0.208167
0.0841096
0.110061
0.105637
0.151263
0.116925
0.0966939
0.0775295
0.232939
0.0215284
0.051152
0.125196
0.214034
0.189907
0.163486
0.17179
0.184431
0.0326136
0.148866
0.201625