0.122992
0.176453
0.123045
0.115126
0.0717304
0.0267409
0.0510568
0.28147
0.150064
0.121223
0.261892
0.131689
0.0746931
0.0393825
0.0851736
0.317782
0.112897
0.0167141
0.0145793
0.284904
0.297667
0.0450334
0.123473
0.294334
0.130036
0.0275661
0.0939653
0.360416
0.264288
0.0192789
0.0699097
0.2023
0.245199
0.0798386
0.128279
0.0914132
0.0718091
0.095364
0.132309
0.176566
0.298195
0.158563
0.0817538
0.153634
0.109893
0.22042
0.170193
0.19275
0.218708
0.0478868
0.0888034
0.211349
0.0809077
0.0306373
0.161878
0.179675
0.336809
0.0528499
0.0613856
0.207667
0.0653159
0.135939
0.301378
0.298521
0.194541
0.232272
0.0770962
0.0683421
0.143473
0.157
0.0826252
0.129268
0.183845
0.213325
0.0889945
0.0770579
0.296302
0.173012
0.0514049
0.166637
0.230097
0.0688648
0.0423733
0.0798976
0.108595
0.169959
0.23121
0.255805
0.148107
0.12387
0.0939077
0.122711
0.34038
0.247453
0.167303
0.238428
0.112192
0.0987029
0.11142
0.124596
0.219201
0.0587155
0.0201248
0.166882
0.14439
0.205553
0.158636
0.142418
0.225267
0.170724
0.03958
0.0993883
0.0677753
0.14252
0.174412
0.20439
0.358966
0.158293
0.0625994
0.155287
0.206409
0.253248
0.306969
0.210871
0.252256
0.139166
0.0427684
0.148885
0.153764
0.170722
0.0588494
0.047175
0.116751
0.237576
0.0793323
0.0917659
0.254143
0.159032
0.039699
0.0351684
0.0458585
0.172646
0.223879
0.30676
0.203436
0.180227
0.176777
0.0999436
0.11937
0.183768
0.0678543
0.131433
0.291723
0.149631
0.134435
0.0941653
0.199687
0.242723
0.17432
0.318175
0.13424
0.13245
0.0764848
0.0171832
0.0498573
0.0933675
0.149632
0.265623
0.0589935
0.118884
0.0944657
0.0204774
0.0645316
0.271063
0.204072
0.206254
0.225585
0.11246
0.104593
0.0451577
0.0953257
0.0865756
0.147566
0.394365
0.111516
0.0833499
0.0876218
0.0208655
0.0603641
0.217276
0.347446
0.395858
0.0370065
0.0725001
0.028146
0.031829
0.0516916
0.23393
0.337472
0.101646
0.0966321
0.0512832
0.00829933
0.041672
0.131901
0.111599
0.292157
0.145736
0.0788716
0.0524808
0.0305966
0.0613793
0.0587893
0.20015
0.434529
0.336229
0.127419
0.087967
0.0288786
0.126195
0.18286
0.146169
0.356452
0.187347
0.0158056
0.00362615
0.00339555
0.321555
0.288132
0.0141912
0.0249923
0.026931
0.011637
0.0137995
0.0360903
0.373828
0.27234
0.00279012
0.0160552
0.0129886
0
0
0.000229741
0.373828
0.372943
0.00332364
0.000774
0
0.000411564
0.00630194
0.0190888
0.373828
0.373828
0
0
0
0.0853419
0.0432148
0.118585
0.333127
0.153078
0.0196705
0.114049
0.0530789
0.164427
0.0211145
0.0729874
0.100452
0.0588034
0.187436
0.44738
0.166707
0.0304358
0.0176363
0.0888124
0.454979
0.290908
0.00569006
0.016272
0.0131155
0.0566476
0.00686592
0.0636403
0.233955
0.0966464
0.0980126
0.273668
0.121033
0.0868311
0.00575792
0.00334302
0.0108921
0.0535607
0.180063
0.376574
0.148002
0.0580866
0.0331848
0.020583
0.0687471
0.181647
0.253382
0.364903
0.124916
0.0299919
0.000137753
0.00288697
0.00609112
0.0171344
0.153243
0.368457
0.129131
0.0154079
0
0
0.00968767
0.0289
0.323635
0.430448
0.16365
0.0380321
0.0463639
0.0364969
0.119273
0.197663
0.261246
0.202632
0.0812925
0.157304
0.173316
0.116047
0.127584
0.197928
0.229473
0.100174
0.0898478
0.0523911
0.0153783
0
0.0169494
0.0268951
0.275878
0.393778
0.154996
0.117884
0.129227
0.0164819
0.0637654
0.131825
0.322541
0.393778
0.147676
0.141338
0.190897
0.206731
0.106367
0.119985
0.124478
0.03717
0.0635125
0.0977404
0.0753331
0.265355
0.164606
0.232476
0.153716
0.0433884
0.108573
0.0532335
0.146631
0.134797
0.198347
0.100614
0.278191
0.287272
0.0632939
0.045909
0.0627761
0.312993
0.315361
0.107025
0.241069
0.274341
0.0759972
0.131029
0.031317
0.133153
0.16313
0.151682
0.106283
0.0687361
0.234938
0.160831
0.0300574
0.0416778
0.104921
0.0826825
0.0970326
0.233889
0.459001
0.154201
0.0408181
0.176743
0.25769
0.109693
0.119975
0.125523
0.174812
0.218971
0.0584016
0.0475482
0.159066
0.105453
0.0679802
0.266666
0.338376
0.170757
0.0417969
0.031756
0.0641155
0.0579547
0.0390481
0.260465
0.458613
0.173371
0.0999499
0.052949
0.118589
0.161744
0.164916
0.174458
0.266877
0.155257
0.030703
0.032
0.0603995
0.0542543
0.0720704
0.256462
0.344612
0.140027
0.0496324
0.193451
0.194351
0.135301
0.129968
0.11191
0.225957
0
3.21734e-005
0.00212095
0.374549
0.282639
0.00311777
0.000621294
0
5.64367e-005
0.00207326
0.0162248
0.382996
0.282874
0
0
0
0
0.000128694
0.00590757
0.382996
0.315699
0.0022037
0.000143394
0
0
0
0.0200026
0.382996
0.34847
0
0
0
0.000449443
0.00608155
0.0510744
0.542475
0.29014
0
0.00109469
0.00148042
0.00480515
0.00152039
0.0168362
0.242362
0.12564
0.00960319
0.0393058
0.03458
0
0
0.0586742
0.542475
0.316183
0
0
0
0
0
0.0146685
0.277547
0.113009
0
0
0
0.0155627
0
0.00107104
0.0145822
0.0157194
0.0844938
0.227038
0.11601
0.0127072
0
0
0
0.00601968
0.334757
0.764133
0.373359
0.000568942
0
0
0.0120517
0.0120517
0
0.00205118
0.00599064
0.00411806
0
0
0
0
0.0304848
0.070227
0.10215
0.0200651
0.00269564
0
0.000316946
0.00361419
0.182756
0.436523
0.177671
0.0281457
0.0159632
0.00148157
0.0429789
0.0480293
0.309563
0.457325
0.229907
0.0105588
0
0
0
0
0.0566559
0.111122
0.0891949
0.0175974
0
0.000163928
0.00475392
0
0.211152
0.457325
0.241088
0.0042929
0.00986811
0.0166302
0.0742144
0.0271321
0.206695
0.359895
0.0779132
0.0480354
0.0069706
0.0570621
0.108402
0.0247961
0.289064
0.386395
0.0894535
0.015798
0.00202434
0.000149692
0.00434106
0.00428038
0.18463
0.386395
0.142606
0.0523851
0.0030365
0.00225839
0.00733058
0.0112083
0.358321
0.386395
0.182459
0.0993503
0.00987329
0.0440783
0.0875086
0.034075
0.149814
0.284733
0.0982243
0.130154
0.0279557
0.0289334
0.0943138
0.0696148
0.132634
0.234269
0.153932
0.0742319
0.000945791
0.00604479
0.0161633
0.016994
0.31338
0.384702
0.160436
0.193881
0.0207223
0.0388789
0.046164
0.0412936
0.286596
0.384702
0.384702
0.0822996
0.0187328
0.020458
0.0506827
0.044421
0.153675
0.241592
0.162266
0.0545173
0.00692237
0.0904369
0.111623
0.101683
0.115063
0.132166
0.177842
0.195064
0.032382
0.0629639
0.0279542
0.0292341
0.166977
0.339127
0.424478
0.369701
0.00740868
0.0337332
0.027457
0.054232
0.0970264
0.205768
0.424478
0
4.21148e-005
0.00688273
0.418412
0.239875
0.00348378
2.1085e-005
0
0
0
0.00620193
0.418412
0.280361
0
0
0
0
0
0.0124178
0.418412
0.235131
0.00219601
0
0
0
0
0.0278009
0.418412
0.256636
0
0
0
0
0
0.0136293
0.547143
0.301463
0
0
0
0
0
0.00296676
0.189258
0.0974922
0
0
0
0
0
0.028561
0.547143
0.382885
0
0
0
0
0
0
0.208582
0.14136
0
0
0
0
0
0
0.150387
0.150387
0
0
0
0.00132626
0
0
0
0
0
0.013679
0.0182759
0
0
0
0.113559
0.113559
0
0
0
0.000994694
0
0
0
0
0
0
0.000994694
0.0130437
0
0
0
0
0.00322043
0.0357651
0.0609599
0.0401258
0
0
0
0
0.237548
0.614013
0.470316
0.00903551
0.00270462
0
0
0
0
0
0.00478539
0.343877
0.0912126
0.0277832
0
0
0
0.000242436
0.0626427
0.0231765
0.00128265
0
0
0
0.101897
0.23567
0.136226
0.103615
0.00192398
0
0
0
0.357544
0.521709
0.278012
0.131802
0.0731979
0.0260679
0
0
0.00374179
0.00658529
0.0270022
0.370752
0.366146
0.11995
0
0
0.0717278
0.120862
0.213509
0.0587802
0.00289979
0.00911692
0.00201966
0.0103312
0.246702
0.340032
0.151873
0.108892
0.0096913
0.0234858
0.00807866
0.0351913
0.293638
0.345476
0.329939
0.206908
0.200177
0.119331
0.0030295
0.0149211
0.14311
0.0991013
0.127909
0.243705
0.218929
0.198785
0.012118
0.0596844
0.282057
0.178825
0.167942
0.118152
0.0114107
0.018099
0.00960779
0.0187374
0.124834
0.277149
0.313352
0.283386
0.00491981
0.0040168
0.0123082
0.016726
0.0490244
0.126987
0.359752
0.154726
0.302054
0.181038
0.0298854
0.0456137
0.15353
0.205807
0.115058
0.286619
0.337897
0.135972
0.0417629
0.0777572
0.167081
0.18705
0.120721
0
0
0.00524877
0.426504
0.19875
0.000534659
0
0
0
0
0.0512243
0.426504
0.186264
0
0
0
0.00501504
0.00454156
0.0210353
0.426504
0.267081
0.000801988
0
0.00105683
0
0
0.0315855
0.426504
0.283743
0.00213385
0
0
0
0
0.0550869
0.532986
0.282429
0
0
0
0
0
0
0.16336
0.102368
0
0
0
0.0124845
0.00295726
0.0359836
0.532986
0.428448
0.00475962
0
0.00303118
0.104484
0.0832641
0.00803448
0.179132
0.154965
0.00177804
0
0.0148089
0.00241004
0
0
0.00103566
0.00103566
0
0
0.00118611
0.0490997
0.0184709
0.00280942
0
0
0
0
0.0113077
0.285951
0.228164
0.0528933
0
0
0
0.00563166
0.0165896
0.616178
0.616178
0.172684
0
0
0
0.00844748
0.101291
0.0667143
0.0562825
0.0126779
0
0
0
0
0.015348
0.214414
0.199576
0.0741477
0
0.00141297
0.00329694
0.00344703
0.0316546
0.338808
0.465513
0.111453
0
0
0
0.0006231
0.0752922
0.465513
0.465513
0.25669
0
0.0056519
0.0168083
0.0207177
0.0634417
0.187922
0.187415
0.0645889
0
0.000649322
0.00204338
0.00895713
0.024848
0.26802
0.364812
0.143213
0
0
0.00211317
0.0109592
0.06729
0.295714
0.364812
0.254811
0
0.00872783
0.0139809
0.0328562
0.0415911
0.299051
0.364812
0.364812
0.0273538
0.0194001
0.0125352
0.0335288
0.109075
0.224132
0.353
0.183417
0.000404812
0.00280722
0.0148315
0.00545911
0.0484432
0.248762
0.353
0.307686
0.00161925
0.0112289
0.0468029
0.0231138
0.101008
0.187359
0.353
0.283459
0.0339605
0.0165024
0.0309496
0.00697057
0.0570566
0.131954
0.353
0.230102
0.048896
0.0226286
0.0483382
0.0220923
0.115152
0.179518
0.419978
0.325921
0.0151026
0.0200134
0.0327458
0.0467288
0.158859
0.189849
0.419978
0.198823
0.050009
0.0708048
0.163566
0.125497
0.0993265
0.113605
0.298175
0.133584
0.047576
0.0517928
0.0398039
0.0326017
0.175901
0.0940724
0.19518
0.061864
0.141262
0.174901
0.126297
0.107858
0.124728
0.0667129
0.0430223
0.0741931
0.394908
0.181467
0.000114959
0.00651871
0.0656982
0.00484123
0.0020723
0.0125615
0.394908
0.254624
0.0324648
0.00527304
0.032208
0.122759
0.0603852
0.0655626
0.200379
0.142926
0.129724
0.199361
0.31437
0.0689181
0.0677177
0.0191873
0.394908
0.262896
0.185644
0.0874682
0.129924
0.0345523
0.0525391
0.0148316
0.327387
0.196241
0.0519696
0.00345276
0.0707585
0.207647
0.312562
0.04155
0.0675764
0.0648875
0.0142535
0.00230184
0.063669
0.15416
0.333709
0.0628098
0.165924
0.11905
0.101008
0.0201338
0.205093
0.39191
0.446984
0.154877
0.0142982
0.0218141
0.058683
0.0159837
0.165636
0.17723
0.275927
0.0487468
0
0
0
0.00699612
0.00966781
0.24403
0.370183
0.153015
0.00110126
0
0
0.0104942
0.038243
0.340139
0.370183
0.0779026
0.00262112
0.000239573
0.0286094
0.0175661
0.0580892
0.370183
0.370183
0.288677
0.0410147
0.0421926
0.0451377
0.0409869
0.0615872
0.173852
0.354605
0.159959
0.00633712
0.000522376
0.00121888
0.00139099
0.0407098
0.254875
0.354605
0.182499
0.0134307
0.0373038
0.0443121
0.0447189
0.0251136
0.189794
0.354605
0.296257
0.0714137
0.0358728
0.104261
0.0395934
0.030496
0.184557
0.354605
0.240323
0.10259
0.0944336
0.188344
0.0895671
0.0403743
0.177389
0.256828
0.2238
0.00520707
0.0607226
0.0811812
0.11104
0.0425378
0.158216
0.194671
0.334155
0.117009
0.0633484
0.04618
0.0773802
0.144472
0.147097
0.195106
0.119935
0.030964
0.112185
0.197491
0.237185
0.165286
0.151487
0.351309
0.212092
0.125826
0.166426
0.157762
0.249393
0.199392
0.134146
0.223769
0.230652
0.1879
0.0700785
0.0298359
0.0166029
0.0913648
0.101129
0.198301
0.132071
0.117232
0.0570063
0.0615165
0.0354899
0.0903937
0.221709
0.394448
0.216923
0.22893
0.227765
0.0566471
0.0613668
0.0834311
0.328026
0.306265
0.194898
0.178255
0.134409
0.112402
0.0806802
0.116088
0.067901
0.0858533
0.05921
0.072344
0.0643153
0.097128
0.109951
0.142747
0.0440516
0.0287411
0.00880503
0.0749501
0.184831
0.18779
0.201903
0.16601
0.181364
0.161126
0.145079
0.118611
0.133882
0.365683
0.291502
0.142572
0.0419772
0.0272453
0.0587759
0.0645221
0.293413
0.422959
0.310358
0.138979
0.0739954
0.0554977
0.0369664
0.0730217
0.166883
0.195134
0.1963
0.151241
0.191113
0.200954
0.0859894
0.126312
0.202691
0.204654
0.0705378
0.105797
0.188512
0.226432
0.188153
0.0699914
0.201947
0.108643
0.151409
0.144853
0.363185
0.381593
0.240742
0.0835041
0.149434
0.09673
0.0492244
0.141657
0.212239
0.390025
0.138636
0.0450659
0.0508967
0.0479812
0.0179441
0.11186
0.285631
0.390025
0.171964
0.0472118
0.0590041
0.0917729
0.029212
0.110682
0.230171
0.372445
0.17534
0.0647749
0.0864562
0.0454545
0.0433054
0.0848569
0.241813
0.191663
0.153205
0.0978686
0.128422
0.167067
0.075426
0.105454
0.341893
0.31209
0.105773
0.0361945
0.0807494
0.0872599
0.042616
0.122815
0.328738
0.241723
0.208428
0.137604
0.132361
0.145173
0.163984
0.141891
0.208059
0.0510294
0.0999862
0.0653659
0.14307
0.109878
0.0878435
0.167487
0.189209
0.0191171
0.106471
0.128938
0.209887
0.173852
0.271333
0.222162
0.159961
0.167953
0.21917
0.107015
0.0705711
0.151661
0.117049
0.0879532
0.173182
0.305847
0.257545
0.0949319
0.0971609
0.167881
0.0784206
0.11457
0.0962401
0.0493199
0.104005
0.058733
0.124865
0.189169
0.220154
0.231387
0.121348
0.170847
0.125375
0.0303596
0.0812565
0.231591
0.367774
0.331194
0.140673
0.171869
0.111095
0.0282072
0.107541
0.140341
0.138393
0.178233
0.137487
0.176217
0.149373
0.105164
0.145499
0.154594
0.254379
0.229539
0.159433
0.166761
0.0791802
0.0184159
0.0748234
0.147161
0.295525
0.188005
0.255495
0.315098
0.258203
0.0979776
0.0642255
0.0900484
0.227573
0.243174
0.134941
0.178536
0.169311
0.138983
0.150465
0.0893045
0.0869647
0.194311
0.218375
0.196717
0.18947
0.148385
0.131529
0.131814
0.0693566
0.136987
0.168663
0.204155
0.245682
0.13009
0.0730577
0.104644
0.0866146
0.32776
0.316452
0.135271
0.232481
0.135134
0.107626
0.147853
0.114064
0.264853
0.118638
0.0896111
0.129238
0.116083
0.133064
0.205107
0.137961
0.0507682
0.127371
0.0304829
0.0993316
0.0600097
0.218132
0.24174
0.20328
0.10268
0.205216
0.0767759
0.165696
0.167901
0.15597
0.14322
0.211191
0.0885159
0.321582
0.031259
0.0724735
0.163945
0.290246
0.217519
0.337392
0.236635