0.0596902
0.0744326
0.06066
0.11805
0.062025
0.0330155
0.0270859
0.0327697
0.194482
0.15222
0.092854
0.167317
0.0581757
0.0661213
0.156235
0.127163
0.0418877
0.0915919
0.0830674
0.284921
0.229496
0.0503017
0.0167043
0.0249117
0.153306
0.0955814
0.138567
0.552841
0.454517
0.0567962
0.138702
0.0969487
0.096151
0.0429518
0.020596
0.0317429
0.013976
0.0595177
0.204333
0.135794
0.0336766
0.0231375
0.0158666
0.00707382
0.013141
0.0577972
0.160799
0.15455
0.119609
0.0255318
0.0513662
0.116352
0.115047
0.0896969
0.29095
0.250146
0.100342
0.00751744
0.0174101
0.00473373
0.0125835
0.172734
0.578139
0.486638
0.0180299
0.0290217
0.0690025
0.0258139
0.0352155
0.0724593
0.0984461
0.092512
0.0328701
0.0499538
0.0928193
0.0683988
0.047918
0.0810513
0.0497328
0.0571485
0.0933563
0.0180292
0.0114466
0.00357851
0.0424933
0.241497
0.533467
0.525002
0.0770402
0.107112
0.071045
0.0231484
0.063508
0.199894
0.282328
0.282189
0.0904514
0.196926
0.20264
0.142892
0.0661878
0.0715748
0.045086
0.0979943
0.0872236
0.399242
0.279149
0.200123
0.0462928
0.0357699
0.0324591
0.0441839
0.145448
0.168049
0.147848
0.0639717
0.118182
0.144759
0.246398
0.257616
0.138008
0.265307
0.176529
0.0962123
0.0660301
0.0558962
0.121907
0.185924
0.173538
0.224745
0.085903
0.0958444
0.0326985
0.0327855
0.0531603
0.0580516
0.284179
0.123654
0.0736887
0.0921587
0.075339
0.104685
0.17775
0.178842
0.160545
0.196552
0.0991285
0.067162
0.0293136
0.03878
0.110911
0.18494
0.367435
0.217854
0.122766
0.118091
0.0838585
0.0941723
0.166202
0.419932
0.0863473
0.0589709
0.0939781
0.157987
0.129582
0.162843
0.129232
0.0892043
0.0592022
0.0779815
0.172569
0.153587
0.10092
0.117351
0.121919
0.0918591
0.161815
0.113715
0.176232
0.22924
0.227441
0.153353
0.108654
0.276211
0.0337247
0.0317915
0.211558
0.219091
0.287581
0.326682
0.188407
0.0978543
0.044964
0.097649
0.161087
0.0502353
0.0674894
0.125711
0.171252
0.149819
0.0922699
0.212768
0.122744
0.13504
0.104221
0.0696228
0.116506
0.265304
0.0186973
0.104989
0.149058
0.073687
0.201747
0.385944
0.192214
0.102755
0.114212
0.257294
0.115943
0.0549236
0.219101
0.154984
0.10341
0.211166
0.0190507
0.0299263
0.027976
0.118564
0.146354
0.0153775
0.00505742
0.0093473
0.0234655
0.0148724
0.0413559
0.347594
0.403502
0.005203
0.0129937
0.0151135
0.0267666
0.0229219
0.0213181
0.133963
0.172926
0.0216646
0.0242653
0.0345092
0.00740852
0.0112303
0.0191709
0.534057
0.534057
0.00962103
0.0036916
0.0039037
0.0500055
0.0247121
0.056871
0.156489
0.151982
0.0204676
0.0595798
0.110795
0.0908592
0.02558
0.0382916
0.0437051
0.0387913
0.101029
0.417157
0.268862
0.013167
0.0249584
0.0382916
0.399409
0.425836
0.00758895
0.0221529
0.0442998
0.0356868
0.0341179
0.0317957
0.182623
0.206964
0.0543263
0.405029
0.158485
0.0543614
0.0102541
0.00113811
0.000669555
0.0130816
0.112642
0.370553
0.201564
0.0217885
0.0389781
0.0231053
0.000903746
0.0114774
0.114042
0.261455
0.190235
0.0263608
0.0073176
0.00170716
0.00822157
0.0171957
0.0607823
0.465504
0.208862
0.00920168
0.00756667
0.00563254
5.20749e-005
0.00451716
0.132739
0.465504
0.374544
0.0201739
0.0208992
0.0219232
0.00236082
0.00789309
0.0757437
0.215005
0.106051
0.0243026
0.0136784
0.0113959
0.00386101
0.0106574
0.0526156
0.131565
0.078064
0.00655306
0.0039677
0.00998489
0
0.00258977
0.170494
0.530495
0.345638
0.0134021
0.00622169
0.0198766
0
0.016961
0.174837
0.530495
0.335894
0.0532862
0.0401799
0.0247679
0.00546701
0.00863262
0.0472207
0.0789941
0.123945
0.0991788
0.0727378
0.0559703
0.021032
0.0125065
0.0241461
0.041135
0.123059
0.072864
0.0193611
0.0135808
0
0.0221469
0.211122
0.571371
0.491688
0.126346
0.040226
0.0250577
0.0214536
0.0285013
0.232837
0.2941
0.272989
0.115809
0.0917256
0.107519
0.0760777
0.0814844
0.0600915
0.0870238
0.222621
0.0586951
0.0478045
0.0957048
0.076528
0.180627
0.337392
0.240099
0.122613
0.184313
0.108623
0.0662345
0.0485662
0.0640662
0.24385
0.228325
0.26032
0.106917
0.132042
0.130979
0.0648807
0.127255
0.255561
0.242995
0.255936
0.0723253
0.175513
0.0987479
0.0736958
0.116003
0.272937
0.136783
0.0310477
0.0993405
0.2657
0.152758
0.0665975
0.10298
0.0896487
0.0657681
0.104439
0.0926517
0.17573
0.112351
0.124299
0.202019
0.268989
0.187463
0.152999
0.0948869
0.215002
0.151934
0.173119
0.282702
0.252757
0.102498
0.158063
0.0338118
0.0129444
0.00985032
0.0841758
0.106339
0.0187551
0.0385695
0.0569812
0.0106945
0.00267097
0.00278851
0.384189
0.492328
0.00980854
0.00619835
0.00926338
0.0516654
0.0192901
0.0286296
0.0989567
0.1649
0.0435142
0.0353134
0.0742728
0.0100228
0.00482524
0.00698666
0.492328
0.492328
0.0295129
0.00834564
0.0275212
0.000341771
0.00235702
0.00137428
0.365123
0.433638
0.00254136
0.00147091
0.000772852
0.00427304
0.00532312
0.00265304
0.196983
0.219551
0.00975203
0.0680323
0.0331716
0
4.19676e-005
0.00093693
0.446448
0.446448
0.00423132
0
0
0.00385618
0.000940905
0.00427066
0.264997
0.269257
0.0111133
0.00559774
0.00602275
0.0110039
0.00276151
0.00253263
0.0272186
0.0302391
0.0234183
0.331569
0.18048
0.0155607
0.00608098
0.00632988
0.00677949
0.00507993
0.138563
0.712641
0.479536
0.0143197
0.00491284
0.00959892
0.0434543
0.0343866
0.0140835
0.0199012
0.0211846
0.0211124
0.0276744
0.0197782
0.0222669
0.00898555
0.0433613
0.102359
0.093703
0.00393089
0.00311826
0.00739157
0.000798518
0.00284774
0.10779
0.453659
0.244577
0.00222252
0.00433634
0.0238794
0
0.00908644
0.149798
0.453659
0.341315
0.00741134
0.00997665
0.00642229
0.00274988
0.00466945
0.0449755
0.150388
0.101915
0.00615818
0.00545353
0.00676848
0.000575435
0.0106369
0.10037
0.453659
0.284673
0.0136701
0.0103027
0.00673607
0
0.00633702
0.111864
0.368143
0.228465
0.0644578
0.0167914
0.00127653
0.0019393
0.00700663
0.130939
0.242762
0.184874
0.00942412
0.0143274
0.00168402
0.000571173
0.00634578
0.0917275
0.471474
0.243332
0.0554523
0.0195838
0
0.000251447
0.012425
0.101578
0.471474
0.334028
0.0716724
0.0157744
0.00435665
0.00270808
0.0148819
0.101052
0.15836
0.130596
0.0295649
0.0285353
0.0186326
0.0104165
0.0194855
0.0582244
0.117968
0.0967147
0.0552377
0.00840313
0.000833837
0
0.0332614
0.143073
0.549549
0.339209
0.0317905
0.0204061
0.00555345
0.00439307
0.0372759
0.147011
0.549549
0.300648
0.0447423
0.0228727
0.0185836
0.0254389
0.0512256
0.0745314
0.0740143
0.102818
0.0963904
0.0458126
0.0132591
0.0214576
0.0803492
0.0957091
0.0275057
0.0851497
0.0979734
0.0142822
0.00463311
0.00759489
0.0283723
0.0804234
0.527055
0.374509
0.240094
0.0284199
0.00205709
0.00167478
0.0299378
0.0405644
0.237815
0.561474
0.0337716
0.0665179
0.057579
0.0970697
0.123269
0.0367785
0.0102753
0.0228082
0.00826573
0.0322126
0.0211677
0.448257
0.436633
0.0212858
0.00307708
0.0121454
0.0219582
0.0769686
0.0770187
0.148674
0.161008
0.0468183
0.0490677
0.0157847
0.00905219
0.0463338
0.0460493
0.476137
0.476137
0.0158098
0.0223876
0.00141737
0
0.00152956
0.00198795
0.409133
0.399775
0.00194014
0
0
0.00189713
0.00362612
0.00521423
0.210641
0.214206
0.00745726
0.00648985
0.00554747
0
0.00219978
0.00451706
0.437826
0.437826
0.000465901
0
0
0.00206174
0.00540401
0.0093428
0.291359
0.265289
0.00397147
0.00479872
0.0146372
0.040801
0.0484791
0.0713494
0.20753
0.170223
0.0915417
0.144231
0.0888587
0.0664867
0.102502
0.086346
0.0851836
0.0201384
0.142143
0.178842
0.176902
0.0501454
0.0669985
0.0921803
0.301057
0.20619
0.116092
0.161801
0.225385
0.0922722
0.0958971
0.0682209
0.0395432
0.00950282
0.148689
0.248197
0.342012
0.0304745
0.0394811
0.0268346
0.0214877
0.0191753
0.0656093
0.0837617
0.0988413
0.0415909
0.0270579
0.0183457
0.0160899
0.0599291
0.138155
0.444056
0.307853
0.0621055
0.0566482
0.0314458
0.0316706
0.0307876
0.0605389
0.0718931
0.09568
0.259691
0.61003
0.0838368
0.0319859
0.0485123
0.075915
0.122697
0.0624137
0.0143816
0.00816559
0.00104499
0.00481136
0.00694616
0.020939
0.223822
0.107354
0.0340028
0.0978818
0.0112433
0.00252631
0.00553562
0.0440231
0.549307
0.238093
0.110548
0.332902
0.0277835
0.00554442
0.00300259
0.00550799
0.0151537
0.0160096
0.274354
0.549307
0.0508856
0.00288659
0.000722304
0.0092758
0.07648
0.0473308
0.011485
0.128551
0.0477313
0.0101339
0.0186255
0.0754163
0.439206
0.183139
0.0276579
0.0961614
0.0581909
0.0573465
0.0611475
0.0891704
0.321093
0.165881
0.153572
0.455663
0.11749
0.0152009
0.00888284
0.0289298
0.0979895
0.0508848
0.174698
0.455663
0.174683
0.0858119
0.0406933
0.0354597
0.0698038
0.0477279
0.0831324
0.107168
0.0325104
0.0378382
0.0382796
0.0412859
0.332188
0.205276
0.12447
0.0925623
0.0269606
0
0.0431521
0.0222904
0.256924
0.429156
0.24089
0.412638
0.153968
0.0698744
0.0293608
0.0126058
0.0802783
0.0693702
0.200086
0.259622
0.0933083
0.0246902
0.0587222
0.0163114
0.186139
0.255264
0.0129567
0.0135587
0.0222045
0.108507
0.118291
0.0495157
0.0763329
0.0606854
0.00319531
0.00819678
0.0183179
0.438167
0.44194
0.0179726
0.028764
0.00696822
0.0102516
0.0155019
0.0226309
0.089057
0.102685
0.0421815
0.0514334
0.0506779
0.00197608
0.00203821
0.0104101
0.490167
0.505145
0.0215888
0.0159881
0.0061494
0
0.000284412
0.00184853
0.376475
0.396896
0.000195283
0
0
0.00233556
0.00363979
0.00504881
0.224735
0.230827
0.00180919
0.00182087
0.00597543
0.00264953
0.000699456
3.87808e-005
0.434382
0.434382
0.000507231
0.000145012
0
0.0391118
0.0675468
0.00410934
0.272634
0.309958
0.000566733
0.000672109
0.000944562
0.00863517
0.00890061
0.0100043
0.0355019
0.0295983
0.0139615
0.0101659
0.0153426
0.0572361
0.0846445
0.0122554
0.00234984
0.00117737
0.0160432
0.0149011
0.024
0.157065
0.394179
0.0170283
0.0439835
0.04194
0.0134759
0.00705995
0.00473506
0.45789
0.720145
0.0404685
0.00162428
0.000240337
0.0175141
0.00837996
0.0114269
0.0583884
0.150256
0.00663699
0.00386633
0.0023368
0.00503496
0.00541389
0.00898951
0.156793
0.476279
0.0382695
0.00392049
0.00291563
0.00357767
0.00708698
0.00679917
0.234428
0.508834
0.0331455
0.000894886
0.000158174
0.00164932
0.00148469
0.00534198
0.282603
0.508834
0.128535
0.00242306
0.00406492
0.000406359
0.00149549
0.0151729
0.141015
0.44623
0.0565709
0.000735763
0.000306269
0.000564755
0.00318823
0.00526095
0.198818
0.44623
0.0793487
0.000207938
0.00317058
0.00135882
7.32594e-006
0.0141489
0.175906
0.44623
0.133952
0.00403847
0.00320638
0
0.000350839
0.0138204
0.147343
0.437621
0.161823
0.00921522
0.00792322
0.00283517
0.00257543
0.0259942
0.237228
0.58442
0.114898
0.00599194
0.0183438
0.00786165
0.000830773
0.0199508
0.199801
0.487437
0.156792
0.0469861
0.0194838
0.0100786
0.0116153
0.0294489
0.128547
0.331381
0.124551
0.0191288
0.0386469
0.0164033
0.0183361
0.107731
0.149627
0.137884
0.0623134
0.0366913
0.0379201
0.0292826
0.0223249
0.139353
0.273965
0.471391
0.225158
0.0887992
0.0337056
0.00910248
0.08134
0.0760402
0.281023
0.238516
0.143162
0.0946115
0.0685721
0.0111015
0.132785
0.215831
0.23853
0.157384
0.125332
0.065583
0.0457525
0.0337771
0.0401009
0.114357
0.209791
0.165634
0.217923
0.196577
0.0866191
0.0549953
0.0370511
0.0678001
0.00921763
0.0228745
0.0259602
0.0639283
0.0860336
0.0488298
0.0296603
0.0109869
0.00183339
0.00524417
0.0116537
0.423336
0.501018
0.0465754
0.013042
0.000811833
0.0142093
0.0155898
0.0296251
0.0866183
0.111638
0.0601865
0.0302336
0.0290938
0.0192913
0.0101863
0.0274999
0.405688
0.547428
0.0643186
0.0178603
0.00461974
0.0321173
0.00732127
4.12576e-005
0.303816
0.38542
0.0255232
0.0298455
0.0080322
0.175773
0.291305
0.0119037
0.161687
0.227646
0.0204588
0.0396269
0.0120683
0.118964
0.0550174
0.0123411
0.178799
0.266678
0.0549798
0.0579525
0.0424722
0.4197
0.433106
0.0501036
0.0395938
0.103059
0.0423743
0.0701103
0.0622446
0.144071
0.443877
0.0235555
0.00977749
0.0128491
0.00259437
0.00505556
0.00164531
0.215689
0.443877
0.0481843
0.000149588
0
0.00209136
0.00079576
0.00153413
0.223627
0.443877
0.0771107
0.00838076
0.00453915
0.00335008
0.00914398
0.00797959
0.15867
0.443877
0.126472
0.0108859
0.000123303
0.00242059
0.00441724
0.00443424
0.264687
0.541988
0.0948436
0
0
0.00467977
0.00259212
0.0181979
0.21042
0.541988
0.175323
0.00966414
0.0199144
0.0190932
0.00949033
0.0556256
0.152664
0.338257
0.106794
0.00443913
0.00387001
0.0144961
0.0308232
0.0514158
0.0824173
0.139872
0.0971978
0.0164942
0.0221271
0.0388089
0.046809
0.0856404
0.177611
0.576039
0.291009
0.0565209
0.0373489
0.012629
0.00550613
0.0610738
0.132661
0.387123
0.26545
0.0767132
0.0291721
0.00176399
0.0259237
0.107745
0.0540043
0.15711
0.186066
0.0901047
0.0356466
0.0277972
0.0262777
0.0480647
0.128007
0.15576
0.151089
0.116815
0.0460269
0.0127477
0.0721449
0.216044
0.0947713
0.165066
0.110711
0.0369381
0.0228558
0.0132802
0.0904615
0.305591
0.235856
0.0407946
0.0206577
0.0123209
0.0184714
0.0651462
0.119404
0.393741
0.151203
0.0893313
0.0502468
0.029149
0.0384167
0.0901353
0.16434
0.353101
0.11072
0.0315356
0.0075314
0.00805242
0.0403626
0.396851
0.288512
0.272417
0.326378
0.07909
0.0410222
0.0408876
0.0523897
0.0919341
0.0761762
0.21721
0.235327
0.132838
0.184444
0.210141
0.102032
0.117051
0.0983043
0.167799
0.116177
0.0687271
0.0162832
0.0265919
0.0964708
0.33573
0.214295
0.192898
0.142049
0.189123
0.1409
0.0835535
0.0668932
0.162036
0.249908
0.265677
0.0202658
0.0107392
0.0506922
0.137258
0.149977
0.0886434
0.0604784
0.0327256
0.0915239
0.0785759
0.0614662
0.424986
0.571771
0.0629582
0.0465791
0.109772
0.0290999
0.0257664
0.0683941
0.1353
0.132131
0.0971613
0.09652
0.0381288
0.136959
0.151635
0.0483825
0.151918
0.246016
0.0742214
0.0836257
0.342377
0.20621
0.229258
0.0536445
0.139861
0.183336
0.0284978
0.0403539
0.100939
0.441918
0.558618
0.143422
0.0338986
0.0114599
0.022799
0.0400118
0.0863446
0.153762
0.194791
0.0379574
0.0326295
0.0613504
0.0385414
0.0627376
0.23282
0.177717
0.197628
0.108538
0.0549069
0.0205186
0.0378809
0.0692092
0.125792
0.363307
0.597002
0.175612
0.0839392
0.00497684
0.0231091
0.03902
0.0359567
0.171692
0.440071
0.219406
0.0646788
0.00485716
0.0410293
0.0472452
0.043934
0.111299
0.105635
0.101345
0.117892
0.0575747
0.0442772
0.0595693
0.0737203
0.0509098
0.0590187
0.0673948
0.0571945
0.0358363
0.0874382
0.101647
0.118674
0.212209
0.438448
0.166104
0.0592348
0.0521071
0.10116
0.159733
0.150665
0.0717284
0.186584
0.135424
0.10847
0.105893
0.0981038
0.199874
0.169276
0.053726
0.0767575
0.0435686
0.0663924
0.0986581
0.206372
0.265093
0.24059
0.063595
0.0401225
0.0626789
0.140241
0.193441
0.16229
0.164633
0.138443
0.074561
0.170777
0.187767
0.088811
0.0520635
0.0559309
0.0702916
0.0493169
0.342583
0.262347
0.155021
0.1021
0.0480543
0.0450332
0.126803
0.212111
0.103312
0.0942737
0.162942
0.0953792
0.071865
0.0746442
0.0542167
0.0505938
0.422805
0.301891
0.233381
0.0556307
0.0157074
0.0320899
0.105286
0.237043
0.245634
0.123217
0.0317477
0.0147914
0.0287125
0.0736993
0.0914545
0.182563
0.190932
0.140276
0.0361131
0.0283986
0.0882122
0.341807
0.165751
0.10996
0.372801
0.187854
0.063294
0.0044838
0.000232531
0.00162271
0.0652139
0.229473
0.376245
0.24969
0.140164
0.0190533
0.0636298
0.0630351
0.115072
0.239763
0.158838
0.181877
0.0479783
0.0317521
0.16938
0.284261
0.124263
0.0753752
0.183923
0.241587
0.108542
0.0456972
0.101946
0.0945944
0.113857
0.123778
0.240185
0.178623
0.144903
0.0251335
0.241055
0.177535
0.124885
0.211741
0.227308
0.107049
0.122351
0.041665
0.21178
0.252771
0.165485
0.139421