0.0612632
0.0397964
0.0826623
0.0500039
0.0507928
0.0202331
0.0292826
0.0812754
0.207281
0.217742
0.124754
0.0605666
0.0377024
0.0464423
0.0452967
0.0883287
0.0374092
0.0300022
0.0872896
0.138599
0.107104
0.0719601
0.0925594
0.111388
0.20414
0.338504
0.388733
0.460028
0.182331
0.0458613
0.0350308
0.136995
0.136372
0.0878979
0.0269243
0.0297876
0.0492682
0.0584721
0.0987521
0.116897
0.0521832
0.0207048
0.0233145
0.0655826
0.072353
0.095423
0.174725
0.124275
0.198891
0.168612
0.154965
0.152184
0.0869046
0.106453
0.132031
0.213352
0.109828
0.0206237
0.0292794
0.0339375
0.0390967
0.249228
0.551239
0.392757
0.0195831
0.0399505
0.0387833
0.0571562
0.0558966
0.0647242
0.113619
0.0530651
0.0795985
0.0750388
0.0187148
0.0460582
0.0707277
0.0648689
0.118302
0.05416
0.0306195
0.0161251
0.0389042
0.0293817
0.0302104
0.170999
0.578114
0.319303
0.0420511
0.0785988
0.0452678
0.013945
0.079871
0.228594
0.418678
0.205069
0.107111
0.0725982
0.0151878
0.102651
0.077912
0.147536
0.176152
0.0566254
0.0379501
0.0329018
0.0251328
0.190713
0.118092
0.289646
0.190857
0.0732573
0.048813
0.0747461
0.0365134
0.0477321
0.084079
0.258502
0.313549
0.140344
0.022443
0.0352754
0.114493
0.128077
0.122917
0.430464
0.25144
0.0742604
0.0217772
0.0183334
0.0443103
0.106568
0.119818
0.241322
0.182782
0.0939619
0.0684086
0.0368587
0.0626943
0.0475057
0.0520255
0.15424
0.182345
0.13107
0.00444011
0.00960504
0.146763
0.125675
0.21037
0.374726
0.245736
0.0638119
0.0181947
0.0349548
0.0706494
0.0764135
0.127873
0.247503
0.295974
0.0899703
0.103882
0.0300755
0.0367476
0.0361553
0.0420223
0.129127
0.165824
0.158604
0.125627
0.0394628
0.0414747
0.0333246
0.144892
0.220708
0.205969
0.144066
0.125111
0.0569378
0.0555374
0.0463388
0.0436572
0.197803
0.261669
0.16575
0.191119
0.0732434
0.161371
0.208033
0.191258
0.139397
0.147176
0.177997
0.156948
0.0675291
0.0687579
0.0267682
0.0936752
0.163365
0.171074
0.071407
0.3062
0.0643842
0.0970806
0.0690597
0.0384092
0.150535
0.234727
0.131
0.115264
0.0901279
0.13181
0.175497
0.181369
0.0793629
0.106875
0.0649343
0.118324
0.0954579
0.176274
0.159621
0.119785
0.0962062
0.150445
0.152633
0.0109623
0.00978049
0.0301814
0.0954992
0.0855385
0.0483235
0.0236124
0.0177028
0.0160392
0.0390276
0.105712
0.410895
0.263301
0.0426699
0.008095
0.0184016
0.00371762
0.0173898
0.0452742
0.123967
0.115369
0.0671963
0.0189737
0.0119133
0.000145907
0.0040248
0.0429767
0.597401
0.441761
0.0448211
0.00456258
0.00275676
0.0376889
0.0231211
0.0571232
0.152689
0.112868
0.0318969
0.031426
0.0592349
0.0584308
0.023346
0.0365643
0.0431401
0.0419768
0.104827
0.298639
0.202114
0.0141985
0.0196959
0.0369116
0.448367
0.218988
0.00667673
0.00274945
0.0304546
0.0506832
0.0838964
0.0747793
0.449958
0.150118
0.0835324
0.397704
0.253763
0.0111856
0.00512463
0.00549486
0.00338045
0.00249046
0.0798249
0.244005
0.0983216
0.0193904
0.0080072
0.00593193
0.00137008
0.0086764
0.119797
0.245849
0.0768495
0.0189304
0.0185807
0.0132861
0.0547222
0.0133534
0.0864896
0.509884
0.202574
0.0426678
7.44675e-006
0.000734879
0.000304371
0.00436604
0.126745
0.63736
0.208728
0.0339613
0.00969719
0.0107094
0.011526
0.0185395
0.0883299
0.225153
0.0716694
0.0154598
0.00406313
0.0318173
0.0328533
0.0373463
0.0718783
0.110846
0.0492689
0.0490798
1.81364e-005
0.00185044
0.00269422
0.0129311
0.172372
0.651937
0.186926
0.00941701
0.00307117
0.0118328
0.00974104
0.0261098
0.260662
0.489031
0.14768
0.00363883
0.00668767
0.0827002
0.060945
0.104619
0.105969
0.0762306
0.0401142
0.00280876
0.0401439
0.0552109
0.0661256
0.0963131
0.0688644
0.0573771
0.0210451
0.00219922
0.0217987
0.0548713
0.0501136
0.090762
0.383419
0.600736
0.114181
0.00162861
0.0362174
0.0383861
0.0859795
0.115061
0.155896
0.423003
0.0828022
0.0510314
0.11448
0.0840734
0.10389
0.0963117
0.0960669
0.1127
0.0851537
0.0839523
0.0738691
0.192939
0.27223
0.163639
0.0566781
0.06739
0.121537
0.0331792
0.0764333
0.0309445
0.133108
0.221036
0.182163
0.294198
0.142894
0.100129
0.0900729
0.0876046
0.201427
0.237931
0.154069
0.0802907
0.145059
0.0855981
0.0714498
0.134735
0.199261
0.133358
0.0497321
0.0804274
0.0568597
0.109254
0.169127
0.134509
0.117917
0.0969352
0.0789257
0.103944
0.0545521
0.188966
0.146577
0.0651963
0.144527
0.136376
0.125481
0.102415
0.100813
0.266672
0.27921
0.0814628
0.071627
0.0807895
0.136326
0.160972
0.161229
0.00682934
0.0128566
0.0386528
0.0787908
0.103639
0.0352404
0.0249383
0.0167176
0.0012497
0.00313045
0.0353763
0.415843
0.377171
0.00943236
0.00662162
0.00525056
0.0276432
0.0250094
0.0765063
0.110091
0.0706214
0.0356354
0.0192461
0.0215604
0.00717835
0.0105122
0.12725
0.605357
0.349846
0.00514362
0.0044831
0.00360652
0.000349939
0.0042956
0.00894018
0.347323
0.152196
0.000591936
0
0.00207271
0.0104135
0.0239281
0.0250623
0.439066
0.134158
0.0191388
0.0910491
0.068241
0
0.000522191
0.0137242
0.421975
0.259153
0
0
0
0.00183591
0.00434344
0.0115353
0.466781
0.319825
0.0146078
0.00321321
0.00144906
0.0212446
0.0148266
0.0165421
0.104604
0.0296014
0.0358476
0.339511
0.14563
0.0283903
0.00323446
0.00258156
0.00165456
0.00255802
0.0700499
0.770712
0.233806
0.0185151
0.0117419
0.0216536
0.108281
0.081336
0.0197825
0.0342213
0.0211025
0.0355017
0.0122539
0.0124296
0.00765166
0.0058508
0.0362135
0.284458
0.119607
0.00750188
0.000181174
0.000429343
0.0016578
0.00159757
0.0660955
0.453153
0.119576
0
0.000505446
0.00252473
0.00653872
0.00657836
0.121408
0.408741
0.117431
0.00760703
0.00258158
0.0031946
0.00424121
0.00262995
0.0482772
0.336559
0.10086
0.00435718
0.000434548
0.00335092
0.00537152
0.00679409
0.0972191
0.591057
0.19292
0
0.0017424
0.00249297
0.00396003
0.0104186
0.109874
0.257677
0.0793349
0
0.0011616
0.001145
0.00430377
0.0093404
0.0857414
0.281115
0.0541491
0.00132939
2.70498e-006
0.00059879
0.00141678
0.00816196
0.106454
0.577172
0.160075
0.00608891
0
0
0.000118349
0.00452996
0.128691
0.603608
0.122955
0.00302244
0.000817103
0.000433397
0.00658111
0.0187085
0.070186
0.257384
0.0337026
0.0243835
0.0123489
0.0023277
0.0117049
0.0314108
0.0307931
0.105656
0.0377779
0.0156646
0.000585443
0
0.0006684
0.00758402
0.173212
0.648421
0.127284
0.0332038
0.00738139
0.000380681
0.00323763
0.0132072
0.168676
0.55941
0.125417
0.0861422
0.0720343
0.024301
0.055539
0.0542937
0.0329076
0.0534541
0.0756502
0.0837316
0.0843961
0.039104
0.0446124
0.0515215
0.0571478
0.048662
0.072653
0.0787475
0.036928
0.0416354
0.0385403
0.0309832
0.248148
0.720002
0.187185
0.0599069
0.0511387
0.0999902
0.0577717
0.0543309
0.160619
0.22149
0.0757401
0.0273616
0.0280754
0.0671829
0.0986989
0.0277211
0.0119105
0.0193587
0.0213657
0.0144359
0.0203489
0.151441
0.476538
0.207216
0.00325686
0.00799891
0.0022468
0.0268524
0.0293243
0.0453768
0.178617
0.0678942
0.0169338
0.0259949
0.0155225
0.0333857
0.0468182
0.105885
0.662595
0.280951
0.00835748
0.00654491
0.0020696
0.00105319
0.00208113
0.0184203
0.343219
0.219692
0
0
0
0.000209172
0.00143627
0.00485717
0.33799
0.286353
0.00993381
0.000705592
0.00025039
0.00421278
0.00619551
0.0127479
0.457688
0.25374
0.000697773
0
0
2.10751e-005
0.000617544
0.0151456
0.471361
0.276272
0.00626798
0.00155857
0.000620527
0.0321885
0.036093
0.0564066
0.327565
0.370738
0.0901119
0.0319652
0.0134559
0.0943146
0.0800444
0.047684
0.0302113
0.0458647
0.109414
0.116485
0.0835364
0.000523993
0.01592
0.0713035
0.488111
0.338472
0.0831594
0.0660541
0.0225049
0.0276541
0.0674656
0.0251818
0.0591221
0.0889107
0.147278
0.127945
0.0706925
0.0269626
0.0231868
0.0289322
0.0229372
0.027144
0.0550397
0.161996
0.0888923
0.0338343
0.00679305
0.0281316
0.014416
0.0260787
0.123761
0.78184
0.319664
0.0246676
0.0356199
0.0318422
0.0407336
0.0578074
0.0559639
0.0218719
0.0204226
0.14064
0.140233
0.0523267
0.0299855
0.0640426
0.0587471
0.0586984
0.0586862
0.00488115
0.00286885
0.00088118
0.000309249
0.00474882
0.0499286
0.39501
0.0932661
0.0115521
0.0132488
0.00389491
0
0.00185289
0.0760589
0.643706
0.122891
0.0862741
0.115218
0.00752791
0.000857732
0.0134023
0.0117022
0.0748449
0.0310654
0.133739
0.445241
0.028367
0
0.00274564
0.0348949
0.291383
0.0556273
0.0193717
0.0170136
0.0160328
0.00941743
0.0130292
0.130342
0.507609
0.115082
0.0243622
0.00632077
0.0118748
0.0222372
0.0245046
0.185562
0.379926
0.0853683
0.114405
0.450636
0.0860265
0.0316318
0.0448375
0.102652
0.304804
0.0388865
0.133272
0.20211
0.0827527
0.064797
0.0909257
0.114725
0.159084
0.0392271
0.0331879
0.0133126
0.0214246
0.0179277
0.0400171
0.26415
0.539245
0.0975539
0.0293261
0.0324613
0.0428341
0.0331571
0.115442
0.201724
0.222443
0.0420207
0.176277
0.21202
0.203626
0.0512506
0.0804132
0.144006
0.228908
0.0813371
0.0441898
0.147455
0.219932
0.0876827
0.185864
0.202332
0.13062
0.0326893
0.0155625
0.0276028
0.0339428
0.137276
0.0774177
0.0214502
0.0206504
0.00692452
0.0122754
0.0280339
0.0397332
0.526229
0.295321
0.0253232
0.0011325
0.000927524
0.0525198
0.0214653
0.0650961
0.111333
0.0805369
0.0299051
0.0320577
0.0511304
0.0166172
0.013097
0.0728618
0.566481
0.346066
0.0505035
0.00641704
0.0206016
0.00135272
0.00308079
0.00361181
0.37075
0.232493
0.00485064
0
0
0.000234864
0.000853858
0.0165294
0.388219
0.231207
0.00305947
0.00142716
0.000443748
0.00216141
0.00339434
0.00851259
0.42545
0.29769
0.00955508
0
0.00144864
0.0565026
0.0333837
0.00786397
0.40289
0.316076
0.00667703
0.00623509
0.0146823
0.0054243
0.00436503
0.0227949
0.118131
0.0669717
0.0124976
0.0128142
0.00408472
0.0484341
0.0428328
0.00848695
0.021303
0.0211136
0.0263973
0.0223232
0.0111771
0.19918
0.223712
0.0114275
0.0962791
0.0823849
0.0101682
0.0161474
0.0245761
0.450267
0.751361
0.0517636
0.0121839
0.01169
0.00737693
0.0103399
0.0119842
0.0599632
0.0834885
0.00587381
0.0075996
0.00774355
0.0081678
0.00472058
0.00409964
0.138021
0.340938
0.0170468
0.00322977
0.00793444
0.00688615
0.00313037
0.00905808
0.235363
0.485607
0.0358583
0.00305264
0.00120889
0.000907494
0.00439313
0.00591762
0.266767
0.649142
0.0646274
0
0
8.32179e-005
0.00846099
0.0128215
0.176308
0.375818
0.019376
0.000407315
0.00574536
0.00373187
0.00792322
0.011743
0.216867
0.528539
0.0443416
0.0138387
0.002115
0.00370245
0.0183313
0.0121552
0.194077
0.490857
0.0683777
0
0
0
0.00979592
0.0155062
0.210818
0.314575
0.0515282
0.0301606
0.0260116
0.010667
0.0293124
0.0522347
0.218836
0.639725
0.101983
0.0806597
0.0263471
0.0188578
0.0325298
0.0142429
0.247118
0.340024
0.104918
0.0860486
0.0528439
0.0196222
0.0228952
0.0438298
0.1538
0.224182
0.0672241
0.164274
0.115578
0.0818275
0.0449716
0.0591021
0.100565
0.141016
0.0576456
0.173126
0.121179
0.0981194
0.0373052
0.0525419
0.358901
0.390871
0.273086
0.0693961
0.0452776
0.0133955
0.0288078
0.0792733
0.135259
0.213391
0.248643
0.0570403
0.0645017
0.102321
0.0487228
0.0967958
0.177915
0.141283
0.0850441
0.125129
0.0898032
0.042251
0.0902524
0.148589
0.220309
0.101105
0.0696625
0.0237167
0.0153319
0.0278464
0.102656
0.265951
0.127717
0.0164279
0.0187152
0.0386805
0.0619212
0.0453356
0.0418521
0.0888657
0.0437813
0.0152308
0.0377255
0.360462
0.254871
0.077069
0.0192836
0.0479371
0.257303
0.120085
0.0471126
0.0556467
0.119586
0.0884145
0.0745903
0.105031
0.0619207
0.0787189
0.0466239
0.406553
0.58037
0.0993377
0.0264439
0.0551716
0.019931
0.0218069
0.0116667
0.345848
0.241253
0.0307494
0.0230968
0.0172999
0.220177
0.242315
0.0166581
0.27031
0.223198
0.0270674
0.0372107
0.043135
0.0709546
0.0654714
0.0153842
0.197255
0.245791
0.0539742
0.0386155
0.0689719
0.42417
0.426944
0.0443316
0.0738041
0.0852175
0.0445485
0.0518146
0.105489
0.236231
0.349334
0.0169154
0.0253492
0.0235115
0.00363023
0.00904041
0.0182829
0.299222
0.526772
0.0616454
0.000755228
0.000526455
7.33039e-005
0.00333112
0.00540086
0.313295
0.359899
0.0599683
0.00817028
0.00482621
0.00394678
0.00606747
0.0424101
0.22572
0.274863
0.129523
0.0146263
0
0
0.00651118
0.0800254
0.274711
0.538894
0.0784049
0.000594997
0.000102028
9.05704e-005
0.00755862
0.0109866
0.179426
0.504132
0.134053
0.00493768
0
0.00225519
0.0131238
0.0185564
0.272763
0.189398
0.082298
0.00678311
0
0.000305456
0.012073
0.0915761
0.252561
0.177747
0.078256
0.0143673
0.000330791
0.0172234
0.0273403
0.0926323
0.237394
0.485768
0.218853
0.0124507
0.00405975
0.00401623
0.0197199
0.053001
0.252987
0.262358
0.125598
0.0625308
0.109872
0.0269677
0.0785177
0.125814
0.238744
0.185192
0.165347
0.0770784
0.036504
0.0508032
0.0516148
0.136583
0.186476
0.136736
0.137948
0.212957
0.191923
0.0656781
0.0665988
0.136407
0.0875674
0.113393
0.142193
0.163865
0.277776
0.147852
0.0756164
0.0785013
0.0931317
0.0986915
0.081458
0.151225
0.255562
0.176608
0.0465897
0.0724404
0.0749608
0.110129
0.141387
0.230779
0.301392
0.169008
0.127756
0.10019
0.126214
0.17526
0.120871
0.178983
0.287634
0.198837
0.183811
0.0827564
0.126587
0.0461704
0.0258113
0.053686
0.0695389
0.0306767
0.0697289
0.173971
0.143934
0.0438809
0.0460587
0.0414027
0.00754279
0.048342
0.145423
0.290536
0.203147
0.207371
0.163625
0.118216
0.0877819
0.0591469
0.149556
0.168802
0.142081
0.249092
0.192536
0.218817
0.0997945
0.137543
0.318603
0.352279
0.348498
0.108836
0.0414087
0.0551152
0.0739115
0.0243841
0.0330115
0.256594
0.185743
0.10899
0.0566668
0.254795
0.436886
0.0357655
0.0258405
0.154523
0.290911
0.0590831
0.0197315
0.0274621
0.0176383
0
0.0185647
0.286032
0.291535
0.0759475
0.0315368
0.0892684
0.102559
0.0148944
0.0329891
0.246182
0.181532
0.155867
0.0659378
0.100364
0.21885
0.0308166
0.0174746
0.101251
0.517323
0.393465
0.0817769
0.0036125
0.0122981
0.0140932
0.0139279
0.196088
0.246713
0.114321
0.0654421
0.0400852
0.0656827
0.0160919
0.0174256
0.0966969
0.325075
0.168008
0.0904105
0.0190302
0.0185698
0.0181766
0.0474118
0.228523
0.400074
0.19135
0.0426287
0.00435631
0
0.000949326
0.00380268
0.209275
0.358614
0.0990315
0.0707402
0.0174252
0
0
0.0151617
0.324196
0.26035
0.0439034
0.0279992
0.00695432
0.00810096
0.0115078
0.0301353
0.278826
0.385274
0.027969
0.0205954
0.0142921
0.00717778
0.00846975
0.0139865
0.327798
0.371055
0.0460705
0.0226231
0.00521257
0
0.000109698
0.00836361
0.199718
0.467909
0.0406607
0.0522674
0.012178
0.000588404
0.0178303
0.0253336
0.198202
0.369994
0.0366355
0.00692656
0.00637093
0.00832225
0.0133513
0.0105005
0.192955
0.479328
0.0401714
0.0332621
0.0134108
0.00483937
0.0121362
0.0291566
0.218919
0.33171
0.120591
0.151395
0.0680526
0.0415817
0.0652605
0.0592787
0.188112
0.184061
0.22171
0.100228
0.182562
0.130301
0.0675274
0.0959524
0.167351
0.419101
0.0821269
0.10573
0.0395601
0.0174804
0.0185375
0.0286544
0.269362
0.266136
0.170372
0.0957512
0.052749
0.0376593
0.0183601
0.0901878
0.285029
0.155777
0.151664
0.0388743
0.143096
0.159798
0.0895731
0.157259
0.205192
0.131776
0.161789
0.0863804
0.0904319
0.218303
0.121254
0.206533
0.148608
0.327235
0.146168
0.0351835
0.0316928
0.0399687
0.00903871
0.102278
0.327554
0.295018
0.14207
0.0752915
0.0235725
0.0957836
0.0468701
0.109749
0.308073
0.0859117
0.225319
0.117376
0.0536298
0.11052
0.051619
0.126915
0.0996598
0.16059
0.335339
0.133872
0.0923138
0.075613
0.0884026
0.219129
0.251509
0.149958
0.126732
0.0624546
0.0221246
0.0845862
0.0507178
0.0629784
0.220385
0.343155
0.201221
0.0655561
0.0306765
0.0378498
0.0437502
0.0866563
0.400842