0.0851284
0.0664051
0.0836301
0.15748
0.0568379
0
0.00356456
0.0680474
0.161067
0.0970045
0.0691793
0.107337
0.0285475
0.0206429
0.292724
0.344239
0.027661
0.0429685
0.0691793
0.387804
0.363143
0
0.00237637
0.0298068
0.0815042
0.0638019
0.0777086
0.366986
0.276976
0.0188662
0.277738
0.238717
0.0448741
0.0120475
0.00313337
0.00426964
0.00120245
0.0230921
0.396599
0.216972
0.0172659
0
0
0
0
0.0118655
0.276601
0.118386
0.0483422
0.00803168
0.0191334
0.0335005
0.0234867
0.0303334
0.44753
0.303603
0.0284893
0
0.00348156
0.000120054
0
0.046219
0.44753
0.39577
0.0137298
0
0
0
0
0.00380942
0.0972183
0.0601969
0.00204773
0
0
0
0
0
0.00264475
0.00947118
0.0331721
0
0
0
0
0.0595454
0.56958
0.425145
0.0343282
0
0
0
0
0.0334942
0.56958
0.30649
0.000230955
0
0
0
0
0
0
0.000230955
0
0
0
0
0
0
0
0
0.0810239
0
0
0
0
0.0298303
0.815849
0.418278
0.0293722
0
0
0
0
0.000539235
0.0644315
0.0908067
0.000101927
0
0
0.0316869
0.0316869
0
0
0.000101927
0.34548
0.06853
0.0725654
0.570046
0.348307
0.0919425
0.0804415
0.0971784
0.00653265
0
0
0.0111034
0.0111034
0
0
0.00653265
0.139381
0.0366056
0.0489496
0.221765
0.175625
0.0705043
0.0826757
0.0985436
0.124059
0.0391793
0.0817251
0.0948185
0.0697777
0.0545011
0.0906179
0.046765
0.253916
0.109631
0.179637
0.124797
0.0699922
0.196264
0.260554
0.16677
0.050449
0.0128468
0.132066
0.151951
0.0794979
0.0437448
0.0546892
0.0297726
0.0815646
0.162746
0.520451
0.464054
0.121901
0.115051
0.113136
0.0373954
0.222851
0.145939
0.117912
0.189155
0.0720556
0.0994675
0.121173
0.177459
0.209087
0.255986
0.192208
0.260234
0.138778
0.00400969
0.0272457
0.118946
0.0310109
0.138521
0.348044
0.432717
0.077507
0.0538901
0.040727
0.0103756
0.0322602
0.0750648
0.149448
0.337876
0.148625
0.0125229
0.0142883
0.00844305
0.000473153
0
0.00274362
0.292913
0.34265
0.00015218
0
0.000395904
0.0240272
0.000608275
0.0325691
0.30382
0.339165
0.00270931
0.0312014
0.0387368
0
0
0.000523006
0.349957
0.37638
0.00022827
0
0
0.00456477
0.000912412
0.0215674
0.37638
0.37638
0.00091308
0.00799314
0.0058266
0.0501312
0.00343091
0.0655935
0.117589
0.115942
0.0243573
0.253139
0.190041
0.0245908
0.00264392
0.0179175
0.00781746
0.0106582
0.0764506
0.461324
0.395102
0.0118995
0.00672741
0.0484464
0.310447
0.324131
0.01535
0.101211
0.0602476
0.028771
0.00768782
0.0154363
0.046114
0.0504676
0.0708841
0.40537
0.224517
0.0129209
6.08706e-005
0
0
0
0.041885
0.427828
0.245719
0.0184245
0
0
0
0
0.0323503
0.427828
0.269216
0.0234307
0.000843797
0.000546954
0.000322942
0.000376695
0.0504789
0.376393
0.185779
0.0165285
0.000112601
0.000195624
0.000162003
0.000118543
0.0527929
0.427828
0.300098
0.016331
0
0
0
0
0.0125643
0.450883
0.16423
0.0129995
0
0
0
0
0.00836099
0.249368
0.120679
0.0117317
0
0
1.67339e-005
1.67339e-005
0.0240348
0.450883
0.304079
0.0193808
0
0
0
0
0.0447972
0.450883
0.381561
0.0106997
7.03718e-005
0
0.00422058
0.00153482
0.00706815
0.079404
0.0628699
0.0527594
0.0373796
0.010044
0.0431885
0.0178726
0.0011053
0.00194634
0.0185948
0.0300197
0.000105558
0
0.0168823
0.00613928
0.0606211
0.551872
0.40969
0.125652
0.0625733
0.00588637
0.116414
0.0628935
0.0970388
0.551872
0.315883
0.106272
0.0836777
0.168003
0.139838
0.0248524
0.00483664
0.00286245
0.0302498
0.0699178
0.138149
0.510215
0.257454
0.022702
0.00449086
0.000715612
0.0251238
0.267223
0.136253
0.0985444
0.165298
0.0651335
0.249542
0.297498
0.160241
0.198414
0.128976
0.324856
0.119396
0.0635654
0.166525
0.0734571
0.0623088
0.0354554
0.177489
0.566338
0.361672
0.0313173
0.00430831
0.00461147
0.00839575
0.0341753
0.0795187
0.171891
0.298608
0.104406
0.0183425
0.0323601
0.00680532
0.0731306
0.131906
0.40195
0.131262
0.0561048
0.058408
0.0364438
0.0207446
0.0513103
0.0935355
0.178976
0.156207
0.0396259
0.0366165
0.0389112
0.0261451
0.0143444
0.0727363
0.0391454
0.297358
0.303987
3.32074e-005
0
0
0.001062
0.0149694
0.0243863
0.381148
0.381148
0.00013283
0
0
0.0779
0.289969
0.110137
0.232069
0.176294
0.00437867
0.00494927
0.00450155
0.00577124
0.0424387
0.0579594
0.381148
0.381148
0.000432207
0
0
0.00136044
0.00213577
0.00308605
0.40184
0.446733
0.00162077
0.00649763
0.00687535
0.0237396
0.00507068
0.00267167
0.0774206
0.080796
0.0146627
0.0914635
0.062051
0.000242247
0
0.000470162
0.501019
0.530597
0.00182267
0.00130075
0.000242247
0.00764179
0.00394825
0.00141136
0.116576
0.120156
0.00777021
0.0109836
0.00987
0.0476342
0.00557226
0.00386841
0.00359511
0.00464915
0.0479124
0.347418
0.165812
0.0340164
0.00267763
0.00317728
0.00276699
0.00466168
0.0847955
0.737091
0.431689
0.0127403
0.014446
0.00762017
0.0125191
0.0100849
0.011974
0.0216333
0.0230099
0.0125625
0.0118038
0.0185485
0.0137078
0.016061
0.0228071
0.151048
0.102504
0.0103556
0.0001035
0.000331047
0.000305999
0.00128379
0.0269508
0.471787
0.233312
0.0189739
0
0
0
0.000255274
0.0520892
0.471787
0.385891
0.00659822
0.00182144
0.00304703
0.00236266
0.00700135
0.0174301
0.169514
0.089855
0.0108548
0.0055526
0.0039256
0.000362042
0.00397457
0.0556901
0.440529
0.257653
0.010336
7.95964e-006
0
0.00283316
0.00103028
0.0348512
0.40483
0.248925
0.0475604
0.0127919
0.000536568
0.0189512
0.0110262
0.0499767
0.40483
0.309921
0.00717272
0.00249377
0.00206319
0
0.000376731
0.0547457
0.356295
0.222892
0.0274311
0.00246625
0.000319981
0.00196952
0.0040361
0.0615103
0.40483
0.345351
0.0985235
0.0250156
0.0131747
0.0359957
0.0234817
0.110693
0.415783
0.207804
0.100366
0.0179629
0.042125
0.0357087
0.0512282
0.0884082
0.147547
0.108124
0.0579777
0.00432147
0.00639557
0.0172945
0.0194698
0.0426563
0.415783
0.351532
0.102074
0.00390053
0.0151893
0.026211
0.0284879
0.0236605
0.415783
0.415783
0.0902669
0.0317061
0.0500487
0.0220844
0.0404685
0.0464231
0.0569335
0.0683861
0.0992831
0.0465082
0.0511092
0.0221266
0.0198318
0.0261866
0.0362907
0.0456978
0.226612
0.0285067
0.0105413
0.0117418
0.0174866
0.0176911
0.347341
0.562979
0.356716
0.0719666
0.0909613
0.0205606
0.0136143
0.00821082
0.102768
0.507184
0.0670647
0.158965
0.0830317
0.156239
0.156929
0.0180352
0.0120396
0.00918626
0.00794456
0.0183594
0.0288128
0.406797
0.435869
0.00398571
0.000524004
0
0.064867
0.0192473
0.0595192
0.133872
0.169455
0.0886579
0.24458
0.0857062
0.00572769
0.00447792
0.0142491
0.435869
0.435869
0.036884
0.0484404
0.0145547
0
0
0.000422731
0.405978
0.455491
0.00460504
0.00292742
0
0.00513396
0.00607125
0.00114055
0.100137
0.0994235
0.0123174
0.0133195
0.00520725
0.00103617
0.000364922
0.000481302
0.498652
0.521121
0.00751243
0.00276301
0.00259334
0.00800793
0.0112901
0.00121498
0.123295
0.13888
0.0141601
0.0185727
0.0198114
0.0873956
0.122186
0.0540143
0.141529
0.064369
0.115282
0.105999
0.099754
0.0691316
0.0960861
0.141269
0.16321
0.112499
0.106902
0.0417432
0.139463
0.170143
0.16623
0.023319
0.111589
0.132061
0.115099
0.207189
0.21833
0.217088
0.109157
0.0733841
0.183477
0.175217
0.172041
0.17121
0.217892
0.0140886
0.0140645
0.0223129
0.0202205
0.0210545
0.023762
0.036128
0.0603012
0.0238803
0.0342613
0.0351545
0.00954125
0.0109785
0.0786898
0.250375
0.250159
0.0990382
0.0839345
0.0332044
0.0341761
0.0143734
0.021609
0.0492718
0.0621276
0.439365
0.718671
0.0969066
0.0260402
0.000923393
0.0212563
0.0410331
0.0757271
0.0177774
0.0174425
0.00669577
0.00167981
0.000853306
0.0380664
0.177962
0.123725
0.084203
0.134683
0.019415
0.00181871
0.0129561
0.0854105
0.461539
0.234416
0.192151
0.401118
0.039417
0.00477954
0.000332278
0.00471763
0.00772187
0.0179042
0.364516
0.504427
0.0762015
0.00346389
0.00795004
0.0168264
0.0632324
0.052703
0.0609547
0.124122
0.0460437
0.0232822
0.0605122
0.0695708
0.335297
0.18392
0.0595184
0.0673768
0.0415591
0.0371934
0.0676994
0.02687
0.286048
0.270976
0.307815
0.45409
0.107392
0.0230493
0.0410219
0.0292728
0.0638845
0.0654389
0.361449
0.325643
0.137372
0.033588
0.0495746
0.0184149
0.0397116
0.147797
0.0975563
0.0756411
0.0429707
0.030434
0.0236725
0.00340846
0.257475
0.31159
0.240859
0.0769548
0.088147
0.0558317
0.0272093
0.000947921
0.10946
0.351267
0.318709
0.217682
0.119093
0.0356574
0.0202007
0.0027478
0.063245
0.225145
0.465158
0.0873059
0.101276
0.0695856
0.028853
0.0326688
0.0605989
0.302126
0.0358774
0.00280164
0.00624329
0.094217
0.194587
0.0990374
0.250892
0.0794413
0.000582569
0.00070041
0.00161351
0.292947
0.401609
0.0476659
0.0550404
0.0131936
0.0104453
0
0
0.295224
0.401609
0.0461837
0.0738618
0.0256717
0
0
0
0.401609
0.401609
0.0283123
0.0178299
0.00363957
0.00128697
0.0011319
0.000969345
0.374486
0.460834
0.00444444
0.00113178
0.00290904
0.00810798
0.00492422
0.00204547
0.0959511
0.114687
0.013176
0.00840382
0.0159257
0.0156339
0.0177227
0.00257596
0.470571
0.504034
0.0166746
0.00239158
0.00595634
0.125833
0.207855
0.0201421
0.120947
0.152043
0.0276123
0.00437686
0.0172259
0.0243918
0.0147729
0.00231855
0.00583519
0.0107901
0.00818884
0.00976851
0.0160854
0.10462
0.155952
0.0249081
0.00621187
0.00911587
0.00804816
0.0109019
0.0222467
0.228224
0.483277
0.0484699
0.00405727
0.00880956
0.0110597
0.00115022
0.0204929
0.483578
0.605192
0.109933
0.00303815
0.00382825
0.00158435
0.00128621
0.0383428
0.0949225
0.170828
0.0268606
0.00232828
0.00125454
0.00300285
0.00718867
0.0133089
0.204474
0.396446
0.0371035
0.00200532
0
0.000813978
0.00342858
0.0220086
0.27228
0.465318
0.0529985
0.000131138
0.000230269
0.000301423
0.000781276
0.0148345
0.449505
0.465318
0.033493
0
0
6.47346e-005
0.00016831
0.0246861
0.177753
0.355791
0.0222639
0.000738486
0
0.000159538
0.000453538
0.00972172
0.30118
0.387162
0.0208434
0.000866584
0.000411036
0.00647113
0.00174671
0.0309009
0.324916
0.387162
0.00648591
0.000324218
0.0031205
0.00019538
2.52156e-005
0.0148496
0.378154
0.387162
0.00174959
0.00123576
0.0347582
0.0690963
0.0188521
0.0766241
0.402305
0.458972
0.0417979
0.00311003
0.00309143
0.0251225
0.00411785
0.0896705
0.38999
0.23556
0.0622776
0.00248264
0.00889272
0.0255828
0.0135931
0.204105
0.298265
0.272557
0.00375326
0.000635512
0.0673507
0.236491
0.0635672
0.113941
0.134354
0.0632129
0.00250217
0.00019949
0.0509941
0.187643
0.0783435
0.104278
0.441735
0.105238
0.0545225
0.00614162
0.0133856
0.0275179
0.0252231
0.382341
0.395879
0.0194715
0.0262093
0.0141199
0.0155982
0.0943156
0.0941105
0.501987
0.111079
0.00635825
0
0.00121065
0.0660615
0.128699
0.0662565
0.170669
0.0613658
0.00463783
0
0.00451876
0.078583
0.11486
0.0935885
0.224956
0
0
0
0.270024
0.300803
0
0
0
0.0118832
0
0
0.370703
0.370703
0.0205675
0
0.00446278
0
0
0
0.325088
0.369971
0.0103651
0.00379327
0
0.0573076
0.0353038
0.0004546
0.370703
0.370703
0.0406757
0.0169766
0.0213216
0.0788969
0.0750611
0.0062562
0.184678
0.297385
0.0547995
0.0010141
0.0170719
0.216745
0.384675
0.0333493
0.0392096
0.0667225
0.0286524
0.00152115
0.020776
0.253493
0.275718
0.00773407
0.0886418
0.163916
0.0615927
0.0105377
0.0581241
0.462005
0.462005
0.0362996
0.00540253
0.020118
0.0216026
0.00214336
0.0426467
0.167876
0.380873
0.0258054
0.000208349
0.000907311
0.00145
0.000158778
0.012263
0.251489
0.439552
0.0354997
0.000183191
0.000178523
0.000124572
0
0.016582
0.269251
0.439552
0.0291531
0
0
0
2.89804e-005
0.0249743
0.248542
0.439552
0.0257736
0
0
0
0
0.0406908
0.2599
0.48027
0.0355141
1.91521e-005
1.91521e-005
0
0
0.0184586
0.327674
0.48027
0.0154778
0
0
0
0
0.0183936
0.167892
0.48027
0.0222993
0
0
0
0
0.0313241
0.0908444
0.212685
0.00757837
0
0
0
0
0.0161916
0.475945
0.655334
0.00321105
0.00151106
0.013441
0.00083356
0
0.0279816
0.296703
0.322559
0.000556171
0.0143476
0.154098
0.16526
0.0399346
0.0829678
0.0655665
0.0620617
0.000312071
0.00115489
0.00366712
0.00020839
0
0.0103497
0.0355104
0.00628051
0.0103704
0.0318536
0.103042
0.0685376
0.0211354
0.0173464
0.0707427
0.0412379
0
0.0203282
0.263606
0.3576
0.0969392
0.0517359
0.00549902
0.00139229
0
0.0248973
0.234551
0.35304
0.121677
0.0164759
0.0498489
0.0169696
0.0363436
0.0606954
0.269382
0.238878
0.123981
0.0188594
0.0228289
0.0158434
0.0487738
0.133127
0.472689
0.313325
0.169426
0.00690625
0.00435074
0.000870149
0
0.0263117
0.225624
0.326876
0.109033
0.016285
0.0307766
0.0325973
0.0115626
0.0280401
0.190516
0.174773
0.0922646
0.0360295
0.00108769
0.00436063
0.0356323
0.17757
0.539567
0.333805
0.131444
0.000620879
0.0126339
0.0248394
0.0388604
0.120763
0.303886
0.228483
0.153075
0.00071773
0.0166308
0
0
0.225184
0.383072
0.0736254
0.0604367
0.0287043
0.224737
0.288271
0.00222781
0.231214
0.419605
0.0988049
0.138913
0.133849
0.0476584
0
0
0.0251108
0.145094
0.0681086
0.0751639
0.0657687
0.313607
0.293861
0.00148521
0.0193359
0.131743
0.0841227
0.143728
0.267621
0.301048
0.460023
0.00708011
0.0250347
0.0490078
0.0160767
0.0309581
0.0699123
0.355623
0.460023
0.0147137
0
0.000385413
0.0014454
0.00129176
0.0324137
0.231547
0.395737
0.00444877
0.00150171
0.00933462
0.00855844
0.0249667
0.107631
0.116434
0.258767
0.00296584
0
0
0
0
0.0244031
0.390157
0.676925
0.0392903
0
0
0
0
0.04553
0.190483
0.515831
0.0218696
0
0
0
0
0.0530316
0.0677779
0.0943956
0
0
0
0
0
0.0127359
0.00781868
0.000917839
0
0
0
0
0
0.00122693
0.373179
0.744632
0.0236396
0
0
0
0
0.121385
0.0447687
0.0457038
0.000513522
0
0
0
0
0.0246633
8.47348e-005
0
0
0
0
0
0
8.47348e-005
0
0
0
0.00174252
0.00174252
0
0
0
0.00223408
0.000741619
0.00493794
0.0166424
0.00692156
0
0
0.000552524
0.121423
0.0695447
0.229307
0.311431
0.0700781
0.0361293
0.0314125
0.0482424
0.00320472
0.000263978
0.0173067
0.0568117
0.0496267
0
0.00378712
0.00519432
0.0660857
0.0544838
0.472513
0.48541
0.288592
0.139102
0.236619
0.184244
0.12321
0.102634
0.192994
0.169971
0.104229
0.103017
0.0873826
0.0463372
0.0838774
0.108271
0.169962
0.242858
0.395061
0.191564
0.132863
0.0239753
0.053404
0.0869618
0.261771
0.221396
0.171188
0.0987066
0.169748
0.104612
0.0571239
0.118697
0.184505
0.29625
0.338087
0.0900679
0.0742391
0.0386572
0.0191518
0.0330937
0.0509601
0.182842
0.407032
0.244124
0.0924584
0.00200781
0
0.00348972
0.0230249
0.150216
0.244722
0.254985
0.134981
0
0.0287277
0.10121
0.179279
0.288791
0.291306
0.128942
0.0316574
0.00133854
0.0135588
0.0910512
0.205256
0.255364
0.269328
0.1806
0.0493966
0.00247536