0.0440011
0.0315044
0.0620652
0.083007
0.0315652
0.0862911
0.0493023
0.0432424
0.118635
0.266139
0.192359
0.22761
0.172095
0.105223
0.0754612
0.0355895
0.0991364
0.0581077
0.176909
0.0635049
0.0748776
0.0950035
0.0636369
0.103835
0.0646905
0.187309
0.390224
0.50761
0.325616
0.166257
0.114378
0.0571573
0.134476
0.188987
0.105726
0.0906729
0.0959083
0.0836558
0.131443
0.0330175
0.140253
0.176348
0.082955
0.0722608
0.089945
0.089472
0.182414
0.0735844
0.069771
0.110597
0.146937
0.30693
0.187146
0.141981
0.208704
0.0614754
0.109531
0.060004
0.0515011
0.0674804
0.123189
0.266285
0.577883
0.198431
0.0858649
0.165359
0.116179
0.0504232
0.0721506
0.0531469
0.0852312
0.0506048
0.148035
0.107595
0.109266
0.059958
0.0274138
0.0310036
0.040647
0.0709958
0.0446579
0.0555636
0.0399969
0.0248322
0.0906979
0.279007
0.654553
0.143432
0.0673936
0.0378459
0.0232372
0.0356868
0.0298328
0.192146
0.437693
0.1699
0.236987
0.123795
0.264788
0.150375
0.0710483
0.0551438
0.0550794
0.151859
0.0708499
0.0848734
0.163979
0.0890515
0.155606
0.0899233
0.072708
0.0954007
0.182954
0.0303449
0.0656685
0.108686
0.0994518
0.277822
0.357121
0.300705
0.115246
0.150412
0.214174
0.154164
0.217393
0.164662
0.0675472
0.101933
0.0556399
0.0979696
0.138336
0.140108
0.201431
0.0471006
0.0754586
0.032261
0.0654717
0.244238
0.315655
0.135039
0.11224
0.058926
0.0740139
0.107778
0.0747986
0.216392
0.255728
0.217043
0.145097
0.0651559
0.0480711
0.0496866
0.0571791
0.301076
0.335899
0.202652
0.108554
0.0676157
0.0611591
0.0959114
0.0708587
0.213737
0.261321
0.0580575
0.0504317
0.0387467
0.0502501
0.109628
0.188124
0.158046
0.143563
0.102087
0.101208
0.0703209
0.0595567
0.137261
0.0782216
0.270411
0.321759
0.0860069
0.128273
0.0562229
0.0250793
0.098834
0.163103
0.243606
0.320596
0.146978
0.230276
0.0300143
0.0655495
0.152221
0.202536
0.0664431
0.112072
0.109954
0.135202
0.0959802
0.0907054
0.217805
0.174753
0.0685935
0.213416
0.233276
0.181211
0.0785406
0.146053
0.17022
0.108531
0.127749
0.125263
0.11526
0.2775
0.0715684
0.129356
0.104617
0.0926844
0.154847
0.135772
0.210033
0.259974
0.145787
0.19546
0.12466
0.0394895
0.135993
0.162737
0.042702
0.0381715
0.0343703
0.0317191
0.0444396
0.025645
0.0646584
0.162885
0.41224
0.227028
0.0785288
0.0379492
0.0263913
0.120284
0.260213
0.141376
0.0732347
0.0465685
0.0363176
0.0223721
0.0272738
0.0629197
0.0726122
0.0524836
0.630911
0.299638
0.0921413
0.0344478
0.0318091
0.0241268
0.0253286
0.0477415
0.293393
0.170047
0.030925
0.0310019
0.0375867
0.0621466
0.0525683
0.0346886
0.111631
0.0804752
0.122579
0.359398
0.158736
0.0106122
0.0217204
0.0229614
0.467392
0.309354
0.0148716
0.00420481
0.0172382
0.0309536
0.0708026
0.0218712
0.375116
0.28097
0.0782682
0.283673
0.0855415
0.014868
0.0114791
0.00391193
0.00913537
0.011323
0.131419
0.450474
0.0842663
0.016213
0.00124621
0.0020902
0.0036489
0.00234724
0.157301
0.418665
0.0698586
0.0101164
0.0192321
0.00260795
0.0407392
0.0407127
0.121046
0.474831
0.080959
0.0156485
0.000864404
0.000522551
0.00174035
0.0017919
0.170456
0.474831
0.121536
0.0598169
0.00605372
0.0124327
0.0135578
0.0211376
0.17717
0.218864
0.0575228
0.0402151
0.0196611
0.0329096
0.0385035
0.0753904
0.126083
0.0515397
0.0296789
0.0523687
0.00419903
0.00253841
0.00519321
0.0225027
0.246254
0.561964
0.125184
0.0403464
0.00666251
0.00316225
0.0218248
0.0985801
0.416987
0.481657
0.121416
0.00775121
0.0507182
0.0995238
0.0632001
0.0816884
0.0847697
0.0393706
0.0379176
0.0239992
0.0928417
0.15821
0.0560025
0.0340309
0.031174
0.0196135
0.027308
0.0619558
0.0208425
0.0386498
0.0537978
0.128638
0.618448
0.506622
0.163717
0.0922889
0.034322
0.0763082
0.0776107
0.0691481
0.217191
0.215879
0.106928
0.0696914
0.184709
0.25251
0.093132
0.150776
0.0977005
0.0310298
0.0541432
0.159347
0.117149
0.189097
0.10917
0.258453
0.0749728
0.0900098
0.0936781
0.191089
0.0616364
0.0846571
0.178591
0.1297
0.179724
0.188569
0.155998
0.27916
0.108157
0.0936661
0.18002
0.155678
0.143487
0.132625
0.234279
0.107381
0.0810851
0.0635494
0.082057
0.122235
0.0291269
0.0483283
0.0419839
0.0932225
0.137155
0.122962
0.122739
0.0859543
0.0683095
0.064923
0.0416158
0.108051
0.0819784
0.0932819
0.160479
0.110733
0.0551508
0.0549552
0.0854717
0.14971
0.302735
0.357635
0.336801
0.268415
0.181806
0.130743
0.386946
0.100598
0.0987715
0.049158
0.0695708
0.0478221
0.036215
0.0226763
0.047682
0.0422496
0.0271004
0.0570434
0.5471
0.206253
0.0494271
0.0129409
0.0229394
0.119733
0.063273
0.0802176
0.111888
0.0945948
0.0744954
0.0364314
0.0663543
0.0584928
0.0186245
0.0633221
0.5959
0.352028
0.101228
0.0172968
0.0259193
0.000869307
0.00199982
0.0135818
0.436565
0.230328
0.00467627
0.000936022
0.000615085
0.00657274
0.0121602
0.00111365
0.340985
0.235374
0.011659
0.0433583
0.0112499
0.000290302
0.000221995
0.0174014
0.440865
0.29329
0.00929013
0.00110897
0
0.00745807
0.016062
0.00914925
0.425752
0.275846
0.00303069
0.000413224
0.00259863
0.0118735
0.0196915
0.00365551
0.117492
0.0937518
0.0691573
0.339286
0.0801365
0.00823452
0.00802296
0.00473633
0.0174476
0.0137145
0.15087
0.77447
0.215314
0.0431015
0.0496862
0.0237151
0.149749
0.0935914
0.00254573
0.0134849
0.0223971
0.0545118
0.0374471
0.0201668
0.0188923
0.00935177
0.0276127
0.224944
0.108045
0.00481273
0.00182345
0.000794948
0.00193832
0.00438249
0.111763
0.479282
0.0939819
0.0152021
0.00154734
0.000149887
0.00137804
0.0167991
0.286506
0.479282
0.129003
0.0225894
0.0128947
0.00321883
0.00197547
0.000623694
0.059503
0.266059
0.0665125
0.0419668
0.00725259
0.000599549
0
0.000356943
0.207463
0.479282
0.136363
0.0235154
0.00146761
0.000630914
0.00512612
0.0159458
0.253429
0.284808
0.0926811
0.0246723
0.00208188
0.00201869
0.00914496
0.0216566
0.203382
0.221423
0.085955
0.0318088
0.000732707
0
0
0.00534726
0.254295
0.487627
0.127689
0.0291622
9.94398e-005
0
0.00164831
0.0190014
0.332034
0.487627
0.170532
0.0419303
0.00336245
0.0146005
0.0127777
0.0144408
0.120623
0.159818
0.0776946
0.0433535
0.0155083
0.0313639
0.0302862
0.0230593
0.0499107
0.0354978
0.0601074
0.0379534
0.000301437
0.0173972
0.00590349
0.0159669
0.352598
0.621227
0.18992
0.0397375
0.0119717
0.0311865
0.0280041
0.0313863
0.260072
0.487858
0.141365
0.0368093
0.0577068
0.0652604
0.0997487
0.0473747
0.0361222
0.0191454
0.0466755
0.110955
0.183077
0.232972
0.24389
0.290659
0.221091
0.10464
0.244186
0.0980866
0.071445
0.0425194
0.092364
0.0502517
0.149225
0.343584
0.119156
0.206004
0.0975839
0.096194
0.155862
0.289114
0.190983
0.209972
0.274311
0.0536126
0.0357885
0.0944218
0.103095
0.0628185
0.0187114
0.0059197
0.0567077
0.0227614
0.00629305
0.0585439
0.365653
0.205836
0.0267797
0.00333745
0.0151045
0.172635
0.0216635
0.0649478
0.119216
0.0364849
0.0116804
0.132729
0.51437
0.125374
0.015888
0.075896
0.51437
0.199516
0.0205709
0.107075
0.258069
0.0012164
0.000607719
0.0230094
0.439011
0.269013
0.00675448
0.000393504
0.00272605
0.036779
0.0360684
0.0092417
0.340611
0.240745
0.0118543
0
0.0165034
0.0207127
0.00723532
0.0439936
0.484937
0.283721
0.0074549
0.0270965
0.0139092
0.0749115
0.0344275
0.0296638
0.361645
0.217646
0.0299632
0.0152838
0.0570873
0.269948
0.164432
0.0405461
0.187391
0.132584
0.0155392
0.0132834
0.123252
0.275984
0.0833205
0.0219654
0.00723733
0.00781385
0.00825209
0.0860469
0.270048
0.3152
0.126601
0.0370035
0.155867
0.126197
0.100201
0.112783
0.322383
0.259078
0.0934721
0.0391066
0.0226374
0.0399954
0.0681276
0.137117
0.378611
0.195604
0.0459045
0.00457713
0.00117901
0.00361087
0.016096
0.101037
0.144278
0.31789
0.0411238
0.00308739
0.00174075
0.00289957
0.146373
0.634872
0.214998
0.196611
0.0455917
0.02222
0.00906909
0.0164583
0.0233888
0.0452831
0.170397
0.331835
0.115281
0.0330712
0.02678
0.0145923
0.012866
0.0521537
0.220491
0.0644673
0.00957958
0.00139938
0.000990856
0.00249518
0.128494
0.388287
0.0783842
0.0354152
0.00663236
0.00616995
0.00970228
0.0125783
0.281222
0.545263
0.126633
0.141588
0.129063
0.0205914
0.012411
0.00353991
0.0178582
0.0451728
0.0611723
0.256741
0.426826
0.0486458
0.0286229
0.0109888
0.105085
0.251667
0.0730637
0.00962139
0.00397077
0.0096098
0.0320839
0.0107995
0.191147
0.466384
0.105507
0.0126778
0.00356494
0.00498767
0.0351647
0.0239053
0.156412
0.459419
0.100508
0.159783
0.291856
0.0601508
0.122246
0.0150793
0.0828871
0.240852
0.0579907
0.335791
0.166173
0.0373975
0.189566
0.0390953
0.0611945
0.21273
0.101108
0.0298314
0.00827662
0.00435426
0.0276408
0.0357153
0.109525
0.301554
0.072122
0.0641582
0.0175366
0.0244872
0.0721848
0.0844926
0.0486439
0.11827
0.111629
0.398878
0.159715
0.0465086
0.1089
0.0730907
0.0682565
0.181256
0.309214
0.209044
0.110729
0.131049
0.157709
0.126348
0.161927
0.146792
0.53064
0.129077
0.0249502
0.010509
0.0507995
0.030049
0.0290795
0.123033
0.482967
0.0891355
0.0462124
0.02757
0.402193
0.204786
0.0430427
0.0894839
0.260166
0.0453097
0.0363571
0.0180747
0.0621729
0.0899498
0.028526
0.0348157
0.215379
0.0147382
0.0354088
0.0164556
0.430093
0.358255
0.0335344
0.0193328
0.0971925
0.0119533
0.0136501
0.0195369
0.469632
0.243925
0.00974902
0.020259
0.01416
0.0287922
0.00716268
0.0183157
0.308665
0.165041
0.0357688
0.0230832
0.0271241
0
0.00828155
0.00350404
0.471356
0.348278
0.00613331
0.0020561
0.00722219
0.0331717
0.0259868
0.0102164
0.383652
0.228402
0.0171942
0.0177482
0.0133086
0.0466671
0.010811
0.0100033
0.0584524
0.0565596
0.0545966
0.0822115
0.0996088
0.0751782
0.0478634
0.0125521
0.0116486
0.0104618
0.0239819
0.0906203
0.125149
0.15065
0.236575
0.0362015
0.0640944
0.0623279
0.0275924
0.0645219
0.0609539
0.409531
0.760872
0.05088
0.00466919
0.00285365
0.0118883
0.0748342
0.11084
0.0611632
0.0986647
0.00950813
0.00412156
0.00262364
0.0066889
0.0187773
0.0392982
0.142638
0.307282
0.0479605
0.00543282
0.00262758
0.00729043
0.0133674
0.0450298
0.231789
0.559158
0.0340008
0.000988822
0.000366858
0.00240727
0.0122978
0.0381684
0.330394
0.559158
0.131308
0.00504393
0.000310883
0.00525494
0.00793583
0.0404818
0.156278
0.27561
0.0629844
0.00517423
0.000706986
0.0044458
0.00753743
0.0278488
0.246148
0.453486
0.0795556
0.00841734
0.00111455
0.00509922
0.0143622
0.0344428
0.223415
0.453486
0.16189
0.0175404
7.7989e-005
0.00783203
0.0135598
0.0215212
0.200679
0.453486
0.212657
0.0174263
6.55354e-005
0.0168826
0.022133
0.0293991
0.208184
0.352145
0.105356
0.0689869
0.0051569
0.00660093
0.0284377
0.0347929
0.439203
0.205114
0.114808
0.243658
0.0157973
0.00756996
0.110428
0.245196
0.178338
0.291416
0.143734
0.0409093
0.00842216
0.0283698
0.0299833
0.0455688
0.224575
0.10871
0.128746
0.169692
0.0186259
0.04827
0.165452
0.324621
0.264308
0.0580071
0.02869
0.0632621
0.0101839
0.00815898
0.0587708
0.366378
0.174819
0.0314817
0.0311087
0.0478744
0.0719284
0.244142
0.143868
0.386357
0.137627
0.0161798
0.0241957
0.0537624
0.00477626
0.0237366
0.0932868
0.386357
0.228445
0.0703003
0.0162431
0.03729
0.0772904
0.234758
0.160904
0.386357
0.00739256
0.0226513
0.0237561
0.0913737
0.102592
0.0215053
0.0130037
0.010284
0.000994584
0.00508184
0.00470124
0.467042
0.413215
0.0153361
0.00793491
0.0025149
0.00942137
0.0101926
0.0358339
0.158847
0.136015
0.0345195
0.0083525
0.00945993
0.0151018
0.00869429
0.0303067
0.544729
0.436264
0.0359259
0.00984183
0.00848072
0.0134978
0.0280627
4.28439e-005
0.393954
0.28931
0.0166307
0.023029
0.00338867
0.130813
0.240006
0.0276098
0.230413
0.152813
0.0190535
0.0380408
0.0307888
0.119515
0.0943845
0.0202463
0.296635
0.213848
0.0480238
0.0424912
0.0338347
0.38863
0.464066
0.0708093
0.0985337
0.0736084
0.0402855
0.0538122
0.071648
0.165836
0.329403
0.0408327
0.0141453
0.0128808
0.00435339
0.00946751
0.0199204
0.252858
0.455383
0.0487445
0.000281369
0.000185065
0.00138411
0.00321093
0.0167852
0.250772
0.455383
0.06467
0.0102116
0.0337206
0.0119213
0.00623938
0.0410196
0.207238
0.455383
0.073191
0.00529625
0.0633408
0.0323954
0.0178176
0.0617954
0.255795
0.501794
0.074041
0.0285554
2.95365e-005
6.2651e-005
0.000824759
0.0194048
0.25278
0.485569
0.153866
0.0595104
0.00280954
0.00107415
0.00437673
0.0572936
0.199433
0.330371
0.12394
0.0778568
0.0557266
0.0129442
0.0144965
0.0364471
0.157994
0.222476
0.123314
0.156657
0.0561485
0.00578155
0.00348664
0.0615539
0.274193
0.475851
0.229993
0.0904161
0.0280003
0.0129409
0.0177146
0.0693511
0.171943
0.40689
0.227313
0.0878572
0.051335
0.103988
0.0797938
0.0709089
0.147435
0.165899
0.0782712
0.117089
0.121557
0.0513095
0.0401518
0.0817624
0.0995599
0.086231
0.0768291
0.120256
0.2401
0.227997
0.175381
0.100361
0.162675
0.24
0.122926
0.0466732
0.0529167
0.125375
0.10322
0.159951
0.171003
0.121251
0.109707
0.102148
0.0826649
0.123408
0.1277
0.224168
0.123828
0.0862176
0.17003
0.0875982
0.183357
0.232705
0.223344
0.275813
0.29622
0.144811
0.220067
0.110662
0.237837
0.209144
0.156176
0.20434
0.152321
0.087559
0.0671877
0.142949
0.0508571
0.0861618
0.102805
0.374176
0.372843
0.257002
0.0956505
0.100357
0.0840864
0.108135
0.104626
0.372633
0.254313
0.11881
0.208023
0.145186
0.142218
0.11116
0.0953793
0.0961947
0.125404
0.122972
0.183692
0.0897196
0.0888324
0.0668409
0.0355115
0.103295
0.0236
0.0106083
0.0735668
0.214191
0.130835
0.033154
0.00583946
0.010119
0.0443577
0.0684003
0.137171
0.509731
0.412721
0.0510979
0.0908549
0.0685604
0.0490199
0.0391128
0.0812687
0.208018
0.115218
0.0461646
0.0358981
0.0248469
0.10005
0.292175
0.188121
0.264708
0.228049
0.0550238
0.209943
0.129705
0.186029
0.193874
0.122078
0.182131
0.132693
0.0286299
0.0530698
0.0950374
0.401628
0.460929
0.150365
0.0819398
0.0453132
0.027978
0.0300215
0.121398
0.158079
0.351224
0.139859
0.0584152
0.0702435
0.020518
0.0893567
0.112975
0.177252
0.318247
0.123263
0.05649
0.050223
0.0644147
0.0372943
0.116295
0.242434
0.388695
0.0875436
0.0399351
0.137908
0.044717
0.0279466
0.160629
0.178632
0.331448
0.125799
0.0369495
0.302116
0.0973837
0.059119
0.298351
0.0994557
0.106727
0.0751388
0.0466227
0.101955
0.078323
0.0457074
0.190255
0.145565
0.0569353
0.116893
0.0669865
0.212569
0.0971087
0.0407899
0.368933
0.171213
0.332053
0.264106
0.133094
0.309506
0.046135
0.0806435
0.160799
0.108904
0.208815
0.209077
0.22811
0.199483
0.0226593
0.0318624
0.0513136
0.164575
0.123996
0.200298
0.149998
0.210278
0.0476807
0.0770798
0.21933
0.154926
0.0854243
0.162751
0.197742
0.14967
0.0333258
0.0659106
0.157127
0.143297
0.121988
0.0621829
0.173218
0.215734
0.0731892
0.0569165
0.0557376
0.20532
0.105586
0.0727496
0.213735
0.341727
0.256588
0.194095
0.0733206
0.183524
0.0939623
0.0632348
0.203724
0.150681
0.0298582
0.0288751
0.190385
0.339222
0.227282
0.077076
0.219869
0.138148
0.129549
0.108466
0.150033
0.154109
0.149307
0.206744
0.0959108
0.141094
0.168032
0.155735
0.137288
0.316922
0.162928
0.284869
0.0843532
0.196413
0.156618
0.135521
0.223258
0.219563
0.190711
0.142085
0.076429
0.0340154
0.103673
0.114769
0.0822635
0.230967
0.150896
0.161867
0.0459004
0.0759709
0.117025
0.169403
0.261691
0.201333
0.0488586
0.171602
0.0739903
0.169695
0.167437
0.148703
0.208611
0.0642087
0.0533357
0.0979806
0.0998661
0.172518
0.198577
0.114986
0.129713
0.205137
0.0561762
0.077198
0.0551903
0.0954452
0.204118
0.214973
0.348378
0.192202
0.0594989
0.0563261
0.236548
0.180135
0.266179
0.224472
0.228551