0.0387083
0.0631725
0.113609
0.117493
0.124894
0.031486
0.0432083
0.0516245
0.177869
0.150427
0.270266
0.156838
0.0797727
0.071003
0.143278
0.248161
0.00968785
0.0246007
0.133684
0.309495
0.250546
0.0441698
0.0134678
0.00384737
0.0826313
0.127676
0.304073
0.425082
0.417184
0.0190676
0.0477539
0.0833458
0.139865
0.0751018
0.0848464
0.028978
0.0103756
0.0750892
0.240411
0.268699
0.0546159
0.007564
0.0110363
0.00593006
0.00763394
0.139052
0.410057
0.262354
0.0899615
0.0935162
0.120964
0.226334
0.125951
0.0877851
0.238815
0.138314
0.0670525
0.0269369
0.0210348
0.0303513
0.0285882
0.246506
0.410057
0.33484
0.00861135
0.00858607
0.0037279
0.00490203
0.0095982
0.0705526
0.284935
0.150034
0.045548
0.034332
0.0133518
0.0222748
0.0724474
0.042217
0.146096
0.0986637
0.0165722
0.00440639
0.000500298
0.0003194
0.00475961
0.228472
0.458991
0.340216
0.0633184
0.00797976
0.00397605
0.01328
0.0230618
0.190323
0.458991
0.415942
0.155992
0.0528185
0.0351428
0.0488161
0.125616
0.0341716
0.0971681
0.218818
0.108243
0.0333324
0.02683
0.0575843
0.123336
0.0381618
0.0580346
0.162114
0.205304
0.0372061
0.0134433
0.034509
0.0591141
0.142752
0.50016
0.50016
0.236084
0.113835
0.0228252
0.0443924
0.0724055
0.0525696
0.183653
0.316857
0.0910598
0.093238
0.0392312
0.078406
0.0717276
0.0393657
0.0442774
0.123671
0.227569
0.119951
0.069588
0.101939
0.0306444
0.142311
0.0306982
0.22686
0.35344
0.197655
0.110771
0.0535506
0.0740219
0.096229
0.129148
0.347223
0.369178
0.261211
0.196977
0.0974389
0.156254
0.231969
0.0531995
0.219149
0.101508
0.0401694
0.0488954
0.0398982
0.0311391
0.0939522
0.0332398
0.10897
0.0481105
0.0860549
0.284405
0.109641
0.0527639
0.0760191
0.0334206
0.0876327
0.169843
0.143605
0.0810473
0.0528838
0.0831525
0.102505
0.0301548
0.119521
0.0988688
0.424115
0.635284
0.271551
0.066631
0.0630218
0.0464023
0.0991393
0.00488311
0.125469
0.336652
0.0840427
0.0170074
0.00714375
0.00149978
0.00686495
0.0243637
0.30099
0.441178
0.131459
0.0256757
0
0
0.00141833
0.00339999
0.184796
0.441178
0.128343
0.00916777
0.00323801
0.00261089
0.00478458
0.0469919
0.247238
0.441178
0.112435
0.00506683
0.000243653
0
0.00326931
0.00457294
0.00739544
0.0421293
0.222557
0.198049
0.0547981
0.0116902
0.0208296
0.00468365
0.0115999
0.0471901
0.432224
0.432224
0.0271428
0.00581939
0.0074665
0.0139771
0.0131668
0.0485275
0.23602
0.211281
0.0665706
0.0406549
0.0307054
0.000604689
0.0045732
0.030604
0.432224
0.432224
0.0369966
0.0123213
0.00352651
0.0328967
0.063173
0.0741522
0.34483
0.227357
0.0338514
0.0692585
0.0473566
0.0704356
0.0770282
0.0655451
0.0717607
0.0372578
0.125345
0.425761
0.239177
0.0130707
0.0356158
0.0682126
0.425761
0.369856
0.00476261
0.00199229
0.0111636
0.0532005
0.0533434
0.0956588
0.275194
0.120213
0.0275679
0.205717
0.142146
0.0154402
0.00899298
0.00580234
0.00187926
0.00159876
0.168348
0.426224
0.192588
0.023382
0
0
0.00199239
0.0103225
0.255273
0.426224
0.263749
0.0227124
0.00635924
0.0118883
0.0191754
0.00977029
0.0821431
0.312819
0.14
0.0125687
0
0
0.00348059
0.0199702
0.24707
0.426224
0.157096
0.0479027
0.00609218
0
0.00322689
0.0146245
0.153458
0.398317
0.226461
0.112402
0.0702403
0.013397
0.00609418
0.00699838
0.109769
0.319123
0.212736
0.0203867
0.000613456
0
0.00411627
0.0226692
0.21314
0.398317
0.175915
0.0502421
0.0265522
0.00989063
0.00338645
0.00912485
0.301321
0.398317
0.242256
0.122023
0.090751
0.0621797
0.0220338
0.0312851
0.0996355
0.200636
0.133163
0.0954087
0.0963502
0.112464
0.0681992
0.0922866
0.092705
0.0576765
0.063333
0.0558144
0.0594588
0.0412031
0.0141549
0.0199635
0.316643
0.518534
0.171678
0.0732321
0.0814323
0.0857414
0.0652954
0.124909
0.207275
0.518534
0.183579
0.0856745
0.0767654
0.0711268
0.0357016
0.0603265
0.0482959
0.0263948
0.0624079
0.0574496
0.232347
0.473036
0.165427
0.0458917
0.0305837
0.0353325
0.0472785
0.054777
0.0820509
0.25522
0.0499867
0.113273
0.116237
0.246224
0.126255
0.0391107
0.207743
0.473036
0.380095
0.0856764
0.0655264
0.0374101
0.0441866
0.00324939
0.14457
0.432043
0.148941
0.00848073
0.00170236
0.00356684
0.00246234
0.0197628
0.116088
0.432043
0.113631
0.00362489
0.000930911
0.000513425
0.00165097
0.00300659
0.0872593
0.432043
0.31693
0.0193124
0.00255353
0.00204209
0.00274912
0.00727638
0.0455995
0.432043
0.172073
0.00838801
0.00686659
0.00625139
0.016679
0.0124937
0.0128886
0.0226487
0.223171
0.153912
0.0424278
0.0304744
0.0164628
0.000159692
0.00101302
0.017333
0.425318
0.425318
0.0254915
0.0110155
0.00239794
0.0229681
0.0121038
0.0234662
0.277076
0.271228
0.035239
0.0280807
0.0360819
0.000324955
0
0.0260917
0.425318
0.425318
0.0182218
0.0037671
0.00325707
0.00149541
0.000997263
0.0199628
0.434558
0.357124
0.00401594
0
0
0.00964943
0.00181119
0.0190463
0.276423
0.169961
0.00154037
0.023706
0.0204179
0
0
0.0213953
0.434558
0.434558
0.0172513
0
0
0
0
0.00460114
0.297126
0.25831
0.00431281
0
0
0.0348651
0.00102225
0.00989556
0.0842931
0.0574896
0.0350822
0.233282
0.142627
0.0502061
0
0
0.0045051
0.0175966
0.286892
0.762602
0.370707
0.000568089
0
0
0.0912127
0.0809345
0
0.00164539
0.00182633
0.0149278
0
0
0.00072614
0.00072614
0.0127105
0.0542165
0.0699909
0.0187901
0
0
0.00116814
0.00992547
0.174963
0.450973
0.187947
0.0224371
0.000616152
0.000616152
0.000250753
0.014083
0.350474
0.524592
0.212178
0.00754133
0
0
4.12814e-005
0.000854171
0.0203496
0.107967
0.0706838
0.0246636
0
0
0.00111075
0.0061395
0.087003
0.435623
0.14001
0.0205086
0.00847254
0.00310337
0
0.00236949
0.186165
0.440526
0.0667968
0.0320672
0.0294015
0.0191876
0.00391199
0.0255606
0.147453
0.440526
0.22081
0.0144815
0.00336798
0.00102504
0.00100228
0.0031983
0.125379
0.341264
0.0998166
0.024018
0.0146529
0.00658428
0.00025057
0.00128867
0.217798
0.440526
0.265587
0.0317383
0.0591875
0.195826
0.0176043
0.0352081
0.0708538
0.314232
0.214413
0.0234329
0.104432
0.388046
0.282364
0.0530774
0.0536252
0.057785
0.0691022
0.0384079
0.029699
0.0567857
0.0140003
0.00864544
0.161119
0.388046
0.191677
0.0436312
0.0436077
0.201595
0.193241
0.0977786
0.203199
0.388046
0.0975151
0.00437402
0.0315657
0.419618
0.3354
0.0327879
0.0437237
0.047965
0.00468111
0.0164232
0.0196315
0.226908
0.129469
0.0192293
0.0415315
0.0372113
0.0358868
0.0234547
0.0112415
0.177176
0.167971
0.0716261
0.261812
0.419618
0.0851882
0.0875483
0.0412247
0.0519643
0.0317356
0.0118104
0.165932
0.419618
0.236201
0.0235384
0.0250708
0.0163698
0.205106
0.234859
0.0581542
0.0502812
0.0248272
0.00669755
0.0113024
0.0529983
0.419494
0.419494
0.0148292
0.00921919
0.00453756
0.0331691
0.0440322
0.0303849
0.230582
0.239972
0.0854507
0.0718871
0.0356886
0.0180502
0.026317
0.125314
0.419494
0.419494
0.0128641
0.0209236
0.0171363
0
0.000334221
0.0419388
0.433476
0.391504
0.0114304
0
0
0
0
0.00258627
0.245569
0.214757
0.00285759
0
0
0
0.011117
0.114699
0.433476
0.386052
0.00378939
0.00317071
0
0
0.00244503
0.0107009
0.305677
0.252616
0.000947347
0.000792677
0
0
0
0
0.37931
0.345237
0
0
0
0.00208354
0
0
0
0
0
0
0.00208354
0
0
0
0.464759
0.420938
0
0
0
0
0
0
0
0
0
0
0
0.0104845
0
0
0
0
0.000358957
0.0371289
0.0415662
0.10737
0
0
0.0112986
0.0293763
0.119758
0.688953
0.3033
0
0
0
0
0
0
0
0
0.0452278
0.0389162
0.00906266
0
0
0
0
0.0452278
0.0182864
0
0
0.00187196
0.0048671
0.0747205
0.173272
0.136554
0.0332895
0.00136437
0
0.00046799
0.00175151
0.224805
0.684867
0.327822
0.0383216
0.04412
0.0170015
0.000889338
0
0.000163734
0.00278349
0.0172966
0.200688
0.427619
0.0851105
0.00355735
0
0.00872831
0.099749
0.0740484
0.0248628
0.0128413
0.00271836
0.00285306
0.00595286
0.114676
0.430876
0.090989
0.045389
0.0633019
0.0280506
0.0485417
0.0894978
0.195124
0.430876
0.0966426
0.145782
0.345596
0.0614155
0.000451833
0.00110747
0.0239409
0.113374
0.0493128
0.27167
0.430876
0.127135
0.0750174
0.0795197
0.107472
0.19059
0.0583332
0.0274561
0.0298563
0.0288278
0.0224767
0.0470874
0.150511
0.387019
0.111891
0.0952153
0.11003
0.0554738
0.000881982
0.0254403
0.0877429
0.387019
0.230235
0.193488
0.336113
0.134996
0.036453
0.0496819
0.0734898
0.104463
0.0599342
0.181776
0.387019
0.345489
0.00333576
0.0377213
0.0387508
0.167568
0.102897
0.0255691
0.016207
0.0220467
0.184451
0.213203
0.101336
0.0485974
0.02668
0.00499778
0.00812182
0.0630183
0.434346
0.336073
0.0493611
0.0213461
0.00818061
0.0239868
0.0307338
0.0313943
0.236708
0.324361
0.0824425
0.0312309
0.0331679
0.00157092
0.000999678
0.0167219
0.434346
0.434346
0.0617233
0.0125447
0.00340315
0
0.00815628
0.0681931
0.479555
0.27715
0.0262855
0.0138931
0
0
0.00192108
0.0119761
0.300812
0.198097
0.00657138
0.00347327
0
0
0
0.0228153
0.479555
0.338103
0.0406914
0.014502
0
0.00314524
0.00386599
0.00874381
0.350544
0.201314
0.0101729
0.00362549
0.0010123
0
0
0
0.0857216
0.0720693
0
0
0
0.00969347
0.00107829
0
0
0
0
0
0.00083553
0.0873661
0.127013
0.000620033
0.0913905
0.0731336
0
0
0.0127609
0.395429
0.824739
0.0626651
0
0
0
0
0.0903912
0.032462
0.00845812
0
0
0
0
0
0.00483969
0.149985
0.116787
0.0168347
0
0
0
0
0.0269396
0.220318
0.510367
0.0882964
0
0
0
0
0.0314516
0.417212
0.58734
0.254577
0
0
0
0
0.0468149
0.0989852
0.158085
0.044698
0.000238379
0
0
0
0.0168017
0.13265
0.426323
0.13527
0.0181297
0
4.20709e-005
0.000125162
0.0257952
0.28864
0.426323
0.196273
0
0.000907045
0.00453523
0
0.0276695
0.35271
0.426323
0.220105
0.167209
0.0762833
0.01953
0.0207196
0.0924526
0.111234
0.376764
0.143092
0.0209254
0
0.00112841
0.00102218
0.0303861
0.245145
0.376764
0.195385
0.0301392
0.00847861
0.0102219
0.00404759
0.0237362
0.109518
0.244322
0.27752
0.228731
0.0810439
0.00879673
0.0110433
0.0603312
0.150749
0.376764
0.365224
0.1533
0.0903878
0.0286996
0.0392114
0.0331721
0.313135
0.423943
0.16957
0.0155946
0.0113759
0.0176403
0.0128174
0.0264039
0.244437
0.423943
0.327721
0.0106616
0.00954435
0.0542103
0.0474204
0.0986398
0.178188
0.365553
0.123453
0.0275036
0.0614164
0.040266
0.0505761
0.0409407
0.111993
0.149246
0.133489
0.0395919
0.0481316
0.126416
0.128516
0.0891764
0.0124779
0.0228045
0.0277327
0.26551
0.18329
0.0133401
0.00877454
0.0138676
0.00212547
0.00214906
0.0123665
0.421843
0.358789
0.0319184
0.00280345
0.000929629
0.0186359
0.0218271
0.0246157
0.338929
0.258296
0.00715525
0.00234172
0.0145151
0.00415937
0.00886902
0.0364108
0.421843
0.421843
0.0602168
0.00829501
0.0100543
0.00396741
0.00637187
0.0147877
0.384787
0.278967
0.0735766
0.0158719
0.00308019
0.0857324
0.0798237
0.0183259
0.182856
0.165272
0.0356901
0.0186792
0.0335976
0.026566
0.0959132
0.0959848
0.357421
0.257952
0.179949
0.0983188
0.0594731
0.282713
0.450474
0.226951
0.0766373
0.103881
0.104498
0.118495
0.105304
0.0908274
0.127758
0.0556687
0.0106628
0.0106198
0.00017747
0.00159723
0.0143438
0.14633
0.431379
0.0960179
0.00416109
0
0
0
0.0130867
0.21632
0.431379
0.226966
0.0186224
0.0054262
0.000709878
0.00885388
0.0222362
0.416372
0.431379
0.258564
0.0128665
0.000313227
0.000472237
0.0102389
0.0196866
0.139907
0.405878
0.070103
0.0010583
0
0
0
0.00852901
0.180925
0.405878
0.155805
0
0.000520055
0.00514058
0.00168021
0.00824608
0.333663
0.405878
0.119613
0.00439408
0.00087815
0.00371934
0.0167573
0.026807
0.261966
0.405878
0.151182
0.00621794
0.00266565
0.020036
0.0161866
0.0185377
0.227293
0.38641
0.134375
0.0115291
0.0115702
0.0295553
0.00614237
0.0181942
0.265268
0.258651
0.0703246
0.260556
0.202013
0.0625116
0.0153311
0.0655601
0.148121
0.333539
0.0663906
0.04236
0.0712567
0.0944598
0.0244848
0.00953851
0.0849309
0.0821618
0.0116254
0.38641
0.38641
0.121002
0.0158103
0.0120002
0.0648126
0.0486076
0.112176
0.40684
0.247104
0.0257335
0.00857953
0.0381347
0.0501714
0.0470026
0.156046
0.274784
0.186751
0.0417937
0.0468456
0.0367452
0.0139122
0.00447509
0.00226728
0.40684
0.40684
0.0317565
0
0.00922762
0.0698524
0.0100122
0.0261163
0.367804
0.298654
0.0526055
0.0206386
0.0372011
0.160673
0.127276
0.201719
0.163803
0.313642
0.118815
0.122945
0.076552
0.0753106
0.11803
0.258745
0.189024
0.198046
0.193853
0.142162
0.0396677
0.222603
0.0437528
0.174374
0.231476
0.308313
0.124861
0.0994677
0.0706359
0.141092
0.173365
0.202611
0.172486
0.2057
0.099261
0.134293
0.0927058
0.0352505
0.0177233
0.0208028
0.158524
0.291334
0.0482687
0.0228362
0.029475
0.0720614
0.0241769
0.0491061
0.348112
0.411016
0.141661
0.0873565
0.135966
0.0743617
0.0486672
0.0786144
0.10301
0.135168
0.0899588
0.0523885
0.0450922
0.365952
0.0834541
0.0453579
0.0888533
0.215399
0.191594
0.201016
0.411016
0.130957
0.157623
0.11717
0.0974371
0.0972836
0.0668376
0.0498739
0.111508
0.26857
0.384834
0.184431
0.0108479
0.00726224
0.0210219
0.03647
0.0558391
0.384834
0.232579
0.0681039
0.0119861
0.0411439
0.0467476
0.0502111
0.273757
0.376313
0.384834
0.0878428
0.00697947
0.0156115
0.0711605
0.0354277
0.127133
0.214671
0.425739
0.204022
0.0136919
0.000499126
0.000238606
0.0136275
0.0511245
0.292837
0.425739
0.213505
0.0177734
0.0136322
0.0158441
0.0682791
0.109635
0.192127
0.352728
0.0936157
0.0263552
0.00784775
0.067485
0.071052
0.155703
0.156103
0.188706
0.133581
0.108503
0.0566382
0.0927662
0.137359
0.175869
0.408721
0.561576
0.202839
0.0300555
0.0370682
0.0393106
0.112186
0.129681
0.197563
0.344964
0.184055
0.0419945
0.0178535
0.0374904
0.0490461
0.0585443
0.0910777
0.0857057
0.186384
0.178515
0.141296
0.102149
0.114228
0.0992983
0.0824288
0.0730933
0.140668
0.118055
0.0525444
0.0246178
0.0267267
0.0334052
0.0359921
0.0547134
0.0496919
0.0954153
0.0742992
0.0642719
0.0187915
0.0112046
0.00732685
0.00908958
0.0398296
0.46283
0.46283
0.0755486
0.011083
0.00252842
0.0290641
0.0455246
0.0596192
0.190062
0.0914088
0.0451971
0.00445826
0.0113041
0.00552309
0.0187766
0.0679417
0.46283
0.46283
0.0755429
0.00094604
0.00276281
0.000292697
0.00132726
0.0109653
0.407995
0.407995
0.0124026
0
0.000735866
0.0176886
0.0115525
0.0259275
0.268316
0.201493
0.0414283
0.0257892
0.00812725
0
0.00164505
0.0175081
0.407995
0.407995
0.0149979
0
0
0.0381481
0.023708
0.0495998
0.349556
0.219721
0.0293521
0.0188912
0.0253841
0.0751386
0.0512255
0.0903287
0.123235
0.0946426
0.107122
0.113835
0.0327052
0.109915
0.277944
0.279916
0.0956678
0.0646558
0.0455344
0.138515
0.0850201
0.161048
0.140967
0.133563
0.127349
0.0603187
0.0984273
0.119564
0.075286
0.0979115
0.356405
0.419106
0.283642
0.238072
0.233034
0.199861
0.0525449