0.148437
0.0494428
0.137978
0.0241985
0.13984
0.128381
0.1411
0.185011
0.150922
0.0629986
0.104034
0.101531
0.110832
0.273034
0.084064
0.17735
0.0674941
0.0784298
0.0966264
0.0362703
0.109171
0.116852
0.156808
0.220798
0.0693116
0.140757
0.18289
0.156382
0.13838
0.219189
0.0786077
0.160313
0.0327377
0.0173595
0.0458487
0.0803516
0.0489459
0.0809037
0.0285424
0.0508984
0.103366
0.0252875
0.0449566
0.0681741
0.0436549
0.0656522
0.0543094
0.143244
0.108419
0.096512
0.141322
0.171991
0.0345192
0.0532741
0.0130673
0.0961482
0.501359
0.143998
0.145962
0.133381
0.0173325
0.0473718
0.0600773
0.573518
0.0967271
0.0207821
0.01083
0.025514
0.0513442
0.0546196
0.0450044
0.102532
0.0680976
0.0157979
0.0298374
0.0574656
0.186266
0.119679
0.0693828
0.0551458
0.326361
0.050972
0.0298245
0.021378
0.0249715
0.0576285
0.196174
0.541083
0.107353
0.0151732
0.0201603
0.0351655
0.0836243
0.133069
0.362227
0.315295
0.0496476
0.0105773
0.0457936
0.133682
0.348084
0.193922
0.0721478
0.0505585
0.0408393
0.0645998
0.0545808
0.165876
0.281419
0.144576
0.066463
0.076897
0.0578902
0.00590311
0.0344602
0.0879279
0.170668
0.119567
0.290144
0.239574
0.0446646
0.0465186
0.0733561
0.17921
0.24581
0.124253
0.156374
0.140809
0.0731551
0.165654
0.097148
0.107239
0.0728695
0.0818349
0.0943522
0.101671
0.0794716
0.240778
0.160642
0.0930119
0.0770986
0.0966012
0.161859
0.101164
0.0573019
0.130206
0.146596
0.189307
0.181738
0.16116
0.0980916
0.11595
0.0407487
0.154395
0.214774
0.143286
0.13459
0.18185
0.206733
0.146318
0.0767068
0.186017
0.134797
0.120055
0.0901594
0.0914838
0.165209
0.05094
0.0779432
0.151202
0.0894855
0.127257
0.0994109
0.122845
0.123763
0.0224272
0.0353843
0.0817096
0.129067
0.0921326
0.143032
0.20803
0.259928
0.0478624
0.217352
0.136657
0.0655273
0.0654862
0.140389
0.227318
0.183794
0.0721852
0.0324792
0.0708884
0.0584889
0.141846
0.16429
0.10044
0.0380722
0.019689
0.100392
0.0858746
0.139663
0.237692
0.185843
0.130417
0.0278747
0.0718381
0.208215
0.113031
0.0767758
0.123459
0.129713
0.0974877
0.0424393
0.083628
0.113419
0.143435
0.19823
0.32763
0.20631
0.0988089
0.0641271
0.0712943
0.0605737
0.0911595
0.0307386
0.036376
0.100894
0.137401
0.0886122
0.0834229
0.0276729
0.0840166
0.132149
0.189154
0.169613
0.187174
0.0795796
0.0806926
0.194427
0.111071
0.128405
0.0945177
0.0985498
0.127988
0.0423796
0.109415
0.125018
0.0696007
0.0633994
0.294654
0.285125
0.246577
0.106365
0.157177
0.0267719
0.0401566
0.0931672
0.177576
0.0506222
0.0134514
0.00729895
0.0226052
0.239358
0.112382
0.153597
0.210104
0.0536704
0.00245136
0.0254559
0.167631
0.00500905
0.00812006
0.0399426
0.283698
0.187844
0.0400348
0.0110692
0.0140189
0.13004
0.0937362
0.177774
0.632334
0.278236
0.00844028
0.00637703
0.0318306
0.147161
0.0383304
0.0259743
0.0236967
0.0112302
0.0242784
0.097778
0.150797
0.0503215
0.00454467
0.00393667
0.00397388
0.0028969
0.0870566
0.23249
0.154635
0.208918
0.0956534
0.129778
0.207509
0.0654714
0.0120134
0.107373
0.203989
0.148969
0.0410305
0.064774
0.0464896
0.0065125
0.1203
0.626606
0.397799
0.0139375
0.00125335
0.00623761
0.00569562
0.0120634
0.0952621
0.201277
0.0999471
0.0193644
0.00538481
0.0109632
0.0463251
0.054835
0.0794061
0.0906047
0.0358549
0.0468107
0.00151004
0.0138576
0.0115031
0.0139732
0.204954
0.713904
0.228332
0.0500282
0.00994884
0.00394801
0.0453394
0.120744
0.213754
0.322994
0.154498
0.0257309
0.0255612
0.0352656
0.151742
0.133206
0.13668
0.0535303
0.0466063
0.029329
0.0510163
0.0649286
0.0654963
0.0716985
0.130707
0.123826
0.0911307
0.0500041
0.0157093
0.0149663
0.177944
0.198223
0.345023
0.331749
0.305833
0.0407531
0.0562185
0.101941
0.115322
0.067349
0.188978
0.302716
0.227646
0.0205263
0.0503008
0.0931327
0.0323755
0.0977567
0.238922
0.169545
0.0456596
0.186718
0.0790645
0.0880049
0.0357576
0.127055
0.244008
0.100115
0.0742386
0.0298954
0.119556
0.168144
0.0814818
0.0897571
0.236707
0.180754
0.0673759
0.102607
0.0884268
0.273207
0.119047
0.0881135
0.292692
0.111519
0.0485846
0.191014
0.0944027
0.113414
0.0898864
0.0915926
0.05693
0.0300169
0.0618964
0.0811161
0.0910337
0.137725
0.165841
0.20884
0.175822
0.0686479
0.035902
0.115621
0.0970019
0.326772
0.176922
0.0610994
0.0678561
0.0296458
0.0369359
0.157808
0.0865116
0.17266
0.155125
0.257854
0.197976
0.0830059
0.176481
0.14968
0.0619985
0.103689
0.0601173
0.0676015
0.106813
0.0489371
0.135957
0.151714
0.0439154
0.0266315
0.161181
0.197527
0.201185
0.10733
0.212804
0.0939244
0.0954341
0.085032
0.113474
0.135092
0.185679
0.148135
0.130234
0.112425
0.136253
0.12078
0.259854
0.181771
0.201722
0.198424
0.130543
0.0055653
0.00185936
0.00726152
0.104553
0.117776
0.0382616
0.00883951
0.0133382
0.0173268
0.0150934
0.0498994
0.443641
0.225222
0.0125881
0.000192935
0.00359578
0.00712602
0.00721952
0.030186
0.169981
0.107274
0.0272034
0.0108348
0.00721987
0
0.000560917
0.0190198
0.694785
0.338443
0.00822243
0.000244661
0
0.0712003
0.0325506
0.0938818
0.33763
0.122003
0.00124404
0.0404535
0.0743363
0.074602
0.018998
0.0610959
0.0975844
0.0432729
0.0770165
0.466834
0.177103
0.00777224
0.000481497
0.0211951
0.56558
0.297972
0.00281918
0.00690944
0.00434985
0.0150295
0.00405242
0.0240206
0.176315
0.144178
0.0331247
0.190682
0.0370403
0.0138457
0.000195376
0.00352272
0.00168592
0.00682453
0.0807813
0.444268
0.0891651
0.0116661
0.00629731
0.000485513
0.00345144
0.0347211
0.0896134
0.387413
0.0884841
0.0031639
0.00411732
0.00392569
0.00679475
0.00949826
0.0353654
0.341398
0.0592718
0.00323648
0.00739862
0.000934318
0.00149945
0.00519589
0.0635423
0.651277
0.081842
0.00614304
0.0049522
0.000874897
0.00616334
0.0196503
0.0834662
0.210349
0.0763341
0.00367743
0.00275972
0.00582475
0.00878577
0.00944024
0.0687141
0.143929
0.0769198
0.0023268
0.00403893
8.9663e-005
1.65402e-005
0.00192041
0.11477
0.718098
0.0817666
0.00460177
0.0019049
0
0
0.00907452
0.149484
0.505313
0.162084
0.00675355
0.0142801
0.0142684
0.015535
0.0232085
0.0922142
0.161643
0.0816835
0.0174612
0.0125384
0.0434742
0.0279817
0.0408127
0.0749289
0.066897
0.0249272
0.0196333
0.00762648
0
0.000818175
0.0203094
0.234137
0.591447
0.25575
0.0162998
0.00420656
0.00514814
0.00720463
0.047365
0.21445
0.504296
0.159781
0.0856495
0.054068
0.124863
0.0935498
0.0517169
0.0336179
0.0543884
0.0501062
0.128979
0.0701419
0.0702695
0.118481
0.0544134
0.0313003
0.0900164
0.141933
0.0698523
0.0329877
0.0195407
0.0565065
0.100141
0.314662
0.539213
0.15689
0.140445
0.0615595
0.0485778
0.103039
0.0548377
0.119804
0.251987
0.169275
0.0501936
0.0793657
0.0636023
0.118657
0.0855742
0.0982172
0.106401
0.092279
0.0604191
0.119552
0.174064
0.248978
0.115257
0.104968
0.124304
0.0459971
0.182394
0.11315
0.131494
0.180196
0.0841935
0.0603868
0.0676339
0.0552003
0.130811
0.0624996
0.231167
0.369156
0.317137
0.177994
0.137878
0.0356796
0.00341175
0.00993162
0.0684061
0.123581
0.0582792
0.00712341
0.00680527
0.00147957
0
0.00175621
0.0416146
0.506298
0.259122
0.000270745
3.00827e-005
0
0.00188506
0.00469822
0.0728229
0.140515
0.12197
0.0239303
0.010443
0.00118018
0
0.0011708
0.0479811
0.640944
0.343993
0.00659946
0
0
0.000543978
0.000230791
0.00229006
0.496461
0.289091
0.00191246
0.000800414
0.000241742
0.00937705
0.0166808
0.0100402
0.159465
0.131583
0.00562981
0.020157
0.00593046
0.00120894
0.000585627
0.00427073
0.618727
0.332172
0.00218485
0.000389586
0
0.0173134
0.0305504
0.0181448
0.190354
0.127494
0.00519851
0.00224819
0
0.0180056
0.0480132
0.0360585
0.0336196
0.021955
0.0115204
0.156806
0.0337156
0.01672
0.0392121
0.0180493
0.0123419
0.0104067
0.0638408
0.836426
0.0777416
0.0426059
0.0852609
0.0617694
0.0386669
0.0171701
0.0128792
0.0190843
0.00276604
0.0942537
0.268775
0.0422533
0.0268329
0.0241813
0.0295152
0.0835081
0.0230706
0.00513483
0.00493144
0.00136837
0.002656
0.00399547
0.0684341
0.432383
0.0438608
0.0134592
0.0124092
0.0152429
0.0077121
0.0109332
0.152837
0.561531
0.108319
0.0506953
0.234609
0.0187129
0.0079152
0.00890569
0.0145181
0.0861391
0.0153189
0.15459
0.463721
0.0794812
0.0305202
0.0111299
0.100187
0.25006
0.0335433
0.0237838
0.0135695
0.0264757
0.0389737
0.0528015
0.237056
0.440502
0.100437
0.0176831
0.00146993
0.00851999
0.0386743
0.0650542
0.242673
0.283194
0.0708723
0.138121
0.404407
0.151299
0.148487
0.108705
0.224565
0.217982
0.0229229
0.0790759
0.1623
0.12009
0.166516
0.150621
0.209623
0.0819836
0.0197031
0.0149474
0.00670609
0.00730402
0.0531192
0.118856
0.392987
0.332001
0.0504031
0.0678851
0.0319884
0.031427
0.0553421
0.09274
0.135804
0.115328
0.118475
0.0708463
0.116265
0.193664
0.270493
0.256074
0.3148
0.115925
0.0201549
0.055005
0.0473579
0.0910339
0.18892
0.240242
0.157183
0.0797118
0.12855
0.167812
0.0893142
0.102803
0.0722902
0.0287633
0.0256716
0.0662028
0.0552792
0.126818
0.0220655
0.097235
0.312082
0.247209
0.110372
0.065774
0.0362792
0.120691
0.09013
0.0641867
0.0713982
0.0395514
0.0864979
0.128355
0.0957093
0.110538
0.080554
0.173338
0.514425
0.246463
0.0553215
0.0418574
0.0515234
0.00159003
9.45879e-005
0.0228075
0.154851
0.0864981
0.0161529
0.00459378
0.000621937
0
0.000378351
0.0258315
0.51094
0.260293
0.00425486
0
0
0.00203965
0.00293017
0.0268747
0.259695
0.0849233
0.00292438
0.00101914
0.000485597
0.00845576
0.00413098
0.0232777
0.617353
0.321027
0.0308459
0.0105002
0.00954902
0.0053634
0.00080386
0.0068894
0.42899
0.24058
0.00317057
0
0.000751632
0.054399
0.0416545
0.0169259
0.119882
0.0786527
0.00517966
0.000423808
0.00154337
0.0735366
0.0891578
0.0149443
0.438619
0.280983
0.0408992
0.0148968
0.0278553
0.29164
0.518174
0.0533257
0.0984996
0.0632468
0.0151063
0.0037242
0.0196919
0.0675873
0.119947
0.0154474
0.00849782
0.00274024
0.00233739
0.00360147
0.000838645
0.132702
0.387551
0.0132412
0.00431626
0.00210123
0.00296287
0.00669661
0.00456743
0.26115
0.493109
0.0304929
0.0124696
0.0054368
0.00278308
0
0.00593417
0.275833
0.596473
0.0363097
0.023555
0.00335494
0.00327301
0.00132354
0.0272712
0.111312
0.503475
0.0236185
0.00239054
0.00200804
0.00173683
0.00391858
0.00641552
0.200782
0.550737
0.0546158
0.0104959
0.00199748
0.0104596
0.00901868
0.00903231
0.168975
0.414375
0.0665078
0.0130568
4.49661e-005
0.0025871
0.00216472
0.021935
0.205331
0.242185
0.0955564
0.0105605
9.33349e-005
0.000824413
0.000541179
0.0335046
0.279445
0.549269
0.158722
0.0675904
0.0398667
0.0344315
0.0110344
0.0055146
0.203387
0.315578
0.183052
0.102058
0.0590983
0.0390706
0.00621144
0.00688027
0.323415
0.224475
0.14245
0.012578
0.00491401
0.00437008
0.00161146
0.0484157
0.190077
0.185024
0.127044
0.0369631
0.0182085
0.0253103
0.0205815
0.0435268
0.224931
0.307113
0.337368
0.276197
0.134407
0.0761917
0.0350025
0.0276461
0.045821
0.0561981
0.139812
0.170297
0.164971
0.107495
0.138007
0.149556
0.218209
0.162581
0.117043
0.0678848
0.0382766
0.0717536
0.114713
0.125442
0.0945878
0.0691981
0.0751242
0.0477998
0.0487384
0.0611825
0.140841
0.2145
0.0951895
0.0474848
0.0405052
0.05796
0.0236628
0.0948184
0.0848503
0.0814185
0.0903983
0.0554238
0.101438
0.378829
0.233735
0.0369189
0.0468154
0.0487881
0.120795
0.113318
0.0729747
0.0655642
0.0537803
0.0735841
0.0373752
0.125553
0.0564815
0.0663707
0.0669837
0.47251
0.37549
0.125455
0.0413937
0.0760476
0.00391869
0.00631855
0.021035
0.330587
0.157012
0.00509414
0.0028597
0.000946961
0.0567875
0.0212856
0.0130012
0.484896
0.384726
0.118173
0.0738172
0.0666934
0.00421495
0.00901131
0.0117869
0.31325
0.255828
0.0636666
0.0239067
0.0214014
0.106671
0.110471
0.0729581
0.212266
0.233312
0.129925
0.11741
0.126581
0.163393
0.161449
0.0250586
0.163678
0.188589
0.0771387
0.0638192
0.0898059
0.298366
0.627852
0.0949147
0.0294873
0.0320051
0.0158335
0.0141645
0.055796
0.177349
0.184646
0.0923558
0.031297
0.04094
0.038286
0.0577523
0.0991223
0.199551
0.35988
0.146384
0.0237996
0.0060483
0.00690207
0.0161592
0.0595417
0.330858
0.594911
0.0857569
0.0286602
0.0133141
0.00694657
0
0.0255666
0.302507
0.366513
0.0993463
0.0627958
0.00918682
0.00894719
0.00361147
0.0506991
0.177737
0.264376
0.115112
0.0236443
0.0242782
0.0107983
0.0105802
0.036711
0.170973
0.157974
0.0740593
0.0414993
0.0233971
0.0275817
0.0161014
0.0401239
0.365626
0.423972
0.215706
0.0617651
0.00498762
0.0128037
0.0103799
0.0740599
0.308356
0.267087
0.268673
0.0583669
0.0214708
0.0115304
0.00582906
0.0711337
0.142324
0.174059
0.168342
0.060551
0.0131202
0.0529044
0.0241092
0.0452186
0.0818956
0.138097
0.221221
0.073906
0.0353534
0.0327063
0.0201978
0.0439597
0.434908
0.243112
0.177672
0.0413313
0.0425395
0.0610422
0.0321192
0.144868
0.210365
0.133142
0.0761246
0.0479165
0.0967943
0.0987421
0.0925922
0.191519
0.0962111
0.0933041
0.132455
0.0934982
0.0645507
0.101409
0.072919
0.103053
0.0501263
0.0532706
0.0478642
0.0627891
0.178081
0.162329
0.155994
0.188146
0.115352
0.0478597
0.0675344
0.078047
0.109577
0.0723691
0.104533
0.181927
0.122436
0.129865
0.133985
0.1206
0.0907062
0.0670507
0.0668472
0.178841
0.0619006
0.131552
0.0982419
0.0866756
0.184008
0.113402
0.111155
0.163547
0.223469
0.234875
0.186617
0.137174
0.215562
0.0973341
0.0561149
0.16011
0.105036
0.158824
0.062435
0.0201149
0.0545213
0.0915526
0.0604122
0.0905078
0.0686577
0.121439
0.0512037
0.20753
0.273396
0.156014
0.105825
0.0987637
0.0847996
0.100015
0.0384072
0.023398
0.142048
0.194968
0.222876
0.172925
0.0715066
0.0687313
0.0322024
0.0934256
0.372801
0.205109
0.242895
0.165656
0.0550261
0.0362205
0.0113055
0.18792
0.292709
0.174685
0.11094
0.135274
0.255737
0.354804
0.113373
0.0932297
0.162064
0.138833
0.144725
0.239502
0.071359
0.0267186
0.0100564
0.0462926
0.144121
0.157602
0.152132
0.137113
0.236093
0.201964
0.0277259
0.0201996
0.0499816
0.153474
0.180582
0.155728
0.298186
0.444698
0.174818
0.0306809
0.0109709
0.0116986
0.0315647
0.109795
0.267304
0.433937
0.205752
0.0349062
0.0126145
0.0213561
0.044635
0.0577017
0.19685
0.198248
0.0652125
0.0327596
0.0169342
0.0359736
0.0546568
0.0571267
0.16011
0.144339
0.0787017
0.066388
0.0594639
0.042944
0.0482021
0.0260766
0.233947
0.310529
0.193943
0.0674809
0.0791182
0.0487412
0.086563
0.0912993
0.250334
0.146399
0.104564
0.1273
0.102849
0.0826278
0.0564438
0.121721
0.141843
0.105449
0.0641247
0.092081
0.131457
0.13141
0.0782489
0.0493221
0.188505
0.106581
0.149739
0.0928482
0.171931
0.282857
0.0999187
0.0568792
0.145471
0.152816
0.238391
0.0929404
0.0290098
0.0749744
0.0359003
0.0834173
0.137537
0.15125
0.293622
0.0633093
0.0178506
0.0542501
0.0873211
0.135623
0.195666
0.138493
0.204856
0.0691126
0.06484
0.150708
0.0943244
0.0924421
0.163968
0.0626004
0.201946
0.158889
0.0784144
0.110358
0.118198
0.174264
0.0774763
0.0475262
0.110013
0.0658703
0.0271336
0.0613475
0.0968558
0.121708
0.0427297
0.106355
0.101088
0.0617267
0.086668
0.135641
0.167994
0.121461
0.0810042
0.0145985
0.117316
0.111466
0.06326
0.159817
0.222052
0.171456
0.162567
0.0999266
0.158507
0.0479977
0.0332208
0.239584
0.401112
0.13303
0.0401562
0.136237
0.105049
0.0504903
0.0778848
0.0817745
0.097282
0.0868593
0.165843
0.15278
0.162815
0.102792
0.140905
0.0473047
0.0509181
0.159893
0.135824
0.103032
0.188156
0.151868
0.0672808
0.0884574
0.169118
0.0602477
0.168699
0.168978
0.230385
0.292998
0.121844
0.0512831
0.174554
0.154981