0.214909
0.0549782
0.0265443
0.0315197
0.0934172
0.0913157
0.108193
0.218102
0.0743353
0.0454646
0.031001
0.0660906
0.186392
0.19526
0.0865094
0.188514
0.10068
0.00930561
0.00472624
0.321029
0.456725
0.133899
0.076696
0.105243
0.0292669
0.0149582
0.0153272
0.34858
0.456725
0.0703603
0.0371002
0.0652255
0.113882
0.0798821
0.0226235
0.0863631
0.178858
0.123833
0.0604053
0.27218
0.135616
0.117943
0.0236934
0.109882
0.183285
0.110432
0.119305
0.209896
0.156234
0.0985037
0.0887434
0.265367
0.358691
0.0434369
0.0364831
0.123495
0.254225
0.146007
0.12565
0.121307
0.23383
0.251584
0.257868
0.290717
0.17832
0.0695348
0.0238611
0.132706
0.144044
0.0755594
0.106637
0.197594
0.240582
0.114004
0.148909
0.226501
0.183956
0.0785139
0.0949669
0.226931
0.10632
0.0262075
0.02268
0.0708028
0.134136
0.174028
0.310322
0.243336
0.163895
0.108769
0.0818201
0.130198
0.34911
0.169865
0.297922
0.225271
0.0727648
0.117293
0.15524
0.186465
0.135419
0.113279
0.0533067
0.0472459
0.134489
0.291559
0.133354
0.140043
0.124068
0.119267
0.122949
0.0449032
0.0982213
0.10172
0.0806864
0.137393
0.318285
0.285559
0.117857
0.0647125
0.0504819
0.0902943
0.0558077
0.157162
0.354954
0.436121
0.227838
0.0503028
0.102232
0.208283
0.111598
0.077084
0.107269
0.111316
0.12324
0.0358605
0.193496
0.431578
0.278989
0.130957
0.0743604
0.0818422
0.0680393
0.074637
0.050443
0.0455343
0.0288614
0.0738966
0.204098
0.266265
0.223106
0.110862
0.16329
0.287001
0.197068
0.179337
0.197794
0.143445
0.200627
0.195145
0.17373
0.328312
0.187823
0.0702291
0.0184479
0.112289
0.0570945
0.109637
0.276486
0.326972
0.0558301
0.0329
0.0299866
0.17105
0.140593
0.190797
0.144337
0.25966
0.234665
0.122811
0.059954
0.0869923
0.0809573
0.179579
0.32095
0.257135
0.207034
0.123609
0.0714015
0.14562
0.0330233
0.129526
0.26278
0.289661
0.0587674
0.0674196
0.0509738
0.0926299
0.153058
0.179889
0.166228
0.207115
0.186454
0.218528
0.157897
0.100191
0.0898154
0.177312
0.252549
0.226556
0.102358
0.204913
0.145584
0.136404
0.0534424
0.054276
0.19767
0.255793
0.179153
0.237952
0.267634
0.117435
0.0505919
0.0639628
0.00347133
0.000928947
0.00679354
0.351722
0.314981
0.0274648
0.0125152
0.00594195
0.00144683
0.0013902
0.00340521
0.300629
0.309108
0.00995703
0.00134967
8.27348e-005
0
0
0.0185793
0.393124
0.379911
0.0250308
0
0
0.000492758
0.000467718
0.00769038
0.386495
0.318997
0.00757993
0
0.000492758
0.062164
0.0954813
0.0600477
0.299394
0.395246
0.0524276
0.00835053
0.0298716
0.203708
0.231444
0.134139
0.153609
0.213633
0.120835
0.159343
0.174113
0.0105774
0.0549594
0.065409
0.402935
0.277564
0.0529044
0
0.00616624
0.0664927
0.121878
0.10061
0.336985
0.151009
0.0428433
0.0476945
0.0559994
0.0869294
0.050933
0.032403
0.0496703
0.0727581
0.103104
0.347596
0.171708
0.0998688
0.0182964
0.00940866
0.0594895
0.184828
0.213394
0.515328
0.20955
0.0484769
0.0250023
0.0225623
0.069703
0.0404985
0.0350469
0.178435
0.0978182
0.0701055
0
0.00129214
0.0134631
0.0834855
0.214486
0.443557
0.233065
0.0493038
0.0108353
0.00523381
0.0493843
0.136423
0.217085
0.189166
0.0724276
0.0172343
0.00200901
0.00153093
0.0596622
0.143237
0.41446
0.377257
0.0747695
0.0247413
0
0.00224224
0.0177466
0.0602526
0.23091
0.238098
0.124629
0.055826
0.00113389
0.00183274
0.0190846
0.0349037
0.41446
0.41446
0.157379
0.015062
0.00299497
0.00114133
0.0351583
0.0959165
0.265581
0.28526
0.0828246
0.0791351
0.0790694
0.0913001
0.10479
0.151838
0.0850254
0.197152
0.131641
0.0407206
0.000720278
0.0013264
0.0157046
0.0427599
0.334918
0.423851
0.153325
0.138049
0.0617992
0.035234
0.0307422
0.0606937
0.151468
0.423851
0.346276
0.107941
0.153707
0.255162
0.155339
0.0836307
0.0207061
0.0832542
0.132275
0.137493
0.114155
0.283911
0.19303
0.0600426
0.0471015
0.0204278
0.0632039
0.176643
0.12838
0.113251
0.0638774
0.03266
0.0308063
0.3959
0.403663
0.279706
0.0849111
0.151186
0.0975422
0.0317728
0.055906
0.14812
0.329725
0.0861166
0.0734084
0.112524
0.200829
0.102128
0.0733661
0.0180495
0.025071
0.148016
0.19096
0.127745
0.136385
0.217264
0.125699
0.0158251
0.0512868
0.32358
0.0355912
0.0606233
0.106235
0.0863067
0.104071
0.0726822
0.188637
0.386768
0.0592135
0.0717438
0.0978248
0.289384
0.224601
0.0958507
0.469634
0
0
0.0339491
0.420249
0.238483
0.00802134
0
0
0.000351432
0.0016522
0.0207634
0.349293
0.235821
0.00352567
0
0.000351432
0
0
0.0269244
0.420249
0.319236
0
0
0
0
0.00110147
0.0175888
0.420249
0.299136
0.00211192
0
0
0.00101181
0.0145515
0.122742
0.430983
0.135345
0.0280781
0
0.000614701
0.00234275
0.0116285
0.113943
0.331066
0.075164
0.0193054
0.00343346
0.00147396
0.0019467
0.00923171
0.0995299
0.63773
0.1918
0.0168192
0
0.000358267
0.00778679
0.00768687
0.090922
0.338558
0.0859376
0.0112128
0
0.00143307
0.0270365
0.0026685
0.0786969
0.30286
0.11331
0.0088101
0.0957067
0.079688
0.0894601
0
0.00234119
0.0137728
0.0815607
0.30859
0.547138
0.447378
0.0106093
0.00250542
0.0637506
0.177402
0.0619914
0
0
0.00195251
0.00748755
0
0
0.0033494
0.0033494
0.0101281
0.00389544
0.00748755
0.0276072
0
0.00166222
0.00977853
0.0335964
0.238079
0.205739
0.160362
0.112839
0.00416343
0.00386948
0.0288811
0.0582907
0.438316
0.6095
0.379799
0.00791499
0
0
0.00237804
0.00378122
0.0286632
0.0206535
0.0287924
0.0304649
0.00104086
0.00184088
0.00986051
0.0157554
0.0845171
0.157706
0.21836
0.0335012
0.00131733
0.00432747
0.0213072
0.0311469
0.165544
0.400651
0.161365
0.0651398
0.0151848
0.00316137
0.00953405
0.0205769
0.168676
0.442256
0.373512
0.0118614
0.000329333
0.00288498
0.00953405
0.0159682
0.124223
0.156255
0.0865498
0.0321092
0
0.00192332
0.00518835
0.0622267
0.296238
0.377558
0.296828
0.0860533
0.0149491
0.00703289
0.00234756
0.010039
0.055537
0.296396
0.365532
0.333491
0.0189108
0.0209609
0.00579761
0.00520995
0.0233928
0.0871942
0.381997
0.0583412
0
0
0.000455558
0.0631634
0.181461
0.212067
0.352395
0.218308
0
0
0.00182223
0.0423085
0.140925
0.197425
0.381997
0.430217
0.0140821
0.00810441
0.00989353
0.0110869
0.0208997
0.0310892
0.294448
0.430217
0.00878731
0.00548041
0.0127588
0.0419432
0.0461378
0.0475167
0.430217
0.273665
0.0005093
0
0.000677527
0.00634764
0.0774036
0.162392
0.274401
0.299192
0.0020372
0
0
0.000532246
0.0167949
0.0547419
0.178284
0
0
0.0148875
0.391912
0.263071
0
0
0
0
0
0.00810606
0.347055
0.258583
0.00128655
0
0
0
0
0.0206496
0.395373
0.339809
0.00307541
0
0
0
0
0.0224767
0.395373
0.348413
0.00288567
0
0
0.000594085
5.72794e-005
0.0259691
0.440065
0.291676
0.0100281
0
0.000153622
0.00237634
0.000229118
0.0123493
0.211298
0.154241
0.00668539
0
0.000614486
0
0
0.0679007
0.49096
0.470375
0.0164997
0
0
0
0
0.0192903
0.229873
0.261187
0.0109998
0
0
0.0120206
0.00115899
0.0191522
0.301023
0.22747
0
0
0.00310836
0
0
0
0
0
0
0
0
0
0
0
0.345442
0.345442
0
0
0
0
0
0
0
0
0
0
0
0.0178587
0
0
0
0
0
0
0.0178587
0.0690047
0
0
0
0.0274972
0.112282
0.279984
0.268715
0.000847522
0
0
0
0
0
0
0.000847522
0.0938041
0.051062
0.00280379
0
0
0
0
0.0858762
0.0162254
0
0
0
0.0136522
0.119006
0.0980915
0.0561023
0.101417
0
0
0
0.096962
0.423706
0.443796
0.5382
0.0392991
0.0390114
0.0144187
0
0
0
0
0.0179284
0.304145
0.247757
0.0594929
0.0165748
0.0081488
0.0331866
0.0460732
0.144734
0.0304223
0.000385961
0.00347365
0.000993652
0.0678664
0.173496
0.1964
0.228365
0.0370473
0.0101852
0.0242221
0.0103804
0.0979636
0.331133
0.452889
0.255813
0.201293
0.0974601
0.0666714
0.0272097
0.0129186
0.0472388
0.092945
0.0536136
0.352971
0.161328
0.18119
0.0813388
0.128207
0.24315
0.310169
0.0771338
0.016298
0.016082
0.0199865
0.00975213
0.03094
0.176457
0.390224
0.108232
0.0212854
0.0226038
0.0092161
0.0202702
0.0306122
0.0774839
0.239201
0.0538522
0.225833
0.170439
0.133365
0.0631875
0.0902285
0.165934
0.286197
0.0951367
0.380829
0.413246
0.249625
0.0888629
0.100436
0.103609
0.230253
0.0718907
0
0
0.00515748
0.338848
0.299178
0.00604042
0.000602986
0
0
0
0.0188871
0.362473
0.257791
0.00409467
0.000150746
0
0.00139805
0.000494829
0.0353568
0.383207
0.37203
0.00839943
0.00241194
0.00294072
0.000349512
0.000106171
0.0280306
0.390808
0.344339
0.00417605
0.000602986
0.000735181
0
0
0.0510015
0.381918
0.292032
0.0162867
0
0
0
0
0.0132999
0.163256
0.185715
0.0108578
0
0
0.000106807
0
0.0745721
0.553116
0.43556
0.0130832
0
0.000106807
0.00312433
0.00196073
0.0209165
0.264257
0.279751
0.00872211
0
0.00197713
0
0
0
0.0752141
0.0752141
0
0
0
0.00940692
0
0
0
0
0
0
0.00940692
0.115501
0.0755335
0.027567
0.110754
0.110754
0
0
0.0590966
0.597811
0.437263
0.401208
0.0566338
0.0189265
0
0
0.185443
0.0109013
0.0008998
0.00491334
0.00112599
0.000165809
0
0
0.00745245
0.0961819
0.051599
0.0594273
0.00408943
0.000248713
0
0
0.0286794
0.30622
0.131989
0.195341
0.023068
0.00662813
0.00547804
0
0.0854308
0.58067
0.354235
0.52402
0.0377792
0.0143172
0.0219121
0
0.161672
0.111314
0.0954947
0.0543517
0.0078736
0.00133369
0.00490246
0
0.0249974
0.229818
0.26815
0.100836
0.0401685
0.00236873
0.00735368
0
0.0745669
0.320774
0.368744
0.252753
0.0339648
0.00799597
0.0238772
0
0.0814815
0.353022
0.488472
0.28542
0.102899
0.0182713
0.0294147
0.0119407
0.129026
0.204381
0.155979
0.109135
0.045804
0.00105046
0.00383127
0.00260391
0.0356375
0.384169
0.215801
0.186488
0.0753345
0.025253
0.0371328
0.0143125
0.0262379
0.196887
0.384169
0.220715
0.10954
0.0113837
0.0226661
0.0125053
0.072005
0.384169
0.384169
0.191083
0.194728
0.0355971
0.0845957
0.0346013
0.103717
0.274456
0.26004
0.178639
0.0479341
0.0283088
0.0377332
0.0198909
0.0374863
0.33637
0.380581
0.311095
0.0324406
0.0307343
0.0260075
0.0377967
0.0561544
0.289194
0.233519
0.133541
0.105759
0.0821893
0.048345
0.0573684
0.143167
0.183601
0.268442
0.224401
0.110492
0.118934
0.0699203
0.0967654
0.149345
0.0316239
0.0396141
0.131762
0.282457
0.218248
0.0145045
0.000876061
0.031751
0.00645727
0.0168193
0.0381971
0.403234
0.295034
0.00210194
0.000193996
0.00318703
0.363036
0.112586
0.122093
0.157738
0.0761058
0.0501873
0.0268526
0.327877
0.137711
0.0639233
0.05823
0.403234
0.232748
0.0571037
0.0275938
0.109779
0.000276753
0.00476304
0.0337998
0.433062
0.291948
0.0160966
0.000563165
0.000276753
0.0608373
0.063991
0.026921
0.191933
0.167991
0.0187092
0.000844748
0.0141366
0.0409494
0.0623735
0.0352032
0.458202
0.276747
0.116443
0.0648049
0.0651748
0.226599
0.39259
0.173259
0.123583
0.123174
0.101117
0.0573376
0.101694
0.0942955
0.119798
0.0415631
0.011681
0.011681
0.00181224
0.000106602
0.0229754
0.206985
0.23337
0.140257
0.00609987
0.00175633
0
0
0.0412402
0.263366
0.492873
0.15035
0.0153597
0.00735506
0.00724898
0.0041204
0.0407902
0.436193
0.492873
0.174424
0.00529992
0.00281802
0.00124454
0.00230483
0.0791102
0.186342
0.183598
0.158918
0.0167781
0.00348926
0.00397497
0
0.0340969
0.269017
0.337782
0.253739
0.0296058
0.0101427
0.0167396
0.00360568
0.0463285
0.326067
0.418684
0.113175
0.0107344
0.00841849
0.0114649
0.0316843
0.0691415
0.301686
0.418684
0.161242
0.0573807
0.0506836
0.0375184
0.0640861
0.0702165
0.230554
0.330322
0.161953
0.0228479
0.00408843
0.0115906
0.0299001
0.0540138
0.230484
0.363793
0.149425
0.074687
0.0271576
0.00821875
0.076243
0.140421
0.227109
0.345304
0.139376
0.103633
0.0275518
0.0277485
0.0905473
0.0891104
0.233142
0.266313
0.255972
0.133182
0.0253813
0.047015
0.193146
0.246775
0.134081
0.358982
0.201373
0.160551
0.0536614
0.0460953
0.047493
0.128267
0.1751
0.245681
0.182403
0.381938
0.13158
0.17536
0.0473337
0.115984
0.155436
0.166618
0.197551
0.11192
0.0823635
0.0684613
0.11619
0.229242
0.0912508
0.134135
0.164309
0.259795
0.203435
0.162032
0.0492123
0.118155
0.153585
0.0707016
0.102774
0.276227
0.213616
0.140469
0.115703
0.212403
0.152235
0.0485717
0.19357
0.228524
0.305178
0.206203
0.166657
0.251687
0.0778605
0.0738722
0.121729
0.187517
0.188408
0.163535
0.0817426
0.141381
0.195306
0.0734707
0.110781
0.103926
0.214597
0.197097
0.168779
0.195837
0.252736
0.0493851
0.0194972
0.0943591
0.0785443
0.103344
0.108525
0.320204
0.11884
0.0411183
0.0234387
0.302542
0.207508
0.153535
0.0697725
0.124074
0.0578285
0.0505766
0.0520155
0.0845709
0.140872
0.277891
0.239382
0.23194
0.206011
0.160344
0.0555161
0.142906
0.228457
0.281323
0.315127
0.115553
0.0916824
0.10685
0.0265918
0.139351
0.094811
0.0776151
0.0485083
0.0463404
0.2538
0.358008
0.157552
0.0190861
0.02087
0.030481
0.0354613
0.0496584
0.340351
0.397834
0.109336
0.0325769
0.058026
0.0710374
0.118068
0.0736686
0.397834
0.397834
0.19666
0.00330706
0.00232808
0.0156726
0.047813
0.0749471
0.261866
0.377171
0.140141
0.0124733
0.00261908
0.0014286
0.00321234
0.0293644
0.319665
0.377171
0.109051
0.0183742
0.0081287
0.0031583
0.0128448
0.0710087
0.343997
0.366259
0.142283
0.0119419
0.00155394
0.00818189
0.0418757
0.109105
0.268254
0.215925
0.0993271
0.0554998
0.0571602
0.0354624
0.0660299
0.205345
0.260663
0.376312
0.116724
0.0251456
0.0348039
0.0306326
0.0744121
0.0963159
0.206531
0.242783
0.142499
0.0488928
0.0639627
0.0782266
0.104761
0.125592
0.20343
0.109838
0.151063
0.0943969
0.170177
0.118001
0.160465
0.189166
0.204092
0.224261
0.38447
0.139092
0.0973817
0.139099
0.184584
0.210442
0.173053
0.270754
0.194932
0.105724
0.0339003
0.0348738
0.0543173
0.0980211
0.142721
0.409575
0.33632
0.123016
0.0221282
0.0437718
0.0916862
0.142379
0.110357
0.249947
0.323626
0.0997859
0.0484129
0.034667
0.140992
0.18258
0.101694
0.267793
0.16144
0.0998504
0.0788272
0.0150104
0.145241
0.219292
0.120264
0.253461
0.233112
0.0531267
0.0482106
0.0998867
0.115878
0.261379
0.134332
0.166406
0.146107
0.105758
0.153696
0.157754
0.0844635
0.188109
0.192073
0.186058
0.154842
0.0398687
0.0482579
0.0908569
0.224815
0.305611
0.236338
0.103767
0.105073
0.042953
0.186594
0.23106
0.258596
0.237572
0.0660479
0.0583363
0.0784964
0.0880345
0.0779772
0.0921331
0.0555079
0.0929793
0.190181
0.0907777
0.127341
0.118297
0.0907608
0.0964778
0.139663
0.124952
0.0826881
0.0458071
0.0712644
0.193792
0.23806
0.111468
0.0686293
0.0771494
0.190152
0.174404
0.42504
0.453255
0.376896
0.103885
0.133341
0.159083