0.000855751
0.0152718
0.0189306
0.0830917
0.046173
0
0
0
0.160713
0.181096
0.0960578
0.321978
0.132911
0.00619572
0.105119
0.178931
0
0.00377515
0.0115582
0.255665
0.146503
0
0
0
0.0395904
0.0991613
0.0650489
0.581122
0.499196
0.00551638
0.0758786
0.0742818
0.0781566
0.0673727
0.024878
0.0803773
0.0299482
0.0254888
0.31008
0.203689
0.00666921
0
1.87889e-005
0.000544879
0
0.0365432
0.481936
0.13579
0.0385453
0.0560231
0.0243154
0.294133
0.13175
0.0267429
0.310781
0.1584
0.027641
0.0169065
0.00462549
0.0147458
0.00147438
0.0710667
0.481936
0.270758
0.00447609
0
0
0
0
0.0155059
0.237289
0.0670001
0.0020977
0
0
0
0
0.00229434
0.0279246
0.0158431
0.010641
0.00207623
0
0
0
0.0838455
0.621439
0.237513
0.007563
0
0
0
0
0.0627418
0.621439
0.191833
0.00148958
0
0
0
0
0
0
0.00451106
0
0
0
0
0
0
0
0
0.00726603
0
0
0
0
0.0542301
0.886385
0.273889
0.00168746
0
0
0
0
0.00129934
0.0964951
0.0656653
0
0
0
0
0
0
0
0
0
0
0
0
0
0
0
0
0.00520973
0
0
0
0
0.00208868
0.017773
0.0418064
0
0
0
0
0
0
0
0
0
0
0
0
0
0
0
0
0
0
0
0
0
0
0
0
0
0
0
0
0
0
0
0
0
0
0
0
0
0
0
0
0
0
0
0
0
0
0
0
0
0
0
0
0
0
0
0
0
0
0
0
0
0
0
0
0
0
0
0
0
0
0
0
0
0
0
0.174624
0.100112
0
0
0
0.00220603
0.00429595
0.00431639
0.492085
0.342149
0.00146841
0.00190025
0.00358087
0
0
0
0.232724
0.153662
0
0
0
0
0.00107399
0.00103686
0.492085
0.481336
0.000367103
0
0
0.0263619
0.0392779
0.0121653
0.37687
0.172351
0.010587
0.0551424
0.0786919
0.0369248
0.0469914
0.00735764
0.0931645
0.0421089
0.0722878
0.452141
0.238021
0.00901352
0.0207401
0.00345399
0.452141
0.291019
0.00505981
0.0156132
0.0188322
0.0154117
0.0299007
0.00270269
0.291185
0.126401
0.0602364
0.287405
0.114169
0.00990927
0.00411222
0
0.00182947
0.00309681
0.0676307
0.467271
0.144566
0.00854879
0
0
0
0
0.0670263
0.467271
0.155935
0.0087773
0.00413174
0.000535801
0.011626
0.00947718
0.0746911
0.421073
0.116015
0.0122024
0.000603213
0.000198464
0.000149352
8.78543e-006
0.126689
0.467271
0.177342
0.00259054
0
0
0
0
0.0444265
0.505821
0.105512
0.00747378
0
0
0
0
0.0265867
0.275876
0.0722815
0.0053301
6.69022e-005
1.12952e-005
0
0
0.105615
0.505821
0.170505
0.0117141
0
0
0
0
0.11492
0.505821
0.183535
0.0104185
0
0
0
0
0.00817447
0.107083
0.0352952
0.00095302
0
0
0
0
0
0.00400559
0.00175414
0.023909
0
0
0
0
0.135788
0.690517
0.2195
0.0209322
0
0
0
0
0.0378575
0.59374
0.144322
0
0
0
0
0
0
0
0
0
0
0
0
0
0
0
0
0.0573905
0
0
0
0
0.0320885
0.794393
0.275669
0.00276719
0
0
0
0
0
0.0307235
0.0260758
0
0
0
0
0
0
0
0
0
0
0
0
0
0
0
0
0.000662764
0
0
0
0
0
0
0.000662764
0
0
0
0
0
0
0
0
0
0
0
0.188903
0.134858
0
0
0
0
0
0
0.477696
0.397309
0
0
0
0
0.0087108
0.0952226
0.274953
0.124515
0
0
0
0
0.00951018
0.125732
0.477696
0.410538
0
0
0
0.000214772
0.000408759
0.000140396
0.502695
0.279481
0.000157378
0.00100902
0.00167347
0.00124588
0.00248374
0.00240144
0.302809
0.114401
0.0100264
0.0428951
0.022796
0.000209066
0.00215087
0.0192006
0.502695
0.366787
0.000701044
0.000323503
0.000876946
0.0021038
0.00859631
0.0080106
0.316868
0.155192
0.00342415
0.0028497
0.00538812
0.00654911
0.00800926
0.00587815
0.0452398
0.0225083
0.0496839
0.32355
0.0986109
0.0119172
0.0127095
0.00355653
0.007474
0.00571437
0.198314
0.81231
0.238852
0.00554098
0.0252263
0.0189276
0.0571794
0.0275992
0.00376436
0.00989871
0.0127831
0.0114354
0.0330009
0.0132359
0.0396796
0.0273243
0.0183505
0.175698
0.0629345
0.00258904
0.00194909
0.000399909
0.000369923
0.000659978
0.0856746
0.516719
0.124608
0.00240029
0
0
0
0
0.111186
0.516719
0.190883
0.00366366
0.00487389
0.00329095
0.00540751
0.00774095
0.0226514
0.219141
0.0538187
0.00306285
0.000520013
0.00244475
0.000857751
0.00475797
0.0798154
0.516719
0.135422
0.00307605
0
0
0
0
0.0599691
0.471453
0.109827
0.00855709
0
0
0
0
0.0365705
0.471453
0.100233
0.00217435
2.9479e-005
0.000217606
8.06258e-005
0.000604406
0.0538794
0.471453
0.107024
0.00307437
0
0
0
0
0.0601052
0.471453
0.138667
0.00708165
0
0
0
0
0.0155576
0.453896
0.0753451
0.00414483
0
0
0
0
0.00229109
0.13991
0.0439052
0.00319485
0
0
0
0.00182319
0.0552083
0.570904
0.158431
0.00647858
0
0
0
0.00273479
0.0637611
0.570904
0.161458
0.00945571
0.0007281
0
0.00120907
0.00120907
0
0.02717
0.0168544
0.063919
0.0029124
0
0.00181361
0.00181361
0
0
0.044431
0.0334228
0.0238817
0.0759106
0.0477075
0.0356241
0.0533334
0.70745
0.169206
0.302704
0.179301
0.203488
0.111933
0.0894167
0.0712802
0.374306
0.222405
0
0.012598
0.129023
0.189191
0.148364
0.0232813
0
0
0
0.0137541
0.17026
0.436894
0.327312
0.0224184
0
0
0
0.00314951
0.0383754
0.231694
0.33343
0.0363474
0
0
0
0.00381165
0.0554001
0.436894
0.436894
0.0380091
0.00174977
0
0.000151122
0.00253412
0.028442
0.499602
0.334788
0.00342414
0.00126687
0.00040577
0.00265554
0.00694652
0.00654231
0.228537
0.143078
0.00461891
0.0101616
0.00604252
0
0.000785587
0.0123439
0.499602
0.414254
0.00672421
0.00439217
0.000600774
0.00225202
0.00182181
0.00739195
0.251083
0.173712
0.00569463
0.0200129
0.0070913
0.0388468
0.140431
0.118567
0.189391
0.152293
0.0400525
0.0855168
0.085618
0.0567284
0.193662
0.100347
0.202304
0.189667
0.0818703
0.0747321
0.0703629
0.127036
0.12363
0.159341
0.14121
0.175215
0.0847699
0.15406
0.0754879
0.175448
0.310737
0.215505
0.113832
0.166723
0.0855409
0.0634587
0.105277
0.0180472
0.0284159
0.0235106
0.0206407
0.0339193
0.0196341
0.0814701
0.036246
0.0260029
0.0198273
0.0238818
0.0151888
0.0228402
0.106104
0.605017
0.183289
0.0923911
0.0823807
0.0422713
0.0220282
0.0183505
0.0137985
0.034049
0.0294988
0.444834
0.468011
0.0899585
0.0363613
0.00921286
0.025248
0.0372816
0.0277213
0.0116704
0.00451883
0.00226009
0.00209976
0.00126269
0.033399
0.347772
0.0706477
0.039334
0.0410411
0.00302242
0.00636293
0.0241093
0.0845768
0.516479
0.110699
0.174241
0.257539
0.0343252
0.00357033
0.000645772
0.00648712
0.0268081
0.0163148
0.343547
0.516479
0.0740267
0.00954439
0.0361639
0.0276023
0.196278
0.0439749
0.0206866
0.0412417
0.00736604
0.0314307
0.0673702
0.0665481
0.485049
0.0811513
0.00830556
0.0263567
0.00629806
0.0372353
0.0535596
0.0671489
0.485049
0.110061
0.24694
0.37333
0.057424
0.0620965
0.0969809
0.0289692
0.152799
0.0324274
0.156435
0.331045
0.103881
0.0906704
0.0747554
0.0256481
0.191907
0.053227
0.0248185
0.0439001
0.0503513
0.0290868
0.017822
0.0507367
0.458785
0.0966598
0.155348
0.0888957
0.11681
0.071576
0.0655159
0.0831008
0.415346
0.165456
0.0845801
0.319297
0.137411
0.028508
0.00644112
0.0407766
0.27965
0.0584256
0.202825
0.239439
0.147695
0.0485061
0.0423642
0.0726416
0.284295
0.20363
0
0
0
0.22147
0.213864
0.00476041
0
0
0
0.000224757
0.00202282
0.4276
0.37927
0.00914784
0.00234577
0
0
0
0
0.34545
0.226016
0
0
0
0
0
0
0.4276
0.4276
0.00204099
0.000586443
0
0
0.00027511
0.00355914
0.508598
0.312633
0.00562912
0.00353235
0.000676731
0.00142822
0.00310673
0.00710152
0.202026
0.121875
0.00409823
0.00937004
0.00533625
0.0126277
0.00904641
0.005456
0.508598
0.416948
0.00311839
0.00361716
0.00198882
0.110357
0.140052
0.0407836
0.22431
0.143723
0.00342494
0.00734303
0.0121193
0.0152436
0.0141787
0.0120323
0.00864538
0.00875524
0.00741809
0.0090265
0.00662843
0.105441
0.100677
0.0183228
0.00338432
0.00674078
0.0086176
0.00504518
0.0146522
0.256859
0.36303
0.0720167
0.00568618
0.00485682
0.00381897
0.0052816
0.0295187
0.584975
0.598304
0.112727
0.000538282
0.000538282
0.00532567
0.00265496
0.0369192
0.111775
0.139705
0.0215761
0.00247014
0.00161041
0.00119617
0.00293844
0.0109751
0.23779
0.341605
0.0628515
0.0029796
0.000459683
0.000869115
0.00283711
0.0250255
0.36922
0.439007
0.0601459
0.00105575
0.000170517
0.000713636
0.000281429
0.031486
0.439007
0.439007
0.131256
0.00358358
0.00819193
0.0198038
0.01229
0.0957411
0.223393
0.35451
0.0631718
0.000610397
6.53184e-005
0.000453574
0.000716549
0.0232576
0.270766
0.435887
0.0846401
0.0109369
0.010291
0.000118191
0.00064801
0.0205084
0.271521
0.335326
0.118336
0.00288995
0.0240739
0.0288081
0.00788427
0.0714734
0.284535
0.435887
0.147306
0.047233
0.0412636
0.00939103
0.000238192
0.0470291
0.239699
0.434231
0.103716
0.0355161
0.0268441
0.000416775
0.0127499
0.0374453
0.179323
0.378522
0.1775
0.0944466
0.0219665
0.00482053
0.0210891
0.0556488
0.222831
0.434231
0.204786
0.0510862
0.0304059
0.00401044
0.0124379
0.0421799
0.133554
0.337623
0.20909
0.101542
0.0269166
0.0103081
0.0214779
0.0635953
0.192188
0.554814
0.267742
0.0743486
0.017398
0.0317602
0.0264878
0.0641134
0.239814
0.37022
0.168325
0.0313983
0.0321936
0.0418529
0.0676962
0.200965
0.187836
0.224667
0.139988
0.097404
0.0482833
0.0462436
0.0147306
0.0824996
0.223749
0.123112
0.0619741
0.0374277
0.0394399
0.0655305
0.0402822
0.160416
0
0
0
0.315256
0.165244
0
0
0
0.0087137
0
0
0.419226
0.362666
0.00584165
0.000885682
0.00994649
1.91255e-005
0
0
0.407079
0.226675
0.00194339
0.00246973
0.00068004
0.0538664
0.0292211
0.00181288
0.419226
0.355024
0.0116776
0.0151646
0.0362755
0.0747208
0.0613697
0.0107254
0.32047
0.257489
0.0106052
0.0048403
0.032988
0.252469
0.347501
0.057609
0.084021
0.0809881
0.00372655
0.00543447
0.0287859
0.237762
0.1848
0.0341001
0.156498
0.162694
0.0156577
0.0117269
0.083223
0.447132
0.458986
0.0834148
0.0151577
0.0337255
0.00391545
0.00334357
0.0597456
0.205507
0.323014
0.0431284
0.000649833
0.000951374
0.000205572
0.000585656
0.0119348
0.301792
0.434908
0.036225
0
0.000831503
0.000356359
5.3937e-005
0.0187153
0.254293
0.434908
0.0289796
0
0
0.000263992
0.00581344
0.0159932
0.285953
0.434908
0.00698512
0.000402911
0.00464986
0.00180027
0.00733113
0.0232344
0.326683
0.420732
0.029876
0.00958501
0.00607468
0.0206396
0.00584294
0.0211427
0.318543
0.315961
0.124326
0.0497309
0.0391739
0.0659839
0.0469869
0.0804779
0.222473
0.420732
0.0110476
0.0314094
0.0303518
0.0432314
0.0332207
0.0397243
0.116546
0.1725
0.165544
0.208361
0.227772
0.134631
0.0989089
0.108914
0.197236
0.204687
0.187276
0.0733033
0.114086
0.102423
0.0515817
0.132039
0.242695
0.309443
0.159568
0.113511
0.130167
0.046515
0.0115283
0.115015
0.102015
0.0882774
0.303791
0.280911
0.374748
0.17095
0.0889296
0.128989
0.118689
0.0937313
0.216408
0.22741
0.185923
0.0660363
0.0441836
0.108532
0.39121
0.52626
0.277872
0.111461
0.0678393
0.0425369
0.021868
0.0823014
0.171108
0.283988
0.245861
0.0908
0.0216999
0.0589626
0.0347296
0.0542509
0.104264
0.106863
0.191454
0.23745
0.0735514
0.056902
0.0434227
0.0560656
0.088051
0.0672459
0.0839804
0.124239
0.0709173
0.142582
0.0783183
0.0605578
0.275898
0.142924
0.222099
0.172279
0.0578641
0.0835285
0.0347763
0.0859627
0.293879
0.105219
0.101083
0.125981
0.139927
0.175314
0.163427
0.234776
0.109286
0.0924303
0.146058
0.201499
0.252703
0.21552
0.0762652
0.0591755
0.112997
0.141832
0.0695472
0.142268
0.234088
0.231134
0.128363
0.111536
0.016771
0
0
0.30317
0.280564
0.0490624
0.0381398
0.0161597
0.268156
0.160308
0.008143
0.369489
0.311648
0.077984
0.0968704
0.0844249
0.0909363
0
0
0.0824769
0.171571
0.086364
0.100713
0.0894718
0.457647
0.14428
0.00542867
0.0685737
0.164069
0.149692
0.186631
0.191185
0.293913
0.270199
0.058822
0.0616745
0.0603137
0.0175999
0.0374204
0.0591449
0.249554
0.438142
0.124262
0.0245195
0.0338934
0.0451879
0.0599684
0.0731894
0.296533
0.171433
0.0355071
0.0393178
0.119243
0.134141
0.177792
0.088584
0.182535
0.204271
0.103684
0.0469816
0.205475
0.243974
0.265527
0.216062
0.185408
0.41119
0.0432329
0.00280869
0.00843671
0.0275084
0.0599654
0.0808106
0.223852
0.328442
0.00939404
0.000335104
0.0039272
0.0215452
0.0838665
0.14127
0.295829
0.184982
0.072078
0.00719573
0.0666323
0.114962
0.142656
0.206433
0.313837
0.0984999
0.0409089
0.0125786
0.0208072
0.173637
0.3854
0.246438
0.0893891
0.104191
0.00793882
0.0265213
0.0225628
0.0511225
0.100883
0.089344
0.0144113
0.0335294
0.275595
0.23494
0.210896
0.133135
0.0758374
0.0510453
0.110543
0.0778604
0.0437289
0.0508863
0.0355386
0.278012
0.369025
0.20031
0.103819
0.299389
0.466375
0.271608
0.0490127
0.152037
0.103042
0.0671282
0.0438634
0.0542981
0.357295
0.314112
0.276284
0.143671
0.0264404
0.0340751
0.0558708
0.079059
0.163352
0.18296
0.101406
0.0386085
0.0172358
0.0411379
0.057012
0.190896
0.530943
0.361823
0.0746177
0.0338162
0.00566985
0.00760272
0.0656606
0.0618683
0.122814
0.206345
0.0829313
0.0293032
0.0153802
0.0346744
0.0943243
0.134315
0.217543
0.302041
0.111011
0.0639436
0.0907824
0.145838
0.18559
0.0995144
0.0628362
0.181623
0.137267
0.144931
0.144325
0.204298
0.210861
0.108775
0.0626871
0.215001
0.204622
0.16199
0.0846435
0.196985
0.202603
0.190822
0.180686
0.201098
0.124935
0.112408
0.114534
0.176308
0.129291
0.108506
0.0780945
0.112818
0.170272
0.126518
0.0771425
0.102404
0.152305
0.166053
0.114372
0.125256
0.130922
0.117872
0.0595607
0.058703
0.249152
0.297764
0.148284
0.100393
0.0315828
0.0322622
0.0568268
0.121953
0.375698
0.349524
0.319614
0.138665
0.0560573
0.0151797
0.0323617
0.11632