0.0366251
0.0934002
0.126384
0.137166
0.0593775
0.0226615
0.0559669
0.0344981
0.204639
0.10747
0.213514
0.104691
0.0891056
0.0333288
0.0500312
0.186773
0.0348579
0.0927381
0.189366
0.208344
0.152241
0.141225
0.06045
0.0275251
0.249225
0.250407
0.344553
0.227446
0.301967
0.27217
0.130004
0.225366
0.118483
0.0402672
0.0547218
0.0135131
0.0624415
0.0524186
0.030821
0.0845079
0.13531
0.0479994
0.0692023
0.0256474
0.0921028
0.131136
0.0634557
0.0768054
0.130038
0.0928104
0.069462
0.0286176
0.129805
0.314348
0.211123
0.120103
0.122798
0.0196652
0.0329465
0.0147034
0.1579
0.559502
0.491016
0.117151
0.104983
0.0513735
0.0348965
0.0270418
0.058142
0.0481005
0.0365682
0.0931057
0.371456
0.0667057
0.0172676
0.0182677
0.0304383
0.017802
0.0398428
0.440612
0.0923583
0.0308617
0.0207967
0.0176127
0.0830269
0.125397
0.193678
0.181052
0.477037
0.0437132
0.011031
0.0122796
0.0432288
0.0444164
0.131291
0.477037
0.238725
0.00635151
0.000208497
0.000618748
0.000618748
9.11794e-005
0.00340344
0.315901
0.277945
0.00176605
0.000323909
0.00022255
0.00055834
0.000915649
0.00307827
0.391491
0.337466
0.00405465
0.000753732
0.00120317
0.00117393
0.00130018
0.00989658
0.391491
0.391491
0.00160812
0.0033025
0.00383373
0.0011619
0.00018635
0.0061079
0.391491
0.213691
0.0049885
0.00022141
0.000534018
0.000756274
0.00259377
0.00311822
0.344629
0.280519
0.00754294
0.00264431
0.00213607
0.000521273
0.0015149
0.00317614
0.371693
0.335402
0.00275398
0.00129644
0.00245129
0.000758066
0
0.00421508
0.394534
0.394534
0.00413435
0.00107487
0.00140417
0.00343673
0.00139773
0.000101854
0.394534
0.227465
0.00233897
0.0016814
0.000683267
6.92219e-005
0
0.00336805
0.311695
0.259757
0.000894355
4.91632e-005
0
0
1.10422e-006
0.00448079
0.389252
0.353659
0.00209326
0.000695937
0.000718722
0.00213355
0.0031133
0.00219418
0.388926
0.397689
0.0030098
0.000493174
0.000943611
0.000743542
0.00160906
0.00344659
0.397689
0.260128
0.000799946
7.6972e-006
0
0
0.000270565
0.00240663
0.304118
0.260271
0.00149101
6.82191e-005
0
0
0.000464003
0.00137871
0.354202
0.398393
0.00267744
0.000586775
0.000851086
0.000707246
0
0.00118228
0.343849
0.393113
0.00256595
0.000376724
0.000515591
0.000515591
0
0.000977796
0.416414
0.00836192
0.0635339
0.0645773
0.122942
0.103562
0.0849956
0.0190112
0.00901307
0.0501951
0.0996382
0.0837246
0.221525
0.333149
0.139178
0.0489873
0.0391547
0.00577594
0.0428419
0.0421567
0.238871
0.151294
0.0311835
0.00830879
0.00933143
0.00970939
0.00867474
0.0619485
0.576921
0.489772
0.0263735
0.00255012
0.00290921
0.0615142
0.0750809
0.04354
0.0721891
0.11699
0.154086
0.118913
0.0404906
0.0556246
0.0508884
0.0154791
0.0205842
0.0434084
0.321611
0.400006
0.0772749
0.0496195
0.0686122
0.102729
0.288602
0.295482
0.0232417
0.0499438
0.0326149
0.0613809
0.0955574
0.0791705
0.128005
0.157637
0.203662
0.517566
0.136195
0.0407731
0.00476206
3.26056e-005
0.00266775
0.0238633
0.168029
0.306494
0.140359
0.212155
0
0
0.00125672
0.0102919
0.1159
0.238292
0.346471
0.00576417
0.00937518
0.00581612
0.0100555
0.0120434
0.204417
0.449472
0.109624
0.015776
0.00295303
0
0.00031418
0.00257147
0.255136
0.468984
0.139868
0.311574
0.0022902
0.00471783
0.00861469
0.00917197
0.0538373
0.109066
0.404492
0.3437
0.0168586
0.0229044
0.027532
0.0141133
0.0175089
0.0366331
0.488711
0.0416533
0.00878925
0.00192051
0.00452564
0.0173135
0.25035
0.33871
0.162807
0.0490039
0.0346324
0.0159297
0.0158583
0.0290346
0.161312
0.152322
0.168296
0.391294
0.028942
0.0168095
0.0201764
0.0134896
0.00886604
0.02092
0.439673
0.578106
0.0363075
0.0192354
0.0153222
0.0338193
0.0265089
0.0057248
0.410975
0.0395335
0.0419275
0.031018
0.0142036
0.0249792
0.092581
0.0831899
0.0966843
0.0421171
0.0317685
0.0346914
0.0170163
0.0568006
0.0983874
0.0544422
0.0492379
0.422717
0.0194027
0.0130601
0.0101695
0.0166864
0.0283351
0.0248385
0.43406
0.529156
0.0208112
0.0146983
0.0145242
0.0150095
0.0186339
0.0399049
0.449736
0.0519588
0.0229343
0.0227006
0.0311291
0.0324739
0.0347452
0.0573148
0.0742088
0.0472029
0.0353364
0.0290282
0.0492067
0.0346453
0.033383
0.0948595
0.106894
0.494311
0.0203398
0.014568
0.0143634
0.0183413
0.00614838
0.021628
0.348556
0.45469
0.0304806
0.00714849
0.010408
0.0161696
0.00560756
0.0250808
0.466663
0.0405852
0.0539594
0.0297992
0.0355849
0.067532
0.034548
0.0481323
0.0656003
0.136229
0.16297
0.0516564
0.0572822
0.100652
0.0576079
0.0579302
0.0453895
0.00293667
0.0155539
0.0348977
0.171654
0.120376
0.00441057
0.000858645
0.00315386
0
0.000276221
0.0289055
0.370225
0.418992
0.00498078
6.57569e-005
0
0.0213699
0.0575537
0.0599222
0.180744
0.119949
0.000505688
0.000508065
0.038258
0.00667739
0.00509216
0.0239662
0.370916
0.602329
0.0160705
0.000295604
0.0206893
0.00516694
0.013749
0.0411222
0.228356
0.370936
0.00328466
0.0123316
0.0079315
0.0102604
0.0202912
0.0407059
0.146827
0.266258
0.0567774
0.233158
0.0638514
0
0
0.0017557
0.298425
0.529282
0.0165203
0
0
0.0146219
0.00463623
0.0105393
0.25907
0.383134
0.0215993
0.0277506
0.0133517
0.00554675
0.00331371
0.00773606
0.0197914
0.0250584
0.10229
0.397494
0.0896641
0.0139057
0.0028998
0
0
0.00365032
0.179629
0.647187
0.0961789
0.0193665
0.0082741
0.0117112
0.0403113
0.0449308
0.0254248
0.132153
0.033597
0.0315945
0.0217153
0.0118669
0.00862776
0.00200325
0.0692609
0.511364
0.0531291
0.0252404
0.00338443
0
0.000112807
0.011409
0.130377
0.354281
0.101868
0.053436
0.00916378
0.00207089
0.000976379
0.0316667
0.145805
0.21883
0.141455
0.0256648
0.0134276
0.00295491
0.00178023
0.00347566
0.092164
0.50938
0.0650486
0.0290905
0.00187921
0.000296701
0
0.0323616
0.17323
0.60543
0.143121
0.0561179
0.0101259
0.00898201
0.00272046
0.0438565
0.175921
0.152795
0.0981316
0.0348257
0.00532508
0.0170732
0.013411
0.0449272
0.152011
0.126461
0.0582736
0.0313943
0
0
0
0.0525708
0.257011
0.53554
0.120252
0.0239187
7.43703e-005
0.00664771
0.0116075
0.0279717
0.299189
0.57566
0.109152
0.082766
0.0140286
0.0223402
0.0565826
0.0520149
0.0461176
0.0987202
0.0799993
0.0869781
0.045949
0.0623466
0.0800969
0.0963057
0.0420228
0.0985351
0.185753
0.0529207
0.00782115
0.0159709
0.063123
0.0656293
0.179316
0.624877
0.150742
0.146752
0.0501364
0.0802686
0.108508
0.24259
0.0973459
0.352892
0.291874
0.0385428
0.0437383
0.0469559
0.0522294
0.169301
0.0617922
0.0628612
0.193101
0.109963
0.100156
0.0709671
0.0830005
0.216839
0.257839
0.136733
0.060448
0.125605
0.0295965
0.0551282
0.11462
0.298952
0.108903
0.152752
0.344567
0.0417394
0.0143077
0.0440746
0.102678
0.32469
0.415312
0.187558
0.148256
0.0397612
0.0545956
0.055728
0.104395
0.115934
0.0101595
0.0113386
0.0843713
0.018112
0.00918222
0.0267977
0.24152
0.46503
0.0271103
0.00318743
0.0479527
0.0856913
0.0251548
0.034347
0.110088
0.198956
0.0378763
0.0559191
0.106262
0.0430462
0.0079715
0.015355
0.330465
0.639055
0.0329652
0.0132417
0.0569666
0
0
0.00309696
0.273022
0.376652
0.0133831
0
0
0.00954248
0.0057869
0.0139177
0.24801
0.260392
0.0122611
0.00268576
0.0043725
0
0
0.0015319
0.332761
0.502183
0.0075348
0
0
0.00623122
0.00309004
0.0112453
0.291554
0.374483
0.011998
0.00275714
0.00607024
0.0942713
0.0636659
0.0784886
0.254331
0.195896
0.050729
0.0557475
0.0408248
0.2099
0.14018
0.0940066
0.100582
0.0182811
0.0805702
0.43059
0.0819713
0.0921409
0.0430373
0.0872994
0.312976
0.311566
0.078508
0.0351218
0.0489294
0.162705
0.0772306
0.139925
0.128109
0.0250859
0.0895289
0.0981769
0.0864399
0.0479048
0.0254344
0.0126841
0.0062498
0.00570406
0.067145
0.301537
0.0696707
0.0218447
0.00358386
0.00304441
0.000702056
0.0122866
0.188416
0.79598
0.237808
0.0335051
0.0141233
0.0313294
0.0216989
0.0138277
0.0259304
0.0330421
0.0310842
0.048603
0.0172783
0.0132485
0.0155462
0.0267648
0.0533118
0.218608
0.105241
0.00208842
0
0
0.000266732
0.00686861
0.124412
0.422438
0.0929685
0.00117852
0
0
0.00109615
0.00349222
0.215272
0.501267
0.0942858
0.0259161
0.00682967
0.000240704
0.00459248
0.0123259
0.0636366
0.255926
0.0824722
0.0647387
0.0144429
0.00541529
0.00590788
0.0123191
0.183548
0.534114
0.1669
0.00104856
0.000423943
0.00113367
0.00974304
0.0194125
0.172608
0.409118
0.0806414
0.0368186
0.0126327
0.00653442
0.0201082
0.0758991
0.160082
0.326001
0.0812459
0.0431787
0.0198386
0.0190304
0.0178719
0.0612298
0.309248
0.430373
0.116902
0.0294787
0.0194875
0.0159851
0.024245
0.10306
0.357806
0.360021
0.0816382
0.13298
0.0398034
0.00745151
0.0593962
0.112814
0.145048
0.269455
0.139489
0.119823
0.026326
0.00851424
0.0619103
0.129457
0.159605
0.125507
0.212678
0.145053
0.0757566
0.0125076
0.038281
0.101611
0.338447
0.370398
0.0930823
0.223813
0.0555322
0.0243331
0.0535761
0.124217
0.191115
0.180835
0.412363
0.0453404
0.0139083
0.0163222
0.0863101
0.147822
0.0377691
0.0367329
0.043094
0.0123149
0.00118861
0.00344099
0.264594
0.497066
0.0145701
0.00866459
0.0194616
0.031363
0.0761518
0.0837887
0.147293
0.162589
0.0315856
0.0400155
0.0220819
4.33862e-005
0.00518944
0.0167133
0.32617
0.631807
0.0250543
0.0100793
0.00373174
0
0
0
0.267763
0.384552
0.00186043
0
0
0.00654696
0.00196912
0.00459866
0.230247
0.306926
0.00697371
0.00133159
0.003958
0
0
0.000421078
0.327745
0.472301
0.0113811
0
0
0.0213261
0.00827801
0.0128824
0.315922
0.372373
0.00748392
0.00103
0.00927414
0.0407401
0.025324
0.0335285
0.130815
0.170022
0.0331664
0.0148433
0.0206538
0.0508103
0.0453225
0.0650997
0.0401904
0.0100768
0.0404645
0.0440637
0.0272265
0.158327
0.174068
0.0694689
0.191108
0.218115
0.0248279
0.00811545
0.0593495
0.631047
0.428894
0.0831759
0.0261451
0.0113494
0.0304921
0.0121466
0.168471
0.0353897
0.0171608
0.0209813
0.0168206
0.0100564
0.0132276
0.0152005
0.011804
0.1302
0.0591434
0.0107076
0.00928177
0.0160973
0.00568026
0.0207565
0.0401079
0.321321
0.298742
0.0522804
0.00982858
0.00268288
0.00549715
0.00603558
0.0466634
0.638592
0.523471
0.0773984
0.00721699
0.00388283
0.00114306
0.00722391
0.0546443
0.124681
0.126184
0.00587416
0.00312732
0.00643717
0.00711057
0.0381616
0.0362872
0.329941
0.194078
0.0198897
0.0102738
0.0152807
0.0596423
0.151845
0.0707319
0.39783
0.387483
0.0391097
0.0050099
0.00364625
0.000220313
0.00492725
0.0490568
0.432133
0.451169
0.0872762
0.00806235
0.00732252
0.0211128
0.0151491
0.0814599
0.281015
0.15098
0.0730214
0.0432967
0.10539
0.17283
0.15414
0.0528839
0.112206
0.108146
0.127438
0.0749754
0.136575
0.183987
0.131648
0.0568015
0.417302
0.321714
0.169067
0.0405894
0.0331632
0.0286902
0.00994301
0.0515191
0.333907
0.319134
0.25603
0.137694
0.0507476
0.0171632
0.00939259
0.0702443
0.133419
0.147848
0.127823
0.0637792
0.0681936
0.169551
0.162026
0.0577172
0.109936
0.100145
0.158064
0.0811447
0.0996361
0.116272
0.129812
0.208799
0.386276
0.413723
0.243411
0.103956
0.0305297
0.0172987
0.0337842
0.111608
0.222586
0.257696
0.229373
0.0806719
0.0969442
0.0636898
0.0999464
0.132049
0.0181299
0.0619256
0.0676326
0.139489
0.103444
0.00950854
0.0454193
0.0320735
0.000160507
0.0108927
0.0140437
0.334823
0.488236
0.0197443
0.00738964
0.00369672
0.0275263
0.0102398
0.0180511
0.113832
0.152148
0.0815256
0.0858702
0.0891302
0.0117678
0.00676984
0.0262669
0.326095
0.589947
0.105346
0.0290455
0.0106525
0.00289618
0
0.000800695
0.272242
0.463815
0.0300781
0.012284
0.00531148
0.1565
0.0616252
0.0112689
0.207552
0.376871
0.0457483
0.0413653
0.0482838
0.0591266
0.0131567
0.0223723
0.195431
0.388473
0.0853452
0.0465606
0.030987
0.301782
0.189409
0.0885934
0.0785454
0.186518
0.0694741
0.0903502
0.150535
0.229781
0.182002
0.0201056
0.0377089
0.0589127
0.013307
0.0121092
0.0370895
0.375189
0.358307
0.0473047
0.00761978
0.00525837
0.00412135
0.00175709
0.0596465
0.319916
0.306126
0.105252
0.0284464
0.0272522
0.0134315
0.0287767
0.0903867
0.319175
0.464913
0.0951777
0.0673739
0.063274
0.00984224
0.00915884
0.0745013
0.304979
0.337304
0.0473309
0.00614355
0.00482389
0.000539095
0.00697783
0.0435217
0.343467
0.419898
0.0745845
0.0116538
0.00471012
0
0.0175971
0.0367856
0.249916
0.332426
0.045321
0.0552685
0.0460832
0.00360033
0.0214691
0.0714547
0.276336
0.382611
0.0508283
0.0144599
0.00780726
0.00171426
0.0373245
0.0540837
0.399686
0.36108
0.102696
0.0226562
0.0169199
0
0.0139951
0.055601
0.325815
0.378557
0.17339
0.00987222
0.0120748
0.00942429
0.0377414
0.120522
0.302166
0.272034
0.0667475
0.0143187
0.0125455
0.0120528
0.0331138
0.0329108
0.278486
0.191459
0.0925813
0.0144361
0.0177073
0.020559
0.0494813
0.0869221
0.380967
0.356964
0.19175
0.0252415
0.00701436
0.0123916
0.0369406
0.0907254
0.481184
0.333891
0.163054
0.0975198
0.0248804
0.00720452
0.0210883
0.0904669
0.188568
0.166629
0.0821304
0.01646
0.0319175
0.0444536
0.0664954
0.0777528
0.166268
0.0789786
0.072561
0.0299513
0.0728686
0.0561926
0.106811
0.136492
0.478293
0.38366
0.143849
0.0833264
0.0287281
0.00906484
0.02706
0.135851
0.269917
0.213435
0.097749
0.0715301
0.0557437
0.0945146
0.105241
0.135081
0.133529
0.105636
0.0822002
0.0853732
0.104107
0.030893
0.142652
0.163336
0.150076
0.136719
0.115695
0.12572
0.0719023
0.0737066
0.100923
0.117037
0.0728817
0.0418995
0.0279123
0.0911148
0.194094
0.221676
0.13012
0.0747066
0.0394366
0.0155839
0.0427565
0.189423
0.567409
0.283367
0.16841
0.0571072
0.170692
0.202774
0.0750653
0.0451827
0.137531
0.150816
0.0682815
0.0190712
0.113969
0.0726204
0.0566092
0.0466661
0.246759
0.180777
0.189527
0.123328
0.176935
0.0619373
0.061137
0.0807773
0.260131
0.153204
0.12587
0.120894
0.418576
0.263052
0.172571
0.0668957
0.0456783
0.0305393
0.0585838
0.194789
0.216311
0.0855072
0.0475611
0.0112479
0.0849776
0.0894162
0.146261
0.249234
0.389652
0.218168
0.0846114
0.0431545
0.0129595
0.0231788
0.0687097
0.198699
0.358395
0.341343
0.167996
0.0476482
0.00757765
0.00925861
0.0372068
0.155385
0.305718
0.484964
0.109353
0.0862179
0.0798326
0.033817
0.032393
0.0958726
0.275759
0.181983
0.0680446
0.0417614
0.00359084
0.0129422
0.0363235
0.109946
0.160306
0.213538
0.0617706
0.0443589
0.0382627
0.0492497
0.0486965
0.0782581
0.388691
0.427909
0.0471607
0.133367
0.0931885
0.0380233
0.067448
0.11957
0.441105
0.362018
0.0283197
0.0217964
0.0205522
0.0294334
0.0645284
0.0881253
0.102351
0.168132
0.0418368
0.0581692
0.06681
0.0758489
0.0893653
0.0947264
0.0785741
0.0871162
0.0787233
0.0390163
0.0458974
0.060841
0.0674699
0.0716193
0.379982
0.322546
0.0628449
0.00561221
0.0324653
0.103081
0.120711
0.0808771
0.234154
0.154489
0.109329
0.0734464
0.0815173
0.144356
0.196985
0.149833
0.0743829
0.0878065
0.125856
0.0715201
0.100908
0.132629
0.0639552
0.0575238
0.0429478
0.0766706
0.190082
0.149124
0.13743
0.194113
0.140512
0.0697526
0.0718691
0.0713339
0.0727707
0.0779829
0.133657
0.138313
0.166208
0.0749435
0.0877424
0.0534075
0.134799
0.107253
0.290146
0.17372
0.188918
0.229758
0.0731993
0.0769281
0.157142
0.123378
0.113701
0.109948
0.147493
0.0733729
0.227252
0.219757
0.214485
0.100246
0.190819
0.155316
0.167517
0.148901
0.0821207
0.0888545
0.134553
0.0951656
0.215812
0.0500437
0.147374
0.184266
0.120849
0.176601
0.141988
0.118514
0.199071
0.102898
0.192031
0.236898
0.103386
0.188939
0.184961
0.0817473
0.125401
0.0633879
0.103139
0.12062
0.0889735
0.207625
0.118734
0.0935205
0.143787
0.123207
0.213064
0.291365