0.14374
0.153668
0.0922186
0.0247108
0.206465
0.162649
0.125477
0.124193
0.164892
0.247292
0.386079
0.170915
0.128815
0.1072
0.0740916
0.068948
0.106136
0.131166
0.138529
0.0694942
0.0747954
0.0639435
0.0456306
0.0916033
0.0857659
0.248437
0.268548
0.176437
0.15334
0.0588547
0.0213328
0.0396734
0.0563021
0.0791262
0.124983
0.0997373
0.0755058
0.0568508
0.0652435
0.0717667
0.0977069
0.0544496
0.023295
0.0259512
0.0663249
0.0855603
0.153467
0.185444
0.102412
0.210243
0.237109
0.190064
0.16477
0.0243058
0.0390808
0.0730216
0.318928
0.230436
0.263995
0.147306
0.103022
0.0909568
0.346994
0.29257
0.0279115
0.0294459
0.0234526
0.0437209
0.130251
0.136943
0.081054
0.0791612
0.208855
0.13203
0.094982
0.136863
0.247113
0.265551
0.28536
0.268895
0.11798
0.0557812
0.0520175
0.0332989
0.0551591
0.197066
0.314025
0.174738
0.179162
0.0929496
0.117835
0.080921
0.0780188
0.238991
0.249717
0.185527
0.208148
0.140229
0.0845357
0.183863
0.0892005
0.0896323
0.151572
0.177938
0.0657158
0.0874549
0.105741
0.353628
0.439246
0.186912
0.103983
0.0580231
0.108423
0.0899503
0.116805
0.111895
0.0670191
0.0530642
0.0577508
0.05078
0.0216597
0.0453224
0.227428
0.355879
0.228673
0.10045
0.0796209
0.0231871
0.0327939
0.058696
0.0591223
0.113319
0.26091
0.160896
0.0963199
0.0284501
0.0939566
0.120266
0.11198
0.205834
0.56303
0.19557
0.139967
0.046284
0.0901449
0.0681421
0.10101
0.121846
0.110595
0.108825
0.106151
0.0331529
0.16029
0.196512
0.292435
0.208648
0.22669
0.152064
0.0916099
0.0233805
0.12626
0.14758
0.0829521
0.146257
0.236829
0.0789777
0.0839106
0.0279085
0.104341
0.36231
0.335456
0.238101
0.0537756
0.0299112
0.0590356
0.0238871
0.0590253
0.0731333
0.131823
0.203835
0.208328
0.139264
0.0502765
0.00856757
0.0357007
0.11005
0.248795
0.373407
0.217596
0.293229
0.0958571
0.0359185
0.0702427
0.260402
0.24787
0.116199
0.0674469
0.0968066
0.025371
0.0307945
0.0643368
0.0688929
0.038042
0.0826184
0.229928
0.241252
0.0365167
0.0393677
0.0304914
0.0844724
0.177068
0.174593
0.11649
0.3477
0.114512
0.0811803
0.0286904
0.0166788
0.0294865
0.0418596
0.250333
0.582971
0.116268
0.0664172
0.0826773
0.0991533
0.0682832
0.0573142
0.064143
0.0147692
0.0169433
0.0687272
0.0768863
0.141735
0.131744
0.173596
0.178809
0.0226917
0.00793496
0.0481385
0.20668
0.157028
0.0997511
0.127069
0.116072
0.212191
0.29159
0.342767
0.152078
0.26776
0.0953411
0.267189
0.204942
0.178781
0.150565
0.12959
0.0162322
0.038506
0.0790542
0.200548
0.120582
0.00725298
0.00244881
0.00796912
0.0890554
0.0930687
0.124065
0.216817
0.0765914
0.0291129
0.110579
0.072963
0.0142571
0.0373104
0.0497029
0.373739
0.143076
0.010357
0.00267829
0.00625199
0.0643969
0.0941322
0.161132
0.702
0.174035
0.00618904
0.0488122
0.0577923
0.0882808
0.0506764
0.0331566
0.0489785
0.0197292
0.0952159
0.203339
0.0956053
0.0785582
0.0362236
0.0256036
0.0249531
0.032308
0.128513
0.221679
0.0957958
0.0967065
0.0926932
0.112886
0.233342
0.0560292
0.0301339
0.29869
0.160778
0.0484273
0.0367165
0.0177904
0.0196208
0.0359379
0.156381
0.689007
0.197875
0.0485947
0.0357914
0.0880965
0.0588759
0.0604933
0.10412
0.0999223
0.0405882
0.0255027
0.012697
0.234606
0.189797
0.0814364
0.0660718
0.0538121
0.0369413
0.020148
0.0286754
0.0322846
0.0156847
0.0473365
0.242127
0.585366
0.142969
0.0572214
0.0191885
0.119658
0.0404275
0.0534117
0.192707
0.440218
0.208952
0.118541
0.0903724
0.238048
0.160025
0.0921774
0.0881231
0.124746
0.0682818
0.224914
0.331863
0.375145
0.186342
0.232982
0.174765
0.140277
0.0798313
0.0504491
0.0238339
0.119123
0.066795
0.0918148
0.214521
0.237023
0.105333
0.145309
0.115651
0.0583025
0.0848214
0.130647
0.160987
0.122879
0.0884091
0.0264369
0.0794084
0.104117
0.123682
0.208518
0.116988
0.0544137
0.031348
0.0262116
0.0358699
0.078651
0.180971
0.353398
0.530589
0.267152
0.164967
0.0421572
0.038404
0.0193118
0.0271137
0.0581001
0.0641526
0.0570871
0.0379548
0.0810167
0.0217854
0.0125423
0.0404758
0.141346
0.311226
0.328085
0.185309
0.0239062
0.00377661
0.0206905
0.0403959
0.0634467
0.297678
0.273546
0.162336
0.021134
0.00152789
0.00479968
0.0143035
0.0820422
0.456396
0.26992
0.14835
0.0772413
0.00257151
0.00672677
0.0366078
0.0948404
0.215129
0.331004
0.14673
0.0459714
0.0041177
0.0368807
0.199315
0.220664
0.250743
0.275037
0.133221
0.15134
0.103753
0.0885041
0.18989
0.125808
0.276961
0.250294
0.247295
0.14978
0.18078
0.0760825
0.190064
0.134264
0.180928
0.0980879
0.0940033
0.235741
0.129682
0.0498411
0.120746
0.0830288
0.126139
0.191044
0.230424
0.254431
0.139753
0.0742285
0.182726
0.09
0.0693005
0.109477
0.114641
0.0230126
0.0317755
0.0336707
0.200182
0.0731184
0.0107991
0.00441266
0.00496582
0.00814553
0.0196385
0.0555435
0.54567
0.206248
0.00552107
0.00892047
0.010692
0.036221
0.0203578
0.0326188
0.198526
0.0588398
0.0158112
0.010216
0.0102233
0.00107378
0.00888677
0.0161816
0.649919
0.230689
0.0146795
0.00230882
0
0.024557
0.039272
0.0695163
0.334538
0.176459
0.00705562
0.151765
0.0867343
0.0204052
0.023386
0.0197408
0.0178579
0.0315002
0.164161
0.602866
0.134852
0.0120481
0.0165318
0.0096993
0.452434
0.221495
0.00774304
0.0183105
0.00832235
0.0315403
0.0299749
0.0356568
0.0417163
0.0346792
0.0696881
0.177702
0.0482252
0.00285706
0.00781428
0.00401145
0.00080026
0.00540359
0.121361
0.423197
0.0960075
0.0104615
0.00448748
0.00364634
0.00110528
0.0158162
0.152282
0.451449
0.143066
0.0135024
0.0188312
0.0218616
0.00486806
0.00101126
0.0592406
0.257151
0.0841405
0.00545845
0.0101521
0.00727547
0.00545824
0.0138388
0.134411
0.589125
0.148025
0.0201874
0.00320516
0.00869009
0.0271066
0.0343124
0.164946
0.248768
0.107153
0.0518948
0.02956
0.0141714
0.045401
0.0319354
0.068358
0.105875
0.0758089
0.0103805
0.0072656
0.00434417
0.0149639
0.0447958
0.225971
0.592067
0.188049
0.0266597
0.0413096
0.0108168
0.0201282
0.0780329
0.247312
0.449574
0.231231
0.0843449
0.0937259
0.047524
0.0327389
0.0320209
0.046982
0.103546
0.0400461
0.166224
0.0974355
0.0586157
0.048161
0.0856222
0.20486
0.332143
0.131433
0.0480077
0.0904644
0.0408489
0.00527352
0.119622
0.261425
0.474833
0.19932
0.0875674
0.08617
0.111083
0.034271
0.169067
0.28192
0.230235
0.181576
0.136276
0.0137759
0.0148983
0.113164
0.138192
0.11319
0.182273
0.067459
0.0990512
0.0150315
0.0617787
0.395883
0.365128
0.255046
0.195126
0.0615691
0.0505794
0.0144193
0.0269499
0.0876686
0.0905771
0.0610215
0.0495051
0.0552635
0.113833
0.0156363
0.0215937
0.137354
0.189285
0.310614
0.39438
0.240107
0.14342
0.048382
0.0177273
0.010659
0.00871177
0.0320316
0.153372
0.188879
0.100905
0.0598662
0.0915398
0.0742718
0.0166626
0.0911087
0.204849
0.132238
0.233581
0.17933
0.0735685
0.0272185
0.00791341
0.0876298
0.264334
0.366636
0.0415573
0.0804402
0.204149
0.0746377
0.115788
0.230538
0.402396
0.261873
0.0153936
0.0179007
0.0529943
0.154338
0.0321724
0.0287992
0.0169327
0.0139914
0.00305966
0.0084249
0.023094
0.519827
0.162463
0.0149645
0.000725493
0.000540398
0.00236159
0.0197221
0.0643273
0.218605
0.111696
0.0576635
0.0352291
0.0169121
0.00244558
0.00463287
0.0175839
0.681531
0.22574
0.012333
0.00167962
0.00459638
0.0214455
0.0162917
0.0145134
0.555687
0.214571
0.0081539
0.0150857
0.00674041
0.0358974
0.0262147
0.0353157
0.0495925
0.0283176
0.0183927
0.0657047
0.0429733
0.0149515
0.0142659
0.0260798
0.620366
0.255496
0.0113803
0.0176483
0.0363941
0.0204787
0.0289039
0.0504954
0.0626805
0.050713
0.0179538
0.050203
0.0537207
0.0545036
0.0522629
0.0526082
0.0256947
0.00802784
0.0387508
0.149671
0.0992073
0.0228286
0.0401612
0.0491979
0.0358721
0.0336674
0.140681
0.688615
0.178239
0.0622034
0.0421991
0.0382105
0.0435267
0.0381623
0.0484409
0.0747664
0.0726523
0.202038
0.262609
0.0768899
0.0146048
0.0284555
0.0792792
0.144015
0.0885973
0.00623051
0.00558131
0.00496078
0.00304857
0.0162323
0.133699
0.324244
0.0704945
0.0113958
0.0262615
0.0244482
0.000767108
0.0452327
0.188363
0.54452
0.16695
0.163196
0.176703
0.0244939
0.000931178
0.00211139
0.028771
0.0859832
0.0371468
0.30452
0.361705
0.151347
0.00327539
0.013968
0.0304866
0.295578
0.0872447
0.0103082
0.0427192
0.0724223
0.0394829
0.0768152
0.136349
0.422765
0.138895
0.0392196
0.0424576
0.0939581
0.074333
0.0796902
0.131522
0.166862
0.205892
0.14292
0.33183
0.327348
0.0891596
0.0807628
0.0319555
0.260165
0.0625953
0.149651
0.287983
0.245415
0.135878
0.0916814
0.029536
0.109934
0.11854
0.036763
0.015542
0.0579091
0.0577197
0.0595316
0.0795867
0.118253
0.158706
0.192491
0.0376562
0.0511286
0.0479415
0.0704903
0.236177
0.369015
0.344508
0.0809125
0.237982
0.149821
0.0511528
0.0603931
0.100809
0.112996
0.104848
0.221716
0.186247
0.150806
0.167994
0.216837
0.290488
0.201875
0.139955
0.175075
0.15377
0.0793584
0.0815241
0.0270385
0.0982039
0.195853
0.304755
0.0763681
0.0414135
0.075889
0.156357
0.217446
0.163915
0.243576
0.191973
0.129773
0.0300727
0.0393417
0.0704022
0.0329525
0.0408461
0.147587
0.370192
0.0937037
0.0073461
0.011339
0.28118
0.306234
0.0661785
0.122887
0.197154
0.00265609
0.00452712
0.0167743
0.212253
0.155341
0.024682
0.0181394
0.00702918
0.000279889
0.00137349
0.00778697
0.507125
0.186389
0.00448428
0.00372047
0.00305505
0.00478234
0.000251215
0.00601515
0.345575
0.209558
0.0113189
0.0083233
0.00563236
0.0471548
0.0355791
0.0177267
0.565139
0.262642
0.0229534
0.0204637
0.00123153
0.00816275
0.0136129
0.0120594
0.32947
0.106269
0.00993496
0.0203534
0.0230616
0.0403058
0.0937391
0.0217642
0.0305076
0.02571
0.0100642
0.0209448
0.0295769
0.302658
0.167116
0.0326684
0.276749
0.125902
0.0233938
0.0362319
0.0140123
0.504978
0.515269
0.0884852
0.0122654
0.00399821
0.00357635
0.010779
0.0320921
0.0972785
0.118311
0.00913042
0.0101603
0.0105506
0.00796814
0.00842559
0.0180053
0.230426
0.319207
0.0415229
0.000740305
0.00466749
0.0114503
0.014339
0.016691
0.268439
0.444519
0.0976971
0.00376801
0.00173671
6.64158e-005
0.000709636
0.0288994
0.426295
0.496151
0.129513
0.00757464
0.000185076
0.00505535
0.01342
0.022168
0.226451
0.372689
0.0607089
0
0.000493074
0.00502235
0.0109094
0.00863881
0.357489
0.430937
0.116888
0.00978499
0.00170094
0.00157897
0.0188081
0.0168211
0.267475
0.339199
0.113247
0.0105396
0.00444318
0.00785507
0.0271751
0.0174976
0.29838
0.293933
0.0986533
0.0280507
0.0181258
0.00243382
0.0159773
0.0281785
0.269597
0.458413
0.21697
0.0531913
0.0267771
0.00520465
0.0323515
0.0180834
0.244564
0.415322
0.149008
0.0534821
0.0404169
0.0231674
0.0268602
0.0190126
0.233486
0.286615
0.122015
0.0677524
0.0116114
0
0.00635582
0.0202274
0.198478
0.240359
0.0877474
0.0422833
0.00594019
0.0290758
0.0362482
0.0803158
0.10827
0.251549
0.0731633
0.0129186
0.0320706
0.0984544
0.0314699
0.03141
0.169017
0.154442
0.203716
0.098999
0.220654
0.311995
0.128037
0.0773265
0.158325
0.138067
0.0548853
0.0248572
0.0115149
0.0611481
0.0425404
0.0975893
0.22374
0.363844
0.450147
0.172107
0.104451
0.12735
0.0432938
0.0819728
0.0633958
0.0351532
0.0816113
0.0881767
0.038432
0.00419808
0.11307
0.170397
0.0250139
0.0357898
0.0472067
0.414976
0.321687
0.032277
0.118405
0.0934239
0.0410181
0.0358581
0.0729566
0.185637
0.0830848
0.0326873
0.0705862
0.0799507
0.0108371
0.0719039
0.0773418
0.36044
0.36536
0.194024
0.0913804
0.111211
0.00152239
0.00432417
0.00684289
0.36004
0.222064
0.0518986
0.01716
0.0084694
0.157052
0.127138
0.0562981
0.370003
0.268524
0.109507
0.0712298
0.0387881
0.0460075
0.0444987
0.0205036
0.160734
0.230732
0.146469
0.0683202
0.0309574
0.364107
0.339526
0.112157
0.072911
0.145127
0.131842
0.10645
0.0970929
0.297176
0.241107
0.0673749
0.0576465
0.0586412
0.025313
0.0330911
0.0313646
0.422448
0.378313
0.0726345
0.0108782
0
0.000415012
0.00416753
0.0312241
0.295642
0.363918
0.114232
0.0347559
0.0187838
0.0224702
0.0405301
0.0659854
0.260552
0.291195
0.0988989
0.0996012
0.0269849
0.00953768
0.0243532
0.0364215
0.359219
0.447771
0.156315
0.0149346
0
0
0.00744225
0.0692027
0.376191
0.326184
0.172865
0.0257777
0.00125016
0.00891025
0.0179236
0.0649242
0.270342
0.205115
0.10258
0.0858318
0.0251852
0.015575
0.0255514
0.0543443
0.223786
0.0870151
0.0763949
0.0531387
0.0148077
0.0690807
0.0494941
0.0758052
0.360012
0.367982
0.214762
0.0421673
0.0131919
0.0216319
0.0696384
0.063796
0.33904
0.382508
0.186293
0.0690569
0.043513
0.0109013
0.0598678
0.0721257
0.141319
0.118411
0.0845327
0.0571319
0.0408642
0.0865965
0.0894865
0.065991
0.136481
0.145636
0.0898061
0.0545918
0.0618572
0.0577705
0.0904318
0.0630404
0.121903
0.12883
0.0914998
0.061032
0.0245331
0.00225894
0.0192166
0.0274186
0.230725
0.139299
0.109077
0.0798088
0.0321532
0.0120964
0.0417913
0.0933237
0.0695862
0.049121
0.0414078
0.0486907
0.0711978
0.0274219
0.0309195
0.0249168
0.144873
0.166099
0.246474
0.711404
0.211731
0.0336708
0.0383379
0.0231688
0.160413
0.0985149
0.0579318
0.0531436
0.010342
0.00617622
0.025839
0.0746389
0.1349
0.202531
0.222745
0.326906
0.0249569
0.0150623
0.0340247
0.0633976
0.150703
0.190529
0.160501
0.391319
0.0717841
0.0231451
0.0579407
0.106747
0.172231
0.188748
0.25744
0.398985
0.091693
0.108893
0.140784
0.221859
0.0305791
0.0154689
0.0316786
0.161637
0.129057
0.14494
0.0814743
0.0874315
0.0435245
0.0556949
0.0783832
0.318222
0.237973
0.286066
0.153783
0.177953
0.0144289
0.0107117
0.0882573
0.145946
0.128349
0.16866
0.0934791
0.0742229
0.113244
0.0494687
0.103276
0.200263
0.0679856
0.168636
0.189688
0.25845
0.0851978
0.0642983
0.0320411
0.0696151
0.120419
0.130087
0.131577
0.0864304
0.3971
0.338366
0.106405
0.0407633
0.0759706
0.0665111
0.161225
0.156176
0.0809835
0.0296502
0.0196697
0.0714326
0.0434642
0.0562184
0.119207
0.15585
0.227505
0.100477
0.190294
0.353
0.113008
0.0480161
0.232324
0.283029
0.281669
0.272014
0.104493
0.08367
0.0316972
0.0194256
0.0771519
0.133478
0.123812
0.126465
0.125064
0.198289
0.109902
0.0254252
0.0463095
0.0493616
0.207638
0.0731155
0.131103
0.194909
0.108935
0.0822296
0.334421
0.295612
0.102293
0.179621
0.2272
0.0904438
0.195827
0.113016
0.236353
0.171979
0.116068
0.0886197
0.0708279
0.12758
0.0989993
0.0331874
0.0464746
0.0484696
0.1138
0.0409397
0.0275729
0.0489031
0.0223713
0.0697341
0.0912743
0.0955191
0.187921
0.310875
0.283718
0.0481081
0.128218
0.183566
0.135453
0.367411
0.139821
0.0939966
0.0559384
0.0346128
0.120989
0.277657
0.22733
0.319523
0.0478909
0.0163861
0.0306255
0.0365693
0.0312422
0.0391872
0.0433762
0.0411757
0.09684
0.0276363
0.0308491
0.0359784
0.0674011
0.0345325
0.0328531
0.0488542
0.108401
0.104529
0.137103
0.106096
0.0612554
0.0514606
0.0404204
0.0631689
0.556634
0.2868
0.181879
0.106341
0.0443302
0.0129304
0.0503577
0.538347
0.038264
0.0176175
0.0346879
0.0410562
0.0385831
0.0138488
0.00547992
0.0103511
0.0144692
0.0633675
0.331635
0.431016
0.0774597
0.0102935
0.00251112
0.000681011
0.188518
0.0515169
0.0561319
0.106373
0.0494747
0.0349799
0.0517268
0.289172
0.0880934
0.0623945
0.395239
0.421068
0.212447
0.190893
0.0849701
0.112706
0.0222851
0.0814863
0.252923
0.313418
0.0433329
0.0103091
0.0133527
0.0308031
0.0526175
0.134622
0.277075
0.18128
0.0924236
0.0435548
0.035162
0.0842746
0.120545
0.0889231
0.34638
0.258979
0.0645374
0.0768432
0.0454354
0.054762
0.158446
0.218027
0.4071
0.36117
0.0741978
0.00732537
0.0122854
0.0943372