0.119604
0.0649668
0.0900411
0.0258432
0.0347889
0.0949824
0.132897
0.179684
0.119368
0.0623359
0.10761
0.0619812
0.0245192
0.0553028
0.162309
0.0979473
0.0928027
0.0797244
0.107366
0.120015
0.137547
0.383957
0.452917
0.224898
0.142265
0.0833516
0.157215
0.183863
0.165963
0.186701
0.39798
0.158541
0.0993165
0.0499193
0.0448205
0.0442195
0.035773
0.0768382
0.131818
0.162043
0.169065
0.0737209
0.0302782
0.0770498
0.113867
0.118866
0.139822
0.214893
0.104935
0.0564933
0.0343954
0.0407648
0.0300397
0.100681
0.492012
0.248804
0.0687351
0.0677396
0.0159446
0.00749116
0.145041
0.201612
0.508172
0.295605
0.10571
0.052592
0.0635142
0.135288
0.138586
0.113768
0.130309
0.117705
0.149198
0.163613
0.209522
0.215904
0.106841
0.12321
0.0599938
0.17076
0.0319599
0.0463052
0.059791
0.0346138
0.238328
0.277437
0.439154
0.230402
0.081455
0.144611
0.244472
0.110813
0.14645
0.154953
0.195219
0.261756
0.162576
0.2871
0.151938
0.224857
0.0985635
0.12512
0.0905529
0.272923
0.109354
0.246451
0.0569681
0.19556
0.23037
0.162284
0.0977004
0.124903
0.113645
0.201385
0.199461
0.159443
0.152446
0.112182
0.0946196
0.188199
0.138872
0.243734
0.135045
0.208282
0.220595
0.0759896
0.106044
0.118778
0.0525063
0.0541567
0.0428525
0.100858
0.173942
0.180275
0.252656
0.0198405
0.125728
0.187202
0.241829
0.214476
0.120429
0.180597
0.523403
0.284738
0.0697643
0.0785177
0.0657872
0.093339
0.150961
0.0815334
0.126453
0.0572392
0.0954304
0.138531
0.116903
0.0760562
0.0923694
0.0990186
0.273844
0.156735
0.277642
0.383611
0.262578
0.117458
0.0460722
0.0352583
0.173302
0.22902
0.350804
0.447273
0.131834
0.111015
0.0649424
0.0264411
0.0441505
0.10552
0.105809
0.174934
0.115784
0.0695763
0.0425588
0.0183281
0.130557
0.0990805
0.130138
0.164819
0.0652286
0.11399
0.131106
0.0176375
0.0629184
0.0814559
0.179707
0.286636
0.0919587
0.160456
0.127566
0.0641274
0.0420556
0.0957318
0.165977
0.339982
0.0856457
0.131982
0.0890594
0.0411761
0.0849362
0.237397
0.243523
0.18662
0.0441176
0.104368
0.137974
0.0204547
0.0939192
0.176218
0.320447
0.317464
0.069705
0.0562355
0.0574566
0.00241098
0.100256
0.325429
0.00789342
0.0105377
0.0189486
0.237968
0.195516
0.151232
0.16284
0.0368188
0.0326309
0.0143433
0.0522758
0.326872
0.245857
0.084852
0.102977
0.0550687
0.00585279
0.000253381
0.000362951
0.412375
0.328366
0.0253145
0.0223985
0.0115722
0.0139479
0.0111898
0.0268588
0.412375
0.412375
0.00945649
0.00337322
0.0221377
0.0516479
0.0192593
0.045003
0.0948639
0.0553238
0.0342341
0.266875
0.165661
0.0211242
0.0113441
0.00966397
0.00614103
0.0515336
0.104028
0.472089
0.218264
0.0342657
0.0374055
0.0525486
0.407464
0.190076
0.00653591
0.161937
0.140745
0.0139878
0.0211915
0.0130468
0.073072
0.0257946
0.029403
0.472089
0.259958
0.00259542
0.00373488
0.00664033
0.00194224
0.049581
0.138058
0.398808
0.123685
0.0120459
0.0202579
0.050618
0.0109686
0.0183102
0.159338
0.315753
0.111467
0.000487231
0.000372589
0
0.00081359
0.000123165
0.0665076
0.501031
0.176078
0.0199953
0.00211501
0.0034923
0
0.00130121
0.200993
0.501031
0.187607
0.0227619
0.0269352
0.0550516
0.0337162
0.0535189
0.130361
0.223576
0.100888
0.0529609
0.0359677
0.0534131
0.0806531
0.098627
0.066837
0.155863
0.101072
0.0403712
0.0143143
0.0136121
0.00379307
0.0090737
0.210125
0.560807
0.189442
0.0316111
0.0237845
0.0207374
0.0150851
0.0193587
0.187757
0.560807
0.21931
0.0595323
0.0419458
0.0577243
0.10109
0.151696
0.0797874
0.173453
0.0645429
0.0511537
0.0816884
0.0479266
0.095048
0.201877
0.0758335
0.157914
0.0976593
0.0248159
0.0315624
0.0501387
0.116605
0.0577718
0.22217
0.596081
0.207083
0.0050718
0.0288543
0.105374
0.301569
0.209707
0.181098
0.28534
0.129981
0.157936
0.326112
0.0638179
0.103838
0.170257
0.0338303
0.109635
0.148436
0.208588
0.315671
0.0423171
0.123545
0.113251
0.0518838
0.117295
0.225681
0.0366727
0.13166
0.151062
0.265108
0.207238
0.141872
0.205745
0.155744
0.0599403
0.242778
0.0925518
0.0777059
0.0806542
0.181026
0.170888
0.201798
0.195474
0.105359
0.0410783
0.0833301
0.0816967
0.0352066
0.161056
0.278977
0.21734
0.13542
0.169585
0.17117
0.151524
0.0287903
0.136549
0.216758
0.125542
0.119309
0.0705598
0.0882419
0.192316
0.0963272
0.140434
0.235429
0.182755
0.0812427
0.134136
0.300536
0.355873
0.139558
0.119456
0.157174
0.00175043
0
0
0.342607
0.224493
0.0980022
0.0336647
0.00912376
0.000659197
0.00202498
0.00288368
0.366931
0.316061
0
0.000378976
0.00208011
0
0.00336702
0.0273955
0.366931
0.225981
0.310453
0.113508
0.0107128
0
0.00224468
0.0190475
0.366931
0.345229
0.00443829
0.0207521
0.00236519
0.00456944
0.012102
0.00893936
0.48172
0.308915
0.00299652
0.0435705
0.032552
0.00650995
0.00961139
0.0048884
0.101702
0.0678005
0.0108196
0.357408
0.123111
0.000401192
0.000763559
0.00119763
0.48172
0.453643
0.00604513
0.00105056
0.000269025
0.0132729
0.00721376
0.00715449
0.110933
0.111744
0.0101369
0.0151137
0.0175594
0.00462657
0.00223173
0.00240977
0.00437062
0.00110085
0.0289279
0.555412
0.14606
0.0104132
0.00135637
0.000543463
0.00154373
0.000164722
0.0917799
0.555412
0.251417
0.0122344
0.0109578
0.0123347
0.0114238
0.00487505
0.00946379
0.0938881
0.0474715
0.0119849
0.0152029
0.0131234
0.00820721
0.00378492
0.0334743
0.443765
0.154547
0.00859979
0.00150459
0.000911705
0.000277848
0
0.0555511
0.461507
0.139044
0.00276151
0.00259151
0.00181637
0
0
0.0892377
0.461507
0.160209
0.00680358
0.00384785
0.00342787
0.00282464
0.00141056
0.0250791
0.431674
0.143513
0.00233661
0.000235726
0.0015403
0.00187595
4.00335e-006
0.041939
0.461507
0.223276
0.000464932
0.0038613
0.00803104
0.0217984
0.00376802
0.126262
0.386526
0.120723
9.06745e-005
0.00241106
0.0216384
0.0580983
0.0206219
0.190511
0.299377
0.105765
0.00128381
0
0.000293741
0.000457495
0
0.0885564
0.485194
0.202965
0.00524933
0
0
0
0
0.245254
0.485194
0.223959
0.00630561
0.00391297
0.020111
0.0288331
0.0125996
0.14355
0.224095
0.0950954
0.0239294
0.0276802
0.0191795
0.00650471
0.0220018
0.0724106
0.0915651
0.0871868
0.0185041
0
0
0
5.03402e-005
0.355997
0.525364
0.168631
0.0466212
0.00163333
0.00477181
0.0088464
0.0376125
0.32151
0.525364
0.169668
0.080465
0.0703131
0.0569882
0.0269453
0.0781692
0.0618035
0.0360002
0.12494
0.139862
0.0699857
0.0690053
0.118097
0.0988075
0.0680878
0.0352103
0.0726011
0.0443164
0.0168918
0.0316017
0.0320413
0.0954731
0.338214
0.61271
0.254622
0.247973
0.107877
0.0788909
0.0972352
0.0577148
0.140923
0.284645
0.212632
0
0.0156042
0.090179
0.272493
0.199273
0.260468
0.140967
0.00397754
0
0.0104028
0.0617002
0.405189
0.311186
0.0260646
0.0337965
0.000994384
0.0380665
0.0937429
0.0894528
0.222219
0.241529
0.143532
0.039022
0.000941963
0.00951663
0.0279972
0.0422973
0.405189
0.405189
0.062184
0.0101198
0.000235491
0.000368031
0.00195291
0.00144771
0.490953
0.406294
0.00979099
0.000549036
0
0.0149203
0.0130946
0.00564316
0.101121
0.0946627
0.0130386
0.00285908
0.00319349
0.000795083
0.00307487
0.00487657
0.530845
0.463881
0.0068765
0.000931243
0.000665247
0.0121019
0.0179601
0.00966192
0.120514
0.0965371
0.00769479
0.00716202
0.00514559
0.154506
0.188985
0.120104
0.0646336
0.0401067
0.061999
0.0690973
0.0638116
0.132633
0.161204
0.178652
0.0739427
0.0652188
0.143291
0.382568
0.270729
0.125299
0.184829
0.117131
0.0389893
0.0339358
0.0502054
0.133838
0.091093
0.123675
0.0898984
0.194425
0.124818
0.0344354
0.137418
0.172215
0.155476
0.0164547
0.00933846
0.0189175
0.0171817
0.0115622
0.0234938
0.215612
0.109459
0.0154724
0.00874274
0.0117078
0.0169525
0.0110748
0.0334243
0.837108
0.289401
0.0271541
0.018901
0.0249346
0.0328377
0.0129173
0.016848
0.00955702
0.0159979
0.16433
0.178355
0.0203684
0.0351562
0.0249875
0.00247256
0.0457942
0.0678616
0.00573843
0.00169592
0.0009028
0.0018386
0.00216721
0.0296569
0.465224
0.137076
0.0174213
0.00771581
0.00654486
0.0057315
0.000540661
0.110978
0.465224
0.217186
0.115
0.175463
0.0065316
0.00552107
0.00498808
0.00392507
0.0857635
0.0551522
0.206861
0.465224
0.0436494
0.022926
0.00216264
0.0448125
0.333456
0.110132
0.0162094
0.00995543
0.0124322
0.0309176
0.00980325
0.15991
0.435702
0.14201
0.0122363
0.00697326
0.00691677
0.0370225
0.0257563
0.227162
0.435702
0.123422
0.129258
0.397089
0.0691136
0.10965
0.0251923
0.0782836
0.242375
0.0794699
0.117811
0.313926
0.0861614
0.120509
0.0400272
0.0851129
0.215736
0.0896434
0.00422529
0.00217622
0.0092285
0.0225175
0.0244731
0.212618
0.471031
0.0959676
0.102209
0.0256139
0.0269552
0.024575
0.0196774
0.141799
0.291086
0.144704
0.0659315
0.328951
0.215491
0.0756006
0.0224301
0.106173
0.310053
0.0621047
0.147417
0.184487
0.294109
0.0818865
0.019496
0.109994
0.249794
0.188705
0.0697545
0.0849462
0.127869
0.220409
0.208832
0.0344569
0.000423592
0.00245268
0.0174386
0.0181368
0.00576517
0.340407
0.328538
0.0246857
0.000843015
0.000613169
0.0439639
0.0820177
0.27851
0.369907
0.345737
0.00170511
0.000257402
0.00253433
0.0102049
0.0058468
0.00255486
0.369907
0.369907
0.00567989
0.00145989
0.00116073
0.00107295
0.00133143
0.0052975
0.51232
0.371838
0.00535309
0.00187234
0.00045855
0.00400086
0.00811522
0.00845917
0.0905424
0.0730369
0.00513208
0.0122983
0.00681945
0.0105851
0.00483198
0.0061415
0.537012
0.450561
0.00705395
0.00718554
0.00364964
0.08858
0.125413
0.00598868
0.0996772
0.0789678
0.0136674
0.0217622
0.0139369
0.00936048
0.0103312
0.00813273
0.00279072
0.0030303
0.00502767
0.015736
0.0122854
0.0755441
0.0546199
0.0138468
0.00746548
0.00166681
0.0068203
0.0137815
0.0214018
0.228137
0.368759
0.00346025
0.00119496
0.00447715
0.00888305
0.0152615
0.0135028
0.558953
0.651271
0.0106203
0.00139575
0.000450623
0.00171262
0.00531487
0.0176305
0.0775014
0.123539
0.00773809
0.00561902
0.00172212
0.00208362
0.00251962
0.00800366
0.190562
0.403892
0.0138468
0.00604984
0.00318026
0.000269994
0.000306427
0.0106324
0.324468
0.483653
0.0093815
0.00087509
0.000209401
0.000990852
0.00517533
0.00658772
0.392269
0.483653
0.0463816
0.000240667
0.000129428
0.00190077
0.0342775
0.0224057
0.179781
0.397006
0.0141295
0.00207366
0.00112399
0
0.00057214
0.00969465
0.238548
0.443942
0.0655102
0.00570051
0.000537737
0.00248987
0.01364
0.015267
0.203075
0.443942
0.0827137
0.000382631
0.00164306
0.00465442
0.0216327
0.0159528
0.206974
0.443942
0.145256
0.00153052
0.00829586
0.00704575
0.00540294
0.00622822
0.174443
0.443335
0.0932502
0.0301635
0.00643868
0.00803875
0.0160109
0.00996451
0.175151
0.443335
0.100298
0.0328949
0.00979899
0.00527432
0.0121224
0.0158964
0.191832
0.443335
0.107969
0.000522527
0.0035534
0.00259386
0.000681206
0.00443926
0.187235
0.443335
0.0573126
0.00159544
0.0081843
0.0109095
0.00221605
0.0100987
0.174231
0.617191
0.227473
0.0325241
0.0118148
0.00608537
0.0369
0.0168037
0.173188
0.378943
0.27451
0.047951
0.0207619
0.0140203
0.0420994
0.0965583
0.144487
0.391977
0.0336587
0.00315725
0.0310466
0.0296308
0.018735
0.0202571
0.072249
0.134223
0.0314893
0.0246011
0.0532599
0.0335521
0.0480087
0.0314913
0.00764973
0.0333451
0.0961873
0.350749
0.280827
0.000788335
0.000153061
0.00258278
0.00744577
0.00412304
0.00161543
0.353459
0.353459
0.0135376
0.00372054
0.00754796
0.00473109
0.003429
0.00388879
0.353459
0.353459
0.00473019
3.55334e-005
0.00234257
0.0649592
0.0473559
0.000170522
0.344353
0.353459
0.0244299
0.0166977
0.0407291
0.0614007
0.0744461
0.0035488
0.221939
0.220302
0.0239904
0.01127
0.0158912
0.181861
0.364262
0.00274343
0.029995
0.0295763
0.00938073
0.00980505
0.0096903
0.25923
0.339674
0.000782039
0.0855366
0.162877
0.0345349
0.0267532
0.0751929
0.475618
0.475618
0.000856243
0.00584402
0.0126322
0.00843062
0.0067425
0.0197618
0.152187
0.320389
0.000602551
1.14838e-005
0.000593212
0.00125066
0.00156781
0.00192701
0.308499
0.398574
0.00216482
0.000266944
0
6.42544e-005
0.000464564
0.0112749
0.321456
0.398574
0.000343709
0
0
0
6.08516e-005
0.00184349
0.398574
0.398574
0.000419608
6.6736e-005
0
0
0.00150752
0.0251792
0.332993
0.365257
0.00414299
0.000473001
0
0.00104747
0.0219687
0.0672412
0.264934
0.312074
0.0253308
0.00011825
0
0.0380016
0.146171
0.159354
0.350746
0.303135
0.000784436
0.00011825
0
0.00069831
0.0292868
0.164979
0.238044
0.0813407
0.00391002
0.00371986
0.00623206
0.0933634
0.222699
0.365257
0.0870472
0.2297
0.0610613
0.0011467
0.00492407
0.0807191
0.173539
0.107804
0.0668963
0.302067
0.0605244
0.00492465
0.0373742
0.0667288
0.128063
0.0642809
0.0850366
0.0290673
0.008988
0.011446
0.0806615
0.198971
0.351566
0.354106
0.0492152
0.0224004
0.00739201
0.0100187
0.237712
0.283765
0.37499
0.37499
0.11784
0.291718
0.0374035
0.00575403
0.0358671
0.0335681
0.053169
0.0351419
0.0847282
0.10563
0.0200937
0.0142299
0.0219626
0.0325342
0.0104974
0.0203556
0.120914
0.0176111
0.00977862
0.00662432
0.150345
0.231226
0.323005
0.527419
0.185698
0.0124442
0.0180676
0.0229085
0.0539599
0.0727039
0.156692
0.527419
0.0894033
0.0814148
0.0351326
0.047609
0.0885606
0.113662
0.0688917
0.0724733
0.0266533
0.0189122
0.0442931
0.118029
0.165791
0.118092
0.135584
0.0899211
0.341724
0.0247828
0.045613
0.109881
0.238366
0.187713
0.144871
0.586567
0.0696375
0.0324321
0.0757681
0.180702
0.193262
0.140658
0.0952332
0.17662
0.0260166
0.0127921
0
0.295521
0.382702
0.0852915
0.0313589
0.054301
0.257557
0.309999
0
0.18402
0.275406
0.0741736
0.0508155
0.106832
0.0689409
0.0191882
0
0.0574297
0.159722
0.114947
0.0550413
0.162506
0.387801
0.345435
0
0.0260817
0.086757
0.0851022
0.0642534
0.241324
0.303905
0.434174
0
0.011487
0.0314897
0.00741251
0.0136071
0.0496659
0.37298
0.434174
0
0
0.0007366
0.000963246
0.000982931
0.021101
0.2748
0.414416
0
0.000909854
0.00336119
0.00222677
0.00708655
0.0545158
0.137651
0.273101
0
0
0
0
0
0.0215249
0.477962
0.574437
0
0
0
0
0
0.0126198
0.362759
0.482325
0
0
0
0
0.0014278
0.0209782
0.0961343
0.101761
0
0
0
0
0
0.0101891
0.019792
0.00489328
0
0
0
0
0
0.00246559
0.395081
0.288808
0
0
0
0
0.0257637
0.240388
0.268176
0.0203622
0
0.0310091
0.0521848
0.127512
0.233913
0.669168
0.00317969
0.000337419
0
0
0
0
0
0.00154056
0.00579422
0
0
0.00795269
0.0132466
0
0
0.00579422
0.057937
0.000957687
0
0.0282456
0.155244
0.1038
0.172934
0.304814
0.0978448
0.00550671
0.0134558
0.0376531
0.312681
0.248717
0.418868
0.515092
0.00693877
0
0
0.0146413
0.0389994
0
0.0172684
0.0490476
0.0523669
0.00923172
0.0515098
0.104857
0.129267
0.157428
0.162071
0.294924
0.110486
0.03625
0.0183849
0.00895368
0.0466228
0.0682821
0.159237
0.386372
0.164092
0.0933718
0.0875473
0.0569065
0.0725523
0.0689166
0.111458
0.386372
0.120883
0.101089
0.0624828
0.0368907
0.0629988
0.129855
0.13047
0.301123
0.278667
0.236432
0.185247
0.0883508
0.0721014
0.112718
0.215788
0.386372
0.124706
0.0512014
0.0877537
0.11358
0.150613
0.0945161
0.0751917
0.227143
0.0665838
0.0101945
0.00774132
0.0418938
0.0500885
0.0446142
0.0545258
0.108082
0.311731
0.126956
0.171621
0.155759
0.11408
0.145331
0.339277
0.480871
0.186844
0.0252666
0.00105536
0.102561
0.100378
0.199854
0.3314
0.212616