0.00445762
0.0367535
0.142366
0.0459112
0.0264863
0.006338
0.0017728
0.00548496
0.0877909
0.201276
0.299192
0.0998104
0.030365
0.0089449
0.0176268
0.0975906
0.0785666
0.423156
0.280569
0.0746414
0.0409217
0.00176373
0.0112793
0.022877
0.0687069
0.412768
0.46172
0.281511
0.123385
0.0194579
0.0313638
0.123835
0.216473
0.183258
0.123983
0.0500846
0.0203116
0.0335803
0.0742203
0.209341
0.257141
0.404426
0.0762732
0.0638364
0.0443501
0.0266493
0.0539738
0.0896277
0.187797
0.158925
0.192339
0.134166
0.0752211
0.0784082
0.0995996
0.255185
0.266139
0.255102
0.0793473
0.0677258
0.121847
0.0712549
0.335426
0.254458
0.143044
0.459094
0.0765075
0.0273737
0.0193796
0.00603367
0.0058663
0.00985219
0.166006
0.440875
0.117117
0.0586559
0.0805116
0.0391888
0.025292
0.082649
0.124891
0.296613
0.0629679
0.0382376
0.0523477
0.00593645
0.317612
0.148105
0.14092
0.190669
0.0404823
0.293984
0.140747
0.0357571
0.187224
0.160696
0.0788341
0.210833
0.112895
0.209647
0.22549
0.0656752
0.0493273
0.10261
0.0239815
0.0142704
0.0314289
0.232953
0.193597
0.0471818
0.0228814
0.0280699
0.0620368
0.0459885
0.0305168
0.627717
0.324705
0.0621045
0.0443891
0.097785
0.0420233
0.016075
0.0166282
0.297103
0.220596
0.0360065
0.0266338
0.0447551
0.0179525
0.0133252
0.00768635
0.373215
0.236147
0.0184438
0.0114631
0.0111489
0.106914
0.236238
0.0358708
0.435022
0.268728
0.00697599
0.0108163
0.0211847
0.0400594
0.0371729
0.0101124
0.239964
0.25278
0.021722
0.0594498
0.0577515
0.196886
0.362126
0.0456812
0.215086
0.240819
0.0131065
0.0807437
0.106742
0.140515
0.536283
0.0822891
0.0731528
0.0558908
0.00522292
0.00363799
0.0207738
0.183219
0.55309
0.0937698
3.69955e-005
0.0050142
0.00906062
0.015931
0.0305758
0.172315
0.429342
0.0620304
0.029414
0.0321468
0.0025879
0.0210743
0.0648063
0.0857326
0.173611
0.0224623
0.00988472
0.0143933
0.0118136
0.0298737
0.0952401
0.294303
0.683693
0.104268
0.00923147
0.00824124
0.0278979
0.0583091
0.0746274
0.110282
0.138352
0.0315428
0.0188435
0.00351276
0.0169524
0.0866147
0.139308
0.142836
0.0450051
0.00420241
0.00596343
0.0233128
0.0313345
0.0748856
0.251361
0.131605
0.0454257
0.00529646
0
0.00240747
0.00986675
0.0973443
0.373163
0.086483
0.422459
0.173792
0.0725041
0.0483901
0.000820082
0.028156
0.0410779
0.0383858
0.201125
0.116137
0.294274
0.174434
0.00808319
0.0433233
0.0622556
0.0934887
0.364079
0.0958866
0.237735
0.129797
0.000168594
0.0220472
0.0387425
0.0226359
0.0721645
0.0118125
0.422459
0.376773
0.00133951
0.0281951
0.0280208
0.0606889
0.0370341
0.0495394
0.225998
0.110115
0.029636
0.0506258
0.0812506
0.0851655
0.0369416
0.0213771
0.0652192
0.0382436
0.0449209
0.402573
0.183721
0.0407476
0.0199522
0.0188966
0.508411
0.26617
0.0063783
0.0416791
0.0219977
0.0650553
0.0303691
0.0261663
0.24808
0.101614
0.0707031
0.476159
0.113958
0.0273813
0.026745
0.0121256
0.0140827
0.0157432
0.0174256
0.447496
0.164877
0.0693336
0.0370235
0.0334915
0.215089
0.0499828
0.0257422
0.317612
0.164328
0.0116866
0.00648289
0.00421219
0.0120259
0.012403
0.0906151
0.47457
0.132221
0.049432
0.0248095
0.0149496
0.0402011
0.014288
0.120686
0.47457
0.205945
0.0818578
0.0388969
0.0543473
0.536938
0.149147
0.0392194
0.136705
0.0905158
0.0322416
0.0208553
0.034237
0.222805
0.122075
0.0276561
0.0609459
0.0389635
0.0835287
0.0347662
0.0280747
0.11483
0.0492303
0.204871
0.438919
0.201155
0.0411423
0.0370408
0.0348952
0.136825
0.0427403
0.191089
0.366946
0.0985381
0.0234557
0.0237031
0.0291598
0.307817
0.221538
0.0264509
0.0628582
0.0533259
0.108377
0.139929
0.0608083
0.311495
0.231384
0.0169329
0.071001
0.0941956
0.00884777
0.0322704
0.0458795
0.465666
0.138073
0.0872052
0.136489
0.0345525
0.00786342
0.0295686
0.0835367
0.509424
0.1959
0.0599069
0.0396093
0.0141049
0.285889
0.327339
0.16134
0.177799
0.162239
0.0220014
0.0843908
0.164106
0.150521
0.0465501
0.0528865
0.0880032
0.1025
0.0511404
0.165451
0.407666
0.0665724
0.100016
0.214298
0.268123
0.171405
0.0811688
0.0743574
0.0233652
0.11286
0.0519319
0.116815
0.0501088
0.065768
0.0723231
0.120641
0.167462
0.176526
0.0120168
0.0159031
0.0189593
0.0371455
0.0297923
0.116919
0.446269
0.263586
0.0525781
0.0498629
0.0118623
0.0104968
0.00857037
0.136321
0.56445
0.0997355
0.0170578
0.0657854
0.0295871
0.0247346
0.0526186
0.0854144
0.199802
0.118614
0.0369943
0.113305
0.0618879
0.0641088
0.104812
0.0811135
0.203016
0.0445217
0.0650391
0.0364025
0.269334
0.121899
0
0.0097316
0.0194761
0.0047795
0.00701957
0.00779208
0.455966
0.352153
0
0
0.00118473
0.284778
0.0628803
0.0895734
0.231389
0.0720571
0.0302108
0.0938237
0.222028
0.135348
0.0508371
0.0958317
0.455966
0.276237
0
0.00490652
0.0481294
0.00377169
0.00240017
0.00508023
0.506303
0.289875
0.000904704
0.00895055
0.000957846
0.0125933
0.00515586
0.0078723
0.23336
0.158596
0.0315862
0.144421
0.0513885
0.0062328
0.00765392
0.0158906
0.512315
0.372595
0.00167061
0.00422491
0.00148045
0.00810062
0.00131785
0.00213884
0.204318
0.245191
0.0126144
0.024008
0.015369
0.0177837
0.0100066
0.00764596
0.0207725
0.036551
0.10712
0.404614
0.139996
0.0215109
0.0167111
0.0208139
0.00272935
0.0062024
0.146086
0.682957
0.321164
0.0164135
0.00937867
0.0172802
0.0282764
0.0733111
0.0306523
0.0535542
0.0412817
0.0340614
0.0293388
0.0468256
0.0342503
0.0345076
0.0356414
0.314463
0.156928
0.012858
0.00497365
0.0058034
0.000438048
0.00326086
0.0910836
0.418313
0.170833
0.010629
0.0117864
0.00766155
0.0255982
0.0167038
0.166915
0.345379
0.11505
0.0200945
0.00961112
0.00970472
0.0085527
0.00581638
0.0300224
0.420247
0.136662
0.02659
0.00414041
0.00100957
0.00291981
0.0129025
0.123307
0.564071
0.19722
0.00826745
0.0164315
0.0227198
0.140635
0.0809763
0.175955
0.185183
0.0773716
0.00454464
0.00750243
0.0331339
0.148043
0.104098
0.174707
0.221929
0.0547313
0.0401071
0.00465528
0.00404799
0.00636113
0.0410835
0.187392
0.498123
0.199501
0.0240733
0.00231856
0.0045548
0.00535413
0.0460187
0.26778
0.520588
0.226766
0.00738517
0.0118199
0.028949
0.0307722
0.0302305
0.0917774
0.203879
0.0437825
0.0193055
0.0121648
0.0235202
0.0112756
0.00771713
0.0281237
0.0789775
0.0460874
0.0103195
0.00445898
0.00338087
0.00189357
0.019298
0.263051
0.594956
0.259426
0.0275271
0.0046016
0.00708182
0.0074359
0.0135696
0.205715
0.495069
0.276018
0.0506759
0.00747462
0.0543689
0.0407841
0.030391
0.0541331
0.0491883
0.0857888
0.0412068
0.0135626
0.0585806
0.0391275
0.0675999
0.110578
0.0449983
0.086012
0.135074
0.00191393
0.0342866
0.0397848
0.0419404
0.180129
0.453358
0.497749
0.277016
0.0210234
0.038626
0.0444338
0.0653927
0.0953214
0.15241
0.385484
0.281379
0.116076
0.0558312
0.0951565
0.0991469
0.0948388
0.0741257
0.209579
0.142282
0.0703705
0.0625833
0.287088
0.154158
0.0492454
0.0149289
0.0794119
0.0681843
0.111637
0.044363
0.246756
0.407705
0.204822
0.0721873
0.0577432
0.0360886
0.0592766
0.0279329
0.407705
0.407705
0.0790389
0.00995259
0.0353706
0.0109472
0.00810985
0.0138341
0.419877
0.295436
0.0145602
0.00455231
0.00578694
0.00274799
0.000916224
0.00904089
0.215474
0.1932
0.01454
0.00821056
0.00430788
0.0027368
0.000939498
0.00361974
0.569627
0.35587
0.0191831
0.00245506
0.00385796
0.00582453
0.00216045
0.0245102
0.350382
0.143069
0.00760568
0.00424161
0.00178565
0.0109399
0.0089142
0.12538
0.192436
0.165527
0.0552251
0.0309229
0.0133961
0.0570005
0.0496575
0.210973
0.242131
0.125954
0.0327262
0.0679073
0.0479513
0.018726
0.0145073
0.234193
0.470972
0.0930244
0.022298
0.0143751
0.00712797
0.0166564
0.0137771
0.266823
0.483746
0.139077
0.0233019
0.0199411
0.00991213
0.036953
0.0180673
0.0309697
0.0557654
0.0378061
0.0352032
0.219246
0.075913
0.0718744
0.0061836
0.00367148
0.0146638
0.0239617
0.116503
0.823355
0.258831
0.0198704
0.00593222
0.0386389
0.0979773
0.0570022
0.0411653
0.0461937
0.0136869
0.126623
0.0534799
0.0100034
0.0264418
0.0406975
0.0520074
0.106093
0.0726046
0.0350582
0.00499301
0.00168925
0.0020543
0.00717406
0.091414
0.418001
0.168895
0.0212772
0.00541008
0.000756834
0.000197631
0.0132932
0.214227
0.508872
0.267603
0.126963
0.0801372
0.00444796
0.00512821
0.0100959
0.0336478
0.106525
0.0712794
0.247857
0.284844
0.0248234
0.000790525
0.0223024
0.140748
0.344917
0.148907
0.0113178
0.00673887
0.00146697
0.00495391
0.0360979
0.19911
0.388622
0.221024
0.0320409
0.00783566
0.00229892
0.00811829
0.0335789
0.215124
0.36299
0.316265
0.145104
0.276451
0.0639382
0.0383515
0.112688
0.126989
0.289351
0.123254
0.163046
0.236547
0.0539266
0.0575273
0.105838
0.105621
0.159911
0.204324
0.0965163
0.00759387
0.00762955
0.00361225
0.00645797
0.126008
0.222455
0.364211
0.224295
0.0252356
0.0107578
0.00694726
0.00624969
0.0366156
0.0941074
0.343797
0.187652
0.293739
0.162115
0.0186921
0.00973503
0.111074
0.131587
0.231493
0.307691
0.261847
0.198604
0.0312158
0.000676146
0.0531728
0.0944613
0.291023
0.00138968
0.0141922
0.101926
0.289946
0.269166
0.0753018
0.0462395
0.0233325
0.000926454
0.00834797
0.0342347
0.40206
0.311636
0.0133838
0
0
0.00927439
0.134268
0.308682
0.361025
0.148344
0.0139065
0.0173062
0.0339532
0.00111414
0.00029815
0.0688025
0.40206
0.301193
0.00686463
0.000756309
0.00143943
0
0
0.00552232
0.477905
0.309932
0.00545611
0.000398477
0.00107146
0.00899251
0.00160131
0.0230338
0.239798
0.136442
0.00886879
0.00380077
0.012236
0.00301666
0.00260889
0.0108971
0.560691
0.371732
0.0134255
0.0131607
0.00647983
0.0434491
0.0398757
0.0445494
0.235405
0.161366
0.0230019
0.035854
0.032007
0.013396
0.00564998
0.0694565
0.156768
0.0624743
0.0148328
0.00402129
0.0145388
0.0165982
0.0559253
0.0629385
0.158617
0.0588824
0.0137377
0.00658014
0.00843366
0.209286
0.178488
0.0615467
0.105706
0.0834754
0.0549912
0.0363984
0.0762043
0.434101
0.726806
0.0384747
0.0725411
0.0551421
0.0423524
0.00993314
0.0716237
0.0571512
0.0781685
0.0161207
0.0285052
0.0121004
0.00991053
0.0128463
0.0110058
0.210102
0.233874
0.00441953
0.00508909
0.00754481
0.00852652
0.0160303
0.022058
0.234217
0.505702
0.0285376
0.0129856
0.00518224
0.00530415
0.00161473
0.0224789
0.392618
0.596651
0.0594069
0.013094
0.00265654
0.00223628
0.00172287
0.0420183
0.20935
0.23944
0.00165929
0.00204356
0.00383567
0.00167521
0.00650278
0.0183864
0.316101
0.392379
0.0199995
0.0001828
0.00492834
0.0105348
0.0296759
0.023583
0.231465
0.439011
0.0636568
0.0147662
0.00569389
3.0824e-005
0.00020605
0.029017
0.282456
0.497454
0.0906289
0.0169242
0.0036928
0
0
0.0271856
0.252154
0.412457
0.073734
0.0178544
0.0328054
0.0151503
0.0401576
0.0271746
0.276926
0.433513
0.0863791
0.0286401
0.0314296
0.0091215
0.017712
0.0409334
0.292759
0.382016
0.10202
0.0101212
0.00154533
0
0.00103586
0.0339348
0.245843
0.314725
0.101184
0.0127696
0.0075756
0.00192521
0.0025229
0.0408303
0.316763
0.609482
0.178821
0.0239825
0.00564
0.0241739
0.0317454
0.0469575
0.190224
0.352947
0.210014
0.0672223
0.00989103
0.0196904
0.0534359
0.10259
0.219334
0.272711
0.0427971
0.015802
0.0178102
0.0182794
0.020803
0.0586315
0.0478964
0.121743
0.0630694
0.0590646
0.0504004
0.0541484
0.0570436
0.0356371
0.0265984
0.153002
0.142792
0.307311
0.159801
0.00177509
0.00146791
0.0164773
0.00251946
0.000520102
0.0243556
0.426447
0.301477
0.011157
0.00454073
0.00498405
0.0145931
0.0222806
0.00964543
0.356307
0.273489
0.00883353
0.00212476
0.00847572
0.0236292
0.010041
0.00106513
0.426447
0.365049
0.0229829
0.0142038
0.0178713
0.0333856
0.0426309
0.0034364
0.334584
0.281579
0.0344709
0.0273279
0.027035
0.189567
0.206548
0.017
0.117632
0.0965685
0.02549
0.0466767
0.0586549
0.164741
0.149504
0.00484651
0.187488
0.187896
0.0514352
0.0342346
0.0885408
0.433369
0.553325
0.00726976
0.0367963
0.0452196
0.0272488
0.0244039
0.0993848
0.213727
0.232832
0.0127636
0.013156
0.0114417
0.0110913
0.0217007
0.0666804
0.257976
0.392968
0.0451706
0.00836486
0.00518442
0.00757817
0.00502763
0.0544373
0.32272
0.507896
0.0258568
0.0276968
0.0111172
0.000178259
0.00832944
0.0529471
0.230243
0.373458
0.1977
0.122522
0.0248312
0
0.00333205
0.0320618
0.235496
0.4747
0.0871081
0.0109276
0.000658381
0.000767759
4.34056e-005
0.0275465
0.236159
0.490028
0.124496
0.0641102
0.0194373
0
0
0.032799
0.157099
0.306763
0.203959
0.0871103
0.0121994
0.00188659
0.0120445
0.0270605
0.109462
0.316175
0.0863995
0.16791
0.061081
0.0171255
0.0310314
0.0365116
0.193414
0.426156
0.131593
0.169152
0.0596817
0
0
0.0349882
0.170299
0.361064
0.135205
0.159664
0.0384239
0.000376063
0.000376063
0.0273822
0.0745211
0.154367
0.0993556
0.467314
0.151193
0.0137214
0.0131994
0.0158361
0.0302817
0.0634841
0.106382
0.364846
0.0975535
0.0194119
0.00485969
0.00547566
0.409375
0.419698
0.219789
0.15463
0.0124596
0.0106811
0.0105475
0.0947479
0.281994
0.177506
0.156695
0.0743459
0.0370785
0.0204988
0.0297032
0.120694
0.0609026
0.13162
0.116469
0.25258
0.0687851
0.10614
0.0343765
0.0313251
0.190011
0.0784822
0.0849346
0.0732351
0.0613565
0.0949359
0.0900295
0.114676
0.159566
0.0975203
0.0572975
0.0434223
0.0514032
0.0481392
0.0506044
0.081256
0.063118
0.102141
0.168223
0.252681
0.103341
0.099303
0.0804926
0.0467552
0.171892
0.104864
0.0976849
0.0389114
0.0235172
0.0576248
0.105039
0.131819
0.0866902
0.125829
0.306995
0.588857
0.11811
0.0351612
0.0469913
0.0787497
3.20131e-005
0.00510752
0.0247311
0.286986
0.273219
0.0653616
0.0210455
0.0185421
0.135786
0.117192
0.00564527
0.30204
0.320974
0.112876
0.0539413
0.0896346
0.0809605
0.221317
0.0789655
0.157726
0.10071
0.0824706
0.0576503
0.0463105
0.276033
0.507584
0.050416
0.0826291
0.108743
0.136157
0.11521
0.202818
0.177773
0.232943
0.00608385
0.029202
0.0372325
0.020646
0.013058
0.0411034
0.256943
0.444091
0.0078474
0.00345834
0.00241389
0.00238233
0.0015907
0.0179804
0.243025
0.444091
0.024622
0.00329185
0.00871832
0.019087
0.0215535
0.05685
0.378354
0.444091
0.0111386
0.00188827
0
0.000657024
0.00259935
0.021755
0.27811
0.487598
0.0269282
0.0266447
0.00703764
0
0.000641664
0.0121614
0.168451
0.266881
0.143399
0.127139
0.0202175
0.00145236
0.00124798
0.0219576
0.437116
0.43265
0.0240194
0.00778738
0.0126674
0.0287014
0.0141486
0.0934961
0.19382
0.182755
0.0919372
0.0602958
0.0599669
0.0822055
0.0194055
0.107251
0.115412
0.170066
0.153743
0.124541
0.0177629
0.0265518
0.0310733
0.0351865
0.0493214
0.0822228
0.0658778
0.265628
0.131695
0.0562869
0.0817996
0.0563514
0.0753111
0.0813674
0.0935727
0.0693363
0.0718617
0.155839
0.0463209
0.062907
0.0181876
0.0121895
0.0400077
0.602241
0.510696
0.109876
0.0939248
0.0556762
0.0153803
0.0276212
0.0611666
0.245356
0.0896986
0.0242054
0.0640104
0.0438677
0.013461
0.0190718
0.0385457
0.128021
0.0465745
0.0495357
0.0958218
0.0316143
0.0126721
0.0129305
0.0455383
0.462345
0.301429
0.0557546
0.202695
0.0760792
0.0318834
0.00936299
0.0209756
0.153297
0.0964599
0.258182
0.597867
0.113279
0.0423244
0.0277442
0.0184956
0.0491073
0.0306598
0.073401
0.0836256
0.0323332
0.106498
0.0260303
0.00642221
0.00781591
0.0186282
0.0281335
0.0726604
0.0713961
0.0843768
0.0270338
1.75911e-005
0.0550054
0.0408643
0.41881
0.750087
0.123147
0.144015
0.0458323
7.03646e-005
0.0420641
0.0311342
0.0703207
0.183067
0.0927174
0.112118
0.0452458
0.0695754
0.0124024
0.00926136
0.0294149
0.13711
0.138659
0.0364983
0.104239
0.378289
0.312951
0.0450702
0.0134196
0.0499614
0.0962119
0.189118
0.117048
0.0951412
0.0141654
0.0097811
0.0157315
0.2079
0.18275
0.183327
0.287003
0.409314
0.105821
0.0205481
0.00267263
0.0932637
0.130307