0.142482
0.0865686
0.0168373
0.0301084
0.112661
0.0667346
0.116936
0.243568
0.077123
0.0903147
0.0678945
0.0692219
0.299374
0.157113
0.0716785
0.0640907
0.153732
0.299414
0.0589854
0.115004
0.154112
0.0615021
0.0402543
0.0703718
0.0701491
0.167269
0.0788987
0.238685
0.371187
0.205873
0.119136
0.0115387
0.0308415
0.0486965
0.0587793
0.0573641
0.143282
0.118002
0.0579997
0.0376351
0.0543005
0.0197239
0.0457099
0.0640644
0.0534816
0.0885022
0.172505
0.284756
0.0332758
0.058892
0.184691
0.258596
0.224314
0.139874
0.099303
0.0811188
0.0621563
0.0363182
0.163408
0.105891
0.0480349
0.10167
0.270129
0.509645
0.105409
0.000228475
0.00926997
0.0276559
0.0271519
0.0420634
0.126696
0.304568
0.125963
0.00517903
0.0123552
0.0253298
0.050045
0.164989
0.269108
0.247649
0.0679063
0.00265843
0.0113431
0.00033526
0.0108576
0.107034
0.355547
0.33569
0.0942027
0.0542105
0.0394521
0.162949
0.12682
0.190386
0.33433
0.149968
0.0656117
0.0250836
0.0346119
0.0878562
0.0680844
0.116974
0.329707
0.169385
0.120114
0.0482708
0.0335393
0.119648
0.151522
0.12579
0.223695
0.151756
0.0647177
0.0920201
0.0695208
0.226454
0.165426
0.158868
0.22044
0.0917367
0.113636
0.10368
0.0492119
0.0959884
0.245137
0.264428
0.260148
0.07533
0.15154
0.0622787
0.0306985
0.0533257
0.0870856
0.175902
0.138047
0.115437
0.164835
0.1606
0.123249
0.0792335
0.0462977
0.136029
0.134209
0.171129
0.158389
0.098139
0.0415927
0.0727739
0.190908
0.249828
0.240444
0.125605
0.292517
0.180755
0.193808
0.154931
0.0759342
0.0855142
0.133438
0.190078
0.132589
0.197581
0.163013
0.114186
0.0327661
0.0391531
0.0799532
0.0887214
0.15192
0.16317
0.114478
0.264997
0.240237
0.0742046
0.103017
0.117156
0.15707
0.135204
0.196604
0.178999
0.050514
0.0435005
0.0229528
0.0400699
0.136475
0.099977
0.154329
0.41475
0.206128
0.0838951
0.0812174
0.050357
0.0346554
0.0553313
0.0412345
0.216251
0.290414
0.0813085
0.0871683
0.0615413
0.151462
0.0824715
0.0282538
0.136645
0.218781
0.0579447
0.128141
0.161131
0.111024
0.0974804
0.0588677
0.253436
0.171737
0.0568537
0.0929386
0.101128
0.408947
0.2943
0.0358696
0.0929287
0.0996471
0.0439591
0.115654
0.224935
0.070373
0.184831
0.0982527
0.193609
0.100681
0.00945376
0.00803923
0.0275235
0.0411431
0.128637
0.151
0.360242
0.248397
0.0463611
0.0286155
0.00402315
0.0986012
0.166313
0.180827
0.216919
0.0558423
0.0137723
0.0276214
0.115722
0.111279
0.110913
0.20785
0.348013
0.274216
0.0616482
0.0327182
0.0802657
0.00894396
0.0362978
0.123026
0.282874
0.169438
0.0267838
0.0195484
0.0253453
0.0300427
0.0422309
0.133548
0.141683
0.0761938
0.0681673
0.129459
0.165987
0.0134467
0.0190129
0.0660008
0.294888
0.2991
0.10056
0.0143747
0.0270419
0.120062
0.118478
0.332812
0.41967
0.271402
0.116024
0.0803646
0.0985397
0.0406573
0.0215183
0.024714
0.00825976
0.0101316
0.0553382
0.189867
0.137702
0.104124
0.0531027
0.0159409
0.079263
0.0583166
0.0443122
0.148904
0.116004
0.169943
0.101785
0.190056
0.135568
0.0572161
0.0318992
0.206361
0.345465
0.202956
0.0439273
0.016857
0.017636
0.040288
0.0996594
0.446503
0.476777
0.088566
0.0816648
0.0243701
0.141229
0.148591
0.101403
0.0669805
0.0434943
0.0371159
0.0547506
0.0185697
0.11942
0.257481
0.162544
0.0813649
0.0110998
0.167534
0.0300157
0.0032626
0.0316828
0.15419
0.218323
0.419947
0.2618
0.123599
0.0484727
0.00802187
0.0812925
0.290711
0.249479
0.207133
0.203337
0.0676122
0.108303
0.0818578
0.100515
0.157857
0.136321
0.165695
0.0572957
0.221077
0.183172
0.167843
0.0660034
0.038365
0.0692431
0.125133
0.0790435
0.240669
0.151844
0.100163
0.096779
0.160744
0.108097
0.148371
0.228499
0.233267
0.185323
0.168471
0.0415365
0.0196592
0.118715
0.208423
0.271273
0.283271
0.143042
0.0896593
0.0454001
0.0205857
0.0551911
0.0516044
0.0302102
0.235454
0.1451
0.12598
0.16068
0.048692
0.100583
0.115142
0.0449819
0.257699
0.134986
0.0554425
0.00421326
0.00248744
0.0879016
0.228759
0.15485
0.293915
0.166396
0.121308
0.0725717
0.0107859
0.0903659
0.304869
0.188068
0.128117
0.128712
0.111468
0.111957
0.0570275
0.0699015
0.0686371
0.096059
0.208284
0.22185
0.0642801
0.0971114
0.16105
0.108133
0.0468989
0.131658
0.110026
0.0929901
0.123102
0.084046
0.0841582
0.117341
0.224412
0.22543
0.0734587
0.0648853
0.055238
0.125973
0.289999
0.377333
0.213813
0.178437
0.0666232
0.0895439
0.136902
0.200849
0.0492099
0.0420816
0.0754019
0.0962262
0.0825774
0.0428654
0.123839
0.265182
0.274663
0.0942717
0.0454357
0.0785687
0.0925152
0.106415
0.0664757
0.113926
0.0911011
0.121366
0.112996
0.101242
0.167857
0.0500015
0.0513774
0.146297
0.49
0.200384
0.103832
0.0952289
0.00394737
0.00180286
0.0147451
0.118943
0.112858
0.0360705
0.00437882
0.00732614
0.0307348
0.0249294
0.0978067
0.396744
0.203845
0.0313329
0.00966024
0.0241668
0.00881478
0.000989678
0.00471282
0.119701
0.222972
0.0559259
0.0145416
0.00783463
0.00333778
0.0019654
0.0124723
0.627377
0.455348
0.0261439
0.00112798
0.00343056
0.0666148
0.0374444
0.105156
0.262817
0.122376
0.0103242
0.117345
0.162126
0.0550481
0.0121915
0.0175264
0.0205975
0.0145331
0.0642312
0.432004
0.316739
0.016753
0.00874319
0.0291708
0.493708
0.328877
0.00508982
0.0428608
0.0413293
0.0198698
0.0105586
0.0177557
0.0672212
0.055058
0.0322919
0.253736
0.185249
0.0258348
0.000798687
0
0.000353119
0.0147597
0.0493369
0.33811
0.175641
0.0423016
0.0133924
0.000204106
0.00243301
0.0334413
0.0578584
0.291094
0.168244
0.00808126
0.00331867
0.00143554
0.00016099
0.00310573
0.0252161
0.377491
0.153557
0.0141855
0.006005
0
0
0.00536571
0.0282507
0.632297
0.272535
0.069514
0.026961
0.00503179
0.00479832
0.0214639
0.043462
0.154416
0.136662
0.0492114
0.017708
0.00803826
0.00284204
0.00373763
0.0754552
0.133996
0.135511
0.0373277
0.00678496
0
0
0.00743149
0.0285665
0.574814
0.309171
0.0490691
0.00200544
0
0
0.00730918
0.0768869
0.553779
0.231299
0.0573263
0.040879
0.007774
0.00140375
0.0047679
0.109936
0.194883
0.140355
0.103045
0.0557253
0.0276229
0.0173921
0.0108347
0.075282
0.146201
0.141717
0.0287362
0.00825708
0.000863452
0.00350157
0.0451627
0.284955
0.530399
0.188139
0.0804404
0.0244242
0.0107099
0.0109737
0.0597202
0.337117
0.316197
0.238681
0.07083
0.0248803
0.0432846
0.0402274
0.0250561
0.0619923
0.231296
0.209794
0.14035
0.0613208
0.0304544
0.0628033
0.0721633
0.190583
0.273317
0.165068
0.166964
0.0742795
0.0396551
0.0366356
0.0331278
0.100392
0.235118
0.314892
0.379664
0.262357
0.0733279
0.0619338
0.0379369
0.032519
0.137401
0.164163
0.0591335
0.0714491
0.0460982
0.0476285
0.098764
0.178201
0.0740734
0.0429679
0.0951527
0.0484157
0.0660222
0.0843003
0.371455
0.242375
0.163714
0.058205
0.165312
0.106197
0.0324424
0.0461291
0.107108
0.195378
0.150797
0.156497
0.122233
0.205161
0.192112
0.129131
0.235717
0.241488
0.193387
0.130394
0.00505967
0.0035948
0.00878119
0.0775584
0.193489
0.0532918
0.0172245
0.00527216
0
0.000238028
0.00133264
0.397563
0.432246
0.0326341
0.000838741
0
0.0105946
0.0375889
0.0925145
0.0922349
0.132171
0.039133
0.0121384
0.0126516
0
0.00729026
0.0555734
0.455991
0.520605
0.0355914
0.00129038
0
0.00149542
0.00281141
0.00798741
0.408322
0.401509
0.00674102
0.00362234
0.00395078
0.00734895
0.0142519
0.0140073
0.0747349
0.0928815
0.0204092
0.0375769
0.0282535
0.000202081
0.00187777
0.00856507
0.481407
0.530659
0.0306484
0.0069922
0.00272402
0.00900165
0.0179992
0.0164057
0.102832
0.12778
0.0351353
0.0223971
0.0164513
0.0215788
0.0311887
0.0150411
0.0158465
0.0261096
0.0313713
0.220995
0.0852979
0.047491
0.0432539
0.0103731
0.00326454
0.0179016
0.0221377
0.610155
0.387533
0.0555688
0.0826966
0.0283842
0.0433199
0.0511647
0.0209944
0.0320519
0.0400832
0.216982
0.36995
0.025535
0.0195005
0.0292585
0.0141862
0.100193
0.0868589
0.0241285
0.0144006
0.00366756
0.00240706
0.00322555
0.00617077
0.342577
0.187561
0.0255418
0.035341
0.0129248
0.00600761
0.0314079
0.055819
0.527873
0.142906
0.148717
0.257209
0.0135262
0.00478497
0.00438359
0.00617265
0.0801515
0.0434665
0.177896
0.518523
0.0860348
0.00901141
0.042131
0.0567706
0.179176
0.041876
0.00777798
0.0380856
0.0339993
0.0413817
0.113072
0.148106
0.44044
0.0795203
0.0243775
0.0105379
0.0274319
0.0614475
0.0988463
0.146506
0.245942
0.17329
0.157485
0.437318
0.191392
0.0596633
0.155058
0.0811696
0.18777
0.0494195
0.1981
0.241697
0.127008
0.0899027
0.137891
0.0473084
0.113945
0.129433
0.0928874
0.0335113
0.0638793
0.0668889
0.0420596
0.0523446
0.150495
0.231693
0.277779
0.146656
0.139436
0.12574
0.0456794
0.00674428
0.0314618
0.121827
0.154215
0.327453
0.237483
0.130397
0.0391306
0.0341867
0.0838983
0.119805
0.234798
0.265791
0.363215
0.263687
0.0252269
0.0127974
0.0428681
0.118658
0.191457
0.124627
0.0512342
0.00486803
0.0376025
0.0830051
0.109618
0.133002
0.0994152
0.125318
0.0883968
0.0499675
0.0627901
0.20178
0.154165
0.105665
0.2368
0.309691
0.11116
0.000418114
0.016961
0.0679822
0.163765
0.1781
0.0535541
0.0752052
0.052537
0.0475286
0.146052
0.383937
0.400291
0.231279
0.0134282
0.0346782
0.0906507
0.0543434
0.0633798
0.0719053
0.0309473
0.0176458
0
0.00916773
0.0602624
0.329829
0.451549
0.037872
0.00370342
0
0.00266444
0.00595369
0.0267407
0.0630326
0.16704
0.196608
0.0877606
0.0377387
0.0220847
0.00345201
0.0221092
0.317707
0.606988
0.125603
0.0315799
0.00646931
0.00529137
0.0067563
0.00614752
0.278302
0.356818
0.0263203
0.0115994
0.00333309
0.0433799
0.0825205
0.0101596
0.0507542
0.0588998
0.0213722
0.0240362
0.0169218
0.144336
0.082865
0.00370602
0.240688
0.41257
0.0671449
0.0477614
0.0130578
0.309903
0.566352
0.00431898
0.0334409
0.0427726
0.0184733
0.0225462
0.00966552
0.0628849
0.139539
0.00618359
0.00447054
0.00437583
0.0026564
0.00815897
0.0121418
0.128922
0.39246
0.00899535
0.00298953
0.00298953
0.00100092
0.0067221
0.00600054
0.20562
0.497586
0.0105309
0.000461441
0
6.62561e-006
0.00155647
0.00642889
0.229992
0.615983
0.0235606
0.000692162
0
0
0.00864444
0.057783
0.210685
0.422238
0.0137069
0.00120594
0.00098788
0.000718153
0.00676027
0.0147531
0.224673
0.454955
0.0922963
0.00264124
0.00538938
0.00679577
0.00107734
0.0196217
0.292853
0.382213
0.0185596
0.000116692
0
0
0.0158387
0.119154
0.306936
0.220022
0.107472
0.0112041
0
0
0.00395968
0.126613
0.279827
0.421132
0.139709
0.0132241
0.0262495
0.00884439
0.00319137
0.0334599
0.339148
0.361985
0.0804239
0.0327954
0.0257297
0.00465511
0.0109577
0.0606231
0.268142
0.263318
0.149715
0.0519158
0.0106684
0
0.00729442
0.107278
0.207643
0.234341
0.096705
0.139071
0.0757371
0.0300953
0.0407942
0.0904255
0.216695
0.365184
0.128505
0.041068
0.00518233
0.00433092
0.0101715
0.0668274
0.207561
0.206739
0.161886
0.0815323
0.00185223
0.00661595
0.0310149
0.173346
0.23177
0.207252
0.116803
0.0756588
0.0560959
0.0434058
0.0377413
0.107217
0.506472
0.172748
0.0988922
0.0556055
0.0116522
0.0141938
0.028014
0.215185
0.116182
0.20473
0.0745067
0.0281302
0.0379958
0.0380999
0.096601
0.127392
0.015061
0.0418242
0.062119
0.146754
0.313127
0.247932
0.216251
0.135521
0.0978685
0.0542811
0.044535
0.0973935
0.112718
0.0596829
0.0851801
0.0943951
0.0143799
0.0344509
0.0491422
0.211416
0.462723
0.298053
0.158951
0.0818083
0
0.00109378
0.0271022
0.160912
0.298303
0.132865
0.0438901
0.0248213
0.0613492
0.00595577
0.0204199
0.230747
0.505289
0.201338
0.091829
0.0778775
0.000582466
0.00541363
0.0329724
0.182599
0.350522
0.198888
0.08261
0.025678
0.119628
0.054625
0.0629217
0.113172
0.191082
0.205108
0.181294
0.162204
0.206169
0.113143
0.000910441
0.0598821
0.169453
0.0848345
0.0774543
0.0602639
0.320694
0.504726
0.024854
0.00499131
0.0109848
0.0101397
0.017939
0.0180701
0.2555
0.169349
0.0278886
0.00675536
0.0206794
0.0453686
0.0666787
0.0890499
0.314136
0.478802
0.101377
0.00286623
0.00473567
0.00709275
0.00834081
0.0183579
0.274131
0.455495
0.0357702
0.000917776
0
0
0
0.00889371
0.309301
0.411981
0.0318112
0.00137666
0
0
0.00484918
0.0649559
0.239422
0.367433
0.109911
0.00288651
0.00716074
0.0172748
0.00115099
0.00684923
0.284212
0.232278
0.0378029
0.0114596
0.0117233
0.0313381
0.0210805
0.0646897
0.396618
0.292962
0.0158572
0.0002969
0
0
0.01446
0.214807
0.396182
0.106894
0.0505878
0.0090606
0
0.000458169
0.0281442
0.380406
0.227482
0.163218
0.00814424
0.033749
0.0090824
0.0181776
0.0415821
0.17112
0.161909
0.0227009
0.00125253
0.0363234
0
0.0292771
0.143214
0.299291
0.230543
0.126769
0.0772002
0.0435477
0.0178551
0.00211366
0.0871283
0.337007
0.132073
0.0710799
0.0497789
0.100266
0.105225
0.0472387
0.171762
0.321964
0.140976
0.0169624
0.00158468
0.00751615
0.00335814
0.0414521
0.234195
0.313043
0.208512
0.0370066
0.00883235
0.000624944
0.0129223
0.0431598
0.202208
0.390126
0.219933
0.0792611
0.0442652
0.0377546
0.0490718
0.0422201
0.0831087
0.265748
0.477462
0.180387
0.0435357
0.0194149
0.00588414
0.00841156
0.0315323
0.211332
0.179659
0.0439782
0.0120724
0.00149455
0.00507856
0.0206518
0.0995127
0.336253
0.213531
0.0971394
0.0326475
0.0175619
0.022942
0.0146013
0.0848209
0.375252
0.181184
0.019071
0.0130903
0.027248
0.0273322
0.0109948
0.103971
0.266117
0.0670734
0.0397396
0.00827391
0.0758125
0.15744
0.114689
0.190126
0.219927
0.208016
0.00939081
0.00489072
0.0387511
0.0513346
0.0237966
0.162738
0.429175
0.12023
0.0277233
0.00165017
0.0255715
0.0527314
0.0841905
0.297155
0.453854
0.0587804
0.0277636
0.00924783
0.11941
0.278993
0.297762
0.191345
0.0895631
0.22774
0.159546
0.0698271
0.0474408
0.102877
0.204813
0.277588
0.185199
0.148183
0.0281953
0.000566713
0.0403438
0.0516901
0.117631
0.19283
0.29115
0.198682
0.0987823
0.0348305
0.0247167
0.0577805
0.0994503
0.249732
0.205207
0.276675
0.331911
0.090439
0.0139934
0.00345979
0.0135551
0.0615466
0.0738952
0.275535
0.518778
0.12605
0.0219692
0.0272961
0.0371878
0.0486203
0.0645517
0.150785
0.145813
0.0878861
0.0344457
0.0668837
0.0227064
0.0680342
0.0767892
0.244847
0.12777
0.0896694
0.0542794
0.0532668
0.0321119
0.0808438
0.312714
0.128285
0.251341
0.0905858
0.0135679
0.0349045
0.0590018
0.0305248
0.0661139
0.126693
0.062829
0.0469164
0.0382723
0.0470431
0.0700387
0.058703
0.122275
0.181126
0.0474275
0.0219446
0.0214468
0.0242166
0.0315693
0.111479
0.511132
0.0793948
0.0110488
0.01295
0.0325359
0.0559539
0.166801
0.317597
0.491813
0.157504
0.0525579
0.034754
0.0747076
0.0453059
0.0481207
0.104541
0.226328
0.106193
0.030523
0.0131645
0.0608696
0.0265524
0.0928994
0.249312
0.208054
0.0656734
0.0393922
0.0389688
0.051672
0.0999376
0.282727
0.430924
0.269986
0.112024
0.075517
0.0435174
0.0469202
0.0756522
0.127825
0.255734
0.164324
0.125291
0.0169243
0.00398895
0.0132215
0.0158223
0.136162
0.281194
0.194442
0.285931
0.0967074
0.0282425
0.00577358
0.00468409
0.11376
0.182698
0.273028
0.132946
0.0818178
0.0536065
0.0673729
0.0719904
0.113
0.167735
0.122078
0.295983
0.175661
0.0927549
0.0908694
0.0686268
0.0790106
0.0923562
0.199421
0.163936
0.0769651
0.0402104
0.00833246
0.00929402
0.044065
0.11191
0.206865
0.111874
0.0735354
0.0896651
0.0766148
0.182741
0.168025
0.131011
0.225124
0.184097
0.0721412
0.0486966
0.036174
0.0293559
0.0501033
0.112765
0.196034
0.0468688
0.0138754
0.0897509
0.190753
0.371254
0.338397
0.222824
0.0955624