0.0153442
0.0348748
0.109935
0.075234
0.0232271
0.00762607
0.00972247
0.00961667
0.103814
0.184739
0.319314
0.212016
0.0431519
0.00162951
0.0397434
0.068063
0.042617
0.293994
0.236752
0.161304
0.0302774
0.00624422
0.00195095
0.00121688
0.0675729
0.270898
0.460982
0.503498
0.109564
0.0152091
0.0300892
0.0449345
0.177254
0.136769
0.152114
0.0866634
0.0245596
0.0130223
0.220687
0.216584
0.182047
0.206326
0.0419127
0.0633135
0.0351878
0.0167144
0.217776
0.23592
0.123171
0.0801853
0.189906
0.28832
0.0591238
0.0141441
0.214959
0.209815
0.231936
0.161337
0.0186027
0.0570796
0.0291691
0.0883572
0.357892
0.358298
0.143473
0.358255
0.0600337
0.0457617
0.0310906
0.00646721
0.0161951
0.0404525
0.186242
0.499502
0.131465
0.0456263
0.0691522
0.0265643
0.0488079
0.0294584
0.17347
0.254752
0.0278265
0.0750633
0.0564722
0.0982823
0.260977
0.115582
0.252091
0.271203
0.0453115
0.157555
0.160115
0.0888688
0.261321
0.139028
0.111191
0.271028
0.192745
0.166331
0.223409
0.0464466
0.114353
0.0600437
0.0184131
0.0343173
0.0609469
0.199572
0.1789
0.0314428
0.0533931
0.0316602
0.157977
0.121084
0.080715
0.413836
0.449909
0.0795463
0.144374
0.101882
0.0362478
0.0824377
0.0508344
0.268326
0.29288
0.0349604
0.0463836
0.0248673
0.0131703
0.0145921
0.0103704
0.392629
0.14724
0.0155823
0.00641094
0.00506423
0.0610407
0.161983
0.00555364
0.486388
0.236585
0.0419787
0.0198911
0.00132251
0.0572007
0.0367671
0.0165949
0.265705
0.175806
0.0705413
0.0137877
0.00680727
0.264969
0.337417
0.00946021
0.304515
0.210359
0.129289
0.032335
0.0101183
0.0855619
0.438843
0.0261302
0.119033
0.0604389
0.0167885
0.0123545
0.00141885
0.106944
0.52829
0.098146
0.00536615
0.00342406
0.00441123
0.0086302
0.00771407
0.168623
0.516882
0.0158113
0.0468385
0.0333022
0.0301622
0.0183121
0.0194257
0.057327
0.349906
0.0280833
0.00425405
0.00231467
0.00649364
0.0211929
0.029495
0.152739
0.842682
0.158064
0.0220968
0.0108601
0.00667983
0.0204214
0.0196594
0.0885417
0.286884
0.0968735
0.0681675
0.033136
0.0153932
0.0145598
0.0266541
0.0458006
0.1784
0.0324431
0.017179
0.010529
0.00971841
0.0391723
0.0417325
0.0633372
0.0464498
0.0302049
0.0358242
0.0318646
0.0180932
0.0250007
0.0459338
0.0836318
0.408327
0.1613
0.0624802
0.0231735
0.00741325
0.00342696
0.0262911
0.065461
0.180919
0.120166
0.327154
0.125947
0.0294742
0.00716708
0.0420662
0.170873
0.408327
0.138531
0.168201
0.11561
0.00482573
0.00888737
0.0522563
0.0700392
0.087486
0.037762
0.408327
0.364898
0.0207394
0.00979489
0.0600186
0.0722516
0.0198833
0.0544008
0.279409
0.138092
0.0157847
0.0487957
0.0687519
0.103938
0.0123139
0.0284105
0.0639823
0.0476253
0.0716235
0.330928
0.16422
0.0368189
0.00480536
0.0301984
0.510265
0.408116
0.0150463
0.0268603
0.0317133
0.0613308
0.00905915
0.0425042
0.231682
0.204496
0.061561
0.359022
0.108688
0.0554686
0.0230327
0.00502837
0.0266269
0.0260022
0.11895
0.400812
0.0978561
0.0818483
0.0261441
0.055336
0.0925364
0.076692
0.129279
0.329064
0.17954
0.0519776
0.0148892
0.010154
0.0249232
0.0304291
0.0816714
0.47524
0.148282
0.0558821
0.0217079
0.0316449
0.00992236
0.023287
0.122153
0.51135
0.193093
0.0652028
0.022144
0.144232
0.277786
0.218049
0.0904956
0.171993
0.176169
0.028668
0.0516265
0.0673169
0.18068
0.170882
0.03941
0.0756999
0.0457911
0.0438653
0.0215784
0.0618943
0.0246424
0.0422454
0.175084
0.52714
0.186733
0.0270585
0.0164572
0.0408223
0.0642256
0.0554206
0.238452
0.444051
0.108998
0.0530661
0.036721
0.0372948
0.279173
0.208004
0.0742724
0.0241144
0.0113482
0.240754
0.18507
0.0379073
0.351731
0.255173
0.104084
0.020829
0.00942022
0.00493747
0.00703928
0.0495617
0.313432
0.198432
0.164622
0.166109
0.0653536
0.0154188
0.0221975
0.0422163
0.44207
0.289942
0.0876409
0.092863
0.0522957
0.387118
0.539959
0.0701609
0.21376
0.143245
0.0584233
0.0329536
0.078578
0.104907
0.171541
0.0685253
0.0331793
0.0352524
0.0267877
0.0737132
0.161634
0.0646083
0.0923788
0.0476757
0.286876
0.195092
0.0875156
0.157232
0.077734
0.0548035
0.0797915
0.0545099
0.0698587
0.0680702
0.0612814
0.0887538
0.123621
0.132991
0.123284
0.0983297
0.0126671
0.0173055
0.0483154
0.150816
0.20641
0.259439
0.144757
0.0814325
0.0243454
0.0309486
0.132783
0.266822
0.274179
0.118135
0.112408
0.0913933
0.0348876
0.0467542
0.095193
0.168456
0.164075
0.142114
0.110375
0.0888952
0.0508942
0.190472
0.256308
0.288945
0.204767
0.0946249
0.113849
0.0451886
0.239507
0.122278
0.00163375
0.023189
0.0355086
0.0197292
0.0110991
0.0168699
0.464603
0.346563
0.00131296
0.00239822
0.0120833
0.223136
0.0878466
0.052923
0.222815
0.062567
0.049214
0.177607
0.273682
0.120935
0.10742
0.0642446
0.464603
0.213528
0.00680669
0.0107644
0.0667166
0.0017063
0.000517034
0.00538638
0.492958
0.323871
0.0058065
0.00328491
0.00232043
0.00868214
0.00372248
0.00621514
0.231916
0.207216
0.0318037
0.0690445
0.0247044
0.00732316
0.0175386
0.0146433
0.49755
0.291894
0.00751931
0.00234454
0
0
0.000514083
0.000827858
0.294608
0.281084
0.0194813
0.00793805
0.000885602
0.0264767
0.017389
0.0108115
0.0939896
0.0787167
0.0486577
0.301381
0.144724
0.0333549
0.0208592
0.0141131
0.0376671
0.0246211
0.101794
0.771535
0.216572
0.000835734
0.00428917
0.00709184
0.200781
0.151892
0.0148795
0.0227868
0.0198846
0.021056
0.0143011
0.020957
0.0850917
0.0538338
0.0375696
0.233938
0.0738371
0.016041
0.00511365
0.00169774
0.00254839
0.00364002
0.0900423
0.460089
0.0801442
0.0107697
0.00177175
0.00437542
0.00874779
0.00409842
0.157998
0.437889
0.100726
0.0214804
0.00578048
0.00458261
0.0118651
0.00884689
0.0619689
0.302526
0.0717991
0.0158932
0.000689987
0
0.00535212
0.00535212
0.136373
0.573491
0.202028
0.00784873
0.000581812
0.0126962
0.0584326
0.064074
0.141411
0.220953
0.0992593
0.00915608
0.00170422
0.0081744
0.0812526
0.102089
0.105295
0.293067
0.105741
0.0282607
0
0
0.000961017
0.00664423
0.10641
0.534724
0.193862
0.0347131
0
0
0.00128041
0.00980524
0.105675
0.591234
0.179715
0.00606858
0.00414658
0.00122196
0.0230246
0.0294477
0.0504713
0.268764
0.0526454
0.0102987
0.00929317
0.00457508
0.0119344
0.0152948
0.0262849
0.119543
0.0316385
0.00786569
0.000106554
0.000106554
0.00215421
0.00491345
0.0976218
0.643079
0.129339
0.0122786
0.00313782
0.000426214
0.0023742
0.0056057
0.107218
0.594282
0.185798
0.0515938
0.0425629
0.0217391
0.0249672
0.0282867
0.0419639
0.058029
0.0406048
0.0609771
0.0525097
0.0459741
0.0429097
0.070333
0.0818174
0.0379737
0.0108805
0.127383
0.0234754
0.00842481
0.00975278
0.0181259
0.160932
0.573857
0.409507
0.214746
0.0516282
0.0259596
0.0209221
0.0202328
0.11076
0.174501
0.437775
0.165361
0.0802583
0.0484934
0.0990905
0.0868716
0.171874
0.143435
0.207011
0.111064
0.0874054
0.0531656
0.310058
0.13468
0.0570547
0.0376869
0.051984
0.0256022
0.0311651
0.0740668
0.35735
0.364357
0.220305
0.0866792
0.0400036
0.0218396
0.0209211
0.0405622
0.40922
0.40922
0.0708997
0.0286558
0.00514501
0.0123556
0.0135307
0.0122685
0.419481
0.213577
0.0136546
0.00832293
0
0
0
0.00140775
0.316731
0.21013
0.00499049
0.0014152
0.000135549
0.00308889
0.000106513
0.00287637
0.513898
0.344777
0.0158066
0.00628291
0
0
0
0.00990197
0.395765
0.20188
0.0128287
0.00335308
0
0.00355909
0.000403568
0.0132055
0.515648
0.30193
0.0240589
0.0227827
0.0142642
0.0532664
0.0310382
0.0361551
0.155232
0.113868
0.0453801
0.0725225
0.0396304
0.000889773
0
0.0293554
0.417393
0.294838
0.193595
0.0710331
0.00302728
0.0213421
0.00942826
0.0438078
0.136618
0.147871
0.233701
0.10872
0.0206615
0.0691416
0.0286191
0.0190827
0.0407614
0.0363456
0.0563753
0.143228
0.0753573
0.0442372
0.00702877
0.0122231
0.0268161
0.01921
0.149809
0.756999
0.364531
0.0311667
0.0142012
0.052062
0.0816729
0.0639692
0.0624856
0.0640538
0.0359615
0.113349
0.0699398
0.0533459
0.07672
0.0310743
0.0418832
0.108615
0.103675
0.0157527
0.00386644
0.00624199
0.00672572
0.00197502
0.0499636
0.385489
0.140571
0.0238228
0.00520476
0.00710403
0.00588889
0.00743288
0.123421
0.649665
0.163747
0.086978
0.102864
0.0206441
0.0280656
0.00581736
0.0111393
0.0616386
0.0445073
0.216254
0.346825
0.0248663
0.0167581
0.0233135
0.0837124
0.306486
0.0706782
0.00811533
0.000768187
0.00139318
0.00555744
0.0309919
0.116239
0.482259
0.115825
0.0179326
0.000467072
0
0.00652537
0.0359817
0.132301
0.477058
0.209307
0.149962
0.300493
0.0297219
0.0147573
0.122549
0.1015
0.284021
0.0503935
0.127707
0.236871
0.0494712
0.0261666
0.163151
0.0835735
0.204749
0.103563
0.0999861
0.00331157
0.000642117
0.00530853
0.012926
0.112942
0.3012
0.281114
0.155379
0.0212345
0.00939712
0.00581384
0.0100081
0.0802657
0.15345
0.371956
0.233021
0.300497
0.031426
0.0220087
0.0562028
0.0715268
0.150967
0.164837
0.264534
0.425512
0.0802622
0.022953
0.038129
0.0908208
0.10083
0.237358
0.0150359
0.0165495
0.10505
0.338692
0.220477
0.0330786
0.0345192
0.0226144
0
0.00404759
0.0367486
0.401837
0.307668
0.00719034
0.00077018
0
0.0462945
0.185665
0.293801
0.334974
0.150925
0.00138703
0.0114653
0.0147528
0.000167543
0.0184772
0.067674
0.401837
0.316777
0.00109972
0
0
0
0
0.00086918
0.465912
0.303103
0.00384117
0.00066825
0
0
0
0.0115171
0.272224
0.158714
0.0300391
0.0137789
0
0.00285886
0.00124484
0.00315303
0.551983
0.339028
0.00713215
0.00089401
0
0.0454536
0.0362185
0.0138114
0.298781
0.147274
0.0283432
0.0252046
0.0204404
0.00208396
0
0.0141461
0.069745
0.0705691
0.0985282
0.0442115
0.0062225
0.0449953
0.0324154
0.0210464
0.0245074
0.0338922
0.0962476
0.0367643
0.0307575
0.247773
0.181761
0.0161235
0.0472578
0.0514872
0.0487409
0.0600022
0.0725519
0.616145
0.608841
0.0175826
0.00741417
0.0216694
0.0332958
0.0250737
0.102836
0.0685431
0.058851
0.0160091
0.0165451
0.0074942
0.0149424
0.0131465
0.0293239
0.193204
0.228568
0.00905758
0.0135313
0.00998524
0.00564458
0.0162118
0.0446314
0.326416
0.452592
0.0222233
0.00355469
0.00176776
0.00395365
0.00377105
0.0484706
0.417803
0.58138
0.0759648
0.0121381
0.00652239
0.00160816
0.00593879
0.0539312
0.176319
0.261449
0.00562742
0.00923342
0.00503574
0.000849061
0.00340407
0.0167507
0.256585
0.448742
0.0143006
0.00399784
0.00517008
0.00507391
0.0144317
0.0116752
0.261509
0.399545
0.05642
0.0121345
0.0119634
0.004344
0.0017318
0.0240692
0.304469
0.50117
0.048701
0.00441478
0.00835706
0.00331434
0.00380123
0.0209421
0.225619
0.4232
0.0289079
0.00408297
0.0371928
0.014942
0.0228917
0.0152869
0.21534
0.443223
0.0500486
0.00784922
0.0541973
0.0127729
0.017736
0.0339397
0.255896
0.439995
0.0353308
0.000526091
0.00206344
0.00238508
0.00304766
0.0235641
0.225148
0.37668
0.0239557
0.00127006
0.00272781
0.00330065
0.00207375
0.0444572
0.297918
0.568566
0.0655495
0.0102714
0.0256707
0.0119386
0.0183566
0.0471991
0.244524
0.471325
0.110794
0.056065
0.0330661
0.0180264
0.00608913
0.0534785
0.171364
0.306068
0.0469854
0.02073
0.00529044
0.00843357
0.00173869
0.0346824
0.0815913
0.134489
0.112685
0.14356
0.0591412
0.0115076
0.00244142
0.0252623
0.0445727
0.16622
0.149062
0.272643
0.163793
0
0.00396289
0.00291948
0.00135839
0.00963765
0.023501
0.427247
0.336822
0.00938415
0
0.0017649
0.015111
0.0333828
0.0279198
0.352865
0.220865
0.000716608
0.00306643
0.00161709
0.0254246
0.00819541
0.0030835
0.427247
0.385692
0.0154887
0
0.0170566
0.0430726
0.0283194
0.00252863
0.362822
0.266789
0.0364422
0.000657355
0.00985474
0.180228
0.219837
0.00901688
0.145449
0.0884902
0.0306668
0.00846982
0.0350084
0.179787
0.117303
0.00126032
0.214759
0.203281
0.0480432
0.000379701
0.0638763
0.463829
0.516601
0.00562472
0.0389215
0.0431048
0.0320096
0.000569552
0.0602137
0.220234
0.250786
0.00498985
0.00694271
0.00462622
0.00330633
0.00880445
0.0365252
0.290485
0.354549
0.0435081
0.000869348
0.00122265
0.000626953
0.00357945
0.0412171
0.364559
0.474702
0.013208
0.00714892
0.00223886
0.00406418
0.0127593
0.0269727
0.230632
0.413071
0.177735
0.0789928
0.00825399
0.0113055
0.0428557
0.0340046
0.260509
0.435163
0.123926
0.000584493
0.00025745
0.000110336
0.00138669
0.0477112
0.245304
0.439347
0.163922
0.0271448
0.0228354
0.00870115
0.00975224
0.0362979
0.173612
0.324084
0.28826
0.0744368
0.00406527
0.00747787
0.024912
0.057895
0.199117
0.272185
0.125503
0.0706269
0.0759189
0.0202174
0.0370404
0.0715745
0.251349
0.395574
0.112288
0.0905109
0.119945
0.0329569
0.0186749
0.0151799
0.289619
0.362087
0.0495508
0.0838882
0.111518
0.0231028
0.027612
0.0209819
0.108201
0.160139
0.0583758
0.314965
0.308539
0.037081
0.0380455
0.0210643
0.0505502
0.0394324
0.0409784
0.318477
0.270569
0.0342909
0.0290487
0.0226211
0.45173
0.540744
0.064399
0.0468989
0.042735
0.0155853
0.0401682
0.0634607
0.278994
0.285174
0.0534057
0.0272874
0.0255502
0.0166473
0.0320026
0.122671
0.095404
0.0581918
0.0860582
0.148644
0.110945
0.0407314
0.0590884
0.0808423
0.130251
0.0882806
0.135486
0.0512089
0.0307597
0.0415341
0.051751
0.101272
0.157081
0.167041
0.0713471
0.0808504
0.0300465
0.0146071
0.0266252
0.100822
0.102599
0.248546
0.32098
0.319486
0.118308
0.0160439
0.0104039
0.0639615
0.191565
0.111095
0.148283
0.0780473
0.0352341
0.0656558
0.0340697
0.116633
0.127476
0.222229
0.350601
0.241126
0.137289
0.0931233
0.0270231
0.0598108
0.000288127
0.00671135
0.0254672
0.32028
0.219841
0.0297989
0.0140868
0.0206348
0.13553
0.0934431
0.0039037
0.37124
0.344463
0.0546801
0.0328551
0.100242
0.046173
0.108956
0.10177
0.177185
0.0998424
0.0420969
0.0444577
0.0567659
0.298339
0.486054
0.0582263
0.119863
0.142396
0.0680406
0.0883545
0.229662
0.192072
0.200295
0.00132592
0.0420592
0.0530914
0.0114851
0.00573364
0.0441253
0.307639
0.415222
0.00542037
0.00114933
0.00283351
0.00232286
0
0.0149849
0.270383
0.438378
0.0128332
0.00602955
0.0170063
0.00921757
0.0184438
0.0662087
0.377414
0.438378
0.0123484
0
0
0.00090146
0.00408921
0.0156081
0.303914
0.439498
0.022479
0.00997963
0.00299014
0.00184027
0.01062
0.0156555
0.165783
0.282532
0.147571
0.142931
0.012003
0.00786388
0.0310464
0.0215641
0.4097
0.463765
0.020436
0.00307571
0.00630629
0.00850518
0.0123212
0.0673984
0.19871
0.229766
0.0854519
0.114484
0.0363387
0.0358101
0.0234168
0.100075
0.168058
0.246517
0.253503
0.235793
0.0105068
0.0180676
0.0334101
0.0383018
0.14127
0.115549
0.0799768
0.185188
0.136369
0.0817494
0.0627895
0.066331
0.121463
0.157528
0.112246
0.205343
0.0534469
0.0655558
0.0291338
0.066917
0.0841656
0.0768947
0.0341359
0.40175
0.53091
0.12738
0.0378564
0.0274143
0.0334536
0.0376112
0.0533356
0.196738
0.128369
0.0304059
0.0695187
0.0183284
0.0173684
0.0221957
0.0403918
0.128952
0.090521
0.0483885
0.145922
0.0466747
0.0423553
0.0347104
0.049824
0.402276
0.356997
0.0647297
0.142573
0.0293855
0.0493573
0.0274642
0.0512438
0.212514
0.14108
0.275012
0.589624
0.0887882
0.016301
0.0071118
0.0175719
0.0252686
0.03435
0.0468985
0.112612
0.0729086
0.0753419
0.0235917
0.0303465
0.00737167
0.00806622
0.0172796
0.0360606
0.0654727
0.0361854
0.0041654
0.0160871
0.0301656
0.0518311
0.365227
0.81315
0.126355
0.074384
0.0114107
0.026319
0.0402003
0.0357977
0.0927816
0.183688
0.0923991
0.265968
0.0969122
0.140586
0.0427857
0.0214039
0.0685207
0.0663894
0.213288
0.133853
0.101701
0.242109
0.0923632
0.0847711
0.111517
0.0980505
0.152549
0.217876
0.0566891
0.0960896
0.0904281
0.0651613
0.118237
0.206958
0.244517
0.128772
0.0626872
0.12289
0.114637
0.102222
0.103046
0.26945
0.264177