0.0882657
0.0922071
0.0470873
0.0945313
0.0590623
0.120083
0.1235
0.103286
0.143853
0.135996
0.133205
0.238427
0.163639
0.146389
0.0966668
0.0513888
0.0992601
0.0892995
0.0318391
0.0424504
0.0570444
0.314339
0.222108
0.14576
0.130797
0.0919884
0.226716
0.532548
0.195109
0.151764
0.157316
0.0692828
0.095578
0.0960502
0.146901
0.135595
0.0342329
0.0448903
0.0627806
0.105687
0.0819766
0.0855101
0.126099
0.0865665
0.0154337
0.171636
0.310767
0.140253
0.0398999
0.0454604
0.19491
0.331593
0.0908801
0.0274429
0.0891681
0.0848615
0.106571
0.0603447
0.0928817
0.0918962
0.0223983
0.1575
0.611008
0.24506
0.00968978
0.032526
0.0340018
0.0193013
0.0348422
0.125292
0.247685
0.0435069
0.00488484
0.0108586
0.0107359
0.0120093
0.0711208
0.0845845
0.147559
0.0663124
0.0622038
0.0186247
0.00864514
0.0058019
0.0142163
0.152296
0.571226
0.197771
0.0183222
0.0055268
0.0114015
0.00494
0.0317697
0.248835
0.564684
0.191335
0.0489562
0.0397996
0.0368412
0.0247391
0.0551785
0.127118
0.166481
0.0920926
0.108515
0.150776
0.174708
0.114287
0.0500527
0.106604
0.119617
0.0590086
0.0762169
0.0838054
0.0899771
0.00559932
0.0271757
0.294247
0.567613
0.149013
0.127852
0.304428
0.285346
0.0457497
0.0199397
0.129332
0.22287
0.108973
0.155655
0.189298
0.262286
0.0989733
0.0440211
0.0811608
0.102158
0.0541897
0.141417
0.13325
0.197707
0.102658
0.0807446
0.0823609
0.166758
0.101304
0.135673
0.298354
0.219776
0.0613684
0.0319063
0.179525
0.165428
0.123142
0.152399
0.161641
0.0631533
0.170452
0.187874
0.392003
0.217395
0.106922
0.0721377
0.154707
0.150138
0.131126
0.136991
0.0492623
0.0736088
0.0467243
0.182763
0.390453
0.181101
0.0696108
0.0850742
0.0607194
0.193291
0.0808863
0.245435
0.140845
0.066612
0.16709
0.187448
0.159903
0.0720068
0.056065
0.336648
0.236101
0.072868
0.0875201
0.127343
0.0791129
0.274514
0.192484
0.21163
0.339845
0.128571
0.0257359
0.0428192
0.0371689
0.108584
0.0493185
0.13336
0.252121
0.211885
0.220218
0.147959
0.0747011
0.0561011
0.0431806
0.179393
0.263842
0.0792366
0.0659955
0.0590405
0.0446063
0.160143
0.119383
0.168004
0.38024
0.155778
0.283782
0.154713
0.0730765
0.0140183
0.101348
0.0884786
0.0606793
0.018673
0.0393997
0.0816641
0.148991
0.0963402
0.153491
0.0654783
0.0288067
0.139367
0.363809
0.188739
0.0868943
0.0843927
0.096365
0.147693
0.130298
0.0608457
0.17892
0.108563
0.0470742
0.0248772
0.148443
0.0850971
0.0926122
0.132637
0.561509
0.376752
0.0712626
0.0159171
0.0693472
0.0140856
0.0165022
0.0817154
0.22946
0.0707926
0.00961889
0.0190079
0.0223424
0.155195
0.0900029
0.093719
0.174147
0.0286946
0.021655
0.200282
0.198453
0.00898651
0.0162755
0.059225
0.427597
0.224812
0.0162953
0.00216864
0.00689673
0.127106
0.0797815
0.137746
0.559165
0.316062
0.00531497
0.129086
0.136812
0.0793477
0.0311993
0.0181644
0.0260858
0.00441178
0.0520227
0.320285
0.156232
0.00713622
0.00157154
0.00161099
0.00268148
0.00428071
0.155331
0.449906
0.075515
0.0705422
0.0315009
0.0470652
0.169237
0.0757338
0.0337244
0.460393
0.140331
0.00579393
0.00186485
0.00274054
0.00484022
0.0035358
0.123472
0.527343
0.0941725
0.00475088
0.00774076
0.0130089
0.000448264
0.00195372
0.119205
0.349573
0.057881
0.00806385
0.0399175
0.0507181
0.00129172
0.00146296
0.0694304
0.263298
0.086606
0
0.000137786
0.00059167
0.00193651
0.00721895
0.116483
0.570552
0.0853111
0.00575474
0.00662995
0.0039322
0.002348
0.0102815
0.142795
0.570552
0.159071
0.0324906
0.120177
0.0495459
0.00829305
0.0115903
0.0838518
0.171361
0.101832
0.102998
0.167769
0.0115889
0.0485446
0.078173
0.110476
0.0499078
0.0459774
0.0258805
0.0757794
0.0108952
0.00205783
0.0101824
0.242595
0.618742
0.213511
0.134027
0.166134
0.0217721
0.0196381
0.0280087
0.181518
0.455187
0.11342
0.291294
0.16275
0.0331347
0.0528901
0.0774743
0.0614376
0.0113308
0.0568551
0.439073
0.153643
0.0710973
0.0586999
0.0603294
0.0252368
0.0489441
0.138733
0.303966
0.162449
0.110732
0.0493563
0.036953
0.0775567
0.211589
0.0894987
0.485933
0.130493
0.15015
0.0750203
0.0648402
0.113275
0.0411965
0.16913
0.256671
0.140721
0.0774743
0.0830669
0.0463528
0.0159902
0.0511416
0.151868
0.213472
0.21316
0.0937397
0.148812
0.0542754
0.075028
0.0610335
0.199585
0.358843
0.121621
0.115488
0.114191
0.070505
0.0947811
0.0363684
0.275342
0.345673
0.141785
0.110667
0.124969
0.0826995
0.151711
0.115092
0.324056
0.0914309
0.0979882
0.0729619
0.146012
0.0508954
0.0399897
0.00736871
0.0732712
0.0465594
0.110511
0.146728
0.594343
0.23199
0.0419649
0.00515792
0.0268549
0.165342
0.11341
0.084464
0.057044
0.0171238
0.0346828
0.0688637
0.10657
0.170412
0.18026
0.216005
0.389876
0.253847
0.0403168
0.0674014
0.0516476
0.00122707
0.00719702
0.0214503
0.296784
0.154247
0.00410601
0.000210652
0.000680029
0.00947885
0.00513272
0.0205274
0.47496
0.309185
0.000694888
0.014072
0.0105453
0.0176644
0.0141497
0.0275966
0.31093
0.194927
0.00752211
0.00682768
0.00186058
6.84515e-005
0.000670854
0.00295738
0.47496
0.396194
0.0026852
0.00278495
0.000140645
0.0172441
0.0122503
0.026357
0.331182
0.186474
0.0133111
0.222276
0.0478454
0.00458075
0.00560821
0.00548147
0.0136737
0.00715386
0.0750081
0.668424
0.117223
0.00167015
0.00482075
0.00547553
0.41135
0.259634
0.00662903
0.0214793
0.00373296
0.00484109
0.0102866
0.0128566
0.0158006
0.0249626
0.008921
0.169433
0.0563653
0.00035797
0.000101773
0.000602809
0.00108127
0.00383729
0.0435206
0.529207
0.0651772
0.00290755
0.000355348
0.000168936
0.00125497
0.005389
0.076622
0.529207
0.0784949
0.00106395
0.00345527
0.00320365
0.000292247
0.00567514
0.0111013
0.281558
0.0486779
0.000315816
0.00057552
0.000302636
0.000129701
0.0012461
0.0429612
0.529207
0.0754885
0.00258948
0.00310242
0.000557957
0.00155641
0.00506492
0.0933506
0.436798
0.050725
0.0148194
0.0106688
0.00514518
0.00312882
0.00679797
0.106568
0.374221
0.0519927
0.000897004
0
9.06759e-005
0.00212005
0.00600333
0.0534277
0.529966
0.0660198
0.00260885
5.20366e-005
0.000884622
0.00312178
0.00824192
0.109561
0.529966
0.0999617
0.0302351
0.0139761
0.0351771
0.00827308
0.00692128
0.105543
0.304052
0.0445128
0.0459379
0.0225363
0.0413265
0.0252028
0.02485
0.0889184
0.141257
0.0465744
0.00478247
0.000247783
0.00662373
0.00132609
0.00157542
0.18274
0.596837
0.105103
0.0118583
0.0107062
0.00761027
0.00576387
0.00736116
0.171035
0.596837
0.104756
0.107547
0.0550889
0.0521945
0.0846671
0.0636318
0.0751842
0.0625586
0.0805787
0.192667
0.0929383
0.10582
0.117538
0.0770468
0.0623043
0.0511483
0.152271
0.0585011
0.0481727
0.0281389
0.0706053
0.0505906
0.17885
0.68544
0.106145
0.148737
0.137509
0.167038
0.197715
0.236142
0.0745618
0.187692
0.162801
0.114692
0.0770258
0.111924
0.125239
0.0743625
0.0470973
0.0652894
0.0683273
0.210678
0.171751
0.169901
0.229148
0.257706
0.0793047
0.0909485
0.0752169
0.107562
0.042081
0.0920341
0.184891
0.185061
0.17648
0.0860892
0.0625553
0.0796808
0.0854181
0.113551
0.260451
0.433736
0.37131
0.158761
0.122702
0.0320631
0.0181641
0.0237321
0.209824
0.163789
0.0134987
0.0112763
0.00951293
0.000219735
0.000366934
0.00555743
0.472809
0.345793
0.00505901
0.00281517
0.000217084
0.0128093
0.0148158
0.0282932
0.254882
0.221253
0.0354549
0.0157768
0.0234925
0.00122452
0.00145782
0.00916292
0.472809
0.442839
0.00386123
0.00124682
0.000939833
0.00514343
0.00228519
0.00321158
0.481292
0.380771
0.0192648
0.0188526
0.00580714
0.0122044
0.0136089
0.0110685
0.015935
0.0408058
0.0186491
0.0388796
0.0227853
0.0140629
0.0064285
0.00415256
0.563585
0.449461
0.0229727
0.015047
0.0145369
0.0342494
0.0218322
0.00588999
0.0259039
0.030474
0.0264492
0.0362177
0.0333679
0.00654393
0.0155532
0.0103754
0.0114865
0.0294465
0.0252364
0.132077
0.0458242
0.0060873
0.0111364
0.0120612
0.0109069
0.0198771
0.0468569
0.872844
0.149275
0.0458109
0.0224787
0.0117147
0.0227983
0.0136532
0.0277904
0.0585214
0.0394977
0.129945
0.14964
0.0167454
0.0215064
0.0195555
0.02406
0.0703088
0.0750751
0.00524069
0.00380795
0.00172098
0.00136736
0.00480593
0.0195647
0.462957
0.0490184
0.00739921
0.0118593
0.00666633
0.00052312
0.00298954
0.0558319
0.562125
0.0828166
0.0821327
0.127247
0.00232047
0.00164295
0.00410379
0.00246211
0.0478149
0.0183898
0.174667
0.496279
0.0264046
0.000536218
0.00201494
0.017283
0.310939
0.033258
0.00322989
0.00855319
0.0155778
0.0148636
0.00600861
0.101771
0.484746
0.0631835
0.00163711
0.00157135
0.00932441
0.0334706
0.0300525
0.156006
0.484746
0.0807645
0.0974838
0.410733
0.0823268
0.0640695
0.0146678
0.0905658
0.298235
0.0228519
0.0545833
0.215673
0.101174
0.147184
0.0748229
0.151514
0.185935
0.0524837
0.0172337
0.00886448
0.00836955
0.0264726
0.0372832
0.169123
0.561331
0.108492
0.0758506
0.0775353
0.105284
0.0451613
0.101183
0.0737858
0.291863
0.118972
0.0642833
0.21189
0.0786657
0.127298
0.0807992
0.141324
0.273454
0.117208
0.103976
0.182345
0.188819
0.267729
0.113701
0.0697097
0.250145
0.127021
0.0550906
0.00806407
0.0297535
0.116682
0.105082
0.10801
0.0592432
0.0917881
0.0205678
0.00622683
0.0246763
0.294171
0.325247
0.204499
0.0567075
0.0775168
0.0620106
0.0584495
0.0253607
0.0916263
0.0742297
0.0998146
0.0955168
0.211525
0.0352869
0.00483122
0.0384579
0.639508
0.309918
0.06078
0.0237467
0.116214
0.000822741
0.00204387
0.00956104
0.226088
0.193738
0.0196115
0.00506782
0.00765438
0.000791434
0.000414371
0.00353595
0.430241
0.354381
0.00603191
0.000619075
0.00152182
0.00130201
6.61568e-005
0.0120075
0.370024
0.21524
0.00146789
0
0.00424097
0.00775824
0.0101057
0.00278859
0.450366
0.411026
0.00705274
0.0080734
0.00636244
0.00727334
0.00355348
0.00191512
0.274518
0.24419
0.0238885
0.0126895
0.0128798
0.0344529
0.0278901
0.00162406
0.00646867
0.0107872
0.0199824
0.0362881
0.0240664
0.0909441
0.139982
0
0.286483
0.28185
0.0255125
0.0260996
0.0299623
0.385419
0.668616
0
0.00184079
0.00806037
0.0135527
0.0438817
0.0389453
0.0531002
0.0559587
0.0010694
0.00123253
0.00134704
0.00844106
0.0128472
0.0118543
0.153815
0.313784
0.000732322
0.00118231
0.00162384
0.00552184
0.00508977
0.0156728
0.267739
0.553408
0.00153227
0
0.000243698
0.00336068
0.0111538
0.0123257
0.363095
0.553408
0.0154406
0.00621583
0.000350495
0.00169136
0.00222972
0.00693811
0.149384
0.389905
0.000678513
0.000222455
0.0018001
0.00140751
0.000773401
0.00537934
0.200326
0.478108
0.0149983
0.0014465
0.00204198
0.00216499
0.00756394
0.00254496
0.20209
0.478108
0.0179554
0.00781194
0.00503351
0.00275271
0.000468611
0.00316925
0.138221
0.452623
0.120391
0.0241475
0.0180094
0.0102291
0.00187445
0.00551063
0.172898
0.52923
0.0610858
0.0301238
0.00456294
0.0135328
0.0156733
0.00307745
0.16416
0.434351
0.0994229
0.0625092
0.0217849
0.0226912
0.0129592
0.026294
0.156725
0.341294
0.166453
0.0510269
0.030414
0.0289865
0.00499954
0.0114947
0.230778
0.401565
0.0811906
0.0336539
0.0382596
0.0497896
0.0279752
0.0348014
0.16149
0.545981
0.131157
0.0770738
0.0270796
0.0234551
0.0416924
0.0679381
0.0863049
0.309345
0.199799
0.219642
0.0873129
0.0246347
0.0613105
0.123145
0.183435
0.414735
0.102417
0.0422762
0.0545888
0.0283922
0.05697
0.0868841
0.106391
0.189689
0.126616
0.0712809
0.126831
0.0561142
0.106803
0.136932
0.0783273
0.128716
0.0266132
0.0400989
0.107698
0.0591097
0.0393879
0.0740039
0.0256688
0.00804218
0.0265331
0.366159
0.293282
0.0354017
0.0170095
0.0380925
0.0796947
0.101551
0.0312961
0.0990923
0.241089
0.0715089
0.046021
0.0636734
0.0443696
0.00551305
0.0218352
0.287008
0.676032
0.0669913
0.0464405
0.0664205
0.00121432
0.000299829
0.00781624
0.331437
0.263031
0.0292123
0.011519
0.00772651
0.117319
0.101376
0.00148185
0.387794
0.413025
0.0657641
0.0701189
0.0543439
0.0254449
0.00698608
0.00605223
0.159549
0.317213
0.07799
0.0382406
0.0469346
0.332671
0.216525
0.0122467
0.0848883
0.205133
0.129158
0.113439
0.192639
0.162843
0.290096
0.00156071
0.0693377
0.093128
0.0145236
0.029311
0.0305849
0.25535
0.486332
0.0114552
0.000867185
0.00129838
0.00163676
0.00723907
0.0084532
0.273064
0.407936
0.0204096
0.00908646
0.0297195
0.0235198
0.0350841
0.0618719
0.185391
0.486332
0.0693627
0.00317927
0.00105505
0.00391506
0.00775312
0.00748072
0.205648
0.50309
0.0102302
0.000187937
0
0.000148612
0.0068686
0.00340509
0.196215
0.50309
0.0229262
0.00406913
0
0
0.00359993
0.00174509
0.122687
0.375291
0.0471651
0.0162973
0.00924363
0.00374756
0.00460151
0.00721239
0.197288
0.401737
0.0434899
0.0261373
0.0138617
0.0184935
0.00316641
0.024885
0.269438
0.542389
0.0427374
0.0113626
0.00323845
0.00404417
0.0235594
0.0309106
0.154592
0.274591
0.206913
0.0895132
0.0505546
0.0323934
0.0701261
0.0970463
0.275912
0.384642
0.0408151
0.0170656
0.0287323
0.123765
0.0378793
0.120612
0.120612
0.0979156
0.0755069
0.103359
0.087397
0.149019
0.1167
0.21484
0.0940069
0.169569
0.2762
0.276888
0.151077
0.0883695
0.0399067
0.0595389
0.125296
0.177154
0.132582
0.223782
0.21037
0.172228
0.0782181
0.0432912
0.03843
0.0457603
0.206679
0.353117
0.181334
0.0671901
0.0881573
0.122158
0.0252637
0.0446098
0.14743
0.291523
0.252463
0.201221
0.166907
0.12106
0.0638972
0.107625
0.101226
0.0629591
0.140224
0.0845874
0.0968494
0.0684293
0.0698603
0.0581156
0.0679636
0.135786
0.258128
0.161515
0.21545
0.0810634
0.0548932
0.0400538
0.0518125
0.0388989
0.145473
0.168272
0.309746
0.252716
0.0877931
0.146879
0.110079
0.216727
0.331384
0.132483
0.351657
0.320591
0.0545299
0.026076
0.0127492
0.115242
0.165558
0.0582119
0.0585715
0.0853356
0.0746315
0.0158975
0.0372212
0.412487
0.529353
0.0672572
0.0583638
0.102787
0.110061
0.079711
0.0500538
0.132
0.105671
0.0284784
0.0741465
0.0675774
0.132724
0.0911808
0.0599277
0.387234
0.269981
0.131575
0.130824
0.183161
0.127906
0.038148
0.0276868
0.19113
0.282979
0.0597004
0.0434699
0.0586612
0.350995
0.370872
0.0487521
0.0183991
0.0461807
0.047515
0.0458753
0.137897
0.215184
0.0837849
0.0422652
0.138816
0.136905
0.0803576
0.0963517
0.217897
0.30706
0.465666
0.0964302
0.00905191
0.0304534
0.0445372
0.0368932
0.11876
0.279218
0.493136
0.0360586
0.000534355
0.00166262
0.00864278
0.0111774
0.045562
0.270841
0.470174
0.0652224
0.00999434
0.00314008
0.00339637
0.0279866
0.0665805
0.176461
0.389982
0.0341196
0.00664973
0.0230547
0.0483227
0.021472
0.00647546
0.216519
0.204527
0.00121486
0.0164237
0.0125055
0.0231949
0.07473
0.127362
0.167631
0.345584
0.0824
0.0876514
0.0488497
0.0280124
0.0541948
0.0819172
0.189688
0.317887
0.175646
0.207622
0.158412
0.0865655
0.0394184
0.0995716
0.145549
0.0581461
0.0329477
0.0742566
0.0404015
0.0320825
0.135058
0.266917
0.121711
0.0365873
0.0950188
0.182159
0.196988
0.087717
0.172222
0.47455
0.117325
0.125815
0.0743934
0.0863275
0.155952
0.225057
0.0209001
0.132526
0.0398373
0.0192583
0.0389893
0.107918
0.193861
0.310882
0.0903539
0.103658
0.0789942
0.0334158
0.033565
0.0957406
0.232135
0.193097
0.0977504
0.342531
0.0243284
0.0292674
0.00786399
0.181282
0.423756
0.382476
0.102567
0.0837472
0.0250981
0.0222912
0.150697
0.21259
0.13173
0.144766
0.172291
0.0824819
0.0467812
0.0382059
0.150942
0.15863
0.0863031
0.106145
0.230416
0.188803
0.00858985
0.0411275
0.0771061
0.450163
0.296397
0.215027
0.147734
0.0271405
0.0741608
0.0751215
0.167383
0.390881
0.131533
0.0720891
0.113968
0.0746992
0.0946897
0.0447995
0.0718608
0.0362872
0.0425403
0.0857786
0.29101
0.288586
0.11463
0.205309
0.149667
0.142
0.116288
0.0386889
0.267306
0.432864
0.116196
0.0774804
0.135178
0.111309
0.0725945
0.0493743
0.0653035
0.0760803
0.10774
0.0967417
0.155564
0.354293
0.168023
0.0743019
0.0569817
0.202641