0.0367961
0.0236116
0.0660384
0.170279
0.1196
0.0739461
0.0624011
0.0628298
0.0808679
0.0831875
0.118045
0.166761
0.206827
0.11972
0.103093
0.240174
0.057401
0.0267938
0.0953276
0.236327
0.237278
0.173761
0.11528
0.0941852
0.19893
0.120868
0.20026
0.392045
0.402058
0.190792
0.176257
0.196055
0.041003
0.0393138
0.0772131
0.0598285
0.0910883
0.142047
0.107902
0.189749
0.0163793
0.0243557
0.0555802
0.0588439
0.0713286
0.113657
0.118957
0.0789102
0.105586
0.0463283
0.0723385
0.108232
0.120641
0.264628
0.356329
0.204595
0.0114553
0.00276674
0.0102146
0.0150672
0.0392798
0.372608
0.573855
0.23439
0.0445246
0.0546736
0.0370092
0.105459
0.077943
0.102006
0.11083
0.0492632
0.0529455
0.0724971
0.12815
0.128539
0.0596018
0.0889909
0.0719285
0.0429395
0.0516675
0.0412018
0.0138427
0.0299966
0.0737411
0.401214
0.589458
0.310432
0.0854044
0.109172
0.100411
0.141369
0.132983
0.223737
0.2034
0.169091
0.100081
0.175413
0.199959
0.187605
0.0917568
0.106772
0.109697
0.15807
0.0848423
0.20455
0.164464
0.203689
0.177708
0.131836
0.132782
0.169934
0.153544
0.151187
0.16959
0.303709
0.121682
0.156781
0.143408
0.164327
0.158696
0.110301
0.14564
0.205617
0.0892043
0.175547
0.220756
0.171443
0.111732
0.102875
0.16657
0.160718
0.141547
0.0987496
0.0712766
0.0924063
0.198902
0.165512
0.199124
0.135666
0.0687883
0.113238
0.11041
0.088856
0.205003
0.125194
0.181076
0.183111
0.109171
0.118705
0.120332
0.0905381
0.268457
0.222413
0.343882
0.321708
0.169345
0.0713212
0.0772666
0.0672234
0.249087
0.170426
0.173754
0.0819462
0.0689675
0.0710758
0.0545188
0.06938
0.243554
0.164461
0.224082
0.176405
0.0998998
0.0323945
0.0424441
0.0816711
0.200017
0.0997898
0.24304
0.200786
0.20361
0.0409437
0.103248
0.0893229
0.34952
0.109642
0.197354
0.150999
0.16181
0.0300501
0.181255
0.191342
0.117305
0.125957
0.190712
0.117568
0.0800326
0.026415
0.017565
0.0271125
0.175695
0.230849
0.319409
0.230748
0.112394
0.0774342
0.0437169
0.14642
0.229286
0.124318
0.177064
0.0693267
0.135657
0.0305009
0.0605434
0.127477
0.275893
0.136211
0.176592
0.296
0.248365
0.152968
0.0992638
0.14702
0.0305085
0.0216811
0.0852368
0.196916
0.136028
0.0745616
0.0520449
0.0369029
0.0468942
0.0229967
0.107603
0.366923
0.332956
0.0584329
0.0513057
0.0341741
0.0395586
0.0507457
0.0710906
0.148932
0.171433
0.113552
0.104983
0.0464331
0.00694044
0.0100245
0.0704251
0.500423
0.500423
0.117851
0.0352277
0.00863131
0.0451701
0.0267148
0.0356779
0.130369
0.122201
0.0667325
0.144047
0.0824398
0.0264247
0.0236027
0.00694248
0.0107157
0.00665386
0.161829
0.428608
0.215457
0.0391292
0.0596074
0.0309526
0.368149
0.337727
0.0191872
0.0310103
0.072013
0.0874702
0.0833362
0.0217
0.195005
0.151358
0.0822798
0.459898
0.269026
0.00661118
0.0058935
0.000569365
0.000485159
0.013514
0.173341
0.322723
0.165149
0.0168971
0.0203348
0.00996519
0.0247988
0.0515686
0.147585
0.189381
0.186926
0.0215085
0.0116207
0.00155111
0.0196131
0.0140672
0.15083
0.509695
0.193677
0.0340996
0.020306
0
0.000962924
0.0387105
0.183423
0.509695
0.271195
0.0581111
0.0400861
0.0276462
0.0647195
0.0681051
0.0838143
0.119935
0.178642
0.0695884
0.0215202
0.0380245
0.0377312
0.0310737
0.0501718
0.0680164
0.114367
0.0888715
0.0322906
0.00469156
0.00565739
0.124825
0.215362
0.534439
0.40611
0.105823
0.0155117
0.0231514
0.0182776
0.27671
0.164078
0.277834
0.351834
0.102106
0.0622435
0.0686763
0.0863136
0.063057
0.0722116
0.0889364
0.107015
0.103182
0.0906589
0.162565
0.252123
0.159149
0.0366002
0.0547222
0.0694096
0.24332
0.0645559
0.0555421
0.0540546
0.330945
0.159475
0.275586
0.380361
0.215452
0.0970482
0.253588
0.15874
0.104778
0.0972667
0.133724
0.263344
0.0973898
0.0476488
0.184254
0.204257
0.215261
0.0151073
0.0816909
0.121225
0.19952
0.110301
0.145155
0.0856804
0.122573
0.0189612
0.146185
0.207295
0.211839
0.0974979
0.266132
0.212871
0.136726
0.0563817
0.0772606
0.252384
0.17214
0.19945
0.184765
0.188288
0.167149
0.0702738
0.118588
0.274917
0.164307
0.173912
0.0956971
0.0536522
0.135436
0.0456757
0.137617
0.180234
0.202414
0.147616
0.078201
0.115946
0.208833
0.14849
0.154149
0.162901
0.103703
0.249281
0.136712
0.180266
0.158529
0.113386
0.142063
0.176853
0.0822731
0.232059
0.181306
0.237388
0.208691
0.134329
0.131883
0.148035
0.0351444
0.0627944
0.0563506
0.0574188
0.157212
0.108942
0.0678394
0.0343944
0.0146624
0.0125616
0.0540424
0.28606
0.556494
0.114769
0.0323245
0.0101776
0.0411648
0.0516598
0.0356238
0.0640194
0.233315
0.080493
0.0639129
0.0522459
0.0157176
0.0123673
0.0296632
0.285271
0.561676
0.0665131
0.0323602
0.0200281
0.0103336
0.0137708
0.0123909
0.267879
0.39608
0.0101992
0.00300681
0.0112503
0.0371891
0.0265698
0.00930467
0.207854
0.285974
0.0219095
0.22223
0.0687709
0
0
0.00329775
0.318592
0.4287
0.0054056
0
0
0.00798974
0.00685167
0.00504486
0.277123
0.4287
0.00157562
0.0195735
0.00884687
0.0185105
0.00976503
0.00286797
0.0360553
0.0412584
0.0469029
0.531453
0.109142
0.0146396
0.00634586
0.000198119
0.00305522
0.0128339
0.0905386
0.531453
0.176013
0.0211196
0.00869254
0.0059653
0.0516447
0.0856121
0.00454356
0.125855
0.0383648
0.0196043
0.00706378
0.00112824
0.00512632
0.00206452
0.029207
0.52938
0.126732
0.0142317
0.00344714
0
0
0.030398
0.0802368
0.467144
0.143889
0.0226115
0.00294184
0.000736805
0.0035687
0.0970943
0.128379
0.349429
0.154292
0.00905808
0.00391741
0.000400922
0.000291592
0.00251935
0.0295931
0.467144
0.155164
0.0131269
0.00158449
0.000100231
0
0.00923697
0.0840392
0.467144
0.257205
0.0614899
0.0133588
0.00409769
0.00519316
0.0665505
0.126536
0.22614
0.147434
0.0570041
0.0170499
0.0315637
0.013202
0.0348198
0.138858
0.165203
0.0875347
0.017513
0.0027792
0
0
0.015297
0.157653
0.563137
0.20752
0.0127884
0.00237905
0.000179167
0.00198316
0.0310856
0.260745
0.563137
0.123126
0.0493304
0.0299323
0.0335462
0.0455206
0.0425178
0.099151
0.117926
0.0696652
0.0586493
0.0549851
0.0167641
0.0621059
0.0517261
0.0439653
0.0444366
0.0963508
0.0328508
0.0134875
0.000945467
0.0102275
0.0348565
0.248422
0.551672
0.206056
0.497161
0.0413438
0.00233988
0.0147496
0.0302669
0.129985
0.223278
0.375984
0.0443735
0.0302157
0.0118691
0.0296863
0.020987
0.0269296
0.0195408
0.0393542
0.0381697
0.0286666
0.0253233
0.0382837
0.0364068
0.0370473
0.0170283
0.0546192
0.531476
0.0199371
0.00318567
0.00634158
0.00795352
0.0367378
0.0715836
0.260032
0.506625
0.0168215
0.0134842
0.00762113
0.0149923
0.0376023
0.0442337
0.556681
0.0242164
0.0325981
0.0200792
0.0812857
0.153597
0.0228176
0.0188593
0.0255569
0.00722255
0.0100255
0.00604686
0.291244
0.541282
0.0187032
0.00907189
0.00787684
0.0122115
0.0309485
0.0624719
0.115643
0.141358
0.00509389
0.00581189
0.0103524
0.00278548
0.00727712
0.0473879
0.447411
0.541282
0.0179719
0.00117324
0.0023945
0
0
0
0.269433
0.411744
0.00108474
0
0
0.0117489
0.00128001
0.00238607
0.234275
0.349549
0.00172917
0.00171037
0.0106595
0
0.000233636
0.00313865
0.348846
0.411744
0.00556691
0
0
0.0136281
0.00276654
0.00642405
0.28036
0.411744
0.00234327
0.000468555
0.011983
0.142541
0.0186424
0.0131011
0.203103
0.323326
0.0151004
0.0255426
0.130586
0.216382
0.0543681
0.00359555
0.00695687
0.00819725
0.0105315
0.237345
0.232809
0.18038
0.0288228
0.0414668
0.258191
0.478495
0.0167539
0.00824751
0.15189
0.321833
0.0834228
0.00916546
0.0262875
0.0372117
0.00342313
0.0350218
0.197393
0.0767351
0.0268791
0.00232269
0.00111838
0.001352
0.00839404
0.270086
0.151725
0.0988833
0.0165495
0.00235435
0
0
0.0462182
0.787001
0.35375
0.119343
0.0492947
0.00517754
0.0035697
0.0036495
0.00179769
0.00905937
0.0586214
0.147643
0.0639802
0.0470343
0.013171
0.00397671
0.00997894
0.091172
0.0808505
0.0245015
0.00333666
0.00141741
0
0.00131883
0.0652116
0.526236
0.123351
0.00640652
0.000980872
0.000890975
0
0.00279511
0.116946
0.526236
0.173349
0.0851877
0.0332241
0.0240725
0.00430768
0.000608431
0.0121003
0.137124
0.0565623
0.189063
0.13224
0.0110936
0
0.000204217
0.0274098
0.47666
0.13394
0.0124708
0.00279433
0
0
0.00810003
0.107553
0.440289
0.109395
0.206484
0.0153939
9.16945e-005
0.00525476
0.0189593
0.135
0.334146
0.145112
0.168796
0.153643
0.0288664
0.0103779
0.00196478
0.0631483
0.444997
0.0763416
0.134509
0.130565
0.0989052
0.148643
0.0388954
0.144964
0.429136
0.0979695
0.276904
0.00697162
0.000254188
0.003342
0.00685794
0.0525291
0.240717
0.210823
0.316403
0.0107348
0.00293236
0.001801
0.00822326
0.0279176
0.18326
0.437061
0.0563388
0.0469392
0.0592241
0.0967958
0.0356999
0.0677937
0.30979
0.201321
0.071668
0.0330144
0.0379202
0.0440675
0.119487
0.155739
0.339978
0.35327
0.0257808
0.0265714
0.0797258
0.144825
0.0848432
0.00823646
0.00679393
0.0119884
0.00338828
0.00722546
0.0975298
0.481583
0.410099
0.0306037
0.0089603
0.00144878
0.0864233
0.0439708
0.0801885
0.159275
0.0781106
0.0504698
0.0276743
0.0248576
0.016443
0.0078353
0.0627974
0.536949
0.373167
0.10111
0.0555744
0.00106463
0
0.000358158
0.00771873
0.269256
0.384063
0.00903992
0.00133809
0
0.00283331
0.00125793
0.00572973
0.207458
0.403571
0.0046299
0.000893602
0.00159286
0
8.95394e-005
0.00498786
0.338794
0.415132
0.0154722
0.0069852
0
0.0141362
0.00431808
0.0109995
0.2695
0.415132
0.00628154
0.00171183
0.00448817
0.0239902
0.0071508
0.0273142
0.116775
0.236337
0.0206495
0.00730377
0.0140855
0.0535451
0.0263958
0.0202408
0.0248584
0.0238632
0.0078007
0.0248757
0.0389581
0.159825
0.118362
0.0473711
0.156828
0.285947
0.0235731
0.0106248
0.0192282
0.603108
0.564832
0.0340665
0.0145209
0.00941115
0.0125445
0.0245881
0.0125314
0.0473829
0.0315421
0.00719866
0.00690853
0.0053305
0.000866535
0.00702189
0.0147857
0.125865
0.171764
0.037832
0.0179536
0.00812904
0.000656727
0.00398607
0.0163476
0.291984
0.510884
0.0132971
0.00644496
0.00415831
0.00243214
0.00671439
0.00647549
0.447513
0.583861
0.0572149
0.00994068
0.00570448
0.000437818
0.000324353
0.0151294
0.141823
0.20721
0.0286348
0.00760944
0.00170168
0.000143516
0.00564075
0.0176316
0.324432
0.396439
0.0132309
0
0
0.00183976
0.0382071
0.0210876
0.259542
0.466754
0.0491049
0.00356396
0.00113446
9.56771e-005
0.000649859
0.00568407
0.33971
0.466754
0.0634062
0
0
0
0.000433239
0.0115005
0.287261
0.379277
0.043627
0.00753644
0
0.00990451
0.0753618
0.0215883
0.19005
0.298835
0.138097
0.110479
0.0119383
0.0296114
0.0753184
0.0619247
0.235816
0.469887
0.0618298
0
0
0.000899201
0.000151813
0.0158395
0.195538
0.469887
0.102492
0.00735532
0.00833043
0.00385143
0.00022772
0.040193
0.0944747
0.317576
0.206758
0.12892
0.0318266
0.0318762
0.0815401
0.118491
0.0313624
0.224993
0.191666
0.090867
0.234354
0.265646
0.152851
0.162339
0.152949
0.472677
0.157599
0.0117645
0.0577337
0.0225246
0.00416327
0.0449862
0.0393227
0.313207
0.171448
0.0465091
0.177167
0.153751
0.0815513
0.0608027
0.0849584
0.0489766
0.0747124
0.138361
0.0693617
0.0709856
0.0499123
0.0329314
0.0191215
0.0126041
0.0408075
0.444729
0.384416
0.14131
0.0630943
0.0138629
0.0581256
0.127825
0.0578488
0.162899
0.0918588
0.062716
0.0786817
0.083712
0.0133099
0.0446635
0.0831965
0.446226
0.447174
0.117471
0.0840354
0.0550458
7.02176e-005
0
0.00293931
0.30468
0.392843
0.0321723
0.0104752
0.00697472
0.118722
0.10053
0.00516051
0.240295
0.457677
0.04574
0.0215032
0.0350316
0.0213223
0.0135205
0.0127109
0.218884
0.305874
0.0783513
0.0388197
0.0329251
0.251535
0.312406
0.0632311
0.11246
0.236263
0.0961912
0.0624847
0.110617
0.181994
0.242648
0.00827008
0.0322535
0.0697485
0.0138481
0.00651314
0.0148859
0.306896
0.462522
0.0331468
0.0040755
0.000136132
0.00166699
0.00203078
0.00149684
0.266223
0.441409
0.0697418
0.0157042
0.0290567
0.0193791
0.0127927
0.0320181
0.214565
0.462522
0.115197
0.00897108
0.00116031
0.00284355
0.00292194
0.00696642
0.238747
0.476855
0.0349945
0.00309973
0.000218845
0.000631645
0.00115043
0.00354365
0.225754
0.476855
0.117888
0.000206148
5.47112e-005
0.000391552
0.000391552
0.0120197
0.168818
0.429868
0.090323
0.0166962
0.00552286
0.00174161
0.0101506
0.0207446
0.167757
0.303611
0.170494
0.039817
0.0115602
0.00865023
0.0234633
0.0286459
0.293363
0.538957
0.152172
0
0.000140387
0.00238374
0.00422982
0.0208432
0.334635
0.439479
0.0786559
0.00167558
0.000561547
0.00727733
0.0317624
0.0815207
0.188681
0.240986
0.208417
0.0387507
0.0250778
0.016255
0.032374
0.0370872
0.200789
0.133659
0.0413698
0.0211084
0.033116
0.0220899
0.0765238
0.102921
0.285439
0.54732
0.0603832
0.00181584
0.000273442
0.0134734
0.0526352
0.112113
0.228446
0.545164
0.0609781
0.0296677
0.0309584
0.0217901
0.0143324
0.0781349
0.127747
0.129485
0.0405641
0.0367775
0.0261345
0.0296034
0.120247
0.128457
0.148493
0.186087
0.059584
0.0761988
0.0505549
0.0398344
0.0636472
0.0997936
0.257809
0.424158
0.0902246
0.0565611
0.194946
0.103905
0.0345127
0.0811149
0.0943013
0.24031
0.0954393
0.0420075
0.276328
0.229335
0.227606
0.118701
0.156767
0.13477
0.0882201
0.182382
0.15528
0.0828358
0.0617284
0.0828716
0.138281
0.0930987
0.121323
0.164289
0.185141
0.0897029
0.111186
0.11475
0.0248223
0.164856
0.0849287
0.22079
0.164414
0.0941047
0.0564974
0.0870873
0.0208962
0.0533663
0.0905641
0.273298
0.375376
0.210388
0.0975708
0.0636558
0.0341942
0.131453
0.149018
0.195793
0.244484
0.203499
0.201308
0.249016
0.0920347
0.101696
0.158555
0.112717
0.235296
0.234642
0.160388
0.17774
0.0827941
0.102883
0.0221838
0.123176
0.218274
0.158245
0.0655757
0.0609919
0.311379
0.45636
0.15273
0.0272145
0.0602814
0.0636272
0.0503064
0.0848187
0.203058
0.191918
0.0291517
0.0257723
0.0946994
0.121771
0.0803802
0.12091
0.296897
0.48171
0.140632
0.0792702
0.00968191
0.0135489
0.00797488
0.0494905
0.297258
0.428091
0.146081
0.0122991
0.00398035
0.0122719
0.0268633
0.0410083
0.246176
0.505253
0.137321
0.0253701
0.012183
0.0129059
0.032
0.0577382
0.199652
0.305529
0.167014
0.0938799
0.00829802
0.0136291
0.0438857
0.031377
0.193634
0.205386
0.129223
0.12615
0.0449265
0.0258425
0.0630317
0.0777003
0.223079
0.578695
0.185823
0.102899
0.0713207
0.0162247
0.0591708
0.0938324
0.215766
0.31795
0.207124
0.185579
0.0930354
0.0500095
0.0956654
0.103416
0.144467
0.163305
0.100355
0.156837
0.0845541
0.0278311
0.0499827
0.117381
0.0948198
0.146257
0.0955887
0.121601
0.0927859
0.097807
0.0667463
0.108564
0.204759
0.266345
0.218509
0.148916
0.12439
0.109639
0.0932006
0.100129
0.167098
0.212959
0.0662902
0.113785
0.164025
0.0822841
0.101832
0.165946
0.112727
0.147074
0.130787
0.0813281
0.166931
0.244745
0.105642
0.105202
0.121026
0.204129
0.176172
0.257556
0.26376
0.17164
0.125774
0.154096
0.111012
0.129573
0.0903266
0.0868116
0.111221
0.0811998
0.13469
0.12955
0.230417
0.166178
0.167489
0.187854
0.145098
0.111501
0.134836
0.160233
0.0710184
0.15096
0.140113
0.232828
0.194524
0.141382
0.120552
0.19514
0.114355
0.123907
0.19163
0.26524
0.232604
0.233366
0.145041
0.214249
0.110218
0.0897243
0.10604
0.240983
0.182304
0.0927211
0.0518959
0.0925923
0.0499039
0.0619102
0.0998886
0.247797
0.283055
0.103641
0.0538385
0.0851391
0.145098
0.144316
0.178658
0.249588
0.21649
0.160351
0.0480667
0.0692018
0.095388
0.102475
0.183969
0.261714
0.361156
0.183342
0.083855
0.0421063