0.0474887
0.100022
0.0815392
0.0279277
0.00258167
0.00105298
0.00473033
0.0210194
0.0843532
0.187072
0.261289
0.160486
0.00140682
0.000757357
0.00559663
0.0368909
0.0082167
0.115662
0.100516
0.113624
0.0192842
0.00151512
0.00107203
0
0.0698266
0.157428
0.427353
0.717972
0.0821334
0
0
0.0210384
0.157635
0.16016
0.12826
0.0649252
0.00121033
0.00115736
0.0742636
0.0913181
0.144885
0.0910511
0.0822526
0.0307903
0.000806659
0.00178806
0.201715
0.149831
0.149117
0.115958
0.235816
0.493464
0.0391794
0.0016248
0.178937
0.100457
0.130879
0.0439554
0.0475518
0.0601245
0.0070043
0.0120227
0.537567
0.263152
0.0382053
0.0607558
0.179697
0.0553271
0.00222435
0.000633775
0.0877833
0.0623924
0.00666492
0.0716742
0.307702
0.314304
0.0520561
0
0.00277311
0.00529998
0.0592434
0.0473452
0.101271
0.0386627
0.00333652
0.00745002
0.585589
0.257111
0.0297415
0.0974303
0.326538
0.307227
0.0706456
0
0.165276
0.126012
0.000516951
0.0207235
0.113088
0.543554
0.174301
0.00325754
0.00322567
0.00188328
0.00518317
0.00684146
0.0104019
0.334933
0.189584
0.0192412
0.01648
0.0177564
0.0010832
0.0301146
0.129617
0.495374
0.195981
0.00676777
0.0221005
0.0194845
0.00650763
0.00607732
0.0203269
0.33492
0.19555
0.0309141
0.0196285
0.0127361
0.00236543
0.00395294
0.00266368
0.31728
0.1571
0.00512678
0.0045488
0.00697997
0.0043491
0.000659257
0.00465594
0.453815
0.277833
0.00464814
0.00240649
0.00308627
0.00406855
0.00467299
0.00794519
0.419445
0.19498
0.00725137
0.00565924
0.00574081
0.000785301
0.00107097
0.00235501
0.453815
0.355394
0.00373529
0.000422898
0.000663254
0.018039
0.000352083
0.00950405
0.317925
0.18891
0.0300168
0.125305
0.0480213
0.013352
0.00262594
0.00538145
0.0119982
0.0205803
0.0331345
0.71983
0.247684
0.000744967
0.000108208
0.00731256
0.33482
0.255656
0.0251943
0.00840867
0.00661475
0.0288233
0.0275209
0.00990882
0.0252176
0.0437391
0.023322
0.0651985
0.0674217
0.0378051
0.00375493
0.00157313
0.000552896
0.00130979
0.011997
0.453116
0.28888
0.328679
0.0100655
0.00104458
0.000296761
0.000767032
0.00829171
0.158444
0.514871
0.0700836
0.0686685
0.00713201
0.00497597
0.0108824
0.00282463
0.0544579
0.10675
0.307088
0.28867
0.00976103
0.00121291
0.00348947
4.63962e-005
0.03086
0.239865
0.0146862
0.0535287
0.0512337
0.074325
0.0270917
0.00486751
0.000224626
0.0012779
0.0109299
0.0248707
0.0901553
0.600615
0.184206
0.00686112
4.89114e-005
0.00232549
0.0403417
0.0394143
0.0397612
0.101683
0.0498939
0.0183452
0.00153413
0.00554664
0.011842
0.0116484
0.0242942
0.600615
0.381228
0.0190368
0.000328563
0.000650538
0.0303516
0.0214899
0.0677102
0.511481
0.112345
0.00365682
0.0499125
0.019616
0.0547256
0.0267203
0.0341919
0.0736888
0.0171724
0.0117566
0.369198
0.154481
0.013176
0.0128008
0.0254679
0.511481
0.261008
0.00552019
0.00101664
0.00310633
0.0716849
0.0455188
0.0655511
0.289232
0.100657
0.0134817
0.20695
0.128186
0.0220079
0.0216156
0.0208173
0.00497637
0.000358033
0.0123573
0.431468
0.172884
0.0159228
0.0324854
0.061213
0.10036
0.0486987
0.0154664
0.300325
0.144523
0.0308859
0.0147654
0.0179368
0.051404
0.0185361
0.0547898
0.529073
0.119646
0.0121882
0.00499458
0.00157338
0.021897
0.0180994
0.0924983
0.529073
0.100905
0.0215359
0.0197481
0.0427641
0.299528
0.248943
0.0354981
0.130651
0.0782095
0.0176507
0.00902589
0.0327174
0.269167
0.216815
0.0429543
0.0612387
0.0106232
0.0330937
0.0129052
0.00394596
0.0739715
0.106003
0.125721
0.581934
0.101638
0.0323152
0.0136517
0.0384859
0.214522
0.114011
0.134086
0.401367
0.0270919
0.00345121
0.00351158
0.0148221
0.389589
0.135648
0.00390415
0.00946481
0.00259744
0.00412655
0.00205222
0.00320303
0.455726
0.231965
0.00547452
0.00142142
0.0010081
0.016701
0.0070026
0.0208197
0.44771
0.146495
0.0359756
0.0658008
0.013205
0.127766
0.13608
0.00527332
0.455726
0.214367
0.0572595
0.0220847
0.0459562
0.0308933
0.02785
0.0047487
0.154509
0.0862995
0.0129237
0.00545795
0.0049171
0.129845
0.232937
0.00497635
0.00957892
0.0144575
0.0118276
0.00457728
0.0116267
0.281521
0.452794
0.00574623
0.111141
0.0527618
0.0252657
0.0102788
0.0284217
0.491706
0.545907
0.00483591
0.00232878
0.0027196
0.00173465
0.00312685
0.0168385
0.161436
0.313819
0.00276878
0.0022738
0.00544344
0.00239024
0.00107793
0.00614491
0.314865
0.464381
0.00646738
0.000304192
0.00156458
0.000940322
0.00264906
0.0156745
0.298752
0.464381
0.000203386
0.000142576
0.000274836
0.000523075
0.00191628
0.0139373
0.264256
0.371344
0.00193991
0
0.00394211
0.00762322
0.0134127
0.0360054
0.0245689
0.0299991
0.0497771
0.0876436
0.0212815
0.00693373
0.031926
0.0444469
0.00606879
0.0189638
0.0753109
0.508424
0.219175
0.00498274
0.00163748
0.00120882
0.129182
0.144196
0.0987964
0.0467197
0.00993577
0.0119848
0.366359
0.172398
0.0879993
0.226845
0.278854
0.508424
0.104454
0.00872887
0.0360258
0.0258297
0.00156367
0.00384384
0.0199294
0.499878
0.234327
0.000936698
2.90666e-005
0
0.0204715
0.0116028
0.0168004
0.318808
0.18484
0.0105693
0.0687097
0.0275833
0.0030615
0.0406535
0.08375
0.499878
0.204779
0.00232112
2.60804e-005
0
0.000945993
0
0.000708709
0.358946
0.270817
0.0217806
0.00595219
0.00338887
0.0196692
0.0074285
0.00785714
0.105376
0.0740336
0.0602074
0.406252
0.0565054
0.0046313
0.00249247
0
0.000320855
0.00287997
0.094458
0.723094
0.068226
0.0033537
0.00183815
0.00119066
0.115598
0.122694
0.0403027
0.0657977
0.0185733
0.00770921
0.0152621
0.00160457
0.00657069
0.0174029
0.0341816
0.405037
0.0545573
0.00535859
0.00133622
0
0.000706136
0.00445036
0.0588179
0.512331
0.0339726
0.0165376
0.00313885
0.00787261
0.0498502
0.0142698
0.0957898
0.409234
0.0175167
0.00370369
0.00526987
0.00122164
0.00397495
0.00511275
0.0416333
0.430867
0.0360311
0.00455123
0.000420205
0.00135136
0.00598172
0.00450959
0.0814725
0.54866
0.0473524
0.0377149
0.0065069
0.00998488
0.208628
0.106445
0.0829885
0.19873
0.0441792
0.240501
0.229854
0.00350698
0.20602
0.140997
0.0717108
0.228504
0.124532
0.0170874
0.00182268
0.000232379
0.0143723
0.0206264
0.067979
0.519687
0.0704963
0.113755
0.0736426
0.000398827
0.0102975
0.0224496
0.0804665
0.519687
0.148196
0.249703
0.414551
0.00525208
0.0253606
0.0199976
0.016381
0.113423
0.0477351
0.273533
0.411618
0.00788807
0.0127719
0.00192346
0.00822799
0.0322307
0.0340116
0.0860224
0.0930395
0.00314732
0.0108848
0.00387048
0.0458935
0.464115
0.140125
0.0473672
0.0424272
0.00968621
0.0207093
0.0026805
0.0288644
0.405851
0.175786
0.423509
0.45843
0.00596311
0.00807607
0.000683599
0.0135087
0.0265039
0.0924932
0.220942
0.130462
0.000517829
0
0.00950634
0.0177635
0.0667195
0.168681
0.0948785
0.0192562
0.0139714
0.0121613
0.00522537
0.0320332
0.470355
0.252892
0.145765
0.00454033
0.0196629
0.00167239
0.0210772
0.0109876
0.139091
0.255123
0.138489
0.159158
0.0503869
0.0260046
0.0561157
0.107595
0.296192
0.0961489
0.0948948
0.251004
0.165054
0.218895
0.098653
0.0995635
0.0297288
0.0223454
0.0602626
0.0925256
0.1488
0.222688
0.141809
0.179774
0.141264
0.0518102
0.0218946
0.103404
0.120816
0.489079
0.413744
0.168404
0.00387992
0.0120284
0.00543684
0.0496482
0.0730368
0.356556
0.171726
0.0287236
0.000103077
0
0.000339178
0
0.00325263
0.338114
0.225542
0.0197268
0.00190844
0.000665198
0.00135921
0.0159506
0.0295457
0.496174
0.339618
0.0504617
6.8718e-005
0
0.00255227
0.00283967
0.00786532
0.44282
0.233038
0.00883433
0.00162974
0.000252697
0.0063912
0.00387171
0.0160423
0.375299
0.337093
0.107011
0.0361852
0.0180357
0.0328933
0.0364373
0.0209595
0.0734654
0.11288
0.0479223
0.153252
0.0806634
0.0220345
0.0261872
0.0440059
0.478791
0.361251
0.0763183
0.0485974
0.0100807
0.0269439
0.0300199
0.0400109
0.141406
0.261491
0.134439
0.0826091
0.0360476
0.0132791
0.0156473
0.00911952
0.0195898
0.0345077
0.0260006
0.202354
0.049991
0.00977329
0.00809594
0.00776462
0.00734222
0.0152874
0.0566431
0.889999
0.112882
0.0132823
0.0151279
0.0110807
0.0372765
0.094262
0.0531307
0.0257973
0.0253187
0.067794
0.0138762
0.00763424
0.0306743
0.0478637
0.0636902
0.0977015
0.0883242
0.00178369
0.000475496
0.00258925
0.0022415
0.00221382
0.0235595
0.507434
0.0753051
0.0121577
0
0.00327747
0.00450349
0.0011568
0.164898
0.576182
0.114959
0.0563075
0.0390041
0.0131217
0.0199696
0.00712726
0.0171183
0.117474
0.0570953
0.0723786
0.309909
0.052227
0.0237177
0.00369904
0.221532
0.356788
0.0572433
0.016088
0
0.00183219
0.0120928
0.0179822
0.171089
0.398157
0.139923
0.00497179
0.000676861
0.00246121
0.0162642
0.0258842
0.0705899
0.524512
0.234258
0.0265981
0.233606
0.075939
0.0899929
0.0716437
0.302544
0.19331
0.0474518
0.0737977
0.128151
0.0508986
0.124605
0.126854
0.146564
0.315628
0.146894
0.00784066
0.00124438
0.00149873
0.00341906
0.00605356
0.0176054
0.493081
0.203483
0.0394845
0.000349886
0.00572801
0.000517186
0.0114926
0.0189482
0.181998
0.300131
0.11005
0.14749
0.093972
0.0315263
0.030193
0.0325993
0.437346
0.195954
0.103415
0.201292
0.169969
0.0112289
0.0228115
0.0646344
0.235543
0.34239
0.0267897
0.101011
0.215835
0.150151
0.0569816
0.0230456
0.0563984
0.0536602
0.0107726
0.0429608
0.144363
0.386554
0.291182
0.023628
0.00169416
0.0116124
0.105895
0.413613
0.229706
0.160826
0.0910322
0.000107912
0.0125356
0.0257683
0.0147983
0.0941632
0.13056
0.416515
0.376154
0.00514581
0.00112944
0.00455021
0.00172754
0.00550236
0.0130808
0.411886
0.317623
0.0136833
0
0
0.00241361
0.00466052
0.00513011
0.28372
0.181376
0.00538636
0.000878877
0.00110834
0.00287196
0.00326288
0.00582584
0.515912
0.360718
0.0117311
0
0.000729677
0.0213426
0.0176693
0.00607275
0.366242
0.18174
0.00366461
0.00213341
0.0145133
0.0102947
0.0195474
0.0151591
0.132395
0.118198
0.0205778
0.0153551
0.0113674
0.0289576
0.0480278
0.0265007
0.035704
0.0690648
0.049959
0.0238845
0.0154179
0.188477
0.152917
0.00741926
0.144743
0.113613
0.00599565
0.0139786
0.0580132
0.420933
0.76327
0.0241742
0.0219886
0.0215529
0.014122
0.0132738
0.0391165
0.0517548
0.0482233
0.0107931
0.0132451
0.0272039
0.0224305
0.00647853
0.00657566
0.196656
0.137686
0.00280943
0.00871204
0.0140214
0.0243765
0.0101949
0.0249552
0.229326
0.520268
0.0124163
0.00639644
0.00596701
0.00426136
0.00191098
0.00457602
0.434336
0.600377
0.0369299
0.00280428
0.00293904
0.00403105
0.00231772
0.0231506
0.181909
0.172336
0.00713427
0.00873325
0.00242756
0.00997496
0.00638811
0.018516
0.175875
0.509527
0.0577778
0.0147133
0.000875194
0.0397309
0.0229617
0.0168039
0.278915
0.348544
0.0603928
0.00213511
4.16264e-005
0.00159992
0.00112479
0.0246456
0.379998
0.482442
0.0892439
0.00691235
0
0.000212153
0.000212153
0.0331114
0.0983366
0.429509
0.0762234
0.0573937
0.0257245
0.0628158
0.0168955
0.0131455
0.190774
0.393675
0.0469322
0.0723082
0.0523013
0.0326436
0.0282068
0.0440712
0.277365
0.421602
0.0445512
0.00634032
0
0
0.000611023
0.013462
0.235254
0.473019
0.0254687
0.00449158
0.00290296
0.00449124
0.00739213
0.0193121
0.312844
0.513445
0.101917
0.0261638
0.0205939
0.0103402
0.0803034
0.0561513
0.194659
0.441897
0.176939
0.016549
0.0143309
0.0289167
0.0560155
0.0890688
0.218283
0.408765
0.0370456
0.0047066
0.00898403
0.0108786
0.0166053
0.0274491
0.100213
0.19637
0.0310414
0.0343729
0.0206005
0.0197213
0.00781797
0.0338759
0.112204
0.215748
0.0438378
0.176523
0.130339
0.00359641
0.000810303
0.0100583
0.00543585
0.0367504
0.0213589
0.459096
0.343358
0.00427658
0
0
0.025813
0.0092589
0.00780464
0.286493
0.186018
0.00598841
0.00149728
0.00811467
0.00582169
0.00402713
0.00333889
0.459096
0.431527
0.00909322
0.00502655
0.00493293
0.0107699
0.00739167
0.00143797
0.490099
0.283636
0.0290761
0.000214843
0.0101515
0.10277
0.153246
0.00533894
0.214474
0.126019
0.0322195
0.00148166
0.0338494
0.0738724
0.0601038
0.00491867
0.378101
0.275302
0.046801
0.00534572
0.0566467
0.332999
0.409451
0.00219116
0.0530422
0.0700076
0.0505373
0.000997261
0.0784691
0.169034
0.254405
0.00294299
0.0239998
0.0186913
0.00392665
0.00207394
0.021705
0.241301
0.478271
0.0102618
0.00153985
0.000885197
6.19813e-005
0.000974833
0.00871981
0.341918
0.446274
0.00534717
0.00423677
0.00401262
0.0111077
0.00266461
0.0337852
0.307075
0.374698
0.0695393
0.0705018
0.0203729
0.0429357
0.00470404
0.045424
0.190906
0.53641
0.0174959
0.000592365
7.79908e-005
1.08595e-005
0.000125588
0.00158192
0.231094
0.476568
0.0640282
0.00402486
0.0137573
0.000780248
0
0.0107052
0.142824
0.325657
0.140697
0.0683399
0.0176797
0.0271674
0.00139031
0.0159152
0.128053
0.372905
0.12734
0.0377871
0.0626635
0.00550439
0.00131605
0.00562624
0.284007
0.364567
0.149721
0.0231619
0.0676491
0.00224897
0
0.0251469
0.380274
0.426085
0.168923
0.0292118
0.056852
0.00105505
0
0.0234695
0.156531
0.21463
0.113588
0.189119
0.247879
0.012248
0.00121086
0.0223414
0.11524
0.149591
0.136123
0.225523
0.188011
0.00523584
0
0.0259675
0.410605
0.566286
0.121109
0.0198239
0.00697483
0
0.00666932
0.0153972
0.277769
0.373006
0.0698558
0.0176347
0.0185071
0.0239398
0.0349658
0.0365861
0.0651326
0.220348
0.158101
0.0944187
0.0280559
0.0060145
0.0089812
0.0111495
0.142489
0.185913
0.102591
0.0262199
0.00997861
0.0144123
0.0286686
0.0186051
0.320282
0.301997
0.118155
0.0210341
0.0709661
0.0960581
0.0952834
0.113229
0.121395
0.155003
0.0881057
0.124626
0.0790086
0.094115
0.071853
0.118762
0.298554
0.235375
0.141867
0.0273446
0.0378846
0.057767
0.150177
0.103878
0.201885
0.182589
0.177752
0.0859875
0.052964
0.0665281
0.214379
0.116047
0.000311563
0.00336617
0.0242252
0.26043
0.208327
0.023599
0.00822852
0.0012418
0.0874806
0.0211778
0.00649508
0.48909
0.449513
0.106089
0.0529961
0.0793475
0.00185897
0.059177
0.0818978
0.112718
0.179668
0.0457299
0.0376798
0
0.216097
0.247582
0.0568492
0.141626
0.279254
0.178618
0.18161
0.19132
0.195875
0.101439
0.00451877
0.108394
0.107379
0.0368448
0.0198854
0.0691382
0.332472
0.30751
0.0135601
0.00269603
0.00531381
0.00570841
0.00128897
0.0323087
0.384384
0.357519
0.0180055
0.0202642
0.0420033
0.0470812
0.0551199
0.126487
0.396897
0.458099
0.03825
0.00026739
0
8.10494e-005
0.00923701
0.0396654
0.295931
0.333379
0.0354413
0.00669202
0
0.00842044
0.00681059
0.0319545
0.161339
0.225624
0.149102
0.162234
0.0136004
0.044827
0.00884209
0.0383112
0.279177
0.52756
0.0551193
0.00446135
0
0.0034376
0.0172233
0.0374503
0.155117
0.422902
0.183356
0.127293
0.0100388
0.0134599
0.0288674
0.0517858
0.0805148
0.236422
0.30912
0.260557
0.019554
0.0402107
0.00387827
0.0237642
0.063218
0.221067
0.197359
0.158372
0.109674
0.00436723
0.0257835
0.0487647
0.121103
0.298161
0.324137
0.206744
0.0144334
0.00869542
0.0181414
0.0560858
0.163887
0.0998381
0.11019
0.326461
0.346522
0.0400404
0.104035
0.101319
0.0242573
0.0359756
0.0931877
0.183486
0.112103
0.00491975
0.0274779
0.0708992
0.0344308
0.020437
0.0751362
0.146962
0.0596553
0.0134999
0.159379
0.116092
0.0564528
0.0202692
0.0605936
0.391056
0.376292
0.0158184
0.0755523
0.105287
0.091508
0.0261289
0.0428657
0.25069
0.210499
0.0403794
0.552317
0.260556
0.0168825
0.0327046
0.0319812
0.031552
0.00995288
0.0199165
0.128024
0.0534848
0.0296172
0.052333
0.020138
0.0102407
0.00750657
0.0185835
0.0297338
0.0306295
0.0383615
0.00913636
0.00467131
0.0223731
0.0183019
0.0742325
0.680722
0.249686
0.024517
0.00773422
0.00359069
0.0241693
0.0257917
0.0789685
0.572969
0.183071
0.0944424
0.144159
0.0489113
0.0296632
0.0361117
0.0811646
0.126983
0.0823667
0.0945491
0.0981309
0.079435
0.0532084
0.0379377
0.0980254
0.168306
0.0612634
0.0821611
0.0780812
0.0279551
0.0980943
0.149092
0.205473
0.591469
0.270626
0.0603149
0.10177
0.0505206
0.0647272
0.0731016
0.141632
0.208562
0.18075