0.122341
0.0904847
0.0894517
0.116311
0.0315034
0.0611163
0.11648
0.0454382
0.153653
0.117161
0.0671626
0.0672973
0.0571385
0.144197
0.242395
0.241643
0.135042
0.17997
0.104847
0.352564
0.214384
0.0602203
0.0722605
0.078742
0.110696
0.194582
0.109164
0.337748
0.1348
0.191423
0.409802
0.219322
0.0944194
0.131345
0.0621401
0.0495537
0.0622483
0.130021
0.151798
0.154515
0.0902118
0.140233
0.133519
0.0698806
0.126586
0.180165
0.131119
0.0708829
0.0514907
0.0992327
0.0380346
0.0694875
0.0287601
0.292207
0.521504
0.182756
0.0502706
0.112723
0.10823
0.0612897
0.0467644
0.233924
0.455536
0.141491
0.0663712
0.115828
0.077737
0.101573
0.173155
0.224992
0.138193
0.120443
0.122315
0.22417
0.0887876
0.199125
0.488312
0.218622
0.106743
0.149309
0.0850085
0.065647
0.0871456
0.0538968
0.0674619
0.128928
0.196062
0.186971
0.132115
0.0999772
0.0665613
0.207419
0.354712
0.0949299
0.114736
0.134975
0.0805131
0.110108
0.0994816
0.119244
0.378704
0.0806583
0.0564837
0.0586135
0.0435084
0.0944219
0.333899
0.277607
0.310033
0.0338041
0.0736948
0.0501229
0.12009
0.0955775
0.0708251
0.130771
0.25014
0.0758691
0.0879926
0.0474319
0.0926984
0.152277
0.207043
0.25525
0.383925
0.135046
0.144312
0.0603954
0.00778187
0.03972
0.29158
0.236533
0.220937
0.0656104
0.0924316
0.0783576
0.0446398
0.0190771
0.0655552
0.131772
0.173759
0.151001
0.134568
0.114433
0.0243384
0.199703
0.249907
0.332283
0.329784
0.100525
0.102073
0.0870159
0.0892699
0.217443
0.283147
0.308629
0.166724
0.0990451
0.0633905
0.0991933
0.101044
0.0276398
0.0392941
0.121706
0.103967
0.16306
0.227705
0.1515
0.113713
0.078947
0.0932962
0.0783702
0.0670555
0.0697754
0.162824
0.100012
0.112531
0.208543
0.420327
0.286228
0.106499
0.125099
0.114172
0.106994
0.0727309
0.111606
0.396832
0.21797
0.149738
0.1347
0.241598
0.114345
0.0684218
0.105757
0.206525
0.0850117
0.0505119
0.0506465
0.093644
0.0599677
0.106874
0.0694801
0.149113
0.0652624
0.0303987
0.173344
0.12241
0.0692265
0.139785
0.254777
0.325409
0.286187
0.170233
0.119344
0.193063
0.125431
0.256864
0.281567
0.162008
0.179931
0.0870813
0.149474
0.130672
0.299229
0.052836
0.0770438
0.0416846
0.246802
0.268705
0.0349913
0.0201956
0.0436784
0.0344689
0.0373584
0.0444973
0.316605
0.227858
0.0550389
0.126948
0.0462308
0.0124237
0.0291466
0.0512376
0.323044
0.256669
0.108669
0.0413529
0.042749
0.0403857
0.0143767
0.0287254
0.459957
0.462721
0.105188
0.0189615
0.0130642
0.0540054
0.0214286
0.0247182
0.0759459
0.032043
0.103514
0.274558
0.0754486
0.034523
0.0175175
0.0208468
0.0115502
0.00516296
0.199271
0.498167
0.0935305
0.110337
0.0218143
0.0287615
0.272274
0.281899
0.0658538
0.251797
0.0458178
0.072212
0.0117961
0.0125393
0.0864191
0.0964066
0.1605
0.499197
0.123551
0.0170506
0.00617476
0.0121724
0.00381589
0.0185389
0.161578
0.316469
0.0817103
0.0470329
0.0143784
0.0146919
0.120341
0.0779805
0.111888
0.151536
0.116585
0.0023749
0
0.00110912
0.000711507
0.0235124
0.200268
0.532951
0.116139
0.0276856
0
0.00157053
0.0507177
0.105708
0.248165
0.532951
0.207465
0.0805474
0.033175
0.0394974
0.119304
0.0821653
0.097542
0.127892
0.12578
0.12046
0.204814
0.104096
0.232365
0.303717
0.158454
0.143543
0.0652876
0.051264
0.00579626
0.0559805
0.114763
0.11088
0.172937
0.308497
0.225319
0.0971495
0.153241
0.195278
0.23255
0.272366
0.284998
0.347933
0.0946987
0.0457861
0.165928
0.106388
0.287893
0.308778
0.0841483
0.0486583
0.0164191
0.0854858
0.144242
0.173371
0.187494
0.242477
0.092203
0.0229923
0.0335284
0.0378886
0.0987461
0.177135
0.264387
0.355172
0.17826
0.13906
0.00859269
0.0318765
0.0489567
0.161138
0.198674
0.426597
0.151085
0.0235135
0.0284313
0.082781
0.143474
0.252658
0.113174
0.146638
0.0993736
0.0285958
0.0779774
0.0433701
0.113019
0.302231
0.188789
0.128029
0.104066
0.0688662
0.0987098
0.0372814
0.105094
0.162598
0.13869
0.285866
0.186214
0.080647
0.128494
0.122191
0.280808
0.364024
0.265869
0.204658
0.182698
0.118122
0.162143
0.0627131
0.217476
0.117526
0.138103
0.0947418
0.0713895
0.0508162
0.0820258
0.0866458
0.25899
0.0469633
0.198302
0.14333
0.11511
0.0380361
0.173579
0.119733
0.294408
0.144692
0.198959
0.156224
0.138245
0.144485
0.105787
0.0979659
0.351551
0.091645
0.347454
0.250448
0.193965
0.148443
0.164184
0.0201884
0.0260792
0.0389076
0.17249
0.159993
0.0909959
0.0258563
0.0505963
0.00953214
0.00877187
0.0159646
0.346439
0.474021
0.0783167
0.0104288
0.00234031
0.0659024
0.0460435
0.044378
0.22954
0.178171
0.0374322
0.0305198
0.0596185
0.00807691
0.00719642
0.0196992
0.448175
0.477867
0.0483759
0.0330966
0.00508584
0.0229693
0.00575136
0.0103186
0.231989
0.443534
0.0193596
0.0878225
0.010515
0.0172581
0.00621216
0.0111803
0.0903664
0.200613
0.0299197
0.443534
0.0753315
0.000607498
0.00096158
0.00594209
0.278656
0.443534
0.00843935
0.0065431
0.00139844
0.00852766
0.00769338
0.0143638
0.12521
0.381761
0.00305375
0.085283
0.0316532
0.00102527
0.00137781
0.0018506
0.00355728
0.00771462
0.0598843
0.519687
0.0849747
0.00340696
0
0
0.000587013
0.0273827
0.124277
0.519687
0.105527
0.00796455
0.00481151
0.00618827
0.0104464
0.0139762
0.0170859
0.282666
0.0562169
0.00827171
0.000923256
0.000552173
0
0.00050312
0.0399659
0.519687
0.121676
0.00845991
0
0.0155038
0.0181166
0.0409885
0.11856
0.437449
0.0967592
0.0174956
0.0101534
0.045648
0.0577156
0.119836
0.271087
0.311352
0.0607087
0.00625885
0.000364178
0
0
0.00747144
0.0445692
0.482026
0.138847
0.00889582
0
0
0.00388604
0.0352084
0.153536
0.482026
0.173244
0.00839687
0.0152142
0.0877472
0.112388
0.273158
0.282864
0.152622
0.0252241
0.0133737
0.0495554
0.123757
0.116003
0.327929
0.15519
0.0223828
0.0220965
0.00691407
6.92943e-005
0.00164679
0.0118325
0.168443
0.240352
0.477353
0.160429
0.0495208
0.0486127
0.0669693
0.0221513
0.215117
0.220625
0.316505
0.2116
0.028559
0.179002
0.157356
0.155453
0.154289
0.0798243
0.0382505
0.0344661
0.068197
0.239939
0.324205
0.316402
0.16911
0.116622
0.0761864
0.0507901
0.0940619
0.223036
0.191411
0.0772712
0.082967
0.133756
0.141397
0.162794
0.291513
0.256981
0.188412
0.190943
0.131531
0.106546
0.1358
0.255557
0.0484964
0.113751
0.147187
0.195981
0.0837651
0.0765966
0.1135
0.033125
0.0708228
0.150291
0.114953
0.152118
0.115373
0.10292
0.13567
0.0991971
0.393942
0.0940264
0.116089
0.16163
0.0691843
0.0567067
0.0986251
0.240408
0.453084
0.151368
0.163591
0.170666
0.143679
0.166643
0.0791497
0.334453
0.0736841
0.0785797
0.104482
0.153788
0.108234
0.0610851
0.0553379
0.0158222
0.00973834
0.00825414
0.0281334
0.31079
0.477915
0.0877221
0.0522853
0.00160295
0.11102
0.131822
0.228053
0.178527
0.0805871
0.0856342
0.0688188
0.0366117
0.00234871
0.0130229
0.0942092
0.411269
0.477915
0.0905334
0.055958
0.00778822
0.000293898
0.00121144
0.0030196
0.236537
0.451416
0.015663
0.00606835
0
0.0180583
0.00978522
0.00752009
0.122006
0.34842
0.00205234
0.006171
0.00529647
0.000312395
0.00156198
0.00596094
0.335353
0.451416
0.0112497
0.00539158
0.000498593
0.0211898
0.0197729
0.0142205
0.201618
0.447591
0.00133056
0.00256334
0.00690579
0.123041
0.040412
0.0169354
0.051932
0.0840577
0.00334634
0.101901
0.0943654
0.152052
0.0206929
0.0017317
0
0
0.013186
0.671021
0.345069
0.187555
0.106682
0.0344274
0.117517
0.146059
0.00606837
0.0205511
0.105847
0.302658
0.055124
0.00064344
0.00387993
0.0020966
0.00681938
0.0318721
0.216831
0.0354781
0.00300421
0
0
0.000797661
0.0138889
0.483967
0.185826
0.0318809
0.000572028
0
0
0.00312623
0.0597643
0.675901
0.300651
0.0811111
0.0102317
0.00353516
0.000255778
0.000763353
0.00519167
0.0227314
0.0806364
0.10087
0.0175871
0.0151859
0.00102311
0.000797661
0.0134551
0.253003
0.151173
0.0107279
0.000385684
0
0
0.0172474
0.0469675
0.50189
0.124235
0.0171494
0.0057566
0.0130842
0.00381629
0.0250699
0.084153
0.50189
0.150242
0.0546136
0.0127177
0.00302145
0.000182956
6.40924e-005
0.0121949
0.338437
0.0729688
0.084105
0.0384222
0
0.000830759
0.000140258
0.0426269
0.50189
0.111253
0.0201442
0.0358657
0.0330166
0.0129743
0.0154601
0.113727
0.348267
0.074749
0.203865
0.0783507
0.0260198
0.0193963
0.0869386
0.131566
0.322864
0.145627
0.0816098
0.0513193
0.00752649
0.0359867
0.0118914
0.129892
0.488126
0.0715174
0.0984028
0.0467158
0.0543063
0.0957739
0.0840661
0.219079
0.488126
0.146132
0.294663
0.0221948
0.00869474
0.0168729
0.0380121
0.0271869
0.147955
0.235369
0.296698
0.0306325
0.0343371
0.0537736
0.0374617
0.045675
0.0932899
0.398402
0.106638
0.0131209
0.0286812
0.0318294
0.033043
0.0389468
0.341039
0.36083
0.0884828
0.0107699
0.0425704
0.136386
0.0771018
0.0896828
0.255409
0.399129
0.0993897
0.115002
0.151827
0.185794
0.134762
0.0503189
0.060066
0.0749627
0.00203355
0.0123122
0.065823
0.333456
0.457558
0.0644016
0.0682108
0.020639
0.188329
0.134365
0.170054
0.183004
0.173045
0.0361816
0.0913092
0.125185
0.0936029
0.0627946
0.0703317
0.234819
0.497592
0.0971184
0.0585837
0.0394116
4.35126e-005
0.000217563
0.003708
0.260238
0.454825
0.00837593
0.00951195
0.000765533
0.00487677
0.0084145
0.0159387
0.175049
0.386002
0.00513332
0.00369543
0.00412189
0.00574814
0.00517036
0.00428487
0.230968
0.454825
0.0271437
0.00876953
0.000993399
0.0127218
0.00448349
0.00807377
0.178339
0.454825
0.0118005
0.00688895
0.0039019
0.0526666
0.053495
0.0341336
0.110289
0.168871
0.0318472
0.0253801
0.0619791
0.111694
0.0511034
0.00248522
0.0184049
0.0309371
0.0169717
0.0317871
0.100565
0.166561
0.0832747
0.0167136
0.0947859
0.328797
0.0568165
0.0420311
0.0347509
0.610765
0.507774
0.00593914
0.0319873
0.0464024
0.0209382
0.0524095
0.0642088
0.0429172
0.0179137
0.00856358
0.00505008
0.00597788
0.00128239
0.00976026
0.0254254
0.109821
0.0911335
0.0470824
0.0050086
0.00100658
0.000415142
0.0105503
0.0459589
0.282445
0.408395
0.0115737
0.0146113
0.010005
0.000825216
0.00824973
0.0168168
0.50602
0.635022
0.0485209
0.014687
0.00322788
0.000107316
0.00363893
0.0191794
0.130346
0.113134
0.0131265
0.000727829
0
0.00119976
0.025462
0.0316308
0.275149
0.322174
0.00408438
0
0
0.00614432
0.161922
0.0499683
0.330454
0.478558
0.0190962
0.00609766
0.00120948
0
0.000213455
0.0131103
0.37918
0.478558
0.0325828
0.00129842
0.00106259
0.00715751
0.00202901
0.0111282
0.259106
0.256257
0.0137836
0.0518462
0.00434537
0.0351265
0.215424
0.0341906
0.176508
0.211331
0.063228
0.141648
0.028549
0.073458
0.223329
0.0502105
0.317101
0.445968
0.0277985
0.0193375
0.00555517
0.0365502
0.00863087
0.0151297
0.309249
0.445968
0.079034
0.0519436
0.0167617
0.0421514
0.0143056
0.0701267
0.133927
0.162505
0.0889979
0.0928877
0.0328158
0.0284152
0.176555
0.20305
0.0677294
0.0691781
0.0708087
0.17576
0.182005
0.256763
0.170267
0.289528
0.220348
0.472202
0.172798
0.0668473
0.0250027
0.0160669
0.00661554
0.0474305
0.0919751
0.20863
0.133968
0.182146
0.15696
0.345699
0.0279428
0.021096
0.163915
0.0886945
0.181458
0.0871552
0.0637158
0.0512989
0.154201
0.145872
0.146212
0.0609888
0.0688647
0.141264
0.45541
0.101143
0.0702671
0.116446
0.1159
0.0821549
0.169515
0.0801176
0.0958074
0.124427
0.186697
0.249659
0.0670204
0.0432755
0.045661
0.153492
0.484483
0.172223
0.0965929
0.237288
0.0101632
0.00959531
0.00493765
0.166798
0.437463
0.0384179
0.00613814
0.0125125
0.0686455
0.0625211
0.00335353
0.118857
0.437463
0.0277645
0.0137157
0.0170964
0.0302071
0.0139063
0.00472385
0.169863
0.437463
0.0772942
0.0528478
0.0482656
0.284969
0.267821
0.0150685
0.0817779
0.322356
0.0803758
0.0870553
0.100043
0.148362
0.170395
0.00218843
0.0104391
0.0642159
0.00827283
0.00851018
0.00809381
0.311807
0.401907
0.00530452
0.00151374
0.00151514
0.000689147
0.00615465
0.00884041
0.319541
0.440306
0.0292466
0.00355491
0.0417494
0.0159836
0.0191249
0.0310065
0.378959
0.440306
0.0637799
0.0129548
0
0
0.00344379
0.0128482
0.246874
0.412566
0.0180706
0.00212937
0.000940552
4.62639e-005
0.00138202
0.0042585
0.274956
0.42231
0.0376863
0.00681936
0.00125983
0
0.000160866
0.00131649
0.250721
0.42231
0.05583
0.00814908
8.11975e-005
0.000583148
0.00600799
0.0193455
0.24854
0.385757
0.118984
0.0082576
0.000589274
0.00233259
0.00653335
0.04041
0.305946
0.508805
0.0289493
0.0113045
0.00231378
0
0.000772003
0.00757175
0.261202
0.508281
0.0435807
0.00248392
0.0078266
0.0212778
0.0225211
0.0659519
0.242169
0.307951
0.113111
0.0179786
0.00132868
0.00648421
0.00976611
0.035565
0.186
0.18508
0.0355408
0.0246822
0.0249199
0.0370839
0.0896648
0.116789
0.191646
0.363267
0.038899
0.00594323
0.0464153
0.153303
0.0610094
0.0820331
0.286846
0.322541
0.111229
0.0429936
0.101369
0.212474
0.0622593
0.176865
0.0892944
0.0738675
0.0175151
0.0434251
0.103873
0.179811
0.179986
0.134566
0.19385
0.0719126
0.126785
0.0902295
0.184563
0.282118
0.319553
0.232407
0.255255
0.359811
0.147815
0.138155
0.0699489
0.0504327
0.0264233
0.129704
0.115271
0.21006
0.172321
0.277683
0.0941249
0.167461
0.0351943
0.0574454
0.213942
0.12981
0.161791
0.268055
0.170246
0.103538
0.186847
0.193049
0.105521
0.121478
0.160574
0.304329
0.152725
0.0951191
0.100122
0.103498
0.117697
0.0450599
0.0473504
0.0618196
0.16137
0.135987
0.0916554
0.209257
0.0373698
0.0214755
0.0128218
0.104246
0.500352
0.300181
0.068837
0.11825
0.175277
0.065509
0.0670389
0.100372
0.147295
0.106358
0.0452992
0.211726
0.120313
0.173784
0.0752835
0.0792277
0.280741
0.401658
0.0965847
0.11785
0.0679522
0.0677987
0.0187956
0.0968259
0.278605
0.132214
0.0723234
0.0490124
0.369491
0.367515
0.0777106
0.0404369
0.089255
0.0512988
0.0737691
0.0968605
0.116499
0.261805
0.102356
0.0351955
0.110509
0.202681
0.0626402
0.0632928
0.381301
0.438394
0.129987
0.00831384
0.010033
0.0778121
0.0384615
0.059088
0.268847
0.437294
0.0785583
0.0070572
0.0101256
0.00941013
0.0101574
0.0224422
0.316851
0.495526
0.0722515
0.0171525
0.0019929
0
0.00630812
0.0100737
0.243084
0.314959
0.0536727
0.0148967
0.00754329
0.0305493
0.0156957
0.0215262
0.210491
0.344665
0.0407699
0.0205658
0.0100193
0.00141431
0.00716991
0.0225052
0.404933
0.533492
0.0685332
0.0277357
0.00832967
0.00518975
0.0493689
0.0737081
0.29034
0.339318
0.163287
0.0289505
0.021964
0.0298656
0.0598178
0.144952
0.196493
0.238069
0.0675451
0.0440061
0.0201609
0.0125453
0.03957
0.0800014
0.102549
0.166854
0.197521
0.106853
0.0369996
0.0448743
0.0596551
0.0907792
0.262718
0.30294
0.268402
0.0772527
0.0207768
0.0925919
0.0837863
0.12117
0.148853
0.167905
0.133386
0.122572
0.102181
0.136944
0.179712
0.111184
0.180575
0.222396
0.254238
0.169126
0.0542685
0.14434
0.157313
0.106452
0.170077
0.219059
0.198561
0.172695
0.156309
0.121133
0.158663
0.0856196
0.0870787
0.0557346
0.0323765
0.0688374
0.115116
0.154003
0.217328
0.15697
0.175568
0.079615
0.099988
0.0801287
0.101271
0.211822
0.515208
0.435001
0.0891149
0.11049
0.0478252
0.0613027
0.129332
0.0557055
0.111263
0.129122
0.107302
0.0996494
0.0755918
0.0466876
0.082137
0.0840392
0.244249
0.208449
0.186794
0.10867
0.138938
0.163293
0.0990333
0.120954
0.261824
0.279066
0.204991
0.12817
0.176927
0.17572
0.268444
0.206718
0.10515
0.238339
0.160532
0.0992552
0.100301
0.0359503
0.0762302
0.0637216
0.106125
0.12286
0.246317
0.135141
0.155067
0.0459278
0.269353
0.110482
0.0452908
0.259237