0.0481779
0.0431674
0.0184906
0.0135495
0.0171703
0.0215108
0.0156638
0.0172079
0.0831946
0.16473
0.226759
0.119364
0.0605175
0.0885553
0.0438437
0.0440542
0.227558
0.411828
0.104798
0.0103971
0.00197313
0.00744396
0.00872391
0.0389121
0.198366
0.481562
0.542346
0.108168
0.0913683
0.0602275
0.0290687
0.036922
0.226932
0.190659
0.234237
0.0915388
0.0324067
0.0417647
0.0157312
0.0866062
0.202253
0.287432
0.404812
0.0911952
0.0120005
0.00622193
0.00694079
0.048638
0.213058
0.255515
0.46506
0.0840742
0.0912755
0.0308459
0.0585405
0.0455881
0.17846
0.194661
0.194368
0.0229875
0.0621896
0.0387187
0.133258
0.085813
0.0296932
0.276456
0.646703
0.0797399
0.0108614
0.0338958
0.036584
0.0606617
0.00823396
0.132681
0.310995
0.21041
0.022527
0.0782655
0.0791119
0.144068
0.045455
0.1455
0.24176
0.0482124
0.0722582
0.107812
0.116672
0.0607058
0.0480804
0.0936861
0.200955
0.160188
0.0441904
0.131432
0.0472593
0.0139936
0.0192977
0.0876735
0.164084
0.459913
0.0860049
0.0688554
0.0560509
0.0632464
0.0369233
0.0820438
0.0455978
0.218062
0.104099
0.0491799
0.119414
0.0515819
0.0247147
0.0955064
0.206871
0.285825
0.0424876
0.0967822
0.0317726
0.00813403
0.0616681
0.262537
0.340706
0.416842
0.0849475
0.0269256
0.0355143
0.0411683
0.0360278
0.0600565
0.022094
0.0983172
0.0657004
0.0151179
0.0291644
0.0360063
0.0738646
0.0281193
0.00547699
0.0626619
0.059421
0.0258965
0.0307064
0.124664
0.191615
0.235003
0.167249
0.206376
0.0564782
0.0170446
0.0475538
0.169721
0.243278
0.119059
0.048588
0.0662404
0.0257032
0.0449844
0.565543
0.524782
0.0962927
0.0212504
0.00704877
0.019124
0.0198457
0.0172163
0.0291232
0.142571
0.0822213
0.0645005
0.0772579
0.108256
0.0406243
0.0331201
0.0139473
0.0599955
0.0767213
0.0162626
0.00228777
0.01175
0.00473962
0.043652
0.645009
0.411986
0.0457233
0.0318856
0.0347107
0.0657799
0.0317406
0.0944174
0.316479
0.363336
0.137537
0.0667621
0.0681716
0.0842549
0.0249851
0.0375173
0.0167164
0.0739608
0.220696
0.094368
0.0288451
0.0187452
0.0381995
0.0680304
0.0455484
0.118947
0.200053
0.0470719
0.0368816
0.0606122
0.0244715
0.0845335
0.177566
0.397642
0.610778
0.152922
0.0144642
0.00874569
0.0175777
0.0146157
0.0312322
0.35144
0.177023
0.403578
0.106508
0.0161708
0.0122317
0.016368
0.00974928
0.0395931
0.121552
0.20681
0.183773
0.214873
0.237481
0.102791
0.0365789
0.0618093
0.148964
0.251257
0.0712561
0.0965098
0.042106
0.013882
0.00383313
0.0392943
0.0504624
0.054937
0.00855317
0.521965
0.379088
0.0565046
0.0117053
0.0511708
0.0578293
0.0780659
0.190544
0.239535
0.273538
0.0635172
0.0578413
0.0536622
0.0737516
0.0255919
0.0440377
0.0359164
0.068777
0.0804503
0.154278
0.104877
0.0360298
0.0192202
0.0379854
0.616968
0.401619
0.0284589
0.0116289
0.0482713
0.116939
0.0582151
0.0645203
0.192055
0.090659
0.0531624
0.249145
0.127118
0.0484124
0.00456061
0.0207292
0.0195199
0.0649849
0.215059
0.189088
0.0695874
0.0349247
0.0127422
0.0480002
0.0538096
0.0796287
0.251756
0.14028
0.0240454
0.0697568
0.0272399
0.0191819
0.0518923
0.0314542
0.175956
0.587493
0.156018
0.0187003
0.00679852
0.00055929
0.0207045
0.0598669
0.283302
0.457956
0.148916
0.0226992
0.0240019
0.0796528
0.0689748
0.0532213
0.150706
0.0556244
0.0131292
0.0247418
0.0784882
0.207198
0.433015
0.249455
0.0487553
0.00919987
0.0110497
0.0205781
0.00990201
0.0207114
0.0218097
0.0576668
0.237893
0.233463
0.0744113
0.0107305
0.00951123
0.0975374
0.359169
0.515892
0.147991
0.0789195
0.0190483
0.0766762
0.0655676
0.0814598
0.200179
0.182032
0.0792169
0.0307892
0.0621196
0.102433
0.0370223
0.028041
0.0543013
0.0895487
0.122784
0.519745
0.202492
0.00875754
0.000672349
0.0194586
0.171757
0.452233
0.144513
0.011923
0.00515415
0.0300543
0.00690379
0.0427554
0.113106
0.343261
0.207271
0.245543
0.0347361
0.0153341
0.0015898
0.00169955
0.00172483
0.00426143
0.0377306
0.469816
0.156809
0.0742645
0.00121663
0.000267538
0.00310198
0.00317324
0.0161442
0.276792
0.359657
0.063435
0.0105407
0.0224243
0.0254183
0.0388971
0.0518642
0.299072
0.144724
0.320968
0.0509313
0
0
0
0.00530598
0.21568
0.468838
0.160306
0.00242229
0.000241152
0.00187715
0.00156779
0.00711717
0.0601455
0.30206
0.236342
0.0151245
7.82671e-005
0.000210771
6.41478e-005
0.000876429
0.0102233
0.368867
0.387084
0.085458
0.0133605
0
0
0
0.0412765
0.375008
0.289355
0.149935
0.117915
0.000652733
0
0
0.0309488
0.469094
0.0460232
0.0369146
0.0221943
0.11258
0.0263748
0.000951522
0.0418421
0.0791985
0.00612302
0.00557131
0.0247417
0.505951
0.205758
0.00142728
0.00522632
0.0128151
0.0439759
0.0229171
0.0640908
0.102274
0.0139272
0.0378115
0.484451
0.215768
0.0395653
0.0398817
0.192677
0.505951
0.0973171
0.00487972
0.119774
0.0739926
0.00730607
0.00854325
0.0185529
0.560948
0.255874
0.00560609
0.000230861
0.00535975
0.0453577
0.0301322
0.0267285
0.212406
0.129983
0.0287894
0.123009
0.0385039
0.0061956
0.00927884
0.0894386
0.560948
0.213401
0.00609543
0
0.00608909
0.0332486
0.000108232
0.0347152
0.249533
0.216217
0.0299634
0.0134283
0.00932778
0.0545708
0.0228122
0.0198692
0.0738836
0.0396676
0.0598184
0.463152
0.138862
0.0224556
0.00921293
0.00390994
0.0114021
0.0102208
0.0925379
0.540908
0.301453
0.063509
0.0287622
0.101426
0.132355
0.0834541
0.0385427
0.0918595
0.0702597
0.0461659
0.0616869
0.0545729
0.0359684
0.00498921
0.0622188
0.364471
0.261802
0.0072031
0.00248686
0.00293509
0.00699058
0.0177488
0.0982122
0.297601
0.167569
0.000948413
0.00274987
0.0257742
0.126065
0.247686
0.172787
0.146777
0.066038
0.0170735
0.0171997
0.00526646
0.0107126
0.0075401
0.062232
0.426683
0.249004
0.00644817
0.00433595
0.00151135
0.0387533
0.0861795
0.175353
0.549689
0.252351
0
0.00045806
0.00720165
0.0966296
0.252649
0.160554
0.0946987
0.00517118
0.0259399
0.00636994
0.0230971
0.0915767
0.223503
0.24388
0.25687
0.0476319
0.0011324
0.000270754
0
0.018255
0.0546058
0.184748
0.371318
0.0484532
0.082257
0.000756584
0
0.0124323
0.034958
0.238172
0.583158
0.254186
0.127365
0.0150287
0.0136915
0.0231275
0.0377989
0.0638883
0.129075
0.137191
0.390814
0.18454
0
0
0
0.00165448
0.0312837
0.180154
0.321089
0.0180526
0
0.00284245
0.00807104
0.0579855
0.269029
0.306844
0.540777
0.257835
0
0
0
0.00042536
0.0884158
0.167743
0.302575
0.323649
0.0139573
0
0
0
0.00892705
0.092489
0.179001
0.443769
0.183166
0.00256225
0
0
0.0146479
0.14334
0.327158
0.370565
0.00390342
0
0
0
0.0258839
0.0557643
0.211364
0.402744
0.0755058
0.00170817
0
0
0.00100296
0.0310176
0.0505126
0.0392332
0.0963079
0.0965617
0.0641931
0.0672335
0.431633
0.153208
0.0549746
0.0750512
0.302328
0.399159
0.0506323
0.00929723
0.138669
0.111738
0.165805
0.177371
0.240316
0.173905
0.0762342
0.027244
0.067731
0.129745
0.0451759
0.135565
0.381313
0.255397
0.0663347
0.018801
0.0312512
0.0574642
0.0199422
0.0312898
0.210296
0.551948
0.193102
0.00361692
0.000266705
0.023447
0.0109022
0.000257216
0.0617215
0.340683
0.244681
0.0258083
0.0168515
0.00796948
0.0266876
0.042658
0.198607
0.275375
0.234736
0.1076
0.0194405
0.0263787
0.0199755
6.43041e-005
0.0152418
0.218762
0.237024
0.158959
0.135899
0.157866
0.0310846
0.0228702
0.170278
0.214716
0.0973161
0.0412099
0.0702963
0.0512209
0.0908887
0.086881
0.10392
0.0634258
0.0183251
0.0789391
0.151589
0.148899
0.10653
9.19387e-005
0.037733
0.0939085
0.0642546
0.0925766
0.281842
0.480461
0.193611
0.0558952
0.0482187
0.0371079
0.0174783
0.0297231
0.314041
0.451486
0.0524126
0.0567757
0.047324
0.0343569
0.0167724
0.0684101
0.261136
0.171387
0.0285915
0.0236229
0.0193432
0.0165221
0.0219937
0.152052
0.627386
0.252613
0.112973
0.0825588
0.06365
0.0642551
0.0448403
0.0332106
0.169317
0.214642
0.225327
0.152831
0.0243664
0.0358435
0.0819813
0.0952989
0.22284
0.153676
0.00871381
0.00621604
0.00445956
0.00309836
0.00508281
0.156512
0.428606
0.0593116
0.086005
0.00410863
0.012173
0.0351447
0.0334845
0.205684
0.540029
0.317644
0.148283
0.190217
0.0229295
0.00858152
0.0118622
0.08649
0.119944
0.0260484
0.0849126
0.289909
0.146923
0.140988
0.0510724
0.175305
0.0971223
0.0481944
0.230834
0.0163792
0.0105283
0.0297188
0.0227501
0.0517372
0.252453
0.344015
0.387001
0.111842
0.0151297
0.0160801
0.00166382
0.00322365
0.354272
0.314116
0.0527098
0.140509
0.1126
0.119395
0.0346072
0.0523874
0.0772671
0.0872156
0.153823
0.331519
0.0827656
0.067403
0.00249573
0.0048867
0.246365
0.161174
0.288422
0.15592
0.0183031
0.0110489
0
0.00113211
0.176989
0.281117
0.386871
0.179519
0.0236853
0.00233776
0.00137149
0.00439254
0.0111059
0.199677
0.239919
0.303944
0.07845
0.0522662
0
0.00170628
0.144469
0.198489
0.36678
0.100964
0.039534
0.0237248
0.00548594
0.0181603
0.0882792
0.318349
0.236225
0.172234
0.129347
0.055863
0.0153151
0.0114138
0.0827873
0.195652
0.0306006
0.108345
0.178382
0.0861686
0.064936
0.0608064
0.0944891
0.0697734
0.216792
0.0370539
0.00806637
0.0281641
0.0895362
0.0859698
0.270697
0.501284
0.0257877
0.0196523
0.0215953
0.159355
0.403205
0.203915
0.261322
0.187446
0.0164768
0.039722
0.115
0.136553
0.264475
0.200879
0.0598069
0.0211494
0.0382674
0.0113313
0.0160715
0.0841057
0.191612
0.200046
0.191575
0.23939
0.0587242
0.050172
0.138883
0.329338
0.499443
0.166042
0.0863681
0.0402463
0.0931513
0.200869
0.227824
0.162007
0.104814
0.0670852
0.0839559
0.0808261
0.0860443
0.0109824
0.0025362
0.00597385
0.017004
0.0581076
0.220218
0.378751
0.109405
0.0223372
0.00481594
0.00607212
0.00164603
0.0414778
0.390011
0.360855
0.137432
0.212301
0.122239
0.0299615
0.0092302
0.041606
0.113078
0.144236
0.235558
0.183178
0.0446598
0.0110778
0.00216913
0.0482009
0.22981
0.360852
0.184968
0.0518397
0.00746599
0.0191957
0.0115583
0.0131734
0.171233
0.213709
0.46231
0.168542
0.00287524
0.0130067
0.0289448
0.0172825
0.0767347
0.171491
0.317675
0.130397
0.0107838
0.00337762
0.00683477
0.0115328
0.12031
0.23797
0.466758
0.150434
0.068732
0.00927554
0.00455651
0.00886434
0.12124
0.23472
0.382209
0.327625
0.0242336
0.00346979
0.00772457
0.013781
0.0232215
0.050784
0.189221
0.418014
0.231303
0.0939774
0.0176489
0.0260511
0.0128059
0.0169653
0.304973
0.229433
0.140023
0.00912414
0
0.00268658
0.0423648
0.117652
0.233553
0.242926
0.197573
0.0487962
0.00864096
0.00668595
0.079441
0.14592
0.0815576
0.234138
0.213651
0.100465
0.0304686
0.0149938
0.0252333
0.0154359
0.24565
0.54257
0.13924
0.0574436
0.0218918
0.0098055
0.0321581
0.0549234
0.153562
0.121132
0.116417
0.0738675
0.0387903
0.0174501
0.111128
0.122114
0.434224
0.299721
0.110212
0.0679765
0.0608123
0.018115
0.0464635
0.146954
0.178995
0.243298
0.0515017
0.0322097
0.00109929
0.00102781
0.00953188
0.111763
0.212675
0.048602
0.0376198
0.0405879
0.00132699
0.00495701
0.0552912
0.232261
0.347133
0.109441
0.0419579
0.030079
0.0111128
0.00202034
0.000658496
0.254364
0.576906
0.0367866
0.0211287
0.0273124
0
0.000176747
0.00631807
0.422026
0.0646063
0.0318368
0.00118982
0.1045
0.128648
0.0463566
0.0848943
0.195103
0.0207398
0.00404287
0.00450706
0.370852
0.384293
0.0851949
0.0704698
0.079531
0.0426101
0.0557295
0.0121696
0.266168
0.199369
0.0139764
0.0033203
0.0296225
0.022036
0.0204054
0.00877755
0.46976
0.46976
0.0872258
0.0408264
0.0302841
0.0974498
0.037401
0.0551398
0.364159
0.316493
0.0720503
0.0351369
0.0608079
0.170257
0.200293
0.164395
0.0752272
0.021211
0.0279719
0.015798
0.0853277
0.190861
0.116102
0.0225032
0.383138
0.344317
0.12346
0.0888567
0.128893
0.286772
0.174545
0.166605
0.0981618
0.0749338
0.0543348
0.0726674
0.192399
0.120758
0.30085
0.208043
0.0561803
0.000570525
0.00482502
0.00781039
0.0413099
0.166405
0.306515
0.15375
0.0453051
0.00590114
0.00439484
0.0212917
0.101022
0.167249
0.23814
0.277358
0.149833
0.0824
0.0903422
0.0828956
0.118459
0.240719
0.442266
0.317891
0.0979564
0.0219915
0.0510627
0.0423776
0.0826956
0.204897
0.20391
0.118449
0.0335389
0.0319285
0.0067037
0.0430706
0.118041
0.126206
0.1221
0.205969
0.0664298
0.0800797
0.0658803
0.0862342
0.145014
0.268916
0.338142
0.27355
0.0545015
0.0212857
0.0053847
0.0367799
0.136404
0.147072
0.111574
0.141942
0.0764734
0.288274
0.36949
0.109669
0.231415
0.083251
0.122046
0.167672
0.0493169
0.0471523
0.0285301
0.0239155
0.0629602
0.201305
0.119705
0.0938569
0.0210017
0.0141633
0.00753384
0.0494861
0.224176
0.135925
0.0536696
0.0840879
0.0639794
0.231741
0.223745
0.080559
0.166776
0.477623
0.0671643
0.042795
0.0219915
0.0647501
0.0519766
0.070062
0.558165
0.147151
0.0404353
0.0276754
0.0223857
0.0318105
0.0187299
0.0880981
0.204198
0.219814
0.103583
0.0868604
0.158705
0.179183
0.0297857
0.0562772
0.0959699
0.429926
0.14665
0.0729015
0.0207228
0.0294129
0.0198554
0.0458534
0.33475
0.293494
0.374301
0.194279
0.246473
0.189106
0.0309278
0.037546
0.0590659
0.277712
0.103775
0.0506707
0.114372
0.111801
0.00882986
0.0163239
0.168626
0.584196
0.129255
0.0162706
0.0354105
0.0605241
0.0134648
0.0204016
0.285399
0.190503
0.220048
0.0807685
0.174644
0.137408
0.00976722
0.0332899
0.0801945
0.281448
0.190752
0.0849608
0.101365
0.135762
0.0487114
0.0674373
0.088807
0.0622273
0.124571
0.0322823
0.132397
0.118527
0.0204326
0
0.00203501
0.0282594
0.111713
0.0611729
0.27292
0.286944
0.127615
0.0740385
0.0157071
0.472612
0.395105
0.0320101
0.0258667
0.0279684
0.0100731
0
0.0241127
0.235587
0.472612
0.145023
0.121448
0.0593585
0.0539025
0.0352975
0.00780998
0.122773
0.203552
0.0795778
0.147894
0.143535
0.117466
0.103524
0.0583604
0.170276
0.225914
0.137101
0.057818
0.0589192
0.0364207
0.0608086
0.0971686
0.200973
0.622067
0.180682
0.118507
0.0250349
0.0496843
0.0489206
0.0221819
0.262029
0.343503
0.0877385
0.018286
0.010329
0.0105966
0.0274439
0.0898653
0.176649
0.138382
0.135849
0.0776355
0.0678782
0.0732268
0.148676
0.24889
0.300855
0.254201
0.117937
0.0256107
0.0122768
0.0368745
0.094333
0.268404
0.208636
0.141722
0.0475885
0.0101702
0.00538266
0.00729477
0.133765
0.334571
0.280013
0.0676878
0.00720124
0
0
0.00388272
0.149717
0.428735
0.236096
0.190997
0.0766226
0.00801526
0
0.0042865
0.0490374
0.195724
0.154174
0.0653723
0.00774731
0.0065498
0.132252
0.242758
0.163183
0.288038
0.276368
0.0995571
0.00710742
0
0
0.00835129
0.0799635
0.323346
0.261343
0.0594356
0.002463
0
0.0297112
0.0922613
0.20024
0.467631
0.201362
0.0103657
0.00320914
0.00615884
0.0904453
0.137994
0.0821891
0.205983
0.520969
0.038055
0.00402664
0.00220266
0.0191086
0.02567
0.0278537
0.37982
0.250432
0.00614064
0
0
0.0126172
0.0389355
0.079532
0.284619
0.404863
0.0733846
0.00257476
0
0.00021253
0.0110062
0.044729
0.256348
0.455497
0.114876
0.0162752
0.00359729
0.00223481
0.00174556
0.00444294
0.192563
0.457237
0.28876
0.0550733
0.0377239
0.0141388
0.00223886
0.00215508
0.0300196
0.307536
0.169333
0.00781783
0
0
0.0022371
0.011536
0.0894234
0.382699
0.303166
0.0190565
0
0
0
0
0.0182021
0.379999
0.215245
0.0319363
0.0313523
0.0152
0.000893344
0.00657986
0.0360009
0.395582
0.176256
0.0519106
0.0371201
0.0295907
0.0128994
0.0171215
0.0407983
0.409729
0.247462
0.0235214
0
0
0
0
0.0117495
0.499703
0.204091
0.0154163
0
0
0
0.000384338
0.0360138