0.0529168
0.199023
0.295799
0.194788
0.0660877
0.0471106
0.0435394
0.0789668
0.0608531
0.0626735
0.265006
0.212425
0.0610627
0.087822
0.134165
0.10435
0.239122
0.183234
0.112467
0.141688
0.0837199
0.0378435
0.0765055
0.164048
0.105289
0.20722
0.31395
0.444529
0.10359
0.0649067
0.0956683
0.160473
0.0413941
0.0372133
0.0537431
0.0388784
0.019139
0.0561649
0.227235
0.0916981
0.0706344
0.0687169
0.0310472
0.00606393
0.00264055
0.0822235
0.332279
0.066259
0.0340709
0.0599414
0.0874392
0.106197
0.0305009
0.0515453
0.257416
0.207173
0.0511078
0.0307573
0.00705747
0.00248257
0.0117893
0.185753
0.665387
0.337315
0.0982187
0.0452838
0.0266621
0.0198739
0.00094889
0.0955971
0.210482
0.0693989
0.166389
0.163997
0.0397817
0.0235133
0.02364
0.0719315
0.127706
0.133523
0.0642622
0.024489
0.0104621
0.00275582
0.00392027
0.130822
0.595734
0.309977
0.0799612
0.0449066
0.0245316
0.00560486
0.0512691
0.0819458
0.480532
0.194699
0.298189
0.259922
0.0554026
0.0942877
0.0664762
0.0509074
0.151145
0.159456
0.338658
0.114642
0.0653793
0.172519
0.144816
0.103323
0.12196
0.0754777
0.12245
0.0735845
0.0345869
0.0217936
0.143873
0.180617
0.380919
0.147854
0.253588
0.132092
0.174356
0.167357
0.121341
0.0840642
0.108325
0.124419
0.200899
0.116037
0.0720325
0.0703921
0.0923894
0.0804037
0.0732691
0.0699811
0.0837061
0.199085
0.219484
0.237038
0.207853
0.0635674
0.0679692
0.0546443
0.149876
0.140406
0.23158
0.216918
0.13847
0.0425842
0.0645449
0.0827998
0.118162
0.37154
0.330377
0.305519
0.146502
0.04969
0.0668656
0.0462751
0.0404397
0.105743
0.227316
0.218372
0.150563
0.102728
0.105363
0.0336111
0.183665
0.21584
0.144837
0.145679
0.049567
0.149575
0.14467
0.21
0.0591789
0.193132
0.180966
0.0977636
0.0633565
0.127225
0.179724
0.0371037
0.123416
0.0886245
0.0572601
0.0345124
0.0672314
0.253163
0.431514
0.275665
0.133037
0.212356
0.0665933
0.077887
0.0570281
0.122903
0.0606054
0.218166
0.0671774
0.146654
0.16832
0.132779
0.153169
0.311149
0.110669
0.0863381
0.112808
0.0943316
0.0977992
0.0567488
0.0652873
0.182139
0.169613
0.288626
0.252318
0.131919
0.0984054
0.0902878
0.120077
0.367284
0.214195
0.210713
0.224214
0.131148
0.0599175
0.0996441
0.082242
0.0721442
0.100086
0.137648
0.0804084
0.11491
0.116232
0.30206
0.175654
0.0644686
0.045273
0.0631357
0.111067
0.120423
0.0496506
0.100946
0.124954
0.162978
0.412214
0.233885
0.0465546
0.112569
0.0689964
0.327739
0.363799
0.0885746
0.237658
0.107045
0.0367432
0.0724081
0.0522503
0.1234
0.041122
0.0131497
0.0403636
0.0980428
0.0660599
0.0697602
0.0261682
0.0469562
0.0136935
0.052996
0.31465
0.348655
0.0337599
0.0764778
0.0724385
0.411576
0.202614
0.0131843
0.0158556
0.0565411
0.0937192
0.0928432
0.0787623
0.357887
0.134468
0.0089135
0.398698
0.350639
0.0160016
0.00987947
0.00174445
0.00214302
0.00276616
0.0386149
0.359588
0.174373
0.00593787
0.00265097
0.001096
0.000483245
0.00894306
0.095195
0.371603
0.0691579
0.0252562
0.0133165
0.0113249
0.0315392
0.012665
0.0223509
0.528062
0.212921
0.0078372
0.000476224
6.29954e-005
0.000235404
0.000414431
0.127535
0.528062
0.110928
0.00543184
0.00476215
0.00244449
0.00197938
0.0220703
0.138815
0.250782
0.0950215
0.0216256
0.0178869
0.0417795
0.0282409
0.0186077
0.0521389
0.110839
0.133975
0.0140951
0.000820124
0.000138463
0
0.00602529
0.18
0.618893
0.142302
0.0124162
0.0032805
0.00444506
0.00273967
0.0213425
0.18505
0.519217
0.265155
0.0475699
0.0237497
0.125242
0.12739
0.0593656
0.0268385
0.0583341
0.139452
0.0343165
0.0999018
0.179425
0.241204
0.0771871
0.0326593
0.0209396
0.0217133
0.0449445
0.00211347
0.0560832
0.0628813
0.0387805
0.274335
0.527398
0.380842
0.0545854
0.057065
0.151097
0.177359
0.0849383
0.162739
0.310889
0.163981
0.01445
0.0805436
0.111986
0.0827496
0.0289496
0.082764
0.110537
0.0200842
0.127831
0.0945471
0.0511673
0.0195824
0.0554044
0.158519
0.273068
0.138744
0.107607
0.0645846
0.186014
0.101789
0.0726636
0.112224
0.194307
0.113199
0.593134
0.303517
0.110625
0.0419605
0.0347912
0.0796631
0.195741
0.240341
0.14922
0.104992
0.0726341
0.071666
0.0645792
0.149285
0.109089
0.103319
0.196587
0.096299
0.0680971
0.115296
0.0955843
0.179292
0.170242
0.120387
0.52615
0.298692
0.0250074
0.0529885
0.035802
0.0762893
0.0563767
0.133758
0.30421
0.118042
0.0297896
0.140729
0.131269
0.234846
0.18878
0.12152
0.0318108
0.0545595
0.0257243
0.0395033
0.0509727
0.0709075
0.309029
0.141985
0.0107161
0.0526723
0.0542969
0.263651
0.222404
0.0867253
0.250032
0.0796247
0.0232946
0.0895733
0.104922
0.143069
0.100534
0.0348554
0.0958918
0.0421311
0.000776497
0.0412591
0.0947373
0.608795
0.386727
0.0626456
0.0793461
0.0211617
0.00437079
0.0145006
0.0284739
0.361312
0.219505
0.0121749
0.0165357
0.00598919
0.0183132
0.0120431
0.0263797
0.347091
0.209374
0.000350578
0.0922994
0.0680785
0
0.00253924
0.01219
0.454908
0.308606
0.00841953
0.00601514
0.000792997
0.000135167
0.000369168
0.00132775
0.453671
0.296447
0.00130396
0.00128207
0.00377441
0.0156166
0.00512828
0.0134151
0.0764645
0.0467328
0.0170276
0.472267
0.149035
0.0125765
0.00158522
0.00191202
0.002105
0.000208393
0.0775701
0.687344
0.148317
0.00381401
0.00167966
0.00387011
0.103646
0.0819692
0.0113379
0.0362029
0.0240928
0.0112985
0.00944118
0.0092875
0.0059292
0.00847925
0.0182862
0.387519
0.0858689
0.00594482
0.000353542
0.000353542
0
0.00431532
0.033805
0.490936
0.062641
0.00590374
0
0
0
0.0203209
0.0881088
0.490936
0.0957105
0.00622404
0.00400617
0.00426647
0.00220494
0.00388456
0.00755521
0.427918
0.0682904
0.00808166
0.00109867
0.00140662
0.00126681
0.00723365
0.0346415
0.490936
0.129272
0.00932968
8.08333e-005
0.00362001
0.00437971
0.0138319
0.095883
0.329193
0.120927
0.0136959
0.00389273
0.0250754
0.0199051
0.00880833
0.0951503
0.304065
0.080068
0.00632051
0.000385786
0.00564141
0.000184076
0.00496722
0.0623724
0.561404
0.168311
0.00322512
0.00050881
0.0138925
0.00612515
0.0134489
0.134313
0.561404
0.147653
0.0346223
0.010879
0.0801985
0.0283013
0.0150852
0.0920554
0.242216
0.0423241
0.176124
0.0634046
0.0710471
0.0214756
0.00779849
0.0292824
0.0975998
0.0694535
0.00445418
0.00180395
0.02957
0.00989745
0.0124557
0.14954
0.609733
0.166723
0.0585046
0.0308818
0.0541894
0.00806333
0.00587999
0.095395
0.557314
0.237136
0.311138
0.137957
0.0481868
0.0349477
0.0229753
0.0181385
0.0454503
0.0834885
0.147103
0.0934295
0.0715209
0.125713
0.101602
0.15449
0.0946536
0.124888
0.153577
0.0748447
0.0941839
0.0315007
0.0321934
0.134976
0.536286
0.183845
0.1302
0.253516
0.175726
0.268829
0.0615826
0.125682
0.243574
0.119841
0.0149537
0.112875
0.141791
0.129404
0.0962979
0.0328356
0.0408539
0.0170441
0
0.0847702
0.159142
0.460446
0.317672
0.0284136
0.0205187
0.00376344
0.0200798
0.0835235
0.0958937
0.0928943
0.164728
0.150786
0.148362
0.0243424
0
0.051525
0.12575
0.380359
0.455891
0.195377
0.134548
0.0150538
0
0.00297933
0.0155331
0.398761
0.268233
0.00361283
0.00101367
0.000271265
0
7.96385e-005
6.66363e-005
0.328198
0.248276
0.0032467
0.00157536
0.00102716
0
0.00198622
0.0192725
0.447679
0.352292
0.0218129
0.00556032
0.00108506
0.000287899
0.000318554
0.000266545
0.374012
0.299166
0.00894417
0.00226506
0.00307323
0.00566253
0.0211281
0.010057
0.352999
0.411981
0.0814691
0.0485347
0.0330465
0.0468385
0.0761822
0.0490645
0.0435271
0.0538706
0.0947827
0.13841
0.0995989
0.00797618
0.0457102
0.0169252
0.372616
0.442083
0.127594
0.0566619
0.0740579
0.0480182
0.106339
0.0488014
0.0508752
0.0603134
0.0922499
0.0911395
0.0862666
0.0206362
0.0162753
0.0134977
0.0152923
0.0107124
0.0118417
0.153993
0.053434
0.0172647
0.00633726
0.00601414
0.0103599
0.00434152
0.0233376
0.891313
0.184261
0.032176
0.0221372
0.00829044
0.0137851
0.0117695
0.0101016
0.0199388
0.0221692
0.128371
0.167102
0.00605526
0.0100513
0.0101615
0.00852464
0.0736219
0.0470415
0.00312626
0.00106189
0.00197248
0.000510224
0.0002978
0.0239619
0.494685
0.0842053
0.0023321
0.00628162
0.0184241
0.00816643
0.00811369
0.0632194
0.494685
0.102565
0.105636
0.155784
0.00163563
0.000621667
0.000606999
0.00334087
0.0938013
0.0260461
0.139451
0.479777
0.0704618
0.0201831
0
0.0352547
0.370023
0.030331
0.0033013
0.00362096
0.0237518
0.0338835
0.0246554
0.0962108
0.517939
0.107581
0.0113529
0.00546049
0.0129196
0.0312897
0.0497365
0.12146
0.410934
0.148833
0.0605283
0.407119
0.125426
0.141929
0.0317181
0.0975783
0.32933
0.0240045
0.0503856
0.187318
0.0746005
0.157135
0.0906164
0.118909
0.170375
0.0615076
0.0312515
0.0183178
0.0225442
0.0106568
0.0611568
0.17437
0.43494
0.147399
0.111544
0.180047
0.0815467
0.0692543
0.0299379
0.100573
0.219528
0.108244
0.0791105
0.246719
0.14192
0.129786
0.0858007
0.158298
0.253287
0.128382
0.199492
0.341557
0.304344
0.164225
0.0284449
0.104974
0.16954
0.137426
0.00840132
0.0257529
0.0441458
0.101859
0.11761
0.0856461
0.0702201
0.00725895
0
0.00252849
0.0337949
0.430097
0.347439
0.0946922
0.0565697
0.00410076
0.00216396
0.00556032
0.0431759
0.199047
0.102133
0.0585329
0.0472582
0.0034345
0
0
0.061149
0.636735
0.335016
0.00693305
0.00509787
0
0
0
0.00468471
0.422305
0.283848
0.0123026
0.00235561
0.000345144
0.000815399
0.00134732
0.00121306
0.326736
0.22271
0.00589206
0.000923244
0.00210835
0.00143969
0
0.0120683
0.471252
0.328145
0.00830336
3.17403e-005
0.00120464
0.0455767
0.0485087
0.00277084
0.379934
0.242099
0.0214388
0.00324703
0.0097036
0.00585445
0.00677073
0.00553096
0.075986
0.0596423
0.019319
0.00707785
0.010725
0.0560563
0.0531576
0.00821677
0.0143919
0.0190545
0.0110562
0.0128061
0.018526
0.212986
0.277869
0.00892457
0.0838885
0.0478024
0.0173775
0.00734138
0.0157438
0.526807
0.708675
0.0103027
0.0166233
0.0156393
0.00619711
0.00582851
0.0121263
0.0711792
0.10521
0.00193933
0.00312415
0.00344029
0.00181847
0.00288848
0.0117304
0.183198
0.404955
0.00129374
0.00106376
0.00165269
0.00117797
0.00330746
0.00935145
0.295448
0.51555
0.00447892
0.00599989
0.00261585
0.000353718
0.000730899
0.00587938
0.33939
0.51555
0.0307544
0.00576605
0.000838786
0.000130624
2.2224e-005
0.00269471
0.192163
0.396184
0.00269264
0.00140592
0.00141755
0.000399472
0.00268219
0.00453067
0.205509
0.451051
0.0348518
0.00761902
0.00495967
0.00632329
0.0150026
0.00539167
0.219242
0.451051
0.0261691
0.0046034
0.00195104
0
0
0.00428612
0.235627
0.451051
0.0511477
0.00459579
0.00743951
0.00185376
0.000109044
0.0172548
0.133334
0.457929
0.0766263
0.0479053
0.00725472
0.0171443
0.0183824
0.00408886
0.168906
0.432667
0.0527428
0.0581045
0.0178957
0.015432
0.0120234
0.0269141
0.188027
0.427865
0.115406
0.0149198
0.00434514
0.00608511
0.0107712
0.0242194
0.232909
0.441167
0.0610451
0.0242797
0.00501225
0.0141963
0.0294296
0.0619549
0.175822
0.580969
0.115422
0.0717887
0.016641
0.020786
0.0315501
0.0394352
0.136804
0.389646
0.244819
0.0834396
0.00638541
0.0221252
0.0276086
0.037982
0.183604
0.442931
0.0193162
0.0221418
0.00450336
0.0158172
0.0271468
0.0797221
0.071229
0.216141
0.0840278
0.0155662
0.00723211
0.0181072
0.0319383
0.0528689
0.0310301
0.0163184
0.0157583
0.171122
0.0968772
0.0340067
0.0387013
0.00306695
0.00227692
0.00144895
0.0322686
0.560336
0.334232
0.0267298
0.01194
0.000148561
0.0519709
0.0194101
0.0495947
0.246976
0.092228
0.00717714
0.0212165
0.0561391
0.0212367
0.0113512
0.0669065
0.557144
0.245575
0.0712217
0.058799
0.0342248
0.0240612
0.0106648
0.00851095
0.375649
0.296863
0.0633957
0.0318943
0.0282037
0.200018
0.294091
0.000900694
0.213865
0.178953
0.0727269
0.0323687
0.0572801
0.0872386
0.0508209
0.0166113
0.177093
0.15363
0.100102
0.123272
0.108744
0.328961
0.498223
0.0336147
0.0547858
0.0641178
0.0637528
0.0905238
0.144426
0.192854
0.376672
0.00122413
0.013856
0.0109583
0.0081331
0.00302325
0.0121405
0.26938
0.445181
0.0119126
0.00457954
0.0065723
0.000204539
6.79458e-005
0.00516678
0.209745
0.445181
0.0274982
0.00787778
0.00374348
0.00330161
0.00266358
0.0197159
0.249673
0.445181
0.0353043
0.00545237
0.00883465
0
0.000689034
0.00935752
0.203406
0.480292
0.0178189
0.00666714
0.00301202
2.14293e-005
0
0.00476354
0.15761
0.480292
0.049424
0.00728604
0.00116786
0.00027603
0.00118531
0.0011184
0.199225
0.370369
0.0280523
0.00579802
0.00437925
0
0.00193122
0.0115715
0.107199
0.480292
0.0438595
0.00507168
0.00234228
0.000414045
0.00503439
0.00911452
0.204961
0.54542
0.0528057
0.00345206
0.000691481
0.00168381
0.00723047
0.00661214
0.266198
0.502491
0.0610177
0.00534672
0.00808523
0.00204709
0.00879047
0.0207821
0.105303
0.4169
0.0592538
0.020068
0.00633878
0.00321912
0.0151909
0.00584276
0.106962
0.197756
0.0778387
0.0622619
0.134394
0.0242339
0.0257958
0.00837846
0.23228
0.437875
0.13607
0.0269519
0.00973216
0.0141877
0.0577073
0.0937285
0.222367
0.189102
0.0663114
0.0342679
0.0074148
0.0681588
0.164375
0.26999
0.163824
0.174847
0.0890602
0.0778954
0.216059
0.0527808
0.0469651
0.094321
0.325682
0.081894
0.0776979
0.0857006
0.0631242
0.0606953
0.121655
0.402274
0.218174
0.0707669
0.00386004
0.0157572
0.0059847
0.0632403
0.128657
0.298433
0.0739083
0.0438031
0.0624377
0.0158074
0.0341826
0.116352
0.16967
0.23549
0.285216
0.0508181
0.103102
0.150366
0.0559769
0.0882089
0.144743
0.409933
0.110483
0.212561
0.133768
0.115075
0.125731
0.306398
0.212196
0.238445
0.0505178
0.0201336
0.0746536
0.228255
0.168998
0.0293582
0.0267729
0.103403
0.0903213
0.087247
0.0937316
0.385395
0.240996
0.111697
0.0689657
0.117333
0.107128
0.0643267
0.0564971
0.0746207
0.190551
0.101122
0.0824714
0.105256
0.306127
0.267258
0.0438539
0.118136
0.235878
0.212613
0.172375
0.381117
0.107191
0.169249
0.0292062
0.05973
0.0364096
0.0388551
0.0579579
0.0870007
0.196057
0.507493
0.103207
0.0133827
0.00451463
0.00813342
0.0340098
0.0675127
0.199183
0.385249
0.0238747
0.0262322
0.0207159
0.0349833
0.0303497
0.123352
0.16598
0.568611
0.103854
0.0102983
0.0255237
0.0250877
0.0294562
0.0338869
0.267006
0.537498
0.110855
0.0105371
0.00125358
0.00618314
0.00510201
0.0355853
0.304377
0.488845
0.0617411
0.0279104
0.0210715
0.015712
0.0152872
0.0340651
0.159451
0.325251
0.126037
0.0266182
0.0501359
0.0367731
0.0243506
0.0347581
0.120817
0.116268
0.105915
0.0687054
0.0850068
0.108842
0.0341316
0.0333494
0.300651
0.447031
0.0657245
0.0766896
0.026612
0.0140257
0.028149
0.0316873
0.210996
0.461976
0.130502
0.0594001
0.0138221
0.0101224
0.0485302
0.0444044
0.0460115
0.109778
0.270727
0.164659
0.0714238
0.0858495
0.0410789
0.0270897
0.119231
0.198348
0.262292
0.101566
0.0149503
0.0563744
0.186394
0.114491
0.14471
0.338937
0.157384
0.081642
0.0359662
0.0189596
0.0411278
0.0276978
0.146761
0.256678
0.166188
0.150271
0.299603
0.0853222
0.0461934
0.0490211
0.118064
0.170603
0.119787
0.0680731
0.0392837
0.164474
0.273098
0.130268
0.220764
0.280548
0.160493
0.103241
0.149146
0.224534
0.180136
0.143606
0.152818
0.144716
0.0700908
0.0648916
0.232059
0.0915985
0.0420372
0.123852
0.3253
0.107996
0.109186
0.0856862
0.067655
0.0361239
0.0618908
0.401418
0.219371
0.225449
0.140755
0.0402305
0.0973092
0.099177
0.0567084
0.154035
0.231044
0.180155
0.306304
0.10491
0.0290729
0.0466944
0.100558
0.304852
0.188042
0.0663107
0.198142
0.186402
0.0517412
0.0293287
0.0650916
0.26347
0.0702379
0.202024
0.19778
0.173877
0.118919
0.181153
0.082804
0.0597366
0.122903
0.0698681
0.392406
0.211569
0.0232522
0.0427458
0.12115
0.231134
0.137376
0.0516352
0.296018
0.2129
0.102521
0.138406
0.147778
0.181977