0.189868
0.0345966
0.00494031
0.000597065
0.000597065
0.00853147
0.101752
0.495812
0.432178
0.0739182
0.0127358
0.0063715
0.00480371
0.0051148
0.0142693
0.521902
0.119273
0.0781844
0.0305357
0.0272599
0.0622539
0.050748
0.094338
0.211039
0.203084
0.153162
0.0680804
0.0615521
0.0572433
0.0196884
0.0220853
0.152854
0.323208
0.0299371
0.00337645
0.00563687
0.00200984
0.00175841
0.0152042
0.355548
0.419245
0.0358906
0.00436319
0.00125705
1.4124e-005
0
0.0444384
0.508326
0.153502
0.0949963
0.0466747
0.0782183
0.0550194
0.00980474
0.0328664
0.140472
0.177216
0.0904548
0.0283893
0.0296338
0.0205782
0.0465666
0.18221
0.368423
0.387428
0.0492118
0.0375016
0.00676464
0
0
0.0334317
0.33931
0.53165
0.112391
0.0614874
0.0254035
0
0
0.0149412
0.244173
0.144013
0.0815289
0.0634716
0.0168657
0.00645932
0.0707043
0.131063
0.321625
0.236502
0.177349
0.134321
0.0942702
0.00466801
0.0423359
0.0419934
0.201373
0.435328
0.146282
0.0355556
0.0323393
0.0731005
0.027632
0
0.128095
0.170563
0.197448
0.0559737
0.0660316
0.436944
0.298465
0.172081
0.06546
0.199661
0.195641
0.138679
0.0869109
0.0281299
0.0257113
0.00278763
0.0591271
0.13054
0.137732
0.0998637
0.1213
0.205876
0.28646
0.13977
0.0553021
0.0307526
0.0465038
0.016772
0.0666875
0.335468
0.216987
0.276376
0.132019
0.269081
0.0869599
0.0392005
0.0988378
0.185344
0.0788502
0.178364
0.312578
0.0347128
0.0129752
0.00614472
0.0488039
0.177802
0.33929
0.253549
0.0863028
0.209853
0.0822144
0.0792397
0.0559698
0.127802
0.146261
0.208378
0.253347
0.258125
0.252505
0.100875
0.186454
0.213737
0.0650339
0.0125112
0.119085
0.198302
0.221856
0.135223
0.311295
0.34894
0.130321
0.00223895
0.0454738
0.169557
0.199575
0.2347
0.192299
0.0586764
0.00724482
0.0238386
0.109108
0.176474
0.254408
0.240731
0.169279
0.0492964
0.00977044
0.00278983
0.0597668
0.150862
0.0540828
0.0375703
0.125169
0.283855
0.260765
0.0599654
0.132253
0.16747
0.0212947
0.00236838
0.018071
0.133703
0.210455
0.14969
0.495441
0.191355
0.245572
0.105024
0.0402284
0.0676333
0.0271727
0.0326836
0.140886
0.168218
0.116726
0.0698844
0.063887
0.121647
0.061173
0.0913519
0.39544
0.0940891
0.137579
0.110656
0.155785
0.126473
0.0714854
0.0968986
0.159566
0.179859
0.180371
0.205887
0.1791
0.242612
0.0281022
0.0644064
0.166945
0.0481467
0.106737
0.113237
0.247486
0.118235
0.0837205
0.166035
0.0985162
0.0665784
0.0822907
0.148533
0.363749
0.30653
0.163408
0.293369
0.182171
0.0676799
0.075193
0.0635984
0.140591
0.16681
0.0131925
0.0197104
0.0443939
0.108383
0.104612
0.105874
0.131794
0.0820531
0.120794
0.208674
0.139937
0.0218718
0.0218338
0.0492541
0.310005
0.245626
0.0332976
0.0588325
0.0431552
0.106677
0.213001
0.357626
0.581037
0.170523
0.066559
0.111064
0.0909616
0.080023
0.0557076
0.0540004
0.0325486
0.0184115
0.184804
0.197045
0.125325
0.118012
0.0866977
0.0405666
0.05415
0.0158866
0.145009
0.160053
0.120931
0.116943
0.174881
0.213249
0.198302
0.0297766
0.140275
0.404334
0.171672
0.0767974
0.0657395
0.0304691
0.0348891
0.0174619
0.238344
0.546595
0.212638
0.0760543
0.0892667
0.0812133
0.0910202
0.0621268
0.104993
0.0471032
0.0381692
0.0385332
0.0528327
0.0575001
0.175701
0.349845
0.207113
0.0246201
0.00705682
0.0292657
0.038078
0.020396
0.051279
0.0596103
0.27271
0.502321
0.129449
0.0153986
0.0126308
0.021263
0.166355
0.359468
0.261918
0.296267
0.146925
0.0217258
0.00824498
0.00498284
0.12127
0.356237
0.284802
0.125918
0.0762577
0.0914802
0.0522878
0.0996048
0.0479102
0.20998
0.240534
0.167372
0.23523
0.0278507
0.000387574
0.0113625
0.130312
0.371362
0.230998
0.201144
0.11479
0.028834
0.0229513
0.0266385
0.0679951
0.200161
0.297377
0.209705
0.194193
0.0709902
0.111314
0.38388
0.211522
0.127884
0.122843
0.0719314
0.114693
0.0629618
0.174571
0.375275
0.191235
0.114174
0.0910812
0.118389
0.0558855
0.0157771
0.0498758
0.105386
0.173883
0.16571
0.244276
0.187424
0.142477
0.0254274
0.0986118
0.145326
0.191859
0.151207
0.189359
0.272811
0.142514
0.067651
0.239792
0.15815
0.0386573
0.114218
0.0738802
0.113596
0.0871836
0.0792771
0.241923
0.13621
0.0774019
0.168586
0.0734684
0.138547
0.182717
0.0440374
0.0878113
0.0962968
0.109765
0.133789
0.161506
0.275096
0.237149
0.126217
0.230231
0.0794863
0.0645577
0.141928
0.297351
0.344796
0.313758
0.0578574
0.0531589
0.0839737
0.202733
0.0966504
0.0563841
0.08119
0.0714929
0.053243
0.0271903
0.0629432
0.309291
0.186264
0.158469
0.254081
0.149003
0.118089
0.196242
0.169977
0.193949
0.170694
0.0705621
0.0254275
0.0878364
0.0952882
0.141482
0.110918
0.282389
0.411385
0.297045
0.123332
0.160756
0.00722772
0.00323072
0.0134125
0.151206
0.123902
0.0290091
0.0596023
0.0302454
0.0188421
0.0587032
0.142081
0.49056
0.260521
0.00549225
0.0145731
0.0313692
0.0135588
0.0121046
0.00602746
0.141358
0.253879
0.0664629
0.0395006
0.0376737
0.00286534
0.0017835
0.018009
0.49056
0.49056
0.011496
0.00574235
0.00676823
0.0346567
0.0742037
0.128323
0.290551
0.120613
0.0141272
0.202508
0.0989926
0.0182072
0.025443
0.0236654
0.0257296
0.01521
0.160786
0.462142
0.141928
0.00350055
0.0083967
0.0256159
0.424557
0.429459
0.0105124
0.0469866
0.0151081
0.00523589
0.00879715
0.00854541
0.0504275
0.0756451
0.107755
0.350689
0.0903347
0.00169114
0.012937
0.00138033
0.00163255
0.00344226
0.140509
0.447188
0.112861
0.0194564
0.00782672
0.00494939
0.0249549
0.0321847
0.0965944
0.417975
0.143847
0.00148497
0.00341205
3.29775e-005
0.000316804
0.00179921
0.0794845
0.457612
0.169105
0.0143685
0.00195668
2.1985e-005
0
0.00258976
0.156485
0.457612
0.191874
0.0402074
0
0.00643616
0.0458043
0.0594668
0.132749
0.272776
0.0908266
0.0279268
0.0558644
0.0123553
0.060782
0.0608777
0.118118
0.138884
0.0814203
0.0460522
0
0.00143906
0.0170631
0.014192
0.220552
0.562229
0.24774
0.0705702
0.074441
0.0119095
0.0463359
0.0305628
0.21069
0.501488
0.217515
0.038461
0.104726
0.0468374
0.0843861
0.0728477
0.114067
0.145911
0.11123
0.0633096
0.190228
0.150819
0.146615
0.113326
0.0851067
0.0923558
0.111373
0.131982
0.149949
0.0451415
0.0629192
0.0579286
0.218732
0.430201
0.208011
0.220767
0.20723
0.153614
0.130232
0.121556
0.0773943
0.276583
0.412579
0.0529756
0.0892623
0.112838
0.141781
0.0896464
0.0566489
0.0554578
0.0855354
0.0795733
0.0488007
0.103129
0.166582
0.151553
0.276374
0.13255
0.0936159
0.090552
0.142424
0.201497
0.184339
0.104796
0.0551749
0.0606581
0.113633
0.09409
0.0940931
0.520454
0.4799
0.161655
0.158092
0.039295
0.0214431
0.0479253
0.103263
0.166198
0.119788
0.073349
0.0611501
0.071776
0.0892952
0.0375601
0.0775991
0.0874429
0.119154
0.220105
0.315727
0.0792184
0.103701
0.0134107
0.0152142
0.0868335
0.0705218
0.0440183
0.0524015
0.399888
0.278644
0.00794902
0.0424242
0.0956164
0.0759412
0.19545
0.442997
0.3522
0.153643
0.00330477
0.0187085
0.0122311
0.104908
0.188687
0.0920908
0.0112915
0.0119402
0.000499528
0.0102188
0.0057525
0.436988
0.456146
0.0120114
0.0011392
0.00105073
0.000112429
0.0404241
0.0457607
0.150005
0.180496
0.14903
0.0262539
0.00714228
0
0.0267714
0.0272546
0.456146
0.456146
0.0191027
0.00106987
0
0.00109529
0.00155898
0.000954698
0.383954
0.496996
0.0037016
0.00239467
0.000365794
0.00940637
0.00476797
0.002007
0.0554248
0.0963377
0.0160873
0.0642762
0.0407204
0.00101425
0.00100828
0.00207883
0.507788
0.507788
0.0012524
0.000224155
0.000426176
0.0150383
0.0128974
0.00435381
0.0822775
0.115726
0.00981314
0.0100685
0.0205521
0.00919208
0.00278158
0.00268895
0.00767156
0.0073971
0.0217866
0.269867
0.133702
0.0135355
0.00200888
0.00151082
0.00463686
0.0103553
0.163327
0.717297
0.221277
0.051537
0.0518802
0.00989379
0.0125925
0.013064
0.0145284
0.0275087
0.0577166
0.26546
0.373597
0.0420559
0.0069974
0.0132092
0.021332
0.126714
0.0952405
0.0130125
0.00549039
0.0101334
0.000772748
0.00798651
0.0782425
0.433252
0.156442
0.0224979
0.0159447
0.051881
0.0465225
0.121037
0.198329
0.433252
0.131371
0.175807
0.301602
0.0706642
0.00478815
0.00848397
0.0211792
0.145436
0.0496414
0.110478
0.294432
0.317107
0.163929
0.165472
0.117326
0.227488
0.0605117
0.0388813
0.0223271
0.0461291
0.10975
0.181053
0.194449
0.310995
0.13185
0.0774181
0.074974
0.0522039
0.0551329
0.0764863
0.0935223
0.26968
0.284795
0.0437372
0.143012
0.258608
0.281734
0.231494
0.129164
0.25531
0.164234
0.0730447
0.296347
0.158788
0.09193
0.0827336
0.111011
0.211782
0.19852
0.101309
0.216441
0.146491
0.0600134
0.0388079
0.0693007
0.14159
0.188897
0.0833191
0.190203
0.468826
0.378421
0.0727741
0.0599347
0.070602
0.0211988
0.107375
0.323811
0.135917
0.0330262
0.0213367
0.0990045
0.139555
0.105223
0.0755167
0.138871
0.142267
0.116539
0.0652675
0.260804
0.246619
0.0225287
0.0703228
0.0631864
0.0360678
0.0470319
0.065788
0.0220759
0.278793
0.184041
0.0108225
0.0732963
0.18932
0.190704
0.156093
0.200881
0.243184
0.0750741
0.198323
0.12153
0.0454062
0.0793364
0.0629621
0.0858703
0.191508
0.404691
0.0317615
0.127837
0.227757
0.361187
0.1544
0.231219
0.125418
0.140242
7.61946e-005
0.0260681
0.074103
0.165403
0.1195
0.0634512
0.0150094
0.00212906
0
0.0107025
0.0304202
0.456128
0.456128
0.00869345
0.000153096
0
0.000304778
0.0265325
0.0677452
0.195437
0.131292
0.0559783
0.0194064
0.00516679
0.0202531
0.0148814
0.0176962
0.456128
0.456128
0.0604262
0.0227838
0.0116442
0.00635586
0.00483267
0.0019577
0.3759
0.359476
0.00747018
0.00190755
0.000382626
0.0466651
0.103229
0.013344
0.0602851
0.059099
0.0104534
0.00401694
0.00923788
0.14908
0.137142
0.00310433
0.280947
0.43658
0.0771207
0.025584
0.0321879
0.342045
0.466069
0.0641873
0.0532287
0.0471171
0.0281222
0.00854787
0.0216742
0.10559
0.193404
0.0170026
0.00170278
0.00231028
0.00435237
0.0019659
0.0200045
0.212218
0.459173
0.0656563
0.002827
0.00106769
0.00933495
0.00693133
0.0221543
0.283854
0.459173
0.0968718
0.0281437
0.00230589
0.00846131
0.00142453
0.0096553
0.327463
0.459173
0.146016
0.0364122
0.00377968
0.0347802
0.0156609
0.0237204
0.200996
0.437739
0.115219
0.024269
0.00156797
0.0220589
0.0360624
0.0246719
0.189698
0.318408
0.261308
0.148607
0.0239549
0.0306841
0.0743538
0.0537728
0.21224
0.402072
0.123067
0.0304585
0.00222441
0.0478377
0.0543964
0.0429465
0.328565
0.310147
0.128996
0.0870549
0.0105578
0.0588423
0.0593683
0.0735946
0.175371
0.247921
0.273208
0.24668
0.0545096
0.0404873
0.167297
0.158936
0.099392
0.277823
0.121381
0.166615
0.040202
0.0681046
0.142803
0.0939885
0.35296
0.307697
0.127705
0.132159
0.0774405
0.13853
0.0774769
0.118672
0.0780823
0.0904085
0.0684064
0.172452
0.149229
0.298675
0.14967
0.0571846
0.0914315
0.240729
0.151358
0.110905
0.0179815
0.0744792
0.133116
0.0728586
0.162856
0.14931
0.157008
0.040661
0.0567136
0.213072
0.203718
0.0902064
0.154553
0.0685008
0.0671099
0.112215
0.0912411
0.238651
0.210547
0.197843
0.509954
0.223897
0.122725
0.0176322
0.0206847
0.0713004
0.154905
0.236288
0.0762151
0.0493819
0.00577588
0.0479281
0.0618109
0.202041
0.196018
0.284848
0.0180817
0.0511341
0.0386321
0.142586
0.126135
0.299004
0.201595
0.156133
0.108068
0.13122
0.182018
0.206819
0.180246
0.230705
0.230701
0.123571
0.0930578
0.117747
0.164343
0.0946865
0.330716
0.215067
0.264459
0.1049
0.000889525
0.00952887
0.0305376
0.189713
0.150637
0.123817
0.0556298
0.0253761
0.0646344
0.0485809
0.0598786
0.313298
0.514485
0.228857
0.117121
0.0707921
0.035551
0.0173857
0.0310089
0.123295
0.24344
0.118422
0.084262
0.0401658
0.157706
0.121086
0.316851
0.201996
0.207885
0.218829
0.173315
0.143916
0.188303
0.184711
0.0486423
0.0712489
0.172059
0.0930984
0.0509219
0.0648828
0.346706
0.40913
0.109357
0.086747
0.0116787
0.0207216
0.0127037
0.0233041
0.141566
0.177751
0.338958
0.117532
0.0258384
0.0572712
0.0459299
0.0751627
0.332193
0.257148
0.3667
0.157909
0.00589617
0.022349
0.0116615
0.0215546
0.280345
0.383515
0.192579
0.132705
0.00969901
0.0114584
0.00667857
0.00765549
0.286589
0.341474
0.249264
0.121248
0.0186349
0.0173661
0.00875717
0.0450905
0.327262
0.243119
0.211854
0.131086
0.0149673
0.0353053
0.0149436
0.0430384
0.220789
0.174801
0.170923
0.092335
0.0229421
0.0458162
0.0288538
0.2024
0.349656
0.468243
0.162931
0.0590016
0.016924
0.0321905
0.0358383
0.0743071
0.372814
0.377972
0.0544609
0.0339199
0.0292345
0.048245
0.0765835
0.149277
0.187348
0.208104
0.103392
0.0644095
0.0238814
0.0734197
0.05622
0.217164
0.10121
0.155252
0.046733
0.0389282
0.0194423
0.0501273
0.136344
0.152277
0.189097
0.160169
0.0300221
0.0577139
0.111282
0.157498
0.120047
0.18279
0.0421193
0.0208086
0.0191138
0.0613281
0.169859
0.408277
0.23696
0.159258
0.0541431
0.0647998
0.0250359
0.0367159
0.0411669
0.082323
0.23348
0.235929
0.0522771
0.0439213
0.00835642
0.0417273
0.0510607
0.131479
0.342076
0.457308
0.131574
0.0225182
0.00244559
0.0140149
0.0553357
0.221078
0.175161
0.2178
0.323629
0.125273
0.0507971
0.00741775
0.0062362
0.116005
0.131374
0.166028
0.0665699
0.0188067
0.00727378
0.0146983
0.0134411
0.131294
0.323277
0.386858
0.164295
0.0857772
0.0508269
0.0106079
0.00210347
0.226199
0.394003
0.25828
0.160226
0.230216
0.280498
0.227297
0.106999
0.0398117
0.0525545
0.0499917
0.188965
0.219282
0.237741
0.055037
0.144937
0.0372998
0.0654465
0.0740364
0.285521
0.391699
0.238081
0.175987
0.0289905
0.00113518
0.0141213
0.0587801
0.280188
0.271565
0.118804
0.0793474
0.0449481
0.00426088
0.0798298
0.147363
0.166085
0.0880515
0.0546863
0.0572474
0.165743
0.0597826
0.0862428
0.103006
0.495484
0.208067
0.283393
0.091439
0.116023
0.0930066
0.118543
0.195569
0.18439
0.120927
0.0979557
0.107922
0.0579642
0.0120756
0.0809843
0.126664
0.441381
0.164334
0.156711
0.059479
0.0947309
0.123205
0.082577
0.0925765
0.212758
0.200234
0.380601
0.093556
0.0134388
0.0172426
0.01686
0.0582093
0.24787
0.300247
0.487187
0.0972704
0.0159892
0.018182
0.00255667
0.0264562
0.175188
0.0952078
0.158626
0.0677039
0.0413493
0.0692827
0.0348033
0.0248589
0.0992691
0.1738
0.355686
0.240722
0.0425098
0.0321441
0.0225183
0.0256525
0.326669
0.341334
0.22583
0.0418394
0.0228858
0.0349154
0.0112404
0.0739052
0.273848
0.233021
0.0415806
0.0158117
0.011682
0.0546335
0.0391299
0.289696
0.133901
0.223762
0.290895
0.246778
0.0702038
0.028011
0.0181466
0.0534607
0.246832
0.292972
0.181213
0.120561
0.056845
0.0165783
0.0166653
0.0934394
0.25626
0.250888
0.0293529
0.0193994
0.0056176
0.0874683
0.0673536
0.263244
0.150022
0.177907
0.0258691
0.0136484
0.00324621
0.101235
0.264086
0.194753
0.342534
0.34104
0.0749817
0.0151526
0.0182142
0.0526756
0.0469806
0.138541
0.194447
0.127456
0.0431931
0.000682558
0.023108
0.319006
0.248357
0.196712
0.0574395
0.0758212
0.0118583
0.012385
0.00713888
0.128823
0.377472
0.180693
0.082512
0.178703
0.078236
0.063397
0.0274702
0.0793263
0.295753
0.229061
0.115495
0.10824
0.135952
0.0664525
0.0249872
0.244633
0.272988
0.118935
0.120658
0.403228
0.26599
0.146561
0.0547446
0.0946322
0.162712
0.0361305
0.0478533
0.106717
0.122467
0.0590097
0.0366444
0.095861
0.232641
0.214162
0.0662471
0.0701618
0.0989688
0.0572025
0.133642
0.200053
0.421248
0.274829
0.060032
0.26165
0.221703
0.0888445
0.0629968
0.0776858
0.08746
0.046338
0.0473696
0.088051
0.184182
0.187883
0.32971
0.21149
0.160097
0.110105