0.325137
0.0210853
0.0185921
0.00839853
0.0197798
0.0655141
0.0560965
0.37114
0.605635
0.0584705
0.0300328
0.000845114
0.00807789
0.0175656
0.0169063
0.295447
0.0880386
0.03671
0.0426538
0.0630038
0.0584488
0.156292
0.16515
0.115833
0.209386
0.20893
0.0606664
0.0108027
0.0255644
0.111755
0.119202
0.138824
0.371518
0.0214448
0.0129756
0.0005026
0.0143047
0.0112251
0.0333441
0.269209
0.460467
0.0783975
0.0492576
0
0.0386207
0.0268391
0.0575464
0.381329
0.17921
0.130722
0.0506375
0.0163586
0.0398011
0.0545432
0.0821476
0.128327
0.264959
0.324694
0.113296
0.00873624
0.0490913
0.116914
0.222885
0.14022
0.363834
0.134495
0.0346032
0
0.00902654
0.00546863
0.0117532
0.230837
0.472741
0.191088
0.0175451
0.00664502
0.00123817
0
0.00197619
0.228259
0.261651
0.327884
0.0878057
0.0142327
0.0285663
0.0426937
0.0878137
0.0994052
0.348529
0.282796
0.062117
0.048153
0.0806157
0.019078
0.038046
0.0979588
0.406446
0.234461
0.078285
0.0909494
0.0391031
0.0166497
0.0175198
0.128665
0.15941
0.200396
0.108067
0.160015
0.261387
0.209479
0.153672
0.101546
0.263699
0.270135
0.11288
0.0618224
0.0816719
0.0146016
0.0747483
0.167326
0.0995132
0.222438
0.247674
0.0989475
0.0833171
0.100351
0.191787
0.223015
0.0195255
0.0499807
0.0305096
0.0574797
0.185492
0.238027
0.253787
0.08509
0.383204
0.111849
0.0327363
0.0732969
0.079924
0.18456
0.294631
0.222839
0.0273129
0.0611579
0.0806479
0.0258212
0.0685479
0.212077
0.206521
0.0919051
0.355136
0.147309
0.0307294
0.00938168
0.0636382
0.23647
0.299188
0.16927
0.358277
0.319264
0.0801569
0.0326427
0.00939685
0.027242
0.0398687
0.0865967
0.155036
0.437132
0.266063
0.176533
0.0211761
0.0194898
0.00450586
0.00969273
0.311803
0.302141
0.0918543
0.0134131
0.0116633
0.0262273
0.0601027
0.0504125
0.166136
0.364115
0.14666
0.027621
0.0108927
0.00414885
0.0519909
0.0406018
0.142365
0.265828
0.187955
0.251059
0.116045
0.194231
0.0268971
0.0705909
0.170196
0.0295927
0.0223656
0.0521637
0.122727
0.387545
0.210809
0.294147
0.263648
0.192457
0.0624175
0.0394604
0.0206231
0.0120409
0.0815144
0.191221
0.269985
0.0461351
0.100082
0.0618396
0.0560642
0.0675476
0.0873489
0.323353
0.0698331
0.0566308
0.0386056
0.107274
0.0520204
0.11146
0.117246
0.0564368
0.119386
0.254293
0.132466
0.0780038
0.0696706
0.125528
0.0892346
0.0891509
0.0683616
0.115442
0.0752775
0.242946
0.18024
0.135427
0.0823829
0.0260381
0.0299689
0.317427
0.329794
0.459108
0.388381
0.142556
0.0440181
0.0129537
0.0663078
0.121256
0.107726
0.0974009
0.0510623
0.0335011
0.0336643
0.0576985
0.155036
0.137316
0.129768
0.0614574
0.0311379
0.0810002
0.220661
0.144712
0.00964899
0.129864
0.185608
0.355037
0.262712
0.0294466
0.00803808
0.0109735
0.226194
0.156857
0.259241
0.456561
0.235773
0.0422154
0.215648
0.242298
0.110801
0.0932582
0.0538544
0.0194781
0.0256389
0.0496233
0.191868
0.157914
0.0933195
0.0762436
0.0505047
0.0605534
0.126532
0.0521927
0.15513
0.121242
0.132672
0.0696043
0.0807717
0.108456
0.0510451
0.0965367
0.471544
0.359597
0.0220925
0.0168504
0.011357
0.0226551
0.0814641
0.239523
0.495005
0.262633
0.150206
0.153565
0.0904648
0.0664319
0.143102
0.0504799
0.120777
0.110009
0.0906866
0.155501
0.189502
0.132443
0.12231
0.0614759
0.0812652
0.0881352
0.135657
0.126019
0.0448939
0.0301275
0.121478
0.253538
0.55165
0.189421
0.22432
0.168335
0.099937
0.183859
0.197339
0.142811
0.217379
0.16868
0.0768466
0.0902295
0.146386
0.0949383
0.123237
0.14072
0.106014
0.0853317
0.275481
0.101348
0.069446
0.0964284
0.170196
0.156663
0.215975
0.247527
0.153144
0.0648638
0.0683698
0.17407
0.209581
0.274092
0.119164
0.132963
0.131707
0.129764
0.0707452
0.167688
0.219915
0.342781
0.147667
0.324627
0.231146
0.21957
0.120721
0.0971109
0.135436
0.0805096
0.17222
0.102697
0.209189
0.238458
0.125848
0.0532224
0.0502757
0.0899153
0.225216
0.1457
0.0763557
0.12405
0.0539319
0.120178
0.179485
0.234558
0.222568
0.134619
0.0945775
0.0344068
0.0238137
0.0377794
0.0542684
0.383649
0.396181
0.141329
0.256495
0.0901023
0.0269579
0.0248932
0.0106811
0.0469807
0.166905
0.220882
0.230031
0.0674405
0.0913504
0.0682488
0.0414171
0.0618641
0.136367
0.245709
0.198949
0.0594285
0.0117415
0.0208171
0.00517691
0.201844
0.252278
0.241956
0.475314
0.199847
0.0315487
0.0318187
0.00691449
0.0690472
0.0995772
0.345507
0.0564605
0.0584901
0.0564775
0.194592
0.112294
0.0634905
0.0741266
0.020023
0.0189867
0.0856271
0.181259
0.496912
0.319626
0.103241
0.0706644
0.00475581
0.0508314
0.0309608
0.0319509
0.118206
0.0958304
0.0968296
0.161433
0.137881
0.0461997
0.0153097
0.0705011
0.322936
0.250371
0.218613
0.387632
0.0955307
8.55159e-005
0.0211751
0.0567439
0.271288
0.203354
0.0214369
0.0136019
0.000469876
0.0403156
0.051487
0.0694614
0.431486
0.330692
0.0079668
0.0484041
0.0727707
0.00414788
0
0.0251343
0.301186
0.215713
0.0487724
0.112095
0.0131599
0.000660193
0.00594825
0.00682431
0.431486
0.431486
0.0031219
0.0121989
0.010058
0.0365309
0.0469439
0.0382972
0.193344
0.149572
0.044197
0.292964
0.208117
0.0076215
0.00598089
0.000787752
0.00219675
0.0100085
0.138047
0.484134
0.262884
0.00953847
0.0148395
0.00470001
0.329945
0.316983
0.000747057
0.0663912
0.0622997
0.0169845
0.00679801
0.00315127
0.0167097
0.0157486
0.0342544
0.436627
0.151382
0.0220432
0.0114645
0.00137311
3.12115e-005
0.0152781
0.125714
0.461295
0.154615
0.085999
0.0257842
0.00605879
0.0326625
0.0589542
0.0878166
0.326366
0.16577
0.00419064
0.000372043
7.21244e-005
0
0.00362728
0.0701925
0.461295
0.161374
0.0333523
0.00396541
0.00109898
0
0.0125908
0.0928602
0.461295
0.283205
0.0716359
0.0211773
0.00939095
0.0440805
0.089978
0.133049
0.180682
0.0967811
0.0465894
0.0944943
0.0642942
0.0719238
0.0749568
0.141947
0.126562
0.114132
0.0324195
0.00846582
0.0051009
0.00800549
0.0246913
0.160298
0.564523
0.206017
0.0430116
0.0431231
0.0531966
0.0701896
0.041154
0.146529
0.564523
0.227467
0.0895643
0.168324
0.0903894
0.104006
0.0899999
0.102442
0.117724
0.0866641
0.0443796
0.0581462
0.0793445
0.108502
0.064314
0.198226
0.157762
0.0511307
0.152036
0.132622
0.1602
0.142019
0.0696947
0.0854251
0.551095
0.368501
0.0974752
0.125454
0.241519
0.16058
0.101561
0.151114
0.14367
0.196459
0.133138
0.0901559
0.0493494
0.0591494
0.030113
0.168509
0.12351
0.127935
0.46904
0.190312
0.0478859
0.051968
0.0302338
0.0825958
0.0385405
0.258384
0.0546026
0.0797305
0.110599
0.110158
0.162579
0.297911
0.13592
0.0489588
0.272346
0.123637
0.0676246
0.145919
0.150059
0.285807
0.157201
0.255369
0.0391182
0.0238359
0.0185555
0.0302497
0.086861
0.124824
0.138201
0.162213
0.0585358
0.0289885
0.016404
0.200721
0.292538
0.198621
0.276694
0.151015
0.296523
0.130834
0.0263287
0.0105504
0.0459084
0.0745401
0.0871823
0.246327
0.211818
0.211556
0.0394957
0.366003
0.363844
0.0780612
0.0641511
0.202212
0.00589166
0.0026646
0.00527168
0.210328
0.196941
0.0358756
0.0614343
0.0136384
8.56516e-005
0.000430622
0.00189914
0.421801
0.421801
0.00282175
0.00399044
0.000317765
0.0152122
0.0206764
0.00715429
0.298961
0.260456
0.0114007
0.00664423
0.0113097
0
0
0.0021416
0.421801
0.421801
0.000705438
0
0
0.00900974
0.00419683
0.00722508
0.417052
0.442505
0.00131676
0.00368843
0.00814313
0.0268076
0.00611717
0.00738951
0.028826
0.0303242
0.0155412
0.0873327
0.0402091
0.00543727
0.00401308
0.00965109
0.52289
0.529286
0.00373814
0.000500631
0.00367292
0.0200353
0.0122124
0.0134054
0.0371826
0.0447536
0.0173282
0.015082
0.0200432
0.022539
0.00661858
0.00109722
0.000224221
0.000710981
0.0336167
0.282922
0.143612
0.0210871
0.00541461
0.000471245
0.00142003
0.00328177
0.0730271
0.777427
0.349947
0.045694
0.0204278
0.00389996
0.00333882
0.0102226
0.0256708
0.0280989
0.02903
0.172853
0.187293
0.00414256
0.00497997
0.00988213
0.0123516
0.109668
0.0808509
0.0062182
0.00150072
0.00118821
0.00104585
0.00233474
0.0532567
0.462369
0.132572
0.0124937
0.00894233
0.0194882
0.0145607
0.014603
0.175571
0.462369
0.161783
0.105579
0.219357
0.0119857
0.00115629
0.0027453
0.00115006
0.141385
0.0526083
0.206171
0.408627
0.0908708
0.035956
0.0458973
0.15415
0.343464
0.0564103
0.045559
0.029191
0.0401148
0.0350822
0.0455129
0.246726
0.41273
0.193931
0.048719
0.0561542
0.052123
0.0316904
0.0743264
0.25755
0.109305
0.170519
0.156506
0.277227
0.0904044
0.104988
0.161949
0.301406
0.243598
0.0886417
0.189926
0.20411
0.0478597
0.0700213
0.169164
0.317976
0.105769
0.147364
0.0313107
0.0332871
0.0307865
0.0533865
0.138294
0.362473
0.129521
0.104329
0.161292
0.0861789
0.0160166
0.135881
0.122755
0.229965
0.125932
0.171733
0.167625
0.164153
0.107937
0.0517805
0.170489
0.375208
0.115642
0.203219
0.191165
0.214645
0.148456
0.111247
0.16011
0.198873
0.158575
0.281687
0.417187
0.156691
0.00860909
0.00187507
0.0133203
0.0122275
0.0511569
0.220091
0.271239
0.208093
0.0316649
0.233691
0.190817
0.0308486
0.0842452
0.166017
0.237935
0.115249
0.0180894
0.0135483
0.138841
0.14474
0.0858067
0.211631
0.162903
0.192544
0.0982924
0.201176
0.326028
0.145166
0.117276
0.125806
0.0223406
0.0180828
0.0093078
0.225683
0.189537
0.00679239
0.00905453
0.0135092
0
0
0.0031635
0.425593
0.425593
5.56348e-005
0
0
0.015481
0.0239578
0.021965
0.236811
0.293292
0.0146671
0.0112741
0.0101137
0.0118468
0.0114359
0.00297997
0.425593
0.425593
0.0333122
0.00685693
0.00310991
0.00343829
0.00406148
0.00812726
0.340677
0.318939
0.00303506
0.000167635
0.00131697
0.0382725
0.0582615
0.00813744
0.0215954
0.0242057
0.00855304
0.00638179
0.00800685
0.0621999
0.210216
0.0171286
0.31437
0.427841
0.0402022
0.0171104
0.00825906
0.27657
0.554722
0.0647559
0.0144914
0.0178177
0.00348684
0.00689108
0.0076127
0.0607627
0.139973
0.0012234
0.000987259
0.00299163
0.00499303
0.00576519
0.00773043
0.201969
0.429982
0.0103036
0.000638254
0.00172563
0.00210957
0.00406476
0.00877187
0.231412
0.511628
0.0727483
0.0035229
0.000218062
0.000311466
0.00146595
0.0035276
0.312938
0.511628
0.140892
0.00361341
0
0
0.000204043
0.00184265
0.155633
0.425
0.0363888
0.000784876
0.000378656
0.000121828
0.00492061
0.00492652
0.22077
0.425
0.0937216
0.0159308
0.0125251
0.0139607
0.0242467
0.0143128
0.235794
0.425
0.133796
0.00118328
0
0
0.00545303
0.0155027
0.218171
0.403993
0.212525
0.00595409
0.000989347
0.00116732
0.0235904
0.0349028
0.287233
0.401255
0.130868
0.0596958
0.0565913
0.0445907
0.051392
0.0475732
0.329795
0.265784
0.130035
0.0662524
0.0725704
0.0897127
0.0465996
0.0655338
0.296178
0.380293
0.195104
0.0148203
0.00296505
0.0243458
0.0371041
0.035549
0.288969
0.221565
0.085835
0.0221773
0.0222397
0.127173
0.112534
0.0888837
0.25444
0.223239
0.270921
0.0854748
0.128273
0.156582
0.0429195
0.0936074
0.111463
0.248116
0.252896
0.0756033
0.170182
0.0728245
0.0845413
0.157213
0.156365
0.102693
0.140202
0.0497118
0.160304
0.23335
0.196336
0.141012
0.0563693
0.0742534
0.190151
0.117319
0.371202
0.161626
0.108364
0.142941
0.0455833
0.0376421
0.0360717
0.131797
0.207857
0.147174
0.0557089
0.0884148
0.0556086
0.148284
0.0795258
0.157
0.280734
0.0932708
0.0717259
0.0778166
0.0823091
0.288832
0.341191
0.377786
0.136919
0.0530764
0.0158163
0.0227358
0.226096
0.285288
0.184711
0.235514
0.177409
0.0437987
0.144169
0.184181
0.00794342
0.0454994
0.0305959
0.223239
0.329136
0.0265518
0.0142748
0.00908402
0.0631279
0.0818475
0.0196191
0.281529
0.464636
0.170881
0.0344108
0.0791147
0.0623466
0.077493
0.0738057
0.275504
0.172691
0.0454475
0.0966888
0.0665092
0.111185
0.332223
0.254646
0.161422
0.174657
0.177463
0.102022
0.161389
0.119909
0.290789
0.0282561
0.0682029
0.162277
0.0750184
0.0237398
0.0517798
0.177382
0.438627
0.139956
0.0171048
0.00637736
0.000832224
0.00406815
0.0117234
0.152628
0.433292
0.199254
0.0292104
0.0357613
0.0605185
0.0248904
0.0911868
0.222839
0.438627
0.247333
0.0627606
0.0109035
0
0.00101704
0.0184439
0.158368
0.433016
0.171027
0.020301
0.0101456
0
0
0.00738743
0.221144
0.433016
0.210702
0.0210178
0.00674579
0
0
0.0233197
0.148835
0.395482
0.242643
0.0762947
0.0205324
0.000611239
0.00241658
0.0487214
0.278957
0.234281
0.170729
0.0677615
0.0150148
0.00244496
0.00966632
0.141792
0.405789
0.36508
0.235463
0.0142389
0
0.0037151
0.0268331
0.0920235
0.308453
0.279727
0.229215
0.0185625
0.00291641
0.0407135
0.100045
0.106336
0.391609
0.167237
0.126398
0.0466939
0.0228765
0.0263429
0.0544224
0.166879
0.177803
0.0879835
0.098136
0.085368
0.0612929
0.0991744
0.129259
0.0977749
0.250303
0.340162
0.269786
0.0695942
0.0109161
0.122855
0.134758
0.06691
0.159218
0.154263
0.0594531
0.048536
0.0321512
0.277864
0.320941
0.157381
0.154398
0.110703
0.153563
0.135333
0.130255
0.144457
0.161811
0.0692602
0.0861641
0.158505
0.168116
0.135166
0.164462
0.132349
0.225491
0.146242
0.0423814
0.0284649
0.0199092
0.0315499
0.0831928
0.214657
0.309785
0.15119
0.0606589
0.0293277
0.0927469
0.108327
0.210595
0.220264
0.336031
0.156419
0.0596345
0.0933221
0.0791512
0.0527239
0.0968912
0.167502
0.237816
0.118597
0.0640069
0.0540896
0.0188299
0.0349454
0.114604
0.223018
0.488464
0.175258
0.142834
0.378068
0.390739
0.158896
0.0366305
0.0204995
0.0140852
0.0120124
0.213416
0.23481
0.178437
0.084718
0.0611675
0.10254
0.202484
0.120983
0.249755
0.258748
0.208783
0.0650755
0.0716292
0.0968878
0.035213
0.0381531
0.166969
0.0983645
0.0708172
0.0619254
0.108475
0.237602
0.198536
0.178961
0.143373
0.114126
0.0612572
0.12445
0.0642718
0.101167
0.194134
0.0847887
0.299492
0.510918
0.270178
0.0694629
0.0354547
0.0639812
0.122639
0.114468
0.128888
0.0540982
0.021137
0.0500104
0.0873274
0.126846
0.135948
0.161221
0.395806
0.266531
0.0717679
0.0465852
0.0430121
0.0564905
0.0875853
0.173339
0.140853
0.516947
0.22641
0.0195697
0.00603923
0.0178247
0.0196237
0.0483335
0.185366
0.516947
0.192464
0.0745729
0.0133525
0.0088518
0.00259609
0.0164066
0.154972
0.280439
0.065181
0.0199625
0.0200778
0.0879878
0.0558751
0.0567662
0.0987087
0.261024
0.203725
0.114393
0.0185501
0.0781669
0.0357412
0.0212583
0.167762
0.339536
0.212719
0.180512
0.0346301
0.0044198
0.00807313
0.0665547
0.24189
0.162734
0.142164
0.159503
0.0460871
0.0298674
0.0340641
0.182413
0.095335
0.267164
0.362369
0.231288
0.0329414
0.00975542
0.0275598
0.0608152
0.0997185
0.261661
0.271746
0.253831
0.0685319
0.130365
0.104603
0.160347
0.32958
0.139731
0.0800299
0.104286
0.0979726
0.0695872
0.0510628
0.154485
0.134678
0.0693628
0.152169
0.194481
0.216729
0.125797
0.0818817
0.0897184
0.176346
0.275756
0.288102
0.292548
0.102964
0.146095
0.0739452
0.116244
0.103713
0.202662
0.250211
0.263295
0.157081
0.0769257
0.063785
0.169792
0.0596911
0.0915574
0.197004
0.210592
0.227956
0.101448
0.106696
0.0797209
0.0818974
0.123446
0.157312
0.235435
0.298488
0.0845978
0.113988
0.167675
0.0520127
0.157881
0.144428
0.169925
0.107611
0.10908
0.104813
0.21863
0.317965
0.284397
0.150146
0.145587
0.165202
0.122622
0.0691386
0.205169
0.0795781
0.0783034
0.0913268
0.0960982
0.229518
0.176236
0.155259
0.153639
0.175027
0.0695769
0.038867
0.020783
0.152068
0.179465
0.25943
0.240167
0.226494
0.238571
0.244197
0.0827534
0.190596
0.127341
0.102101
0.157308
0.248906
0.142434
0.197496
0.0601818
0.184199
0.149039
0.150612
0.180396