0.100624
0.0599162
0.0659516
0.0764721
0.0144735
0.008578
0.00597508
0.0770366
0.20236
0.0861032
0.0634726
0.0519987
0.00389035
0.00441121
0.18699
0.254232
0.0589374
0.0836787
0.165386
0.432431
0.161194
0.0502992
0.141573
0.0550993
0.166549
0.130288
0.195653
0.348232
0.125993
0.00304106
0.356765
0.374617
0.0694828
0.0141089
0.00463673
0.000849961
0.00194637
0.00494597
0.2082
0.155501
0.0513563
0.0129985
0.000411745
0
0.00418747
0.0122193
0.132052
0.102345
0.0426029
0.0191254
0.0197567
0.0200542
0.00756782
0.00218035
0.497328
0.391493
0.0121829
0.000557488
0
0.000478658
0.00105225
0.00520681
0.497328
0.442994
0.105469
0.0184717
0.000205111
0
0.00257229
0.0135685
0.0643046
0.081517
0.132032
0.0260019
0.00211335
0
0.000278718
0.00200171
0.0126678
0.0755318
0.0407933
0.00531324
0
0
0.000643072
0.0051539
0.654678
0.415927
0.0962423
0.00904317
0.00420241
0
6.96794e-005
0.00239858
0.358717
0.384475
0.235255
0.0287919
0.0208096
0
0
0.000390384
0.00851089
0.210133
0.254929
0.034544
0.0189322
0.00451819
0
0.00156154
0.0477546
0.251227
0.257494
0.038321
0.04138
0
0
0.0202521
0.304862
0.532471
0.247435
0.103391
0.0439559
0.0187352
0
0.0187066
0.158712
0.276977
0.271074
0.0459901
0.0155672
0.0104076
0
0.000636921
0.0699639
0.247595
0.36158
0.0510278
0.0124121
0.0107822
0.0119054
8.80756e-005
0.0845025
0.324422
0.217441
0.108528
0.0344257
0.0193842
0
0.00254768
0.0843446
0.282955
0.346384
0.166982
0.019188
0.0019857
0
0.000132113
0.0628775
0.353817
0.303105
0.0377569
0.00296854
0.00295932
0.0161544
0.000265972
0.0561131
0.220267
0.416698
0.0606116
0.00591248
0.000448732
0.00403859
0.000189725
0.03924
0.262959
0.336939
0.138593
0.0194312
0
0
0.00138088
0.0470652
0.194996
0.402936
0.167161
0.0468459
0
0
0.0042433
0.0678819
0.253288
0.335283
0.0734029
0.00290812
0
0
0.00357437
0.0412564
0.232001
0.211236
0.103848
0.0124491
0.0926106
0.308157
0.102229
0.116117
0.22069
0.261606
0.128769
0.0129509
0
0
0.00671358
0.0874097
0.287672
0.230378
0.143841
0.0994427
0.182621
0.235861
0.0713702
0.0872793
0.233214
0.0102605
0.0268835
0.0556328
0.260411
0.23987
0.121405
0.229837
0.0375081
0.0388599
0.0356691
0.0823149
0.267775
0.278931
0.00954056
0.104101
0.0981202
0.0121685
0.021152
0.0280888
0.178745
0.276169
0.232288
0.314275
0.0542165
0.0149649
0.0253611
0.042785
0.296176
0.460801
0.0460039
0.0772523
0.0218261
0.051306
0.0184443
0.0328642
0.0529219
0.0377452
0.00240561
0.243235
0.206123
0.031518
0.00750634
0.00521347
0.00530703
1.8796e-005
0
0.49416
0.356046
0.0562292
0.0472497
0.0521965
0.190711
0.24751
0.00895713
0.0818234
0.0945747
0.0405152
0.0335969
0.0212002
0.0594185
0.0524915
0.00332873
0.49416
0.306614
0.00187206
0.000194728
0
0
0
0
0.41651
0.227593
0.0155335
0.00023877
0.000396084
0
0
0.000598035
0.390479
0.323779
0.00174031
0.000402993
0.000191587
0
0.000227361
0.00213669
0.40352
0.210043
0.00135493
0
0
0
0
0.00402081
0.41651
0.309029
0.0257202
0.00420299
0.00166839
0
0
0.00261362
0.319568
0.220173
0.0288886
0.0195678
0.00238194
0.00153669
0
0.00205763
0.22593
0.110543
0.00223933
0.000519167
0
0
0
0.0034012
0.512975
0.302401
0.00582879
0.00453447
0.000269729
0.00029482
0
0.000959721
0.512975
0.340255
0.0338937
0.0252478
0.00435059
0.00344547
0
0.000178274
0.114268
0.0748172
0.0704712
0.0473293
0.0147656
0.00153166
0.0019977
0.00582353
0.0257166
0.0477162
0.0306245
0.010332
0.00182782
0.00153166
0
0
0.633858
0.403591
0.219905
0.193798
0.0702052
0.00102111
0.00299655
0.0112563
0.336372
0.370005
0.0844284
0.0609092
0.0215965
0
0.00806263
0.00616746
0.0155847
0.0399523
0.108636
0.0432086
0.0172759
0
0.0095776
0.00451935
0.0271652
0.0741105
0.264266
0.259408
0.065923
0
0.0280566
0.0201667
0.243132
0.294973
0.531643
0.0519009
0.00732972
0
0.0383104
0.0122338
0.232494
0.516458
0.0707574
0.0181778
0.00280067
0
0.00109255
0.0020173
0.0170378
0.0670194
0.0606115
0.0206962
0.0285614
0.0316656
0.0258364
0.0248547
0.0143526
0.075211
0.493942
0.00197419
0.000563822
0
0.00437021
0.00206952
0.0213623
0.357005
0.597233
0.00355205
0.0257009
0.0121469
0.0189843
0.0252772
0.00860294
0.429226
0.018401
0.0293527
0.0490159
0.194719
0.201957
0.149897
0.181255
0.0273747
0.00261671
0.00950918
0.0132745
0.26466
0.502102
0.0748214
0.0732735
0.0110004
0.0390898
0.0539227
0.0551933
0.154462
0.224222
0.056874
0.0317976
0.00221951
0.000353174
0.000581338
0.0130962
0.288631
0.547588
0.0680694
0.0163825
0.000554878
0.0097511
0.0211588
0.0217408
0.212135
0.465442
0.0208965
0.0280524
0.0412917
0.00997771
0.0228052
0.0156328
0.0805465
0.1814
0.0100452
0.265492
0.178962
0.000385935
0.00122088
0.0026607
0.23917
0.562874
0.0307986
0.000855784
0.00116889
0.0105065
0.016133
0.00505383
0.102557
0.38481
0.020557
0.0283003
0.0290758
0.00343267
0.00629733
0.00223437
0.0011542
0.00571896
0.00603142
0.450363
0.225375
0.000868906
0.000992874
0.000505026
0
0.000370497
0.0075873
0.624003
0.344866
0.0125104
0.0168768
0.00543156
0.0143212
0.0200633
0.0127719
0.103225
0.0752895
0.00662482
0.00652286
0.00783816
0.008736
0.00473619
0.0142872
0.341078
0.20519
0.00233909
5.40721e-005
4.5244e-005
0
0
0.00385238
0.419854
0.198825
0.00945154
8.70615e-005
0
0
0
0.00181383
0.493197
0.288283
0.00448679
0.000921186
0.00148619
0.00223216
0.00141946
0.0068396
0.285888
0.159273
0.00733119
0
0
0.00067159
0.00382525
0.0209735
0.493197
0.241014
0.0197998
0.000616516
8.07661e-005
0
0
0.00120027
0.456202
0.295321
0.245824
0.0711527
0.0201665
0
0.000254966
0.00779529
0.224041
0.368549
0.0129925
0
0
0.000934798
0.0041632
0.039844
0.422725
0.189256
0.150765
0.00333603
0
0.0002337
0.00469024
0.0519377
0.291148
0.284027
0.294768
0.0915749
0.0159844
0
0.00647946
0.0137554
0.123701
0.293118
0.425524
0.0190108
0.000554038
0
0.0114161
0.00927648
0.1057
0.50202
0.181626
0.00581637
0.000381406
0.00190703
0.0204319
0.0512509
0.148358
0.233746
0.21835
0.0126702
0.00268095
0.00337568
0.0384701
0.0772321
0.142596
0.346771
0.32789
0.0013505
0.000228006
0
0.00173665
0.000820509
0.0128752
0.385239
0.420536
0.000701513
0.00405622
0.00152305
0.000981278
0.00131881
0.00952623
0.394392
0.12911
0.0477342
0.017118
0.00165413
0.0190332
0.0445644
0.0694758
0.301428
0.28736
0.148878
0.0433006
0.000869623
0.00643651
0.00696724
0.038326
0.376105
0.0130124
0.0179706
0.057167
0.146786
0.13919
0.0117619
0.00303425
0.00218452
0.000754411
0.000661048
0.0594411
0.321924
0.527468
0.0186696
0.000758561
0.00054613
0.0277729
0.105377
0.254792
0.20795
0.0705306
0.0333679
0.00509175
0.00212853
0.0159266
0.0681923
0.209422
0.424157
0.399851
0.0500891
0.0118237
0.00433735
0
0
0.00654107
0.172991
0.510705
0.0235926
0
0
0.00545249
0.00662149
0.00241494
0.095241
0.303767
0.0180429
0.00369523
0.0052513
0
0.00294864
0.0202496
0.200935
0.510705
0.0353955
0.00322321
0.00110647
0.00309138
0.00307516
0.00124294
0.132687
0.485379
0.017415
0.00462194
0.00493487
0.0746074
0.0968695
0.0356885
0.169134
0.174965
0.0609723
0.0701332
0.0918069
0.0640362
0.10002
0.106035
0.0837411
0.0791945
0.0871285
0.241189
0.240658
0.0645243
0.0700387
0.0413998
0.26842
0.498436
0.0860837
0.0778299
0.0750304
0.106362
0.168562
0.159046
0.0993595
0.110285
0.0703722
0.0621084
0.0429473
0.0211359
0.00998645
0.0236913
0.0157285
0.0159357
0.0236917
0.179505
0.16557
0.0132547
0.000596645
0.0101419
0.0208268
0.0947554
0.141026
0.628733
0.29484
0.0667693
0.0743113
0.0518924
0.0253338
0.0198087
0.0139059
0.00463891
0.0260603
0.147087
0.492167
0.0389927
0.0413774
0.123301
0.0939244
0.0419425
0.0460714
0.0182516
0.00486467
0.013483
0.0111879
0.042943
0.096162
0.312227
0.0934663
0.0842284
0.0394527
0.0368489
0.0615815
0.0306255
0.0951056
0.353719
0.213646
0.0526375
0.378538
0.0540719
0.0174175
0.0507112
0.0495023
0.0423502
0.0303831
0.170409
0.63328
0.118797
0.0993626
0.0271651
0.0410617
0.0873707
0.0632364
0.0385242
0.0281133
0.0245837
0.0745877
0.0628499
0.0683733
0.160136
0.109838
0.0487947
0.123117
0.0246051
0.0430777
0.0765471
0.0900565
0.126484
0.0815353
0.114437
0.575534
0.0712924
0.117525
0.0537305
0.0345792
0.0442405
0.0388294
0.241764
0.621551
0.046274
0.0622157
0.0575897
0.0263084
0.0152047
0.0401809
0.0258346
0.234134
0.099689
0.00420881
0.0218045
0.0512221
0.0586741
0.052402
0.263312
0.398374
0.174833
0.00494315
0.0059441
0.0090223
0.0203695
0.123454
0.153478
0.488601
0.140503
0.00612571
0.00912923
0.0130376
0.0090822
0.00814411
0.178151
0.477073
0.240918
0.0268309
0.00750469
0.0101504
0.0151299
0.0406818
0.032839
0.215031
0.255005
0.0918903
0.118564
0.0659018
0.00460311
0.00385997
0.0215436
0.0627692
0.116506
0.18277
0.263947
0.108841
0.0138997
0.0154399
0.0335557
0.418565
0.187439
0.0697134
0.299994
0.10582
0.0870422
0.053997
0.0218343
0.0350489
0.029668
0.149303
0.462965
0.255163
0.172868
0.139569
0.0010462
0.00184099
0.0116784
0.122217
0.431178
0.0460459
0.00447872
0.00497499
0.0022416
0.00127356
0.00146997
0.102689
0.42716
0.00758713
0.00258478
0.00303174
0.00418481
0
0.00104934
0.172593
0.489491
0.108877
0.037154
0.0395089
0.0271652
0.0475302
0.00185601
0.167795
0.489491
0.020054
0.00528418
0.00308296
0.0116574
0.011322
0.00618238
0.0392783
0.117213
0.0142971
0.0115642
0.00921784
0.0429951
0.13815
0.0175736
0.00558099
0.0152448
0.0132511
0.011198
0.00489906
0.1211
0.356707
0.00672588
0.0674636
0.189052
0.0129984
0.0103181
0.00866332
0.225503
0.805942
0.00981297
0.00111897
0.00617451
0.00557045
0.00434464
0.00434502
0.0571696
0.17195
0.00900959
0.00214283
0.00416543
0.00229418
0.00111628
0.00317056
0.109574
0.484752
0.00719596
0.00294006
0.00581792
0.00405788
0.00158816
0.00558253
0.111417
0.553727
0.0155035
0.0142934
0.012856
0.00222576
0.0010087
0.0118076
0.112185
0.553727
0.141054
0.0617748
0.0430405
0.012703
0.0109146
0.021837
0.0473416
0.403686
0.017201
0.00165578
0.00323768
0.00279312
0.00265253
0.00226661
0.115709
0.491383
0.0274979
0.00801898
0.00107465
0.000632031
0.00170122
0.00102894
0.0601665
0.491383
0.0808249
0.0159837
0.0118844
0.00438269
0.0122219
0.0180088
0.18181
0.491383
0.0240705
0
0
0
0.00444148
0.0514727
0.141333
0.482132
0.0151853
0.0125582
0.00300615
0
0
0.00346552
0.189629
0.482132
0.00717592
0.00643307
0.0028685
0
0.000645943
0.00588739
0.222489
0.482132
0.00158772
0
0
0
0.000299517
0.0643596
0.26892
0.25263
0.000894815
0
0
0
0.00278345
0.0934905
0.245439
0.664106
0.0461793
0.00226621
0.000424682
3.94898e-006
0.00458307
0.00594914
0.089299
0.257051
0.0875325
0.0238081
0.021184
0.0357713
0.0547546
0.0163175
0.345482
0.124111
0.0079101
0
0
1.57959e-005
0.00638508
0.162797
0.369694
0.0528768
0.030411
0.0123538
0.0269041
0.0271936
0.0366721
0.198059
0.0298108
0.193363
0.0456779
0.0272252
0.167933
0.0559796
0.092123
0.0723592
0.0138189
0.00828057
0.00387961
0.0902865
0.587148
0.20706
0.184671
0.131162
0.0549926
0.0186299
0.00960779
0.00311363
0.0730812
0.0195314
0.0239183
0.0630098
0.033707
0.00168765
0.0019642
0.0322395
0.587148
0.209652
0.0434579
0.0461307
0.00153777
0
0
0.10488
0.479196
0.0778208
0.0395877
0.0249553
0.0600382
0.135191
0.000728149
0.0751979
0.348637
0.044106
0.0390416
0.0103339
0.0202682
0.0435072
0.00359117
0.0331999
0.479196
0.157345
0.0536186
0.0228846
0.176379
0.448256
0.0147197
0.013625
0.210944
0.0634369
0.0842523
0.0429742
0.0991172
0.340193
0.00478085
0.0144348
0.0662392
0.0143107
0.0154496
0.0120899
0.109731
0.480601
0.0101636
0.00381203
0
5.34205e-005
0.00365932
0.0133014
0.296136
0.480601
0.00979584
0.00198682
0.0231625
0.0285057
0.112558
0.100811
0.175519
0.316046
0.0400801
0.0355213
0.0312018
0.148736
0.246267
0.134787
0.0944483
0.401683
0.0152654
0.02452
0.0265128
0.0105393
0.0133322
0.0313003
0.0607102
0.34695
0.164416
0.100454
0.135959
0.0665186
0.163848
0.149746
0.0749289
0.297017
0.0781741
0.0741112
0.050607
0.103696
0.097768
0.0502063
0.325275
0.340786
0.194875
0.112877
0.0891751
0.0614675
0.260893
0.238215
0.0480745
0.248532
0.0936794
0.0233589
0.0369807
0.0181168
0.0902077
0.175609
0.257956
0.247946
0.0283604
0
0
0
0.0194508
0.250518
0.371509
0.127701
0.055447
0.0185326
0.0240984
0.0152965
0.134524
0.288448
0.440914
0.0298352
0.00705624
0
0
0
0.0274247
0.440914
0.264676
0.0732317
0.00141145
0
0
0
0.000161136
0.16447
0.37549
0.0121659
0.000162559
0
0
0
0.000732004
0.212908
0.423942
3.92069e-005
0.000352862
0
0
0
0
0.360464
0.423942
0
0
0
0
0
0
0.423942
0.304693
0.00152897
0.000732929
0
0
2.01014e-006
0.000596987
0.186695
0.362207
0.0126038
0.00903815
0.00147987
0.00220453
0.000891849
0.00107551
0.215707
0.402677
0.00189321
0
0
0
0.00150829
0.0147562
0.402677
0.402677
0.0226841
0.013755
0
0
0.00603314
0.0700598
0.402677
0.0752863
0.0195489
0.0042781
0.00635799
0.0433804
0.00651329
0.0168895
0.052835
0.0470445
0.0193935
0.0150915
0.0571176
0.701963
0.316785
0.0732969
0.0526955
0.088468
0.0406253
0.00936236
0.0181024
0.0151522
0.00536814
0.0184766
0.0443142
0.144517
0.180096
0.238032
0.305222
0.225959
0.16115
0.126705
0.0625684
0.0646178
0.118781
0.00561664
0.0178091
0.369224
0.214705
0.0927039
0.0648436
0.209577
0.47173
0.0106892
0.0016251
0.0504871
0.0519397
0.0624679
0.0541089
0.145894
0.209737
0.0838466
0.0950288
0.0769875
0.167085
0.241022
0.0774304
0.155116
0.425245
0.00611821
0.00178017
0.0198531
0.12672
0.238131
0.059348
0.218382
0.425611
0.00463525
0.00377052
0.0141859
0.0305546
0.0938637
0.0805238
0.106984
0.0979253
0.0207306
0.0791278
0.256663
0.272917
0.248277
0.111938
0.0747083
0.218601
0.0103084
0.0250515
0.0589496
0.0352717
0.0540547
0.035422
0.0291761
0.0330589
0.00982305
0.383864
0.479354
0.133198
0.0604248
0.0389692
0.0117186
0.0527615
0.0520401
0.157804
0.167109
0.115283
0.0554281
0.0145956
0.174614
0.182543
0.189418
0.310482
0.0438497
0.0028265
0.0276794
0.0300037
0.00161206
0.000769971
0.0220261
0.458853
0.455177
0.0560649
0.0126079
0.00396346
0.0431337
0.0400816
0.104745
0.458853
0.182742
0.000926747
0
0.00180697
0.506247
0.185986
0.107377
0.130116
0.0184052
0.0015783
0.0331649
0.111432
0.511682
0.0343509
0.00263589
0.00153724
0.00140147
0.000120992
0.0104121
0.36416
0.147211
0.0544389
0.0640522
0.381889
0.0682012
0.00263227
0.00144217
0.0267826
0.163748
0.0143448
0.00470081
0.00515124
0.00560588
0.00152858
0.00708891
0.115992
0.454913
0.00315768
0.00541227
0.00119615
0.000169873
0.000385723
0.00251645
0.391083
0.526536
0.00739229
0.00286465
0.000160207
0.000575619
0.00192169
0.00347876
0.483601
0.0994133
0.00576655
0.00862472
0.00318255
0.000679493
0.00169506
0.0123361
0.131392
0.137006
0.0114664
0.00461322
0.00024031
0.00230247
0.0103182
0.0255481
0.172637
0.466537
0.00961169
0.00173505
0.000686408
0.00824425
0.012616
0.0439954
0.474213
0.360672
0.0311079
0.0193538
0.00753292
0.0314797
0.0603229
0.196196
0.477353
0.12456
0.0242309
0.00650422
0.00135526
0.0327612
0.0288884
0.0372965
0.128297
0.0802408
0.0362347
0.0347452
0.0440169
0.134705
0.133216
0.0683029
0.0887148