0.0386942
0.13159
0.180835
0.0437892
0.00289281
0.0187432
0.00773781
0.0107245
0.0794147
0.384343
0.26418
0.0968752
0.00460116
0.000184905
0.00816044
0.00671553
0.00894801
0.0994217
0.342535
0.265502
0.0542927
0.0116813
0.00449399
0.00556491
0.0978397
0.342197
0.403383
0.396065
0.0594563
0.00776247
0.0238935
0.0115122
0.0554142
0.232998
0.225485
0.224751
0.0829977
0.0533578
0.0381822
0.0421091
0.0722303
0.0515383
0.125416
0.423011
0.473115
0.185255
0.0810778
0.0889165
0.0870526
0.185609
0.154693
0.217024
0.0382153
0.0548191
0.114221
0.0685273
0.118517
0.0380528
0.075916
0.0793392
0.100174
0.202031
0.197709
0.198769
0.0659067
0.0240592
0.0117118
0.117809
0.263441
0.111434
0.0765031
0.110387
0.132799
0.137923
0.0396837
0.0312801
0.527539
0.23417
0.0441319
0.113861
0.12341
0.0611095
0.0272771
0.0524925
0.109411
0.101735
0.0871025
0.178292
0.24791
0.387283
0.198499
0.138503
0.236009
0.115538
0.0379479
0.131179
0.0409881
0.0738388
0.0551444
0.0558195
0.428356
0.164275
0.00753358
0.0129648
0.0201295
0.0259141
0.058174
0.417594
0.362873
0.0716128
0.0238346
0.00581159
0.059091
0.209187
0.188378
0.16196
0.179148
0.0654933
0.0118993
0.0210233
0.00131133
0.0678655
0.216382
0.43979
0.158469
0.018199
0.00201466
0.00603414
0.00726124
0.0129802
0.0308283
0.567975
0.334168
0.0237436
0.0186387
0.00280405
0.00382454
0.0229116
0.0490142
0.173822
0.118191
0.0238304
0.0179584
0.00904547
0.00289083
0.0260566
0.138297
0.599644
0.127684
0.0151666
0.0141046
0.0139757
0.0143815
0.0910898
0.130743
0.175125
0.044114
0.0203062
0.0228756
0.0319318
0.0672787
0.0341353
0.131786
0.204652
0.114815
0.102201
0.0829526
0.140513
0.133335
0.00658041
0.0304036
0.0380075
0.0648304
0.119994
0.366916
0.221235
0.0685104
0.238506
0.289388
0.218725
0.0752583
0.0580295
0.0809654
0.165693
0.0912826
0.0836342
0.048546
0.303102
0.222787
0.115558
0.226998
0.261097
0.0202574
0.000676449
0.00159374
0.0176877
0.0913467
0.121525
0.316301
0.0509692
0.0181325
0.0594847
0.0852734
0.118247
0.148386
0.230955
0.437032
0.0713319
0.0163481
0.0211225
0.0121301
0.0824264
0.099082
0.100688
0.252058
0.0859502
0.0337343
0.0416415
0.0636992
0.0859055
0.0848695
0.405813
0.439119
0.0723019
0.00483689
0.020477
0.197689
0.326269
0.161164
0.0282233
0.0128916
0.00838098
0.0326194
0.0732436
0.211144
0.494785
0.196491
0.0295948
0.0289722
0.0159503
0.0347519
0.0686867
0.108256
0.216638
0.170926
0.0586655
0.0530246
0.0703549
0.0455009
0.0687564
0.0963929
0.464103
0.275908
0.06003
0.0516758
0.0976072
0.0386023
0.0347169
0.083409
0.297688
0.0932768
0.0258765
0.0354459
0.0154776
0.111564
0.0426544
0.0882268
0.136724
0.0278455
0.0533833
0.142879
0.163594
0.0247638
0.0356294
0.0781928
0.522219
0.265631
0.0230825
0.00449307
0.00975631
0.0841985
0.0903582
0.117444
0.488123
0.196369
0.00772971
0.184995
0.233811
0.0633275
0.0287112
0.0271335
0.0382695
0.0933975
0.0615053
0.151724
0.172612
0.0589011
0.125888
0.100357
0.114432
0.197402
0.1537
0.209405
0.134707
0.0341051
0.0297898
0.0266852
0.0712986
0.0528494
0.0229497
0.453895
0.28143
0.0049283
9.41857e-005
0.000382592
0.0152787
0.0683625
0.102314
0.564733
0.272367
0.0596967
0.153767
0.133566
0.122947
0.0689725
0.0516754
0.135327
0.137591
0.062362
0.151762
0.332794
0.461306
0.0327956
0.0168604
0.0386818
0.0704567
0.0931694
0.0524193
0.0247187
0.0194264
0.0180403
0.0364039
0.451029
0.282147
0.149884
0.182951
0.181756
0.10398
0.00275437
0.0324
0.248777
0.169459
0.0181844
0.0571614
0.25586
0.541004
0.0263684
0.0775959
0.062902
0.0199827
0.0221184
0.0566966
0.100448
0.127199
0.0221257
0.0758678
0.0866912
0.0494326
0.0393661
0.0986822
0.148699
0.124802
0.00258213
0.112698
0.403983
0.0278395
0.0474257
0.0040492
0.0160738
0.0392845
0.0122938
0.100747
0.503236
0.146293
0.0411937
0.115873
0.140804
0.186726
0.0716381
0.0379164
0.04872
0.0645498
0.03729
0.0598903
0.0464548
0.341301
0.278557
0.0929759
0.0307016
0.0862262
0.160597
0.0556809
0.0413386
0.110892
0.0673783
0.0609117
0.291075
0.385265
0.0817659
0.0646212
0.0420363
0.282238
0.342236
0.147652
0.199312
0.208831
0.0127975
0.017777
0.0107831
0.146514
0.270533
0.171222
0.0483014
0.0611335
0.0397156
0.025613
0.0198225
0.0775588
0.225572
0.402433
0.0909644
0.0487858
0.00598472
0.00759224
0.027166
0.306769
0.352917
0.161745
0.107884
0.0325984
0.00564356
0.0169313
0.10046
0.354384
0.290288
0.212612
0.061029
0.0222271
0.14735
0.167674
0.0947856
0.0845431
0.0358292
0.0198779
0.0342112
0.0871105
0.115423
0.0499673
0.125833
0.480687
0.194098
0.0511952
0.0258616
0.0875874
0.286816
0.267572
0.04337
0.0450884
0.0184144
0.0047986
0.00330694
0.0587852
0.177607
0.0765717
0.0998684
0.410868
0.387729
0.0805767
0.00573286
0.0311167
0.00619363
0.00608333
0.0266367
0.303731
0.239319
0.0185256
0.000345328
0.00394389
0.0102891
0.0210402
0.0251961
0.347231
0.269245
0.00381683
0.0428408
0.0576867
0.00729903
0.000424868
0.0137978
0.301844
0.406962
0.0225506
0.000496884
0.00103445
0.000956216
0.00223582
0.00179782
0.384836
0.447274
0.0035637
0.00367358
0.00298208
0.0135333
0.0191038
0.0169508
0.136562
0.0833419
0.00213863
0.356066
0.163098
0.00196234
0.000448994
0
0
0.000392415
0.0042933
0.705671
0.255215
0.00279374
0.00446853
0.00836945
0.174645
0.210724
0.00897436
0.0650522
0.0244592
0.000698435
0.0112595
0.0133994
0.00286601
0.00627282
0.00638772
0.292503
0.14786
0.0258024
0.00907189
0.00145519
0
0
0.000748622
0.470073
0.18062
0.0444784
0.0451923
0.0144075
0.00201733
0
0.0113797
0.508751
0.158537
0
0.00409067
0.00304955
0.00016788
0.000717556
0.00151432
0.300916
0.124791
0
0.000272032
0.000683078
0
0
0.00285357
0.511486
0.197637
0.00822524
0.0180438
0.00801787
0.00144389
2.08431e-005
0.0187966
0.402284
0.0659611
0.0330519
0.000274146
0
0
8.33722e-005
0.0163055
0.348081
0.114009
0
3.86352e-005
0.00048125
0.00221307
0.00128501
0.00884963
0.541582
0.165354
0.0164511
0
0.00332874
0.0397012
0.0391056
0.0655844
0.541582
0.149414
0.130959
0.0104068
0.00129986
0.00483176
0.0113496
0.0654299
0.297207
0.285627
0.0527431
0.0139513
0.0119725
0.0673036
0.088299
0.211604
0.300914
0.132032
0.119348
0.0257991
0.0166423
0.157506
0.111817
0.172788
0.456466
0.18013
0.131459
0.0399422
0.0187762
0.102649
0.173693
0.323337
0.21839
0.133724
0.00159286
0.0186282
0.0190712
0.155368
0.140465
0.17083
0.154619
0.016499
0.000516611
0.0516687
0.0866691
0.315409
0.186117
0.129329
0.0735796
0.0150659
0.0298889
0.0403642
0.0111116
0.0795864
0.408663
0.311248
0.113093
0.0432999
0.00417444
0.101757
0.0170703
0.189385
0.449546
0.278494
0.131943
0.0594545
0.106853
0.124191
0.0114358
0.0199949
0.03275
0.0223638
0.0158568
0.0506197
0.0433273
0.0329638
0.0147168
0.216993
0.427021
0.0797043
0.0206585
0.0264371
0.229824
0.0358075
0.00246876
0.00457795
0.041557
0.0651931
0.0367072
0.278664
0.133206
0.00719648
0.00132843
0.212305
0.605608
0.271551
0.0240663
0.114288
0.00178411
0.00017704
0.00166807
0.195139
0.349362
0.012889
0.00119631
0.000699727
0
4.60897e-006
0.000559776
0.244014
0.443045
0.00252592
0.000347648
7.86599e-005
0.00338706
0
0.000744744
0.241386
0.413283
0.0426589
0.00131216
0.00433654
2.80746e-005
0.000201627
0.00122605
0.335889
0.443045
0.00242771
0.000226018
0
0
0.00578693
0.0147285
0.235472
0.481215
0.0198498
0.00909423
0.0059402
0.000955462
0.0237744
0.028452
0.00752466
0.0219949
0.0170992
0.0727695
0.0619902
0.00278343
0.0106972
0.012033
0.394778
0.641449
0.0163395
0.00570544
0.00344341
0.018308
0.117935
0.0352285
0.0209742
0.0357298
0.0123681
0.036527
0.0429455
0.0034885
0.00949973
0.011597
0.000821851
0.00204842
0.00431784
0.109743
0.0590607
0.00789299
0.0715233
0.0128094
0.00060925
0
0.0110535
0.398528
0.12396
0.0670712
0.208079
0.0176296
0.00182069
0.00205003
0.00141165
0.0184983
0.032479
0.152101
0.806738
0.0282505
0.000913875
0
0.00676993
0.0311032
0.0148269
0.00485771
0.0901391
0.0119539
0.00734088
0.00423696
0.0182142
0.295907
0.063542
0.00370134
0.128426
0.101916
0.117442
0.0826088
0.0797237
0.347671
0.0514048
0.0766268
0.529818
0.0454988
0.00493051
0.00282464
0.0109888
0.0274875
0.00267369
0.0534399
0.529818
0.294268
0.0835245
0.0417529
0.0223958
0.0328674
0.00444259
0.0347433
0.0961855
0.144393
0.28702
0.155533
0.08938
0.158867
0.0387152
0.100734
0.0760178
0.0664023
0.194558
0.115484
0.0582083
0.0342252
0.0730352
0.0873915
0.366326
0.398775
0.200331
0.0728553
0.0135705
0.0137255
0.0091051
0.43751
0.267725
0.146462
0.199695
0.0346995
0
0.00560699
0.0718885
0.0366822
0.0318647
0.0275464
0.0746388
0.195329
0.0876514
0.0368162
0.0304718
0.00268296
0.0305744
0.00571375
0.0610257
0.22025
0.211722
0.0860727
0.0330105
0.42917
0.133805
0.0331365
0.114959
0.0474109
0.0427924
0.0456349
0.146021
0.292117
0.0414737
0.00493591
0.0412476
0.0836209
0.225119
0.292976
0.540473
0.194025
0.0194362
0.00818281
0.00653425
0.0455872
0.0334143
0.0253005
0.176686
0.129921
0.00987043
0.00911109
0.163989
0.514655
0.123942
0.00302219
0.0614406
0.0790163
0.0361549
0.0714772
0.0750887
0.0695516
0.0106625
0.00922481
0.0396807
0.0463855
0.0118162
0.0345453
0.258816
0.661945
0.0083993
0
0.011179
0.00425613
4.74709e-005
0.0061883
0.200468
0.329412
0.0245442
0.000194384
0.00305322
0.0022607
0.00139754
0.00406784
0.298763
0.438118
0.0018573
6.86121e-005
0.00163932
0.00154749
7.12064e-005
0.0138875
0.204594
0.43776
0.00503379
0
0.000519006
0.0431157
0.040991
0.00507883
0.294328
0.44704
0.0286233
0.0205273
0.0140445
0.0154491
0.0400547
0.009873
0.156535
0.207757
0.00172481
0.000754588
0.00571071
0.0247521
0.318182
0.0259209
0.00697502
0.00817445
0.00139229
0.0031055
0.00606072
0.145713
0.406793
0.00942236
0.142762
0.273298
0.0234296
0.022797
0.0251991
0.135831
0.676095
0.0450804
0.00260435
0.00151903
0.000109086
0
0.00543744
0.0491467
0.351016
0.0111045
0.000279584
0.000535427
4.08724e-005
0.00110001
0.00334843
0.109041
0.507716
0.0166881
5.65405e-005
0
0
7.32695e-005
0.00146115
0.0960171
0.507716
0.0545289
0.000517501
7.33843e-005
1.02181e-005
0
5.00235e-005
0.145463
0.507716
0.0721643
0.00373843
0.00368372
0.00251716
0.00372763
0.00195935
0.130233
0.578598
0.0378062
1.04109e-005
0
0
0
2.60408e-005
0.114809
0.504782
0.141635
0.0248608
0.00957427
0.00873852
0.00156032
0.0133387
0.143275
0.393384
0.0525288
0.0148832
0.0184233
0.00497918
0.00871307
0.00657367
0.113568
0.239317
0.0560178
0.177791
0.125135
0.0226021
0.00544584
0.0306398
0.0550935
0.173595
0.153923
0.0497781
0.0100496
0.00889651
0.00158853
0.0124396
0.372341
0.257155
0.13473
0.0428883
0.00345179
0.00222413
0.000397133
0.0872644
0.0299727
0.114046
0.223594
0.369989
0.128964
0.0156275
0.00143243
0.0143746
0.286443
0.354532
0.369388
0.300072
0.0667317
0.00458168
0.00683814
0.0835416
0.409704
0.0855739
0.0156772
0.0118653
0.00146584
0.00214385
0.00606199
0.189903
0.312435
0.0101281
0.000155665
0.00272988
0.00262709
0.0170575
0.0682335
0.442869
0.33415
0.143344
0.0707333
0.0279056
0.00458823
0.00599881
0.0167591
0.224458
0.241633
0.0164965
0.0103493
0.0077802
0.00559671
0.0139329
0.0427499
0.442869
0.0209719
0.0608762
0.0921332
0.0895281
0.0616152
0.00887953
0.00629468
0.00843873
0.00600743
0.00918294
0.0262455
0.274127
0.49868
0.00303307
0.00335989
0.00143522
0.0189092
0.0751192
0.19181
0.203686
0.0916366
0.0295698
0.012028
0.0243059
0.00824454
0.0111241
0.0825957
0.359498
0.593431
0.020967
0.014112
0.00807461
0.000105151
1.46412e-005
0.00848345
0.209014
0.451591
0.0358502
0.0144877
0
0.13408
0.119019
0.0143504
0.171687
0.519795
0.126056
0.0996185
0.0594289
0.0255176
0.0247564
0.010824
0.164921
0.373464
0.0664921
0.0528165
0.00904181
0.1429
0.234702
0.0711158
0.0581056
0.161663
0.134851
0.15537
0.0834736
0.169064
0.40538
0.0216827
0.0308182
0.113795
0.0364917
0.042005
0.0368787
0.161497
0.535203
0.0338201
0.000190997
5.81296e-005
0
0
0.000980128
0.124801
0.390426
0.108998
0.00843781
0.0238284
0.0280881
0.0462665
0.0471862
0.18219
0.443531
0.0772231
0.00300279
0.00310601
0.00489836
0.0107738
0.00829225
0.177261
0.620074
0.112744
0.0032961
0.00133394
0
0
0
0.143931
0.38327
0.196707
0.0218845
0.0227757
0.0147786
0.0119406
0.00675211
0.188792
0.35745
0.094013
0.0376877
0.0162547
0.00697818
0.0194426
0.0123005
0.0996426
0.226607
0.186841
0.142386
0.0556279
0.0287532
0.0301361
0.0164534
0.0927445
0.169212
0.109215
0.0389319
0.0920363
0.024614
0.0309555
0.0175063
0.0457522
0.0690444
0.046473
0.377304
0.34563
0.0387113
0.022963
0.0255081
0.0978265
0.0979321
0.125177
0.0940418
0.115857
0.0354004
0.0457203
0.0245906
0.0588093
0.0259913
0.0909159
0.631595
0.333758
0.0339996
0.0239249
0.0291545
0.00409342
0.013716
0.0641802
0.35897
0.212122
0.00478544
0.00220311
0.00415706
0.0583283
0.135266
0.184295
0.321126
0.167631
0.00688268
0.0123952
0.0258459
0.00145796
0.000354685
0.0373171
0.41089
0.278193
0.00498033
0.00378416
0.0045508
0.0316561
0.0792931
0.163148
0.41089
0.369079
0.0539301
0.0560214
0.0259435
0.171754
0.21509
0.175126
0.142527
0.0487001
0.0375797
0.0359621
0.102609
0.157637
0.0828961
0.0594748
0.0751557
0.0782793
0.0540272
0.0480504
0.204528
0.109531
0.165586
0.23892
0.500943
0.293236
0.11468
0.10209
0.0555446
0.138033
0.0918269
0.109504
0.382427
0.227571
0.0691999
0.0344871
0.0281736
0.042492
0.0555072
0.217611
0.301014
0.105049
0.0651955
0.0117319
0.0470068
0.0382704
0.0257473
0.187256
0.378455
0.570568
0.107528
0.03822
0.0211443
0.0906843
0.0682243
0.131214
0.139443
0.103602
0.0921691
0.0333618
0.0304125
0.134877
0.0613794
0.151595
0.121643
0.177804
0.151674
0.139138
0.135915
0.0662118
0.11759
0.0326623
0.105702
0.295284
0.0940074
0.0559603
0.0392418
0.112634
0.540806
0.163605
0.0343367
0.0409933
0.0459084
0.0690945
0.0499412
0.0946367
0.163877
0.0511551
0.0254119
0.0779055
0.0973054
0.11175
0.161484
0.142842
0.516371
0.23347
0.0386914
0.0053259
0.0206043
0.0462235
0.115461
0.0733536
0.591774
0.223058
0.0157388
0.0106783
0.0141908
0.0235377
0.0329952
0.116544
0.372962
0.115558
0.0305954
0.0791191
0.0291307
0.0405572
0.037154
0.166913
0.354468
0.192568
0.0439012
0.00853707
0.0132504
0.020324
0.0848194
0.203542
0.171502
0.130377
0.119616
0.161255
0.0298544
0.0365765
0.0581524
0.152457
0.218586
0.0973917
0.0957275
0.124731
0.0527853
0.120883
0.0752435
0.187128
0.153117
0.0998834
0.250663
0.10616
0.115617
0.119589
0.103103
0.122784
0.131837
0.195435
0.249752
0.304362
0.074394
0.141947
0.0654698
0.274914
0.159656
0.22826
0.261013
0.14195
0.113301
0.139864
0.182828
0.0884538
0.0551328
0.0391294
0.0625253
0.0417852
0.0363556
0.0211662
0.0205183
0.0522956
0.0258741
0.147853
0.502473
0.0906348
0.0189021
0.00434582
0.0125821
0.0978125
0.093406
0.117259
0.0788327
0.0344774
0.0325718
0.0123399
0.0306633
0.0261113
0.0988002
0.304722
0.690898
0.0528032
0.0185445
0.000438299
0
0.00224892
0.00121758
0.0867047
0.438744
0.148564
0.00455539
0.00237733
0.00184604
0.0303068
0.0338794
0.0774288
0.41072
0.254243
0.0745638
0.0975742
0.0259772
0.00488155
0.0119211
0.200075
0.438744
0.0643598
0.00756666
0.000527812
0
0.14337
0.0371866
0.129044
0.421811
0.103878
0.0508323
0.0807644
0.0635145
0.105937
0.0937873
0.0844899
0.354272
0.228521
0.123932
0.153647
0.0680074
0.0817116
0.0846719
0.0842454
0.2786
0.155072
0.066537
0.0573754
0.0431703
0.403847
0.0817204
0.032904
0.119146
0.057514
0.0766778
0.15031
0.228237
0.443598
0.109003
0.0309039
0.0524503
0.0548633
0.0717374
0.0644497
0.252404