0.0505528
0.107639
0.187924
0.156884
0.0729118
0.0514965
0.0352977
0.0798135
0.088887
0.312575
0.218765
0.191232
0.0655217
0.0386697
0.0677965
0.111526
0.0458906
0.0819498
0.198036
0.232697
0.144203
0.0489914
0.0358242
0.0651334
0.0365415
0.249613
0.33419
0.507051
0.217501
0.0859068
0.0677354
0.0736851
0.0359675
0.182518
0.210951
0.107756
0.00986989
0.0075797
0.0553138
0.0934138
0.0504543
0.133726
0.215835
0.103432
0.00993479
0.017678
0.100938
0.125563
0.0608887
0.143564
0.18658
0.286411
0.0745262
0.0448775
0.122237
0.189
0.122451
0.0642546
0.0844654
0.0814518
0.0150517
0.104949
0.477549
0.518674
0.0409906
0.0644906
0.0935644
0.0872086
0.0310218
0.0398967
0.0633775
0.067575
0.0177519
0.0611323
0.123443
0.0771744
0.122705
0.0693929
0.0613949
0.0862804
0.0563911
0.00504412
0.0206109
0.0487125
0.0414677
0.19368
0.597932
0.361049
0.0980611
0.0884346
0.12415
0.0477245
0.147878
0.151433
0.371436
0.315375
0.0108974
0.0963791
0.183319
0.115005
0.21431
0.157551
0.12564
0.0970737
0.100388
0.035202
0.0761087
0.151421
0.164598
0.246447
0.158504
0.208659
0.0804897
0.197575
0.305722
0.10791
0.226276
0.143902
0.216828
0.221014
0.0497582
0.114065
0.22498
0.218729
0.244494
0.182967
0.132169
0.151889
0.109895
0.122762
0.0455241
0.0983031
0.147397
0.256964
0.131999
0.120565
0.111774
0.270797
0.0939006
0.160179
0.293696
0.26579
0.157661
0.0153087
0.073516
0.124391
0.111725
0.201516
0.175034
0.17236
0.0887669
0.125981
0.086953
0.183302
0.170037
0.18356
0.294044
0.224728
0.13931
0.138895
0.079745
0.114855
0.0595741
0.186256
0.22182
0.224034
0.0768114
0.0299571
0.149756
0.135431
0.178783
0.254901
0.146203
0.157721
0.0414463
0.0972762
0.0879802
0.135742
0.126459
0.113972
0.198871
0.254897
0.106592
0.117646
0.161107
0.186526
0.189807
0.219335
0.241993
0.265592
0.247736
0.173965
0.0949109
0.136874
0.175068
0.180777
0.0811975
0.059188
0.0126447
0.0312421
0.267117
0.420887
0.167314
0.189555
0.0869331
0.0571058
0.00577705
0.0279521
0.102373
0.139995
0.126147
0.151835
0.0992665
0.12898
0.185411
0.0924759
0.346552
0.394291
0.142852
0.121857
0.0362428
0.160955
0.138927
0.0988758
0.0417144
0.0209425
0.0429117
0.114743
0.157134
0.166357
0.0585769
0.0934756
0.0181449
0.060918
0.186014
0.445062
0.281989
0.140174
0.0281545
0.0311421
0.152115
0.0542197
0.0693103
0.0444717
0.142606
0.273091
0.105767
0.244275
0.160086
0.119629
0.313897
0.251832
0.228913
0.198855
0.0684941
0.140901
0.041815
0.0287492
0.11606
0.307152
0.153349
0.0394335
0.0365701
0.0819287
0.136304
0.0287998
0.0597854
0.0905816
0.0623114
0.0940148
0.252443
0.407803
0.0473554
0.0371875
0.151372
0.273662
0.224027
0.0493177
0.0373686
0.0370005
0.15393
0.0718833
0.161634
0.430053
0.22893
0.0499044
0.137092
0.246668
0.0524598
0.00887506
0.00572215
0.00437011
0.0283251
0.113848
0.314597
0.241188
0.0612649
0.033693
0.0335512
0.00752809
0.0344767
0.120795
0.324904
0.307251
0.100176
0.0360765
0.0499146
0.111251
0.0572563
0.0724439
0.372304
0.230217
0.0266775
0.0051515
0.00599489
0.0024357
0.0286446
0.161128
0.465422
0.296431
0.0476121
0.060905
0.0769552
0.0284526
0.033398
0.0823381
0.182038
0.237529
0.0283765
0.0749581
0.0664625
0.0429133
0.0431292
0.055117
0.139189
0.143809
0.0145732
0.0129445
0.00692193
0.00546613
0.0202277
0.161714
0.496305
0.343767
0.0162225
0.0582502
0.0196016
0.0078223
0.0180197
0.174957
0.496305
0.332146
0.0562912
0.0971009
0.0531281
0.0969835
0.0588389
0.0479502
0.108683
0.0921502
0.0640204
0.0504175
0.0642096
0.111867
0.0761103
0.0624874
0.135157
0.20589
0.0857199
0.124138
0.0587701
0.0882018
0.0371612
0.154073
0.555062
0.35144
0.169574
0.125419
0.0768243
0.160693
0.0636924
0.116874
0.280761
0.344732
0.0692726
0.0980161
0.0683796
0.0773917
0.071113
0.109943
0.122267
0.187897
0.0821423
0.161634
0.0509626
0.0922702
0.135627
0.180909
0.354806
0.234799
0.0946859
0.126959
0.0952462
0.150721
0.0894668
0.155563
0.156743
0.239165
0.136685
0.191689
0.147767
0.126203
0.192061
0.321143
0.268742
0.279368
0.0646156
0.0788925
0.0314368
0.0273093
0.0538331
0.0964553
0.242538
0.119961
0.28703
0.15368
0.0560367
0.0188148
0.0168771
0.0837288
0.117496
0.213121
0.115063
0.193008
0.175617
0.0532554
0.111387
0.138233
0.14131
0.13566
0.441539
0.344895
0.241282
0.0762862
0.0633872
0.0377591
0.0441225
0.361833
0.192806
0.0339519
0.0375523
0.0119979
0.045758
0.0739771
0.0953386
0.309717
0.202245
0.0783781
0.142634
0.0648398
0.0708679
0.154637
0.135672
0.263301
0.284773
0.00695696
0.00261062
0.00017672
0.00653843
0.0229729
0.0933805
0.397307
0.206143
0.0149507
0.0489749
0.141476
0.233491
0.319528
0.184543
0.305557
0.0408651
0.0228539
0.0537946
0.132377
0.141637
0.0741597
0.0462407
0.0338799
0.0400994
0.0193353
0.0666716
0.440969
0.312552
0.0127551
0.0360185
0.0467548
0.0176733
0.00415412
0.0218665
0.211037
0.278198
0.140493
0.0478944
0.0304361
0.00247061
0.00263107
0.0107262
0.476015
0.476015
0.0164671
0.00310317
0.00239836
0.0617043
0.0244087
0.0559778
0.270483
0.156475
0.0136098
0.269265
0.157381
0.0246353
0.0128544
0.0127663
0.00726142
0.0115366
0.0829118
0.594086
0.237225
0.0139256
0.0380834
0.0284031
0.272762
0.409297
0.0102582
0.0185275
0.0281651
0.0355573
0.087636
0.0351262
0.00720461
0.0241439
0.0296798
0.242663
0.0736884
0.00376181
0.00253187
0.00136812
0
0.00502756
0.0805869
0.487675
0.148626
0.00144992
0.0058555
0.00942233
0.00105095
0.0230797
0.164028
0.487675
0.208115
0.0209963
0.0286972
0.00895941
0.000153134
0.00161803
0.0267952
0.322747
0.0773782
0.017893
0.0210126
0.0061461
0.000460328
0.0193429
0.0936788
0.487675
0.129115
0.0178157
0.0125045
0.0175441
0.00970459
0.0291984
0.110743
0.353518
0.192176
0.0490784
0.0321117
0.0203452
0.0199572
0.0319931
0.12386
0.274828
0.174665
0.00812158
0.00750331
0.00380097
0.000478902
0.0294331
0.115659
0.517606
0.11794
0.01122
0.00261839
0.00298791
0.00354016
0.0219561
0.215452
0.517606
0.187559
0.0365147
0.0299541
0.0472744
0.0308654
0.0266795
0.107388
0.214788
0.117624
0.0883263
0.0284151
0.0931749
0.0431472
0.0598476
0.132098
0.193882
0.0996316
0.0108053
0.00383408
0.0210574
0.0155433
0.0122786
0.219111
0.552576
0.20114
0.0567501
0.0104486
0.0677678
0.0408816
0.0310122
0.211784
0.552576
0.157006
0.108001
0.0922705
0.164872
0.154429
0.152362
0.0772835
0.067252
0.096047
0.232567
0.238795
0.199187
0.195589
0.174818
0.0168515
0.042766
0.264865
0.0949069
0.0328102
0.156231
0.196841
0.218068
0.111023
0.27431
0.0655122
0.167507
0.149352
0.158595
0.254272
0.376292
0.103944
0.103775
0.142354
0.232145
0.0258705
0.00649209
0
0.00215761
0.0107881
0.0641337
0.310668
0.139535
0.0583587
0.140043
0.204178
0.219569
0.181809
0.0937422
0.173828
0.247313
0.0347331
0.00446703
0
0.000278155
0.00924126
0.0869316
0.358833
0.115219
0.0616752
0.0859916
0.116598
0.475356
0.226879
0.128018
0.209203
0.0077726
0.00809883
0.0460512
0.191508
0.217687
0.0617268
0.0128048
0.0104394
0.00116563
0.00228409
0.00311867
0.322294
0.455295
0.00918311
0.00015913
6.69685e-005
0.00877029
0.013149
0.028211
0.158325
0.359909
0.0760474
0.0137207
0.0116569
0.00241959
0.0109355
0.00123291
0.42911
0.455295
0.00420631
0
0.000267874
0.0115941
0.0416963
0.023942
0.276719
0.53248
0.0174367
0.000283454
0.00122534
0.025476
0.102622
0.0529892
0.0100555
0.0364886
0.0112959
0.018331
0.020281
0.0139372
0.0479594
0.0144849
0.454835
0.559608
0.00568111
0
0.00490138
0.0279057
0.130752
0.0670416
0.0320074
0.0241392
0.00195838
0.00324598
0.0442471
0.0472761
0.0836495
0.0334159
0.00548469
0.00387854
0.0121398
0.0739101
0.0543225
0.0748197
0.0940057
0.0347565
0.00532735
0.0245271
0.053983
0.420347
0.0613589
0.0692612
0.211515
0.0766552
0.00756498
0.00061923
0.0031087
0.00634221
0.0593899
0.177202
0.760066
0.179383
0.00756026
0.0177734
0.0130379
0.0103284
0.0285362
0.0253055
0.0403957
0.00945297
0.00326548
0.00903272
0.0393199
0.308372
0.0203533
0.0160296
0.148818
0.0677496
0.0126285
0.00951508
0.122118
0.473173
0.0752864
0.130314
0.448507
0.0768594
0.0144308
0.00544755
0.00323176
0.0247828
0.0047852
0.243832
0.473173
0.249367
0.0462913
0.00576325
0.0305546
0.0896541
0.0201495
0.00204922
0.102178
0.139506
0.0376872
0.0125901
0.11432
0.285709
0.0943814
0.0250474
0.0966934
0.12575
0.062139
0.0367277
0.116011
0.29444
0.120283
0.228873
0.347782
0.350289
0.0446697
0.00808512
0.0335339
0.0571501
0.0272758
0.240345
0.423892
0.339491
0.0861707
0.035369
0.0534655
0.0644996
0.0599837
0.0843355
0.0839551
0.0825089
0.157668
0.169996
0.118873
0.199366
0.106149
0.0951586
0.0759802
0.0763997
0.166501
0.244698
0.154984
0.107364
0.0678973
0.250604
0.332112
0.157937
0.29608
0.193934
0.154244
0.0781903
0.139258
0.194597
0.102792
0.0953584
0.322481
0.227751
0.157564
0.127156
0.159912
0.214258
0.0441836
0.000398365
0
0.000797337
0.00943669
0.123123
0.256663
0.0881623
0.0465623
0.0576356
0.200973
0.33098
0.105902
0.134889
0.169083
0.246779
0.0635934
0.00814866
0.0179817
0.0850952
0.0310565
0.200559
0.342825
0.166345
0.208999
0.188003
0.333114
0.156499
0.0203133
0.202816
0.274408
0.0101319
0.0154434
0.0333081
0.213155
0.273996
0.03716
0.0111996
0.0124635
0.00100121
0.00936346
0.00861861
0.422833
0.400001
0.00733269
0.00190579
8.30804e-005
0.0324791
0.0667734
0.0918903
0.323964
0.168674
0.00894252
0.018872
0.0312123
0.0334339
0.0343865
0.0204279
0.398527
0.416427
0.0850879
0.0287341
0.0359324
0.0100619
0.0481657
0.0168358
0.290772
0.256099
0.0135475
0.00137651
0.000969866
0.0535519
0.243064
0.0470541
0.0189428
0.00757244
0.00335564
0.000369304
0.00782931
0.12351
0.316061
0.0409063
0.210505
0.277118
0.0985794
0.0371153
0.036969
0.241167
0.608548
0.205638
0.0246224
0.00800161
0.0117005
0.0190904
0.00722999
0.0424139
0.27472
0.0433853
0.000366833
4.88281e-006
0.000141602
0.00022738
0.00467127
0.0971126
0.472053
0.101481
0.000767851
0.000460257
0.000566406
0.000233949
0.00145401
0.0866705
0.472053
0.201536
0.00376725
0.00024695
0
0.00477959
0.00095592
0.20351
0.472053
0.31029
0.00354017
0
0.00224551
0.00321655
0.00719855
0.13624
0.443744
0.134239
0.0156462
0.000324455
0.000183703
3.09715e-005
0.00181982
0.241773
0.408421
0.266706
0.0649826
0
0
0.00081949
0.0185709
0.294281
0.364282
0.201602
0.0112348
0.0064887
0.0158356
0.0132239
0.015268
0.252738
0.219773
0.194441
0.0368923
0.00999508
0.0331119
0.0239287
0.0867766
0.290297
0.334687
0.318145
0.0544048
0
0
0.0117769
0.0353714
0.297543
0.469168
0.23703
0.0519943
0.0296844
0.0177076
0.0455309
0.0620192
0.152263
0.19804
0.183897
0.0479272
0.00369602
0.0167714
0.0671733
0.136721
0.149061
0.260358
0.111804
0.0397811
0.0418487
0.0155357
0.125043
0.174286
0.128272
0.245492
0.159496
0.251005
0.163783
0.0651022
0.0436218
0.0430795
0.155001
0.0670329
0.13144
0.334681
0.203018
0.0675704
0.105401
0.136679
0.0563998
0.175014
0.145813
0.163696
0.219993
0.0724421
0.0853551
0.0996124
0.202288
0.0448384
0.0949361
0.209909
0.267782
0.131632
0.196044
0.370351
0.113738
0.05075
0.0264836
0.0275402
0.210145
0.131247
0.166415
0.174353
0.124454
0.181268
0.128878
0.263676
0.312305
0.058502
0.128916
0.152151
0.0147003
0.0304572
0.0424662
0.0746468
0.279062
0.192922
0.132073
0.0538812
0.0334778
0.0664827
0.0887425
0.281302
0.481084
0.180585
0.0702397
0.0339788
0.0329578
0.0524956
0.0573862
0.280751
0.227028
0.039639
0.0177735
0.020094
0.17449
0.123018
0.064687
0.249984
0.300318
0.170562
0.0609744
0.118571
0.063582
0.0202578
0.0370041
0.266755
0.242906
0.123089
0.0374714
0.0428279
0.336892
0.327062
0.295888
0.197707
0.108783
0.132171
0.0575524
0.141658
0.192164
0.268083
0.0870662
0.051668
0.0848544
0.0701241
0.0389108
0.0652575
0.221159
0.465008
0.219966
0.0621938
0.0107397
0.00504878
0.0193378
0.0118284
0.22763
0.317935
0.30825
0.0453446
0.0198267
0.0297516
0.0336694
0.0621096
0.223423
0.283511
0.311878
0.108904
0.0415493
0.0101525
0.0252908
0.0302805
0.123723
0.491388
0.254545
0.0236641
0.0039691
0.00376343
0.0126752
0.00899898
0.164619
0.491388
0.322551
0.00614773
0.00913385
0.0316246
0.0267813
0.0430663
0.0955329
0.269879
0.197762
0.0529519
0.0398971
0.0430559
0.0358564
0.0370716
0.03797
0.236696
0.147984
0.0254386
0.0709002
0.140361
0.113253
0.0723035
0.408302
0.33833
0.30454
0.0557087
0.0475932
0.113369
0.0751832
0.0606582
0.276969
0.143687
0.155264
0.0839404
0.0595848
0.123187
0.0779174
0.0923198
0.0339223
0.0961632
0.179998
0.145959
0.148976
0.296907
0.175479
0.0480673
0.0420263
0.0547866
0.150646
0.225019
0.111965
0.233218
0.0790119
0.0210643
0.216993
0.174527
0.109886
0.0407901
0.0271478
0.0765944
0.220674
0.194582
0.197265
0.237301
0.097001
0.0337507
0.0911728
0.0891205
0.30956
0.275312
0.110308
0.231677
0.158718
0.132013
0.0695225
0.111621
0.133232
0.0956608
0.201521
0.365079
0.150702
0.071756
0.0885481
0.0842701
0.169723
0.137289
0.0652521
0.121556
0.0801418
0.0450713
0.15599
0.11417
0.153652
0.137194
0.212743
0.132753
0.122565
0.0991648
0.174193
0.168751
0.230027
0.482194
0.144473
0.161639
0.118248
0.0412918
0.0642379
0.0509171
0.0706408
0.0654495
0.195066
0.296755
0.351668
0.140693
0.113667
0.0635787
0.0732016
0.119649
0.0381401
0.0438153
0.0444377
0.105271
0.24859
0.121631
0.0945573
0.104917
0.106605
0.122386
0.146069
0.253271
0.289072
0.166614
0.148966
0.077617
0.0403027
0.102243
0.0650605
0.152755
0.200236
0.093976
0.238274
0.235266
0.104497
0.227973
0.215836
0.135957
0.207048
0.152854
0.302793
0.206761
0.100751
0.0365752
0.0553081
0.168806
0.0934203
0.0901664
0.178119
0.167062
0.297384
0.343774
0.278321
0.141232
0.0453709
0.068408
0.121545
0.28937
0.0604603
0.0529158
0.0786144
0.0521804
0.0784765
0.0598936
0.247348
0.229343
0.162761
0.127722
0.0956937
0.0402546
0.0888133
0.0938743
0.230525
0.375146
0.245485
0.428141
0.406744
0.0624246
0.0322741
0.0220003
0.0288371
0.102198
0.175247
0.265359
0.342471
0.11904
0.0697432
0.0298282
0.0572719
0.0566771
0.163192
0.141593
0.115457
0.0427465
0.0873849
0.0902993
0.120005
0.185396
0.0881391
0.0616046
0.208044
0.168574
0.109099
0.102556
0.131787
0.102284
0.0733507
0.20618
0.302547
0.128486
0.071626
0.0725132
0.0800655
0.0664619
0.0557558
0.228817
0.38314
0.107812
0.143755
0.192213
0.157651
0.0810272
0.0337699
0.108198
0.267558
0.20113
0.0694483
0.0762052
0.186073
0.116466
0.152237
0.184825
0.266565
0.107564
0.0718961
0.0769762
0.162098
0.254035
0.0199316
0.0732934
0.293888
0.244738
0.193858
0.195875
0.127445
0.0316398
0.0574513
0.0818656
0.134407
0.253264
0.153725
0.226508
0.090497
0.0986079
0.164228
0.091936
0.221143
0.185306
0.131276
0.0657654
0.0931117
0.168212
0.36702
0.207916
0.120199
0.14691
0.133678
0.0767145
0.0600605
0.220647
0.0875238
0.121925
0.057946
0.100855
0.0894173
0.122446
0.0600005
0.179649
0.216683
0.246251
0.130109
0.117438
0.155789
0.0637156
0.0526295
0.174017
0.307935
0.215095
0.0852158
0.116385
0.0988102
0.0702452
0.06795
0.226593
0.310166
0.213121
0.289746
0.25648
0.160095
0.0691878
0.114133
0.201307
0.235568
0.180743
0.158913
0.143724
0.139422
0.0553628
0.0389466
0.0628112
0.209986
0.1483
0.252653
0.217123
0.23268
0.0786611
0.0515668
0.0615865
0.180778
0.109755
0.232039
0.22692
0.232383
0.120144
0.0963561
0.053461
0.128768
0.0839483
0.0701706
0.191773
0.324512
0.188212
0.203609
0.126751