0.230203
0.085952
0.0121666
0.00678073
0.0245113
0.0206157
0.118516
0.189528
0.154087
0.0348275
0.00295362
0.00828612
0.0089736
0.00143079
0.20312
0.412436
0.318934
0.228441
0.0932215
0.0896424
0.202635
0.0131079
0.135807
0.193169
0.161487
0.0778297
0.0492627
0.0801417
0.119749
0.00785506
0.34355
0.412436
0.10072
0.027883
0.0146498
0.0464628
0.0591974
0.0413271
0.112634
0.245818
0.166397
0.115915
0.120291
0.096654
0.103877
0.102476
0.0941767
0.14198
0.121878
0.0608274
0.0274812
0.0280096
0.0205137
0.147515
0.323171
0.422446
0.111096
0.0472532
0.00917003
0.0392367
0.0173301
0.229631
0.422446
0.422446
0.169384
0.377477
0.165733
0.0394802
0.034922
0.0421695
0.0435415
0.107441
0.0741138
0.338347
0.0397454
0.0928101
0.203588
0.0714656
0.0118193
0.0637665
0.05704
0.0492123
0.0209767
0.0209662
0.0116753
0.140052
0.514683
0.364949
0.0160494
0.0148838
0.00557056
0.0664297
0.116672
0.118544
0.290535
0.101161
0.0450047
0.0594746
0.0231497
0.161279
0.361656
0.202117
0.0469762
0.0903456
0.231771
0.3172
0.0814396
0.0848546
0.160225
0.18223
0.0901377
0.177047
0.134929
0.0241279
0.0222156
0.109178
0.199023
0.0620102
0.042561
0.193978
0.38387
0.363709
0.112585
0.0550704
0.0866308
0.0416412
0.0142648
0.226311
0.315745
0.274023
0.0306073
0.00739865
0.0134576
0.034139
0.13831
0.216375
0.308786
0.262261
0.139615
0.0217145
0.0513816
0.0215961
0.207074
0.335562
0.284038
0.257298
0.0466432
0.00596671
0.0033527
0.00386295
0.0541042
0.121862
0.263146
0.152024
0.121556
0.0933994
0.0489577
0.0124142
0.0755972
0.272968
0.145189
0.295735
0.328849
0.0351423
0.0287582
0.0131013
0.0469806
0.14906
0.140002
0.240683
0.266012
0.0424347
0.0471079
0.0510401
0.0212273
0.151279
0.130825
0.23253
0.257319
0.192291
0.0505756
0.0413967
0.0158003
0.166835
0.0828062
0.275809
0.282923
0.277549
0.18319
0.133341
0.0325631
0.181058
0.0916086
0.0969931
0.0776787
0.126283
0.147682
0.0489099
0.0202066
0.129902
0.239511
0.211354
0.127204
0.23363
0.308763
0.0328604
0.0219486
0.338972
0.0254289
0.112209
0.141668
0.262921
0.286963
0.100984
0.0379487
0.106687
0.19746
0.0768812
0.0629896
0.221624
0.24659
0.0174907
0.0439256
0.309485
0.101153
0.133208
0.0856674
0.176981
0.333601
0
0.0466891
0.0581397
0.041209
0.0736089
0.122737
0.201616
0.207437
0.00446734
0.0743407
0.120955
0.0300924
0.0503118
0.0478503
0.39782
0.39782
0
0.00985687
0.0182204
0.0082215
0.0399705
0.0994849
0.39782
0.39782
0
0.0067568
0.0168265
0.0558112
0.104576
0.103421
0.080636
0.0295024
0.0799246
0.223728
0.224792
0.0182103
0.0201945
0.00272549
0.00929037
0.00367184
0.142032
0.459499
0.361729
0.0176026
0.0684386
0.0981559
0.268095
0.224781
0.00267951
0.121241
0.120049
0.00711811
0.0156125
0.0112186
0.0186805
0.0197846
0.0262359
0.459499
0.270817
0.00121937
0.000635725
0
0.00183602
0.00224528
0.119182
0.445212
0.161177
0.00669274
0
0
0.00457612
0.0121585
0.115297
0.445212
0.111615
0.000784419
4.83863e-005
4.83863e-005
0.00128838
0.00283931
0.057686
0.445212
0.158901
0.00517201
0
0
0.00494353
0.00853882
0.0765198
0.445212
0.249787
0.0441894
0.00262882
0.00144649
0.00416451
0.0181539
0.0235961
0.282105
0.156077
0.0870973
0.0303762
0.0105444
0.000648554
0.00689851
0.00403991
0.0659385
0.132668
0.0182235
0
0
0.00181351
0.00313243
0.0518743
0.483419
0.324988
0.0663536
0
0
0
0
0.0257534
0.483419
0.483419
0.0649414
0.0255392
0.010806
0.0177788
0.0102472
0
0.00506582
0.0589678
0.0996366
0.0653969
0.139604
0.13294
0.0851399
0.0243297
0.0198372
0.0479547
0.173487
0.0281774
0.0199999
0.0317362
0.00931325
0.0107854
0.293907
0.555468
0.232891
0.254349
0.273052
0.250437
0.159105
0.0474706
0.163192
0.369565
0.0987436
0.220992
0.218135
0.230103
0.0884539
0.0666985
0.0408042
0.0799648
0.0552092
0.420978
0.241119
0.291958
0.100261
0.0687157
0.0223511
0.088686
0.0909071
0.244684
0.260292
0.342988
0.260317
0.0668192
0.0693364
0.0837305
0.0221725
0.192677
0.097774
0.15047
0.0949147
0.0220276
0.0153134
0.0217024
0.0341865
0.4658
0.332327
0.494601
0.284944
0.0680055
0.0258389
0.0840883
0.152465
0.0500595
0.000379003
0.11156
0.115204
0.000138632
0.0417501
0.260357
0.0122019
0.184177
0.0584264
0.0327696
0.00657191
0.000904393
0
0.00928069
0
0
0
0.000852669
0.000852669
0
0
0
0.00445043
0.0144064
0.0696402
0.372684
0.249542
0
0
0.000560388
0
0.00199615
0.0211315
0.372684
0.372684
0
0.000255195
0.00197041
0.0162811
0.125478
0.195594
0.359458
0.127948
0.000467594
0
0.00727946
0
0
0.0301387
0.372684
0.372684
0
0
0
0.00145605
0.00902791
0.0202157
0.371688
0.438823
0.00413386
0.0266061
0.0348724
0.00698185
0.00458305
0.00794523
0.0381305
0.0623543
0.0094592
0.220947
0.132619
0.00138844
0.00324086
0.000295029
0.497192
0.531256
0.00624626
0.00217519
0.000595426
0.00761996
0.00991842
0.00833694
0.072152
0.0834141
0.0133662
0.0155788
0.0125868
0.00333439
0.000511556
0.00107171
0.00403373
0.0061724
0.00490396
0.46252
0.196512
0.00415805
0.000231833
0.000371872
0.00484798
0.00665955
0.0265793
0.637155
0.42111
0.00731835
0.0047626
0.0109893
0.00873832
0.00838914
0.00402047
0.0581226
0.0460072
0.0113299
0.00370818
0.0111244
0.00637682
0.00724624
0.00341009
0.252634
0.174713
0.0087316
0
0
0.000666526
0.0010563
0.0285278
0.442224
0.219097
0.0350951
0
0
0
0
0.0333389
0.442224
0.442224
0.00726275
0.00207064
0.00404683
0.001246
0.000975364
0.00461394
0.22477
0.11637
0.0100529
0.00175624
0.00259346
0.00137786
0.000737009
0.0142929
0.442224
0.241457
0.0652034
0.0118948
0.00511205
0.00417613
0.000524601
0.0207073
0.325255
0.416873
0.109458
0.0775657
0.0575553
0.0762166
0.0829131
0.165661
0.219345
0.267652
0.00986207
0.000634454
0.000423835
0.000288016
0.000207101
0.0140583
0.416873
0.221257
0.0244558
0.00068091
0
0.00698113
0.0327661
0.209871
0.416873
0.224805
0.0299592
0.0421767
0.0445672
0.135405
0.165589
0.223763
0.125607
0.0778762
0.00182554
0.00497395
0.00855839
0.0551708
0.0693034
0.0612217
0.106305
0.0633585
0.0227303
0.00295033
0.000987275
0.0175654
0.0683337
0.320406
0.478975
0.174347
0.0319552
0.0189194
0.0039491
0.017451
0.0327334
0.101806
0.478975
0.439097
0.00390129
0.000947899
0.000295381
0.000466336
0.000536787
0.000505966
0.0177637
0.0279426
0.00309858
0
0
0
0
0
0
0.00309858
0.151221
0.010642
0.00146002
0.00430915
0.00102495
0.00184681
0.402697
0.504221
0.504221
0.0199406
0.00491701
0
0
0
0.0277534
0.504221
0.0489841
0.105431
0.0862488
0.187426
0.142615
0.020379
0.0160599
0.0192452
0
0
0.00960669
0.391387
0.415268
0.00492382
0.00401497
0.00107443
0.10183
0.0755756
0.0928305
0.26772
0.323697
0.0739523
0.0512462
0.0317467
0
0.00392956
0.0113397
0.415268
0.415268
0.0184538
0.00602246
0.00161164
0.00157491
0.00364185
0.000194653
0.404191
0.470752
0.00383795
0.00133281
0.000799581
0.00540161
0.00959176
0.00713127
0.0614495
0.0658981
0.0123891
0.00444109
0.00442484
0.00151156
0.00121228
0.000828139
0.500036
0.53678
0.00386022
0.00208416
0.00188513
0.00434891
0.00395689
0.00511819
0.0759932
0.0936262
0.0212972
0.0158911
0.00658436
0.0500873
0.0390278
0.143831
0.0807627
0.113012
0.0872205
0.0480244
0.0920774
0.106227
0.093317
0.240115
0.0654786
0.137561
0.111276
0.194287
0.206038
0.0355701
0.0388081
0.107747
0.0871796
0.106368
0.223305
0.220996
0.057963
0.12292
0.178002
0.240154
0.0854519
0.172414
0.208954
0.176863
0.0611297
0.0386551
0.0319185
0.0478465
0.0129775
0.010029
0.0209548
0.132813
0.0927544
0.0484207
0.0452157
0.0438168
0.0213215
0.0100193
0.0163504
0.6134
0.306381
0.0862675
0.0643486
0.0546054
0.0155009
0.0159423
0.0294901
0.0342983
0.0122781
0.336897
0.475997
0.05522
0.0172673
0.0113807
0.0338219
0.0709647
0.0271727
0.0102762
0.00819173
0.00549727
0.004241
0.00140063
0.00348683
0.287694
0.112333
0.0221548
0.0536449
0.0090665
0.0244718
0.00369704
0.0491923
0.547326
0.17779
0.148047
0.330127
0.0100451
0.00544346
0.00179981
0.00494417
0.0321532
0.0154122
0.248645
0.547326
0.019153
0.0367077
0.00554556
0.00510502
0.125759
0.0377866
0.0194317
0.0524255
0.0409152
0.0528436
0.0125215
0.0643265
0.360287
0.0932377
0.0410822
0.0663358
0.0751992
0.083679
0.0178799
0.0395362
0.423009
0.298544
0.114958
0.423009
0.0874103
0.0758967
0.0109164
0.0143868
0.0750062
0.0247395
0.263186
0.423009
0.183335
0.112043
0.0177575
0.0164456
0.0375776
0.102866
0.127883
0.0277639
0.0141049
0.0136777
0.00513492
0.00217937
0.150103
0.351054
0.37398
0.0496348
0.0100047
0.000139859
0.0221442
0.00509487
0.0145068
0.37398
0.340362
0.341417
0.0820392
0.017487
0.00732894
0.00128688
0.0125848
0.121998
0.37398
0.169558
0.0398075
0.000209788
0.0332163
0.00764231
0.00299868
0.30119
0.081429
0.092433
0.152819
0.238842
0.234897
0.0333915
0.0431185
0.0605126
0
0.0138594
0.0419297
0.420709
0.420709
0.00604608
0.00086583
0.000231701
0.0588197
0.0600619
0.115287
0.185891
0.158791
0.0399946
0.0284508
0.0852864
0
0.00923961
0.033402
0.420709
0.420709
0.00109155
0
0
0.000876296
0.000812489
0.000764912
0.386373
0.496683
0.00392297
0.000952573
0.0007246
0.003826
0.00449429
0.00582324
0.0584366
0.0875229
0.0130084
0.00906149
0.00350544
0.00830038
0.0034074
0.000825219
0.468849
0.527661
0.00627776
0
0
0.0748896
0.116657
0.00385925
0.0792711
0.127775
0.0157187
0.00313846
0.00770758
0.00721531
0.00995534
0.0109191
0.0067871
0.00837542
0.0121159
0.0152878
0.00345001
0.062109
0.0898392
0.0189556
0.00547807
0.00867021
0.00950925
0.0120274
0.0157557
0.197099
0.42888
0.00929104
0.00640618
0.0093135
0.00618086
0.00500138
0.00744528
0.46107
0.694179
0.0169795
0.00460112
0.00251772
0.00129894
0.0041514
0.0144016
0.0780683
0.150441
0.00552526
0.000813792
0.00200429
0.00219453
0.00478141
0.00686231
0.192152
0.491304
0.00558185
0.000321306
0.000470388
0.00211725
0.00856004
0.00330281
0.223848
0.514346
0.00606481
0.000314217
0.000425079
0.000236059
0.000812764
0.00551252
0.248329
0.514346
0.0291272
0.00739214
0.00265073
0.0048383
0.000498505
0.00935531
0.135589
0.416438
0.0120846
0.000391079
0.000172637
0.000562002
0.00191367
0.00149682
0.237337
0.416438
0.031294
0.00283836
0.000428801
0.00857141
0.000626368
0.00549394
0.10882
0.416438
0.135464
0.0515617
0.0137966
0.0256712
5.05255e-005
0.00984308
0.251958
0.416438
0.263789
0.106776
0.0574001
0.0736994
0.0253789
0.0389334
0.168158
0.431875
0.109199
0.0120689
0.000752203
0.0137753
0.000850432
0.00895857
0.211172
0.431875
0.191401
0.0183455
0.00198949
0.00343316
0.000628537
0.0285053
0.192867
0.402624
0.245637
0.0613977
0.0362241
0.0655576
0.0412858
0.0411085
0.0572846
0.358655
0.235343
0.0319723
0.0120693
0.0137326
0.0103215
0.00740012
0.467394
0.534462
0.142658
0.00622854
0.0023761
0
0.00108223
0.0504122
0.534462
0.192629
0.0467137
6.09917e-005
0.009657
0.00222185
0.000270557
0.248019
0.0787801
0.15413
0.0543659
0.00580828
0.00277771
0
0
0.00345481
0.0251035
0.00483327
0
0
0
0
0
0.00697233
0.0227173
0.0392937
0.0930086
0.196396
0.132125
0.0370859
0.00445738
0.0706284
0.00479166
0.00337555
0.00878574
0.440408
0.445491
0.00347347
0.00952042
0.00722014
0.0366077
0.0702164
0.139306
0.218546
0.269105
0.0963101
0.00475859
0.0670568
0.0982887
0.05887
0.0131595
0.33086
0.443428
0.0834231
0.0522072
0.0374627
0.0456247
0.073153
0.00038916
0.238835
0.329456
0.00152872
0.012646
0.020037
0.166636
0.439907
0.00136478
0.037744
0.0570679
0.00351313
0.00407318
0.0160431
0.222404
0.333935
0.013876
0.134052
0.216958
0.038801
0.0590147
0.0474193
0.306163
0.473648
0.0197028
0.0112314
0.0235843
0.00234865
0.0159423
0.0224889
0.155533
0.449805
0.00587269
0.000605734
0.00098167
0.000784663
0.000573429
0.00195444
0.204719
0.449805
0.0199423
0.000260516
4.64069e-005
6.46173e-006
0.000178977
0.000622673
0.175853
0.449805
0.0434462
0.00669428
7.93935e-005
0.00637227
0.00946783
0.00623469
0.158947
0.449805
0.143995
0.023937
0.000317283
0.00589924
0.00631189
0.00388181
0.119874
0.424864
0.0170177
3.49065e-005
0
0
5.33709e-005
0.000314409
0.13394
0.424864
0.0345514
0.0107821
0.00384775
0.0129566
0
0.0187056
0.0949751
0.424864
0.0904631
0.0195475
0.010018
0.00546204
0
0
0.162925
0.424864
0.390285
0.0601033
0.0285946
0.0122791
0
0.0179017
0.116104
0.300544
0.119697
0.11235
0.077024
0.0984642
0
0.0303272
0.10245
0.188585
0.193839
0.234515
0.20833
0.146071
0.0188124
0.0395374
0.284565
0.395094
0.323153
0.120936
0.0912493
0.0666782
0
0.0685049
0.241033
0.200161
0.127518
0.234138
0.207655
0.0846734
0
0.123135
0.215744
0.257012
0.303661
0.250427
0.223652
0.132056
0.0877045
0.128386
0.0408931
0.0990444
0.186391
0.0558356
0.0277487
0.0136985
0.0219261
0.0296739
0.3068
0.175961
0.143666
0.241245
0.23685
0.132188
0.0425603
0.375556
0.130837
0.020725
0.031563
0.0238597
0.0956441
0.142822
0.0638405
0.192669
0.0260495
0.0474674
0.205886
0.0810668
0.0549658
0
0
0.00328302
0
0
0
0
0
0
0
0
0.0631872
0
0
0.0813693
0.347408
0.293923
0.126857
0.0835863
0
0
0
0
0
0
0
0
0.0532007
0.0637573
0.100586
0.192236
0.306041
0.131578
0.0579992
0.060374
0.156185
0.207017
0.0364758
0.151366
0.193554
0.107349
0.0329562
0.0496163
0.181355
0.120126
0.0414452
0.112711
0.132031
0.260279
0.177919
0.15575
0.40604
0.477487
0.0678455
0.0569353
0.0635918
0.131493
0.0899475
0.0349715
0.180643
0.422758
0.0402679
0.0255031
0.0426042
0.0326897
0.0253195
0.0320482
0.160038
0.468188
0.0538084
0.00481622
0.012693
0.018663
0.0270013
0.0141414
0.213648
0.468188
0.0345225
0.00295183
0.00536164
0.0127594
0.0670882
0.0661435
0.0771887
0.388241
0.0685548
0.032377
0.0730592
0.111021
0.106779
0.140584
0.196268
0.501448
0.0879084
0.0362264
0.0123024
0.0645303
0.0583822
0.0402754
0.164863
0.381403
0.302898
0.143544
0.00311805
0.044338
0.0324643
0.0366987
0.129788
0.176283
0.103936
0.0679841
0.101151
0.229338
0.156911
0.183474
0.115577
0.0394884
0.159394
0.157445
0.0774071
0.165929
0.195906
0.16705
0.0345899
0.144427
0.160408
0.112401
0.0232061
0.00902171
0.00151284
0.00150429
0.0468124
0.227702
0.442465
0.217464
0.0536415
0.00558119
0.000259972
0.00443852
0.00680413
0.0174925
0.165965
0.378403
0.0646996
0.0191989
0.0317833
0.0325887
0.00419931
0.0883569
0.442465
0.442465
0.134202
0.00289004
0.00395346
0.00651499
0.119759
0.236395
0.398082
0.142489
0.0346961
0.00155614
0.000629664
0.0390974
0.164995
0.241043
0.0852565
0.127866
0.0650353
0.0101984
0.0286301
0.119315
0.0548822
0.26669
0.398082
0.246299
0.0542179
0.000389035
0.014094
0.0278987
0.16063
0.340124
0.161518
0.108991
0.0584853
0.0123799
0.206901
0.239795
0.0960338
0.108955
0.0751973
0.107746
0.107674
0.154643
0.0857093
0.149549
0.0418694
0.00855535
0.0278557
0.0400874
0.152619
0.241123
0.178951
0.086027
0.142061
0.112286
0.0758641
0.196909
0.178703
0.177315
0.223183
0.211911
0.0568173
0.0292441
0.0440096
0.305282
0.443514
0.332227
0.283336
0.0742386
0.00427365
0
0
0.0126038
0.111052
0.0883153
0.100417
0.00971663
0.00371739
0
0
0.00153603
0.00153603
0
0
0.00371739
0.0515196
0.0147756
0.00598938
0.31352
0.677795
0.154802
0.174169
0.0241905
0.324089
0.418319
0.0381068
0.0432121
0.0438547
0
0
0.0456963