0.173801
0.131595
0.0785648
0.00967004
0.0181148
0.0241562
0.169951
0.36025
0.181749
0.137276
0.271084
0.0792982
0.0418018
0.0767536
0.152457
0.154031
0.05638
0.0744549
0.0636123
0.0597873
0.124767
0.101727
0.189321
0.12562
0.046948
0.048713
0.138445
0.103449
0.178739
0.279213
0.242537
0.108186
0.12978
0.104627
0.190306
0.106942
0.0603094
0.0823632
0.0749252
0.0646373
0.13116
0.116125
0.109205
0.0934094
0.0763007
0.0909091
0.117146
0.179683
0.147645
0.130135
0.155368
0.122218
0.158448
0.170624
0.0932131
0.0979746
0.320783
0.136506
0.098579
0.0767416
0.0523305
0.0641592
0.1775
0.378494
0.0720588
0.0786318
0.0505907
0.0321444
0.0274419
0.0392016
0.149385
0.180398
0.152942
0.0863493
0.0869187
0.0584759
0.0282696
0.0256113
0.467256
0.209703
0.104215
0.00994983
0.0220228
0.0227116
0.0306798
0.0700705
0.225388
0.242201
0.109244
0.0443303
0.0556663
0.109987
0.0687102
0.107189
0.419338
0.220196
0.261052
0.191024
0.0789472
0.0429801
0.0283699
0.0374176
0.273439
0.135067
0.317778
0.180214
0.0525808
0.0149243
0.022626
0.0531623
0.147988
0.261101
0.145012
0.101254
0.0585307
0.140831
0.0843176
0.0903959
0.245985
0.130416
0.216965
0.110709
0.0239875
0.0639318
0.0667746
0.0908392
0.131934
0.223852
0.227208
0.0693784
0.0397181
0.0108315
0.0290903
0.0572675
0.15563
0.265333
0.162344
0.201488
0.129369
0.0944507
0.193171
0.127369
0.0645465
0.111502
0.0998319
0.0397657
0.0175508
0.0191473
0.0399638
0.0981091
0.274162
0.256239
0.0671273
0.175629
0.139921
0.146494
0.172138
0.13549
0.272916
0.113884
0.164283
0.298814
0.100471
0.0749546
0.0950335
0.0360706
0.0118242
0.0400146
0.167831
0.287569
0.095561
0.120536
0.21486
0.0457665
0.0718879
0.0550084
0.0691234
0.185943
0.129841
0.161769
0.172876
0.0350828
0.0478044
0.0330515
0.0732482
0.15276
0.0964049
0.371183
0.388565
0.0517928
0.0648766
0.0429589
0.074097
0.0978486
0.0667484
0.137265
0.267734
0.0451851
0.062081
0.0382564
0.102744
0.0717465
0.0555798
0.0582011
0.107462
0.0326837
0.166415
0.144734
0.101598
0.170161
0.081086
0.353173
0.315354
0.0375399
0.0331327
0.0184125
0.282067
0.396478
0.0928984
0.097285
0.0829752
0.0136141
0.0510016
0.134703
0.0305148
0.112454
0.180465
0.0783737
0.0846667
0.0411163
0.0462461
0.0317117
0.0274157
0.0397171
0.182984
0.212606
0.195426
0.0966796
0.0656555
0.039174
0.0896556
0.267983
0.3345
0.101376
0.0367229
0.0148895
0.0318387
0.0236909
0.0280075
0.0458407
0.281707
0.430829
0.238064
0.0485717
0.0482837
0.0438435
0.0414
0.0562709
0.124024
0.210768
0.152414
0.039855
0.0149506
0.0400882
0.12346
0.06976
0.0756279
0.112047
0.0495834
0.0244385
0.161532
0.24696
0.00430532
0.0313033
0.12673
0.423011
0.304352
0.0281297
0.00834293
0.0263819
0.111609
0.173605
0.265517
0.274912
0.211046
0.0190652
0.123093
0.206759
0.0956398
0.0103031
0.00985213
0.0113887
0.0112445
0.0466345
0.228577
0.173495
0.216848
0.105697
0.0599407
0.0598604
0.0360327
0.053282
0.145396
0.0995398
0.220258
0.125348
0.119741
0.0280696
0.0226625
0.0178814
0.246565
0.323947
0.401291
0.113771
0.0217221
0.0260842
0.0393216
0.0676957
0.240793
0.376317
0.175317
0.151432
0.0854487
0.112497
0.0934362
0.0496073
0.0706311
0.0529261
0.0969348
0.0482918
0.0249376
0.148282
0.165095
0.069849
0.141062
0.116478
0.262099
0.118482
0.030823
0.0780697
0.157453
0.199318
0.174102
0.229692
0.131951
0.0438473
0.0136923
0.17246
0.276031
0.232244
0.29458
0.23222
0.0580384
0.0238449
0.0343994
0.0988662
0.0916797
0.0900588
0.255565
0.160986
0.0550218
0.0985234
0.109812
0.15423
0.128313
0.120817
0.230619
0.072816
0.267849
0.134181
0.0815124
0.130966
0.124558
0.110942
0.193245
0.203285
0.199967
0.187043
0.20607
0.194088
0.0926304
0.105825
0.151819
0.106095
0.0501031
0.151759
0.132983
0.134732
0.134138
0.0413321
0.0662206
0.0411605
0.0480182
0.232895
0.180175
0.283223
0.260415
0.0378866
0.0385477
0.0608841
0.116487
0.153125
0.143246
0.116976
0.0695673
0.047375
0.094784
0.0874633
0.116632
0.295179
0.311612
0.240332
0.103948
0.083715
0.0812505
0.140689
0.0965813
0.193646
0.0898642
0.176242
0.140001
0.0368241
0.0168847
0.0432318
0.161255
0.332385
0.122903
0.091974
0.0783489
0.0264155
0.0106599
0.0490999
0.130423
0.176326
0.187896
0.14301
0.200638
0.0947
0.0465299
0.174887
0.07552
0.0871214
0.122951
0.20587
0.431187
0.13678
0.0451708
0.0928783
0.103772
0.170408
0.208119
0.0954557
0.0379754
0.0340551
0.143398
0.0508844
0.0770522
0.0856476
0.10943
0.286761
0.222935
0.0756381
0.121672
0.0681503
0.0578686
0.0843656
0.134015
0.134084
0.126803
0.0812285
0.206964
0.066575
0.106379
0.117143
0.0573047
0.342957
0.299516
0.0617091
0.184225
0.0637011
0.00514644
0.016135
0.0275882
0.172776
0.117495
0.0258844
0.00624483
0.00631043
0.0373453
0.117053
0.178157
0.240393
0.118525
0.0345133
0.0100908
0.0405805
0.00739826
0.0103887
0.0307807
0.258637
0.182053
0.0184
0.0160988
0.00779375
0.013381
0.0470769
0.116202
0.658457
0.413737
0.0448488
0.000261324
0.0148386
0.0768737
0.107945
0.117964
0.0816975
0.0292611
0.00819863
0.105431
0.178361
0.0712633
0.0256607
0.0100465
0.0106535
0.0129867
0.0222388
0.352581
0.307238
0.0394556
0.0571112
0.0906579
0.373269
0.216204
0.0142358
0.0684679
0.119864
0.0327601
0.0195054
0.0203068
0.0535554
0.0264963
0.00647867
0.522112
0.302309
0.0190139
0.00212228
0
0.00556678
0.0168415
0.0449907
0.236341
0.125362
0.0235269
0.00946432
0.000172307
0.007677
0.0196856
0.0517058
0.206405
0.146868
0.01022
0.000363437
0.000932369
0.000399586
0.000454756
0.0111554
0.449266
0.28223
0.00990493
0.00190791
0.000621579
0.000266391
0
0.0154729
0.544766
0.435018
0.062047
0.0347328
0.010938
0.0108104
0.0115401
0.036271
0.121766
0.160377
0.0598799
0.0382303
0.0420339
0.0327656
0.0137379
0.0404151
0.0847706
0.134329
0.0106328
0.004274
0.00112098
0.00134535
0.00134535
0.0204424
0.557868
0.408923
0.0272298
0.00802379
0.0069817
0.00625464
0.00839206
0.0764321
0.413973
0.370204
0.0567744
0.0704639
0.0759504
0.0556107
0.0343375
0.0808061
0.0824087
0.118994
0.0459108
0.0872395
0.131977
0.0909623
0.046511
0.147296
0.126855
0.13239
0.0283199
0.0404767
0.0260752
0.0111808
0.0241635
0.280899
0.438485
0.23828
0.013952
0.0431216
0.0373074
0.00311002
0.0159106
0.239964
0.462452
0.226894
0.113295
0.0502324
0.105588
0.0898727
0.138568
0.13681
0.125649
0.235838
0.0683403
0.0168375
0.0535651
0.115132
0.324707
0.22118
0.122526
0.125152
0.0430934
0.0267566
0.0154882
0.00482844
0.0273565
0.146843
0.354264
0.279871
0.0792748
0.100718
0.0140445
0.0260901
0.0845653
0.195619
0.247734
0.184952
0.027672
0.0650787
0.14081
0.179685
0.0841492
0.0642827
0.0764382
0.0189177
0.0487626
0.108989
0.0873833
0.21824
0.298265
0.0964987
0.172637
0.052128
0.112744
0.0730184
0.142682
0.203945
0.0510279
0.110138
0.0968209
0.0656023
0.0678164
0.141
0.309491
0.326024
0.26569
0.155246
0.106007
0.0259794
0.00271076
0.00529521
0.0060932
0.0892977
0.184248
0.0222436
0.0171281
0.00659487
0.000492523
0.000772302
0.0088095
0.328362
0.440442
0.011394
3.43904e-005
0.000492523
0.00297922
0.0102482
0.0567458
0.168806
0.165982
0.0303759
0.00926283
0.00285962
0
0
0.0136525
0.434181
0.569368
0.0095188
5.15856e-005
0
0.00722928
0.00554918
0.0130353
0.372093
0.379602
0.00765855
0.0126924
0.0196426
0.0150732
0.0059775
0.00999877
0.0826066
0.063711
0.0168959
0.159851
0.0956738
0.000233643
0
0.00422125
0.420187
0.589507
0.0110364
0.00785394
0.00437581
0.00635469
0.00535141
0.0164974
0.0921906
0.140348
0.0461644
0.034716
0.0171008
0.026081
0.00284482
0.0120022
0.00768351
0.00570026
0.0137722
0.261728
0.264176
0.0238004
0.0013528
0.0072369
0.00597607
0.0038582
0.0108909
0.678438
0.426882
0.0305372
0.027071
0.022921
0.0144604
0.0237392
0.0363389
0.0432347
0.0351627
0.0994673
0.100132
0.0122225
0.0101715
0.00980152
0.0266696
0.198755
0.0830993
0.0027447
7.87766e-005
7.87766e-005
0.000635091
0.000635091
0.00516573
0.475537
0.209193
0.00167516
0
0.000755717
0.00976198
0.0132796
0.0688114
0.483342
0.238648
0.0752437
0.159506
0.000804231
0.00117315
0.00117315
0.0157325
0.210528
0.0987356
0.0773682
0.318711
0.123872
0.0390479
0.0396228
0.0815224
0.307524
0.147542
0.00267872
0.00034595
0.00147091
0.0204607
0.0631778
0.199403
0.438847
0.115165
0.0226486
0.00513665
0.0110034
0.0313475
0.0502308
0.104361
0.31158
0.1569
0.0574939
0.285455
0.255951
0.108962
0.191621
0.163091
0.277917
0.066529
0.111611
0.175968
0.193454
0.168144
0.146962
0.0686043
0.120388
0.0859089
0.0234696
0.05883
0.0541717
0.0339302
0.0116253
0.0251014
0.231251
0.162619
0.120149
0.194885
0.0627042
0.0180894
0.0101052
0.0225017
0.125657
0.132662
0.0743714
0.267342
0.387395
0.138878
0.0143057
0.00222185
0.0946672
0.082895
0.194029
0.384591
0.393612
0.0576729
0
0.00143599
0.10317
0.136686
0.147283
0.126451
0.0547966
0.025374
0.0167579
0.0789309
0.108986
0.0640631
0.080903
0.0975005
0.198294
0.131596
0.0753973
0.0801566
0.0936002
0.00950429
0.273756
0.381957
0.0773925
0.00560433
0.0115973
0.111879
0.210602
0.0794923
0.105557
0.0717969
0.0870857
0.0559591
0.112894
0.359669
0.418051
0.105488
0.0035209
0.0148593
0.0822944
0.17929
0.0870704
0.0253924
0.00931105
0.000263246
0
0
0.0195701
0.417315
0.463776
0.0143502
7.81052e-005
0
0.00187811
0.00663813
0.0345443
0.086697
0.141577
0.192801
0.051333
0.0210891
0.00303547
0
0.023682
0.33295
0.513825
0.156829
0.0321671
0.0105491
0.00162868
0.000282806
0.00136587
0.294963
0.457634
0.0149413
0.0105929
0.00749532
0.0426381
0.0232383
0.00464131
0.0419317
0.122951
0.0434396
0.0392427
0.0243403
0.0780892
0.0283996
0.00710023
0.240808
0.460636
0.0816727
0.0753994
0.0640658
0.30594
0.401876
0.0121157
0.01612
0.0951446
0.0336331
0.0524472
0.079619
0.0826867
0.0759803
0.00335347
0.00195193
0.00892977
0.0178933
0.0183687
0.00839703
0.189066
0.277249
0.0028437
0.00144101
0.00171371
0.00854939
0.0156561
0.00602634
0.266549
0.436357
0.0126193
0
0.00258348
0.00552087
0.00921398
0.0110883
0.395554
0.602895
0.0166055
0
0
0.000736602
0.00291261
0.0473794
0.203326
0.358972
0.00475253
0.000259974
0.000259974
0.00612005
0.0218325
0.0145511
0.209426
0.441834
0.124124
0.0110484
0.0110823
0.0147935
0.0246253
0.0167532
0.31183
0.403233
0.0181245
0
0
0
0.00616538
0.141697
0.279847
0.300532
0.11137
0.00318513
0
0
0.00582554
0.128651
0.230485
0.438312
0.242757
0.0449924
0.0574922
0.0261072
0.023853
0.0295277
0.222092
0.281198
0.179632
0.0835566
0.0425384
0.0242814
0.0148518
0.0767629
0.305434
0.301769
0.187479
0.0188321
0.0161561
0.0124572
0.0163176
0.0751619
0.247043
0.150828
0.100647
0.0956416
0.0824749
0.0702858
0.0644521
0.109711
0.118626
0.254937
0.258746
0.0734812
0.00476278
0.0176544
0.0179674
0.0375194
0.199751
0.229573
0.229426
0.0459131
0.00364793
0.00586614
0.0989986
0.0901493
0.260891
0.133468
0.0772984
0.0774329
0.0482474
0.0620458
0.0590297
0.0823461
0.562638
0.202606
0.0687839
0.050013
0.0142619
0.0155838
0.0795668
0.146537
0.141415
0.175845
0.0258621
0.0142818
0.0165815
0.0891906
0.143488
0.0580503
0.0305565
0.0121259
0.00952262
0.0452507
0.231162
0.365381
0.288437
0.082492
0.08133
0.0435834
0.012752
0.035577
0.0591116
0.0505958
0.104883
0.118585
0.0256668
0.0240431
0.0404769
0.219112
0.53555
0.182734
0.0842889
0.0453862
0.000245547
0.000104789
0.0094565
0.094894
0.26866
0.2346
0.0542682
0.0216688
0.0344301
0
0.0223136
0.230301
0.406437
0.282143
0.153772
0.0758947
0.00208627
0.00271843
0.0216494
0.240547
0.392556
0.124463
0.028955
0.00376549
0.101888
0.0683941
0.0739022
0.160529
0.203051
0.214138
0.163976
0.119729
0.179679
0.0472477
0.00419592
0.065492
0.135512
0.0881614
0.109128
0.114665
0.41194
0.369564
0.0190516
0.00165929
0.0164237
0.0109588
0.028212
0.0671556
0.286253
0.127841
0.0373786
0.00785327
0.0156266
0.0531237
0.0731018
0.117477
0.497349
0.357361
0.0494639
0.000438412
0.000952107
0.00473365
0.0101944
0.046743
0.287997
0.451687
0.028936
0
0.000187122
1.57814e-005
7.01586e-005
0.00530371
0.289369
0.44253
0.0320553
0
0
0
0.00102195
0.0479832
0.27937
0.341552
0.0596621
0.00229006
0.000309141
0.00383713
0.0046775
0.0166844
0.24734
0.248578
0.0338752
0.00268619
0
0.00242985
0.00410618
0.0696842
0.301605
0.299151
0.0388123
0.00258066
0
0
0.00676246
0.269837
0.316238
0.148937
0.0679063
0.00755096
0
2.10261e-005
0.018687
0.430515
0.206254
0.179476
0.0577202
0.0157183
0
0.000418395
0.00615177
0.17316
0.203363
0.0777393
0.0633674
0.0413502
0.00485928
0.00392822
0.0256451
0.349766
0.287445
0.132672
0.0963735
0.0178038
0.0146326
0.0102426
0.069957
0.267572
0.183056
0.0538147
0.0463497
0.0662978
0.0899236
0.0669052
0.196515
0.241659
0.217763
0.0449453
0.0226095
0.0208044
0.00577309
0.0136886
0.162901
0.337207
0.194598
0.0401292
0.00226479
0.00708261
0.0228016
0.0450955
0.329078
0.345578
0.287414
0.0595977
0.0209401
0.0313011
0.0425654
0.0465583
0.0886387
0.146353
0.524532
0.102057
0.040545
0.0118287
0.0056954
0.0132361
0.0630016
0.177645
0.267834
0.0662489
0.000188699
0.0038232
0.0140329
0.0304354
0.142316
0.226835
0.348025
0.0561474
0.0259617
0.00196648
0.0160171
0.0355324
0.146312
0.271778
0.224415
0.0429688
0.0112077
0.0214304
0.034119
0.0116964
0.0526131
0.268909
0.0659011
0.0705149
0.0742767
0.154757
0.252079
0.0501605
0.0418989
0.204179
0.289496
0.0482283
0.0176627
0.0124583
0.0750741
0.0278822
0.119563
0.427032
0.0895299
0.0792831
0.058032
0.0502653
0.0886304
0.0524113
0.250226
0.386099
0.0192421
0.0347714
0.071901
0.239912
0.395843
0.178002
0.0602414
0.0529437
0.173469
0.279229
0.154991
0.100374
0.174781
0.202256
0.10981
0.132081
0.071866
0.0758734
0.0930586
0.0805889
0.104561
0.105166
0.174021
0.155883
0.186401
0.221326
0.0834208
0.0332606
0.0561851
0.120151
0.159486
0.211038
0.248774
0.35656
0.101054
0.00389378
0.00497759
0.0224982
0.0233879
0.0670973
0.392911
0.407411
0.0550985
0.00130054
0.00628586
0.0301284
0.0620298
0.0628185
0.192361
0.221205
0.0531301
0.0162736
0.0107273
0.0327552
0.0299397
0.0714009
0.284212
0.171832
0.0670042
0.0145046
0.00658852
0.0302276
0.110466
0.26556
0.181844
0.221387
0.0565778
0.00877008
0.00190128
0.0316483
0.0720342
0.0557579
0.16257
0.128914
0.0512429
0.0158206
0.00284283
0.0157584
0.0372843
0.109144
0.130201
0.0632615
0.0364389
0.00489909
0.00126752
0.029977
0.203052
0.479285
0.0586878
0.0445921
0.0218966
0.0188187
0.0120656
0.0787119
0.354572
0.494606
0.259438
0.131477
0.0705415
0.029968
0.0107406
0.00238381
0.0216914
0.237473
0.209564
0.106867
0.129149
0.0743325
0.0266085
0.00604068
0.0200063
0.231118
0.122349
0.052163
0.0196804
0.0459809
0.0450222
0.193796
0.387587
0.326648
0.155739
0.0997324
0.082355
0.0548522
0.0544139
0.0921994
0.112923
0.177661
0.134027
0.123242
0.114586
0.0624374
0.02888
0.0310515
0.156364
0.196427
0.179852
0.126239
0.0546627
0.055439
0.0601547
0.0857665
0.329083
0.23615
0.086177
0.155398
0.17757
0.102525
0.0790087
0.0447236
0.0680852
0.0766969
0.0978945
0.168678
0.160878
0.112284
0.0936054
0.105828
0.234037
0.113966
0.184256
0.114465
0.018051
0.0308232
0.0388619
0.0587412
0.173913
0.189564
0.252341
0.109554
0.0881734
0.0771918
0.0685573
0.13919
0.182469
0.236675
0.0967496
0.187216
0.0666783
0.0552511
0.0610897
0.098336
0.135311
0.0716908
0.0653512
0.172878
0.115841
0.178177
0.116354
0.30642
0.223651
0.0320625