0.122016
0.104217
0.063879
0.174709
0.07662
0.0276757
0.0340259
0.0550303
0.116648
0.137602
0.0924348
0.311996
0.10671
0.0386114
0.0552722
0.0769431
0.193646
0.101959
0.0596267
0.327435
0.0996051
0.0862749
0.0502234
0.0996049
0.0463884
0.0596665
0.0738234
0.646902
0.275903
0.065416
0.05418
0.0587197
0.0834616
0.0857207
0.034526
0.104918
0.0327917
0.0192889
0.200964
0.164441
0.029067
0.0233279
0.0355034
0.040357
0.0426444
0.0239545
0.320784
0.137278
0.0475901
0.02582
0.0485658
0.300372
0.116186
0.0214642
0.202546
0.182193
0.0397367
0.00520063
0.0350246
0.02043
0.00595799
0.0571559
0.662391
0.286433
0.0154046
0.0219916
0.0378665
0.0435384
0.031953
0.0161273
0.138417
0.0537322
0.0142083
0.0353441
0.0184246
0.023534
0.00926379
0.021069
0.0333974
0.0347928
0.0103024
0.00778533
0.0164436
0.00449438
0.00460392
0.0944725
0.753613
0.186602
0.0256452
0.0248225
0.0183109
0.0104199
0.0123802
0.127079
0.482895
0.159681
0.0535738
0.0571656
0.048198
0.070345
0.0174402
0.0239643
0.0309292
0.0704903
0.06099
0.0443329
0.0561965
0.131767
0.148018
0.126973
0.0819568
0.267432
0.0986
0.119253
0.113296
0.0794978
0.016494
0.073634
0.258968
0.231342
0.15684
0.106009
0.130549
0.166181
0.176174
0.296002
0.161868
0.550005
0.0435112
0.0462012
0.0058474
0.0813341
0.211489
0.126582
0.0770767
0.0737899
0.113957
0.219284
0.142591
0.0604676
0.232754
0.22662
0.337216
0.0543687
0.0730623
0.0140082
0.0149778
0.111572
0.202835
0.245368
0.125893
0.201884
0.148918
0.223272
0.175096
0.0972975
0.244122
0.248656
0.28528
0.21087
0.105746
0.196909
0.218577
0.0383903
0.0478033
0.15629
0.351316
0.121712
0.0686933
0.133739
0.12375
0.123625
0.149447
0.135866
0.298178
0.167085
0.149983
0.227357
0.196236
0.0494882
0.084303
0.101445
0.236777
0.200036
0.166236
0.239626
0.126281
0.145822
0.102915
0.0487185
0.124769
0.260857
0.0680756
0.157857
0.0961251
0.238195
0.322503
0.131708
0.171876
0.10308
0.079369
0.21049
0.181762
0.163034
0.127796
0.00899413
0.0316901
0.0308555
0.18568
0.271732
0.14103
0.262423
0.295698
0.0279171
0.0923025
0.204084
0.056769
0.0739587
0.109854
0.151498
0.308305
0.0444887
0.0615837
0.0418257
0.0700884
0.143647
0.0747723
0.228413
0.0739701
0.0554546
0.0305522
0.0251199
0.0101732
0.0514174
0.038354
0.512264
0.234983
0.0280598
0.0098278
0.0101526
0.0286844
0.156489
0.0980888
0.280685
0.168106
0.0705635
0.0595603
0.0123746
0.00433243
0.0422633
0.01944
0.533694
0.304745
0.0229377
0.00439364
0
0.0326112
0.00830741
0.0396499
0.302033
0.159637
0.00810706
0.0516485
0.0791287
0.0444085
0.00888996
0.0258106
0.0900968
0.0427036
0.046074
0.484287
0.179698
0.0134067
0.00502699
0.0107084
0.49606
0.312659
0.00326555
0.0184138
0.0166622
0.0229664
0.0107246
0.0115381
0.22904
0.172027
0.0354763
0.313992
0.0770553
0.00490631
0.000952014
0.000230779
0.0024072
0.00283692
0.0608008
0.462859
0.0821578
0.0123288
0.00393281
0.00297163
0.000530923
0.00128088
0.0752693
0.437601
0.117738
0.00509577
0.00280752
0.00190164
0.01172
0.0112913
0.0533258
0.437333
0.0726974
0.00365308
0.000724461
0.000287293
0.000712802
0.000754136
0.0929732
0.531185
0.145442
0.0345636
0.0278092
0.0167372
0.00386647
0.00105606
0.0386233
0.279761
0.104865
0.0664714
0.0359814
0.021942
0.0178891
0.0233259
0.0559074
0.135875
0.108459
0.0252072
0.00670432
0
0
0.000640716
0.113986
0.612167
0.152545
0.0513572
0.0133237
0.00255575
0.00482012
0.00537341
0.112324
0.592381
0.167911
0.114201
0.0303223
0.0245703
0.0910282
0.0859117
0.104902
0.0830153
0.131537
0.137777
0.148306
0.096412
0.138372
0.195878
0.0771322
0.0821156
0.195501
0.0622431
0.0270863
0.0167941
0.0456549
0.0496202
0.132738
0.568482
0.128002
0.124494
0.124637
0.0489488
0.150941
0.116371
0.122624
0.372725
0.316149
0.0999406
0.166437
0.106798
0.0832647
0.143663
0.0218019
0.0819047
0.1653
0.087206
0.137167
0.0992502
0.204769
0.124579
0.0653689
0.0668595
0.133239
0.188863
0.179814
0.0531819
0.124286
0.137225
0.036071
0.148778
0.439237
0.124311
0.201788
0.180456
0.275003
0.318575
0.152761
0.106393
0.220958
0.0547535
0.0851882
0.0676931
0.177063
0.205137
0.0974407
0.0868339
0.094539
0.0205387
0.0343364
0.0478402
0.0843703
0.234055
0.0979691
0.062017
0.0446934
0.0513936
0.197907
0.23185
0.315902
0.297227
0.285461
0.154884
0.0710281
0.0531136
0.123178
0.127701
0.273949
0.349197
0.24929
0.136345
0.0739217
0.0502968
0.0927154
0.0650651
0.237136
0.134915
0.0304625
0.0264377
0.031748
0.00704587
0.00688261
0.00886623
0.540572
0.260198
0.00922251
0.00149217
0.000327108
0.0780536
0.032072
0.0511511
0.2175
0.0630451
0.0121406
0.0825673
0.188255
0.0107225
0.00652289
0.0257057
0.569645
0.245741
0.00220116
0.0116501
0.0443589
0.000209267
0.00141444
0.00085025
0.468767
0.30398
0.0034183
0.000977679
0.00115464
0.00666123
0.00853505
0.00490062
0.223032
0.180043
0.012401
0.0429509
0.0291044
0.000313901
0.00152337
0.0084071
0.537791
0.363299
0.00144242
0.000394314
0.000168992
0.00592944
0.00966055
0.0140947
0.263703
0.218508
0.00427714
0.00914243
0.0137541
0.0125046
0.0107751
0.00574956
0.0312113
0.0256579
0.0342932
0.257204
0.087857
0.00484918
0.00745862
0.00689098
0.00709034
0.0122673
0.160945
0.860011
0.176739
0.0113379
0.0181385
0.0144835
0.0390636
0.0428098
0.0133798
0.0263694
0.0289733
0.0174024
0.0157417
0.0164379
0.0159397
0.0403465
0.0512501
0.12179
0.05007
0.0116567
0.00168291
0.00240368
0.001264
0.0033379
0.0977184
0.432547
0.0960421
0.0192968
0.000602311
0.00108918
0.000671791
0.00146855
0.0952713
0.576113
0.144343
0.0173679
0.00970353
0.0102199
0.0037303
0.010235
0.0281031
0.160678
0.0448054
0.0211286
0.00933362
0.00928811
0.000476009
0.00074812
0.0512601
0.576113
0.102994
0.00608177
0.00124523
0.000622361
0.00291694
0.006569
0.0778485
0.392803
0.0627519
0.0259288
0.0107478
0.00782638
0.0403514
0.021161
0.0944531
0.386618
0.158364
0.00632746
0.00190586
0.00102542
2.40854e-005
0.000474038
0.0687473
0.522407
0.0814756
0.0194576
0.000856076
0.00173609
0.00868044
0.00353425
0.0900289
0.522407
0.178484
0.0846898
0.0284902
0.00993745
0.0531829
0.0603245
0.0325821
0.22886
0.251466
0.0976976
0.106514
0.121682
0.138788
0.159118
0.0217875
0.062526
0.15772
0.0498126
0.000607679
0.00237916
0.0143026
0.0189751
0.052454
0.585706
0.223652
0.109415
0.0384295
0.054677
0.0642578
0.1036
0.0387541
0.455434
0.249857
0.0998362
0.259615
0.365845
0.234041
0.131896
0.077056
0.0516688
0.084967
0.109164
0.188428
0.240311
0.229994
0.124254
0.0859992
0.0586737
0.0442701
0.214201
0.159339
0.234574
0.0852886
0.0889964
0.0387592
0.258011
0.223302
0.250088
0.203431
0.193933
0.0619552
0.0448782
0.0579766
0.113877
0.119599
0.100718
0.0352751
0.0310425
0.100247
0.047237
0.0201005
0.0841139
0.206209
0.0241857
0.0191624
0.0405005
0.393209
0.199476
0.0177978
0.0178033
0.0579493
0.281595
0.123136
0.086997
0.163313
0.158229
0.127161
0.123662
0.187171
0.0771435
0.0338487
0.0433166
0.464074
0.440661
0.104709
0.0693296
0.0973075
4.61546e-005
0.00222605
0.0141892
0.443784
0.290834
0.00241761
0.000238383
0
0.000802449
0.0101571
0.0214993
0.229924
0.16731
0.00558334
0.00491811
0.00370579
0.000190794
0.0016075
0.010527
0.548818
0.397984
0.0158662
0.00304107
0
0.00114024
0.00848502
0.0124778
0.273954
0.183717
0.0157733
0.0163948
0.00172059
0.0208245
0.0754608
0.123011
0.184424
0.202666
0.0995668
0.104202
0.0560108
0.105215
0.0426136
0.096818
0.0925549
0.146148
0.133655
0.141881
0.0978838
0.0109915
0.0412098
0.108464
0.207415
0.184167
0.174344
0.216439
0.0589524
0.0979921
0.0951866
0.12586
0.116805
0.0632223
0.198985
0.255746
0.152601
0.104541
0.0417357
0.0699306
0.0265036
0.0457203
0.038546
0.0665281
0.0454678
0.136129
0.0575833
0.0790984
0.0124869
0.0224203
0.0793223
0.681018
0.201003
0.0911726
0.0626777
0.0762776
0.024191
0.0266739
0.0588624
0.0633238
0.0685552
0.270856
0.241577
0.0903918
0.0106888
0.0519703
0.0675088
0.0637438
0.136976
0.0150808
0.00583708
0.00474537
0.00131189
0.00210508
0.0381269
0.31448
0.0629937
0.0319595
0.0117619
0.00126183
0.000540786
0.00125739
0.0980867
0.665042
0.149156
0.081627
0.153065
0.0141797
0.00186523
0.00670948
0.0136595
0.0260353
0.0215399
0.21218
0.484496
0.0254476
0.000811179
0.0047128
0.0361266
0.190651
0.0702049
0.0261594
0.0203912
0.0131726
0.00561359
0.0152816
0.0943015
0.509209
0.104731
0.0325542
0.0141737
0.0213095
0.0220906
0.0503258
0.10565
0.476557
0.121871
0.179039
0.386564
0.0630283
0.01712
0.0248352
0.0793255
0.209019
0.0458206
0.175455
0.270775
0.104708
0.06804
0.0727331
0.093808
0.169385
0.0390456
0.0852943
0.0313669
0.0237371
0.018942
0.0321647
0.0765095
0.39856
0.154138
0.21499
0.094485
0.0347268
0.0816841
0.0443475
0.0713758
0.205086
0.204149
0.229877
0.285472
0.110292
0.0608778
0.0625589
0.0520091
0.211803
0.106668
0.338334
0.232918
0.107093
0.214533
0.187847
0.125588
0.148854
0.240505
0.116628
0.0488837
0.0568423
0.200187
0.139436
0.138915
0.0768862
0.103969
0.04458
0.0111478
0.0354017
0.481881
0.305271
0.0597766
0.0400569
0.0650763
0.0609487
0.0263764
0.0280149
0.228984
0.145275
0.0817963
0.0147041
0.0439531
0.0387067
0.0159577
0.0242097
0.564438
0.2864
0.0141205
0.00196026
0.0261949
0.000926923
0.00141279
0.00659859
0.492352
0.286673
0.00699142
0.00251281
0
0.00494473
0.00859088
0.0051982
0.216592
0.129964
0.010897
0.0144681
0.00453481
0.00546086
0.00156604
0.00593773
0.584136
0.34049
4.31717e-006
0.00425075
0.00113185
0.0595835
0.0633136
0.0115791
0.229764
0.162135
0.00394833
0.00849239
0.0156804
0.00433694
0.00760117
0.0128511
0.0200703
0.0236326
0.0166187
0.0247238
0.0139746
0.0448868
0.0484969
0.0149349
0.0258173
0.00747783
0.0149366
0.0272615
0.0174005
0.171623
0.24884
0.0260949
0.0208988
0.024859
0.00878851
0.0103123
0.0247874
0.403927
0.802541
0.0292929
0.023916
0.00804189
0.00506521
0.010754
0.032704
0.0537334
0.092703
0.00651464
0.00542438
0.00125701
0.00427778
0.00760275
0.0109875
0.156965
0.299509
0.00904441
9.68989e-005
0.0023401
0.00357744
0.00583586
0.0226248
0.231984
0.519184
0.00778178
0.00418662
0.000628262
0.000605045
0.00119647
0.0124178
0.370461
0.594098
0.0277659
0
0
0.000262043
0.00432343
0.0120478
0.136874
0.292387
0.0105525
0.000157898
0.00125482
0.00170349
0.00234261
0.00765157
0.223408
0.458593
0.0227882
7.18302e-005
0.000916279
0.00137526
0.0039878
0.0153287
0.223018
0.447399
0.0630297
0
0.0011725
0.00341555
0.00664934
0.00708257
0.292975
0.481606
0.0874991
0
0.00175876
0.0247352
0.0546189
0.0459586
0.297835
0.44765
0.0425754
0.00589461
0.00480806
0.0130972
0.0117958
0.0315669
0.29302
0.354955
0.081871
0.0348234
0.0286416
0.0286126
0.0243495
0.0310718
0.361019
0.326272
0.0595107
0.00681539
0.0650378
0.0820657
0.118247
0.0849066
0.263212
0.161171
0.0650534
0.0416518
0.148165
0.0895449
0.116104
0.0784461
0.209921
0.308272
0.11784
0.0884806
0.101027
0.0308235
0.0594469
0.0632114
0.188715
0.208624
0.110781
0.173446
0.300616
0.131126
0.0695187
0.130533
0.190834
0.137229
0.0562864
0.169598
0.219143
0.053495
0.130211
0.0576833
0.142116
0.10218
0.0597696
0.315892
0.387448
0.0794176
0.144255
0.156531
0.0410915
0.0291651
0.0218395
0.192519
0.159787
0.0397003
0.0102544
0.0169075
0.0184297
0.0155058
0.00403411
0.466371
0.36433
0.0237289
0.00390386
0.00645778
0.0972428
0.0170588
0.0100632
0.218077
0.28908
0.0641055
0.013493
0.0311354
0.0718171
0.0119936
0.0078966
0.413913
0.431647
0.0672029
0.00522013
0.0252478
0.0554808
0.0299771
0.00140866
0.299012
0.257244
0.0293269
0.0202255
0.00381312
0.187124
0.287177
0.00569675
0.106021
0.0957144
0.0174714
0.0229492
0.0158252
0.218557
0.113203
0.0118738
0.152842
0.154369
0.0637065
0.0209052
0.0448256
0.475673
0.538944
0.0104877
0.0322474
0.0333855
0.0312445
0.032699
0.0591893
0.160427
0.32201
0.0110434
0.00324837
0.00304357
0.000749252
0.00210669
0.0127047
0.240485
0.507485
0.0181736
0.00151197
0.000695666
0.000374418
0.000275441
0.0189957
0.252251
0.441664
0.00808002
0.00039331
0.00114096
0.0031862
0.0123069
0.0221788
0.225327
0.434523
0.0280801
0.0105266
0.000231367
0.00207706
0.00580319
0.0254171
0.262925
0.542103
0.022303
0.0010418
0.000103752
0
3.94365e-005
0.0202191
0.291051
0.511862
0.0566029
0.00479546
0.000107192
0.000818492
0.0169538
0.0206105
0.176778
0.342216
0.029807
0.0124544
7.08789e-005
0.00260153
0.0056798
0.0363409
0.111369
0.227071
0.0487504
0.0223878
0.00430817
0.0114959
0.0233197
0.0447702
0.267161
0.535387
0.132711
0.00618528
0.00621925
0.017729
0.0409177
0.0369912
0.246486
0.417597
0.145679
0.00173349
0.0140926
0.100334
0.258598
0.203145
0.079825
0.1698
0.0689964
0.0384176
0.0174092
0.0279291
0.0542225
0.075614
0.0884022
0.067446
0.0354108
0.0498294
0.0632267
0.100018
0.179964
0.193732
0.198803
0.186067
0.0683432
0.0188121
0.138412
0.158708
0.325446
0.244891
0.167994
0.12176
0.082688
0.0813145
0.293955
0.091291
0.199943
0.203323
0.106897
0.0346265
0.0275196
0.0637187
0.113125
0.0910794
0.174159
0.285153
0.199645
0.102718
0.0927477
0.146943
0.22964
0.0205435
0.0812922
0.296061
0.153083
0.117486
0.0636299
0.12583
0.161346
0.0254708
0.0871956
0.0705385
0.151562
0.0879291
0.104683
0.338426
0.221243
0.048361
0.129345
0.156111
0.13098
0.112365
0.133123
0.201026
0.108775
0.00334934
0.0314656
0.092527
0.0846812
0.110959
0.352045
0.519957
0.126333
0.0296525
0.14033
0.0583644
0.141794
0.0549454
0.0385766
0.148373
0.306461
0.145833
0.0765922
0.0958017
0.0969884
0.109787
0.0272756
0.212234
0.357485
0.146982
0.0441922
0.104117
0.149358
0.197979
0.274487
0.121865
0.256675
0.175844
0.158806
0.122124
0.0799418
0.179961
0.126215
0.127049
0.304364
0.18661
0.0807551
0.16982
0.212213
0.256393
0.0713359
0.0869429
0.069892
0.0475245
0.011203
0.0969812
0.384545
0.423033
0.0556645
0.0742946
0.0655735
0.0859009
0.0565347
0.177025
0.0960372
0.214235
0.0854117
0.0766786
0.108992
0.0980653
0.0606187
0.146731
0.162201
0.182804
0.0929577
0.158499
0.158833
0.193848
0.150981
0.337528
0.307065
0.432317
0.0198273
0.0281893
0.0607524
0.124126
0.0991665
0.0961867
0.170517
0.308214
0.0523809
0.0172606
0.0100585
0.063188
0.0579795
0.0295083
0.171472
0.0967129
0.0446585
0.096643
0.115805
0.240591
0.24138
0.320316
0.0891981
0.0254092
0.0142425
0.0112508
0.0679358
0.244734
0.205932
0.215916
0.198733
0.357738
0.068362
0.040754
0.0428068
0.068703
0.0835277
0.134178
0.140554
0.244376
0.117301
0.0815569
0.0966991
0.0688701
0.0884169
0.2427
0.0925864
0.0975357
0.0513338
0.0479196
0.186303
0.292085
0.17424
0.185696
0.168426
0.150098
0.191678
0.0902036
0.140183
0.121149
0.0908238
0.236841
0.0964373
0.194903
0.128049
0.0861384
0.053206
0.040097
0.0606556
0.183892
0.139407
0.175896
0.145692
0.233491
0.154487
0.0911814
0.0917891
0.192915
0.137236
0.141087
0.12518
0.0837287
0.0419989
0.0535539
0.0332298
0.162225
0.22837
0.18262
0.181514
0.411082
0.306543
0.0756059
0.0459532
0.169092
0.158907
0.0508958
0.0715138
0.193606
0.188224
0.0470102
0.0382023
0.177937
0.200676
0.0838269
0.120806
0.205608
0.238548
0.0142077
0.0325015
0.190351
0.232979
0.0928107
0.151375
0.315168
0.315386
0.0336731
0.0447877
0.136232
0.109362
0.101688
0.160318
0.254484
0.304558
0.0698463
0.0289692
0.0512305
0.103963
0.104589
0.126259
0.154824
0.0807537
0.00316393
0.029763
0.0611565
0.153581
0.196434
0.318078
0.319131
0.0646407
0.0847483
0.128694
0.0862046
0.0534628
0.072813
0.0813705
0.147366
0.125829
0.106581
0.0484094
0.0984524
0.202348
0.261662
0.2389
0.302362
0.0647398
0.232072
0.139631
0.328203