0.0963396
0.0962421
0.103017
0.0453559
0.0509351
0.0926123
0.0517946
0.13424
0.165333
0.157611
0.135826
0.0661255
0.118123
0.089686
0.0562866
0.162569
0.0936432
0.239246
0.190592
0.104329
0.149015
0.0820633
0.123297
0.224275
0.18075
0.461253
0.245815
0.138356
0.379164
0.0967029
0.109023
0.21718
0.124023
0.0667546
0.0500191
0.0367815
0.050719
0.129142
0.15812
0.13635
0.129539
0.147657
0.141673
0.0462438
0.0205653
0.172861
0.222083
0.162201
0.202245
0.173738
0.0836096
0.114129
0.287729
0.1681
0.144068
0.169871
0.200482
0.194503
0.134513
0.128903
0.0922908
0.354477
0.374425
0.22811
0.190142
0.21463
0.130832
0.0686283
0.0126123
0.0489013
0.0484959
0.0799385
0.463192
0.17101
0.113897
0.0874636
0.0280631
0.0229126
0.0222027
0.136489
0.101099
0.241
0.167311
0.133333
0.0190041
0.194387
0.232038
0.111978
0.370507
0.210005
0.182333
0.0947109
0.0702821
0.13978
0.176366
0.224242
0.350771
0.0804976
0.0440145
0.0505807
0.032955
0.0124396
0.0439009
0.176235
0.236644
0.104849
0.0579409
0.125334
0.10493
0.126499
0.153878
0.170439
0.392277
0.156995
0.0744082
0.0551252
0.0983863
0.0778714
0.132648
0.249553
0.311821
0.187399
0.0572281
0.0972746
0.207015
0.18348
0.230126
0.24375
0.109605
0.0315737
0.0415398
0.0726387
0.11026
0.258218
0.200461
0.0422658
0.135503
0.021512
0.0122906
0.0249348
0.094817
0.315364
0.310025
0.178908
0.161619
0.0971619
0.135541
0.110819
0.130596
0.159898
0.144661
0.186483
0.265045
0.0547026
0.0875382
0.0491477
0.106356
0.216911
0.198247
0.460418
0.237443
0.179345
0.0480055
0.0157835
0.0658788
0.12704
0.120494
0.190352
0.20778
0.442452
0.26678
0.0955883
0.129333
0.0548842
0.00889208
0.160125
0.156418
0.0543675
0.0428665
0.024245
0.0957106
0.248063
0.195534
0.36283
0.0736812
0.117246
0.146414
0.13317
0.225334
0.117124
0.0742295
0.150335
0.161533
0.261282
0.230844
0.0834025
0.114272
0.0350998
0.0107118
0.338587
0.248615
0.0545432
0.0612778
0.0255595
0.101021
0.134224
0.131832
0.512801
0.0586976
0.072459
0.165468
0.112355
0.177633
0.0645141
0.0478582
0.198835
0.162603
0.0487009
0.1094
0.0569275
0.130901
0.170295
0.0709737
0.24396
0.0802714
0.119859
0.101382
0.0536232
0.0556765
0.042143
0.0354057
0.122697
0.103417
0.177574
0.20419
0.146484
0.206877
0.0357537
0.0172496
0.11549
0.171113
0.261169
0.27011
0.050512
0.0425764
0.102052
0.115006
0.227112
0.124851
0.243586
0.353179
0.375472
0.356951
0.0883505
0.0762974
0.113386
0.0977676
0.0544935
0.0649354
0.166987
0.266594
0.0593991
0.0208702
0.0890232
0.109412
0.0337188
0.0366223
0.11322
0.0976097
0.109355
0.170682
0.201874
0.0563893
0.0279822
0.10016
0.40173
0.40173
0.0431902
0.014979
0.048281
0.0966872
0.0176575
0.095381
0.40173
0.306252
0.0286122
0.17368
0.260559
0.0502778
0.0406539
0.0254649
0.0320676
0.00281833
0.122086
0.262264
0.144436
0.163529
0.0777423
0.0187219
0.0185375
0.0508408
0.24
0.32932
0.103081
0.0412511
0.00980396
0.0369668
0.0559817
0.0532568
0.0784318
0.441151
0.260139
0.0336169
0.0200134
0
0.00765009
0.0433706
0.339178
0.441151
0.206193
0.167623
0.072984
0.00745812
0.00979803
0.0570376
0.154515
0.206298
0.141058
0.107611
0.0512812
0.0523555
0.14094
0.123988
0.152437
0.197596
0.135881
0.054585
0.0303038
0
0.0047991
0.0512869
0.236894
0.380536
0.333613
0.158462
0.0469954
0.0830205
0.225995
0.10439
0.155163
0.380536
0.349819
0.118484
0.0434583
0.129962
0.24887
0.131206
0.0772453
0.0803758
0.129132
0.233498
0.0474659
0.094817
0.0954329
0.0432082
0.0945717
0.128187
0.392007
0.141372
0.0197169
0.0988279
0.362634
0.152284
0.0897629
0.218912
0.190751
0.267518
0.0740024
0.0620745
0.130222
0.0653201
0.0639498
0.165072
0.392007
0.143469
0.108782
0.157101
0.0454459
0.0176107
0.255467
0.22097
0.325097
0.0544913
0.171813
0.226611
0.0913078
0.0762839
0.127639
0.126935
0.0764295
0.291485
0.260844
0.231232
0.0764461
0.015202
0.129239
0.11855
0.2671
0.109853
0.22527
0.305303
0.10779
0.0424758
0.127616
0.1464
0.115192
0.120199
0.141606
0.173513
0.137033
0.196078
0.110506
0.128999
0.0908112
0.116516
0.159493
0.10115
0.125012
0.237012
0.236616
0.151108
0.0821322
0.269626
0.207144
0.183827
0.0880596
0.131138
0.0989914
0.166405
0.2891
0.286405
0.255442
0.0752195
0.0475602
0.17592
0.0969137
0.157348
0.203419
0.152287
0.101179
0.124931
0.0141297
0.0823718
0.173045
0.110746
0.22359
0.0893091
0.0788404
0.136983
0.380963
0.351286
0.110746
0.0876953
0.0746596
0.205167
0.0457005
0.032863
0.0233187
0.0731541
0.122497
0.0619841
0.192801
0.151051
0.0364468
0.334437
0.382925
0.292389
0.0566233
0.0274335
0.0870658
0.0116165
0.00588433
0.0400871
0.358165
0.311185
0.0125152
0.00929539
0.00576219
0.0132016
0.00516102
0.0328104
0.313276
0.32692
0.0114213
0.0365363
0.0509767
0.011309
0.00317026
0.154168
0.358165
0.343634
0.00339868
0.00110892
0.00247046
0.000525912
0.00025971
0.00930961
0.358165
0.358165
0.0049334
0.00082671
0.00219682
0.0178159
0.00757687
0.0354753
0.137986
0.204164
0.0385357
0.396955
0.169797
0.00413651
0.000910013
0.00159038
0.00229901
0.00709431
0.117677
0.589184
0.273191
0.00987295
0.0036585
0.0101526
0.256301
0.302392
0.0138421
0.0342713
0.019295
0.018904
0.0061577
0.0144886
0.00814056
0.0094352
0.00791535
0.295254
0.0944841
0.0186613
0.00331061
0.00023938
0
0.006246
0.0541948
0.45388
0.25691
0.0984739
0.0182468
0.0275686
0.083277
0.0429006
0.0646501
0.45388
0.290466
0.0048761
0.0011082
0.00197869
0.00194475
0.00285962
0.00605429
0.345224
0.0834727
0.0048155
8.89752e-005
0
0.0106087
0.0112143
0.0569362
0.45388
0.172988
0.0573928
0.00743987
0.0202159
0.106278
0.064882
0.0669802
0.395361
0.1559
0.0955792
0.0239996
0.0115124
0.0459089
0.0315781
0.0402094
0.37042
0.220497
0.00208017
0
0
0.00656162
0.0121404
0.0581982
0.474236
0.195184
0.00677338
0.00020813
0.00157545
0.00247572
0.00369858
0.0899205
0.474236
0.22079
0.153086
0.0839172
0.039667
0.0424969
0.0247921
0.0388929
0.178678
0.159141
0.0851113
0.0666682
0.0735218
0.103602
0.0487041
0.090327
0.109596
0.141292
0.0616814
0.00739439
0.00154875
0.0171741
0.0181804
0.113292
0.497642
0.320947
0.0895883
0.0258837
0.000705761
0.0502506
0.0337962
0.0752062
0.439599
0.456116
0.0868263
0.0624576
0.0894672
0.079289
0.0601198
0.0909296
0.164491
0.252527
0.145402
0.0681422
0.0723121
0.0323456
0.076984
0.0746194
0.11869
0.120213
0.140914
0.113808
0.110666
0.0531285
0.0407228
0.071168
0.393791
0.455606
0.249076
0.13141
0.198
0.0947948
0.0977838
0.1445
0.334086
0.223862
0.217321
0.0991002
0.0454345
0.018971
0.0473238
0.0781128
0.0661226
0.198545
0.114341
0.0604401
0.287888
0.404629
0.25494
0.0397287
0.0191482
0.0876546
0.124611
0.107257
0.0604146
0.0447988
0.114679
0.198869
0.18815
0.15835
0.0300408
0.0463329
0.109568
0.404629
0.391568
0.149202
0.0812664
0.059592
0.00576076
0.00420029
0.0992852
0.355259
0.277751
0.00229515
0.000165794
0.00518753
0.000203689
0.000415466
0.0036898
0.355259
0.355259
0.00120685
0
0
0.00156794
0.00564003
0.0211379
0.355259
0.346095
0.0122903
0.000261725
0.00428774
8.78978e-005
0.000199296
0.000396249
0.355259
0.355259
0.00154062
0.000132904
1.12088e-005
0.0128831
0.00795663
0.0191902
0.390981
0.438071
0.00858203
0.00372021
0.00811164
0.0329481
0.016897
0.0331781
0.0199274
0.020151
0.0114323
0.0277198
0.0324881
0.00951584
0.00570449
0.0141137
0.468821
0.590377
0.0122574
0.00587367
0.00705685
0.0330908
0.0344794
0.0427087
0.026446
0.0313795
0.0100084
0.0115656
0.0170742
0.0328697
0.0153581
0.0176999
0.0225674
0.0230909
0.0179195
0.157392
0.0703663
0.0443056
0.00427997
0.00934306
0.0178506
0.0202863
0.0636449
0.773039
0.322366
0.0715166
0.060717
0.0419661
0.0256125
0.0112559
0.00666276
0.0189645
0.0286036
0.271661
0.256884
0.0275472
0.0212847
0.0114925
0.0305043
0.0447414
0.0656488
0.00922854
0.000617859
0.000780207
0.00157385
0.000847133
0.0250102
0.409065
0.125206
0.0216609
0.0205891
0.00239443
0.000370182
0.0112736
0.071085
0.503033
0.1735
0.117205
0.216991
0.00732277
0.0033368
0.000660867
0.0098067
0.0460863
0.0227639
0.29526
0.503033
0.0467667
0.00148073
0.0169104
0.014045
0.261579
0.0493741
0.0166909
0.0309752
0.00659143
0.0128027
0.0636896
0.110133
0.426935
0.147946
0.0323294
0.020336
0.00448625
0.0268209
0.0840432
0.106305
0.353715
0.255462
0.211628
0.426935
0.0630594
0.0425334
0.102518
0.0779608
0.212576
0.0450027
0.264473
0.26834
0.0501793
0.0977292
0.166174
0.108311
0.120066
0.143534
0.0761641
0.0643157
0.0411379
0.0348786
0.036174
0.0369525
0.266949
0.253733
0.151136
0.0883569
0.0827861
0.122885
0.0672
0.0636735
0.216037
0.230064
0.253116
0.242473
0.070931
0.137754
0.102916
0.0552188
0.124563
0.151745
0.396474
0.265046
0.150064
0.216617
0.0931637
0.1684
0.206186
0.254527
0.189628
0.134048
0.0849231
0.0685717
0.0922127
0.0980054
0.134325
0.0731237
0.108232
0.0722046
0.0651616
0.430546
0.31596
0.0915752
0.0551027
0.0312352
0.254705
0.164184
0.13187
0.204572
0.149943
0.0745606
0.128314
0.093127
0.210926
0.0813396
0.19886
0.352451
0.318362
0.0344591
0.0585042
0.0736317
0.0147621
0.00984499
0.00370206
0.362782
0.267798
0.00888792
4.25953e-005
0.00309888
0
0
0.000315122
0.365163
0.365163
0.00107846
0.000703877
0.000242248
0.0254742
0.0100601
0.0362532
0.358341
0.307957
0.00365625
0.00464652
0.00896466
0.0173757
0.012766
0.0034451
0.365163
0.365163
0.0223904
0.00102268
0.0171165
0.00751279
0.00279651
0.00640305
0.257819
0.280467
0.00524024
0.00723136
0.00311337
0.0364393
0.0625888
0.0279375
0.0126149
0.0151604
0.00547309
0.00946325
0.00858478
0.135475
0.236798
0.0273631
0.335702
0.249605
0.0307236
0.00854689
0.036364
0.423501
0.594298
0.0650126
0.00637543
0.00467979
0.00205373
0.00819961
0.0100383
0.0708538
0.10819
0.0136392
0.00324999
0.000582545
0.00177966
0.00410987
0.00988786
0.188551
0.409387
0.0260012
0.00123815
2.49872e-005
0.00181552
0.00348888
0.0114928
0.234109
0.500713
0.0745766
0.000574281
0.000388363
0.000906879
0.0013773
0.007717
0.383541
0.500713
0.141353
0.00134686
0.00350184
0.0123384
0.00424671
0.0203403
0.142815
0.401281
0.0436063
0.000576541
1.57015e-005
0.00126784
0.00079935
0.00304695
0.233797
0.409905
0.123767
0.0128982
0.00371492
0.000662975
0.00419358
0.00160489
0.206889
0.409905
0.145573
0.0159356
0.0139685
0.013573
0.0121364
0.029936
0.266478
0.409905
0.219779
0.0730308
0.0300282
0.0611002
0.0238869
0.0795224
0.217414
0.383895
0.132303
0.0327868
0.0367109
0.0482989
0.0050103
0.0356585
0.233203
0.264807
0.0881926
0.0651707
0.0968128
0.0921869
0.0118201
0.115476
0.227385
0.373699
0.176651
0.0809811
0.0750371
0.171013
0.0383263
0.139497
0.272142
0.304167
0.119113
0.0417702
0.138269
0.195299
0.0727707
0.214269
0.212813
0.197779
0.11499
0.124108
0.117048
0.0578098
0.0369583
0.101814
0.200104
0.150951
0.12282
0.115797
0.114242
0.245364
0.275123
0.111794
0.355435
0.256485
0.215233
0.0691414
0.111489
0.0856022
0.076566
0.187384
0.24541
0.221258
0.190225
0.065847
0.116873
0.133454
0.213543
0.172969
0.0632599
0.121013
0.169609
0.221107
0.175116
0.0875815
0.0820714
0.0635449
0.076842
0.0636559
0.266887
0.212139
0.244434
0.0621924
0.0849237
0.075279
0.129117
0.18174
0.120634
0.141035
0.233356
0.216434
0.178292
0.125574
0.227065
0.25696
0.144263
0.210936
0.309015
0.182134
0.155529
0.19591
0.0163069
0.0161916
0.0725096
0.256577
0.29341
0.0177108
0.0290211
0.0230996
0.128728
0.0945077
0.0196332
0.313981
0.348811
0.0579431
0.0508447
0.0720641
0.0798875
0.0927362
0.0514452
0.207818
0.32914
0.0693407
0.0896135
0.0858791
0.324535
0.396199
0.132214
0.113102
0.211598
0.0355019
0.0878138
0.0917619
0.173956
0.312678
0.0463402
0.0693488
0.0647351
0.0254784
0.0141402
0.0413794
0.230377
0.420555
0.0691055
0.00766436
0.0145369
0
0.00065884
0.00973473
0.263507
0.420555
0.198647
0.044639
0.0440061
0.0268811
0.0410345
0.0345994
0.167648
0.420555
0.22358
0.125495
0.1225
0.039132
0.0258101
0.0189588
0.145677
0.390801
0.101565
0.0249647
0.0209079
0
0.000760524
0.0231241
0.215976
0.390801
0.139726
0.0223808
0.0516402
0.0164739
0.0350056
0.0622118
0.120154
0.38017
0.201667
0.113816
0.111094
0.0327315
0.00508287
0.0434715
0.233935
0.384348
0.205594
0.068034
0.105381
0.0607613
0.13545
0.193923
0.177862
0.289235
0.0871555
0.0197545
0.08602
0.0556143
0.0657667
0.111528
0.296504
0.266432
0.0839446
0.0514799
0.0559312
0.112263
0.0889562
0.253814
0.161882
0.218948
0.0725156
0.0152352
0.136961
0.153736
0.180885
0.200977
0.298328
0.4029
0.0786505
0.0278013
0.0934718
0.179148
0.106815
0.217374
0.310168
0.237608
0.0795558
0.0944444
0.0736285
0.138926
0.0881825
0.278625
0.316646
0.268987
0.0980364
0.0597861
0.0710249
0.0828519
0.0840974
0.242075
0.241758
0.435686
0.125737
0.122798
0.0991696
0.0634115
0.0689718
0.154989
0.109293
0.190115
0.134313
0.124012
0.0713686
0.0167047
0.0283352
0.065913
0.466521
0.301095
0.208895
0.035981
0.03264
0.0378882
0.0847167
0.196555
0.371869
0.309058
0.196113
0.0407593
0.0746818
0.0700345
0.0557584
0.156676
0.205576
0.166178
0.0934932
0.0399943
0.0108369
0.0116735
0.0457879
0.0894024
0.241731
0.148137
0.113475
0.00884775
0.124053
0.0820232
0.072987
0.122892
0.0638956
0.0795423
0.0763756
0.0939899
0.243975
0.180656
0.0904532
0.0426578
0.110145
0.106761
0.115642
0.177543
0.254918
0.168133
0.0734189
0.0994484
0.0216158
0.0282251
0.0451347
0.0961266
0.303108
0.372396
0.12633
0.0216155
0.0145629
0.0192766
0.175534
0.226991
0.351244
0.417185
0.107507
0.0557293
0.0707901
0.125059
0.124345
0.178994
0.242299
0.115446
0.10705
0.0958312
0.296518
0.458561
0.223258
0.0633589
0.0737971
0.0250716
0.102551
0.130353
0.0429142
0.0744353
0.232927
0.22662
0.149196
0.145059
0.100154
0.104507
0.268453
0.156057
0.158026
0.0603642
0.0262508
0.0277108
0.127666
0.296906
0.220507
0.367235
0.255224
0.0804453
0.0621501
0.0242107
0.0708579
0.0644705
0.0996799
0.325364
0.304379
0.202498
0.232376
0.136279
0.0391536
0.025102
0.257445
0.149902
0.127495
0.0556643
0.0599562
0.013742
0.0743362
0.192475
0.13309
0.155298
0.185727
0.102632
0.194824
0.266103
0.0871689
0.0704563
0.0613408
0.184637
0.181436
0.11622
0.163686
0.152353
0.0379122
0.0245954
0.220696
0.364875
0.210421
0.0746954
0.0827109
0.125257
0.196367
0.143596
0.0589139
0.0664502
0.0898485
0.0524496
0.145902
0.320674
0.135551
0.0981924
0.228206
0.402717
0.192251
0.0465189
0.0599833
0.164448
0.186633
0.143871
0.180704
0.31148
0.177022
0.0434299
0.0403212
0.109285
0.188663
0.11517
0.158055
0.444456
0.207679
0.0535073
0.0335884
0.0771317
0.051276
0.0439051
0.270119
0.444456
0.189425
0.0529468
0.0102065
0.0256823
0.065904
0.056105
0.167548
0.224303
0.213903
0.0804306
0.00770133
0.011166
0.0236928
0.0421261
0.173227
0.714731
0.269421
0.102011
0.0722741
0.0426174
0.0202976
0.0325093
0.107101
0.210011
0.155291
0.108273
0.0961175
0.0369643
0.0104961
0.0105297
0.120339
0.214583
0.197986
0.0736344
0.0218044
0.0478516
0.0594065
0.0524839
0.0806736
0.141027
0.102965
0.042931
0.106772
0.106324
0.116198
0.0589427
0.194183
0.195507
0.0864136
0.0611846
0.0401332
0.0224603
0.02477
0.0714392
0.299212
0.266183
0.213671
0.0206125
0.129831
0.125102
0.0746077
0.139416
0.197646
0.224528
0.180989
0.0525013
0.156642
0.106348
0.112523
0.0554649
0.319832
0.284706
0.335614
0.0263802
0.105481
0.187724
0.127601
0.097388