0.142183
0.146495
0.112039
0.0899064
0.0425575
0.0190212
0.0249316
0.0924203
0.296063
0.172093
0.192758
0.127928
0.153973
0.192127
0.103483
0.107546
0.205597
0.120264
0.0599676
0.306194
0.147815
0.0136667
0.0304483
0.283068
0.18874
0.0913834
0.154778
0.394184
0.297245
0.0932896
0.162557
0.172239
0.123355
0.1308
0.097514
0.08842
0.181481
0.160978
0.172676
0.115364
0.0381715
0.126229
0.13403
0.330523
0.229914
0.0924929
0.150081
0.0825808
0.0928867
0.0351837
0.085587
0.131145
0.138076
0.126917
0.367449
0.176456
0.030317
0.0171547
0.110045
0.177823
0.232086
0.271043
0.376212
0.161925
0.0193575
0.0297771
0.0911028
0.267022
0.208428
0.151771
0.0642844
0.043605
0.0540002
0.0302508
0.0552951
0.173085
0.265446
0.160425
0.115614
0.126172
0.0246799
0.00666908
0.122698
0.280176
0.219353
0.261155
0.31566
0.107781
0.126608
0.0561461
0.0860123
0.275482
0.219709
0.15082
0.225732
0.31638
0.0702109
0.0262293
0.0465434
0.0843074
0.191925
0.173281
0.140314
0.106747
0.0911731
0.0166479
0.031281
0.0655983
0.195891
0.318236
0.217201
0.227857
0.193258
0.13062
0.0407172
0.12441
0.214943
0.156767
0.113067
0.222119
0.160707
0.150998
0.139137
0.158361
0.276221
0.258008
0.326928
0.214795
0.0738207
0.00899626
0.00760191
0.0224193
0.0711135
0.0948585
0.24696
0.263896
0.162783
0.0232546
0.00666857
0.0325955
0.0316773
0.0278268
0.348717
0.333131
0.13253
0.0661956
0.0438884
0.0303489
0.0705096
0.129343
0.348717
0.24083
0.337219
0.201228
0.0220652
0.0423965
0.0707663
0.0590845
0.298963
0.267739
0.182073
0.0996978
0.0238209
0.0317963
0.0192074
0.0676025
0.300501
0.217706
0.133731
0.235362
0.0889452
0.10869
0.0549109
0.152949
0.187823
0.110333
0.298828
0.20844
0.0889489
0.0825254
0.053245
0.0323581
0.231162
0.245768
0.259075
0.189459
0.0882602
0.101538
0.0368415
0.12797
0.321953
0.312268
0.13184
0.151652
0.115031
0.156646
0.0562711
0.112258
0.172923
0.118924
0.213281
0.0428754
0.0484265
0.132544
0.0655489
0.0885971
0.168711
0.224291
0.278385
0.146705
0.0632872
0.0944162
0.050826
0.0930629
0.270755
0.310525
0.437876
0.0909133
0.0337465
0.0766335
0.0271338
0.0471739
0.152248
0.3619
0.191146
0.115368
0.0199042
0.152923
0.122184
0.0380573
0.0564832
0.316789
0.0712141
0.0270269
0.0183334
0.379657
0.26797
0.0233601
0.052889
0.117584
0.153822
0.105314
0.0659287
0.188359
0.177415
0.0757199
0.0779146
0.32795
0.06524
0.0120652
0.0235776
0.379657
0.379657
0.0175756
0.0378574
0.0959305
0.090029
0.0164543
0.0147674
0.225125
0.111718
0.0303813
0.186488
0.119276
0.0687697
0.00814623
0.0267509
0.0724437
0.0530011
0.189111
0.408102
0.250152
0.0446368
0.00803793
0.00621087
0.408102
0.332571
0.00803075
0.0816092
0.0498646
0.0435306
0.005116
0.0060473
0.183115
0.104957
0.0921291
0.408102
0.222419
0.00973005
0
0.034029
0.0614791
0.0469686
0.173421
0.394904
0.153529
0.0811545
0.130966
0.0296144
0.0697693
0.0665753
0.106107
0.374312
0.251141
0.0100304
7.0062e-005
0.000659096
0.00317104
0.00314994
0.111398
0.394904
0.219128
0.0229949
0.0897566
0.00811395
0.000421032
0.0333164
0.107215
0.394904
0.31939
0.169093
0.257956
0.024595
0.0388345
0.0892071
0.0497765
0.148996
0.166733
0.232775
0.233308
0.059489
0.0986206
0.102434
0.109968
0.14284
0.17802
0.0694622
0.178978
0.0252778
0.00401781
0.0527665
0.071891
0.389392
0.261528
0.221089
0.154183
0.0264775
0.0410802
0.0387153
0.154311
0.389392
0.299547
0.259154
0.117862
0.0382628
0.0432254
0.0519515
0.151339
0.188746
0.236178
0.376925
0.287888
0.0156688
0.0248104
0.0587092
0.0803024
0.129184
0.231857
0.240746
0.0700146
0.0217591
0.0882667
0.0916439
0.15947
0.321985
0.180797
0.278267
0.156874
0.0223788
0.0779542
0.0936494
0.0899915
0.122128
0.265494
0.268302
0.17333
0.0487311
0.0371902
0.0288176
0.0653221
0.123394
0.248457
0.230308
0.0646485
0.0893291
0.174454
0.0182813
0.086156
0.226592
0.300593
0.302247
0.12925
0.0460687
0.0439393
0.0347573
0.0861783
0.0995817
0.348505
0.316566
0.134268
0.120802
0.211532
0.0630102
0.0697467
0.0955757
0.276698
0.208234
0.0981949
0.0626509
0.170131
0.0555936
0.0485051
0.232334
0.22651
0.39548
0.0973931
0.0189347
0.0505877
0.0613392
0.0957474
0.15806
0.216097
0.259048
0.176158
0.103427
0.184981
0.0765671
0.0730505
0.109722
0.161068
0.400521
0.133626
0.0283429
0.024134
0.0745494
0.197258
0.17073
0.234535
0.13618
0.0797927
0.0865529
0.205607
0.133392
0.0429191
0.047841
0.146473
0.0644721
0.0277472
0.0278508
0.421803
0.421803
0.00769514
0.0111138
0.0261763
0.128017
0.118042
0.0817652
0.209698
0.166859
0.0112717
0.0474554
0.0758767
0.056467
0.0363333
0.0177319
0.421803
0.421803
0.00385605
0.00704545
0.0110576
0.000663015
0.000296225
0.0016178
0.447704
0.426758
0.00113925
0.00650865
0.00746659
0.00909667
0.00128281
0.00432326
0.185603
0.160079
0.0221098
0.12439
0.0624343
0.000122757
0.000291356
0.001144
0.447704
0.447704
0.000238586
0.000722975
2.46065e-005
0.00666269
0.0016778
0.00618549
0.219864
0.20845
0.00930831
0.0129247
0.00438695
0.0124714
0.00124354
0.00433574
0.0129072
0.00926722
0.0726309
0.468626
0.191477
0.0153765
0.00520392
0.00779413
0.00845618
0.0139609
0.134747
0.632246
0.41454
0.00990968
0.00386914
0.00912924
0.0124989
0.012441
0.0209379
0.0307887
0.0257867
0.0177224
0.00635423
0.0122513
0.0115382
0.00499402
0.0467474
0.254827
0.122994
0.0189386
0.0115373
0.00500388
0.00110504
0.00823111
0.0811776
0.46163
0.22202
0.0631094
0.012688
0.00613386
0.020041
0.020382
0.1459
0.46163
0.256216
0.0123715
0.0012125
0.00390915
0.00237159
0.00158508
0.0470224
0.289318
0.109281
0.025156
0.000670751
0.00279076
0.0010173
0.00456612
0.0998355
0.46163
0.240826
0.0548597
0.015054
0.0060573
0.0546532
0.0524626
0.0922635
0.436448
0.137371
0.140566
0.0886833
0.0230807
0.0709297
0.0927289
0.119495
0.21337
0.141456
0.023715
0.00489827
0.0010628
0.00529152
0.00733313
0.0961811
0.436448
0.245341
0.073589
0.031515
0.00550073
0.0142123
0.0602868
0.200314
0.436448
0.326895
0.225522
0.165317
0.0546192
0.0472435
0.0851195
0.0826175
0.0965785
0.166294
0.184706
0.146786
0.0991532
0.112723
0.171926
0.0239693
0.0509534
0.148977
0.141159
0.113891
0.0251605
0.0160909
0.0831566
0.212988
0.434058
0.275872
0.0944114
0.122583
0.0897935
0.0907384
0.242688
0.204513
0.413069
0.165285
0.163372
0.0801992
0.0970839
0.119764
0.162854
0.0484357
0.0465344
0.0947296
0.281106
0.137652
0.0617854
0.0376485
0.0570295
0.159637
0.208101
0.157498
0.092198
0.0384895
0.0977433
0.122354
0.287762
0.216743
0.243088
0.0908594
0.276817
0.126181
0.0760197
0.0639965
0.107751
0.353762
0.352999
0.243332
0.0768844
0.0495695
0.0211726
0.164871
0.145882
0.0415764
0.0478394
0.0834223
0.0297052
0.0132174
0.0032095
0.429378
0.429378
0.01637
0.0132449
0.0157603
0.158495
0.0187042
0.0113444
0.237137
0.217417
0.0667167
0.043005
0.103812
0.0562124
0.000623958
0
0.429378
0.429378
0.0220237
0.0114637
0.00931648
0.000645303
0.000416382
0.000798597
0.453032
0.430891
0.000354183
0.000204598
0
0.00729497
0.00240781
0.00369502
0.190369
0.159209
0.00593735
0.00809656
0.00171918
0.00154079
0.000567547
0.000842238
0.453032
0.453032
0.000465094
0
1.03312e-005
0.0147248
0.00633077
0.00446372
0.231252
0.195691
0.00153052
0.00231538
0.0017981
0.121188
0.0535472
0.0650031
0.0849298
0.112868
0.15066
0.165708
0.0874278
0.0975872
0.0587496
0.0696431
0.038718
0.0545097
0.273655
0.221215
0.214139
0.206333
0.156135
0.0753684
0.124981
0.163264
0.0559703
0.0775638
0.0992636
0.0780513
0.150105
0.0948077
0.0670403
0.185436
0.178578
0.191287
0.161398
0.020117
0.00887302
0.0229395
0.0143116
0.0127207
0.0489837
0.120574
0.0849977
0.0278883
0.0181622
0.0476235
0.0222154
0.0214209
0.113621
0.81195
0.366864
0.0221042
0.0256692
0.0378472
0.0198688
0.0245435
0.0230509
0.0294431
0.0193722
0.15069
0.127136
0.0698348
0.0276312
0.0171459
0.0135738
0.0292549
0.0637547
0.00907579
0.00330246
0.00626305
0.00350096
0.00144344
0.0477113
0.406336
0.149779
0.0279191
0.00172778
0.000849635
0.00167358
0.00584972
0.128525
0.483534
0.319848
0.0995351
0.116745
0.0177222
0.00435094
0.00124964
0.00428255
0.030845
0.034379
0.330742
0.443539
0.0170862
0.00243528
0
0.0352611
0.245702
0.121524
0.0365098
0.014247
0.0113749
0.00511847
0.00944848
0.133398
0.385194
0.205582
0.0277405
0.0195274
0.0283276
0.0369745
0.0679187
0.23243
0.385194
0.166165
0.247768
0.344149
0.0603913
0.0177273
0.00913646
0.078505
0.249793
0.0938698
0.235905
0.326346
0.0824175
0.0932009
0.056641
0.146221
0.194827
0.110786
0.0372681
0.00603582
0.0185242
0.0291393
0.0668887
0.193699
0.354618
0.10629
0.111456
0.0178939
0.0209107
0.0350795
0.0347884
0.170858
0.370771
0.206496
0.222475
0.320564
0.0184475
0.0482805
0.0463412
0.0945584
0.235911
0.108447
0.224867
0.311948
0.0216506
0.062465
0.0858402
0.0904161
0.326754
0.213765
0.104623
0.0430155
0.0308068
0.225417
0.179348
0.0441291
0.0208471
0.0302927
0.0281254
0.00269588
0
0.396419
0.396419
0.0195629
0.00566148
0.00342752
0.0472918
0.103964
0.0857418
0.33891
0.28969
0.057441
0.0575835
0.047655
0.00712836
0.0193242
0.00692868
0.396419
0.396419
0.0341861
0.0347069
0.00099322
0.000669626
0.000333686
0.000598006
0.45389
0.433139
0.000922533
0
6.99545e-006
0.00674104
0.00596263
0.00514373
0.178803
0.162793
0.00326619
0.00128755
0.00193625
0.00444779
7.8383e-005
0.000145487
0.45389
0.45389
0.00569051
0.000722803
0.00227322
0.068795
0.0556091
0.00504004
0.209329
0.197053
0.0156034
0.00402202
0.00737455
0.00927604
0.0152022
0.00903341
0.0121569
0.0137071
0.00699865
0.00442756
0.00721923
0.040795
0.0381279
0.00953101
0.00826347
0.00965312
0.00913386
0.00878519
0.0177224
0.231141
0.301994
0.0272446
0.00876299
0.015516
0.0141353
0.0111983
0.0266978
0.621106
0.627496
0.0307679
0.00491005
0.00249141
0.00439656
0.00869123
0.0788371
0.0670894
0.0714347
0.0127902
0.00169179
0.00231432
0.00203492
0.00370581
0.00995404
0.212162
0.280743
0.0331204
0.000856439
0.000683032
0.00109784
0.00254474
0.034982
0.384379
0.467063
0.0333701
0.000589339
3.4667e-005
0.000191506
0.00125913
0.0336948
0.467063
0.467063
0.0984605
0
0.000586271
0.00288731
0.00715815
0.0599361
0.192041
0.277483
0.0283585
0.000337287
0.000117669
0.000397944
0.000836196
0.0219167
0.333448
0.385904
0.0293194
0.00021969
0
0.000366368
0.00366782
0.0303311
0.36146
0.385904
0.0701073
0.00452937
0.00491761
0.00815387
0.00807628
0.032281
0.358661
0.385904
0.130826
0.0288593
0.0292791
0.0289044
0.0152323
0.039703
0.289234
0.392661
0.0308412
0.00743187
0.00313987
0.00636096
0.0121217
0.0325903
0.278364
0.392661
0.0595316
0.0291264
0.02291
0.0208262
0.0285211
0.0392482
0.26919
0.392661
0.0906046
0.0430199
0.0392523
0.0287327
0.0261053
0.0650496
0.242409
0.392661
0.0785137
0.0324889
0.0733444
0.0569861
0.0596263
0.072857
0.292949
0.44697
0.0506603
0.0326892
0.0601499
0.0452842
0.0376875
0.0423815
0.238826
0.338451
0.0350519
0.0519603
0.116629
0.093328
0.0849869
0.129759
0.234723
0.350222
0.0929799
0.0698586
0.120894
0.0631618
0.0763556
0.0763204
0.255626
0.136376
0.0825064
0.123918
0.152341
0.0724994
0.116356
0.257194
0.026187
0.0706798
0.0952092
0.287199
0.238493
0.0495843
0.0581615
0.0464246
0.00385928
0.012102
0.0171755
0.370678
0.370678
0.0432127
0.0216632
0.00198605
0.0462904
0.0756867
0.11138
0.271527
0.270774
0.0879284
0.130792
0.18608
0.0636074
0.0222424
0.0242119
0.370678
0.370678
0.101073
0.00838842
0.0810386
0.0481345
0.052293
0.00295824
0.318565
0.354269
0.0414147
0.0105524
0.014028
0.232548
0.304624
0.0206
0.0992491
0.104762
0.0288365
0.00994639
0.0180775
0.240997
0.178453
0.00787494
0.178135
0.230093
0.0911142
0.0165707
0.0751033
0.419089
0.419089
0.0762381
0.0307589
0.0407518
0.0419744
0.0161686
0.0669608
0.205312
0.298473
0.0214526
0.000637637
0.00174604
0.00209186
0.00233304
0.0106141
0.354493
0.380753
0.0185911
0
0.000127574
0.000345623
0.00130021
0.0234004
0.317381
0.380753
0.102894
0.00636025
0.00712381
0.00889205
0.0140911
0.0189888
0.380753
0.380753
0.0892902
0.0319341
0.0341569
0.023763
0.0193977
0.0293534
0.344031
0.375764
0.0163777
0.0105505
0.00198188
0.00676182
0.0267174
0.0236551
0.335058
0.375764
0.0613564
0.0283249
0.0489867
0.0483205
0.0633557
0.0318993
0.30083
0.375764
0.0703343
0.100601
0.0547032
0.0377658
0.0601629
0.0185941
0.144608
0.202239
0.106701
0.194679
0.189477
0.105909
0.130751
0.0571108
0.294976
0.364826
0.0745614
0.0320811
0.0713575
0.119474
0.0812635
0.0336554
0.216576
0.277642
0.140228
0.0513345
0.0794862
0.136091
0.111878
0.116637
0.124301
0.101629
0.0642484
0.132686
0.166603
0.187368
0.198301
0.158997
0.132381
0.0722843
0.047716
0.0685282
0.0711835
0.178821
0.377295
0.349676
0.181491
0.174925
0.190478
0.0588741
0.0650569
0.0925458
0.120267
0.199333
0.256828
0.203804
0.199169
0.0788151
0.0954084
0.149432
0.11865
0.170335
0.108284
0.0793163
0.129862
0.10835
0.0653227
0.149422
0.281332
0.311067
0.131563
0.0780282
0.229539
0.209363
0.0795486
0.260041
0.282043
0.181654
0.218275
0.184352
0.144331
0.0865079
0.0856043
0.0657575
0.0816645
0.0778894
0.244549
0.188847
0.149657
0.124213
0.108601
0.0265609
0.135517
0.214387
0.10448
0.0995537
0.136595
0.171136
0.0798526
0.264604
0.205501
0.0691752
0.152447
0.257149
0.23893
0.247915
0.097613
0.319928
0.289246
0.126393
0.0449266
0.128664
0.110482
0.169075
0.142599
0.128459
0.146363
0.185373
0.200381
0.177099
0.0370258
0.175591
0.180469
0.154542
0.0857833
0.158538
0.146018
0.0866298
0.0774376
0.191453
0.177908
0.252427
0.19876
0.252673
0.306142
0.207086
0.0290788
0.150074
0.15027
0.201674
0.179772
0.306898
0.363434
0.294817
0.00548643
0.0410985
0.0519993
0.0794935
0.0456742
0.0712406
0.381252
0.381252
0.0885596
0.00248456
0.0297186
0.112394
0.0601652
0.0366405
0.31819
0.251903
0.00122782
0.0370587
0.0399849
0.10751
0.0940315
0.100286
0.234549
0.18699
0.0631401
0.0221501
0.0823498
0.264179
0.188927
0.0587194
0.213081
0.394538
0.162153
0.0153095
0.0633032
0.122494
0.0538317
0.0224446
0.179828
0.347106
0.106122
0.064715
0.126754
0.196813
0.0649051
0.0519538
0.098454
0.102093
0.111798
0.0724068
0.132732
0.299881
0.198056
0.0399233
0.050208
0.12344
0.134094
0.0989328
0.156349
0.394538
0.257108
0.054639
0.108698
0.223942
0.147887
0.13558
0.125051
0.107172
0.0546076
0.0383626
0.0764624
0.106447
0.183889
0.204191
0.230898
0.0957701
0.109278
0.117029
0.0543744
0.23923
0.252391
0.0832915
0.0759725
0.241004
0.161386
0.15301
0.170613
0.309543
0.317056
0.195611
0.111293
0.215367
0.176643
0.210197
0.0888257
0.0568715
0.0548285
0.131378
0.151653
0.0785691
0.153512
0.208984
0.114992
0.139153
0.0512488
0.113498
0.100046
0.119719
0.311945
0.282883
0.136648
0.137647
0.0889061
0.158649
0.225454
0.187905
0.267036
0.125658
0.166039
0.0897384
0.073795
0.145006
0.252125
0.181692
0.391698
0.14094
0.109654
0.141717
0.0632682
0.139944
0.0782182
0.101565
0.219553
0.153545
0.127244
0.105404
0.0616416
0.15937
0.108596
0.211593
0.320189
0.103063
0.222958
0.134409
0.0935025
0.162072
0.0846654
0.108414
0.231157
0.136613
0.376914
0.245274
0.0416727
0.0904519
0.1141
0.128713
0.310621
0.230441
0.0375206
0.0332842
0.0215541
0.0617262
0.108004
0.278063
0.242812
0.0744741
0.0378787
0.188467
0.210667
0.122972
0.103886
0.353991
0.268312
0.082364
0.143242
0.164189
0.00679342
0.0145084
0.15614
0.166675
0.21021
0.159394
0.0605447
0.203987
0.219038
0.314515
0.191156
0.212318
0.174844
0.112946