0.135899
0.00580077
0.00544956
0.00012909
0
0.00126283
0.0167366
0.281761
0.0683217
0.00341849
0.00372847
3.22725e-005
0.00174073
0.0240068
0.100784
0.296875
0.219256
0
0
0
0
0.00505133
0.0457434
0.560579
0.264044
0
0
0.0061379
0.0197225
0.0472232
0.142999
0.52547
0.055838
0.00335256
0.00149027
0
0.0076074
0.101238
0.261756
0.21647
0.0743602
0.006208
0.00719127
0.00263915
0.0257023
0.149359
0.23736
0.153257
0.156588
0.00248392
0.0221136
0.0499726
0.0762232
0.239158
0.309098
0.33204
0.34408
0.0994512
0.087751
0.137219
0.0727552
0.280211
0.253372
0.259984
0.0796991
0.00188388
0.0072778
0.00368709
0.0135416
0.0604313
0.0893686
0.214922
0.110086
0.0290617
0.0053264
0.0132757
0.0273042
0.0183262
0.0864027
0.287199
0.381638
0.0819311
0.0434166
0.0536929
0.0189463
0.211924
0.195453
0.359577
0.187441
0.070437
0.0226509
0.0124077
0.0355002
0.291548
0.321811
0.377936
0.140275
0.101916
0.0760037
0.183431
0.0943242
0.0208322
0.147939
0.224293
0.131742
0.0987939
0.127792
0.233219
0.0840335
0.048831
0.0714739
0.0452607
0.255983
0.150331
0.0623406
0.0642079
0.0632413
0.19208
0.428941
0.309815
0.1819
0.178625
0.144448
0.0873796
0.0479696
0.074344
0.157682
0.127503
0.138974
0.108446
0.0994007
0.131787
0.0935986
0.0946016
0.0534648
0.0252551
0.141656
0.178005
0.120413
0.161758
0.157067
0.12198
0.101991
0.132868
0.135497
0.12353
0.104766
0.105491
0.100557
0.0839488
0.131623
0.160821
0.190267
0.121414
0.0634206
0.142869
0.201485
0.195509
0.230959
0.443271
0.108074
0.1262
0.0742347
0.0909337
0.141933
0.122775
0.113938
0.110298
0.0535598
0.113803
0.130576
0.110805
0.127516
0.128771
0.058326
0.0356152
0.147442
0.183457
0.0464098
0.0743292
0.173555
0.212971
0.185365
0.331354
0.176421
0.373158
0.212433
0.103523
0.144701
0.149092
0.0676099
0.110173
0.0637923
0.120331
0.118924
0.0839318
0.0477798
0.0487771
0.0599232
0.0509352
0.10383
0.115973
0.0633926
0.0771702
0.137998
0.198052
0.246758
0.105688
0.174188
0.337755
0.205729
0.093027
0.0477821
0.0349549
0.0451667
0.0844106
0.281491
0.311021
0.215573
0.0715062
0.0710385
0.175139
0.155163
0.208582
0.231367
0.00296342
0.00306544
0.00805352
0.00104554
0.00447384
0.0459291
0.573686
0.267532
0.000686994
0.00307943
0.0513313
0.147439
0.113808
0.204181
0.460502
0.0674032
0.0223152
0.0247648
0.022918
0.00740964
0.0102331
0.0326934
0.0958861
0.0348738
0.0133109
0.012515
0.126075
0.325448
0.0930632
0.110967
0.0722078
0.0716551
0.0185764
0.0420034
0.112354
0.186891
0.169738
0.129679
0.124182
0.17192
0.106723
0.126035
0.239594
0.075902
0.139545
0.241963
0.127851
0.00468969
0.0234919
0.0276533
0.149397
0.418495
0.154248
0.0590814
0.0103908
0.0918463
0.174528
0.312726
0.344546
0.263878
0.115855
0.160031
0.0367191
0.146924
0.0539324
0.0528278
0.0586063
0.0163833
0.138553
0.203572
0.147297
0.0813105
0.0353198
0.0474302
0.0134647
0.0578272
0.245612
0.275997
0.244597
0.159529
0.141799
0.218398
0.128119
0.0409918
0.0493521
0.157595
0.221136
0.1149
0.105822
0.105321
0.0361689
0.123128
0.203758
0.317347
0.48766
0.0520653
0.0273431
0.0185997
0.0141663
0.0353837
0.188498
0.236225
0.16223
0.0463153
0.0416977
0.0230247
0.00745088
0.00885479
0.154144
0.120865
0.0919356
0.0141416
0.0895147
0.0275069
0.0494054
0.104063
0.318736
0.334982
0.283934
0.0369386
0.0569961
0.0183363
0.0620573
0.0241593
0.325513
0.416222
0.397753
0.0541223
0.0388088
0.0159635
0.00611583
0.0148684
0.0446537
0.0683121
0.122955
0.0537696
0.0266234
0.0376783
0.0324059
0.0216367
0.02776
0.0680081
0.125952
0.0700115
0.0259666
0.0120861
0.0283014
0.0170467
0.167878
0.567004
0.472602
0.0596394
0.029963
0.0805042
0.0619175
0.0169784
0.0851028
0.408508
0.294286
0.0894639
0.0947387
0.132219
0.120352
0.0481961
0.100165
0.10973
0.188603
0.185201
0.228856
0.154256
0.100967
0.0628598
0.0871071
0.0638665
0.157662
0.0818454
0.0929027
0.27479
0.204874
0.0176212
0.122349
0.230874
0.424944
0.157096
0.10699
0.139758
0.12098
0.042534
0.139804
0.123494
0.224192
0.237178
0.192274
0.102532
0.0254885
0.018238
0.0270808
0.0521008
0.208679
0.297196
0.255882
0.197939
0.0119464
0.00512355
0.0369184
0.049637
0.30552
0.219861
0.0880791
0.0512665
0.0291691
0.0272287
0.0507225
0.0728377
0.223031
0.292943
0.218181
0.140001
0.0362931
0.0214107
0.0599711
0.0815848
0.270937
0.0372804
0.0490322
0.0612113
0.0889843
0.0299221
0.0141404
0.020895
0.0268216
0.0241965
0.0508308
0.0572967
0.373483
0.411375
0.0745853
0.0421529
0.0121348
0.0479898
0.0422847
0.0531721
0.128983
0.0956965
0.0267869
0.0465518
0.0573511
0.0477652
0.12108
0.327346
0.541366
0.185919
0.0263221
0.010489
0.0178066
0.00110392
0.00410384
0.00980319
0.10115
0.229899
0.0588172
0.00562456
0.000357356
0.0258201
0.0547096
0.190109
0.440839
0.205876
0.0475144
0.00527596
0.00481157
0.00571068
0.031929
0.0759151
0.20236
0.121856
0.0148476
0.000301357
0
0.00430578
0.0173132
0.0850682
0.704545
0.135511
0.0112975
0
0
0.0903586
0.0970268
0.207956
0.357701
0.0516325
0.00431828
0.0377084
0.13707
0.0918414
0.0811085
0.0720622
0.0662778
0.043153
0.121622
0.263871
0.380023
0.0192716
0.0210394
0.0735471
0.632805
0.0646304
0.00174232
0.00566475
0.017402
0.053838
0.0242161
0.0460512
0.14442
0.0292467
0.0272468
0.114552
0.135606
0.0202313
0.0546191
0.0127735
0.0205556
0.027318
0.129149
0.293787
0.265294
0.0220613
0.0355974
0.022756
0.0662229
0.00973654
0.186382
0.409118
0.31046
0.0388393
0.0147305
0.0181862
0.0109078
0.00300746
0.0390462
0.242634
0.176296
0.0296116
0.0195313
0.0143735
0.0307137
0.00572143
0.168628
0.516182
0.263676
0.0390412
0.0167128
0.00831218
0.0347073
0.00382997
0.104755
0.30537
0.175838
0.0611745
0.023119
0.011374
0.0166144
0.00231539
0.0546968
0.272056
0.289999
0.0311312
0.0245472
0.00518988
0.0311638
0.00454575
0.147435
0.423329
0.235931
0.062172
0.0302738
0.00050123
0.0145357
0.0249197
0.200309
0.46066
0.35478
0.0340467
0.0096717
0.0207709
0.0108851
0.00315984
0.108025
0.173929
0.249646
0.0395913
0.00888838
0.0103225
0.00594054
0.00484342
0.103093
0.111016
0.123194
0.0756139
0.00657187
0.00164872
0
0.0238771
0.276635
0.403973
0.331956
0.144815
0.00631392
0.00659486
0
0.005264
0.25861
0.378767
0.45074
0.0775601
0.0251347
0.0056845
0.00642671
0.00592862
0.043628
0.0609481
0.111214
0.0836768
0.0882352
0.0404533
0.0284811
0.0101448
0.0267067
0.0325136
0.0521801
0.148488
0.0182348
0.00529286
0.00396767
0.0075612
0.334988
0.471965
0.451032
0.0851091
0.126023
0.249623
0.25421
0.0652577
0.171291
0.261875
0.206561
0.0178496
0.0140993
0.0176426
0.0756897
0.079088
0.0249306
0.0323204
0.0326125
0.021111
0.0878323
0.154836
0.380781
0.144879
0.0167541
0.00580398
0.00683042
0.0153919
0.0196573
0.0533012
0.111642
0.118479
0.0216302
0.0148773
0.0246464
0.00654044
0.0564169
0.0971315
0.648503
0.443332
0.0859855
0.0456937
0.0236887
0.00743574
0.0453499
0.0694925
0.15812
0.0665202
0.0103569
0
0
0.00258108
0.0145423
0.0911609
0.598011
0.0858167
0.0087305
0.000679345
0.000493234
0.00351518
0.0244986
0.0637667
0.276983
0.182366
0.0320037
0.0204793
0.0124221
0.00231578
0.0067538
0.145528
0.598011
0.189154
0.00976639
0.00547309
0.00515001
0.00750076
0.00789044
0.0526508
0.714984
0.0981063
0.00995795
0.00609922
0.00750024
0.0336983
0.0237553
0.029892
0.108236
0.035025
0.01728
0.0174675
0.0240614
0.0198044
0.0104759
0.0788477
0.579255
0.157269
0.0120135
0.01092
0.0255578
0.0820539
0.0283761
0.00712742
0.0332345
0.0303638
0.0212258
0.0276109
0.0606286
0.0724126
0.0468035
0.0613871
0.0343162
0.00519798
0.0292073
0.119012
0.0664292
0.0572385
0.0727718
0.0288915
0.0498586
0.00503929
0.10691
0.535347
0.248488
0.149187
0.0827353
0.0230824
0.0113985
0.00246335
0.0326569
0.0916697
0.0772849
0.538162
0.327597
0.0351765
0.0342552
0.00353498
0.0289839
0.0915246
0.056761
0.0114231
0.0142174
0.00147993
0.0103667
0.0013027
0.0770337
0.282169
0.108188
0.0271484
0.0303197
0.00122605
0.00245971
0.0276655
0.151016
0.500382
0.222246
0.330713
0.105085
0.00326495
0.00588771
0.000334852
0.0146083
0.0450668
0.0273558
0.410034
0.421186
0.0104814
0.00311159
0.0145782
0.0219435
0.191922
0.10618
0.0433862
0.0407394
0.0228705
0.0196737
0.0756538
0.133247
0.32612
0.195721
0.0862548
0.049563
0.0515171
0.069939
0.0874832
0.167141
0.247096
0.279428
0.15105
0.507864
0.0914353
0.0427882
0.0916144
0.0455013
0.159583
0.0708478
0.0816858
0.358099
0.207941
0.167711
0.143075
0.0737339
0.0818612
0.0715514
0.0815875
0.0257176
0.0225421
0.0456524
0.039471
0.231999
0.330221
0.283044
0.0894872
0.018244
0.147176
0.232211
0.0696898
0.135288
0.234094
0.274377
0.143162
0.185206
0.135088
0.161195
0.0852026
0.0976982
0.113591
0.133093
0.169085
0.0887643
0.206647
0.362221
0.123904
0.108317
0.106117
0.194022
0.0303485
0.0249212
0.0592189
0.0783458
0.0795356
0.0264865
0.031019
0.0622761
0.0303253
0.0289485
0.0681002
0.39045
0.423347
0.287443
0.196764
0.0897156
0.028456
0.0299914
0.0364273
0.0879274
0.135548
0.0541549
0.0827745
0.0973818
0.159052
0.233495
0.18312
0.189213
0.231433
0.250082
0.170083
0.117484
0.00505594
0.00286518
0.0306807
0.242342
0.148733
0.081568
0.0631018
0.0241559
0.0011096
0.00261434
0.0868293
0.625629
0.180315
0.0196656
0.017425
0.00771917
0.0434023
0.0633842
0.057156
0.179919
0.124618
0.0879811
0.0674114
0.0301616
0.200087
0.0776315
0.0392277
0.428612
0.304401
0.0548944
0.0898413
0.0792376
0.0141804
0.0283913
0.035524
0.251909
0.0737828
0.00945067
0.0126139
0.0125366
0.166692
0.109608
0.00392602
0.00832148
0.00732494
0.00721096
0.0141577
0.0276019
0.317346
0.271346
0.0126265
0.127588
0.105683
0.0221469
0.0476456
0.0455547
0.463193
0.632417
0.0533554
0.0175077
0.00244618
0.00470994
0.0141056
0.0238509
0.20339
0.110373
0.0054758
8.7426e-005
7.84239e-005
0.00283216
0.0153237
0.0120808
0.316571
0.334357
0.0148122
0.00038496
0.000117636
0.00113175
0.0116573
0.0102737
0.42081
0.370447
0.0315037
0.011891
0.00557119
0.000181731
0.0150755
0.0285774
0.442471
0.40801
0.0121306
0.00941776
0.0382464
0.00261645
0.0194697
0.0357192
0.408696
0.261929
0.00760971
0.00194242
1.64117e-005
0.000383549
0.00265609
0.0271916
0.439285
0.309275
0.0195521
0.020457
0.00729038
0.00383832
0.0365429
0.0607826
0.311984
0.317528
0.015687
0.00433333
0.0189604
0.00180799
0.0059333
0.0438513
0.323216
0.319199
0.0594798
0.023949
0.00852302
0.00188825
0.0271055
0.0679374
0.204835
0.392171
0.040759
0.029009
0.0164779
0.0169265
0.0403244
0.0277945
0.195068
0.392027
0.0947689
0.0492425
0.0235839
0.0228428
0.0155177
0.00498859
0.344117
0.304915
0.0278797
0.0208898
0.00757988
0.00817894
0.0267601
0.0381785
0.400114
0.398955
0.00771803
0.00904057
0.00469661
0.0118474
0.016497
0.022507
0.275962
0.268585
0.0685242
0.0519979
0.0243622
0.0191848
0.012293
0.0253915
0.204359
0.148417
0.159885
0.16739
0.222212
0.0716929
0.0142907
0.0551155
0.319289
0.25458
0.0102112
0.0115527
0.0224445
0.0214444
0.0214659
0.0394848
0.139695
0.111138
0.0680753
0.092958
0.540596
0.295497
0.0434282
0.0370163
0.00744313
0.022385
0.0292964
0.0757793
0.165812
0.0697353
0.0423392
0.0335396
0.0621385
0.133365
0.153179
0.17604
0.297285
0.17687
0.137314
0.0394949
0.0247466
0.0893378
0.0932056
0.135918
0.105641
0.0450007
0.0324685
0.0300488
0.103195
0.496431
0.278829
0.272744
0.254234
0.172886
0.21998
0.0469523
0.0600134
0.0677273
0.0644614
0.10461
0.156005
0.0944183
0.0950141
0.0401685
0.476695
0.220562
0.0263871
0.139551
0.20905
0.0580267
0.144474
0.122063
0.0967899
0.207774
0.138438
0.162194
0.162125
0.0764156
0.0920002
0.0426424
0.393875
0.347929
0.123268
0.144827
0.0972582
0.0218991
0.0534251
0.107197
0.405004
0.271474
0.00589456
0.0270099
0.0389924
0.00817163
0.0416983
0.0355826
0.357986
0.452424
0.0431779
0.0513431
0.0108715
0.000821207
0.0186915
0.0258841
0.23658
0.29574
0.0544238
0.0324079
0.0165262
0.000927929
0.0236624
0.0294841
0.277704
0.346967
0.0735526
0.0591309
0.022806
0.000113972
0.0423483
0.0570552
0.308422
0.380286
0.0729808
0.0569102
0.00991052
3.07536e-005
0.0188502
0.0684826
0.361744
0.333841
0.0453504
0.0248526
0.0413384
0.00278023
0.0239245
0.0773041
0.351962
0.288569
0.0837522
0.0427364
0.00601222
0.000277936
0.0335052
0.117969
0.286079
0.29558
0.0743198
0.0124371
0.00170441
0.00504235
0.0614026
0.118422
0.43105
0.320889
0.0238673
0.00508904
0.0260806
0.00568157
0.0140718
0.0637266
0.338854
0.539486
0.105003
0.0175377
0.00689151
0.0136826
0.0182962
0.0339457
0.277243
0.174151
0.0220744
0.0028335
0.00756622
0.0318183
0.0667882
0.0916021
0.16736
0.153721
0.0484161
0.0326787
0.0309225
0.0762749
0.0827414
0.101335
0.449686
0.496945
0.0720604
0.0197685
0.0141966
0.0101411
0.0225132
0.0233786
0.412856
0.333833
0.0390528
0.0366657
0.034202
0.0118305
0.0298178
0.0289735
0.105101
0.125364
0.0709284
0.0480916
0.0423665
0.055284
0.0955426
0.10248
0.150315
0.110165
0.165336
0.107822
0.0369436
0.0239118
0.0315601
0.0503131
0.149724
0.144419
0.0588322
0.0477624
0.0494379
0.021995
0.0391147
0.0409262
0.0265727
0.0688083
0.0673616
0.090122
0.557
0.550105
0.193671
0.0251298
0.0727683
0.118109
0.147419
0.0784505
0.0254186
0.00703986
0.0277645
0.0434064
0.054399
0.113998
0.0922064
0.0695246
0.078655
0.188342
0.149106
0.0651233
0.00878869
0.0353426
0.0683303
0.136977
0.0610892
0.00601049
0.00983349
0.00737575
0.0584477
0.270569
0.256883
0.277462
0.107365
0.0102039
0.0343818
0.0111657
0.0187418
0.0411034
0.0574698
0.254806
0.118666
0.00671665
0.00457852
0.0173774
0.0290566
0.0815842
0.180734
0.663693
0.298873
0.00965437
0.0186367
0.016473
0.134041
0.321324
0.250001
0.150239
0.0621803
0.00898586
0.0423237
0.0568007
0.342874
0.270922
0.133741
0.0825814
0.0463103
0.0212072
0.0528067
0.180542
0.0813434
0.17854
0.258219
0.348246
0.140279
0.00764603
0.0429705
0.0432584
0.176475
0.142241
0.145017
0.244051
0.162222
0.0922226
0.104604
0.122802
0.258404
0.359597
0.117509
0.0543969
0.0569455
0.0308714
0.0421441
0.102333
0.206964
0.407093
0.154474
0.069304
0.0352155
0.0113706
0.134504
0.27457
0.0997309
0.0588867
0.0353518
0.115819
0.251777
0.176435
0.0799492
0.0851915
0.117982
0.0521992
0.0341748
0.0401524
0.117289
0.100729
0.117178
0.370845
0.266629
0.126831
0.0386877
0.00995758
0.00222786
0.000536119
0.0773775
0.299308
0.276404
0.0637276
0.0208592
0
0.000910311
0.00587419
0.0971059
0.400975
0.166655
0.0167134
0.00395657
0.00442627
0.00690352
0.00607673
0.0967871
0.361814
0.291483
0.0150186
0.00364616
0
0
0.0163817
0.145206
0.44789
0.193811
0.0151296
0.00440202
0.000312156
0.00412856
0.0138002
0.0418579
0.235239
0.211204
0.00435798
0.00264139
0.00958312
0.0139174
0.0251747
0.0667624
0.337766
0.238554
0.00639577
0.0042513
0
0
0.00837426
0.0458868
0.351608
0.238689
0.00463888
0.00121297
0
0
0.00497994
0.067331
0.649978
0.113711
0.00487173
0.0107962
0.0106514
0.0107738
0.011548
0.0689915
0.289242
0.200619
0.0312493
0.0392645
0.0283067
0.0044255
0.0041064
0.0397915
0.230945
0.156081
0.00544777
0.00458514
0.0163292
0
0.02054
0.0784132
0.560722
0.276542
0.0442411
0.171771
0.0667628
0
0.0299863
0.0976613
0.509116
0.11473
0.0461738
0.0450401
0.0271917
0.00149369
0.00127213
0.0956684
0.203609
0.0771168
0.0390415
0.026919
0.0152884
0.01331
0.0177654
0.0819699
0.208047
0.300819
0.0833014
0.186822
0.0360533
0.0311206
0.0193158
0.170663
0.487616
0.27457
0.164378
0.0798946
0.019754
0.0600362
0.0201242
0.10985
0.495253