0.0155743
0.0281319
0.0252421
0.0583695
0.0145526
0.00503591
0.00230871
0.010823
0.245799
0.18017
0.103339
0.153732
0.0160666
0.00433853
0.0382838
0.176464
0.0259949
0.0645977
0.0652582
0.272287
0.0913739
0.00856944
0.00724969
0.0188289
0.165018
0.243711
0.277593
0.575868
0.38097
0.00473363
0.0636583
0.202816
0.1294
0.0669986
0.0282221
0.0276299
0.0027353
0.00152528
0.139132
0.241974
0.0230492
0.00709367
0.00131077
0.00275179
0.00181324
0.00209678
0.224729
0.252426
0.117792
0.0981091
0.0947042
0.235012
0.10235
0.000187922
0.291097
0.352368
0.065661
0.0163298
0.00869015
0.00916932
0.00110774
0
0.46205
0.46205
0.0158008
0.00783021
0.00283801
0.00425986
0.00113156
0.000747188
0.0874701
0.120463
0.023699
0.0220921
0.0115706
0.00737706
0.00157785
0.000895873
0.0131097
0.0323339
0.0242946
0.00469436
0.00149029
0.000295731
0
0
0.494079
0.494079
0.0494389
0.0265949
0.00559631
0.00138679
0
0
0.494079
0.436007
0.0629336
0.0657378
0.04396
0.0135661
0.00827234
0.00528979
0.00807434
0.012846
0.0832881
0.0563458
0.0284293
0.00757928
0.0128432
0.0143161
0.0255211
0.0302021
0.14871
0.118051
0.0173784
0.0026148
0.00142174
0.0135431
0.664317
0.498595
0.206394
0.155684
0.0273588
0.00399934
0.00243471
0.0332227
0.248584
0.159108
0.111523
0.0702814
0.0222044
0.00949879
0.0231923
0.0426762
0.0779137
0.0986637
0.126472
0.140469
0.0466443
0.045732
0.0206417
0.0553808
0.0604622
0.107209
0.399877
0.269376
0.0729482
0.0114649
0.00313485
0.0354872
0.189426
0.283381
0.395344
0.173851
0.045412
0.0457649
0.0231267
0.0302065
0.250228
0.316193
0.0836717
0.115304
0.054647
0.0695055
0.0245247
0.0384344
0.0353209
0.105089
0.146409
0.101436
0.0427497
0.0551922
0.077553
0.0328249
0.119552
0.163305
0.240341
0.0859917
0.0576684
0.0784009
0.0355319
0.0169333
0.161576
0.339139
0.306797
0.129157
0.0660345
0.149845
0.0404324
0.0354773
0.130843
0.538063
0.150355
0.0482146
0.0296471
0.0173506
0.0337783
0.0174724
0.0862711
0.155683
0.265681
0.060976
0.0398479
0.0176747
0.0106735
0.0216654
0.037869
0.363639
0.291069
0.0677477
0.0357634
0.0695579
0.0182354
0.0418619
0.0742724
0.300879
0.423413
0.132661
0.0814995
0.0201394
0.00480327
0.0398022
0.0395515
0.413651
0.0218503
0.0991537
0.0924914
0.14472
0.0830719
0.0147131
0.00245884
0.00725867
0.00912555
0.0520408
0.0750636
0.464005
0.41598
0.0207724
0.00760125
0.0194558
0.0380498
0.113093
0.112129
0.162753
0.140417
0.0182879
0.000469191
0.043912
0.00669042
0.0366644
0.0386606
0.464005
0.464005
0.0269922
0
0.00528484
0.0447201
0.0399908
0.0508705
0.289529
0.172292
0.00227364
0.0563238
0.0757045
0.105497
0.0548614
0.0401876
0.0946254
0.0212376
0
0.384188
0.31333
0.0190092
0.0237015
0.0386783
0.384188
0.384188
0.00298563
0
0.00930409
0.0870478
0.0482936
0.0546288
0.384188
0.202559
1.82845e-005
0.174172
0.181195
0.0243042
0.00820404
0.00439475
0.0076543
0.0011039
0
0.398912
0.276704
0.00962043
0.00334849
0.000577555
0
0
0
0.398912
0.316697
0.0310763
0.00878505
0.0096875
0.056494
0.0229275
0.000161626
0.356447
0.238318
0.00164802
0.000126894
0.000160556
0.00291031
0.00350381
0.000501247
0.398912
0.34159
0.0130691
0.00918188
0.000767482
0
0
0.010259
0.420403
0.189101
0.0879902
0.0609199
0.0066228
0.000192406
0
0.023098
0.275189
0.138545
0.000742453
0.000365078
0
0.000180792
0.000465753
0.0100841
0.420403
0.313882
0.0856758
0.0444186
0.0033447
0
0
0.0205859
0.420403
0.420403
0.132009
0.100605
0.0149602
0.000455103
0
0.0114733
0.16082
0.141335
0.062743
0.0252337
0.00527292
0.00129357
0.000735411
0.00914092
0.238924
0.116063
0.122524
0.0889318
0.00816435
0
0
0.0137959
0.530105
0.407769
0.0286566
0.0193455
0.00235737
0
0.000872389
0.0405545
0.530105
0.210678
0.0534383
0.00520336
0.00420111
0.0033799
0.00181701
0.00603214
0.20444
0.149243
0.123623
0.0229897
0.0171203
0.0136114
0.00312192
0.00330361
0.0954989
0.201854
0.0185546
4.85932e-006
8.26085e-005
0.0173051
0.00697153
0.0701433
0.637069
0.246901
0.0835217
0.062052
0.0582886
0.161623
0.0536563
0.0734414
0.438094
0.301891
0.174131
0.042282
0.0221904
0.00816237
0.0019564
0.00438788
0.0174411
0.130833
0.313628
0.042136
0.0159063
0.00115113
0.000442743
0.00409199
0.00242317
0.288744
0.230684
0.176773
0.120257
0.278862
0.0536069
0.0197017
0.0612691
0.132766
0.504032
0.181806
0.129617
0.198247
0.0295307
0
0
0.413428
0.0935143
0.0268109
0.0441268
0.121863
0.0777451
0.00234297
0.00303972
0.149129
0.016439
0.0137954
0.0436093
0.450506
0.450506
0.00352315
0.00331643
0.0555933
0.144354
0.0254705
0.0279322
0.0788992
0.0610172
0.011502
0.00632088
0.202625
0.0357379
0.0278777
0.0418983
0.450506
0.450506
0.0152593
0.00647687
0.0778949
0.000987506
0.00142029
0.00936155
0.371313
0.331741
0.000483086
0.000262647
0.00188628
0.0114451
0.00310686
0.0158509
0.348205
0.24078
9.44966e-005
0.0172725
0.0235418
0
0.0026617
0.0040524
0.371313
0.371313
0.00151806
0.00039397
0.00282943
0.000220958
0.00115232
0.00933734
0.371313
0.347828
0.000252348
0
0.000627216
0.0258276
0.00674424
0.028759
0.202546
0.117624
0.00796544
0.235536
0.177311
0.00829132
0.00921965
0.00634375
0.0157519
0.0247682
0.0212844
0.678833
0.48092
0.00299204
0.0128765
0.033113
0.222793
0.164338
0.0142155
0.00987377
0.0104115
0.0254576
0.0224105
0.0128986
0.00804192
0.0132715
0.031768
0.0578818
0.109735
0.0105615
0.0065981
0.00263157
0.00039868
0.00144185
0.00386089
0.475571
0.313883
0.0316266
0.00815322
0.00193617
0
0
0.00293102
0.475571
0.475571
0.0260867
0.0123967
0.00510871
0.000798166
0.00159078
0.00372564
0.0600192
0.10213
0.0363123
0.0106322
0.00499192
0.000389663
0.00069392
0.000971752
0.302774
0.258234
0.0115487
0.00483228
9.05954e-005
0
0
0.00457938
0.429751
0.263288
0.00118478
0.00115651
0
0
0.000389659
0.0178908
0.429751
0.202331
0.00717281
0.00156308
0.00112312
0.000380516
0.000258262
0.00318257
0.334932
0.227798
0.000263496
0.000186661
0.000758237
0.000570773
0.000350047
0.00492655
0.429751
0.35848
0
0
0
0.0043942
0.00177025
0.0187364
0.411563
0.144097
0.0140526
0.0189573
0.0139844
0.0594019
0.0216075
0.0189787
0.349011
0.232262
0.000268533
9.02814e-005
0.000154896
7.06256e-005
0.000187112
0.00218778
0.411563
0.29255
0.0150424
0.0106018
0.0070182
0.0212154
0.0124867
0.00689316
0.411563
0.403092
0.0806891
0.104445
0.0867111
0.284979
0.0758449
0.014025
0.169718
0.216891
0.212279
0.144847
0.13947
0.253779
0.0889897
0.0130053
0.00916165
0.122197
0.0561246
0.0509257
0.0579082
0.144904
0.0790883
0.0477388
0.481586
0.409109
0.0848227
0.0962859
0.157155
0.216311
0.163
0.142171
0.0986647
0.0952806
0.111351
0.0547865
0.0476724
0.0888511
0.0800075
0.0236181
0.00388998
0.0933291
0.0258432
0.0418253
0.0405146
0.430555
0.452736
0.0277512
0.00131182
0.0206905
0.168081
0.0783961
0.0831641
0.173698
0.112318
0.0304253
0.022903
0.121724
0.0231999
0.0512644
0.0448905
0.452736
0.452736
0.036744
0.0197383
0.0339586
0
0.00383114
0.00230446
0.363478
0.353889
0.00323724
5.22534e-005
0.000375275
0.000242823
0.00171716
0.00472864
0.325023
0.275134
0.000850269
0.000578863
0.000433226
5.73527e-005
0.00472365
0.00158481
0.363613
0.363613
0.00482798
0.00180052
0
0.000201462
0.00283073
0.00605416
0.363613
0.358437
0.00117234
0.000892221
0.000417663
0.0095915
0.0272601
0.0438961
0.46058
0.340096
0.0250189
0.0186241
0.0140292
0.0487062
0.0280408
0.0166728
0.0255358
0.0130333
0.040062
0.0570175
0.068345
0.0135433
0.0469445
0.0749417
0.534958
0.454172
0.0182939
0.0226677
0.0123211
0.0342955
0.0421905
0.0520988
0.0547537
0.0252517
0.0342296
0.0679205
0.0367026
0.14187
0.054057
0.0266168
0.024227
0.0489602
0.0352495
0.0805637
0.160327
0.194128
0.058816
0.0433819
0.0372106
0.057945
0.0516105
0.230177
0.366346
0.147866
0.078098
0.0879411
0.0555682
0.102136
0.0487704
0.10169
0.0994928
0.468561
0.0925186
0.156679
0.0724555
0.097642
0.088924
0.102013
0.235046
0.0154084
0.0031482
0.0057624
0.003486
0.00582848
0.024052
0.110767
0.117651
0.00713198
0.0045446
0.00433997
0.0023861
0.0125072
0.0306849
0.503766
0.338136
0.135163
0.0858098
0.0117276
0.00428854
0.00736451
0.029746
0.0144428
0.0195872
0.473352
0.534744
0.00199185
0.000623169
0.0193112
0.0335324
0.0215623
0.0169137
0.0126801
0.0123785
0.000502529
0.000146938
0.00460212
0.00398986
0.324294
0.177389
0.0510213
0.0818162
0.0233891
0.00924489
0.00912671
0.0112189
0.430865
0.259028
0.26122
0.368885
0.000284068
5.33356e-005
0.00705822
0.00439184
0.0273874
0.0190374
0.375075
0.430865
0.0385025
0.00358419
0.0100563
0.00481798
0.133675
0.0787675
0.0777483
0.0871828
0.097633
0.0647349
0.0427231
0.0653735
0.435554
0.216583
0.0359745
0.0250783
0.157584
0.150022
0.0763991
0.166916
0.109173
0.0811389
0.298721
0.472678
0.146208
0.0792426
0.109896
0.0421306
0.137804
0.115008
0.0712931
0.0631274
0.172295
0.280179
0.192773
0.176275
0.0679119
0.0725397
0.172037
0.0333923
0.0183975
0.0964137
0.0690661
0.0301618
0.0257531
0.150695
0.0288386
0.0326794
0.00642296
0.467844
0.391864
0.0384011
0.0314901
0.0477423
0.115981
0.0329287
0.0145082
0.106713
0.138316
0.0483669
0.0421954
0.123785
0.0118942
0.00724973
0
0.467844
0.467844
0.0343039
0.0227606
0.0298355
8.71026e-005
0.00284657
9.75716e-005
0.365768
0.339252
0.00322963
0.00257022
0
3.23881e-005
0.0016923
0.00599477
0.300405
0.315623
0.00104408
0.000305378
0.000205182
2.17757e-005
0.000631495
0
0.365768
0.365768
0.00205203
0.00112061
0
0.0242675
0.0124271
0.00736279
0.350174
0.365768
0.0127817
0.0018072
0.00136543
0.0053771
0.0134517
0.0239918
0.137316
0.135114
0.00424875
0.0032492
0.00303987
0.0242376
0.025725
0.0209743
0.0150028
0.00714203
0.00372864
0.00913881
0.0109804
0.186253
0.194317
0.0216311
0.163206
0.18876
0.0234363
0.00451519
0.0073804
0.615731
0.618781
0.011656
0.0206164
0.00410025
0.00257346
0.00220411
0.0234594
0.045894
0.0448028
0.0082792
0.00397523
0.00385498
0.000928204
0.00241001
0.00445101
0.203111
0.204116
0.0083607
0.00195899
0.00206744
0.00147242
0.00232625
0.0185111
0.351733
0.496502
0.00283905
0.00305488
0.000524413
4.01923e-005
0.000527154
0.0052877
0.496502
0.496502
0.00163204
0.000104587
0
0
0
0.00856699
0.193328
0.244699
0.00201888
0.000381117
0.000334949
0.00179124
0.00238086
0.00861772
0.317039
0.426665
0
1.52961e-006
0.00112595
0.00154041
0.00144589
0.000746136
0.336284
0.426665
0.00172271
0
0
0
0
0.00470976
0.317227
0.426665
0.00653435
0
0
0
0
0.00325393
0.307599
0.415576
0.00142166
2.48272e-006
0.00101254
0.000439541
0.000154555
7.89323e-005
0.318629
0.415576
0.0184731
0.0025579
0.00507596
1.80804e-005
0.00246159
0.0236067
0.21427
0.415576
0.0177795
0
0
0
0.00111525
0.00857375
0.183263
0.401536
0.0400952
0.00603509
0.00396711
0.00233077
0.0102489
0.028175
0.259554
0.509196
0.08663
0.0931752
0.113543
0.0121975
0.0111906
0.083416
0.0512077
0.0860414
0.0939618
0.285226
0.296118
0.11056
0.0630296
0.0941837
0.126246
0.269726
0.0770142
0.0682607
0.0979641
0.02052
0.0368709
0.0577333
0.102133
0.0509858
0.0534708
0.119976
0.401751
0.107999
0.121169
0.197304
0.066858
0.0521684
0.0342203
0.0751273
0.134748
0.115401
0.11362
0.070732
0.00153016
0
0
0.413907
0.442165
0.0593296
0.0677906
0.00930709
0.116541
0.202736
0.12583
0.073966
0.129747
0.109727
0.15259
0.0783424
0.00904526
0.0675668
0.10801
0.387725
0.442165
0.0932008
0.111781
0.0150708
0.00542013
0.00269664
0
0.306955
0.374879
0.00426647
0.0114438
0.0123755
0.139808
0.151848
0.00231058
0.208152
0.374526
0.0236082
0.0153342
0.0494629
0.0500287
0.0450904
0.0139759
0.213157
0.343394
0.0188787
0.0426585
0.0557539
0.347914
0.374879
0.00734445
0.0726014
0.196356
0.0109531
0.0555692
0.127609
0.205211
0.291469
0.00237851
0.0259382
0.0545166
0.0101183
0.00310228
0.0158073
0.337769
0.397938
0.000654192
0.00348131
0.00164543
0.000209916
4.69725e-005
0.00342853
0.342411
0.397938
0.00454903
0.00807506
0.0225005
0.00364418
0.0139466
0.0394705
0.345596
0.397938
0.00745974
0.003176
0.0022173
5.09239e-005
0.00524636
0.0347247
0.295145
0.42281
3.48607e-005
0.000935615
0.000550491
0
0
0.00133894
0.294049
0.42281
0.00167457
0
0
0
0
0
0.229396
0.42281
0.00262297
0.000786209
0.000786209
0
0.000113787
0.0692033
0.228289
0.35397
0.000942188
0
0
0
0
0.115959
0.304688
0.528133
0.00799833
0
0
0.000196202
0.000164169
0.000236215
0.24941
0.528133
0.0121267
0
0
0.000784809
0.000656676
0.0158967
0.255285
0.265639
0.00473357
0
0
0.00287646
0.00309419
0.118914
0.207802
0.127899
0.00383986
0
0
0.00627671
0.00714762
0.158021
0.250376
0.702964
0.0332301
0
0
0.000457318
0.00796287
0.0543043
0.172544
0.293179
0.0557089
0.0113231
0.0113083
0.00944254
0.0374797
0.0830678
0.210241
0.0942414
0.00269807
0
0
0.00265075
0.0103428
0.253755
0.196365
0.0333472
0.00221202
0.00129206
0.00129206
0.00375248
0.037557
0.280465
0.0849524
0.0979151
0.0648742
0.0465562
0.0874217
0.0381815
0.0951715
0.0898336
0.259075
0.0439682
0.0478191
0.0474623
0.291196
0.123581
0.181447
0.444281
0.189575
0.0313438
0.00690334
0.00258678
0.00258678
0.0140394
0.0629862
0.292632
0.28991
0.0384728
0.015044
0.000646695
0.000646695
0.0155931
0.0867419
0.483573
0.222334
0.32793
0.170138
0.0795729
0.0708453
0.0494541
0.0725775
0.0738488
0.0242721
0.122742
0.128944
0.214841
0.366497
0.189562
0.153011
0.0965736
0.091683
0.31185
0.34986
0.0384702
0.0233517
0.0455756
0.0753757
0.0447994
0.0362318
0.210725
0.215547
0.120773
0.0682434
0.173853
0.248562
0.124909
0.103298
0.119959
0.0399899
0.0913401
0.171538
0.0633364
0.0563258
0.117338
0.358798
0.431649
0.0335882
0.0354136
0.033868
0.00759792
0.0697385
0.161282
0.166224
0.126068
0.0899991
0.0984436
0.044533
0.0503259
0.0724369
0.192442
0.431649
0.174411
0.0343044
0.0620072
0.0225731
0.0255673
0.0710259
0.431649
0.230365
0.312975
0.01015
0.0150075
0.00174755
0.0115585
0.0877288
0.106819
0.301857
0.277581
0.0106952
0.00393208
0.000338764
0.00493534
0.0467219
0.192099
0.343975
0.0562785
0.00442061
0.0117222
0.00149398
0.0337209
0.117555
0.358233
0.396021
0.0229603
0.00244498
0.00239555
0
0.0113994
0.0593513
0.396021
0.229676
0.142766
0.00244056
0.000107546
0.000107546
0
0.00038185
0.214509
0.222138
0.0519941
0
0
0
0
0.00199883
0.306033
0.418366
0.00609412
0.000301188
0
0
0
0.000254567
0.418366
0.4106
0
0
0
0
0
0.00432079
0.418366
0.162876
0.016746
0
0
0
0.00121583
0.00831515
0.29515
0.165726
0.0053006
7.92218e-005
0
0
0.00226227
0.0115696
0.399627
0.277472
0
0
0
0
0
0.0114828
0.491381
0.298748
0
0
0
0
0
0.029241
0.491381
0.126434
0.0044855
0.000134371
0
0
0.000405391
0.00312317
0.319853
0.18532
0.00387242
4.94688e-005
0
0
5.97411e-006
0.00449535
0.374089
0.259322
0
0
0
0
0
0.026166
0.471047
0.385674
0
0
0
0
0
0.0189406
0.471047
0.154127
0.00321008
0.000383608
0
0
8.67186e-006
0.00236
0.267827
0.196296
0.0094504
0.00108438
0
0
2.16796e-006
0.0034246
0.305483
0.324974
0
0
0
0
0
0.0107977
0.455018
0.455018
0.026552
0
0
0
0
0.00236721
0.455018