0.0731943
0.0131574
0.0341231
0.0206374
0.0372014
0.188174
0.249699
0.219428
0.24519
0.111944
0.0789032
0.0560787
0.0244534
0.118297
0.177682
0.192903
0.123828
0.0893465
0.0638426
0.125505
0.0397775
0.0400887
0.264567
0.175019
0.107492
0.168168
0.197691
0.50566
0.278808
0.0212075
0.110537
0.0678948
0.176174
0.0638914
0.0237112
0.012771
0.00447582
0.00689842
0.0499913
0.109287
0.343905
0.0241965
0.00556561
0.000909247
0
0.00873085
0.0669077
0.317506
0.25717
0.182619
0.156281
0.226791
0.139605
0.000520061
0.00511889
0.0707853
0.505753
0.153644
0.121419
0.0845823
0.127443
0.168824
0.150693
0.309126
0.369716
0.0338294
0.0238331
0.0168571
0.0214008
0.0144084
0.0636759
0.314007
0.186476
0.152654
0.102283
0.0535809
0.0603048
0.012385
0.0454819
0.10841
0.271783
0.0215756
0.118262
0.117832
0.215721
0.324907
0.302294
0.224787
0.0510532
0.0651622
0.216699
0.190623
0.180204
0.125633
0.227695
0.0589828
0.0874474
0.247412
0.175478
0.0741423
0.0905701
0.0332362
0.0753847
0.0789711
0.11754
0.172409
0.0753214
0.055329
0.033397
0.0390656
0.200906
0.237656
0.0932961
0.199125
0.477315
0.20056
0.129422
0.0561182
0.133508
0.0380632
0.136888
0.132486
0.286629
0.159711
0.104186
0.0447706
0.160982
0.163033
0.0836316
0.0508844
0.0243217
0.0153188
0.00782141
0.0380531
0.218551
0.285596
0.0633846
0.0227399
0.00496609
0.024745
0.0937472
0.254281
0.369772
0.294734
0.0941509
0.0564835
0.111152
0.0625382
0.0430763
0.0130473
0.165617
0.21138
0.145462
0.0400774
0.0291167
0.0167488
0.0307784
0.104395
0.321867
0.416851
0.151509
0.0770153
0.0164839
0.0139919
0.0472943
0.107968
0.203786
0.22253
0.420643
0.418543
0.0864219
0.0148229
0.0396075
0.010869
0.064554
0.153765
0.117174
0.028911
0.00350768
0.0116283
0.0317392
0.169624
0.224353
0.208724
0.363109
0.201763
0.0438292
0.0380639
0.0509423
0.145818
0.13427
0.104927
0.361808
0.310743
0.0748706
0.0182049
0.029081
0.00295836
0.0124684
0.031806
0.218745
0.139423
0.0849072
0.0505494
0.105912
0.198859
0.0911044
0.090506
0.293429
0.253955
0.225473
0.0449361
0.0383692
0.0179139
0.0272694
0.0291311
0.229465
0.242024
0.264573
0.0476558
0.0686826
0.196885
0.149659
0.227261
0.129657
0.0778795
0.0309145
0.0659321
0.0202883
0.0205184
0.0487673
0.048651
0.0289457
0.0802809
0.0785157
0.490782
0.275677
0.0293958
0.022371
0.00803164
0.164608
0.0663858
0.0280704
0.0259259
0.00456174
0.0349113
0.0686225
0.137564
0.103318
0.0826164
0.24686
0.623182
0.168168
0.0375767
0.00946917
0.0260178
0.0503457
0.0791981
0.110756
0.296757
0.241522
0.00332451
0.000620153
0.0168931
0.110244
0.103194
0.154256
0.110551
0.187377
0.170674
0.150336
0.0948654
0.00496663
0.0305134
0.136196
0.481043
0.265092
0.00467091
0.000351599
2.03334e-005
0.107237
0.196456
0.206113
0.328486
0.239289
0.0917208
0.181779
0.0710757
0.0321993
0.0204749
0.043382
0.0302619
0.0967817
0.23017
0.247681
0.0708031
0.00958404
0.0132673
0.0547224
0.04192
0.0745825
0.198543
0.2626
0.066218
0.0775621
0.113122
0.0692372
0.060243
0.0669847
0.20196
0.367277
0.180935
0.0795128
0.0135652
0.00442403
0.0133569
0.0954409
0.286843
0.459383
0.38386
0.0432185
0.0219525
0.0957824
0.0389089
0.0400499
0.103556
0.126658
0.0774312
0.046574
0.0155764
0.0700026
0.0384446
0.0362834
0.0304812
0.060909
0.066474
0.252371
0.0291514
0.00897186
0.0293966
0.0777859
0.188774
0.320216
0.529365
0.163423
0.0421059
0.0118785
0.0458929
0.191724
0.29487
0.296739
0.367386
0.061472
0.0368223
0.0758116
0.0341142
0.0435913
0.0169386
0.0568355
0.0832933
0.141709
0.0525332
0.0453296
0.0297817
0.026329
0.0239865
0.0610137
0.121644
0.174548
0.0805513
0.0322372
0.0338783
0.185343
0.24982
0.34858
0.449269
0.433162
0.113095
0.0912296
0.0429588
0.0247904
0.0486526
0.120469
0.376476
0.108299
0.0270383
0.0294702
0.0279341
0.0492238
0.165522
0.142808
0.100168
0.249336
0.165832
0.0543834
0.025465
0.0610586
0.192069
0.148763
0.118745
0.354873
0.130987
0.126632
0.0625767
0.0522062
0.0832351
0.110015
0.216752
0.478385
0.223572
0.0807039
0.0839949
0.0993934
0.165295
0.17116
0.176057
0.194663
0.172713
0.160648
0.0248631
0.0149657
0.0194325
0.0220928
0.0649112
0.145418
0.149571
0.19444
0.0689841
0.0533462
0.106785
0.1254
0.19489
0.382115
0.13977
0.0518784
0.0318174
0.0236797
0.0706808
0.0601946
0.155866
0.291385
0.0861325
0.0768181
0.079518
0.0875748
0.443445
0.264629
0.265111
0.0923358
0.0569792
0.0420258
0.0125055
0.00537165
0.0582425
0.0799796
0.107666
0.0848393
0.0707353
0.301543
0.297392
0.117902
0.0529361
0.0285112
0.0312959
0.0876614
0.0246952
0.0276918
0.0125643
0.0446662
0.0949665
0.168368
0.30492
0.0420033
0.0164961
0.123052
0.462
0.498461
0.106677
0.127625
0.178612
0.00432751
0.00912005
0.103348
0.284058
0.10765
0.00545754
0.00136595
0.000640224
0.042531
0.078007
0.134503
0.497661
0.138767
0.0138282
0.0668781
0.0625384
0.00127865
0.00152099
0.0440151
0.385352
0.21783
0.0124646
0.00770853
0.00897749
0.00937718
0.00564263
0.0521034
0.497661
0.311454
0.000740294
0.0140334
0.0198411
0.0450203
0.0583983
0.0777419
0.183915
0.0407889
0.0461077
0.228284
0.210657
0.0486256
0.0112039
0.00375272
0.0112717
0.0210879
0.101277
0.434217
0.392261
0.014284
0.00790064
0.038324
0.401835
0.135745
0.000739768
0.11486
0.100205
0.00998493
0.00357148
0.00526259
0.0199302
0.00699232
0.0683594
0.434217
0.238843
0.070237
0.0209164
0.00144062
0.0258908
0.0364023
0.0837865
0.293701
0.226895
0.0641242
0.0202542
0.000960412
0.0295517
0.118077
0.203213
0.285028
0.169778
0.0178867
0.0052291
0.000960412
0.0138743
0.0162383
0.115625
0.457955
0.181642
0.0569065
0.00348607
0.000640275
0.0261127
0.0846792
0.324373
0.457955
0.221279
0.0428393
0.0136522
0.000849604
0.00651392
0.0639797
0.172013
0.298768
0.169188
0.0966665
0.0333632
0.0353002
0.0166714
0.00580582
0.0770763
0.153881
0.170905
0.0269223
0.000319389
5.39228e-005
0.026972
0.0841085
0.346094
0.473225
0.204609
0.147194
0.0379714
0.0184299
0.0176766
0.0255
0.156756
0.355638
0.398978
0.14269
0.124054
0.134341
0.0846891
0.0119511
0.0350795
0.0718351
0.125201
0.138717
0.108983
0.0926305
0.102923
0.0533923
0.149268
0.14875
0.0738319
0.27694
0.171266
0.107341
0.0933853
0.0223741
0.135953
0.237734
0.50193
0.118193
0.178655
0.0915394
0.107328
0.0637171
0.28437
0.256428
0.265453
0.158325
0.0402237
0.0267504
0.0358447
0.0267773
0.123226
0.131103
0.22716
0.226429
0.053594
0.0535471
0.0286989
0.0173777
0.275385
0.23596
0.262417
0.10125
0.052286
0.0143014
0.06951
0.0796574
0.17384
0.208056
0.392219
0.246538
0.0902884
0.0972593
0.159222
0.180029
0.128783
0.158182
0.343002
0.123526
0
0.000565983
0.0026784
0.0123713
0.00969591
0.0409297
0.339029
0.150568
0.00565004
0.00944805
0.153734
0.127747
0.0197815
0.0317409
0.237274
0.402518
0.00167254
0
0.000561396
0.00145963
0
0.00744977
0.437996
0.377315
0.0509164
0.0160907
0.0772193
0.0650934
0.0490317
0.0229047
0.437996
0.0578054
0.00986082
0.0176413
0.276674
0.180692
0.0297112
0.00794094
0.0527971
0
0.0024652
0.0155301
0.470804
0.296649
0.0125124
0.000760918
0.000634227
0.125217
0.0548603
0.0351001
0.235754
0.215275
0.0900617
0.0207425
0.167908
0
0.00677886
0.0320087
0.470804
0.380076
0.030991
0.00252442
0
0.000246225
0
0.0113704
0.591808
0.28306
0.000453887
0.023043
0.0124794
0.00678385
0
0.00134022
0.0250715
0.0199663
0.0205377
0.166043
0.0898713
6.15561e-005
0
0.0137887
0.604863
0.315488
0
0
6.15561e-005
0.00169596
0
0
0.0225092
0.0225092
0.000424515
0.00139483
0.00169596
0.0112405
0
0
0.00016661
0.00042975
0.0825324
0.394263
0.108712
0.0222079
0
0
0.018434
0.0398739
0.417511
0.648813
0.212128
0.00169871
0
1.09437e-005
0.000642146
0.000719488
0.0101618
0.0298006
0.00787729
0.0187949
0.00789266
0.000648754
0.0019438
0.00225316
0.0761729
0.320592
0.0959853
0.00426275
0
0
0.0148798
0.0264969
0.173683
0.415924
0.165165
0.0891281
0.0138566
0.000733056
0.00423649
0.0159612
0.142646
0.419265
0.266089
0.0422991
0.0121407
0.000229385
0.000286672
0.000337718
0.0367866
0.323989
0.119436
0.103769
0.0494163
0.0105356
0.0329209
0.0286821
0.324595
0.441423
0.10795
0.0941195
0.023865
0.00454613
0.00612134
0.0426278
0.201269
0.20161
0.203143
0.0520475
0.0291887
0.00538252
0.00909777
0.0457638
0.163536
0.198159
0.239264
0.0618921
0.0389289
0.0189899
0.0819891
0.143906
0.439726
0.372674
0.0999274
0.0328838
0.0120167
0.0332921
0.138674
0.184161
0.211743
0.330048
0.325984
0.04468
0.0131671
0.00089654
0.0255883
0.0440714
0.078149
0.209061
0.209865
0.0894342
0.0487579
0.0387794
0.0821263
0.112351
0.0618977
0.150901
0.198986
0.0995363
0.0324358
0.0817944
0.148011
0.0988125
0.103382
0.293198
0.364019
0.263229
0.0681051
0.0824666
0.0580205
0.0377859
0.0430849
0.181292
0.589194
0.34629
0.0330344
0.01956
0.00892566
0.011047
0.0178949
0.0327493
0.476947
0.2081
0.046888
0.0395019
0.125868
0.0714351
0.0788538
0.0477463
0.476947
0.111163
0.099451
0.0766526
0.0929249
0.109909
0.0700277
0.115721
0.17907
0.0308971
0.1037
0.202319
0.321652
0.0750989
0.0705689
0.064774
0.168249
0.0445804
0.0399996
0.0498624
0.230743
0.153022
0.0615095
0.0219963
0.125601
0
0.00522945
0.0259514
0.464359
0.311935
0.0109764
0.00398972
0
0.00410152
0.0272062
0.140363
0.379385
0.132343
0.0277166
0.0140436
0.0325838
0.00209535
0.00310979
0.0335979
0.464359
0.369796
0.00911658
0.00235321
0.00399558
9.37458e-005
0.000390432
0.00351156
0.462992
0.283033
0
0
9.37458e-005
0.011849
0.0065855
0.000173525
0.0170811
0.0170811
0
0
0.00359031
0.0428131
0.0412383
0.00340276
0.524903
0.329697
0.0113007
0
0.0180179
0.181622
0.456881
0.0613532
0.0231022
0.0203472
0.000744178
0
0.0145736
0.0345681
0.0101983
6.31334e-005
0.000968283
0.000170997
0.000159106
0
0.00662137
0.0942889
0.147974
0.0348144
0.00375596
0.00056682
0.000868283
0.0149046
0.0163452
0.341174
0.402976
0.0318431
0.00280511
0.000268364
0
0
0.0149535
0.554581
0.554581
0.120085
0.00844382
8.90178e-005
0.00785295
0.0207555
0.0363969
0.15822
0.192305
0.0266587
0.000805363
0.000117461
0.00506502
0.0422858
0.025252
0.360182
0.206154
0.0321371
0.0575293
0.0237144
0.133057
0.142373
0.0646315
0.267646
0.446367
0.101092
0.00284359
1.92013e-005
0.0186721
0.0216535
0.0228516
0.41183
0.444707
0.082415
0.0204011
0.0287314
0.0267236
0.0404983
0.105807
0.172878
0.114035
0.0622648
0.149508
0.123336
0.177859
0.132452
0.0751744
0.156972
0.049061
0.0895529
0.230634
0.199016
0.0923888
0.125786
0.152478
0.213048
0.368883
0.219711
0.0620541
0.0437858
0.0168843
0.0501886
0.0874508
0.463248
0.3047
0.213059
0.0839099
0.0578142
0.018449
0.0365805
0.165924
0.144576
0.0203128
0.0660722
0.129358
0.084936
0.0520154
0.0752581
0.175817
0.280211
0.0162959
0.0466508
0.0361389
0.0171067
0.026671
0.0531147
0.435834
0.366575
0.042578
0.0315235
0.0359955
0.0356552
0.0262152
0.0402382
0.260063
0.435834
0.00578482
0.0117206
0.0159075
0.00844275
0.0180783
0.0390379
0.435834
0.0692438
0.0554118
0.0360017
0.0796164
0.13546
0.0621407
0.135705
0.0958942
0.0597704
0.110007
0.141667
0.212056
0.0938324
0.0521432
0.0297252
0.0553126
0.385753
0.0144449
0.00277971
0.0232245
0.0903952
0.0334462
0.0710834
0.45478
0.491417
0.037314
0.0192269
0.0633843
0.0857958
0.0597794
0.0221132
0.400673
0.0433219
0.0377765
0.108049
0.234148
0.112748
0.015037
0.00937792
0.0437168
0.0872182
0.0237204
0.0408148
0.342322
0.372036
0.0306118
0.0342145
0.0423083
0.318066
0.0348386
0.040076
0.0522518
0.0568488
0.0219292
0.0126546
0.365623
0.446988
0.0491092
0.0395225
0.0523727
0.186526
0.0263056
0.0544974
0.33315
0.133627
0.0960721
0.00836818
0.103045
0.131009
0.020188
0.0209286
0.0406241
0.191755
0.44978
0.0880165
0.00467624
0.00473466
0.00053002
0
0.0291252
0.34397
0.108586
0.0109647
0.0104746
0.0595677
0.0166368
0.0479231
0.278658
0.337245
0.336754
0.080607
0.000225889
0.000495151
0.000132505
0.0183377
0.44978
0.225806
0.405496
0.0701667
0.00306375
9.96788e-005
0
0
0.0200117
0.339441
0.309873
0.0725647
0.0141152
0
0.00357919
0.0210041
0.0472572
0.278449
0.188572
0.0635732
0.00203278
0
0
0.00190673
0.32809
0.346843
0.0953043
0.0372234
0.00966881
0
0
0.00727834
0.40248
0.203743
0.313656
0.0774073
0.00915583
0
0.0137349
0.0352591
0.0340714
0.146294
0.464136
0.117545
0.00791548
0.0247517
0.0204033
0.0379349
0.0361827
0.292275
0.159697
0.0356182
0.00818931
0
0
0.0103547
0.354656
0.273155
0.302607
0.116674
0.0284475
0.0215346
0.00929537
0.0147179
0.362711
0.0528013
0.426789
0.204096
0.0131101
0.0322255
0.0187434
0.0209708
0.0298325
0.175174
0.244516
0.158836
0.0106398
0.0198151
0.0299814
0.0259351
0.0996929
0.226321
0.175386
0.0921999
0.0223041
0.0368148
0.0228503
0.018509
0.348117
0.371004
0.0526346
0.0345213
0.00706543
0.0292814
0.0311408
0.0247942
0.486102
0.241452
0.0644864
0.0214595
0.0012714
0.00313908
0.0105891
0.0252411
0.16465
0.317665
0.0178017
0.00696616
0.0169012
0
0.00872508
0.0546673
0.20529
0.42085
0.0324488
0.00612724
0.000847599
0.00455849
0.00955164
0.0161794
0.393652
0.285836
0.0151316
0.00231158
0.0042253
0
0.00581672
0.0598843
0.538685
0.286865
0.0029755
0
0.00147928
0.00925834
0.00297709
0.00283898
0.387443
0.3853
0.00726903
0
0.000986189
0.00825041
0.00728902
0.00243943
0.393744
0.250992
0
0
0
0
0
0
0.329107
0.279665
0
0
0
0
0
0
0.409196
0.273265
0.00832217
0.00351655
0.000156159
0.00371837
0.00332228
0.00191718
0.383365
0.371803
0.0124902
0.00527483
0.000624637
0.0106188
0.00178253
0.0101582
0.403621
0.244915
0
0
0
0
0
0
0.330222
0.307351
0
0
0
0
0
0
0.405481
0.235901
0.0166518
0.00181265
0.000190296
0.00340396
0.00160596
0.0189742
0.394281
0.182989
0.0307203
0.0110556
3.73431e-005
0.00025339
0.000785773
0.0180266
0.521212
0.182131
0
0
0
0.000675706
0.00158954
0.00145584
0.369031
0.182503
0
0
0
0.00101356
0.00314309
0.0134467
0.476863
0.16848
0.0123918
0.00799773
0.000111316
3.07889e-005
0.000140675
0.01222
0.484848
0.234167
0.0132541
0.00217039
7.42109e-005
0
0
0.0215427
0.484848
0.131765
0
0
0
0.000123156
0.000562702
0.0302785
0.349273
0.157114
0
0
0
0
0
0.0519354
0.47965
0.257795
0.0209485
0.00390903
0.000755508
0
0
0.0054959
0.454952
0.349153
0.0256812
0.0186189
0.00848373
0.00588182
0.00280627
0.00230784
0.46862
0.208981
0
0
0
0
1.55485e-005
0.0171717
0.310703
0.245364
0
0
0
0
0.00137334
0.0141667
0.369071
0.280846
0.00637626
0.00863049
0.004746
0.006477
0.0047744
0.00477667
0.430816
0.424959
0.0015189
0.000570504
0.000186865
0.00355531
0.0028822
0.00394985
0.463372
0.192485
0
0
0
0
0.000937415
0.00708432
0.290112
0.300972
0
0
0
7.60397e-005
0.00189101
0.00767597
0.286778
0.348536
0.00244452
7.56056e-005
0
0.000494866
0.00050018
0.00128278
0.415541
0.226672
0.00114667
5.04038e-005
0
0
0
0.00575664
0.491517
0.216632
0.000197646
5.78479e-005
0
0.000220557
0.00212855
0.00441458
0.257664
0.168546
0.0010267
0.000231392
0
0.000134074
0.000520341
0.000322135
0.471737