0.0702366
0.00364173
0.025257
0.0649564
0.116264
0.0576145
0.0647766
0.06215
0.0609471
0.10827
0.0538918
0.0615528
0.0876828
0.0966688
0.05238
0.0758819
0.0399596
0.0133335
0.0297055
0.0412374
0.142901
0.118924
0.182341
0.0795854
0.135244
0.531316
0.303912
0.455136
0.255176
0.136043
0.0793146
0.0823585
0.0327928
0.044277
0.0276694
0.00479491
0.0161085
0.0499657
0.0152633
0.0567855
0.0709004
0.0233117
0.0225141
0.00466742
0.0149533
0.0525794
0.0273074
0.0868502
0.150525
0.268123
0.14959
0.121055
0.0412485
0.0324959
0.0868568
0.25384
0.272816
0.0982871
0.0461477
0.0159582
0.00363288
0.0628056
0.435212
0.649991
0.0627689
0.0387525
0.0314301
0.0175816
0.0103049
0.0172974
0.0177763
0.0435148
0.0516112
0.0845402
0.038097
0.0260354
0.00892818
0.00374065
0.0165101
0.0233608
0.172846
0.0374673
0.0435667
0.0059683
0.014443
0.124306
0.517931
0.639389
0.0689973
0.051999
0.0602796
0.0207178
0.0206696
0.145912
0.219099
0.290036
0.185876
0.14175
0.0616027
0.0422177
0.0359903
0.0314082
0.107665
0.166557
0.230815
0.132085
0.0502825
0.0468824
0.0766106
0.0631294
0.136161
0.258218
0.125696
0.101121
0.0827272
0.0565684
0.0765067
0.178274
0.260247
0.306338
0.133275
0.140972
0.0669439
0.131974
0.182725
0.114518
0.247468
0.294405
0.206124
0.126069
0.0223649
0.0266213
0.0265453
0.0460823
0.0576303
0.174642
0.300047
0.177323
0.0287967
0.0107962
0.0192541
0.0931249
0.125969
0.206272
0.174859
0.080254
0.0254543
0.0672497
0.0721812
0.16009
0.19029
0.326851
0.196678
0.0618334
0.073625
0.0808614
0.0662493
0.28123
0.284388
0.261829
0.114944
0.104823
0.0432401
0.00629127
0.0389438
0.173506
0.188292
0.123536
0.0490507
0.050262
0.0107558
0.0113134
0.0848267
0.267779
0.243579
0.21144
0.0998075
0.0453098
0.060378
0.0533374
0.0751257
0.243269
0.25717
0.18734
0.137454
0.0876944
0.0535978
0.0257616
0.189851
0.356492
0.21729
0.240672
0.0307529
0.0412525
0.00831375
0.0235171
0.0897871
0.170405
0.24463
0.187481
0.0408381
0.0497569
0.139191
0.139634
0.0858378
0.113962
0.249209
0.141943
0.0672639
0.0452003
0.0357622
0.0241464
0.210646
0.311084
0.234924
0.194586
0.0503448
0.0679928
0.126663
0.0897113
0.222319
0.290385
0.298454
0.137858
0.0130263
0.011194
0.00646885
0.00593536
0.0261237
0.0494211
0.0617157
0.0201844
0.0283988
0.123217
0.10601
0.433722
0.204688
0.0594528
0.0219009
0.0123986
0.0318972
0.0206578
0.011788
0.0138114
0.01884
0.0346066
0.0328143
0.0606035
0.0118972
0.038626
0.0483494
0.693824
0.406739
0.0302272
0.0175728
0.0262523
0.0533265
0.0916548
0.0784785
0.199522
0.0838959
0.018385
0.0405735
0.0860822
0.106072
0.0608161
0.0415382
0.0557586
0.0307551
0.0514163
0.243414
0.401544
0.0157213
0.038652
0.0534665
0.423588
0.265025
0.00577964
0.00913991
0.0229595
0.0748564
0.217366
0.0831357
0.367361
0.204989
0.0282801
0.131419
0.361712
0.0374267
0.0113866
0.00741589
0.00119785
0.0214865
0.0900077
0.272367
0.255107
0.0204327
0.00378399
0.00599156
0.000946927
0.0103893
0.132489
0.272792
0.135812
0.0431778
0.10759
0.0191459
0.0876454
0.0600573
0.0736921
0.407947
0.421038
0.0101569
0.00549381
0.000113165
0.00436299
0.0281502
0.196792
0.444179
0.290663
0.014799
0.00407397
0.00316157
0.00252332
0.00589356
0.0785738
0.213985
0.101202
0.00852672
0.00838648
0.00302451
0.00889212
0.0175558
0.0279792
0.107413
0.0776203
0.006086
0.000850739
0.000732372
0.0169697
0.0438852
0.223563
0.531956
0.280638
0.0238325
0.0098335
0.00063542
0.0134268
0.0530609
0.175178
0.531956
0.367209
0.0277952
0.0109879
0.00370185
0.0126897
0.0237441
0.0468339
0.0926201
0.127054
0.0232442
0.0044373
0.0225014
0.0558724
0.0411783
0.0634775
0.0605355
0.0685335
0.0857988
0.0291292
0.00459013
0.00676053
0.0476369
0.169557
0.562045
0.56598
0.0498926
0.0213823
0.0175013
0.0454182
0.112465
0.132566
0.260758
0.292896
0.0566765
0.0539979
0.0637587
0.11283
0.0747599
0.112579
0.0811567
0.102856
0.0837315
0.1182
0.143006
0.126044
0.120993
0.195781
0.0896363
0.0909117
0.031087
0.0810816
0.0361188
0.102429
0.216314
0.131959
0.230245
0.434801
0.106335
0.118014
0.13397
0.143621
0.110744
0.148616
0.139288
0.395225
0.0261267
0.0321445
0.0865285
0.0811651
0.149812
0.256754
0.125861
0.038726
0.0106064
0.0319642
0.0528421
0.0385236
0.277432
0.326877
0.251609
0.0258219
0.0724027
0.0343113
0.106144
0.078336
0.0991529
0.251133
0.109067
0.160704
0.126273
0.0459127
0.0997654
0.0420949
0.328203
0.3314
0.223267
0.100527
0.0329615
0.0151815
0.0158877
0.022536
0.0254342
0.0234488
0.0182749
0.0572068
0.0134733
0.0177306
0.026508
0.456974
0.359541
0.0214188
0.00740527
0.0161043
0.030517
0.0318085
0.0218492
0.0324748
0.0412365
0.0624696
0.0490369
0.052786
0.0174702
0.0214561
0.0234281
0.486809
0.576308
0.0344921
0.00242879
0.00840304
0.00047429
0.00809432
0.0100169
0.284455
0.22055
0.00131573
0.000328112
0.000222621
0.0161713
0.0925011
0.0302646
0.413193
0.270286
0.00186951
0.0235667
0.0919069
0.000137189
0.000249052
0.00174916
0.359361
0.310152
0.00261365
7.04088e-005
0.000112678
0.00208515
0.004766
0.00435647
0.413193
0.413193
0.000142041
0
0.00342635
0.0325355
0.0964179
0.0201367
0.242808
0.122263
0.0223719
0.268349
0.26942
0.014572
0.0105336
0.000989339
0.0118024
0.0192002
0.139208
0.491276
0.339929
0.012047
0.0109998
0.011087
0.367737
0.263901
0.004399
0.0435428
0.0310877
0.0116922
0.00420981
0.0102254
0.0188647
0.0228258
0.0347135
0.320898
0.176456
0.00239795
6.05856e-005
0.000586158
0.0152709
0.03112
0.0936289
0.439242
0.211863
0.0159851
0.00285658
0.000344148
0.010386
0.0433118
0.0912546
0.439242
0.254973
0.00154969
0.000844826
0.0015231
0.00523588
0.0108383
0.0285773
0.395584
0.168332
0.00816053
0.00317501
0.000827614
0.00352632
0.0166225
0.0426503
0.439242
0.24359
0.0254347
0.00586043
0.00112532
0.000479597
0.0232309
0.0718841
0.341089
0.216517
0.0164154
0.00451615
0.0032039
0.00360734
0.023301
0.0946043
0.261321
0.197056
0.0157295
0.00616186
0.00200415
0.000268079
0.0230859
0.044057
0.492382
0.277127
0.0216085
0.00382067
0.00275961
0.000205194
0.0149498
0.169448
0.492382
0.266388
0.00580617
0.00366864
0.00145653
0.00433255
0.0158045
0.0781273
0.173529
0.192027
0.0232865
0.0041463
0.00432607
0.00509642
0.0116605
0.0296354
0.0677329
0.170941
0.0162276
0.000529096
0.0074485
0.00234903
0.00919999
0.247873
0.540044
0.247869
0.0398137
0
0.0103791
0.0112878
0.024506
0.138702
0.540044
0.331127
0.0434144
0.0159101
0.0219238
0.00975182
0.0134479
0.0387047
0.0503273
0.13927
0.103284
0.0442041
0.0518958
0.00529945
0.0349113
0.0489266
0.0554807
0.0908931
0.0615124
0.0119893
0.0137858
0.0269075
0.0202387
0.20085
0.680942
0.383972
0.137325
0.0398495
0.0348461
0.00658221
0.0154553
0.193047
0.280795
0.256838
0.00818449
0.0212911
0.010694
0.0350544
0.0546312
0.0636177
0.0385724
0.0199828
0.00714345
0.0149667
0.0119795
0.433296
0.37157
0.0123314
0.00408506
0.00740974
0.00406815
0.0230972
0.00955989
0.0410158
0.0665559
0.0705779
0.0897796
0.0382741
0.00293056
0.00276691
0.00765561
0.564497
0.507486
0.0203912
0.039608
0.0244665
0.000231961
0.000270159
0.00076457
0.277307
0.233459
0.000781337
0.000148817
0.000156294
8.0483e-005
0
3.75393e-005
0.392575
0.392575
0.000191292
0.000284888
2.44948e-005
8.95179e-005
9.60071e-005
0.000570782
0.348213
0.303328
0.000774926
0.000885387
0.000591233
0
1.87527e-005
0.000653047
0.392575
0.392575
0.000137348
0.000427332
0
0.00347573
0.000883237
0.00722733
0.410324
0.444174
0.00361991
0.0078037
0.00687951
0.00862253
0.00776981
0.0108247
0.0241375
0.0571924
0.0199304
0.0411528
0.0468129
0.00624761
0.00658324
0.00878601
0.500093
0.551938
0.0043078
0.00845588
0.00787898
0.0294845
0.043275
0.0142679
0.038674
0.0553642
0.0252306
0.0149198
0.0348772
0.00677363
0.0120551
0.00840405
0.00640214
0.0195495
0.0220986
0.15431
0.0634354
0.0168681
0.0224108
0.0131594
0.0104356
0.00770618
0.017376
0.608881
0.243058
0.106831
0.0904897
0.0127233
0.0159739
0.0179379
0.0194074
0.0156855
0.0218484
0.318504
0.59034
0.032175
0.0115265
0.00831792
0.00258576
0.0155414
0.0387685
0.0242234
0.0196584
0.00238792
0.00159877
0.00344574
0.00604836
0.35643
0.161011
0.0551649
0.0732716
0.0166653
0.023069
0.00846763
0.116849
0.448114
0.135862
0.211987
0.409661
0.0200139
0.00189747
0.00124956
0.000839963
0.0322605
0.0277604
0.303566
0.448114
0.103162
0.0374253
0.0112222
0.0322483
0.192752
0.0344023
0.0396103
0.0679481
0.0305048
0.0671999
0.0481501
0.147219
0.436209
0.0615841
0.0489665
0.0313468
0.0285234
0.065387
0.0658485
0.0999937
0.388518
0.1825
0.191731
0.436209
0.0938895
0.14443
0.0838981
0.0621109
0.18434
0.0340388
0.251171
0.26121
0.0872281
0.176987
0.130838
0.072798
0.109457
0.112707
0.0363719
0.0265603
0.0164449
0.0509683
0.0426494
0.245096
0.378652
0.197688
0.0669794
0.0386622
0.0167921
0.0253615
0.0341265
0.282792
0.20434
0.102364
0.240388
0.3702
0.164785
0.115108
0.0719486
0.175294
0.127548
0.138565
0.256788
0.308299
0.104565
0.0751741
0.0358041
0.221028
0.120474
0.0998718
0.00163051
0.00962201
0.0103028
0.0398663
0.0601768
0.0493877
0.0601115
0.0169643
0.000329405
0
0.00440436
0.39868
0.43524
0.0314204
0.0302246
0.010246
0.00360429
0.00648929
0.0337837
0.0818577
0.0902289
0.0476413
0.0398112
0.00251343
0
4.10119e-005
0.00853073
0.431356
0.605533
0.0629377
0.0391731
0.000199722
0
0
0.000252989
0.299807
0.24426
0.00128673
0.00049728
0.000379487
0.000433754
0.00200443
0.00100747
0.383757
0.367671
0.00150265
0.00179167
0
0
2.35575e-006
0.000272909
0.294527
0.345507
0.0332045
0.00661922
0.000876093
0.0784519
0.0356052
0.000909806
0.383757
0.383757
0.117697
0.0520461
0.0647285
0.0244072
0.0263489
0.00792207
0.259182
0.208231
0.00346375
0.00431896
0.00166885
0.141041
0.166695
0.0279569
0.0153765
0.0122393
0.0050268
0.00262207
0.0103783
0.237646
0.3705
0.0278876
0.167675
0.207393
0.0785943
0.0471904
0.0765886
0.498582
0.499373
0.106283
0.0121691
0.0106052
0.00223416
0.00419487
0.0179321
0.15361
0.236861
0.0429769
0.00252884
0.00205135
0.00267512
0.0023966
0.00419256
0.251471
0.432599
0.0706922
0.000527725
0.000750632
0.000366498
0.00160586
0.00161691
0.292026
0.432599
0.173446
0.00260238
0.00274217
0
0.00125566
0.0115764
0.240524
0.432599
0.269186
0.00943083
0
0
0.000837104
0.00610279
0.199792
0.414619
0.0801109
0.000576959
0.000156022
0
2.76283e-005
0.000371764
0.264252
0.414619
0.148313
0.00698321
0.00266509
0
0.000238075
0.00929682
0.145439
0.414619
0.180752
0.0165565
0.000338284
0
0
0
0.233697
0.414619
0.154505
0.0129297
0.0020685
0.00101391
0.00226095
0.016326
0.275226
0.448673
0.14075
0.055638
0.0263768
0.00908845
0.00169086
0.0418615
0.329402
0.439088
0.102058
0.0863687
0.0501411
0.0167682
0.00593422
0.0446317
0.305998
0.302627
0.0951503
0.00716866
0.00152648
0.00228489
0.00899637
0.0655347
0.182505
0.294606
0.0571815
0.00475216
0.00265625
0.00694048
0.019173
0.059279
0.38242
0.60748
0.187029
0.0606952
0.0284609
0.0225804
0.0199903
0.0599398
0.276874
0.362494
0.122126
0.0369283
0.00663607
0.0272569
0.0376587
0.119562
0.144712
0.221883
0.0506324
0.00784269
0.00772985
0.0186853
0.0456599
0.0632877
0.0763638
0.131783
0.0593245
0.00716331
0.02027
0.0339366
0.0520428
0.137367
0.00263107
0.00598667
0.0344635
0.075259
0.0759085
0.038985
0.0392864
0.0016686
0.00110816
0.00233796
0.023667
0.414087
0.503915
0.0423752
0.0234077
0.00117187
0.0251221
0.0286591
0.0298905
0.0568645
0.0662366
0.0384731
0.060031
0.0157273
0.0109779
0.0185004
0.0512607
0.388589
0.560008
0.0810233
0.0554706
0.0428693
0.0101755
0.00469139
0.00150511
0.295372
0.343119
0.0799914
0.0250704
0.00658322
0.229093
0.0881926
0.0221607
0.182275
0.332409
0.215961
0.118869
0.156403
0.0749467
0.0378942
0.00600361
0.226366
0.289244
0.111006
0.0817515
0.0858134
0.31952
0.349816
0.0667945
0.0868573
0.111517
0.111687
0.0882296
0.125363
0.274906
0.307299
0.048571
0.0343082
0.0670904
0.0620656
0.0404492
0.0883111
0.280778
0.432243
0.0859601
0.0265301
0.0159855
0.00151311
0.00156738
0.0107337
0.272095
0.393817
0.0650157
0.0175385
0.0216145
0.0262963
0.0138928
0.0323093
0.256665
0.432243
0.0483311
0.0182345
0.01248
0.00961468
0.00566767
0.00749895
0.272828
0.481575
0.112685
0.0126134
0.0132909
0
0.00273461
0.0216139
0.233011
0.481575
0.165354
0.00922867
0
0
0.00301826
0.0354543
0.215377
0.40708
0.0193762
0.00904994
0.0111533
0.00767518
0.00955957
0.0162552
0.198994
0.240013
0.0069105
0.0029267
0.00111025
0.00218935
0.0171212
0.0836894
0.232001
0.685385
0.195275
0.0343851
0.00394941
0.000132734
0.00466817
0.0324293
0.18292
0.469274
0.134117
0.0578076
0.0244517
0.00665951
0.0108533
0.0233633
0.138216
0.160063
0.0261334
0.00689826
0.0219697
0.016978
0.0463124
0.123898
0.033219
0.1193
0.0559936
0.0331097
0.0614533
0.0415694
0.0381452
0.031607
0.398776
0.382069
0.0996305
0.0958384
0.0374102
0.0362331
0.043526
0.154676
0.256395
0.219101
0.0744075
0.0546044
0.0206939
0.0315312
0.09723
0.1964
0.160098
0.195339
0.0832767
0.0906755
0.0746054
0.0664694
0.0344992
0.0486959
0.390305
0.143843
0.0905641
0.0765874
0.0276531
0.0430519
0.0380055
0.201913
0.131155
0.0936122
0.0669715
0.031168
0.0390446
0.0376524
0.153915
0.172391
0.125405
0.273511
0.0971727
0.0367772
0.111393
0.121374
0.175534
0.216257
0.275139
0.08026
0.160505
0.0523918
0.0285005
0.0769081
0.0947176
0.315049
0.171067
0.163208
0.168651
0.135783
0.187301
0.257207
0.253558
0.166695
0.056011
0.0540191
0.0490693
0.043823
0.0698809
0.0758511
0.120848
0.0583485
0.0672355
0.0369783
0.122296
0.291642
0.582603
0.172321
0.205515
0.239438
0.0560149
0.0324706
0.0417419
0.0502738
0.138303
0.123263
0.152608
0.0750298
0.109707
0.0176946
0.0984086
0.099107
0.246285
0.154032
0.193509
0.201676
0.134139
0.0619845
0.0149394
0.0976663
0.216344
0.114196
0.186992
0.288304
0.383182
0.60227
0.0523011
0.0241078
0.0394341
0.0530054
0.0925659
0.231547
0.0624278
0.0185821
0.0165077
0.0332592
0.0859273
0.0716036
0.0978859
0.183501
0.117241
0.182064
0.0360809
0.0367321
0.0343721
0.0539756
0.0492685
0.163511
0.345015
0.673917
0.0604439
0.009633
0.00894471
0.0151892
0.0064068
0.0259554
0.292377
0.460911
0.0309981
0.00927742
0.00886873
0.0280155
0.033465
0.0335888
0.0651797
0.157929
0.0465459
0.0239967
0.00934321
0.0273262
0.0149691
0.0455752
0.0433122
0.0571684
0.0614598
0.0390702
0.0207239
0.0226673
0.0264686
0.0353251
0.346159
0.460093
0.0759106
0.021685
0.0256349
0.0772278
0.120629
0.097505
0.252808
0.18086
0.0530923
0.0659188
0.0192067
0.0368124
0.169381
0.301051
0.0837478
0.120178
0.199787
0.12237
0.0319605
0.0482485
0.0962213
0.0682933
0.18116
0.153414
0.145422
0.119697
0.0302882
0.0899381
0.162319
0.162621
0.150885
0.121343
0.0505365
0.0479307
0.0618156
0.0846701
0.214069
0.296993
0.107275
0.267755
0.147879
0.0821273
0.133597
0.136601
0.139425
0.110736
0.132159
0.156974
0.043329
0.0830125
0.0948235
0.184773
0.209854
0.190592
0.0782599
0.195764
0.251709
0.216954
0.213411
0.164412
0.167651
0.11138
0.20903
0.224035
0.0999553
0.0919521
0.0732261
0.0739668
0.0569473
0.0981424
0.376655
0.141517
0.0933921
0.0970263
0.0578172
0.102123
0.0734275
0.237366
0.129712
0.151146
0.214163
0.174866
0.165727
0.0819411
0.13206
0.159799
0.233318
0.165454
0.0951292
0.055214
0.147661
0.131517
0.161902
0.199531
0.201732
0.123398
0.163389
0.0467214
0.0253299
0.0641216
0.0401193
0.175926
0.313624
0.189158
0.163072
0.0832653
0.0805324
0.115316
0.107735
0.116961
0.235834
0.180818
0.151339
0.0170772
0.0783269
0.0635158
0.030369
0.0758266
0.380242
0.387657
0.23269
0.0219511
0.024801
0.0540043
0.0415094
0.109823