0.0964259
0.125383
0.021561
0.0255202
0.176651
0.226186
0.242808
0.207818
0.129085
0.161119
0.122467
0.0414794
0.123716
0.179858
0.224802
0.0913007
0.172844
0.126263
0.00599023
0.0210086
0.216101
0.187744
0.256367
0.252442
0.159836
0.113283
0.0859808
0.0830798
0.270359
0.182234
0.353488
0.114937
0.136989
0.0725751
0.0892555
0.106232
0.0908289
0.0698434
0.132204
0.0631934
0.215288
0.0594049
0.0872457
0.186782
0.127213
0.232772
0.204668
0.144923
0.118979
0.111817
0.270588
0.128666
0.141914
0.0438023
0.133562
0.0554185
0.185627
0.115586
0.397239
0.200707
0.0953381
0.231115
0.384074
0.129286
0.072542
0.0223721
0.0145214
0.0631742
0.0820119
0.158828
0.173799
0.118205
0.123852
0.0671228
0.0934571
0.0391145
0.10577
0.104907
0.181221
0.176291
0.0985247
0.0203931
0.0562241
0.0313197
0.0573635
0.266502
0.496582
0.0972674
0.129503
0.0567333
0.0875729
0.00924256
0.123196
0.312923
0.496582
0.128734
0.164932
0.0879437
0.268181
0.0871868
0.113514
0.044969
0.112696
0.155312
0.13327
0.0847999
0.284723
0.252523
0.0639677
0.0458592
0.136256
0.0677306
0.238823
0.132473
0.188573
0.0552299
0.112786
0.18796
0.287963
0.232394
0.301118
0.0890058
0.0898553
0.102332
0.0593849
0.227056
0.230318
0.205358
0.115183
0.0552348
0.162208
0.0852071
0.0738969
0.0975919
0.17102
0.0930218
0.241458
0.10325
0.118216
0.11632
0.100195
0.0940312
0.215877
0.247386
0.108596
0.0224995
0.0759782
0.0434263
0.0441345
0.230612
0.263317
0.171482
0.127293
0.0420557
0.164756
0.27823
0.0828119
0.165923
0.40653
0.345914
0.129507
0.0786215
0.105509
0.14224
0.0440054
0.0568693
0.159107
0.206057
0.0877384
0.0915558
0.132841
0.169512
0.09748
0.112924
0.132253
0.133479
0.0981034
0.0771907
0.106578
0.24972
0.0785263
0.060119
0.350182
0.339727
0.181695
0.129803
0.0809972
0.0819454
0.18998
0.125925
0.402363
0.289169
0.0488479
0.0528349
0.126288
0.256996
0.172065
0.111937
0.046938
0.0397515
0.0139087
0.03152
0.227879
0.358055
0.204143
0.0638334
0.00657483
0.00144489
0.123317
0.0677309
0.142407
0.163571
0.335745
0.158043
0.149677
0.0745165
0.0160241
0.0468604
0.296179
0.369027
0.331167
0.0642066
0.00661053
0.0033994
0.0980046
0.115642
0.0323674
0.0108473
0.183219
0.181214
0.164443
0.196638
0.108644
0.0696986
0.104212
0.0796734
0.228091
0.178845
0.321651
0.122
0.130277
0.316941
0.11514
0.0176897
0.143987
0.173742
0.151333
0.163869
0.209573
0.193156
0.300417
0.14834
0.187779
0.15285
0.169254
0.151407
0.0330876
0.0542787
0.199531
0.139051
0.0632731
0.0334624
0.0724955
0.0253973
0.0884273
0.0605491
0.312991
0.277028
0.0792931
0.0359246
0.128774
0.0611064
0.0384933
0.0617708
0.293752
0.278748
0.0982499
0.0194128
0.0290498
0.0305976
0.0457145
0.0496014
0.350726
0.55806
0.18512
0.00811048
0.0354288
0.0315378
0.0790481
0.0244876
0.0747982
0.068906
0.0288719
0.0820155
0.377842
0.0729284
0.029282
0.0131832
0.00663041
0.00699018
0.0415513
0.220828
0.494021
0.115458
0.0469861
0.0273955
0.0956022
0.298018
0.0564146
0.037946
0.250522
0.0591829
0.0128906
0.00796006
0.00104086
0.00902925
0.0207658
0.202789
0.494021
0.107927
0.0354531
0.0244344
0.0116555
0.0204785
0.0497741
0.175377
0.267817
0.11337
0.080832
0.027649
0.0128474
0.0255632
0.0292474
0.23183
0.209062
0.0849673
0.00221583
0.00190554
0.00142713
0.00504987
0.0320566
0.247908
0.46043
0.0980621
0.0174346
0.00418288
0.00267152
0.00611178
0.0199253
0.46043
0.46043
0.10831
0.115314
0.0147209
0.0227308
0.0251297
0.00179741
0.130962
0.189981
0.137924
0.136404
0.0248994
0.0430075
0.0731082
0.0255325
0.0530062
0.186285
0.235602
0.0773113
0.00491821
0.00145415
0.00538295
0.018296
0.435331
0.492797
0.167325
0.125741
0.0247827
0.00472396
0.0058764
0.0570175
0.286853
0.350419
0.229706
0.137866
0.0871835
0.0242684
0.0932893
0.09036
0.0670741
0.195533
0.333844
0.321043
0.114251
0.0679195
0.105863
0.22183
0.1021
0.173767
0.26229
0.126408
0.0898438
0.0580142
0.0786367
0.124734
0.139781
0.130706
0.195362
0.209338
0.134531
0.187614
0.264617
0.381365
0.067433
0.0260547
0.103305
0.216539
0.0515412
0.130601
0.199622
0.187822
0.062673
0.0629656
0.0663276
0.0316309
0.033099
0.201627
0.318677
0.166324
0.028966
0.0141916
0.0123494
0.154453
0.0672425
0.170299
0.418208
0.28808
0.0390219
0.0325221
0.0465918
0.0483612
0.0369429
0.173924
0.473198
0.174923
0.0549941
0.0256409
0.0167304
0.143327
0.174896
0.0892879
0.0537281
0.050371
0.0454562
0.103798
0.144094
0.147905
0.168136
0.245536
0.267331
0.0408759
0.027636
0.0557722
0.217489
0.139622
0.0671805
0.0510988
0.0520487
0.0596915
0.101779
0.261571
0.266194
0.100382
0.0651517
0.220179
0.393985
0.111733
0.0689592
0.253153
0.341228
0.0147593
0.0410204
0.196489
0.257325
0.0558225
0.00208537
0.00473707
0.0256653
0.00211835
0.0130582
0.209114
0.486962
0.114283
0.00245344
0.00321147
0.00178753
0.0061137
0.0227934
0.203575
0.436783
0.104159
0.00889689
0.0206966
0.0330525
0.00138538
0.00379139
0.197409
0.486962
0.160801
0.00613743
0.00351239
0.00132634
0.0106397
0.01405
0.106365
0.519231
0.0906743
0.018727
0.0899839
0.0258545
0.0148633
0.0162115
0.00648394
0.0113816
0.0123322
0.120881
0.649783
0.0843916
0.0119869
0.00983655
0.0897492
0.401374
0.0982941
0.0118872
0.0196881
0.0136166
0.03382
0.0189715
0.00983631
0.00580393
0.0052841
0.00989226
0.0805226
0.0380309
0.00258037
0.00348494
0.000346763
0
0.00203267
0.12245
0.494964
0.0556162
0.000819383
0.00126443
0
0
0.00112254
0.365522
0.494964
0.0984058
0.0101324
0.00913011
0.00153529
0.00384191
0.00153341
0.0312091
0.131691
0.0243163
0.00683434
0.00818735
0.00189847
0.00443317
0.00134332
0.181288
0.494964
0.05125
0.00304432
8.18105e-005
0
0
0.0190028
0.262221
0.397354
0.0690839
0.00738396
0.00755625
0.00352885
0.0021186
0.0506724
0.329366
0.313691
0.0908746
0.00270973
0.0011849
0.000377091
0.000774402
0.00691432
0.18043
0.418594
0.059514
0.000324248
0.00195859
0.00195859
0.000490917
0.0244744
0.330984
0.418594
0.110425
0.0197278
0.026615
0.0299914
0.0357857
0.0779891
0.229752
0.202245
0.083824
0.0501956
0.062347
0.10452
0.113969
0.202017
0.0732099
0.0525021
0.0638238
0.01371
0.00881486
0.00828824
0.00464586
0.0692283
0.375382
0.480304
0.123517
0.0563503
0.0710537
0.0859354
0.050888
0.128329
0.343398
0.447983
0.117745
0.0505618
0.0507998
0.131835
0.227675
0.255505
0.0170114
0.010127
0.0207836
0.0362129
0.056036
0.18367
0.247415
0.173965
0.0243102
0.0104894
0.0123777
0.0536577
0.062956
0.19614
0.205965
0.205715
0.137427
0.220565
0.0566429
0.025944
0.0622845
0.54844
0.352717
0.206466
0.0176734
0.0273517
0.0263758
0.074039
0.0139501
0.015372
0.0586424
0.0627759
0.142829
0.184943
0.167223
0.0802552
0.00421696
0.0904758
0.34736
0.140134
0.0535839
0.182732
0.228697
0.0698268
0.0276777
0.0483529
0.119254
0.121848
0.17363
0.146537
0.112177
0.0352363
0.00810038
0.0466276
0.626089
0.239157
0.12581
0.106649
0.133741
0.00579009
0.00340223
0.128726
0.405453
0.104364
0.00598346
0.0172174
0.026358
0.00135332
0.00203871
0.111861
0.473059
0.116325
0.00767652
0.00157363
0.00230653
0.0024227
0
0.0774345
0.473059
0.166628
0.00966335
0.00919643
0.0154232
0.000856997
0.00395645
0.0904965
0.473059
0.142796
0.00793912
0.00350119
0.00134791
0.0372321
0.0181518
0.113395
0.678013
0.175861
0.0316397
0.0288263
0.0501503
0.0842352
0.0361346
0.0235464
0.0392893
0.00814545
0.0130615
0.0500784
0.0965321
0.0311608
0.043154
0.101056
0.478459
0.172794
0.0422659
0.0302632
0.0309573
0.0724879
0.0518784
0.0393359
0.0401183
0.0212722
0.0380638
0.0578073
0.131355
0.0376221
0.0254904
0.0126391
0.0382338
0.00890916
0.0158334
0.0505626
0.051821
0.0573554
0.0441011
0.0129094
0.0277069
0.0126878
0.118515
0.412161
0.0798101
0.112837
0.0555715
0.0158075
0.0386682
0.0121168
0.0226219
0.0300502
0.126033
0.602394
0.496863
0.0791581
0.0218831
0.013111
0.0179832
0.0167168
0.10456
0.0144151
0.00552893
0.000740451
0.00112802
0.00504424
0.075772
0.26957
0.0374778
0.0441437
0.0256696
0.00819562
0.000196602
0.0369352
0.227194
0.496877
0.0681716
0.232294
0.233501
0.0217731
0.000261935
0.0049891
0.00813692
0.0185362
0.0250237
0.411072
0.496877
0.0611068
0.00490744
0.0478048
0.0739263
0.156728
0.0412638
0.0287165
0.0294055
0.0250312
0.0107223
0.0878814
0.220986
0.445857
0.0506616
0.0196773
0.0333455
0.0402252
0.023561
0.0898307
0.301386
0.440278
0.092359
0.261829
0.307484
0.117944
0.0440899
0.114004
0.0956015
0.123987
0.0270032
0.169875
0.259512
0.126151
0.0857748
0.104313
0.116553
0.155204
0.070019
0.0220258
0.0242008
0.0932642
0.118482
0.086262
0.193119
0.330247
0.0757791
0.00609724
0.0150482
0.405871
0.352308
0.109355
0.0590242
0.0784833
0.0229213
0.108679
0.264053
0.188488
0.084774
0.0549937
0.139113
0.21936
0.0544652
0.0380345
0.0967432
0.299149
0.340197
0.130114
0.10346
0.117962
0.0175895
0.082171
0.061232
0.0568777
0.100123
0.099009
0.0831156
0.0605008
0.0350991
0.0366638
0.0341625
0.08652
0.526618
0.152349
0.0742598
0.0134085
0.0148396
0.0941103
0.143868
0.165195
0.197438
0.13999
0.0453336
0.0172546
0.0131349
0.0606805
0.0935061
0.237193
0.589846
0.210754
0.0331151
0.0005578
0.00233333
0.00201608
0.00150918
0.0792378
0.498137
0.131602
0.0087672
0.00218
0.00133054
0.00118053
0.00224207
0.0477957
0.419055
0.107441
0.00996207
0.00927585
0.00137818
0.0155967
0.0183002
0.144241
0.498137
0.203193
0.0178681
0.00153582
0
0.117186
0.176039
0.0781441
0.334556
0.120268
0.0282296
0.00929815
0.0106241
0.0187996
0.0130495
0.00660778
0.0540293
0.0290232
0.0123234
0.0115282
0.00756904
0.100274
0.128919
0.00485656
0.00321255
0.0040434
0.0129109
0.0202016
0.0321621
0.263009
0.459612
0.00680213
0.0212723
0.0203548
0.0121863
0.00745464
0.0254817
0.507334
0.605013
0.0126783
0.000555141
0.00080871
0.00569187
0.00826272
0.0391654
0.112174
0.191262
0.00227199
0.00355357
0.00122694
0.00379158
0.00906506
0.022861
0.263055
0.411338
0.0519353
0.00231706
0.000801034
0.000712222
0.00347243
0.0155071
0.284095
0.478763
0.0405582
0.000597953
2.18554e-005
0.00161055
0.00432447
0.0158403
0.30934
0.478763
0.156768
0.00236429
0
0.000189788
0.00646611
0.0130719
0.251443
0.369355
0.0747578
0.000370077
0.00037512
0.000261119
0.00695944
0.0180736
0.307969
0.431448
0.140893
0.0163212
0.008426
0.00192524
0.00778752
0.0273558
0.16587
0.413935
0.160576
0.00432035
0.000304354
0.00121203
0.0242673
0.0211154
0.131308
0.382914
0.235869
0.0501771
0.0266384
0.0096584
0.0271165
0.021612
0.307058
0.366045
0.213279
0.0846004
0.037768
0.0144677
0.00295342
0.0169645
0.203496
0.384623
0.221527
0.17172
0.0734297
0.0187945
0.00919145
0.0159999
0.136983
0.246311
0.247227
0.151997
0.126337
0.0573454
0.00710107
0.00968606
0.0944854
0.205866
0.188516
0.245836
0.227184
0.0918133
0.00608753
0.00308696
0.122667
0.344482
0.202625
0.0762708
0.0661808
0.0390501
0.0295142
0.0177814
0.070749
0.156721
0.190483
0.232778
0.211207
0.104265
0.0321797
0.0235543
0.0884386
0.166974
0.116355
0.189588
0.205983
0.0820938
0.00975737
0.0179968
0.0691286
0.0797541
0.100022
0.299964
0.46662
0.328642
0.105046
0.0278436
0.0324859
0.0926407
0.124992
0.179677
0.0835893
0.0172062
0.0194068
0.0171584
0.0162195
0.0469679
0.144185
0.535974
0.204207
0.0290846
0.0103754
0.0234323
0.0684519
0.0539652
0.131468
0.338199
0.0922965
0.0242054
0.0619717
0.0488656
0.0920567
0.050982
0.148371
0.535974
0.217098
0.0404631
0.0223078
0.0606373
0.0463303
0.0810356
0.0555287
0.408833
0.167424
0.0300231
0.00360857
0.048949
0.233709
0.450043
0.0449758
0.140157
0.0665198
0.0291785
0.00379261
0.0398049
0.167695
0.196129
0.0564907
0.190405
0.115601
0.0319093
0.00779711
0.101303
0.313656
0.458727
0.073413
0.0529993
0.0456332
0.0522807
0.0232169
0.0746181
0.241933
0.457875
0.0281869
0.00320022
0.00287978
0.00338199
0.000706598
0.0100157
0.284941
0.457875
0.0759261
0.00315666
0
0.00132644
0.0128021
0.00928528
0.215509
0.404282
0.0894416
0.0511283
0.0174922
0.0231094
0.0269642
0.0187161
0.195182
0.306099
0.174609
0.043135
0.0146387
0.0189227
0.0349652
0.0201509
0.247084
0.547585
0.153883
0.00136907
0
0.0012389
0.0169666
0.00985043
0.189775
0.5142
0.177836
0.00189047
0.00228011
0.00775007
0.0221616
0.0260338
0.178556
0.278504
0.152994
0.00863936
0.00552108
0.0354332
0.0716727
0.0478333
0.151908
0.214827
0.0600273
0.0103232
0.0120161
0.0601297
0.0781708
0.0574266
0.140771
0.492941
0.198087
0.0136282
0.00524089
0.0302032
0.0726652
0.0469656
0.0995731
0.460239
0.263959
0.131685
0.0715782
0.0896326
0.069093
0.0483526
0.162498
0.195539
0.0549981
0.0164969
0.0298128
0.0781451
0.073297
0.0573179
0.151778
0.180061
0.118922
0.268436
0.152251
0.137552
0.0847641
0.0900398
0.0512541
0.137104
0.206324
0.164845
0.163271
0.0929678
0.0241351
0.0242625
0.0268902
0.074946
0.203607
0.312451
0.31503
0.119872
0.0308131
0.0138849
0.072469
0.0905911
0.1608
0.244411
0.151575
0.115831
0.102865
0.0824614
0.0841093
0.0934578
0.306095
0.402134
0.261515
0.104986
0.145063
0.158793
0.019322
0.0292104
0.0829566
0.2957
0.221176
0.0791771
0.0162727
0.00469445
0.0368823
0.010603
0.0451265
0.185833
0.350878
0.480195
0.130681
0.0102826
0.0328237
0.0305331
0.130653
0.382754
0.19492
0.0410499
0.0351287
0.0422066
0.026598
0.00705352
0.0164323
0.106693
0.154108
0.347381
0.110075
0.0471128
0.148124
0.0494219
0.112026
0.262285
0.129803
0.0598434
0.0594688
0.140657
0.231764
0.1097
0.22559
0.389415
0.2
0.10516
0.0601425
0.106956
0.164604
0.045133
0.0414004
0.0631379
0.0582702
0.0745658
0.201525
0.35198
0.222943
0.163273
0.181367
0.139552
0.117728
0.0985461
0.20194
0.237829
0.290038
0.264844
0.1845
0.111775
0.113316
0.0582894
0.0260926
0.0589767
0.270572
0.407817
0.133025
0.0543453
0.0913635
0.138534
0.0735605
0.0963884
0.285186
0.188336
0.173421
0.0891107
0.0891164
0.0495823
0.0807923
0.0901162
0.307829
0.202827
0.0831193
0.0258906
0.0730766
0.0920841
0.151575
0.23946
0.262988
0.32094
0.173016
0.127806
0.0637938
0.0988824
0.0856444
0.108908
0.27572
0.23172
0.212723
0.123295
0.0667612
0.0767432
0.0521707
0.0721219
0.27657
0.182414
0.0794822
0.0526881
0.0585267
0.0918131
0.141611
0.375799
0.168828
0.114472
0.104517
0.0967757
0.0850146
0.120275
0.181607
0.235827
0.270559
0.181341
0.112792
0.0614894
0.0637308
0.159105
0.130432
0.172196
0.226693
0.179301
0.0947983
0.0697502
0.0469237
0.195809
0.156113
0.170728
0.215051
0.0937322
0.0728006
0.0813659
0.0820613
0.144253
0.210027
0.203587
0.27372
0.199634
0.0805883
0.0880639
0.0683441
0.187629
0.11019
0.37267
0.184617
0.190233
0.0682519
0.0271353
0.043559
0.0747175
0.039964
0.0637076
0.156214
0.272674
0.110418
0.280094
0.313808
0.091742
0.0439556
0.0792761
0.162066
0.149576
0.0827867
0.0881835
0.0837794
0.137565
0.0439561
0.170929
0.157852
0.159357
0.160856
0.378929
0.371973
0.121558
0.0717529
0.0817629
0.0835458
0.140365
0.10388
0.172821
0.150337
0.05592
0.0614716
0.0957757
0.123582
0.0996118
0.173754
0.236569
0.19605
0.0449665
0.141954
0.252864
0.059767
0.0901391
0.163968
0.253487
0.167613
0.0390506
0.0320041
0.0607768
0.0730938
0.0467042
0.249625
0.511925
0.316907
0.0250116
0.0467817
0.141687
0.0562443
0.0428297
0.12406
0.363882
0.268735
0.0229401
0.0711563
0.106583
0.052973
0.0109124
0.0197427
0.117655
0.138548
0.120358
0.0894562
0.058665
0.0252274
0.0229106
0.15818
0.614627
0.365854
0.0154913
0.0346095
0.0591433
0.0553334
0.0310279
0.0402647
0.192064
0.147258
0.04698
0.0313994
0.0135052