0.0759996
0.0303618
0.000651501
0.00931646
0.0419449
0.14631
0.190269
0.0944111
0.115758
0.0882185
0.0407652
0.0240318
0.0266889
0.0623952
0.120533
0.156096
0.119489
0.0939377
0.0755776
0.0112151
0.0999381
0.137507
0.0546516
0.0495682
0.580968
0.323292
0.244833
0.0145011
0.0658213
0.0629924
0.0346077
0.308489
0.0388181
0.0385691
0.033312
0.0189344
0.013386
0.021958
0.0181532
0.0348975
0.0673879
0.0399767
0.0513099
0.0266033
0.0308345
0.030628
0.0296224
0.0403907
0.435884
0.120868
0.0701896
0.0117094
0.00997058
0.00645221
0.0301459
0.409065
0.285813
0.0503032
0.0584739
0.0365967
0.0244049
0.0748368
0.213584
0.596446
0.162947
0.0927173
0.0883417
0.0388505
0.0840123
0.0518928
0.0741872
0.0803853
0.12739
0.117239
0.0841215
0.0267961
0.0572491
0.0588084
0.0845526
0.0719667
0.228005
0.110374
0.091607
0.0539179
0.0690152
0.1793
0.426526
0.475238
0.192498
0.127466
0.037091
0.00663346
0.0544929
0.129521
0.215405
0.132429
0.078617
0.0910167
0.0920105
0.0567011
0.101042
0.0683506
0.0990274
0.0848524
0.0582093
0.0785624
0.0634585
0.0867668
0.112896
0.083979
0.207541
0.440014
0.116008
0.120668
0.0465462
0.0267683
0.0833936
0.12214
0.164312
0.126402
0.076498
0.0983348
0.0651813
0.0575048
0.0969364
0.206503
0.320427
0.354121
0.0570317
0.0480255
0.0394104
0.0674943
0.0497688
0.0405112
0.178404
0.350124
0.0980099
0.0850947
0.0316114
0.0708004
0.0477856
0.127225
0.272166
0.203433
0.0762045
0.0532365
0.0422895
0.0312104
0.0396158
0.0938903
0.272381
0.308632
0.186555
0.128966
0.0292521
0.0303658
0.0479092
0.0872579
0.24784
0.300557
0.0842131
0.096419
0.0402706
0.066074
0.020791
0.114127
0.148936
0.129758
0.142819
0.181776
0.0781073
0.110727
0.00913918
0.17737
0.130982
0.238581
0.129388
0.0798291
0.031562
0.0225958
0.0440901
0.11303
0.171021
0.237411
0.152127
0.114227
0.0545155
0.0423223
0.0575444
0.304942
0.260081
0.419711
0.154236
0.107393
0.0385622
0.0260386
0.000132227
0.0703454
0.149526
0.161715
0.200792
0.155125
0.0768025
0.0271701
0.0358824
0.0379454
0.160655
0.147587
0.197389
0.0952915
0.0300402
0.0126519
0.006896
0.0961225
0.288248
0.327613
0.325066
0.125158
0.0522883
0.0299145
0.0950858
0.136591
0.376286
0.251391
0.0237897
0.0332594
0.0571227
0.0318432
0.0478424
0.0271328
0.0208065
0.0134414
0.215036
0.200542
0.270336
0.115217
0.067756
0.0263352
0.0342675
0.0914641
0.00231652
0.00834748
0.0439369
0.0913858
0.175657
0.059092
0.0617879
0.0193912
0.0682652
0.125156
0.252679
0.444846
0.619582
0.0972605
0.0544769
0.023784
0.186835
0.0892609
0.0605466
0.0278954
0.00852909
0.0134573
0.0662083
0.226803
0.123825
0.0340487
0.00292837
0.00409951
0.00937972
0.0659443
0.250446
0.387957
0.138163
0.134106
0.10605
0.18036
0.147361
0.0304647
0.0816402
0.139425
0.225895
0.154354
0.0771777
0.0593182
0.0439073
0.100935
0.405741
0.472907
0.0376884
0.0109552
0.00189364
0.00216982
0.0136278
0.08163
0.241384
0.174931
0.0409232
0.0063221
0.00122587
0.000200017
0.00488158
0.0363598
0.160807
0.107082
0.0654023
0.05816
0.0186537
0.0101288
0.056351
0.181427
0.509135
0.341179
0.0558876
0.0201777
0.00513255
0.016548
0.0323755
0.233832
0.509135
0.271078
0.0480435
0.0151559
0.00918583
0.00237065
0.00420954
0.017449
0.110897
0.0838623
0.0316873
0.0130657
0.0140719
0.00835999
0.00730494
0.0279298
0.0662428
0.0510038
0.161786
0.0286589
0.00700999
0.0105592
0.00919306
0.194743
0.549213
0.471752
0.121185
0.0241008
0.0138456
0.00169682
0
0.0982564
0.338898
0.395755
0.0413095
0.0147456
0.025119
0.0222054
0.0261401
0.0692225
0.144331
0.134615
0.0681383
0.0259842
0.0220668
0.0219493
0.052571
0.0766253
0.152177
0.189401
0.0889189
0.0195124
0.031037
0.00708032
0.0116667
0.169576
0.413795
0.531578
0.0528273
0.0169773
0.0764712
0.0315251
0.0588293
0.173231
0.229291
0.28332
0.0583078
0.025673
0.0186269
0.0228787
0.0381197
0.0684096
0.193995
0.235199
0.0818789
0.0636552
0.0478748
0.0523088
0.0944312
0.173076
0.19879
0.412612
0.06203
0.047997
0.0709974
0.0803042
0.0685646
0.0897931
0.194299
0.172755
0.0908723
0.117595
0.0878596
0.162792
0.378192
0.122791
0.215407
0.147609
0.0792255
0.0242052
0.0161162
0.0225863
0.0430884
0.0640827
0.195956
0.386424
0.100877
0.0174345
0.00671715
0.009996
0.0955338
0.150975
0.404981
0.388623
0.055427
0.0662855
0.075254
0.10985
0.211681
0.058288
0.0791722
0.167333
0.0747344
0.0310404
0.0619042
0.0920174
0.107035
0.128985
0.179211
0.267826
0
0
0.00999833
0.0810297
0.107612
0.0295881
0.0252425
0.00596816
0.00308684
0.00697869
0.0400905
0.372678
0.441655
0.0421753
0.0076561
0.000906031
0.014042
0.00490144
0.0259004
0.0918723
0.132161
0.0441823
0.0116704
0.0118061
0.00353725
0.00279246
0.0276314
0.450016
0.590615
0.0567253
0.000575918
0.0139515
0.0422412
0.0441777
0.0677873
0.236527
0.195207
0.00838297
0.00746804
0.015605
0.117455
0.0992795
0.120079
0.189347
0.106012
0.0205466
0.217988
0.219852
0.00426072
0.00574489
0.0237818
0.381739
0.415571
0.00770465
0
0.00101795
0.0217041
0.0417706
0.0701429
0.415571
0.40284
0.000182924
0.0799914
0.0840849
0.0388787
0.0451065
0.0327274
0.035699
0.026307
0.0548011
0.423877
0.259874
0.046478
0.0225581
0.0046624
0.0189715
0.0143927
0.144969
0.445519
0.218507
0.020754
0.0276676
0.0266852
0.119342
0.0714133
0.00631674
0.275488
0.190228
0.0287562
0.0122886
0.00175119
0.00679612
0.00150251
0.0895747
0.445519
0.296198
0.0608748
0.0200821
0.00327079
0.0106722
0.00637593
0.104677
0.286926
0.180368
0.0392664
0.00887238
0.00912907
0.00360178
0.00560745
0.098814
0.260115
0.229403
0.0300973
0.0138311
0.00836192
0.00948005
0.00635777
0.0964429
0.463991
0.315679
0.0331523
0.00959526
0.0291433
0.00540267
0.0121682
0.178589
0.463991
0.342507
0.016459
0.00246257
0.00603249
0
0.00183096
0.0711666
0.199347
0.209543
0.0149187
0.00647852
0.0110387
0.00472289
0.00897111
0.0777179
0.127412
0.0922751
0.0304794
0.00897961
0.0124143
0
0.0392972
0.192777
0.527915
0.310414
0.0277981
0.017028
0.0049758
0.00171795
0.0454167
0.206762
0.527915
0.296781
0.0229357
0.0132413
0.0128761
0.0143191
0.0179029
0.0460337
0.0776206
0.053944
0.0153487
0.012819
0.0135045
0.0278317
0.0764145
0.0391958
0.0627096
0.0178043
0.0310619
0.0179575
0.0112572
0.00917331
0.0195173
0.112575
0.70303
0.364645
0.0509776
0.0200362
0.0235558
0.0202898
0.0627306
0.0730278
0.465091
0.167068
0.0674268
0.0688749
0.086482
0.103881
0.224131
0.0985608
0.122306
0.0650364
0.137429
0.0808883
0.0995465
0.108519
0.112569
0.115494
0.0527279
0.110569
0.182265
0.0677848
0.0684998
0.0362558
0.172412
0.24104
0.487863
0.163825
0.227745
0.120888
0.127363
0.0386981
0.148801
0.199099
0.120433
0.124724
0.0120307
0.00599697
0.029663
0.0834772
0.0839114
0.0178481
0.00583415
0.0137742
0.00304279
0.00352999
0.0175332
0.365385
0.436674
0.0222103
0
0.0183103
0.00194423
0.00629213
0.0272315
0.175065
0.134751
0.0083085
0.00207171
0.00378225
0.000434393
0.000854977
0.012637
0.546131
0.506981
0.0049202
0
0.00457757
1.42398e-005
0
0.000257474
0.275547
0.304605
0.0029267
0
0.00126733
0.00339495
0.00560665
0.00537296
0.351192
0.330889
0
0.00187195
0.00469411
3.55995e-006
0
0.000155076
0.379456
0.355969
0.000231403
0
0.000316832
0.00191957
0.00203427
0.00616114
0.380725
0.380725
0
0
0.000160931
0.0370924
0.0339992
0.0190572
0.319571
0.270356
0.00647598
0.0962604
0.0797075
0.0276523
0.0147154
0.00541735
0.0175318
0.0101443
0.0594323
0.549073
0.333659
0.0303969
0.0268122
0.0402044
0.343686
0.413758
0.00251305
0.00756536
0.00977661
0.0438361
0.0337348
0.0201182
0.0440988
0.0268604
0.0222921
0.036762
0.0503151
0.0061147
0.00156408
0.00428477
0.00597303
0.00629651
0.0354713
0.4619
0.249527
0.0178922
0.00673625
0.014296
0.00164282
0.0077003
0.131837
0.585531
0.31662
0.030177
0.028305
0.0104183
0.0118234
0.00970322
0.009389
0.0672456
0.0382577
0.113507
0.25006
0.0323437
0.0067104
0.00584146
0.0126917
0.326775
0.112154
0.0162942
0.00833106
0.00262738
4.66121e-005
0.0205963
0.0908872
0.42592
0.137301
0.0132749
0.0129356
0.00614876
0.000733978
0.0434998
0.179843
0.42592
0.11438
0.139989
0.250261
0.0186331
0.000931565
0.0145667
0.0646257
0.310419
0.0636335
0.170346
0.290801
0.0880957
0.0385652
0.105558
0.276636
0.3477
0.0264166
0.00455415
0.00657306
0.00737574
0.00362213
0.0380148
0.114874
0.451113
0.145561
0.0247436
0.00602722
0.00604965
0.00321512
0.0233843
0.140432
0.464612
0.132835
0.0838263
0.117262
0.0806308
0.0864545
0.150525
0.23632
0.252605
0.0857685
0.0652676
0.107817
0.053807
0.0839472
0.0739695
0.308769
0.35515
0.140887
0.048693
0.00866244
0.00590367
0.000683056
0.0226027
0.280948
0.336708
0.0779209
0.0884533
0.018062
0.0139469
0.00370403
0.0167607
0.0953588
0.0577698
0.0951442
0.0719778
0.176917
0.0836523
0.1087
0.11511
0.572541
0.366375
0.111169
0.213748
0.075509
0.0364441
0.0285992
0.0586172
0.181014
0.101966
0.222028
0.00460577
0.00880598
0.0185657
0.111918
0.118844
0.024083
0.0082804
0.0103706
0.00366687
0.00283072
0.00567148
0.444482
0.471302
0.019872
0.00507452
0.0114353
0.0155324
0.0117055
0.0629751
0.115435
0.0944712
0.0281329
0.0174686
0.0234878
0.00777707
0.0113229
0.141289
0.555831
0.370541
0.0172294
0.0241871
0.038997
0.000214276
0.000186026
0.00030434
0.30677
0.293906
0.000778168
0
0.000704048
0.000805629
0.00178329
0.00407517
0.352467
0.344854
0
0.000269868
0.00114738
0.000321414
0.000744103
0.0263674
0.377857
0.316477
0.0177142
0.00656437
0.00964024
0.0491896
0.0389919
0.0116707
0.377857
0.377857
0.0592992
0.00816537
0.0401502
0.0185543
0.0228913
0.01706
0.154228
0.147747
0.000539252
0.00150073
0.00457129
0.0980912
0.108842
0.0168366
0.0147643
0.00922495
0.00389269
0.00280502
0.013806
0.184714
0.365195
0.0747235
0.147831
0.140849
0.0399635
0.00547205
0.0466571
0.568871
0.568871
0.0942792
0.0104829
0.00356567
0
0.000418832
0.00696492
0.0935628
0.17903
0.0244154
0.00382975
0.00270763
0.00142992
0.00250661
0.0100211
0.235624
0.446653
0.046094
0.00334087
0.00707175
0.00599181
0.0107387
0.00488788
0.342507
0.446653
0.0907118
0.0147514
0.00469069
0
0.00898578
0.010488
0.339845
0.446653
0.115344
0.0137306
0.0275826
0.0209364
0.0244721
0.0341704
0.229062
0.415309
0.0477359
0.00765799
0.0154396
0.0172356
0.0199182
0.00826601
0.267449
0.398255
0.0832435
0.0591347
0.0460736
0.0716367
0.0314582
0.0307871
0.229913
0.415309
0.0622883
0.0287136
0.0445876
0.015415
0.00924032
0.0291172
0.251437
0.415309
0.0643453
0.0707534
0.0239216
0.00446636
0.000244085
0.0470244
0.206378
0.313218
0.0607938
0.0852961
0.0740642
0.094582
0.0352199
0.0611459
0.224702
0.390926
0.0587153
0.0577055
0.0392416
0.102482
0.0510295
0.0860597
0.280555
0.49412
0.0194543
0.0389363
0.0197878
0.00965338
0.00451195
0.0319613
0.274148
0.37617
0.0169345
0.00430422
0.0254227
0.0235086
0.0139669
0.0263897
0.281774
0.540046
0.158619
0.0976243
0.0972534
0.19922
0.0778977
0.0733915
0.275869
0.236364
0.0710103
0.0256851
0.051318
0.0726874
0.0383643
0.113576
0.289563
0.335387
0.0744478
0.0194669
0.0369098
0.0535261
0.0154478
0.0297291
0.145946
0.204736
0.0717284
0.0272397
0.00969449
0.0248203
0.0131053
0.0342486
0.00957588
0.00431833
0.0503065
0.14573
0.134025
0.0148546
0.00626839
0.0105577
0.00305203
0.00419058
0.135251
0.458385
0.387143
0.0146863
0.0286542
0.039206
0.00904449
0.00531618
0.0335516
0.164723
0.168491
0.0734755
0.0114502
0.00796579
0.0313394
0.0179578
0.0914016
0.469759
0.439845
0.138037
0.02888
0.0907227
0.00655226
0.000330718
0.0343486
0.245334
0.35623
0.0809141
0.0568031
0.0418194
0.2622
0.155074
0.0147735
0.180479
0.347082
0.156796
0.100806
0.174277
0.0445793
0.0435589
0.032805
0.123063
0.227126
0.113874
0.122688
0.121601
0.332648
0.313811
0.0478511
0.130369
0.104577
0.0892591
0.192256
0.211538
0.2419
0.33172
0.0552462
0.0291167
0.0371857
0.0285597
0.016184
0.062987
0.283975
0.411472
0.0836067
0.013822
0.00180161
0
2.21576e-005
0.00459745
0.347735
0.349845
0.0406596
0.0574714
0.00589053
0.00787574
0.0253811
0.0545054
0.30952
0.411472
0.0696957
0.0133336
0.000450403
0.000687577
0.00220787
0.0332717
0.287412
0.464295
0.0662524
0.0270647
0.00781198
0
0.0072327
0.00669351
0.216748
0.464295
0.0734437
0.0186775
0.0142417
0.00765514
0.0149351
0.0279395
0.19647
0.421016
0.0469038
0.00851211
0.00195299
0.0046325
0.0124676
0.0373232
0.143878
0.371858
0.028998
0.00427799
0.0094829
0.0128422
0.021234
0.0291797
0.227203
0.641318
0.0553835
0.0221131
0.0298275
0.010872
0.00776206
0.036292
0.20771
0.51888
0.055101
0.0495414
0.0177114
0.00440851
0.00132984
0.0375059
0.11083
0.324666
0.0304728
0.00432435
0.0128042
0.0204091
0.0211134
0.0388142
0.0644454
0.114607
0.0559654
0.0437797
0.0295957
0.0523704
0.0109268
0.0344406
0.36215
0.610711
0.0411213
0.0468194
0.0319929
0.0147439
0.0318989
0.0633445
0.248725
0.201854
0.0342514
0.0400094
0.100685
0.100167
0.0690181
0.0667401
0.116926
0.155387
0.158459
0.10195
0.0702257
0.0794046
0.0378873
0.0916827
0.15616
0.108928
0.0815212
0.131547
0.045076
0.139848
0.117072
0.161991
0.144253
0.0801758
0.071289
0.0802857
0.108687
0.163614
0.0448724
0.0532672
0.127448
0.154287
0.124801
0.0749388
0.0452138
0.0879387
0.0422815
0.101111
0.184131
0.0841088
0.041671
0.185921
0.0344408
0.141488
0.172619
0.266521
0.27027
0.157772
0.114225
0.0698763
0.0528551
0.0985507
0.327037
0.448982
0.00552967
0.0115407
0.0220961
0.128761
0.18345
0.198594
0.0248463
0.00486995
0.0984863
0.0631412
0.0880366
0.385022
0.359002
0.365625
0.1685
0.232915
0.0220858
0.0205094
0.0132989
0.0376365
0.133493
0.175136
0.0483178
0.0258433
0.139048
0.0518121
0.0179912
0.068957
0.152957
0.224196
0.261603
0.277755
0.172801
0.108969
0.0520249
0.11695
0.0931721
0.0858268
0.132918
0.230388
0.425856
0.456754
0.08613
0.150937
0.014267
0.0142829
0.0943551
0.189752
0.231649
0.0817765
0.0212518
0.0399085
0.0306465
0.0341466
0.0990891
0.183223
0.38947
0.229075
0.0434706
0.0406201
0.00318054
0.00515038
0.0235461
0.12081
0.408071
0.553182
0.0572037
0.0745279
0.00138444
0.000334159
0.0130023
0.058611
0.41535
0.42433
0.0370537
0.00475227
0.00194102
0.00374907
0.0137819
0.115466
0.164957
0.18587
0.0339969
0.0224477
0.00970481
0.00739036
0.0161725
0.061724
0.0708249
0.0599222
0.0111469
0.0130486
0.0153509
0.0274165
0.0257514
0.0843457
0.395027
0.513584
0.0539378
0.00173866
0.00160562
0.0281491
0.0973806
0.328307
0.177268
0.305501
0.0459279
0.00287617
0.0330349
0.0632124
0.11353
0.256908
0.0769168
0.028476
0.0197727
0.0363546
0.015002
0.0518684
0.0815307
0.206852
0.0600759
0.0686931
0.0836931
0.0640191
0.0308334
0.0939682
0.0620637
0.142441
0.202769
0.239174
0.0764008
0.00573721
0.0408151
0.0865563
0.105349
0.196989
0.186466
0.13799
0.235074
0.187497
0.0934991
0.165147
0.102403
0.13563
0.132525
0.165264
0.20163
0.0661409
0.0634283
0.0799575
0.0559631
0.163065
0.232436
0.15203
0.199414
0.175505
0.0553439
0.132291
0.190134
0.304178
0.136044
0.0902354
0.215956
0.177699
0.0998825
0.0699271
0.0493045
0.159397
0.242092
0.0812511
0.08811
0.168253
0.0497077
0.100418
0.141833
0.334719
0.134928
0.0292315
0.0965508
0.132845
0.0555257
0.0823235
0.154465
0.272174
0.185141
0.0304751
0.0545634
0.0678036
0.0472063
0.0472206
0.223958
0.425806
0.145069
0.0388843
0.015591
0.0822562
0.00404365
0.0650935
0.15538
0.286974
0.196426
0.0877114
0.0619375
0.017208
0.0207946
0.102428
0.23943
0.44012
0.167794
0.0659132
0.0268836
0.0306227
0.0087658
0.0320611
0.132841
0.268166
0.298727
0.292108
0.0496683
0.0299866
0.030993
0.0793808
0.073369
0.293057