0.00431912
0.0271946
0.0686175
0.213637
0.124103
0.00725396
0.00268717
0.00471985
0.0627415
0.105778
0.109201
0.362877
0.246404
0.029295
0.0298778
0.0668502
0.00039793
0.0114479
0.081018
0.303115
0.160572
0.0165842
0.00942615
0.00203125
0.00962288
0.0163155
0.126088
0.590797
0.343164
0.0264686
0.00272692
0.00962288
0.0852856
0.0451512
0.038261
0.10778
0.101121
0.0987276
0.156844
0.110194
0.053026
0.000646376
0.00644685
0.00459817
0.0118353
0.258325
0.392255
0.186745
0.0754416
0.049605
0.119651
0.260076
0.139556
0.0498281
0.0500838
0.0683222
0.117539
0.0707864
0.0900249
0.0723979
0.00961143
0.137128
0.587204
0.24106
0.0116675
0.00166168
0.00811822
0.00442728
0.0102142
0.166738
0.199752
0.148135
0.0100055
0.00179975
0.0164508
0.0169165
0.0160524
0.12305
0.17395
0.0726039
0.0188266
0.0158892
0.0162091
0.00417567
0.0108956
0.18378
0.552408
0.153225
0.00511019
0.00500484
0.00738881
0.00321142
0.0149079
0.279555
0.563007
0.129379
0.0155875
0.0127014
0.037374
0.0251288
0.01449
0.0782962
0.185144
0.0370375
0.0348697
0.0347666
0.0409348
0.0266815
0.0234406
0.0385042
0.0742712
0.0473846
0.0275499
0.010342
0.0136981
0.00462558
0.00555242
0.262731
0.68603
0.12751
0.0472529
0.0599379
0.0662617
0.0119363
0.0101517
0.190758
0.45473
0.103589
0.0913226
0.0754743
0.0762556
0.0879502
0.0879502
0.043196
0.0603487
0.0990718
0.0827456
0.221179
0.212945
0.0930657
0.0930657
0.0320353
0.0440604
0.0822314
0.140848
0.201168
0.1843
0.0516151
0.0529233
0.171749
0.340817
0.178269
0.157846
0.349694
0.277746
0.0787354
0.0829915
0.0377561
0.0703492
0.146176
0.0510874
0.221814
0.202906
0.0870066
0.0870066
0.0219401
0.0247909
0.0444888
0.060039
0.180709
0.194523
0.184173
0.172967
0.0510837
0.0983682
0.0659755
0.107875
0.247713
0.183821
0.141131
0.136872
0.0310049
0.0335424
0.0814808
0.0987813
0.173745
0.154941
0.242523
0.295764
0.202453
0.152982
0.0859961
0.0198261
0.0997078
0.191272
0.271367
0.185975
0.0350185
0.0399361
0.0155286
0.0561684
0.0684727
0.17441
0.296074
0.202866
0.0597727
0.0889196
0.0872628
0.032823
0.13182
0.251942
0.212276
0.211562
0.129271
0.0624082
0.0150785
0.0884782
0.135522
0.332235
0.218851
0.180487
0.121749
0.0366444
0.0777151
0.00121266
0.0060182
0.0675081
0.220867
0.0708769
0.0304808
0.00670697
0.00181807
0.00336827
0.00270528
0.0929007
0.528541
0.134637
0.0074957
0
0.00336827
0.00661816
0.0190528
0.0772377
0.228299
0.0743431
0.0193901
0.0112418
0.00759871
0.000639522
0.0131596
0.118441
0.664237
0.154111
0.00300379
0
0.000639522
0.0217652
0.0249214
0.0949314
0.344685
0.0709352
0.00347898
0.0074577
0.0306746
0.0381169
0.0399002
0.0964541
0.206524
0.0315746
0.0360346
0.371235
0.124534
0.000746196
0.00374792
0.0678496
0.579844
0.15087
0.000880577
0.000107693
0.00386931
0.0134127
0.0126317
0.0487627
0.42429
0.119255
0.0211395
0.127931
0.0399939
0.00714563
0.00832234
0.0148847
0.0139486
0.0105586
0.0754471
0.416161
0.0678718
0.00463243
0.00229724
0.00274548
0
0.0110516
0.135128
0.482803
0.0911277
0.00787937
0.00881948
0.0110031
0.0420799
0.0216392
0.0387199
0.261686
0.0605597
0.00766525
0.00398583
0.000991303
0.00448308
0.0069481
0.0744717
0.632657
0.103949
0.0152132
0.000312235
0.000312235
0.00132114
0.00280056
0.113959
0.327699
0.0575242
0.0133167
0.00959813
0.0138972
0.0039243
0.00307484
0.144171
0.335472
0.0483928
0.00766701
0.000719809
0
0.00538696
0.00575682
0.113533
0.540791
0.0783743
0.00309947
0
0.0012445
0.00835405
0.00991518
0.192019
0.560736
0.118977
0.0152973
0.0267802
0.0291028
0.00485479
0.00532094
0.11219
0.257445
0.0661763
0.0258389
0.0448086
0.0446165
0.00989681
0.00876851
0.0375125
0.115943
0.0635226
0.00161869
0.00227379
0.00590538
0.00548288
0.00679545
0.229842
0.559294
0.161408
0.00470549
0.00961491
0.0248851
0.0117771
0.00765526
0.291023
0.55402
0.146969
0.0353115
0.0526355
0.0760433
0.0586437
0.0444041
0.0421939
0.0669899
0.0454417
0.0303285
0.0370597
0.0630154
0.128509
0.141199
0.0938349
0.0528854
0.0281882
0.0136543
0.0218991
0.0860015
0.0539418
0.036426
0.461646
0.581119
0.0967136
0.0353022
0.0355218
0.141748
0.178742
0.156694
0.194499
0.277875
0.0570017
0.0308405
0.0459697
0.136838
0.205824
0.237395
0.126083
0.0537695
0.0250808
0.120231
0.10092
0.202148
0.147848
0.131137
0.0885437
0.0659589
0.0822528
0.12798
0.114842
0.132904
0.219603
0.241634
0.144387
0.129736
0.102144
0.37802
0.276732
0.131733
0.0947881
0.102099
0.0904513
0.114335
0.212852
0.00773654
0.0153898
0.0416139
0.176445
0.0909431
0.016528
0.0105356
0.00609758
0
0.0149932
0.0742607
0.48421
0.184516
0.00293928
0
0
0.0146501
0.0124908
0.0598227
0.281304
0.123272
0.0317062
0.0109246
0.00946712
0
0.00350794
0.055165
0.648711
0.269384
0.0124533
0.0100905
0
0
0.00549938
0.0429602
0.457328
0.190549
0.00306121
0
0
0.00655654
0.00850086
0.0220933
0.321238
0.129475
0.0124124
0.00825182
0.0101178
0
0.00134658
0.0255404
0.571513
0.261491
0.0115769
0.00587708
0
0.00634402
0.00640737
0.0184797
0.355705
0.170499
0.0306347
0.00602135
0.00556248
0.0234089
0.0389048
0.0371639
0.134485
0.0833598
0.0241993
0.146641
0.073864
0.066924
0.0599413
0.0298786
0.0298203
0.0264991
0.124556
0.790426
0.159234
0.0388426
0.0420449
0.0489211
0.108082
0.0825536
0.038303
0.0372593
0.0440101
0.0976334
0.115175
0.0665696
0.0273431
0.0407121
0.0479601
0.0964422
0.0907034
0.0155266
0.00929704
0.00730643
0.00488436
0.00409744
0.0909941
0.411604
0.0822827
0.0027603
0.00192298
0.00238201
0.00515968
0.0087077
0.184447
0.687639
0.148408
0.0234766
0.0274883
0.0168668
0.0124289
0.0171912
0.0238945
0.0862172
0.0454501
0.00684344
0.0138303
0.0113675
0.0149731
0.0206331
0.105553
0.418044
0.0825699
0.00187782
0.000219044
0.00283678
0.00654117
0.00432509
0.129859
0.349163
0.0870223
0.00719082
0
0.00525733
0.00988992
0.00678658
0.228205
0.364333
0.0906087
0.00353596
0.0027615
0.00450665
0.00939867
0.00713138
0.118696
0.384992
0.0805726
0.0131768
0
0.00261773
0.00871763
0.00643319
0.164937
0.616704
0.146403
0.00480645
0.00123715
0.00716469
0.00494661
0.0103581
0.184559
0.319698
0.0525217
0.020915
0.0115861
0.0367352
0.0319014
0.0190454
0.0779841
0.287295
0.0573469
0.0112701
0
0.000392752
0.00102837
0.00603338
0.126989
0.557484
0.0882051
0.0146458
0.0045162
0.0189361
0.0210238
0.0038789
0.185178
0.56452
0.100178
0.0989452
0.102054
0.0949745
0.0940032
0.0328697
0.0613437
0.168361
0.0859938
0.227531
0.151132
0.0547299
0.049388
0.0217579
0.0602276
0.0596671
0.184952
0.0594836
0.0548145
0.0729716
0.14571
0.0255203
0.241006
0.566867
0.187224
0.14105
0.0732648
0.0370433
0.116921
0.050773
0.160877
0.303883
0.267149
0.0152338
0.0200732
0.0280888
0.204051
0.13786
0.0232115
0.00506332
0.0055139
0
0.00576654
0.0241181
0.446824
0.249619
0.0175684
0.0163091
0
0.0169479
0.0264834
0.115162
0.259673
0.120177
0.0155857
0.00746841
0.013448
0
0.0101066
0.0791387
0.634317
0.297509
0.0132722
0.00631471
0
0
0.00398015
0.0100034
0.421943
0.279403
0.0154153
0.0112568
0
0.0122572
0.00664334
0.0063609
0.21783
0.199899
0.0289278
0.0064444
0.010341
0.000171358
0.00652258
0.0259436
0.621003
0.263106
0.0117177
0.0043585
0.000171358
0.0105626
0.00630413
0.0162284
0.297283
0.165269
0.0265454
0.0122546
0.0137229
0.131974
0.0977532
0.0685677
0.103112
0.168167
0.104654
0.0775622
0.116562
0.165509
0.179027
0.0711121
0.0658756
0.154398
0.146115
0.155204
0.143479
0.1373
0.0935172
0.067516
0.125015
0.19998
0.157671
0.106984
0.140448
0.184297
0.186964
0.120302
0.128337
0.178563
0.132858
0.104461
0.167861
0.0940359
0.0903093
0.0447292
0.0756756
0.147439
0.119606
0.103268
0.112465
0.0645629
0.0622269
0.0588684
0.0872185
0.116021
0.176645
0.48626
0.180982
0.103689
0.0993938
0.117832
0.0923649
0.110598
0.0944316
0.0935812
0.120124
0.081648
0.104271
0.185748
0.0781709
0.0466616
0.153127
0.221775
0.116842
0.0134871
0.00688783
0.00727343
0.0182189
0.0197169
0.0628844
0.267236
0.0822774
0.0116156
0.00767446
0.00691051
0.0133762
0.0151018
0.132228
0.823363
0.153072
0.0315649
0.0334624
0.0258006
0.0167904
0.0144047
0.0382249
0.0528801
0.0284328
0.103234
0.157974
0.0204916
0.0194523
0.0330601
0.0876047
0.172814
0.0433825
0.00671431
0.00250461
0.00105472
0.0013863
0.0016834
0.113393
0.494969
0.0596817
0.0046318
0.00113114
0.0016709
0.0077487
0.0220491
0.22141
0.515107
0.0982248
0.1282
0.162428
0.00988823
0.00453122
0.00828899
0.0640724
0.207648
0.0437984
0.134386
0.290826
0.100634
0.0186932
0.0897223
0.143524
0.319624
0.0692598
0.00548735
0.00431674
0.00575751
0.039777
0.0450905
0.191798
0.488653
0.123338
0.0382889
0.0190266
0.0148413
0.0416584
0.0339365
0.107911
0.421624
0.11919
0.0722481
0.189664
0.150824
0.0636074
0.157507
0.120565
0.276509
0.0672061
0.138921
0.121869
0.0832745
0.0912249
0.0820269
0.110906
0.363269
0.0816758
0.00791803
0.00856244
0.0810916
0.217662
0.0882857
0.0108349
0.00672935
0.0116711
0
0.00364163
0.0583096
0.499663
0.256292
0.0110211
0
0
0.00288396
0.00355093
0.069011
0.289179
0.155781
0.0116286
0.005503
0.00469796
0
0.00758365
0.0856299
0.53214
0.366587
0.0140595
0
0
0.000612077
0.00337987
0.0225063
0.528183
0.230453
0.00750084
0
0.000612077
0.0146526
0.0125901
0.0224511
0.24812
0.092352
0.00773472
0.00397093
0.0153962
0.00134038
0.0059098
0.0695441
0.568277
0.318331
0.0071421
0
0.00134038
0.0300382
0.0122836
0.0506092
0.252498
0.109098
0.0115022
0.0110744
0.0282491
0.0614601
0.0638389
0.065812
0.0503174
0.042287
0.0340898
0.020221
0.0603473
0.0558002
0.114135
0.119505
0.0342245
0.0353623
0.0379177
0.036509
0.0548544
0.214027
0.107645
0.0957035
0.0504398
0.0254157
0.0514859
0.045224
0.103479
0.517387
0.55199
0.147475
0.0180801
0.0108599
0.0408142
0.0697241
0.121747
0.0200309
0.0259332
0.0295747
0.00973884
0.00670649
0.0128592
0.0212481
0.0181079
0.0763222
0.0622704
0.03704
0.00932225
0.00328929
0.0191317
0.0435319
0.0339237
0.254394
0.313472
0.0415026
0.00575037
0.00255683
0.00982073
0.0304168
0.04032
0.547442
0.637497
0.0753534
0.00480045
0.00281719
0.00433081
0.0368613
0.064378
0.0782722
0.127302
0.0363135
0.00702698
0.00591307
0.0100037
0.0148995
0.0135092
0.201082
0.337936
0.039967
0.0072146
0.0108903
0.0114295
0.0112746
0.00972684
0.334462
0.411008
0.0853914
0.00159481
0.00159481
0.00164169
0.00763393
0.0299662
0.3969
0.539185
0.0973729
0.00150727
0.00150727
0.000345072
0.0022044
0.0168694
0.230309
0.335942
0.0252143
0.00164218
0.00359077
0.00587986
0.0160062
0.0100004
0.224631
0.434316
0.0879827
0.00711158
0.0263082
0.0175887
0.0335126
0.00773295
0.24435
0.425914
0.0484316
0.00304184
0.00304184
0
0.000536295
0.00263305
0.251133
0.451208
0.0617063
0.0116118
0.0116118
0
0
0.00546465
0.174369
0.391193
0.152361
0.0361219
0.0621585
0.0205201
0.0280466
0.0122324
0.173093
0.311618
0.157416
0.0705309
0.0516853
0.0374895
0.0545761
0.0161322
0.333433
0.456837
0.0869279
0.0193684
0.0180799
0.000562743
0.00227591
0.0256657
0.183904
0.353937
0.140794
0.0492991
0.0441451
0.014657
0.0408272
0.0476475
0.00212919
0.00425219
0.0649456
0.262817
0.104841
0.00357901
0.00400993
0.00359524
0
0.00431632
0.0512171
0.445754
0.345186
0.00868549
0
0
0.00614956
0.00296771
0.0521799
0.281659
0.149696
0.0291528
0.00121056
0.00617891
0.0179473
0.00320591
0.0323518
0.497121
0.398531
0.0239117
0.0218604
0.0243839
0.00899592
0.00688666
0.0340812
0.344972
0.277512
0.0131587
0
0.0047031
0.0869269
0.0880119
0.0262716
0.123373
0.085575
0.0179687
0.0121184
0.0313309
0.0961512
0.128482
0.00781659
0.275828
0.317846
0.0387486
0.0307788
0.0739832
0.358575
0.573699
0.0130673
0.0560179
0.0883082
0.0251409
0.011034
0.0690418
0.125307
0.147544
0.0157108
0.0037291
0.00233309
0.00629579
0.0100351
0.0234253
0.264205
0.325946
0.0253076
0.000335462
0.000209312
0.00262522
0.00583759
0.0208884
0.282268
0.462117
0.0188993
0.000476526
0.000690603
0.00158906
0.00288243
0.012137
0.343774
0.552225
0.0320892
0.00473471
0
0
0.000486723
0.00607478
0.282604
0.334806
0.0281071
0.00042409
0.000146962
0.00150991
0.00531952
0.0215316
0.342746
0.438508
0.0475121
0.000378762
0.00295151
0.00489106
0.00394358
0.023519
0.240996
0.388474
0.0666417
0.01313
0
0
0
0.0122632
0.25334
0.368097
0.0980434
0.0139286
0.0112853
0.0113396
0.00102181
0.0141758
0.314741
0.458634
0.0830814
0.0050582
0.00265981
0.0155496
0.00633258
0.0208646
0.281551
0.436164
0.107183
0.00767494
0
0.00964983
0.0111185
0.0364121
0.221326
0.369882
0.106027
0.0203694
0.0134196
0.0327059
0.0111607
0.00792969
0.144814
0.263295
0.118884
0.0360762
0.0158477
0.0289421
0.0207677
0.048791
0.239534
0.522717
0.142084
0.00693809
0.00542789
0.0035361
0.0103626
0.0250263
0.318939
0.477316
0.116533
0.0241014
0.0217116
0.0160911
0.0279869
0.0385245
0.112118
0.229036
0.127023
0.0313641
0.0336495
0.0358978
0.0283836
0.0485078
0.103712
0.176875
0.121466
0.0220613
0.0337545
0.102006
0.0990889
0.0410085
0.439665
0.320775
0.0766786
0.0195302
0.0157114
0.0189832
0.0297916
0.104112
0.238326
0.225753
0.126888
0.0340666
0.0316466
0.0413324
0.115537
0.145735
0.201949
0.187426
0.125743
0.0254666
0.0231526
0.0828858
0.0894214
0.0838312
0.230305
0.319662
0.224705
0.0625276
0.0343023
0.0379364
0.0592023
0.0887869
0.00569422
0.00992083
0.089976
0.325624
0.176861
0.0385836
0.00215656
0.00447745
0.0904813
0.0556607
0.0514204
0.376179
0.318775
0.0298613
0.050673
0.0624483
0.0574032
0.0326025
0.0490592
0.259683
0.216629
0.139171
0.042083
0.0688526
0.280419
0.401003
0.0287
0.183308
0.176469
0.070314
0.031945
0.130019
0.176085
0.172008
0.0149189
0.0797629
0.128234
0.0230922
0.051004
0.0936874
0.313413
0.549019
0.0691167
0.0129739
0.0224333
0.00685211
0.012751
0.0515365
0.229753
0.319752
0.0410543
0.00862061
0.0236613
0.0151877
0.0171713
0.0738591
0.255781
0.403489
0.131886
0.0180757
0.0116721
0
0.00638543
0.0586726
0.237227
0.472892
0.0750527
0.0157618
8.46742e-006
0.000245555
0
0.000995184
0.213626
0.554918
0.0697502
0.0221134
0
0
0
0.00283428
0.183086
0.298137
0.108782
0.0396243
0.013849
0.00741917
0.00871712
0.0254765
0.11707
0.313943
0.1144
0.0374497
0.00555062
0.0358509
0.0562619
0.0292032
0.200426
0.568626
0.123958
0.0315969
0
0.000656492
0.000784589
0.0150007
0.306128
0.410643
0.136649
0.0273257
0.0098076
0.0125138
0.00745618
0.0197799
0.113316
0.318197
0.107628
0.0203292
0.00256892
0.0308839
0.0602313
0.0425088
0.171834
0.178143
0.0868615
0.0330696
0.0221614
0.0492813
0.0396559
0.0419994
0.382819
0.415842
0.119542
0.053515
0.0363727
0.0434564
0.0367586
0.0331983
0.188092
0.242589
0.115338
0.131082
0.113173
0.0632303
0.0548192
0.0766033
0.234981
0.137034
0.0897544
0.0778091
0.0752147
0.0742216
0.101456
0.0981711
0.173345
0.253111
0.12197
0.124447
0.128353
0.0458845
0.105895
0.136359
0.120543
0.176768
0.0767249
0.157292
0.186861
0.104723
0.0432037
0.0579043
0.0729534
0.155513
0.119574
0.0905899
0.151381
0.243274
0.187518
0.0579915
0.133837
0.26085
0.0947032
0.173058
0.204676
0.0984348
0.0497367
0.0777223
0.155618
0.202754
0.152019
0.1443
0.181853
0.194779
0.169111
0.170053
0.0949589
0.148491
0.147533
0.0415071
0.0454563
0.0882489
0.116351
0.0608721
0.162398
0.22911
0.237234
0.0890841
0.07472
0.0376254
0.089622
0.12489
0.189833
0.119398
0.15682
0.0530716
0.0382947
0.0616805
0.190988
0.240785
0.315102
0.0992891
0.14231
0.0434425
0.0523164
0.0750738
0.26373
0.368226