0.112741
0.105071
0.0553053
0.0390802
0.0666973
0.061872
0.155969
0.223715
0.140708
0.213657
0.151983
0.0875553
0.0527814
0.0687507
0.12405
0.161597
0.0788283
0.103557
0.125839
0.0850057
0.0236347
0.109318
0.248448
0.206273
0.216881
0.261595
0.203277
0.126095
0.0162895
0.128458
0.35108
0.306839
0.0531193
0.0772019
0.0312386
0.0406826
0.0175913
0.0643208
0.0752634
0.0438455
0.123869
0.0935722
0.0709526
0.0826089
0.0250637
0.0867804
0.105909
0.0890967
0.180675
0.102717
0.0523452
0.0334498
0.00899067
0.0374171
0.129494
0.214693
0.568024
0.432945
0.229997
0.147454
0.0243517
0.0237477
0.0566145
0.336176
0.0671265
0.0672926
0.0598656
0.0410731
0.0220751
0.102476
0.0610923
0.0636995
0.254856
0.123992
0.0584951
0.0235039
0.0307449
0.15177
0.105211
0.176257
0.325288
0.165439
0.0737389
0.0410556
0.0106953
0.120633
0.181312
0.301592
0.310051
0.0546373
0.00810484
0
0.0099427
0.247829
0.401134
0.39108
0.360838
0.240979
0.11662
0.0376962
0.063319
0.101458
0.0987111
0.207681
0.0940639
0.157574
0.160189
0.150183
0.139048
0.105554
0.0534638
0.0839378
0.419065
0.134664
0.0292319
0.00960569
0.0109492
0.146188
0.291017
0.308056
0.172514
0.094166
0.0557892
0.0557665
0.0519211
0.0909932
0.175043
0.175605
0.0542924
0.119564
0.154942
0.156553
0.0766998
0.0989605
0.0603304
0.0581986
0.0860784
0.124544
0.0923624
0.0813571
0.0944899
0.06046
0.133228
0.1358
0.0967504
0.0454901
0.0505017
0.0659882
0.037978
0.121817
0.251678
0.24159
0.133339
0.0709161
0.0248908
0.0383862
0.0928304
0.0875381
0.311726
0.64035
0.0833113
0.056709
0.0388529
0.0295794
0.0667332
0.0310089
0.104836
0.155835
0.100891
0.0836449
0.0347488
0.0515607
0.0554521
0.082331
0.21174
0.16632
0.29121
0.114891
0.0249986
0.0192926
0.0778759
0.0300476
0.155551
0.375588
0.390984
0.211387
0.058889
0.117041
0.230668
0.339992
0.104002
0.228719
0.0960491
0.0659921
0.0179475
0.0396944
0.0208592
0.0365921
0.137856
0.198056
0.168547
0.206034
0.062789
0.037341
0.0214849
0.0242549
0.101297
0.237729
0.19068
0.204495
0.0830083
0.103585
0.148134
0.245712
0.16077
0.256913
0.278194
0.339105
0.243432
0.0876293
0.102221
0.120301
0.182634
0.324393
0.0146766
0.0434693
0.119813
0.0736586
0.067398
0.0834366
0.147957
0.0847225
0.141607
0.183241
0.215024
0.10546
0.0813214
0.0900999
0.171766
0.0906539
0.0368551
0.0387473
0.163436
0.186592
0.178726
0.21907
0.163522
0.0611427
0.121126
0.169772
0.208467
0.245062
0.340375
0.368146
0.290501
0.0626681
0.0974196
0.0526225
0.0343331
0.0478133
0.0453686
0.0269289
0.0384402
0.0709268
0.185085
0.186852
0.17155
0.24314
0.161964
0.0297147
0.0193454
0.11361
0.0728405
0.0545005
0.0350876
0.12459
0.168121
0.074679
0.085272
0.0307908
0.0588254
0.0573216
0.111234
0.554427
0.565374
0.0666338
0.0448528
0.0378684
0.143159
0.120857
0.0906492
0.101042
0.0633547
0.111237
0.120134
0.122747
0.0927468
0.0351175
0.014858
0.00553642
0.0288986
0.234511
0.331951
0.253338
0.109849
0.0989861
0.102985
0.249387
0.310697
0.10206
0.0697225
0.0769444
0.182429
0.11051
0.0537484
0.0421584
0.105325
0.177849
0.338448
0.44342
0.0716152
0.0110548
0.000172276
0.00367843
0.0532395
0.141968
0.223657
0.226962
0.0747039
0.0504603
0.0259887
0.0221307
0.0598066
0.0838998
0.120206
0.0908053
0.133211
0.0373064
0.00331846
0.0098688
0.132799
0.197422
0.37009
0.472815
0.128148
0.117164
0.0492401
0.0157039
0.116522
0.269439
0.327623
0.33757
0.153871
0.0707692
0.0302076
0.0134733
0.0170191
0.0242559
0.0939397
0.135297
0.141037
0.0250215
0.00238211
2.91744e-005
0.00350586
0.020447
0.20961
0.376717
0.217303
0.156193
0.0726411
0.0168663
0.0375948
0.185128
0.222491
0.333259
0.165349
0.0444568
0.0346361
0.0439027
0.0644401
0.163471
0.399251
0.41827
0.114366
0.0265168
0.0107108
0.00209916
0.010187
0.0320893
0.228833
0.23796
0.159134
0.146934
0.0955177
0.023274
0.0753654
0.137344
0.0957438
0.144136
0.111367
0.0665231
0.0409712
0.0217849
0.0631909
0.155543
0.480483
0.270276
0.212613
0.332902
0.275401
0.0159882
0.04988
0.0703528
0.210171
0.238965
0.147982
0.166873
0.0756663
0.0269676
0.0743528
0.190973
0.0727646
0.190128
0.288298
0.249396
0.11827
0.0260903
0.0351855
0.1451
0.0643441
0.216805
0.164151
0.235101
0.180514
0.00879554
0.0470477
0.146491
0.0322108
0.243518
0.352654
0.179099
0.0687463
0.0797902
0.074125
0.211133
0.0679888
0.367464
0.0353448
0.0396259
0.0796379
0.0930638
0.086178
0.173938
0.0807871
0.0410247
0.0943336
0.0829569
0.0869348
0.100512
0.150375
0.331493
0.179394
0.128607
0.163706
0.0245315
0.0307646
0.0313695
0.0374092
0.0528026
0.0986932
0.488296
0.200851
0.0431212
0.0948055
0.0390387
0.0648374
0.0916225
0.0839311
0.506872
0.0409767
0.0361524
0.0292576
0.0923547
0.0764155
0.0457868
0.0504115
0.0347429
0.0181322
0.0167293
0.0482891
0.520474
0.43637
0.0289023
0.02423
0.0116889
0.0512527
0.0135224
0.0643384
0.200381
0.0365436
0.0280017
0.0310327
0.0947672
0.0186698
0.00496808
0.152727
0.569263
0.215036
0.0183337
0.0109269
0.019921
0.0536414
0.05001
0.0778142
0.349061
0.241721
0.0148145
0.00917843
0.0434521
0.107421
0.0933907
0.0832573
0.197738
0.060935
0.022413
0.192725
0.362832
0.00395911
0.0128859
0.0697265
0.461924
0.215535
0.000753321
8.10187e-005
0.00495982
0.0215457
0.0339918
0.0605652
0.461924
0.123671
0.00244296
0.0890046
0.119847
0.0516846
0.0214153
0.0104161
0.0228962
0.0342688
0.0862126
0.381561
0.2842
0.0603991
0.0195296
0.00691863
0.00422707
0.0453907
0.218854
0.429011
0.196233
0.0109501
0.00923223
0.0116111
0.0606585
0.0128806
0.0720757
0.350793
0.104006
0.0411034
0
0
0.0102951
0.00939778
0.244265
0.466286
0.127875
0.0725756
0.0378299
0.0225098
0.0277569
0.0365047
0.177168
0.199568
0.170312
0.056282
0.074386
0.0699579
0.0753199
0.112636
0.161547
0.118017
0.111518
0.051989
0.0249875
0.0298812
0.0640884
0.0415714
0.277677
0.499523
0.234242
0.035638
0.111225
0.173386
0.103512
0.237641
0.268803
0.360779
0.227737
0.107235
0.142381
0.083502
0.0801167
0.128576
0.122883
0.151675
0.120171
0.136205
0.140315
0.144968
0.129757
0.141894
0.0448377
0.124668
0.146985
0.0750217
0.162726
0.142241
0.162729
0.343818
0.260935
0.165021
0.200433
0.0788339
0.0628845
0.0716305
0.280119
0.296594
0.208893
0.266969
0.245185
0.0768778
0.101014
0.187789
0.105186
0.134433
0.0729343
0.0437213
0.124591
0.100074
0.0919112
0.110244
0.223714
0.192614
0.110732
0.0831644
0.189943
0.0314743
0.0194049
0.118643
0.17687
0.263582
0.192577
0.322132
0.227974
0.0419183
0.0351002
0.07184
0.232116
0.244459
0.192619
0.303607
0.305006
0.138647
0.000553744
0.000453868
0.000816131
0.00133633
0.00279889
0.0131503
0.337721
0.214027
0.00101172
0.00256973
0.0016337
0.00314469
0.003712
0.0115038
0.374607
0.349297
0.0044136
0.00246239
0.00398147
0.00771836
0.0102696
0.0291708
0.414294
0.414294
0.00161161
0.00108881
0.00134465
0.0018009
0.00741733
0.0344187
0.414294
0.179167
0.000716262
0.0410112
0.0898386
0.00553994
0.0135428
0.0189729
0.2677
0.0756202
0.000235408
0.120209
0.381529
0.0644399
0.0177639
0.0174065
0.169702
0.416793
0.0154612
0.0183309
0.0228589
0.000661012
0.0211281
0.0396088
0.416793
0.269453
0.0748199
0.112752
0.181529
0.132448
0.0587292
0.0590221
0.382716
0.00469777
0
0.0502222
0.443261
0.171127
0.00474687
0.00563499
0.0429513
0.00174444
0.000606991
0.00699843
0.433327
0.136634
0.000126055
0.00631104
0.00445559
0.031224
0.0316866
0.0697687
0.443261
0.295036
0.0275609
0.0251286
0.0778974
0
0
0.0013283
0.422452
0.207601
0.00130405
0.00182114
6.27979e-005
0.00536339
0.00119982
0.00410183
0.127907
0.0398697
0.0333423
0.166994
0.0206963
0.0188259
0
0
0.00908316
0.00276444
0.211304
0.874689
0.198701
5.10378e-005
0
0
0.0973776
0.0495236
0
0.000519943
0.000868092
0.0128389
0.00619968
0.00197789
0
0
0
0.0476818
0.0542829
0.00598088
0.00368185
0.0119385
0.0163574
0.0095926
0.12183
0.460984
0.173129
0.0033624
0.0186831
0.0635746
0.0292955
0.105488
0.272015
0.485446
0.221627
0.0329799
0.0116069
0.00053121
0
0.000561213
0.0101974
0.0993758
0.0574633
0.0873229
0.149442
0.0364261
0.0026981
0.0132636
0.170026
0.485446
0.0920643
0.0135929
0.0166842
0.0254282
0.0371387
0.138419
0.187941
0.291509
0.174115
0.0764093
0.0200845
0.0105004
0.056163
0.107369
0.158002
0.213496
0.300952
0.0373276
0.195955
0.161307
0.078394
0.0637148
0.138634
0.421576
0.136606
0.0776387
0.119719
0.246015
0.250273
0.0951524
0.161429
0.229494
0.281949
0.0454795
0.00591732
0.00661742
0.021208
0.0671009
0.209055
0.251396
0.221506
0.0583256
0.0310126
0.00686059
0.0253049
0.038385
0.139832
0.253017
0.204419
0.0660221
0.0304473
0.133155
0.177529
0.0714956
0.22236
0.273583
0.233031
0.187566
0.0393072
0.0649613
0.0696245
0.0435103
0.153716
0.421667
0.414629
0.308975
0.0230434
0.0194419
0.0742431
0.0583902
0.0204044
0.0648474
0.288822
0.41207
0.0211099
0.012183
0.0798229
0.0406969
0.104301
0.125952
0.512091
0.0544558
0.0404524
0.0383109
0.203287
0.165088
0.0536029
0.0729432
0.0510016
0.108392
0.111023
0.174538
0.271961
0.133625
0.173095
0.0984986
0.131305
0.269781
0.0157634
0.000871514
0.0531561
0.064094
0.100358
0.10495
0.412579
0.183509
0.0670462
0.0613193
0.223437
0.176214
0.0936994
0.0875567
0.237814
0.0388305
0.0403015
0.137675
0.288505
0.182032
0.134746
0.0753386
0.0796298
0.0167781
0.00408326
0.0757119
0.47412
0.278006
0.0709384
0.0540815
0.0357133
0.024054
0.0233071
0.0394764
0.4474
0.2642
0.0275677
0.0166442
0.0259918
0.00156168
0.00100595
0.000159532
0.319792
0.201666
0.00213472
0.00133954
0.000472812
0.0210992
0.00700503
0.0117969
0.468644
0.301037
0.019753
0.0044742
0.0095407
0.146503
0.132673
0.00919719
0.368102
0.223996
0.00632096
0
0.0113571
0.021538
0.00713499
0
0.02566
0.0216201
0
0
0.00336626
0.092349
0.121117
0.0152955
0
0
0
0
0.00771004
0.27361
0.426837
0.0447395
0.0215593
0.0239626
0
0
0.00910475
0.569477
0.569477
0.0879256
0.00616818
0.0251946
0.00214843
0.0354016
0.0165909
0.11961
0.178244
0.0131392
0
0.000134323
0.000589374
0.00117083
0.00874662
0.272026
0.395292
0.0321539
0.00380659
0.00684753
0.0112479
0.0537238
0.0148078
0.33558
0.426292
0.0630673
0.0105891
0.0240579
0.0013245
0.0151893
0.0192038
0.426292
0.426292
0.0742931
0.0347943
0.0312554
0.020533
0.0162352
0.0739206
0.166609
0.436812
0.156693
0.0539843
0.0211184
0.0268343
0.100515
0.0398614
0.124774
0.302247
0.29556
0.163785
0.0272588
0.0633933
0.0732529
0.0756799
0.285158
0.293902
0.106511
0.126227
0.0317449
0.0472517
0.0329146
0.0761258
0.325293
0.313163
0.161792
0.117308
0.00962205
0.0680296
0.0263603
0.0695597
0.145039
0.16585
0.235963
0.156043
0.0398931
0.0535137
0.0803229
0.108308
0.319198
0.0531302
0.0830499
0.0782344
0.0493768
0.0624496
0.204312
0.443495
0.25158
0.253674
0.184916
0.0307369
0.00987766
0.0239093
0.0139143
0.101224
0.363442
0.14755
0.07806
0.0322401
0.0300205
0.0107813
0.0625427
0.312375
0.0520502
0.0646189
0.0649651
0.253666
0.196369
0.06628
0.0589858
0.0287014
0.188058
0.221799
0.205803
0.256232
0.190451
0.126262
0.0450604
0.0403602
0.16426
0.0696039
0.11094
0.24102
0.127396
0.0952279
0.0723581
0.109587
0.211703
0.18509
0.0614999
0.403386
0.356904
0.132948
0.0482584
0.163838
0.0331435
0.0640813
0.14253
0.274372
0.138872
0.04675
0.0066781
0.00593558
0.00089848
0.00620956
0.119848
0.470229
0.182899
0.0180763
0.0266265
0.0158554
0.0377425
0.0495959
0.0374132
0.319021
0.37531
0.0457684
0.00553794
0.0231092
0.0171517
0.0114761
0.0808704
0.355115
0.397791
0.0824587
0.0822267
0.0739956
0.0798061
0.0324333
0.023487
0.361608
0.201618
0.0374158
0.0452641
0.0679441
0.378359
0.295899
0.0173659
0.163183
0.128908
0.038006
0.0239843
0.0773722
0.113361
0.0931058
0.128928
0.140071
0.135365
0.0820458
0.123389
0.134249
0.335842
0.443968
0.16702
0.0451376
0.0565443
0.0957344
0.0565261
0.122187
0.282591
0.408798
0.0781529
0.0252121
0.0077432
0.0155555
0.00531708
0.0272798
0.30504
0.433083
0.116107
0.0319663
0.0303317
0.00598503
0.0605941
0.0928886
0.192027
0.393557
0.187172
0.0471528
0.0141744
0.0457697
0.0112988
0.0565922
0.16595
0.220539
0.20633
0.0484254
0.0236351
0.0372256
0.0588417
0.18126
0.32473
0.370765
0.210089
0.0863851
0.0756434
0.0076633
0.0602853
0.0917432
0.434251
0.222954
0.213182
0.100924
0.0487298
0.0722843
0.10023
0.171436
0.149761
0.11819
0.236161
0.0934075
0.0719635
0.0458409
0.0621123
0.189975
0.190048
0.0798497
0.177811
0.108047
0.0787503
0.115381
0.116985
0.15902
0.308992
0.132791
0.144909
0.180727
0.0272441
0.181118
0.164637
0.175033
0.264299
0.224213
0.174113
0.211636
0.0228863
0.188888
0.0642256
0.072357
0.1821
0.12549
0.0571261
0.0384034
0.0478562
0.196064
0.19828
0.215854
0.156439
0.276081
0.290952
0.15276
0.0467657
0.106957
0.102736
0.140493
0.265969
0.169907
0.132412
0.0525473
0.0235661
0.0662832
0.0536792
0.15477
0.317279
0.222608
0.0592059
0.0965209
0.118008
0.0642681
0.0573977
0.201892
0.221995
0.169232
0.233545
0.13813
0.0772534
0.116196
0.160029
0.204504
0.116071
0.0561193
0.0667247
0.158674
0.259787
0.319177
0.231567
0.166732
0.348023
0.0891912
0.0557253
0.0665431
0.0494892
0.0715071
0.0829004
0.202371
0.355906
0.165621
0.0440005
0.253219
0.213102
0.0653415
0.0598226
0.339116
0.254791
0.166842
0.0550474
0.0154977
0.0147533
0.0216124
0.0275111
0.0780497
0.346241
0.171334
0.167753
0.103182
0.0365047
0.0730536
0.106615
0.16887
0.0735603
0.050674
0.024791
0.183263
0.351689
0.0923875
0.0492243
0.0764084
0.107111
0.0222916
0.042471
0.121501
0.392042
0.189361
0.162358
0.315879
0.0974013
0.0343522
0.0436688
0.043061
0.0902857
0.171758
0.146337
0.105308
0.149176
0.0134587
0.0127933
0.0136581
0.127677
0.19739
0.185849
0.467172
0.187486
0.114074
0.129689
0.0458907
0.0572389
0.0560465
0.084878
0.272895
0.211556
0.520189
0.203507
0.0204264
0.0179306
0.0448615
0.0230839
0.112383
0.217771
0.055085
0.0178477
0.00814512
0.0286748
0.0277632
0.0521385
0.411528
0.249126
0.294794
0.0527142
0.00520167
0.00242857
0.0208106
0.0342167
0.207122
0.11016
0.695989
0.249277
0.0251657
0.0195599
0.0377884
0.0112172
0.0421562
0.147076
0.309758
0.196179
0.027318
0.0217212
0.0650261
0.0374704
0.128159
0.113298
0.32657
0.0730839
0.00981708
0.0162731
0.0307446
0.0294109
0.0396973
0.0617009
0.158422
0.100966
0.112427
0.0408787
0.0608909
0.0494462
0.0333385
0.22114
0.170199
0.128644
0.0327581
0.0589782
0.0765858
0.0614107
0.168922
0.224357
0.11499
0.0878736
0.0713141
0.103336
0.112195
0.153112
0.173478
0.202666
0.257671
0.122466
0.144298
0.0370567
0.123592
0.111155
0.0451423
0.533109
0.305248
0.105672
0.0849722
0.0969263
0.126515
0.129266
0.0875129
0.11106
0.0749222
0.0758307
0.0369451
0.0691192
0.140318
0.145865
0.235402
0.0845794
0.169827
0.216587
0.183071
0.102207
0.12659
0.170342
0.284059
0.276147
0.161379
0.193101
0.0823576
0.114476
0.0949529
0.0979058
0.165811
0.0708042
0.194166
0.27404
0.171893
0.212483
0.157215
0.232817
0.241436
0.0525028
0.0888243
0.104838
0.12391
0.170601
0.127038
0.107137
0.125262
0.0209917
0.0235739
0.0532399
0.0561358
0.268461
0.31374
0.120546
0.0825196
0.0166259
0.0748034
0.0687999
0.069235
0.23554
0.174879
0.211098
0.098035
0.00681863
0.0112573
0.029499
0.0364699
0.393183
0.510365
0.191783
0.070818