0.0621352
0.0693468
0.0513473
0.0601287
0.067095
0.108844
0.109039
0.0594442
0.345158
0.144693
0.115656
0.0507059
0.0781025
0.129454
0.0785572
0.178413
0.20612
0.142924
0.0684743
0.126358
0.0878112
0.0648076
0.0434734
0.143592
0.417587
0.104083
0.233771
0.305281
0.166049
0.0861983
0.0375071
0.193638
0.0817992
0.0685921
0.0499166
0.0114449
0.00781704
0.0135499
0.0199723
0.0574695
0.209811
0.101973
0.0521152
0.0102511
0.00155937
0.0226184
0.0351962
0.207171
0.113265
0.138478
0.251561
0.173619
0.0566929
0.0108158
0.00850372
0.0445894
0.466688
0.261712
0.228422
0.12901
0.0909129
0.278157
0.188773
0.444169
0.0941865
0.0286243
0.0181393
0.0078047
0.00137306
0.0370188
0.0298841
0.156295
0.0173777
0.0108959
0.012663
0.015135
0.0220725
0.0406893
0.0470066
0.0952876
0.181838
0.0351165
0.0126391
0.00823333
0.0374465
0.373948
0.337987
0.385643
0.0216863
0.00321773
0.00352223
0.0155378
0.0458478
0.380559
0.481354
0.271549
0.0429404
0.0283533
0.0308138
0.0885234
0.0929014
0.0481586
0.0825049
0.0762879
0.132085
0.0646849
0.0487088
0.24179
0.0965734
0.098116
0.0611266
0.132358
0.0564938
0.0487834
0.0379179
0.122365
0.137578
0.335115
0.440696
0.301933
0.130688
0.081853
0.0639326
0.403002
0.246089
0.125758
0.111221
0.0846017
0.0951292
0.0766733
0.0309583
0.156432
0.127135
0.13898
0.0967369
0.109202
0.212127
0.140978
0.0206994
0.0284036
0.175724
0.106232
0.169749
0.195584
0.114709
0.0984305
0.0685603
0.274117
0.276234
0.185453
0.0976718
0.0300637
0.285634
0.267071
0.0828884
0.0624782
0.262362
0.171697
0.258784
0.191466
0.13504
0.0755508
0.0271976
0.00606068
0.0378307
0.0212853
0.0971293
0.273899
0.180057
0.0293844
0.017644
0.00302974
0.00894909
0.0313019
0.0973286
0.373221
0.316454
0.158722
0.0466743
0.0144317
0.0565892
0.024935
0.140755
0.278487
0.50761
0.092706
0.0291386
0.00454461
0.0100788
0.029669
0.0554815
0.287619
0.257063
0.0393114
0.0180203
0.00148446
0.0206534
0.0783621
0.0882967
0.263577
0.210157
0.119545
0.0602483
0.0331968
0.107287
0.133347
0.122835
0.1919
0.432442
0.0671994
0.0228823
0.00457353
0.0312258
0.133357
0.0678277
0.204821
0.261678
0.0741703
0.0825986
0.0533726
0.260296
0.334774
0.104246
0.128822
0.109924
0.0771791
0.0323504
0.045352
0.0233459
0.0388893
0.0318019
0.0748164
0.0971568
0.0756595
0.179222
0.2728
0.0622073
0.0624849
0.0231686
0.0970128
0.226317
0.138023
0.129414
0.0884684
0.0355309
0.0937185
0.0539861
0.185732
0.185143
0.141236
0.371001
0.488094
0.108588
0.207911
0.110711
0.278314
0.0197723
0.0320756
0.211784
0.20435
0.0361402
0.00804013
0.00209794
0.0124202
0.128394
0.0893673
0.227493
0.161269
0.078943
0.107024
0.108568
0.117351
0.00733574
0.0228836
0.259474
0.401658
0.0470945
0.0240249
0.0146865
0.0190892
0.0789774
0.0898964
0.40803
0.530956
0.108417
0.00696631
0.056948
0.0468536
0.0856296
0.0327874
0.0305415
0.0161727
0.0307317
0.179308
0.263653
0.136719
0.017529
0.003774
0.000184249
0.0043754
0.0261508
0.281734
0.465949
0.180023
0.0867422
0.0670916
0.121935
0.173549
0.032167
0.0504864
0.285158
0.110691
0.0223917
0.0117856
9.63914e-005
0.0186294
0.0340893
0.258133
0.465949
0.23038
0.00767314
0.00856961
0.00267554
0.00833002
0.0203717
0.197587
0.269739
0.143134
0.0191242
0.0123275
0.00848188
0.0367665
0.0403486
0.111493
0.14861
0.0654445
0
0.00123443
0.000137159
0.00733824
0.0373546
0.315457
0.480166
0.223676
0.00701112
0.00365412
0.00329775
0.00732527
0.0492553
0.348773
0.480166
0.202414
0.0449804
0.0339006
0.0328219
0.103145
0.0567062
0.06788
0.0961525
0.0365219
0.129086
0.111939
0.0518341
0.123439
0.0387711
0.0204779
0.0535315
0.0721134
0.0867651
0.0166846
0.0216123
0.108671
0.0647383
0.301068
0.67661
0.229655
0.209941
0.0774798
0.0509314
0.229009
0.0910514
0.0976988
0.243634
0.173964
0.335265
0.108653
0.0320779
0.0528398
0.018554
0.0206867
0.0933561
0.204895
0.4371
0.10573
0.0342021
0.00438209
0.00755264
0.0663718
0.0938737
0.16166
0.353538
0.133402
0.053819
0.123515
0.0578228
0.0819246
0.139991
0.19887
0.328463
0.171443
0.0587175
0.0153563
0.0246103
0.181531
0.206375
0.139641
0.221099
0.124104
0.0370098
0.00778923
0.0270241
0.107192
0.0379779
0.108579
0.109074
0.0747925
0.0618989
0.0825579
0.278229
0.276499
0.0395939
0.0924941
0.19261
0.232048
0.0957108
0.0488544
0.0596292
0.106744
0.065883
0.145702
0.0916314
0.161829
0.315745
0.432681
0.323192
0.182655
0.0226886
0.119011
0.118978
0.0678344
0.097222
0.0739753
0.0329531
0.0573781
0.055779
0.114399
0.146091
0.0868836
0.270072
0.302085
0.169404
0.124588
0.0544082
0.132317
0.133213
0.0902338
0.109755
0.0571648
0.0978903
0.0615018
0.122861
0.112848
0.142675
0.112649
0.510551
0.405203
0.211335
0.103057
0.00788006
0.068101
0.0107294
0.0201965
0.167196
0.278175
0.0669995
0.0188845
0.00799715
0.009603
0.0105363
0.0224836
0.177384
0.514815
0.118709
0.00226222
0.00916433
0.00812902
0.00982677
0.0254774
0.215496
0.364078
0.105862
0.0242179
0.000249797
0.0047288
0.000810811
0.00639303
0.179149
0.514815
0.19522
0.00905337
0.00377895
0.00532413
0.0272579
0.0317432
0.104017
0.434112
0.095369
0.018534
0.163904
0.0680769
0.00927906
0.0116535
0.00156382
0.0206834
0.0264505
0.172936
0.632758
0.187437
0.0141215
0.00316858
0.0595815
0.414563
0.151874
0.0131497
0.0192972
0.0293346
0.0457963
0.0212395
0.00448115
0.00359046
0.00919624
0.0213255
0.144164
0.0706638
0.000122411
0.0015435
0.000182238
0.00231453
0.0112175
0.15301
0.500027
0.119728
0.00142077
0.000479856
0
0.000123778
0.0159417
0.242094
0.500027
0.144627
0.013659
0.00688809
0.00294494
0.000109312
0.000828149
0.0432673
0.235247
0.0436728
0.0078937
0.00115483
0.00332399
0
0.00137313
0.131603
0.500027
0.0782105
0.0188369
0.00147038
0.00143233
0.00938463
0.0138569
0.150692
0.432291
0.120352
0.0700402
0.00933084
0.00407864
0.0255377
0.0303219
0.163996
0.24455
0.152094
0.00331106
0.000667603
0.000415179
0
0.00393102
0.130967
0.492625
0.0809017
0.0178368
0.00127895
0
0
0.0207233
0.273196
0.492625
0.160486
0.0988517
0.0295586
0.00489819
0.0135297
0.031715
0.130945
0.129863
0.128029
0.0763798
0.0325709
0.00601099
0.00621144
0.0532398
0.0948171
0.0876537
0.0504688
0.032615
0.00421903
0
0
0.0443018
0.340168
0.577815
0.216726
0.0429567
0.00910674
0.00290274
0.0119101
0.12746
0.343722
0.404698
0.227858
0.0750994
0.0626432
0.0475354
0.0473809
0.0993782
0.0821623
0.0495207
0.0687926
0.0693635
0.170997
0.24834
0.308604
0.137239
0.0339892
0.0156502
0.0581815
0.0985967
0.018981
0.0176702
0.0472182
0.155352
0.243681
0.280508
0.309331
0.127788
0.38884
0.332078
0.156202
0.170884
0.0991276
0.135366
0.187285
0.0383788
0.0703941
0.0882731
0.0554305
0.0973732
0.0310074
0.0332171
0.0248679
0.0188964
0.0876738
0.346413
0.252039
0.133857
0.0502748
0.000337752
0.00578869
0.0617657
0.0536074
0.0800884
0.149118
0.111684
0.0157027
0.0322543
0.106081
0.00975383
0.059513
0.214691
0.671137
0.35919
0.0448699
0.0104255
0.0293387
0.00101199
0.0202102
0.148983
0.338964
0.0765565
0.0148906
0
0.00039319
0.00135554
0.00415065
0.124753
0.492368
0.108872
0.00344583
0.00226976
0.00622219
0
0.0107885
0.0840223
0.492368
0.159773
0.0129209
0
0
0.00406567
0.00184094
0.0681992
0.492368
0.124269
0.00386539
0.00198029
0.00334759
0.0491412
0.0199049
0.139484
0.626222
0.191978
0.0194157
0.0260252
0.0777447
0.148723
0.0447294
0.00961182
0.002884
0.00871167
0.022177
0.0372385
0.0909679
0.0453703
0.0288767
0.0842685
0.569138
0.136436
0.0237098
0.0249197
0.0539096
0.0915468
0.044148
0.0129926
0.00655451
0.0255367
0.0330607
0.0400053
0.0911365
0.0768578
0.0185396
0.0194318
0.00622757
0.00840154
0.0365047
0.109358
0.0668015
0.0478091
0.0241132
0.0244974
0.0166574
0.0172721
0.116797
0.735465
0.121105
0.100442
0.0355733
0.0324491
0.0138684
0.0125667
0.0298968
0.0554064
0.0641592
0.317968
0.359361
0.0711839
0.0368842
0.0143334
0.0299895
0.0705584
0.0813843
0.00788875
0.00448945
0.00201325
0.0022187
0.00257079
0.0482834
0.409285
0.0363769
0.0268585
0.00523776
0.00471994
0.000108571
0.0035713
0.193191
0.5376
0.0896439
0.162247
0.159484
0.0124389
0.00416248
0.00203232
0.00953562
0.0517208
0.0415319
0.357449
0.405135
0.0781892
0.000162856
0
0.080691
0.277248
0.0521319
0.0212617
0.00864646
0.0133826
0.0133251
0.0159221
0.232122
0.471957
0.0857024
0.0127473
0.0048351
0.0143851
0.0332543
0.0447846
0.29015
0.417194
0.138968
0.215253
0.309984
0.101416
0.0473691
0.0213721
0.138007
0.227416
0.0278075
0.138593
0.161734
0.103736
0.112105
0.0628305
0.137917
0.24113
0.102216
0.0340664
0.00372228
0.00929889
0.0392638
0.0529307
0.230376
0.380331
0.180152
0.0431307
0.09241
0.21823
0.123444
0.0922497
0.13043
0.163293
0.107553
0.136436
0.111539
0.121955
0.167939
0.0930417
0.144991
0.305777
0.0872452
0.0940662
0.0641772
0.198462
0.486068
0.210338
0.1132
0.13365
0.0191098
0.0635854
0.0173287
0.0503917
0.106104
0.0459681
0.020503
0.0785
0.140479
0.0088233
0.0361812
0.174687
0.502812
0.179032
0.0253661
0.0453022
0.0470507
0.0931341
0.0630464
0.129251
0.159118
0.0370326
0.0420954
0.100227
0.0698516
0.014828
0.0522784
0.278075
0.625598
0.146073
0.0356762
0.0507423
0.0242088
0
0.0134387
0.0760729
0.468972
0.0995909
0.0038998
0.00262488
2.57175e-005
0.00214203
0.00065887
0.034727
0.468972
0.0831429
0.00765854
0.0012648
0.00173273
0.00271852
0.0164695
0.10573
0.468972
0.104053
0.00336858
0.0061374
0.0051721
0.0886229
0.106225
0.05142
0.468972
0.0741849
0.0047716
0.0035183
0.011739
0.0163863
0.00760896
0.0109316
0.117418
0.0322502
0.0140909
0.00608287
0.0106519
0.103816
0.0874955
0.0012705
0.00334105
0.00610644
0.0090901
0.0118155
0.0227278
0.28204
0.35438
0.0331561
0.0815204
0.0235821
0.00966653
0.00225038
0.0102229
0.529909
0.633911
0.0795629
0.00325031
0.00117154
0.00349331
0.00288937
0.0111231
0.129182
0.123627
0.00490391
0.000843686
0.0010431
0.00253695
0.0076833
0.0128826
0.244185
0.349487
0.0294948
0.00244943
0.000361459
0.00109689
0.00456378
0.0175058
0.369177
0.477271
0.0508556
0.0220561
0.00649647
0.00030934
0.00103439
0.00842286
0.360147
0.477271
0.0953108
0.0520276
0.0165889
0
0.000169207
0.0285661
0.274724
0.349843
0.0461353
0.000892999
0.000221549
0.00244072
0.00777132
0.0253379
0.380302
0.435968
0.120226
1.9492e-005
0
0.0180711
0.0342788
0.0249268
0.223098
0.398579
0.148695
0.0460812
0.00960695
0.00135427
0.0226109
0.0432
0.264819
0.239162
0.151966
0.0332659
0.00422546
0.0142166
0.073449
0.0969613
0.336247
0.542004
0.18653
0.0279906
0.00957247
0.0540301
0.0357085
0.0257221
0.240732
0.336352
0.133036
0.102449
0.0992
0.0480556
0.0584428
0.137204
0.242935
0.248784
0.120437
0.0319353
0.0255499
0.0509262
0.0411594
0.11007
0.15643
0.155669
0.0986957
0.0984006
0.100085
0.0508257
0.0885651
0.117326
0.184035
0.16817
0.109961
0.162448
0.105313
0.0265214
0.0869426
0.103597
0.130583
0.0987158
0.0871663
0.441408
0.250272
0.0700624
0.052041
0.0300433
0.0608727
0.0677148
0.0920472
0.147309
0.0985432
0.036587
0.193809
0.11735
0.0625244
0.0817124
0.0890629
0.231465
0.2302
0.30392
0.422317
0.0832182
0.0594688
0.0522102
0.110823
0.136114
0.0338367
0.0177449
0.0385983
0.0339241
0.013513
0.0323441
0.166943
0.539063
0.208398
0.0176247
0.0157022
0.00662786
0.138238
0.0982224
0.150187
0.193429
0.102016
0.0675732
0.084217
0.117977
0.109028
0.110644
0.233741
0.494612
0.291331
0.0339304
0.0409584
0.0758571
0.043934
0.0354145
0.0592763
0.422471
0.185429
0.0152652
0.0335809
0.0338698
0.251531
0.337873
0.0621654
0.224862
0.0819266
0.0101372
0.0286423
0.0493421
0.187153
0.125017
0.0773872
0.177112
0.157507
0.0295924
0.0449543
0.0841433
0.40209
0.406763
0.140082
0.037247
0.0621949
0.0171906
0.0669919
0.102142
0.299358
0.38853
0.0523335
0.0169102
0.00789997
0.001344
0.00158288
0.0119243
0.340244
0.460862
0.1248
0.000504807
0.00706818
0.00314449
0
0.0171367
0.27867
0.343545
0.0951003
0.00803013
0.0181871
0.0187118
0.0468758
0.0331098
0.2663
0.223238
0.134957
0.0472949
0.112068
0.0359947
0.0143286
0.0502613
0.292121
0.439421
0.16727
0.0240147
0.0111383
0.00492458
0
0.0216784
0.214403
0.432891
0.141538
0.120489
0.0496601
0.0290189
0.00872977
0.0426763
0.182082
0.198538
0.187503
0.0835135
0.139083
0.031624
0.00550498
0.0572729
0.0995448
0.194595
0.160706
0.345875
0.165605
0.0663369
0.0272557
0.0377703
0.147297
0.314746
0.262802
0.232171
0.10797
0.032752
0.0349528
0.0789035
0.202366
0.157943
0.171959
0.117069
0.053097
0.00814174
0.0812577
0.178745
0.0874087
0.0896588
0.234878
0.546654
0.230835
0.0581414
0.0225433
0.0390089
0.159815
0.0715962
0.12898
0.112274
0.08437
0.00893276
0.0133359
0.105086
0.270277
0.179676
0.0463416
0.0712947
0.116698
0.0261183
0.0536069
0.209635
0.266755
0.175018
0.136506
0.17551
0.257054
0.0253727
0.0797834
0.165061
0.29445
0.100094
0.0422751
0.0531568
0.0562792
0.0139499
0.0180493
0.131596
0.288063
0.21896
0.125983
0.312971
0.280712
0.0383707
0.0127205
0.0722005
0.0282681
0.0249257
0.0548118
0.167735
0.0864755
0.00805521
0.0753055
0.0641427
0.013767
0.0263808
0.0670815
0.203259
0.107422
0.375127
0.26703
0.056199
0.0255226
0.0300461
0.0507265
0.399824
0.197693
0.00954609
0.00937255
0.0286493
0.0184662
0.0039226
0.0573722
0.468987
0.183718
0.370473
0.147276
0.0487699
0.0729743
0.0544484
0.0592289
0.0938296
0.0762678
0.133561
0.164331
0.114234
0.11568
0.169128
0.0865612
0.198861
0.15282
0.0681801
0.0976987
0.10496
0.192631
0.0252449
0.0101968
0.0186465
0.0232427
0.110298
0.238735
0.478173
0.315974
0.195976
0.0236676
0.064425
0.056779
0.0829467
0.15786
0.464893
0.200222
0.276074
0.0723229
0.0644075
0.0517895
0.0138169
0.0154142
0.0704613
0.328174
0.247792
0.101341
0.00402823
0.00963604
0.00759735
0.0432461
0.117552
0.347581
0.260695
0.0325112
0.0301993
0.0153606
0.0071491
0.0211431
0.291938
0.502271
0.158791
0.0141131
0
0.00622208
0.00666702
0.0754649
0.245949
0.273428
0.268314
0.0710823
0.0064606
0.011159
0.0347396
0.0759258
0.102949
0.193516
0.307384
0.120233
0.143026
0.207934
0.0455789
0.0296359
0.0573192
0.375243
0.130819
0.0204387
0.0187207
0.0321469
0.0297669
0.143199
0.262621
0.127508
0.3837
0.189526
0.233924
0.143361
0.0276064
0.0724448
0.14356
0.0777554
0.114525
0.136565
0.19
0.155691
0.0178135
0.00952445
0.028645
0.0212278
0.0461115
0.137057
0.479971
0.15788
0.0202601
0.018273
0.01476
0.0343242
0.211731
0.182449
0.237339
0.125232
0.0206724
0.0254632
0.0198821
0.0177889
0.0407443
0.291872
0.555711
0.130647
0.014166
0.0241445
0.0157519
0.0352706
0.0264825
0.12077
0.557526
0.211523
0.0117597
0.00844535
0.0110647
0.0861836
0.0329123
0.0552559
0.0803996
0.0617405
0.00259234
0.0101984
0.0665725
0.02046
0.0165491
0.224559
0.639371
0.193548
0.00307319
0.00356748
0.00613419
0.0542869
0.0381207
0.0451097
0.102703
0.0857745
0.00774814
0.014947
0.0290302
0.173594
0.0599724
0.0361619
0.0295432
0.0297932
0.0307198
0.0190591
0.110548
0.111947
0.0925949
0.133303
0.390837
0.269091
0.093363
0.0204372
0.0325654
0.0914643
0.0669572
0.0654245
0.0236661
0.0873174
0.0788239
0.0623572
0.0724884
0.0545946
0.066374
0.0912148
0.480491
0.438174
0.191148
0.066913
0.0881417
0.00427209
0.00796252
0.0328729
0.380193
0.179863
0.0162216
0.0021833
0.0015853
0.0153207
0.00407257
0.0199473
0.414889
0.156883
0.0721445
0.046863
0.0296856
0.00277019
0.0038145
0.0247536
0.463964
0.273263
0.0350777
0.00523829
0.00820985
0.00330178
0.00819363
0.0187347
0.459641
0.23667
0.0276767
0.00922229
0.00656501