0.0547055
0.00163045
0
0.0222313
0.0540486
0.012247
0.0237697
0.0861508
0.0469704
0.0538983
0.0282538
0.0275634
0.110067
0.100729
0.196575
0.30031
0.329393
0.0673267
0.00289297
0.00765668
0.0116155
0.0198268
0.190939
0.309374
0.324203
0.566566
0.0859228
0.0403703
0.0168886
0.040452
0.19674
0.198351
0.0369057
0.100583
0.0595575
0.0151096
0.0428015
0.0804928
0.145457
0.192179
0.050017
0.150464
0.191081
0.160882
0.065579
0.0597204
0.100955
0.0950247
0.150934
0.542117
0.119604
0.0168831
0.0182378
0.0326241
0.036883
0.0270168
0.196731
0.542117
0.260238
0.109524
0.0235205
0.0226734
0.0183761
0.0421273
0.126743
0.153208
0.250835
0.220602
0.127619
0.0939572
0.0475118
0.048935
0.090185
0.0722618
0.106847
0.183009
0.321389
0.135981
0.0204869
0.0198882
0.236859
0.335554
0.381235
0.167155
0.0286996
0.00937373
0.0238109
0.129032
0.195764
0.176365
0.208048
0.195884
0.101212
0.0065843
0.0195857
0.197208
0.00909069
0.029634
0.0829919
0.377863
0.343219
0.0758475
0.00869202
0.00566122
0.0280301
0.103581
0.0962859
0.251342
0.125022
0.0204105
0.00547079
0.00603452
0.0614187
0.120938
0.207656
0.491462
0.158983
0.00183108
0.00347242
0.100728
0.023706
0.0627901
0.158384
0.367578
0.110972
0.0133203
0.0465013
0.0271997
0.13054
0.231174
0.110569
0.153774
0.10102
0.0713559
0.0948348
0.0495485
0.0876219
0.0850673
0.0416785
0.138738
0.126753
0.115228
0.183403
0.0484686
0.103595
0.104774
0.146752
0.285524
0.149652
0.115479
0.18087
0.155635
0.0395202
0.0473374
0.0337313
0.382813
0.224395
0.183407
0.162847
0.121184
0.0690304
0.102462
0.0999631
0.107939
0.0969668
0.0838861
0.0748236
0.020435
0.177368
0.23794
0.387616
0.106146
0.0705601
0.0483194
0.0810072
0.0701448
0.0356521
0.119575
0.0641861
0.232511
0.173374
0.105604
0.0710453
0.0837369
0.1154
0.167123
0.0915478
0.203864
0.367445
0.087543
0.144194
0.0895882
0.0268765
0.0305791
0.0711073
0.0367974
0.0491516
0.0508696
0.0461386
0.021617
0.0446686
0.0963247
0.0900239
0.298046
0.24108
0.118571
0.11103
0.0636762
0.0346681
0.080801
0.0281234
0.0561669
0.114221
0.0290792
0.042949
0.0365825
0.042902
0.268097
0.335095
0.527283
0.44515
0.0986531
0.0491472
0.0455409
0.188494
0.0515682
0.00404081
0.0233452
0.0484769
0.0660967
0.179421
0.142882
0.196874
0.352322
0.0791872
0.112475
0.134953
0.183973
0.141246
0.0559676
0.0628301
0.0458664
0.0685768
0.0834656
0.0737735
0.146968
0.101894
0.0575168
0.0331931
0.0797529
0.0863096
0.192393
0.3713
0.573395
0.105266
0.0186237
0.137285
0.518389
0.0841966
0.0617704
0.0548533
0.0864007
0.0155585
0.0065594
0.174266
0.369155
0.11544
0.0530556
0.0119796
0.0205602
0.0270174
0.0868682
0.0224997
0.090453
0.0598313
0.173506
0.318869
0.390441
0.0228856
0.00313342
0.0459991
0.103389
0.129361
0.252483
0.207593
0.0910848
0.0340703
0.0366798
0.139097
0.1649
0.143333
0.0514307
0.0156883
0.0358146
0.103583
0.152423
0.107198
0.0865828
0.0783033
0.064921
0.0453843
0.0577245
0.113892
0.124004
0.129414
0.272278
0.205663
0.268563
0.0975751
0.0808714
0.158685
0.170381
0.131092
0.201224
0.0821434
0.0863368
0.0866287
0.314779
0.503107
0.232261
0.0506499
0.0878692
0.112936
0.190593
0.0981988
0.0584001
0.0601005
0.0725387
0.0245482
0.0389944
0.0771197
0.160755
0.103198
0.0220568
0.0476978
0.0343455
0.0322236
0.0696982
0.0446364
0.0509382
0.216144
0.40388
0.599706
0.140276
0.0435648
0.0759046
0.0417597
0.0408373
0.206222
0.189778
0.260259
0.071468
0.103482
0.0607679
0.041683
0.128201
0.0974708
0.0688311
0.108825
0.143906
0.0869253
0.0467638
0.024356
0.152029
0.0892937
0.135335
0.161039
0.195601
0.238084
0.171886
0.0350231
0.0252505
0.149558
0.173135
0.25581
0.192861
0.296737
0.134724
0.0544074
0.0294044
0.0823338
0.115285
0.282181
0.310855
0.0287766
0.0263918
0.0515294
0.0726216
0.060522
0.0486845
0.0738123
0.0948682
0.0375206
0.0237542
0.0836652
0.171613
0.246903
0.0426338
0.0579227
0.0541599
0.113203
0.0353306
0.0726985
0.0423522
0.0486649
0.0344294
0.121884
0.147591
0.0939803
0.012938
0.180711
0.690303
0.305567
0.0215894
0.0470767
0.135381
0.0275532
0.110201
0.0541625
0.0828688
0.0945559
0.010984
0.0131903
0.013142
0.0447186
0.25984
0.277306
0.217737
0.133788
0.0902182
0.0196225
0.0232434
0.0604276
0.130877
0.111861
0.452459
0.183273
0.0573599
0.0065419
0.00751364
0.107457
0.292278
0.150779
0.319042
0.266016
0.337533
0.0312957
0.0253695
0.0102691
0.0275246
0.116288
0.111324
0.0305245
0.0455673
0.0162632
0.00806499
0.00161657
0.0239034
0.285074
0.315362
0.206907
0.240545
0.0248713
0.00377154
0.00577114
0.0186526
0.103036
0.235939
0.0979648
0.00199556
0.000147412
0.00222428
1.87506e-005
0.0148503
0.403233
0.559725
0.27788
0.0498333
0.00377196
1.87506e-005
0
0.00447644
0.13499
0.271059
0.237534
0.155708
0.00726364
0
0.00268661
0.0234144
0.0568977
0.333818
0.280403
0.0497813
0.00607479
0
0
0.0025314
0.193187
0.321978
0.202278
0.0902089
0.0219228
0
0
0
0.0280652
0.481787
0.387251
0.073034
0.0233601
0
0.0328898
0.0911282
0.0803367
0.320927
0.164504
0.0260103
0.039099
0.0536471
0.0449572
0.0829495
0.0406711
0.129519
0.075275
0.154606
0.395877
0.151715
0.00625961
0.0118174
0.0133587
0.508583
0.379175
0.0118924
0.0115348
0.00745006
0.0144195
0.0215401
0.0133159
0.244576
0.188135
0.0465613
0.237508
0.0664535
0.00616631
0.0221284
0.00564845
0.00360199
0.0413618
0.158132
0.441152
0.0940885
0.0170215
0.0199142
0.00388693
0.00174543
0.0554083
0.124528
0.31519
0.0633613
0.0071599
0.00771573
0.00424253
0.00686619
0.0169568
0.110625
0.471752
0.090275
0.0292309
0.010097
0.00305687
0.00228321
0.0227496
0.159328
0.545116
0.159397
0.0287184
0.0145045
0.00221125
0.00107571
0.0321034
0.0913203
0.181429
0.0728709
0.0325127
0.00934676
0.00831295
0.00782909
0.0162439
0.0584573
0.110145
0.0831987
0.0526736
0.0168602
0.00206036
0.00962573
0.0602971
0.190954
0.674565
0.210668
0.0496409
0.0150142
0.00363809
0.0406828
0.103385
0.12266
0.479373
0.241806
0.043633
0.0106108
0.0168756
0.030443
0.0245023
0.0174795
0.0737724
0.0649935
0.0255974
0.00559818
0.0511864
0.37847
0.255794
0.00265684
0.0163693
0.0356439
0.0347374
0.0092035
0.0146277
0.0469594
0.0612014
0.0441015
0.488783
0.232724
0.0489657
0.0118232
0.0386326
0.261452
0.487235
0.0650566
0.215557
0.114122
0.0166718
0.0235486
0.0348567
0.323639
0.242431
0.0307541
0.000707165
0.00245629
0.0308209
0.069529
0.057241
0.263249
0.289309
0.124543
0.0193045
0.0126933
0.00955158
0.00316078
0.0421421
0.253106
0.460679
0.0760777
0.014543
0.00632086
0.0125397
0.0418501
0.109496
0.362391
0.407736
0.099713
0.0320837
0.0233413
0.0297813
0.126355
0.0756369
0.166139
0.133121
0.00572472
0.00024742
0.0100884
0.021161
0.0514793
0.216152
0.434445
0.35097
0.0708221
0.00284468
0.00412561
0.109018
0.271707
0.164531
0.148109
0.0860562
0.0726074
0.026189
0.0356908
0.108547
0.212637
0.415038
0.282278
0.18402
0.114728
0.0149008
0.0176574
0.00112482
0.00666267
0.10248
0.246191
0.166194
0.0719267
0.0133627
1.26384e-005
0
0.00305876
0.0333671
0.494522
0.272279
0.03494
0.013737
0
0.0177333
0.0751793
0.218015
0.231912
0.123543
0.0426352
0.00193206
0.0139263
0.00644502
0.0268771
0.0426866
0.527952
0.340763
0.0106094
0.00289809
0.0208136
0.000935732
0.00032209
0.00670698
0.501163
0.32054
0.00370243
0.00205129
0.00045447
0.00615879
0.00248308
0.00747107
0.203185
0.168892
0.00918815
0.028011
0.0086451
0.00782114
0.00571242
0.00378243
0.524382
0.384951
0.0116623
0.00235642
0.00477444
0.0997031
0.0944378
0.00315609
0.217548
0.181153
0.0140479
0.00814794
0.0266237
0.0198699
0.00409955
0.00778833
0.0121602
0.0118461
0.0212231
0.119053
0.0347711
0.0813511
0.0534283
0.0153881
0.00877359
0.00167893
0.0561176
0.461913
0.128973
0.200071
0.269105
0.0119884
0.00978719
0.0102393
0.00411557
0.00497843
0.0358829
0.469591
0.583956
0.0403954
0.00723987
0.00403483
0.00549964
0.0348421
0.0658988
0.0618888
0.11066
0.0572615
0.0344095
0.0735903
0.0880703
0.41492
0.131446
0.0280415
0.0817261
0.0920797
0.134722
0.211273
0.0640426
0.269314
0.127288
0.320766
0.467252
0.109504
0.0385323
0.0547561
0.0220979
0.0745493
0.0806138
0.146527
0.298168
0.188713
0.143606
0.15291
0.0191172
0.0640814
0.0682561
0.0124742
0.0373556
0.0820619
0.156238
0.144129
0.0374765
0.30838
0.175837
0.0470077
0.0274908
0.0670478
0.190765
0.245268
0.0788692
0.207789
0.124624
0.174649
0.253593
0.237532
0.26671
0.126783
0.0168304
0.0545281
0.0701158
0.0877454
0.148656
0.260006
0.439175
0.146762
0.0521887
0.0611435
0.0437275
0.0489906
0.0159058
0.0486105
0.174669
0.402748
0.152611
0.0881901
0.0604881
0.149047
0.0985147
0.107738
0.315666
0.32545
0.18908
0.115921
0.155465
0.0928502
0.106436
0.0850851
0.160477
0.140091
0.0878281
0.0886262
0.0993872
0.273475
0.177104
0.0644261
0.121456
0.0894139
0.110823
0.19372
0.315856
0.0678643
0.0842763
0.0700136
0.106023
0.117115
0.147123
0.0775344
0.0433731
0.0439923
0.0998684
0.145211
0.0867971
0.307608
0.234092
0.0410738
0.00862361
0.037854
0.00996745
0.0246748
0.0927455
0.23859
0.254693
0.121323
0.0353758
0
0
0.0212307
0.197647
0.595339
0.359068
0.0845397
0.00250377
0.0117156
0.0464637
0.0906364
0.0855205
0.246538
0.0938473
0.00939305
0.0106733
0.00815188
0.0195164
0.0161357
0.358991
0.382502
0.0423594
0.0309919
0.0210731
0
0
0.00655207
0.204831
0.429839
0.111182
0.0305305
0
0.0239563
0.0424983
0.0179603
0.356824
0.426278
0.115124
0.100577
0.0448673
0.0829798
0.0367411
0.00215096
0.299875
0.31456
0.0486893
0.048859
0.0227752
0.273151
0.351608
0.0176732
0.0960309
0.121672
0.0294029
0.0307849
0.042492
0.200138
0.125307
0.0351172
0.125216
0.209395
0.11852
0.109349
0.103704
0.372591
0.441786
0.107996
0.0164713
0.0575985
0.0403754
0.0547252
0.108879
0.290472
0.426525
0.0246089
0.0105769
0.00468431
0.00277448
0.00157427
0.0459969
0.337274
0.488733
0.0756665
0.0162499
0.00546691
0
0.0010813
0.0730079
0.245736
0.335941
0.097658
0.0192252
0.00908517
0.00499207
0.00239282
0.0580662
0.229811
0.229339
0.124979
0.0283884
0.00341264
0.00169755
0.00112329
0.068592
0.360615
0.491679
0.116237
0.0178273
0.0307046
0
0.0186774
0.102789
0.302083
0.427477
0.0891142
0.0306823
0.0288063
0
0.0278495
0.0778048
0.163143
0.271798
0.186764
0.0358205
0.0327538
0.0039481
0.00214066
0.0379595
0.170347
0.241315
0.0682527
0.036753
0.042067
0.00644388
0.0110388
0.027847
0.296807
0.361667
0.120963
0.0828894
0.0230443
0.000600249
0.0059816
0.0379196
0.0867021
0.183127
0.186016
0.390037
0.135355
0.021467
0.00170782
0.00543248
0.131391
0.15119
0.0236019
0.0249693
0.0366626
0.00994717
0.0222816
0.0393955
0.023662
0.0598416
0.0589648
0.524725
0.286008
0.0173073
0.0134104
0.00994017
0.0363971
0.0858444
0.0826364
0.291759
0.0917137
0.0135241
0.0133475
0.0249221
0.105119
0.130358
0.0970048
0.219881
0.0671066
0.0278774
0.107754
0.15623
0.00301043
0.0142692
0.0693616
0.530122
0.20882
0.011828
0.00733681
0.00296349
0.022709
0.0643884
0.144827
0.469063
0.321719
0.0806405
0.0586412
0.0584714
0.00601963
0.00262167
0.0128858
0.110659
0.16128
0.158809
0.0799141
0.0041605
0
0
0.0285914
0.346157
0.379381
0.234509
0.0925921
0.00242751
8.63785e-005
0
0.00645761
0.134715
0.132183
0.0783657
0.0834275
0.0207432
5.75857e-005
0
0.0179196
0.280338
0.367587
0.436964
0.299682
0.0319265
0
0
0.0171644
0.298171
0.315175
0.142292
0.0708417
0.01037
0.0488684
0.0611442
0.0218975
0.21332
0.266749
0.138097
0.179558
0.136842
0
0
0.0143175
0.216817
0.356093
0.436155
0.193418
0.0201377
0.0281759
0.0715509
0.0748133
0.142837
0.191101
0.151359
0.13489
0.121877
0.245404
0.248729
0.126172
0.0856284
0.123071
0.114455
0.180508
0.217908
0.27836
0.440619
0.284565
0.021703
0.0176843
0.0239742
0.0524291
0.121132
0.0907118
0.185362
0.244395
0.0716564
0.0472756
0.036395
0.114972
0.151056
0.0514456
0.175359
0.301334
0.0938189
0.0162767
0.00386038
0.041018
0.0581408
0.23257
0.505232
0.359168
0.0583047
0.0245004
0.0277361
0.0255366
0.065418
0.31394
0.327739
0.214682
0.0544203
0.0330883
0.0476714
0.0283504
0.0521207
0.00936353
0.144064
0.199832
0.175223
0.0512463
0.0444802
0.0541722
0.0252608
0.0195529
0.0624305
0.0726493
0.132176
0.0665602
0.0858791
0.0640956
0.00899459
0.218061
0.28429
0.258967
0.123723
0.213956
0.109309
0.0489309
0.0362293
0.112048
0.108091
0.106882
0.134068
0.261168
0.138846
0.15612
0.0715448
0.0876264
0.0632996
0.0788432
0.121681
0.171368
0.177749
0.0856347
0.0262102
0.175671
0.0680656
0.0508161
0.087188
0.173309
0.251247
0.205201
0.101163
0.0326078
0.0162279
0.00983828
0.0298066
0.0436766
0.0172412
0.0310966
0.0233852
0.0112975
0.0408964
0.0644436
0.428646
0.330022
0.0107761
0.0106651
0.00708103
0.0515965
0.0248818
0.011319
0.0365511
0.0861041
0.0311362
0.026053
0.0232334
0.0221014
0.0591002
0.0620982
0.458996
0.573167
0.164098
0.104357
0.014131
0
0.0270502
0.0635226
0.258881
0.188492
0.0151305
0.0228509
0.0107507
0.0010322
0.0277635
0.073467
0.200572
0.220683
0.118074
0.0805045
0.057198
0.0466211
0.0442233
0.0455666
0.253856
0.346592
0.158398
0.163763
0.0879364
0.085453
0.0651271
0.0526334
0.109442
0.264979
0.43141
0.348145
0.253315
0.000377601
0
0.000495285
0.0312684
0.0572808
0.0475882
0.0566503
0.0289903
0.000251734
0
0.00157738
0.0550486
0.518474
0.480589
0.186421
0.0388258
0.000251734
0
0
0.0145234
0.0239971
0.0046898
0.00271443
0.00502226
0.000167823
0
0.0338272
0.319549
0.493063
0.186372
0.0031547
0.00607517
0
0
0.00330875
0.0503673
0.39306
0.381288
0.0566921
0.00503937
0.000305742
0.0290021
0.0499605
0.0680722
0.195667
0.201941
0.0259197
0.0120551
0
0.00650729
0.0980918
0.285282
0.35268
0.329367
0.00881611
0.000512309
0.000203828
0.0124965
0.136
0.22026
0.224897
0.330538
0.0210392
0.00353118
0.00851052
0.170436
0.268104
0.0960494
0.156359
0.13476
0.103389
0.112241
0.00941729
0.0786773
0.228994
0.129806
0.0747765
0.0379868
0.0979206
0.142303
0.0330612
0.111852
0.239597
0.324457
0.319232
0.260483
0.0940474
0.0518428
0.0655482
0.221142
0.288187
0.165571
0.128632
0.0605874
0.0767237
0.0913157
0.00119084
0.0363612
0.171183
0.221791
0.0904661
0.0387455
0.0559107
0.0434793
0.0207339
0.120609
0.13385
0.215338
0.0521154
0.0393132
0.0303184
0.00428659
0.0695387
0.12559
0.27989
0.299614
0.0943976
0.0156001
0.0814539
0.173423
0.246427
0.194502
0.210636
0.207534
0.0107252
0.00282992
0.171036
0.419207
0.0520225
0.0953314
0.0689215
0.0801435
0.0206863
0.0217239
0.0127304
0.00896185
0.109239
0.0919269
0.0486991
0.0481353
0.0250896
0.036263
0.0344683
0.033418
0.201345
0.128111
0.0956667
0.0427852
0.000716468
0.000151588
0.0684711
0.434506
0.314948
0.155636
0.0448416
0.0210303
0.00972938
0.000124175
0.0448019
0.630419
0.0383971
0.024134
0.00957308
0.0247423
0.0508714
0.0123981
0.0135224
0.0149297
0.0395411
0.0607569
0.0471526
0.224758
0.290245
0.148978
0.101639
0.0197139
0.132449
0.0399774
0.00499129
0.0138723
0.0181037
0.00289457
0.0252941
0.203285
0.13261
0.128451
0.319466
0.712588
0.069047
0.0305403
0.0311271
0.100346
0.0903804
0.0430598
0.026119
0.0851449
0.129025
0.109519
0.0944124
0.0895995
0.146093
0.0913995
0.0476789
0.101712
0.14085
0.213534
0.174459
0.195992
0.117944
0.0989257
0.188249
0.361631
0.116305
0.0487719
0.0263126
0.0768365
0.158677
0.111909
0.141593
0.460105
0.455453
0.0844225
0.0358511
0.129112