0.0205286
0.0211404
0.0272355
0.26318
0.0985688
0.00312486
0.0009736
0.0239411
0.0278365
0.0950214
0.0520085
0.480739
0.179423
0.00776319
0.00528353
0.0376479
0.163419
0.0758624
0.0541145
0.218108
0.134552
0.0291222
0.0118437
0.256114
0.133762
0.30777
0.123602
0.437527
0.264948
0.0696996
0.0710713
0.164126
0.0155288
0.0657667
0.0377214
0.442992
0.130293
0.0313834
0.00683647
0.0223218
0.000645826
0.00532027
0.0272516
0.333911
0.13312
0.0442026
0.0131796
0.00423897
0.0803278
0.17595
0.064766
0.223908
0.107442
0.153266
0.351136
0.144808
0.00748192
0.00788651
0.023144
0.125382
0.0809009
0.218733
0.49762
0.0924929
2.95472e-005
0.00371357
0.0444626
0.166657
0.100711
0.0373922
0.0157678
0.00228392
0.0048323
0.0164235
0.0347996
0.0296619
0.0265166
0.0183174
0.0101751
0.00896352
0.00306056
0.00436591
0.0290159
0.0645453
0.0579157
0.142672
0.851764
0.150368
0.0340985
0.034889
0.0275265
0.0169419
0.0210002
0.0208822
0.260372
0.15006
0.0638876
0.0770803
0.0484526
0.0470109
0.0761343
0.0553082
0.112571
0.120042
0.0989687
0.0695571
0.049392
0.0274925
0.0578992
0.166166
0.133476
0.183409
0.264998
0.190397
0.14868
0.032536
0.0438838
0.0231741
0.22043
0.305443
0.186039
0.133404
0.176578
0.041513
0.0276382
0.0610787
0.152259
0.301982
0.0996271
0.112447
0.139949
0.0585096
0.0240842
0.108589
0.0640581
0.155983
0.162886
0.161163
0.205599
0.0700135
0.0309205
0.111984
0.0706003
0.108884
0.0869415
0.125767
0.171544
0.0674428
0.0412657
0.0730571
0.194741
0.285966
0.137728
0.134836
0.158219
0.157414
0.0985957
0.0858413
0.156262
0.121775
0.12637
0.0850366
0.0825659
0.0402195
0.0391742
0.0647421
0.195308
0.112637
0.165319
0.0449274
0.0275306
0.0299057
0.0292416
0.0655631
0.315365
0.301312
0.114443
0.110864
0.118852
0.10923
0.10598
0.0507007
0.0946427
0.0832279
0.295503
0.169048
0.0964865
0.0889902
0.073377
0.0845353
0.171818
0.192339
0.136921
0.0182299
0.00411139
0.0507913
0.0294469
0.0642425
0.213496
0.187495
0.102204
0.051119
0.0341042
0.0927799
0.0727517
0.12012
0.339761
0.113401
0.225141
0.0984388
0.0164925
0.185533
0.0598725
0.0823465
0.104633
0.135568
0.141922
0.165333
0.161227
0.285617
0.168068
0.0619125
0.136207
0.0641877
0.126837
0.0285175
0.0270709
0.0961758
0.116942
0.0439861
0.0276793
0.268133
0.0640924
0.0942042
0.0624011
0.340545
0.374106
0.0754797
0.0615718
0.103919
0.0273916
0.00127383
0.00445946
0.246833
0.177581
0.0257114
0.0186848
0.0877397
0.0147224
0.00492581
0.0130655
0.469511
0.469511
0.0292984
0.0199637
0.0294055
0.0694608
0.0495016
0.0292029
0.12727
0.124103
0.0625033
0.280609
0.114329
0.0344729
0.00342579
0.00721115
0.00640738
0.00652108
0.114312
0.481449
0.155208
0.0748765
0.0213479
0.06042
0.370601
0.216501
0.0114821
0.0658974
0.100988
0.089635
0.0202552
0.0605527
0.0919929
0.0290348
0.0611352
0.481449
0.284872
0.00251361
0.000485272
0.000926738
0.0013079
0.00193698
0.040393
0.484966
0.0921558
0.00818729
0.00475984
0.00259808
0.00057165
0.000959021
0.00238853
0.408816
0.124346
0.00982541
0.00130773
0.00415195
0.00278428
0.00149174
0.041408
0.484966
0.141263
0.00142685
1.95009e-006
0.000173558
0
0
0.0280472
0.484966
0.176347
0.0135668
0.00650933
0.00997307
0.00112037
0.000644399
0.00245413
0.227328
0.101151
0.0142087
0.00731152
0.012837
0.00170667
0.00216189
0.0102158
0.0518074
0.036104
0.00339358
4.19441e-005
0.00162368
0.000198429
0.000575279
0.0496163
0.619356
0.228387
0.0101161
0.00329027
0.00360628
0.000297644
0.00409114
0.0421143
0.619356
0.220237
0.0231151
0.0207078
0.0131457
0.00356196
0.00546585
0.015502
0.0359388
0.0400357
0.0159174
0.0204931
0.0251165
0.0165033
0.00950436
0.00420445
0.026715
0.0263348
0.0207712
0.0119049
0.00469401
0.000719642
0.00945942
0.0430768
0.858627
0.286555
0.0149581
0.00958116
0.0173727
0.0130907
0.00717634
0.0108348
0.231058
0.146754
0.0580262
0.14626
0.231895
0.0782024
0.0575173
0.0119414
0.0464986
0.0487842
0.228929
0.261035
0.204165
0.0634932
0.066267
0.0483765
0.0364495
0.0534675
0.0456142
0.0694837
0.211307
0.15982
0.0913836
0.0426105
0.207909
0.154986
0.0764571
0.18487
0.320549
0.204168
0.173742
0.0456574
0.0641813
0.0121177
0.178011
0.109788
0.0508496
0.117216
0.060309
0.0692759
0.02206
0.0549496
0.168289
0.16584
0.165871
0.181593
0.114254
0.0733325
0.0129673
0.0452925
0.0714973
0.109852
0.203779
0.184002
0.172156
0.0684189
0.0322993
0.0197755
0.132621
0.123712
0.200685
0.338015
0.329345
0.135179
0.0132248
0.116524
0.00194281
0.00157636
0.00860202
0.234421
0.116971
0.00379633
0.00128028
0.00421523
0.000978277
0.00133534
0.00538569
0.46764
0.344967
0.00115321
0.000359862
0.00117026
0.000799298
0.00176086
0.00926317
0.308852
0.165617
0.00244709
0.00198702
0.00478895
0
0
0.00183482
0.46764
0.453516
3.68159e-005
0
0
0.0222159
0.0105797
0.0331243
0.471247
0.270616
0
0.00577765
0.0272044
0.0460443
0.0129168
0.0383314
0.193452
0.119243
0.0221975
0.264564
0.140264
0.0010924
0.000152106
0
0.471247
0.386544
0
0
0
0.00848971
0.00338912
0.00215655
0.306151
0.207868
0.00872353
0.0308326
0.0233115
0.0117663
0.00170747
0.00410874
0.0127064
0.0113698
0.025848
0.539746
0.134975
0
0
0
0
0.000188466
0.045242
0.539746
0.140637
0.00429362
0.0027341
0.00361846
0.0263272
0.0267154
0.0113655
0.134027
0.0523022
0.00139446
0.00258514
0.00327024
0.00113759
0.00272821
0.020117
0.539746
0.094386
0
0
0
0
4.42076e-005
0.0265468
0.474901
0.0848748
0.000470566
0
0
0
0.000482966
0.0183668
0.474901
0.139274
0.00122926
0.000756639
0.00064899
0.000103177
3.64185e-005
0.011328
0.474901
0.0808643
0.000447056
3.57573e-005
0
0
0
0.0299482
0.474901
0.125459
0.000647338
0
0
0
0.000550686
0.0100928
0.505236
0.105089
0.00142012
8.66099e-005
0.00117586
0.00237322
0.000343833
0.00435664
0.332214
0.0982186
0
0
0
0
0
0.0296893
0.505236
0.112872
0.00109092
0
0.000330077
0.000604699
0
0.0264479
0.505236
0.197014
0.00610497
0.000857066
0.00672332
0.0139961
0.00333898
0.00417328
0.153455
0.0776234
0.00919958
0.00645801
0.0119859
0.0202525
0.00960832
0.00392016
0.0216111
0.0178098
0.00722211
0.000261062
0.00176852
0.00401006
0.000756925
0.0472988
0.617014
0.288786
0.0114316
0.00363128
0.00137398
0.00639245
0.00315851
0.0212908
0.617014
0.245008
0.0236987
0.0395718
0.0623669
0.0568771
0.0368236
0.00587371
0.0147458
0.0139045
0.0348039
0.0256664
0.094996
0.0971962
0.0794171
0.0205937
0.00546733
0.0465501
0.0332632
0.0271304
0.0282847
0.0314774
0.0311505
0.0222958
0.753773
0.357584
0.097322
0.110653
0.194859
0.137484
0.0800924
0.0258718
0.148742
0.116801
0.000888278
0.00137501
0.00381526
0.246068
0.142079
0.00110313
0.00175819
0.00257324
0
0
0.000587648
0.450833
0.367442
2.39348e-005
0
0
0.00147435
0.00304516
0.00498121
0.32709
0.189895
0.000510895
0.00151191
0.00437475
0
0
0.000612601
0.450833
0.435936
0
0
0
0
0
0
0.49102
0.320789
0
0
0
0.00115637
0.00347342
0.00371746
0.261269
0.163531
0.00693645
0.00210339
0.00269314
0
0
0
0.49102
0.377734
0
0
0
0.000941859
0.00136158
0.00450704
0.303876
0.190176
0.00715249
0.00536628
0.0030228
0.0152702
0.0397448
0.0389744
0.197389
0.194317
0.0590053
0.086227
0.0489489
0.0390798
0.0502432
0.0520435
0.0305946
0.0303803
0.0400466
0.695594
0.195362
0.0206639
0.0272794
0.0376736
0.228597
0.186614
0.0759981
0.0641396
0.0356293
0.0709615
0.0358226
0.0403616
0.0462443
0.0381891
0.0943812
0.108009
0.118014
0.0110496
0.00452455
0.00518909
0.00140871
0.000232463
0.00765054
0.386722
0.10616
0.00553657
0.00122484
0.000364312
0
0
0.0497229
0.803072
0.237709
0.0192321
0.00927462
0.00407691
0.00210428
0.00133737
0.0193875
0.0452221
0.0333952
0.0343908
0.0192543
0.00152144
0
0
0.0211054
0.205531
0.0897617
0.000359124
0.000190745
4.8447e-005
0
0
0.0199503
0.524341
0.107876
0.000193075
0
0
0
0
0.0421779
0.524341
0.157455
0.0274859
0.0284038
0.000193788
0
0
0.00266698
0.21001
0.0612601
0.0837874
0.132545
0.0142094
0.0168875
0.0133366
0.0439774
0.524341
0.0907365
0.000525462
0.000610255
0.000353306
0
5.68453e-005
0.0653851
0.463373
0.116242
0.000934849
0.00262044
0.00141322
2.39475e-006
0.000298403
0.0378727
0.463373
0.184832
0.0438342
0.103597
0.0252693
0.0251079
0.0751985
0.114442
0.411543
0.0439181
0.0605725
0.0887146
0.0272529
0.0194703
0.104714
0.109368
0.463373
0.13077
0.00244965
0.00159539
0.00121075
0.000929094
0.00197654
0.0108428
0.452307
0.150308
0.0370077
0.0438409
0.0898993
0.0542188
0.00642549
0.0100042
0.201352
0.0944884
0.101638
0.118941
0.00510852
0.00453033
0.0202101
0.0604993
0.452307
0.182826
0.276951
0.158473
0.185862
0.10044
0.0230381
0.0667721
0.452307
0.203543
0.000441988
0.0030042
0.00390808
0.287703
0.151199
0.00259604
0.00118713
0.00271686
0
0
0.000514027
0.452293
0.327887
0.000453848
0
0
0.00339302
0.00274604
0.00958063
0.412524
0.161751
0.00282758
0.000763521
0.00434613
0
0
0.00191165
0.452293
0.369426
0.00181539
0
0
0
0
0
0.511368
0.308387
0.000488982
0
0
0.000181502
0.001881
0.00211608
0.252942
0.153902
0.00290949
0.00794466
0.00288717
0.00114612
0
0
0.511368
0.375368
0.00402724
0
0.00147973
0.0322924
0.0185232
0.00268277
0.251525
0.1947
0.00694211
0.00462934
0.0104727
0.00207508
0.00690845
0.00656904
0.0514111
0.0419812
0.0117998
0.0256571
0.0139008
0.0254826
0.0305569
0.00889451
0.0184284
0.0165562
0.0261246
0.0273715
0.0327944
0.215162
0.149723
0.00968575
0.0419539
0.0500099
0.00822941
0.0203254
0.0246746
0.503752
0.757458
0.0143104
0.0215914
0.0136208
0.00888432
0.0163912
0.0222308
0.0353534
0.0492391
0.00308443
0.00183544
0.00155557
0.00829848
0.0107401
0.0116062
0.15496
0.150538
0.00091982
0
0
0.00578699
0.012131
0.0245216
0.260069
0.510037
0.00438052
0.00246699
0.00135022
0.0022379
0.00187996
0.00557318
0.504167
0.557945
0.000886712
0
0
0
2.69304e-005
0.0137775
0.122218
0.165715
4.91601e-005
0
0
0.00106864
0.0136569
0.0170538
0.197671
0.392214
0.00845044
0.00953428
0.00752949
0.0072862
0.0580216
0.0149633
0.31216
0.453874
0
0
0
0
3.9658e-005
0.0057076
0.453874
0.453874
0.000194372
0
0
0
2.64387e-005
0.000858845
0.135046
0.316087
0.0261943
0.0178584
0.0463769
0.0257456
0.0489107
0.00413513
0.242541
0.358508
0.0305142
0.0217977
0.0652941
0.0347139
0.0646885
0.025025
0.363852
0.409686
0.00507525
0.00111918
0.000124353
1.28953e-006
0.000363585
0.000342045
0.409686
0.409686
0.00778492
0.0046715
0.000692196
5.15814e-006
0.00111297
0.00270335
0.304748
0.377457
0.00500645
0.00654794
0.0135259
0.0273402
0.14113
0.046705
0.356617
0.245584
0.0622561
0.04454
0.13359
0.101392
0.178253
0.10711
0.342879
0.374416
0.00221914
0.00272327
0.00176819
0.000555502
0.00138685
0.0109217
0.206089
0.141735
0.000896864
0.019939
0.299385
0.144539
0.0490892
0.0469558
0.00549817
0.00218605
0.00959784
0.347337
0.126645
0.000324509
0.000504078
0.00550783
0
0
0.00203899
0.437824
0.293475
0.00653383
0.00286989
0
0.00514578
0.0016856
0.00942215
0.415974
0.192874
6.53281e-005
0.00116471
0.00963974
0.0140601
0.010097
0.00553676
0.437824
0.370064
0.0250418
0.0351186
0.0266213
0.0192409
0.012303
0
0.392359
0.27018
0.0241079
0.0125284
0.0138622
0.163493
0.172172
0.000732037
0.122598
0.119324
0.0199253
0.0095355
0.0325677
0.134761
0.137243
0.00291296
0.245202
0.225426
0.0614111
0.0959589
0.0858669
0.460056
0.493791
0
0.0359675
0.0570202
0.0278386
0.0447637
0.0673922
0.156402
0.198572
0.000736694
0.00326943
0.00528618
0.0015941
0.00138149
0.00683338
0.234686
0.433553
0.000861176
0.00102048
0.000418135
4.60099e-005
0.000642115
0.00157284
0.31363
0.433616
0
0.000192757
0.00070735
0.000562462
0
0.00388399
0.419106
0.433616
0
0
0
0
0
0.000312767
0.191862
0.404324
0.000371557
0.000245353
7.663e-005
5.79092e-006
6.72091e-005
0.00148374
0.286504
0.404324
5.7277e-005
0
0
0
0
0.000879461
0.299022
0.404324
0
0
0
0
6.46607e-005
0.00127011
0.31263
0.404324
0.00174894
0.0016066
0.000399406
0.000112179
0.000258643
0.00255676
0.355825
0.451386
0
0
0
0
7.72528e-006
0.00117696
0.447397
0.451386
0.000138744
5.94616e-005
0
1.51943e-006
0.000262729
0.00445053
0.267775
0.311418
0.00224171
0.00376831
0.00219905
0.000829497
0.00113755
0.00616444
0.178408
0.14225
0.000936282
0.00294849
0.00288941
0.00206351
0.00668874
0.0139319
0.523311
0.616699
0.000853315
0.000641512
0.0019871
0.000203534
0.0044374
0.00618503
0.347712
0.377907
0.00510313
0.00299181
0.00649972
0.00261981
0.0120818
0.00830033
0.106405
0.0803644
0.00174337
0.00347229
0.00850119
0.00623148
0.014194
0.0152942
0.0301174
0.0202538
0.00709134
0.00795669
0.0240818
0.0112952
0.016911
0.0162401
0.39828
0.319835
0.0222278
0.0171593
0.02054
0.0143832
0.0231203
0.0342654
0.149202
0.0899583
0.018162
0.0574656
0.634944
0.305248
0.134977
0.0993748
0.0316623
0.0429824
0.0510501
0.0230344
0.0475045
0.0217902
0.0252256
0.0202015
0.0476619
0.0753217
0.0685715
0.0323651
0.103557
0.0587497
0.0554606
0.0750374
0.00625753
0.000893684
0.0096491
0.373602
0.184952
0.0320526
0.033323
0.0193524
0.131976
0.101526
0.00944135
0.460092
0.299989
0.0524652
0.102469
0.0874316
0.0167844
0.00102662
0.00414065
0.149314
0.107725
0.092415
0.195933
0.0882071
0.385472
0.221008
0.00410148
0.126162
0.136266
0.0847922
0.228645
0.217684
0.197411
0.263851
0.00318759
0.0616377
0.0560832
0.0180562
0.0492561
0.0618605
0.373996
0.416179
0
0.00108954
0.00448114
0.00444725
0.0129641
0.0216184
0.340521
0.370027
0.00289504
0.0109988
0.0155553
0.0108837
0.0365833
0.0570536
0.302569
0.416179
0.00812847
0.00236435
0
0.00765156
0.00880032
0.00453616
0.38875
0.488844
0.000952527
0
0
0
0
0.000416665
0.415105
0.488844
0.00205921
0
0
6.9081e-005
0.000564578
0.000845646
0.207736
0.278825
0.00869629
0.0020707
0.0003099
0.00361
0.00970575
0.0138969
0.115765
0.12188
0.00857939
0.000202283
0.00254501
0.00728619
0.0130671
0.0222212
0.501374
0.68102
0.000958107
0
0
0.000492729
0.0051369
0.00609886
0.280909
0.34006
0.0148391
0.0106059
0.00415689
0.000578037
0.00800876
0.0128922
0.0886177
0.0584341
0.00646945
0.00338479
0.00684806
0.0149715
0.023211
0.0261141
0.0326888
0.0278081
0.017467
0.0150422
0.0178044
0.00459729
0.0187293
0.0155411
0.540718
0.402602
0.0753871
0.0890478
0.0597132
0.0198635
0.0476101
0.0522484
0.212163
0.0733235
0.0292889
0.07896
0.0792916
0.0696169
0.157206
0.0764924
0.0639802
0.0839798
0.0997226
0.0765027
0.165126
0.0282697
0.0450006
0.041904
0.0942878
0.0705911
0.094453
0.0762994
0.176163
0.0806433
0.115161
0.0794227
0.0820777
0.0406426
0.0228246
0.0586064
0.13123
0.0860947
0.165094
0.117529
0.156117
0.0623499
0.0390223
0.0540888
0.180112
0.0644601
0.132609
0.243555
0.140098
0.0596586
0.0749855
0.0725575
0.181929
0.103109
0.151248
0.169616
0.279539
0.130477
0.0445669
0.0568085
0.228802
0.0987962
0.126971
0.231922
0.104891
0.0904047
0.0740595
0.0505461
0.125561
0.0351451
0.0817084
0.12982
0.10566
0.0934914
0.126746
0.109922
0.198672
0.142797
0.109309
0.120558
0.162728
0.124312
0.046129
0.0372552
0.154365
0.10517
0.119037
0.161684
0.135871
0.0851521
0.111287
0.0685297
0.320115
0.231986
0.280378
0.137291