0.0198593
0.0367893
0.0621774
0.0513781
0.0268854
0.0140621
0.0156532
0.0167962
0.244912
0.149102
0.0909111
0.0447843
0.0162945
0.0184435
0.0292164
0.200177
0.00968666
0.0579995
0.119677
0.222041
0.140314
0.0341593
0.0134904
0.0111338
0.335186
0.500413
0.346137
0.368138
0.166448
0.0103153
0.00831382
0.247999
0.160878
0.0499707
0.0173335
0.00441945
0.0026569
0.0133706
0.0389811
0.214439
0.0660713
0.0272449
0.00767743
0.00258145
0.0095135
0.0400648
0.109586
0.143072
0.283323
0.225155
0.0959261
0.0635068
0.0258657
0.0419025
0.177257
0.422707
0.12189
0.0277514
0.00870979
0.00247175
0.00730249
0.208653
0.513642
0.392052
0.0577646
0.0351101
0.0188864
0.0109254
0.0152793
0.033353
0.0799787
0.0594721
0.0723781
0.0354518
0.0225974
0.0274746
0.0194099
0.0197556
0.0263253
0.0582857
0.0542476
0.0287386
0.00703617
0.0117666
0.0107811
0.245517
0.694056
0.263971
0.0828078
0.0402092
0.0162004
0.0342239
0.032561
0.18217
0.389218
0.302433
0.115546
0.0802877
0.0493718
0.0611808
0.0352193
0.0848342
0.126143
0.125396
0.0755496
0.0901727
0.104957
0.0910945
0.082169
0.0895772
0.096671
0.0505073
0.130649
0.0872519
0.0436987
0.101714
0.0809121
0.248366
0.478048
0.437689
0.0769193
0.102644
0.0699821
0.0871705
0.165052
0.207971
0.257992
0.124504
0.0784243
0.121888
0.094962
0.0957597
0.085171
0.0841231
0.105248
0.0666128
0.0589009
0.0910229
0.0680546
0.0526643
0.195661
0.2417
0.348918
0.09666
0.133378
0.212896
0.0840826
0.0255703
0.107669
0.195743
0.236583
0.0935189
0.120431
0.266421
0.259095
0.0411579
0.101925
0.238338
0.255405
0.0952524
0.0845131
0.053839
0.0512746
0.0173212
0.09005
0.118113
0.209248
0.155335
0.205001
0.0846984
0.0493546
0.0234321
0.043401
0.0798656
0.0948823
0.267773
0.14396
0.0927227
0.196324
0.0190976
0.0389804
0.160379
0.214122
0.228607
0.323039
0.129972
0.137537
0.0601522
0.101749
0.235204
0.150811
0.391234
0.145321
0.140437
0.10169
0.0435464
0.0608629
0.094486
0.0586688
0.163637
0.113124
0.151783
0.123256
0.0921498
0.0827032
0.0845472
0.206914
0.105218
0.285196
0.22807
0.148205
0.100168
0.112913
0.181241
0.0756763
0.244191
0.194813
0.208156
0.161883
0.132432
0.0483336
0.218418
0.24507
0.150086
0
0.00972788
0.028604
0.131837
0.175499
0.0361788
0.0148359
0.00470302
0.0621555
0.13278
0.167489
0.340014
0.337154
0.00474971
0.00719143
0.0340793
0.000394581
0.008168
0.00619965
0.219497
0.228333
0.0309954
0.0170707
0.0168188
0.00770131
0.00253609
0.0596919
0.506783
0.506783
0.002159
0.00237853
0.00103694
0.124409
0.095221
0.109625
0.122073
0.0735149
0.0221499
0.0815054
0.128237
0.129766
0.0435259
0.0452616
0.0325255
0.0116091
0.130424
0.410209
0.227738
0.0766091
0.039622
0.118833
0.410209
0.279282
0.00382279
0.0166886
0.0468538
0.142106
0.0695714
0.106636
0.255746
0.155281
0.0458217
0.410209
0.230692
0.0221819
0.00590624
0.00147855
0.00205129
0.00594653
0.137492
0.428547
0.120882
0.0148998
0.00353508
0.000593873
0.00296682
0.00641698
0.191927
0.327056
0.167624
0.0299995
0.0118032
0.0102558
0.0187852
0.0178237
0.0852598
0.458934
0.196206
0.00574973
0.000173346
0
6.16708e-005
0.0042973
0.218265
0.458934
0.219539
0.0147061
0.00611216
0.00138134
0.00518759
0.00823063
0.14852
0.238672
0.134045
0.0148558
0.00964121
0.00225606
0.00409006
0.00932787
0.0590893
0.143723
0.110798
0.0123796
0.000597136
0
0.000281795
0.00405701
0.295026
0.502747
0.222935
0.0120619
0.00296423
2.08698e-005
0.000187863
0.0107098
0.234162
0.502747
0.344456
0.0268786
0.0248303
0.0133519
0.00484895
0.00560186
0.0395829
0.0921293
0.0757302
0.0316373
0.0455291
0.0446057
0.0179128
0.00543853
0.024807
0.0345844
0.0226829
0.0147127
0.00686378
0.00496405
0.00295079
0.00533265
0.190454
0.664631
0.388562
0.0470608
0.016064
0.0147841
0.0147868
0.0183688
0.147883
0.454667
0.219973
0.0957591
0.119168
0.117659
0.0367712
0.0247203
0.0904997
0.0974441
0.130695
0.182087
0.105218
0.106276
0.111824
0.120186
0.145272
0.072866
0.164374
0.179619
0.122305
0.0784227
0.08583
0.101639
0.21856
0.409943
0.363493
0.19556
0.134964
0.0934031
0.169142
0.175254
0.113796
0.0892166
0.188824
0.180647
0.144711
0.112365
0.142041
0.111405
0.122107
0.0413159
0.0941601
0.11418
0.144862
0.151129
0.096558
0.0624987
0.238059
0.173489
0.0808974
0.160302
0.0997981
0.152741
0.194158
0.107975
0.124918
0.098096
0.165776
0.178263
0.143455
0.34389
0.251668
0.118162
0.126783
0.177949
0.137686
0.00249941
0.00262247
0.00393687
0.14783
0.173423
0.0157073
0.00852404
0.0221774
0.000155315
0.000488408
0.0116548
0.455844
0.416434
0.00290911
0.0004595
0.00187239
0.00664945
0.00127618
0.00714326
0.153459
0.238492
0.0261605
0.0182755
0.0219132
0.00103247
0
0.000242203
0.467761
0.467761
0.00333456
0.00164628
0.00217719
0.00638204
0.00681641
0.0257386
0.380199
0.30252
0
0.000975468
0.00466729
0.025402
0.0182507
0.0306423
0.296111
0.221664
0.00406272
0.132943
0.0625148
0
0
0
0.389843
0.389843
0
0
0
0.00288005
0.000690075
0.00246818
0.389843
0.32893
0.00818891
0.00219659
0.00248231
0.0268159
0.0111444
0.0124874
0.0595971
0.0416687
0.0156842
0.557823
0.181198
0.0229561
0.0031047
0.00551712
0.00126964
0.00130007
0.0882349
0.601836
0.290349
0.0127396
0.00574322
0.0127924
0.0983693
0.0853851
0.0118289
0.0372075
0.0264317
0.0238624
0.00970445
0.0156021
0.00910405
0.0109574
0.0298722
0.313864
0.123539
0.00580626
0.000288546
0.000734026
0
0.00263046
0.108971
0.461603
0.147619
0.00137266
1.80918e-005
0
0
0.0104111
0.165777
0.461603
0.219239
0.0061772
0.00369628
0.00419302
0.00212896
0.0017676
0.0350907
0.35589
0.123223
0.0016275
0.00273417
0.00277698
0.00195494
0.00322259
0.0747331
0.461603
0.238762
0.00294631
5.90535e-005
0.000132116
5.66213e-005
0.00308286
0.14456
0.451363
0.147386
0.0154178
0.000623812
0.00150235
0.00146991
0.00923356
0.189284
0.318684
0.156841
0.00499687
0.000959407
0.000572079
0.000211403
0.00095425
0.109088
0.451363
0.188971
0.016357
0.000117462
0.000163235
0.00017842
0.0101959
0.232557
0.451363
0.192724
0.0273224
0.00583826
0.00702307
0.0083507
0.0185897
0.155351
0.243543
0.117265
0.0359641
0.0118548
0.00860744
0.0117904
0.0157357
0.0517972
0.156721
0.0716009
0.0172986
0.00226265
0.00085942
0.00504753
0.031249
0.323706
0.530116
0.15738
0.0260825
0.0097062
0.00169826
0.00845856
0.0199984
0.210949
0.530116
0.276271
0.0536508
0.0207838
0.0261175
0.0268655
0.0232904
0.0348053
0.0904132
0.0649386
0.0718612
0.051103
0.0465967
0.0387743
0.0446363
0.0306059
0.0696505
0.0451989
0.0396802
0.0173082
0.0096306
0.0137813
0.037729
0.265698
0.741461
0.326247
0.0659029
0.0564553
0.0251229
0.020251
0.088722
0.179907
0.312358
0.0904427
0.00323803
0.00025707
0.00506331
0.157675
0.143815
0.0254969
0.0254123
0.012525
0.000447787
0
0.000778124
0.461494
0.436505
0.0025259
0.00273239
0.000447787
0.00550602
0.00401713
0.00185331
0.192953
0.199656
0.0216363
0.0127114
0.00909909
0
0
0.0014463
0.461494
0.461494
0.0030811
0.00128699
0
0
0
0
0.364151
0.355341
0
0
0
0.000436942
0.000227333
0.00389327
0.280658
0.291227
0.00464814
0.000691769
0.00168265
0
0
0.000737152
0.381999
0.381999
0
0
0
0.00163926
0.00189642
0.0115908
0.344643
0.359015
0.000598011
0.000617303
0.00315741
0.0170143
0.0166582
0.0465653
0.346719
0.421074
0.0458118
0.042634
0.0665497
0.0303083
0.0479839
0.058034
0.0479846
0.0605674
0.0843052
0.116304
0.113193
0.0332727
0.0407603
0.0998313
0.42654
0.437523
0.0471067
0.0470301
0.0841159
0.113445
0.0875335
0.0770932
0.106981
0.107226
0.102032
0.0932554
0.112093
0.00748563
0.0175442
0.0254638
0.0108689
0.00623871
0.017734
0.0817285
0.0545047
0.0167953
0.0301956
0.0341644
0.0128543
0.00993027
0.0243371
0.526601
0.181493
0.0854574
0.139302
0.0344515
0.0194388
0.0216679
0.0106878
0.00849201
0.0228439
0.299536
0.693121
0.0847141
0.010157
0.0117003
0.00442277
0.00914932
0.0134423
0.0305758
0.0265992
0.00542836
0.0014245
0.001201
0.0141922
0.369184
0.0905593
0.0409016
0.153776
0.0322042
0.00154572
0.00648989
0.0973072
0.45968
0.0944638
0.196934
0.45968
0.0271423
0.00198975
0.00125645
0.000566076
0.0272798
0.00812556
0.235642
0.45968
0.112869
0.00231858
0.00301012
0.0356803
0.138873
0.0172728
0.0161294
0.143849
0.0657024
0.036359
0.0335217
0.170798
0.434847
0.0530043
0.0268356
0.111999
0.0598819
0.0554372
0.0336297
0.154445
0.354557
0.121735
0.108289
0.434847
0.174373
0.0464404
0.0202016
0.0763788
0.101374
0.011611
0.204461
0.434847
0.15872
0.0708597
0.0225871
0.0659498
0.0798165
0.0197246
0.0134234
0.106984
0.071349
0.0416516
0.05612
0.231383
0.427113
0.123684
0.0500448
0.0431447
0.0481425
0.0297098
0.121726
0.169991
0.217399
0.0417066
0.224874
0.520299
0.243422
0.0614917
0.0728517
0.102004
0.134311
0.0199821
0.146287
0.211549
0.200628
0.0508558
0.159014
0.111019
0.0889617
0.0372272
0.00692831
0.0108338
0.00164511
0.147949
0.159795
0.0128506
0.00299982
0.00863418
0.000173355
0.000996386
0.00367906
0.463893
0.451881
0.00244791
0
0
0.0167337
0.0173624
0.0141246
0.175152
0.155839
0.0143355
0.00910451
0.0143948
0.00313484
0.00246181
0.0119752
0.463893
0.463893
0.0100402
0.000102939
0.0011376
0
0
0.00307724
0.385151
0.31634
0.000226608
0
0
0.00726703
0.00767395
0.00976846
0.341298
0.232094
0.000185803
0.000877437
0.00476907
0.0091414
0.00397052
0.00388487
0.385151
0.385151
0.0312025
0.00915264
0.0148337
0.147665
0.202731
0.0106678
0.261089
0.330551
0.0382202
0.0357141
0.0398843
0.0418333
0.027882
0.0177244
0.061566
0.0331411
0.00230149
0.00217026
0.00762292
0.133742
0.193608
0.0418012
0.00954977
0.00925621
0.00538333
0.00425446
0.0134228
0.351749
0.490192
0.0372899
0.0337894
0.0379213
0.00611733
0.0145158
0.0179479
0.490192
0.490192
0.192517
0.00222947
0.000885473
0
0.0015359
0.00763287
0.134669
0.310475
0.0337315
0.00560285
0.00475135
0.00144816
0.00134188
0.0115254
0.197022
0.465793
0.0712263
0.00512892
0.000676714
0.000211008
0.000132475
0.00427315
0.224587
0.465793
0.170151
0.0118836
0.000459057
0
0.0061735
0.013731
0.182177
0.465793
0.169084
0.021782
0
0
0.0228731
0.0272833
0.170214
0.451021
0.0757914
0.00595653
0.000109172
2.18343e-005
0
0
0.154579
0.451021
0.118757
0.00425032
0
0
0
0.000235442
0.133116
0.451021
0.138929
0.0225255
0
0
0.00729934
0.00692412
0.118304
0.451021
0.1306
0.0157671
0
0
0.00099393
0.00503342
0.159552
0.508054
0.161355
0.00804609
0
0.000425513
0.00145955
0.0216148
0.293266
0.508054
0.104137
0.0174714
0.000325704
0.00333855
0.00882195
0.0495512
0.138913
0.417689
0.0932443
0.00259518
0
0.00296782
0.00778491
0.0370601
0.142196
0.222251
0.0384712
0.0106727
0.000103709
0.0204024
0.0466621
0.0645587
0.415721
0.684712
0.14506
0.0330686
0.0180744
0.0132114
0.0162302
0.0360496
0.237767
0.258464
0.148838
0.0252058
0.0465571
0.0551139
0.038352
0.0486171
0.140092
0.207581
0.0245825
0.0320701
0.0053403
0.0299895
0.0879279
0.0474972
0.106894
0.0916057
0.0346698
0.0278499
0.0278681
0.0386621
0.0676499
0.0333707
0.0241802
0.0180685
0.0266037
0.141707
0.143671
0.00782783
0.0104212
0.0248979
0.00662004
0.00268387
0.0174179
0.470931
0.428326
0.0263399
0.0115178
0.00367837
0.0253616
0.0204712
0.0218431
0.200055
0.155631
0.0178484
0.0104552
0.031601
0.0124921
0.0100397
0.0338583
0.500258
0.397053
0.120218
0.0834693
0.0556302
0.0539726
0.0233405
0.00390359
0.210119
0.340195
0.0779849
0.0371332
0.0604108
0.3396
0.433391
0.0223018
0.0688105
0.220211
0.0802534
0.0506521
0.115431
0.0792423
0.0881791
0.0888215
0.123971
0.159294
0.0841955
0.0889859
0.102274
0.282376
0.433391
0.182904
0.00940005
0.0401016
0.0348652
0.0467902
0.0958042
0.257618
0.41621
0.060657
0.00368368
0.0109024
0.0068276
0.00722248
0.019648
0.263344
0.41621
0.143979
0.00225385
0
0
0
0.00476902
0.162275
0.41621
0.112994
0.00364365
0.000142397
0.00236885
0.00159273
0.0128279
0.235135
0.41621
0.100127
0.00208814
0.000357579
0.00315907
0.00136305
0.0223961
0.201413
0.48271
0.189625
0.0130967
0
0
0.00618349
0.0221877
0.231625
0.48271
0.157201
0.015351
0
0
0.024734
0.0473093
0.218166
0.431635
0.074991
0.00487019
0.00516025
0.00390011
0.011159
0.0440995
0.163112
0.231201
0.05535
0.0164345
0.0101269
0.0049928
0.0311899
0.0382219
0.276007
0.681956
0.151294
0.0222505
0.00104305
0
0.0146847
0.0228476
0.182141
0.492523
0.0976875
0.0205796
0.0041722
0.00693053
0.0150082
0.0189323
0.136344
0.181862
0.0769924
0.0380177
0.0100615
0.00227038
0.0221923
0.017606
0.0686827
0.092167
0.0579753
0.0292799
0.00816878
0.0158572
0.0412476
0.0428283
0.197211
0.423582
0.0823885
0.00894754
0.0102765
0.0296549
0.101076
0.110331
0.12042
0.145929
0.0438241
0.0106609
0.0335329
0.0903801
0.228366
0.119268
0.132854
0.0483597
0.0413537
0.0134717
0.0193391
0.0771387
0.274799
0.182338
0.164467
0.101375
0.0235153
0.000705615
0.0670049
0.149863
0.453213
0.290628
0.0914765
0.124333
0.0557813
0.0407898
0.0807685
0.0941057
0.228618
0.0806811
0.145337
0.194692
0.197155
0.0825409
0.108041
0.0502076
0.0933344
0.0518736
0.245661
0.167118
0.0454935
0.0361592
0.121573
0.0950106
0.306616
0.313027
0.282281
0.183325
0.177033
0.0733401
0.133169
0.0819986
0.232233
0.17622
0.0128673
0.0217973
0.0339495
0.222336
0.156001
0.0820859
0.0569693
0.0554483
0.114198
0.0294045
0.0370436
0.367495
0.291612
0.231236
0.350837
0.291137
0.0136588
0.0485797
0.0563941
0.0648668
0.0758703
0.070944
0.0930246
0.0705679
0.187527
0.0451852
0.0273792
0.0619185
0.0698396
0.110604
0.302728
0.395778
0.233479
0.144421
0.0966961
0.071449
0.0676205
0.0631369
0.15602
0.20649
0.363905
0.570264
0.174071
0.0152372
0.0065653
0.00462821
0.0422077
0.0718318
0.271603
0.0618371
0.00352395
0.016063
0.0165697
0.0598217
0.132655
0.232266
0.286857
0.186593
0.0109769
0.02373
0.0295108
0.0462951
0.0496461
0.0820307
0.234916
0.671115
0.118029
0.00817045
0.0042783
0.0098889
0.00710578
0.0173949
0.255611
0.52457
0.0551844
0.0113503
0.0315047
0.0512182
0.0146949
0.0459405
0.109149
0.158334
0.0397478
0.0310806
0.0221701
0.0216059
0.0165693
0.0223596
0.0236318
0.068424
0.0423531
0.0390314
0.0840581
0.080604
0.0254724
0.01756
0.40684
0.462379
0.0385239
0.0522908
0.14731
0.0936045
0.0905145
0.148022
0.11618
0.126156
0.114636
0.167189
0.140111
0.0427259
0.121979
0.074294
0.0921731
0.0419536
0.027691
0.099355
0.258052
0.169243
0.117037
0.0383292
0.164974
0.093378
0.133541
0.219934
0.226144
0.0417979
0.0845717
0.0339888
0.0967077
0.149363
0.208593
0.249403
0.0664676
0.0113834
0.0587166
0.0316271
0.179916
0.274271
0.170321
0.112074
0.0235531
0.0382242
0.0995451
0.133938
0.092452
0.159724
0.182313
0.362683
0.219939
0.0374284
0.0243432
0.0234143
0.125378
0.347837
0.115438
0.196121
0.152505
0.0563374
0.0623897
0.0693499
0.129667
0.090844
0.0372774
0.00781184
0.018955
0.06983
0.222957
0.211892
0.14909
0.0868183
0.0154537
0.000685099
0.0784802
0.121801
0.421267
0.39594
0.0912664
0.193116
0.0456469
0.0262072
0.0646541
0.048788
0.100117
0.153905
0.139679
0.171128
0.0259458
0.0128944
0.0863372
0.109868
0.212091
0.329477
0.192931
0.151647
0.0603373
0.0322042
0.0533213
0.0514755
0.238182
0.285482
0.229603
0.207795
0.0945216
0.0780506
0.0728253
0.0407511
0.183127
0.17717
0.157989
0.197632
0.0705511
0.0269593
0.0367338
0.0552028
0.154627
0.238931
0.211612
0.350688
0.151293
0.0747852
0.0475003
0.038334
0.138697
0.199898