0.260989
0.151869
0.154537
0.118279
0.0266517
0.0661468
0.0796371
0.213696
0.124423
0.0960105
0.114283
0.100719
0.0718366
0.0347284
0.0875988
0.128875
0.188327
0.164934
0.14868
0.107347
0.0381338
0.0723827
0.065857
0.184516
0.281885
0.194247
0.225085
0.289752
0.0919431
0.0447409
0.106661
0.107174
0.0454923
0.0120245
0.0100655
0.00761892
0.0191187
0.0116669
0.0288876
0.0719475
0.0493493
0.0129148
0.0138947
0.00975403
0.0323944
0.0221222
0.04175
0.0549259
0.286595
0.0830859
0.0954643
0.0673333
0.0141542
0.00891364
0.0507458
0.150825
0.485762
0.0432984
0.0348712
0.00710892
0.0112378
0.00482722
0.0861799
0.68366
0.0312062
0.0254071
0.0137843
0.019765
0.0408298
0.0151477
0.0205631
0.0257781
0.0258898
0.0360268
0.00443585
0.177861
0.418503
0.0714814
0.00409983
0.0204792
0.228623
0.00845148
0.00661133
0.00703805
0.0154477
0.00799502
0.113611
0.54382
0.121073
0.0203281
0.00329644
0.245171
0.329794
0.0374862
0.104693
0.29749
0.0249077
0.0117805
0.023285
0.166772
0.442681
0.0785806
0.0154749
0.0156353
0.0833752
0.0270183
0.123855
0.344176
0.24147
0.0296649
0.0232123
0.0288736
0.0505643
0.0389939
0.0718506
0.257662
0.383532
0.0479839
0.0483372
0.0621677
0.122655
0.122926
0.274084
0.278496
0.210061
0.0219496
0.0219729
0.0329838
0.0309797
0.0121932
0.0902034
0.445294
0.145069
0.0136118
0.00383013
0.00748533
0.00355506
0.00908562
0.0215147
0.339436
0.34044
0.045742
0.00751678
0
0.0665078
0.0666581
0.219394
0.322071
0.11569
0.00170948
0
0.00892361
0.0154775
0.025125
0.131899
0.314503
0.348151
0.0175513
0.00936884
0.00213451
0.000275471
0.000704019
0.000561669
0.187813
0.245142
0.00512248
0.00129628
0
0
0
0.00033592
0.339314
0.418778
0.00635893
0.000451679
0
0.000781438
0.00139854
0.00885664
0.212034
0.31234
0.0028302
0.00161566
0.000322063
0
0
0
0.435945
0.483369
0.000668833
0.00011292
0
0
0
0.00702201
0.270565
0.204477
0.0125428
0.000580309
0
0.0349618
0.00358971
0.0271249
0.459099
0.279474
0.0426026
0.0113641
0.0379618
0
0
0.00151537
0.275451
0.338109
0.00907732
0.000145077
0
0.0234455
0.000897428
0.00484871
0.364002
0.459099
0.0886758
0.00781627
0.055823
0.028204
0.0126362
0.014664
0.0183883
0.028811
0.0300512
0.0207624
0.0295892
0.05116
0.0447175
0.111945
0.292977
0.117221
0.0104038
0.0085821
0.0144294
0.00687395
0.00955784
0.0174421
0.019377
0.0520863
0.0266634
0.0384666
0.00707178
0.00967077
0.0200977
0.0715074
0.601184
0.626631
0.0116296
0.00735686
0.00187853
0.104742
0.0607371
0.0757951
0.12236
0.0289241
0.000383543
0.00710004
0.0548773
0.209889
0.0648839
0.0388473
0.0449221
0.00773373
0.000144588
0.101852
0.408751
0.0652694
0.0661153
0.0773918
0.349792
0.374032
0.00452174
0.0012194
0.02477
0.293506
0.169899
0.0793344
0.211489
0.261938
0.0164636
0.169343
0.372723
0.0580197
0.00648783
0.000911297
0.00163586
0.000157869
0.00174908
0.198539
0.320991
0.0133652
0.000594773
6.60858e-005
0.0185925
0.0356487
0.0159003
0.251324
0.167397
0.19366
0.061608
0.0147718
0.0181981
0.0260663
0.0489707
0.413416
0.37033
0.0538022
0.00383169
0.000747961
0.000934743
0.0174689
0.126704
0.521162
0.25612
0.0341567
0.0123933
0.0120508
0.0319781
0.0615133
0.022331
0.145897
0.0979209
0.104356
0.0444725
0.0448325
0.0289284
0.0242347
0.0071803
0.0479555
0.0792043
0.01491
0.00164737
0
0.000850081
0.0100487
0.0527238
0.59675
0.335711
0.0542567
0.00704558
0.000564724
0.000481997
0.000931772
0.0145449
0.455705
0.44255
0.142439
0.0685981
0.0871944
0.111347
0.0303167
0.00312955
0.0256758
0.0537741
0.0244274
0.0280477
0.0875904
0.168365
0.223968
0.0105899
0.020392
0.0110851
0.101263
0.0192654
0.00661952
0.00963986
0.00516972
0.0487511
0.58331
0.458617
0.0837394
0.031052
0.0180158
0.148851
0.195488
0.0313779
0.204887
0.258746
0.000290867
0.00129914
0.00774863
0.14536
0.257083
0.00113701
0.00314498
0.00104427
0
0
0
0.318776
0.461692
0
0
0
0.0118972
0.00364161
0.00159387
0.21407
0.272688
0.00199547
0.00966427
0.0170205
0.00565725
0.000884362
0.0040943
0.449402
0.477472
0.0054312
0
0.000833263
0
0
0.00285857
0.235518
0.269605
0.0025813
0
0
0.00295591
0.00673668
0.0324925
0.395181
0.345233
0.0266829
0.00638895
0.0170164
0.00630775
0.00184583
0.0167891
0.334994
0.312513
0.0115628
0
0.00112686
0.0167329
0.0776445
0.0670284
0.454439
0.334053
0.0922649
0.0400543
0.0051259
0.00833279
0.0141022
0.00572925
0.0086921
0.0163693
0.00895858
0.0181815
0.013706
0.0146686
0.0161223
0.00735593
0.276934
0.402829
0.00569893
0.00374501
0.0045995
0.432213
0.0636728
0.00438685
0.0040498
0.0038031
0.00359418
0.00754251
0.108665
0.469196
0.0733293
0.0150668
0.284022
0.337914
0.0209241
0.0156703
0.234194
0.00760185
0.0120706
0.0126421
0.21896
0.368631
0.00244101
0
0.0011141
0.110409
0.118582
0.0684218
0.224692
0.332993
0.00878061
0.0279007
0.0653704
0.0436681
0.00634895
0.00530525
0.209934
0.435998
0.02577
0.0099853
0.0687252
0.0141574
0.039008
0.0490484
0.305288
0.480924
0.0171468
0.00322756
0.017328
0.167717
0.109404
0.0594948
0.0859228
0.0782131
0.0600272
0.186289
0.155195
0.0584799
0.0186514
0.0117036
0.00800737
0.0204579
0.173152
0.509951
0.216449
0.0290414
0.0610772
0.0678165
0.215558
0.374238
0.0326143
0.0802854
0.0479481
0.014709
0.0259994
0.0250511
0.0452606
0.0531606
0.0990567
0.429742
0.287176
0.001229
0.0013274
0
0
0.00374645
0.0404955
0.397701
0.200688
0.00587628
0.00530958
0
0
0
0.0184944
0.442217
0.267978
0.00339831
0.00274774
0.000206127
0.000346382
0.000932857
0.0276139
0.376415
0.284548
0.00757889
0.00796437
0
0
0
0.0604547
0.442217
0.256175
0.00446728
0.00177823
2.04035e-005
3.88325e-005
0.000203531
0.0172135
0.317149
0.195256
0.0193976
0.00409843
0.00270426
0.0240361
0.014522
0.00355121
0.187044
0.228957
0.00981338
0.00266735
0
0
0
0.0419343
0.458102
0.307714
0.0264053
0.0096875
0.00393397
0.00843427
0.00087694
0.00874802
0.458102
0.458102
0.0290516
0.0128028
0.0240094
0.227516
0.159587
0.00171628
0.0840978
0.109544
0.0414773
0.0362073
0.036847
0.403398
0.403587
0.0358472
0.00655109
0.00574416
0.0689589
0.0501176
0.0635039
0.10657
0.0545827
0.0156153
0.353508
0.427435
0.10796
0.154936
0.144739
0.219328
0.21237
0.0774617
0.0808812
0.150095
0.064304
0.0551124
0.05234
0.249146
0.258008
0.0407491
0
0.0022522
0.0814925
0.126045
0.0701211
0.260073
0.296193
0.180474
0.093609
0.0222506
0.103597
0.168075
0.121071
0.325152
0.176328
0.0604319
0.0111836
0.0140893
0.112688
0.133031
0.105421
0.414365
0.254819
0.317988
0.0905894
0.0226547
0.45943
0.126441
0.00626826
0
0.000134201
0.00018524
0.000519604
0.0542741
0.465819
0.0461962
0.00502396
0.0573175
0.0877628
0.0346659
0.0347464
0.236382
0.409289
0.193595
0.0228478
0
0
0
0.000899425
0.0807579
0.394229
0.0492874
0.0380092
0.0892287
0.1065
0.0277526
0.0340144
0.191866
0.0721644
0.00190484
0.000783547
0.101236
0.285923
0.0697877
0.0365166
0.12597
0
0.000581209
0.00254153
0.210707
0.471283
0.0428063
0.0108318
0.0149925
0.0811647
0.00375779
0.0128325
0.22688
0.362439
0.0483789
0.0311884
0.0737503
0.0042795
0.000659739
0
0.379681
0.471283
0.0266743
0.00837503
0.00581131
0.00133685
0.00794711
0.0142406
0.255309
0.536839
0.00609153
0.0122332
0.00806557
0.0133851
0.00988558
0.011294
0.0680149
0.103532
0.0113849
0.103718
0.14581
0.00275457
0.00168384
0.00525537
0.382639
0.595717
0.0028976
0.000173625
0.00083773
0.0246097
0.0140649
0.0138937
0.118322
0.149885
0.00681578
0.0174872
0.0191484
0.0146058
0.00390297
0.00218054
0.00163495
0.000830261
0.0205888
0.268547
0.242569
0.0165271
0.0124285
0.0013066
0
0
0.0882434
0.695322
0.327974
0.0393206
0.0617258
0.0186392
0.00834538
0.00279241
0.0131842
0.0323718
0.031842
0.152125
0.365742
0.0454592
0.00598199
3.72558e-005
0.0196522
0.0980931
0.154163
0.0153582
0.0142358
0.00199301
0
0.00100616
0.0244382
0.332778
0.309353
0.0238386
0.0448376
0.0222814
0.022506
0.0524291
0.0297138
0.318478
0.459292
0.0763876
0.291661
0.0673449
0.0043021
0.00150923
0.00648735
0.0666519
0.145885
0.0894317
0.471293
0.18284
0.048821
0.0786436
0.0276855
0.103182
0.146974
0.0566765
0.0511126
0.0383225
0.065216
0.0542
0.0355747
0.2133
0.287165
0.0930104
0.116669
0.115296
0.093258
0.0448527
0.0832043
0.122302
0.142417
0.152345
0.500302
0.14679
0.0917373
0.0760019
0.0255859
0.0672839
0.0732549
0.327212
0.500302
0.139147
0.0728735
0.0255297
0.0795527
0.067881
0.0709175
0.0467343
0.0852
0.101299
0.192753
0.142862
0.0922276
0.0419879
0.0167776
0.0220202
0.0313764
0.0433166
0.27682
0.276423
0.206895
0.0889807
0.0311943
0.187081
0.162767
0.0776684
0.0467866
0.228768
0.292991
0.0570895
0.0461116
0.0296937
0.00457869
0.0148448
0.0876639
0.405802
0.479635
0.19514
0.0426917
0.268686
0.0464874
0.00752109
0
0
0
0.000428023
0.138885
0.315727
0.0466606
0.0391373
0.0703063
0.058751
0.00188785
0.00390429
0.105468
0.463798
0.000314412
0
0
0
0
0
0.342952
0.530603
0.119928
0.0917375
0.0431913
0.00490809
0
0
0.298789
0.0885553
0.0256824
0.033815
0.232367
0.220735
0.00184749
0.00201246
0.016905
0.00872753
0.00419223
0.014886
0.394842
0.446051
0.0021204
0.000322438
0
0.126017
0.0936693
0.171462
0.271053
0.0535572
0
0
0.078088
0.0137131
0.0263933
0.136009
0.446051
0.359173
0.0538425
0.0183509
0.0312857
0.0080409
0.00205036
0.00730962
0.272898
0.445467
0.00727542
0
0.00493342
0.0688758
0.072518
0.0206315
0.0840297
0.110028
0.00688777
0.00466819
0.014948
0.101287
0.0293427
0.0194565
0.217245
0.423704
0.102905
0.0468177
0.110908
0.433656
0.410078
0.0138372
0.0553187
0.103019
0.0341858
0.0201883
0.104395
0.046432
0.201017
0.0545149
0.00482675
0.00184001
0.00187461
0.00320005
0.00750631
0.146393
0.46713
0.114866
0.0132329
0.00321329
0.00685739
0.00242893
0.0198693
0.216938
0.490366
0.0894578
0.0284161
0.0205959
0.00221635
0
0.0287241
0.123837
0.490366
0.284597
0.109875
0.0637614
0.0276368
0.0177199
0.0295466
0.11192
0.371611
0.117643
0.0146763
0.010217
0.0111233
0.0139488
0.0240872
0.133012
0.476231
0.212115
0.0297033
0.0171594
0.00652967
0.0213593
0.0188314
0.0743674
0.343347
0.220183
0.0535844
0.0367912
0.0337919
0.0471712
0.0380018
0.170173
0.447276
0.209751
0.0180361
0.0100158
0.00922116
0.0525441
0.19631
0.194209
0.477112
0.106334
0.0178008
0.0094678
0.000911313
0.00518896
0.0210497
0.276173
0.445672
0.0540025
0.00861834
0.00928649
0.0251517
0.00558811
0.0544557
0.249464
0.280547
0.0545659
0.00293382
0
0.0002187
0.0154929
0.233438
0.348727
0.11341
0.00734444
0
0.00122454
0.00469871
0.0039207
0.24596
0.162321
0.122024
0.0187727
0.00295954
0.104836
0.260187
0.0443227
0.0605119
0.0264445
0.00600152
0.0120935
0.0135288
0.169144
0.530574
0.253028
0.0194811
0.274906
0.0307541
0.0112763
0.00249304
0.00862844
0.0893428
0.0236533
0.177427
0.184845
0.0129161
0.04356
0.0158561
0.0230861
0.492462
0.195043
0.10873
0.319476
2.41163e-005
0
0
0
0
0
0.275652
0.392501
0.0346244
0.0280939
0.00654997
0
0
0
0.286476
0.341443
0
0
0
0
0
0
0.348818
0.407094
0.00563645
0.00207668
0
0
0
2.62165e-005
0.373471
0.303651
0.102516
0.176568
0.130428
0.0137365
0.00679525
0.00729783
0.195798
0.0742564
0.0894919
0.205339
0.24
0.138915
0.0941928
0.0690975
0.113453
0.42559
0.0388028
0.0401794
0.0108165
0.0137993
0.0239787
0.0621512
0.358756
0.260705
0.106006
0.083195
0.0304158
0.0244434
0.0986663
0.201594
0.380163
0.128177
0.090841
0.0341454
0.0583739
0.121274
0.0994206
0.0897341
0.198484
0.350652
0.37222
0.00565918
0.0437736
0.034398
0.0624044
0.0560755
0.151005
0.360101
0.180907
0.0339305
0.00778194
0.00617713
0.0481197
0.0997702
0.248957
0.435533
0.225383
0.0165268
0.0264143
0.0102378
0.0616337
0.0621825
0.257627
0.252855
0.412718
0.0311691
0.0654433
0.058061
0.0304496
0.0278217
0.0776431
0.121505
0.24443
0.182211
0.142546
0.161158
0.067183
0.0430946
0.0380177
0.378536
0.0921894
0.00697733
0.0360562
0.0292393
0.0384121
0.053075
0.289992
0.497264
0.132361
0.0651298
0.0584708
0.0704065
0.0381135
0.0251109
0.0957505
0.0622193
0.241321
0.269492
0.0967392
0.0986884
0.125182
0.173538
0.0893762
0.194152
0.181502
0.146141
0.0169188
0.00306746
0.0424481
0.162022
0.523221
0.365886
0.164651
0.0990499
0.0421858
0.0391094
0.0788897
0.0833732
0.05817
0.20108
0.131624
0.05612
0.0226936
0.00812799
0.0397979
0.105429
0.237798
0.178595
0.0378854
0.0149458
0.0012947
0
0.00182186
0.0334743
0.414831
0.332579
0.00651876
0.000198277
0
0
0
0.0145308
0.413002
0.170086
0.105576
0.033067
0.0228274
0.00574863
0.00273279
0.0326783
0.180306
0.523399
0.0480723
0.0125506
0.00858129
0.000777271
0
0.0171408
0.312202
0.280631
0.00278901
0.00330063
0.000934593
9.69254e-005
0.00474633
0.00207804
0.229076
0.287322
0.00931455
0.0214729
0.00723899
0.00248962
0.0708273
0.0412329
0.187395
0.443438
0.00187438
0.000314421
0
0
0
0.00130713
0.281475
0.477749
0.00185058
0
0
0
0
0.00102837
0.427202
0.375718
0.00109323
0
0
0
0
0.0013051
0.431753
0.441006
0.00167247
0
0
0
0
0.000503629
0.577195
0.102657
0.0139232
0.0009444
0.00280478
0
0.000282542
0.0132256
0.111571
0.132964
0.023402
0.00190774
0.00348428
0.00168367
0.00231723
0.00305215
0.169834
0.232039
0.00144466
0.00107633
0.000823076
0.00306288
0.0113223
0.0613095
0.475306
0.33657
0.0293356
0.00602696
0.0032923
0.00459432
0.0421615
0.169795
0.593783
0.0634448
0.00731631
0.000433313
0.00225906
0.00235596
0.00377246
0.0253109
0.192082
0.125165
0
0
0.000564766
0.000588991
0.00134411
0.0412526
0.298274
0.562586
0.0952113
0.0101717
0.00103988
0.000872103
0.0162201
0.0569972
0.291002
0.532249
0.109575
0.00822255
0
0.00088028
0.0132943
0.036849
0.302158
0.16529
0.000787753
5.74354e-005
0
0
0
0.0158694
0.206252
0.114233
0.00315101
0.000229742
0.000265747
0.00297295
0.0217471
0.0556926
0.194292
0.441083
0.0373894
0.00139081
0.00180046
0.000358195
0.00888657
0.0410932
0.413654
0.651792
0.107876
0.0168541
0.00993894
0
0
0.0124312
0.167704
0.0812977
0.0101267
0.00382325
0.00119199
0.0146128
0.0477035
0.0542839
0.156426
0.142402
0.0436557
0.0143643
0.00159708
0.0118459
0.019147
0.0260891
0.117865
0.538262
0.139708
0.0272412
0.00898531
0
0.00894184
0.0381191
0.10738
0.223225
0.161634
0.100806
0.18902
0.115105
0.0186749
0.0661572
0.138089
0.114426
0.0303429
0.00864314
0.00426975
0.00923318
0.0580044
0.102374
0.144084
0.0305489
0.00962607
0.0469862
0.486508
0.245352
0.129826
0.115349
0.0691447
0.108778
0.106957
0.0771127
0.143898
0.0471843
0.00148846
0.00805689
0.0329419
0.510274
0.129176
0.0812491
0.0905549
0.00918315
0
0.00188928
0.162007
0.0158028
0.0314832
0.0636262
0.423692
0.18192
0.0114772
0.00718172
0.00406805
0.220272
0.140055
0.181112
0.474195
0.13915
0
0
0.0359513
0.36474
0.0294916
0.0132825
0.00525702
8.06079e-005
0
9.96322e-005
0.163893
0.417236
0.00324328
0.00058946
0
0
0
0.000106355
0.337463
0.286037
0.119881
0.102409
0.106872
0.0126939
0
0
0.0646819
0.51904
0.133285
0.0670536
0.0328521
0
0
0
0.290924