0.1538
0.0030721
0.00170876
0.00133289
0
0.000750793
0.00829314
0.458038
0.300537
0.0176679
0.0144416
0.0129646
0.0109314
0.00928669
0.0365495
0.343025
0.143745
0.000556037
0.00116126
0.0136311
0.0182369
0.0171724
0.0340683
0.458038
0.258365
0.0158195
0.0306106
0.0483232
0.0777831
0.0553361
0.117088
0.430617
0.21041
0.0168792
0.0365668
0.0185149
0.0861331
0.0426446
0.0932754
0.230668
0.122993
0.00333839
0.0214508
0.0162728
0.12943
0.165793
0.360108
0.36394
0.18492
0.0308977
0.0567989
0.0335333
0.0411299
0.0243132
0.166516
0.29533
0.257955
0.0176602
0.0183658
0.0142462
0.0116535
0.0124198
0.256727
0.47261
0.114499
0.0212921
0
0.00174264
0.0178472
0.094811
0.212731
0.357998
0.238646
0.243047
0.0351336
0.00178176
0
0.0274652
0.0870152
0.416025
0.196537
0.000705715
0
0.00971004
0.0141756
0.0222366
0.0723251
0.37872
0.316486
0.00282647
0
0.00708213
0.0190496
0.0304457
0.0347721
0.416025
0.286941
0.28523
0.144134
0.0221676
3.87512e-005
0.0211247
0.0494084
0.309664
0.154902
0.158707
0.156546
0.136754
0.0783031
0.103171
0.0831839
0.10306
0.418913
0.0312814
0.0250656
0.0157278
0.00489753
0.0347476
0.0666053
0.445371
0.258654
0.0807668
0.0920704
0.146827
0.0569209
0.0745841
0.116629
0.195665
0.107501
0.0702541
0.0320673
0.0812844
0.104123
0.0951828
0.0769263
0.137497
0.284371
0.0329586
0.0050176
0.0161218
0.0355597
0.0326722
0.0480941
0.48389
0.174835
0.0610994
0.0536323
0.104969
0.112724
0.0411782
0.0898693
0.237582
0.441256
0.0298447
0.0135789
0.0172116
0.0504463
0.0186069
0.0455357
0.48389
0.181324
0.000931355
0.00387874
0.00933556
0.00404061
0.00197494
0.00387473
0.354232
0.241271
0
0.00517969
0.00995677
0.0241086
0.0147223
0.0055142
0.394888
0.277715
0.0019141
0.00049295
0
0
0.00177292
0.00124369
0.441906
0.339118
0.000382797
0
0
0
0
0.000941945
0.441906
0.141239
0
0.00176086
0.00470284
0.0208212
0.0238189
0.0278584
0.332081
0.198619
0.00770435
0.0020957
0.00771756
0.00839153
0.0234845
0.0332036
0.4196
0.279434
5.46926e-005
0
0
0
0
0.00487632
0.438752
0.379572
0.00174857
0
0
0
0
0.00499316
0.438752
0.055563
0.00652098
0.00470399
0.0975579
0.0966893
0.0386066
0.0408307
0.268903
0.0520519
0.0122183
0.0551293
0.307094
0.338087
0.0995427
0.0988409
0.170224
0.018022
0.0230977
0.0214633
0.143714
0.176032
0.0270935
0.015224
0.0116335
0.00554906
0.0102459
0.0961308
0.515
0.479048
0.0258147
0.0031386
0.00147163
0.0587852
0.0419707
0.0927976
0.13727
0.124517
0.0298628
0.0786616
0.0884127
0.196144
0.0450379
0.0758219
0.0606147
0.0240774
0.0313595
0.335757
0.276312
0.0340314
0.014973
0.105107
0.404827
0.303976
0.006268
0.000373869
0.0106322
0.13718
0.0213302
0.133861
0.373779
0.232562
0.0237253
0.316015
0.179172
0.102027
0.0035145
0.0100018
0.0164518
0.019435
0.0729272
0.23945
0.193644
0.177848
0.0150723
0.00381781
0.0168623
0.0366555
0.144746
0.193727
0.304552
0.0361856
0.00239314
0.025958
0.0435343
0.0244345
0.0606098
0.51764
0.122036
0.0264424
0.0152528
0.00572672
0.00920384
0.0246791
0.200677
0.551935
0.109322
0.20148
0.0668075
0.0362648
0.0218445
0.0108457
0.124524
0.135043
0.230041
0.139459
0.134796
0.137662
0.113178
0.123199
0.146653
0.132819
0.144554
0.0589032
0.0604224
0.0547639
0.0396446
0.0509115
0.237081
0.40604
0.0954575
0.0737632
0.0981677
0.152856
0.123058
0.288015
0.356034
0.321784
0.242892
0.114197
0.0507863
0.0903624
0.118301
0.185241
0.07825
0.0758516
0.156457
0.279716
0.0131016
0.0333182
0.0417424
0.0487099
0.0241682
0.0270212
0.442743
0.0288045
0.0257434
0.0607821
0.101087
0.327614
0.357559
0.330448
0.143352
0.0279343
0.00507212
0.0158422
0.0351757
0.0660249
0.176144
0.356667
0.0955665
0.260785
0.00524647
0.00263511
0.00173155
0.00113886
0.00715701
0.00733703
0.542377
0.336657
0.00622586
0.0044739
0.00562096
0.00122631
0.00182107
0.00167899
0.648623
0.0322474
0.00955654
0.00400798
0.00401987
0.00735483
0.0371156
0.134122
0.0957473
0.056317
0.0180751
0.011778
0.0167563
0.0129803
0.0130621
0.0296515
0.069492
0.294311
0.00235661
0.00245952
0.00192773
0.000749516
0.00115559
0.000966926
0.571694
0.377204
0.00116398
0.00116398
0.00152673
0.00331882
0.00369966
0.00185145
0.603642
0.0502848
0.00663956
0.00637437
0.00891648
0.00714916
0.00722029
0.0105131
0.0590456
0.0602559
0.00441396
0.00392906
0.0127643
0.0189848
0.0142084
0.00571729
0.0977688
0.0201488
0.0191903
0.0487673
0.102958
0.0764061
0.00932939
0.00838908
0.00911847
0.00986562
0.0130247
0.138337
0.361657
0.23708
0.0161198
0.000639985
0.00220425
0.100101
0.292922
0.190728
0.160356
0.0546523
0.0204516
0.00870478
0.0187559
0.159604
0.344696
0.39557
0.382197
0.252528
0.197627
0.0263236
0.017249
0.00223117
0.00125746
0.044585
0.345618
0.206169
0.0100329
0
0
0.0258458
0.00387089
0.0333169
0.371198
0.176827
0.00527882
0.0562623
0.027711
0.0312271
0.0436116
0.0836701
0.478601
0.227173
0.112939
0.01201
0.00759066
0.00902965
0.0108114
0.0304527
0.529828
0.152867
0.0102479
0.00411121
0.00462248
0.0334859
0.0059519
0.0259103
0.100849
0.041298
0.0299637
0.353554
0.0896725
0.0226587
0.00701995
0.00234067
0.00146977
0.0139331
0.102821
0.763484
0.225258
0.0313169
0.0193736
0.038843
0.146448
0.0415222
0.00460053
0.0533555
0.0407614
0.0323669
0.00598695
0.01015
0.00519792
0.0070341
0.0322474
0.265928
0.169985
0.0149113
0.00784165
0.0115269
0.011301
0.0332916
0.0802308
0.459273
0.145267
0.0296165
0.00554208
0.0253229
0.0287561
0.0902812
0.210926
0.44016
0.261875
0.0104716
0.000355331
0.00111274
0.00088364
0.00201731
0.0367658
0.257583
0.130351
0.024135
0.000279165
0.000320958
0.00111505
0.00223128
0.151361
0.491327
0.201171
0.0122333
0.00065929
0.00519433
0.0109626
0.0553586
0.203476
0.322852
0.122985
0.00292611
0.000219927
0.000606761
0.00195949
0.010526
0.142277
0.482145
0.141168
0.0119894
0.000336486
3.59031e-005
0.000690037
0.000814901
0.142524
0.423729
0.14483
0.0191657
0.00391414
0
0.000155426
0.000457984
0.143684
0.493868
0.168605
0.00675845
0.00724667
0.0010895
0.0019274
0.00674347
0.0779027
0.361632
0.108063
0.00786409
0.0132748
0.00426728
0.00867659
0.0119869
0.0515428
0.174134
0.0508385
0.0178749
0.00704629
0.00153735
0.000413379
0.00585594
0.184315
0.559031
0.121264
0.0141794
0.00661337
0.00613221
0.00206755
0.0116975
0.26802
0.559031
0.117451
0.0101819
0.00793745
0.00547745
0.0132407
0.0179588
0.0345157
0.0906215
0.0458022
0.0156387
0.0110032
0.00705517
0.0329412
0.0399002
0.0196262
0.017605
0.0186906
0.0740302
0.0269424
0.0259867
0.00703709
0.0264027
0.177699
0.682192
0.257923
0.231597
0.0942009
0.044857
0.031786
0.0515177
0.0418833
0.216114
0.454793
0.0565331
0.188987
0.113406
0.131917
0.0971786
0.0991969
0.042202
0.00816499
0.115014
0.252634
0.266492
0.238694
0.200109
0.243001
0.0685184
0.025325
0.0201135
0.0214261
0.0205073
0.0710917
0.219172
0.161292
0.131705
0.0505631
0.0297113
0.0530289
0.11069
0.278772
0.533494
0.235249
0.101498
0.0185597
0.0336105
0.0635402
0.157897
0.390411
0.178973
0.0995151
0.0236459
0.0252123
0.00331374
0.0148641
0.0761031
0.402277
0.130544
0.0086196
0.00992385
0.010659
0.0232095
0.0476022
0.163135
0.434738
0.329313
0.0774666
0.0284685
0.0155323
0.00468968
0.040967
0.120897
0.35339
0.181691
0.142176
0.0613254
0.0151154
0.0563713
0.0441487
0.131367
0.393877
0.190162
0.0129449
0.0682376
0.0805613
0.0826281
0.0448695
0.0486243
0.0398519
0.066055
0.0911742
0.20515
0.167102
0.0133722
0.0787807
0.128344
0.293289
0.262158
0.390923
0.187695
0.0989286
0.0810594
0.0850045
0.0563777
0.0889371
0.107749
0.0291192
0.111347
0.119207
0.0294922
0.00999267
0.00773154
0.0157467
0.0156259
0.078991
0.16769
0.107629
0.0571495
0.00903884
0.0129812
0.0361866
0.0177239
0.188867
0.549732
0.24746
0.100021
0.0628517
0.0221453
0.0493782
0.0478441
0.0250215
0.0342623
0.0325623
0.341612
0.50579
0.0596586
0.0574723
0.0475322
0.0408006
0.0508927
0.0209271
0.0156638
0.00656527
0.00444652
0.00792212
0.00542176
0.0747804
0.272463
0.0888433
0.0433805
0.0371235
0.00963631
0.00148594
0.0238373
0.139709
0.562594
0.108565
0.143027
0.278531
0.0226719
0.0093898
0.00706628
0.00625003
0.0368027
0.0185399
0.211258
0.562594
0.0882521
0.00173448
0.0351944
0.0629396
0.169861
0.0354775
0.0244807
0.0359177
0.0297299
0.0114558
0.0721486
0.151741
0.491308
0.0719217
0.0253109
0.0181517
0.044647
0.0269198
0.065821
0.204263
0.450963
0.115113
0.119073
0.406636
0.144316
0.0274012
0.103399
0.065176
0.152244
0.0256881
0.11524
0.281726
0.191409
0.0694727
0.0900608
0.0594291
0.0972903
0.0603046
0.0830572
0.041872
0.0391559
0.0174645
0.0403641
0.121292
0.246687
0.166353
0.252759
0.0801641
0.103447
0.0651194
0.0688493
0.0939067
0.170765
0.380687
0.196701
0.222813
0.0963338
0.0506418
0.05548
0.100167
0.0529609
0.0977747
0.527468
0.212805
0.132478
0.10104
0.0754458
0.103432
0.0963549
0.238942
0.0238361
0.0234166
0.045095
0.10532
0.145197
0.0436555
0.0574273
0.0380366
0.0100126
0.00879243
0.050932
0.403294
0.439486
0.0539721
0.0308602
0.00501887
0.0297439
0.126775
0.199936
0.143187
0.102437
0.0435682
0.0186125
0.00652623
0.00310994
0.0583389
0.172118
0.551109
0.335596
0.0392668
0.00883326
0.000455366
0.0087268
0.00583831
0.0260079
0.358776
0.258372
0.0324145
0.00639007
0
0.0021817
0.0090246
0.0232398
0.261068
0.185333
0.185947
0.0244322
0.00252815
0.0100348
0.0031312
0.0144315
0.472962
0.364054
0.013773
0.00784019
0.00496834
0.0451157
0.14559
0.0293974
0.322587
0.319151
0.174357
0.0172801
0.00782173
0.0100076
0.00913898
0.00909137
0.0460112
0.0741036
0.178187
0.0257658
0.00850547
0.0734935
0.118499
0.0121342
0.0123497
0.0162727
0.0162973
0.02207
0.017584
0.111243
0.466177
0.058623
0.0437658
0.129259
0.239791
0.0149876
0.00675319
0.306829
0.680666
0.0408473
0.00320363
0.031966
0.0409703
0.0134524
0.01115
0.0975204
0.182307
0.00750476
0.00605487
0.00446695
0.00146288
0.00457411
0.0041187
0.226095
0.394445
0.0224188
0.0046062
0.00433648
0.00163658
0.000664481
0.00188493
0.220998
0.512529
0.0233427
0.000442225
0.000951564
0.000650445
0.00261057
0.00478968
0.342137
0.512529
0.0853913
0.0047956
0
0
0
0.00937266
0.201838
0.404273
0.0369426
0.00256034
0.00115683
0.000563893
0.000133707
0.00564478
0.204843
0.506996
0.105755
0.00391072
0.00404605
0.00455931
0.000112509
0.00357361
0.253552
0.401171
0.0818596
0.00679675
0
0
0
0.0160049
0.23276
0.345951
0.163309
0.0144357
0
0
0.00169932
0.0337141
0.184474
0.509956
0.165802
0.0103656
0.0176634
0.00722151
9.58216e-005
0.00401463
0.207092
0.476166
0.187836
0.024811
0.0157172
0.00674979
0.00305538
0.0251463
0.199324
0.332958
0.170829
0.00719064
0.00196421
0.00308661
0.00880468
0.0504704
0.168324
0.269817
0.0777022
0.000430188
0.00294631
0.006034
0.0139666
0.126449
0.289876
0.515657
0.146609
0.0394473
0.0196194
0.0278809
0.015429
0.0753906
0.492671
0.29752
0.0525709
0.0454202
0.0235259
0.0313143
0.0452719
0.126592
0.17502
0.171213
0.0260241
0.0032171
0.00385732
0.00562037
0.0138128
0.200229
0.184006
0.0940853
0.00517227
0.00860429
0.00860429
0.00835867
0.0214904
0.16429
0.00834656
0.070367
0.106951
0.0627914
0.171719
0.143281
0.0728594
0.000948038
0.00231304
0.0331598
0.0825853
0.32063
0.392331
0.129743
0.0371338
0.000525125
0
0.00284104
0.0182957
0.15381
0.292842
0.131157
0.05926
0.000576354
0.0674556
0.0657619
0.100079
0.393634
0.501163
0.152409
0.0374544
0.0254337
0.0551607
0.0155382
0.00767802
0.248354
0.259015
0.0302295
0.0319034
0.0397858
0.211903
0.324901
0.0564215
0.144657
0.173243
0.0466486
0.0403391
0.0666885
0.195233
0.134885
0.103438
0.115021
0.132268
0.0473657
0.0350585
0.0820936
0.472345
0.472345
0.175874
0.0506743
0.0559601
0.0187692
0.0328025
0.112408
0.15671
0.376894
0.0736763
0.0210017
0.0381752
0.033527
0.005011
0.0174215
0.187782
0.436683
0.0676059
0.0322426
0.0219229
0.0107515
0.000582115
0.00633012
0.311181
0.436683
0.165695
0.0612898
0.0188358
0.00208568
0.00249118
0.0328947
0.234557
0.347271
0.205087
0.101062
0.0256125
0.0152417
0.000399984
0.0161506
0.208934
0.563055
0.064148
0.0144097
0.00497918
0.00111963
0.00010314
0.00820391
0.331604
0.446509
0.069609
0.0037371
0.00181077
0
0
0.0256018
0.158416
0.366823
0.116393
0.0434426
0.0239783
0.0228669
0.00596227
0.0253234
0.191535
0.210566
0.0128035
0.0077267
0.0083334
0.0131376
0.0119829
0.039247
0.504007
0.480278
0.0757881
0.00667679
0.00152946
0
0
0.0600164
0.404918
0.295454
0.13012
0.0116473
0.000811705
0.000310418
0.00737481
0.156464
0.241579
0.114285
0.0103823
0.00701322
0.00701322
0.012526
0.0157205
0.0587459
0.161666
0.0484702
0.0186171
0.00803224
0.00740061
0.0180281
0.0358216
0.109121
0.413448
0.28678
0.188447
0.00764107
0.00246717
0.00755379
0.0368501
0.288132
0.310379
0.147968
0.0422713
0
0.00402834
0.0210429
0.0631051
0.396998
0.199464
0.0679337
0.0321588
0.0246567
0.0196611
0.0368237
0.0869625
0.18456
0.163857
0.0657701
0.0519958
0.031709
0.025855
0.052695
0.0906881
0.150297
0.241951
0.0663866
0.0125371
0.00132137
0.00723173
0.0352475
0.0583137
0.461426
0.298791
0.122044
0.0204673
0.0160651
0.0282714
0.0575088
0.100438
0.420388
0.0844266
0.057048
0.0523167
0.0347645
0.0475614
0.0851457
0.0895217
0.156084
0.0940015
0.063703
0.0525541
0.0664767
0.106154
0.14888
0.216774
0.183734
0.00615582
0.00663689
0.0138031
0.107686
0.256567
0.107821
0.0476123
0.0149772
0.187907
0.124
0.127675
0.2199
0.392389
0.268394
0.22556
0.150585
0.0514602
0.0239735
0.00602549
0.00622901
0.0723023
0.0779249
0.0707173
0.0888788
0.310744
0.0683575
0.0319876
0.0115659
0.125914
0.191032
0.324342
0.367928
0.228207
0.243861
0.190996
0.0338789
0.0499478
0.0552896
0.0716705
0.0957583
0.463613
0.487573
0.200508
0.0215574
0.0120701
0.00730463
0.00636364
0.0720288
0.24077
0.168068
0.092753
0.00185923
0.0203805
0.0352258
0.0924247
0.187577
0.270484
0.227697
0.101042
0.00274224
0.00274224
0.00821686
0.0118721
0.0916321
0.491082
0.603727
0.159886
0.0506722
0.0147576
0.0089553
0.00052678
0.0628454
0.25045
0.347426
0.172704
0.0614738
0.023502
0.0204519
0.00210206
0.0300183
0.210182
0.133109
0.0364429
0.00897009
0.00878211
0.0168195
0.0135636
0.0582088
0.0593771
0.0524427
0.0269714
0.0191909
0.0178384
0.00636876
0.00513739
0.0203605
0.334585
0.495434
0.271962
0.105047
0.113158
0.13414
0.0621001
0.10832
0.163811
0.129821
0.0185281
0.0408548
0.0435578
0.140734
0.134755
0.10951
0.110101
0.0684209
0.0688629
0.102879
0.10505
0.0673886
0.0419214
0.0610143
0.0873191
0.0850255
0.0546131
0.0851042
0.102888
0.16147
0.14705
0.073327
0.122268
0.0925626
0.0712043
0.0359692
0.0359692
0.117442
0.144087
0.106661
0.128291
0.162198
0.1087
0.0669325
0.0808071
0.152644
0.168172
0.116363
0.0838154
0.148032
0.141729
0.0639247
0.069054
0.173854
0.180847
0.0850177
0.211902
0.287164
0.219001
0.0958759
0.103705
0.165199
0.0908418
0.138589
0.106109
0.156636
0.0932128
0.0863634
0.0740228
0.0996206
0.124014
0.0673663
0.0915074
0.184814
0.187759
0.108569
0.0696688
0.0584732
0.101421
0.0629831
0.130336
0.211571
0.149697
0.0978931
0.093086
0.126298
0.114385
0.0800877
0.13112
0.294326
0.259679
0.219337
0.109018
0.0863632
0.211265
0.122312
0.0214127
0.0557542
0.0608869
0.0365013
0.0357321
0.0188614
0.0180975
0.0216718
0.0338153
0.048398
0.048398
0.0485969
0.0677513
0.0729883
0.0650315
0.0398005
0.209963
0.196533
0.109166
0.0636089
0.0305483
0.0075328
0.0722784
0.115187
0.394231
0.162323
0.0668856
0.0225316
0.0225976
0.0320882
0.239545
0.650229