0.141373
0.0930378
0.0697769
0.0168506
0.0215946
0.08853
0.0649785
0.0676873
0.0845639
0.155705
0.186244
0.0707997
0.0287614
0.0740248
0.049137
0.0568063
0.0691376
0.0595062
0.0779836
0.0781477
0.0875747
0.170485
0.106781
0.0492739
0.167522
0.477397
0.362372
0.229859
0.268156
0.169577
0.0840498
0.0903556
0.0574781
0.0544961
0.0431234
0.0163839
0.011254
0.0170697
0.0317837
0.0519716
0.0717249
0.0451967
0.0214105
0.0267507
0.0213242
0.0297267
0.120113
0.0950551
0.214236
0.317125
0.150098
0.0589421
0.0553481
0.0309044
0.0548796
0.137975
0.264244
0.19502
0.0613073
0.0222917
0.0243525
0.133885
0.404649
0.609096
0.0384991
0.0375337
0.0166878
0.0217449
0.0131025
0.0355923
0.0935777
0.0613803
0.0376906
0.0383244
0.0227355
0.0858087
0.0701965
0.0599224
0.094389
0.0801014
0.0861425
0.0232523
0.0066083
0.00563766
0.0114919
0.220685
0.51357
0.499392
0.0999175
0.0927356
0.0317718
0.14737
0.0830023
0.179738
0.295807
0.326803
0.0129062
0.0194271
0.0359619
0.226389
0.115492
0.0193579
0.02283
0.0217168
0.125722
0.0871072
0.118587
0.335254
0.123161
0.00344477
0.032268
0.106676
0.0207809
0.0358477
0.0343494
0.375739
0.142096
0.0189248
0.0205817
0.0529787
0.0232923
0.0330339
0.0714649
0.654314
0.294528
0.00219597
0.000666422
0.0094308
0.265963
0.0642941
0.0569466
0.0765233
0.0214373
0.00053225
0.0297148
0.286008
0.428928
0.015315
0.00305758
0.00227195
0.00163188
0.000354833
0.0223488
0.649579
0.0777264
0.0625188
0.0483127
0.217141
0.105332
0.00676922
0.00446885
0.0598184
0.121371
0.0589638
0.0141262
0.0268507
0.0173666
0.0269017
0.0415969
0.257378
0.298335
0.00461479
0.00235471
0.000171232
0.000171232
7.40167e-005
0.00971352
0.449285
0.461432
0.00345367
0.00182888
0
0
0.000296067
0.00375485
0.547934
0.113536
0.0267788
0.0128095
0.00978139
0.0083191
0.0150673
0.0232342
0.176872
0.200813
0.0331479
0.0186719
0.00440571
0.00431304
0.00557689
0.0199158
0.231448
0.357301
0.00281126
0.00035429
0
0
7.85759e-005
0.00128511
0.417098
0.482159
0.0033757
8.85725e-005
0
0
0.000543298
0.000749883
0.50378
0.159202
0.0191973
0.00723217
0.00254477
0.00254477
0.00242167
0.0121602
0.179513
0.231228
0.013919
0.00035429
0.00283804
0.0065417
0.0119375
0.0150889
0.223807
0.00570409
0.014537
0.0310145
0.0415776
0.0576235
0.0405097
0.0329304
0.00738043
0.0318138
0.101025
0.12491
0.269751
0.252475
0.0635547
0.0187921
0.0124065
0.00825638
0.0284564
0.069307
0.0679652
0.0714826
0.0216604
0.0219679
0.0100635
0.00850742
0.0139444
0.070507
0.73343
0.391373
0.0274961
0.0137196
0.00927308
0.0656067
0.124805
0.0697901
0.16976
0.104868
0.0172172
0.0139562
0.0273656
0.142422
0.113905
0.0221063
0.0973162
0.0567992
0.0871857
0.169001
0.242521
0.00664266
0.0200552
0.0174071
0.481162
0.242213
0.00488973
0.00244402
0.000547557
0.137131
0.0846256
0.0433071
0.542217
0.269159
0.0390151
0.159898
0.145334
0.0519993
0.0140638
0.000403122
0.00919093
0.0156071
0.133475
0.25816
0.184643
0.0496375
0.0469735
0.00990324
0.0387294
0.0454964
0.134962
0.225659
0.175402
0.0871082
0.0351838
0.0287427
0.145617
0.0658244
0.0776763
0.454207
0.256172
0.0618336
0.0210881
0.0070298
0.00963954
0.0726653
0.148212
0.551945
0.257079
0.0481424
0.0761746
0.0383959
0.233132
0.101295
0.0404877
0.0667831
0.0763241
0.0149343
0.0348854
0.0431892
0.437906
0.253053
0.0174219
0.0164873
0.00588836
0.0931249
0.0622922
0.0256017
0.0677546
0.159714
0.133551
0.491134
0.133959
0.0548505
0.0433321
0.0322106
0.178665
0.3095
0.178161
0.313294
0.093896
0.0251544
0.0609798
0.0547966
0.385578
0.257121
0.0474978
0.0330499
0.0144879
0.0796637
0.110422
0.0428294
0.0665225
0.0260945
0.0577052
0.0566286
0.067585
0.0699649
0.0232895
0.0293317
0.17353
0.253188
0.275929
0.524386
0.153372
0.18879
0.105393
0.043788
0.0359106
0.0058345
0.0800267
0.231614
0.185942
0.225586
0.196513
0.12526
0.109939
0.0385013
0.0775049
0.0736328
0.124735
0.360788
0.246725
0.12767
0.0422218
0.0207431
0.0377627
0.102393
0.210841
0.227913
0.222239
0.183615
0.121188
0.0345448
0.0546075
0.0844591
0.147987
0.192871
0.207947
0.168795
0.064232
0.0277379
0.0208307
0.117115
0.163823
0.343634
0.165228
0.0546959
0.0246401
0.0198864
0.0403406
0.126418
0.187145
0.331528
0.114125
0.0232247
0.0309748
0.0679408
0.159596
0.247151
0.165605
0.187457
0.135893
0.0807599
0.0257701
0.0129902
0.0350741
0.133324
0.192589
0.184037
0.108606
0.0901985
0.0405462
0.0426233
0.194558
0.267974
0.124518
0.0150495
0.0157826
0.04515
0.0378549
0.0275904
0.00502496
0.00697819
0.0158353
0.0117806
0.0139785
0.0395847
0.498386
0.278238
0.00164559
0.00216961
0.0121344
0.0300977
0.0154794
0.0194407
0.0235907
0.0144783
0.0209171
0.0317378
0.0295579
0.0214149
0.0170739
0.0193535
0.623877
0.422703
0.00890639
0.0150244
0.0191367
0.00049039
0.00154679
0.00253109
0.271141
0.165428
5.41631e-005
9.40482e-005
0.00046236
0.022063
0.0148997
0.0240255
0.450881
0.257232
0.00229629
0.0313944
0.0435291
0.000719739
0.0011714
0.00149245
0.347294
0.238946
0.000212154
0.000184665
0.00060967
0.00102551
0.00149411
0.00374166
0.479818
0.412429
6.4562e-006
0.00237553
0.00286003
0.0322112
0.0188434
0.0371483
0.278249
0.137497
0.0114488
0.268153
0.159868
0.0173786
0.00488259
0.00782716
0.00792404
0.0244439
0.0711715
0.607163
0.180805
0.00577863
0.00465823
0.0107494
0.387469
0.262915
0.00450427
0.0441628
0.0174944
0.00663024
0.00540829
0.00667415
0.0175145
0.0167584
0.0315432
0.326536
0.0776561
0.0167205
0.00493935
0.00198375
0.00164402
0.0320733
0.0787316
0.497285
0.102562
0.0134515
0.00390665
0.00228734
0.00865873
0.0673639
0.14571
0.422983
0.121069
0.00401638
0.0024492
0.00134013
0.00150264
0.00111351
0.03574
0.356665
0.134294
0.00268476
0.00113962
0.000422876
0.00473035
0.00261168
0.171707
0.497285
0.2063
0.0164571
0.00123647
0.000488116
0.0047819
0.0252043
0.156388
0.303061
0.0751361
0.0443919
0.00768371
0.00303924
0.00372288
0.00918789
0.107689
0.19968
0.109835
0.00966717
0.000113888
0
0.00167279
0.00277958
0.215829
0.554448
0.163112
0.03647
0
0
0.000479161
0.0300448
0.188192
0.554448
0.176092
0.0252287
0.0145357
0.0128387
0.0120824
0.015668
0.0572731
0.14086
0.0830256
0.0174943
0.0268215
0.0216896
0.00943891
0.00986676
0.0257036
0.0634593
0.0352076
0.0189093
0.0034434
0.00200807
0.00236069
0.0315643
0.270609
0.662874
0.135997
0.0106088
0.0129463
0.00639553
0.00414959
0.00726054
0.218048
0.541777
0.138476
0.0507223
0.0472233
0.0404981
0.0235979
0.0221606
0.0231114
0.0545497
0.0683957
0.0524926
0.0257959
0.0585009
0.0472222
0.0330033
0.0578414
0.0621247
0.052953
0.0314282
0.0380915
0.0234057
0.0221673
0.027352
0.183102
0.745282
0.307085
0.0550895
0.0507856
0.0812624
0.0604176
0.0368669
0.132718
0.198458
0.185585
0.0341236
0.0108315
0.00387863
0.0161685
0.0137611
0.0186902
0.0347675
0.0259456
0.0221904
0.00701088
0.00289156
0.456866
0.35743
0.0154462
0.0223951
0.0181938
0.0502528
0.0353212
0.00246407
0.0189162
0.0225571
0.0164507
0.0354412
0.030598
0.0330548
0.0260058
0
0.620356
0.416894
0.0259617
0.0190824
0.0196168
0.000657518
0.000288878
0.0003216
0.272961
0.190495
0.00130146
0.000835741
0.000891496
0
0.000624986
0.0012216
0.455305
0.333025
7.44558e-005
0.00114728
0.000897265
0.000778033
0.00289233
0.000402717
0.363293
0.217883
0.00420233
0.00151189
0.000922568
0
0.00428292
0.00215801
0.47766
0.340761
0.00210603
0.00153737
0.000474645
0.00110762
0.00641433
0.0158343
0.465086
0.369124
0.00274306
0.0104296
0.00809069
0.00692433
0.0148843
0.0222214
0.0231856
0.0268964
0.016084
0.0387469
0.0356988
0
0.00881674
0.0217435
0.649962
0.365151
0.00854779
0.0142848
0.00650431
0.00527987
0.0180293
0.0291567
0.0384895
0.0332202
0.0276335
0.0299025
0.0217063
0.0168446
0.0162273
0.0120692
0.00852442
0.00655282
0.0343444
0.170729
0.132212
0.0218973
0.0097758
0.00453667
0.0262375
0.0147731
0.198105
0.809698
0.315611
0.0124302
0.0142889
0.0102229
0.00649853
0.0233141
0.057131
0.0616053
0.0298685
0.0622112
0.0817944
0.0178552
0.0222018
0.0529293
0.0502667
0.0906003
0.0627007
0.0110462
0.00125966
0.000472935
0.00413139
0.00383169
0.0717556
0.442067
0.136838
0.0185145
0.00434942
6.31958e-005
0.00183268
0.0119564
0.132599
0.586046
0.186397
0.0838172
0.0768523
0.00760807
0.00970755
0.00881762
0.00961133
0.0839114
0.0369606
0.195858
0.343302
0.0332504
0.0075489
0.00589369
0.0793923
0.360003
0.107412
0.00435807
0.00242713
7.23431e-006
0.00108801
0.0272247
0.175144
0.503405
0.0711553
0.00114588
0.000522458
0.000133743
0.00370682
0.0570255
0.155657
0.431813
0.0890749
0.124311
0.326736
0.045709
0.00939337
0.0785565
0.127256
0.321028
0.0461992
0.0787311
0.212788
0.0758357
0.0342167
0.191025
0.12596
0.267619
0.063695
0.00355598
0.00288019
0.00159073
0.00286076
0.033886
0.177602
0.458852
0.165624
0.0142957
0.00895265
0.0082558
0.0151721
0.0404835
0.230542
0.20903
0.0996516
0.108236
0.170894
0.0922772
0.0431068
0.119232
0.241205
0.345146
0.108291
0.0597718
0.158824
0.0935525
0.146123
0.23088
0.337894
0.252669
0.0385782
0.0342026
0.0277315
0.00387999
0.0119909
0.0230359
0.0142339
0.0270368
0.0262844
0.0184524
0.0198218
0.00466618
0.476834
0.337997
0.0156461
0.024015
0.0113911
0.0308772
0.0302624
0.023144
0.0305613
0.0325621
0.0305857
0.01553
0.0240808
0.0298017
0.0308815
0.0139325
0.64874
0.371924
0.0273211
0.0184244
0.00974522
0.00067784
0.00404192
0.00108229
0.28099
0.188338
0.00431523
0.00223919
0.000842512
0.000239128
0.00554501
0.00134908
0.451028
0.29367
0.00525457
0.0017021
0.00133612
0.00242333
0.00293727
0.00107985
0.36607
0.224062
0.00467425
0.00212628
0.00277994
0.00950579
0.00898776
0.0015036
0.459099
0.393658
0.0130124
0.00157208
0.0083875
0.0038629
0.0051526
0.00518866
0.385083
0.261411
0.00989196
0.0126254
0.00724279
0.0221264
0.0163662
0.00784928
0.0153938
0.0201087
0.0156705
0.0352292
0.0166099
0.117905
0.0862217
0.00601382
0.405996
0.350206
0.0181457
0.00591629
0.0287189
0.354889
0.515904
0.0724558
0.00839225
0.0174586
0.00712324
0.0206231
0.0322597
0.0389767
0.0467984
0.00203548
0.000582302
0.00558506
0.00970525
0.0197775
0.0114329
0.150737
0.262088
0.00979428
0.00480203
0.0114547
0.00847028
0.00779506
0.0110501
0.272623
0.529035
0.0444671
4.85037e-005
0.00131278
0.00181845
0.00968778
0.014773
0.380505
0.577768
0.106674
0.000765357
0.00284418
0.00468323
0.00261913
0.016368
0.160615
0.28228
0.0180495
0.0037422
0.00294665
0.00145332
0.00306257
0.00295392
0.226246
0.480177
0.0565378
0.00417079
0.00442996
0.00822421
0.0166363
0.00541734
0.233242
0.480177
0.0784991
0.000392009
0.00360593
0.00958604
1.99392e-005
0.00325717
0.175526
0.480177
0.0915554
0.00628834
0.0158112
0.00639069
0
0.00174457
0.159851
0.474784
0.0730447
0.0131547
0.030002
0.0223003
0.0289957
0.00318866
0.127449
0.402031
0.0978204
0.0251913
0.0579992
0.0251805
0.0330272
0.0220572
0.160241
0.497569
0.0498348
0.0162279
0.0247854
0.000354533
0.00148276
0.00774251
0.199554
0.422732
0.0271279
0.0102284
0.00874923
0.00134399
0.00561972
0.0179894
0.158753
0.520822
0.127846
0.0299722
0.0399557
0.0493268
0.0524273
0.0333711
0.0809904
0.427712
0.131205
0.113507
0.119808
0.072153
0.048984
0.00353105
0.164041
0.487463
0.0426224
0.00985023
0.0132785
0.0148512
0.0110942
0.0186585
0.0594069
0.284852
0.0512924
0.0308598
0.0231853
0.0364255
0.0250863
0.0190294
0.0255001
0.0273991
0.0251022
0.0304401
0.0160446
0.0172604
0.0130769
0.0288628
0.0174705
0.0222867
0.0124558
0.506511
0.341706
0.0143391
0.00797798
0.00950189
0.0355548
0.0387883
0.0228621
0.0163945
0.0274805
0.0339266
0.0320362
0.0474418
0.0111498
0.0181038
0.0102351
0.510152
0.509917
0.0444916
0.0251137
0.0209749
0.0014245
0.00219904
0.00265278
0.373074
0.245752
0.0149335
0.00379363
0.00124871
0.0306306
0.0760443
0.0390857
0.48544
0.3141
0.0863447
0.0422871
0.0640886
0.000217608
0.00344687
0.0177877
0.3303
0.3046
0.0486319
0.0263507
0.0158059
0.0625854
0.17471
0.117779
0.201566
0.192068
0.143787
0.105591
0.164327
0.145137
0.206529
0.0637968
0.131908
0.100323
0.0322806
0.0198809
0.0486632
0.26135
0.499533
0.108981
0.000860481
0.0031697
0.000635725
0.000873831
0.0195593
0.153171
0.346296
0.133485
0.0485173
0.0354304
0.0453131
0.0407777
0.0926927
0.266837
0.499533
0.131808
0.032213
0.0436883
0.0362589
0.010996
0.0435344
0.206139
0.496369
0.0727447
0.00454541
0.010565
0.000841089
0.0118263
0.0196142
0.260301
0.460094
0.114632
0.0181816
0.0199965
0.00604274
0.0184181
0.0353309
0.155844
0.291852
0.076391
0.0881744
0.16809
0.0726241
0.0204993
0.0294828
0.194687
0.194257
0.050587
0.239404
0.249959
0.0456357
0.0310528
0.0477976
0.270827
0.465687
0.144695
0.0115071
0.0178946
0.0256586
0.00998887
0.0298843
0.124381
0.633823
0.10717
0.0274067
0.0394536
0.019388
0.00497106
0.0143587
0.229721
0.189041
0.0686101
0.133005
0.11709
0.025529
0.0361026
0.0841352
0.0742003
0.163283
0.0918961
0.0879664
0.0688494
0.0210587
0.0258508
0.044493
0.226944
0.762312
0.0705048
0.0408762
0.0542013
0.0145741
0.0133777
0.0387703
0.265819
0.32467
0.013369
0.022517
0.0265865
0.0199561
0.045782
0.0651294
0.0430399
0.120214
0.0592652
0.0967922
0.0839805
0.0320565
0.0223739
0.0264064
0.0653228
0.043943
0.0249466
0.0269312
0.0319987
0.0241642
0.0546375
0.0610713
0.240496
0.323476
0.040014
0.061519
0.0947696
0.0867966
0.114792
0.0994005
0.130903
0.148704
0.133722
0.134474
0.109331
0.131095
0.128562
0.0852519
0.175337
0.124974
0.0547142
0.0445124
0.0733049
0.0423052
0.115382
0.192729
0.250967
0.313578
0.235041
0.131314
0.07433
0.0310042
0.0983176
0.163864
0.0689956
0.0724373
0.0178584
0.00987939
0.0445845
0.0433392
0.0317733
0.0458663
0.0271284
0.0357199
0.0124614
0.342357
0.629746
0.208017
0.0729289
0.0386429
0.0883554
0.107023
0.0286582
0.0141627
0.0412459
0.0497641
0.0247258
0.0225809
0.0502229
0.0659999
0.0372882
0.0603102
0.34257
0.316282
0.150196
0.140865
0.0130369
0.027474
0.0308912
0.194117
0.302624
0.142649
0.0881584
0.0676118
0.105454
0.378403
0.164791
0.0806709
0.0904021
0.0956908
0.0910961
0.150801
0.0909142
0.0662957
0.0153787
0.0370169
0.139588
0.176616
0.137818
0.216868
0.226336
0.526318
0.137093
0.0887696
0.0454609
0.0504803
0.0836036
0.182294
0.156441
0.337132
0.0834119
0.020987
0.00685645
0.0132621
0.0131825
0.0531959
0.310617
0.219507
0.0505162
0.0580907
0.101116
0.0503101
0.00941574
0.0706915
0.266544
0.335454
0.128552
0.060615
0.0169193
6.29822e-005
0.00523345
0.0725272
0.55916
0.196073
0.119917
0.086804
0.0728846
0.0155089
0.00168826
0.199378
0.112961
0.0567463
0.0304258
0.173612
0.268909
0.0967914
0.00515414
0.0276603
0.0322273
0.0288224
0.0122242
0.329482
0.351066
0.0653321
0.00714943
0.0135941
0.201723
0.0785022
0.108975
0.318303
0.213577
0.0386096
0.000462958
0.0605994
0.0122578
0.012721
0.0710348
0.519082
0.305872
0.0335101
0.0011201
0.00241629
0.147922
0.0679378
0.0623651
0.386084
0.382686
0.0699943
0.0623888
0.0983734
0.0950996
0.0604352
0.122928
0.147399
0.0799817
0.0436042
0.0738803
0.0711635
0.0656586
0.0403217
0.0921275
0.496167
0.347308
0.0543168
0.0545419
0.0629758
0.0696256
0.0478216
0.0436812
0.0696187
0.0604309
0.0738225
0.12859
0.11622
0.0786912
0.0723956
0.102316
0.219398
0.168787
0.12591
0.12626
0.0621687
0.156919
0.0920174
0.101097
0.138024
0.114343
0.0896072
0.146087
0.126794
0.0568869
0.0492989
0.0653732
0.147079
0.147201
0.275973
0.215455
0.157557
0.0541369
0.0811905
0.154586
0.213146
0.20644
0.247105
0.127822
0.0905776
0.17939
0.120445
0.0807425
0.0641317
0.047637
0.0196165
0.0580955
0.164622
0.303444
0.247594
0.121222
0.085142
0.0519573
0.0365606
0.0830574
0.163893
0.0675116
0.108008
0.124186
0.124738
0.10494
0.0698614
0.0483082
0.0850021
0.266877
0.403915
0.112467
0.0974406
0.107232
0.0556586
0.066453
0.184351