0.101184
0.125854
0.0509497
0.212577
0.0980036
0.0333243
0.0301536
0.0261436
0.257036
0.153127
0.0791465
0.241601
0.146683
0.107951
0.122042
0.180679
0.120094
0.101028
0.069517
0.171677
0.197085
0.143706
0.018357
0.00889167
0.219011
0.082701
0.163002
0.412679
0.357632
0.167661
0.105716
0.121289
0.0447944
0.0160844
0.0205667
0.16979
0.127417
0.0714376
0.148316
0.0878682
0.0279497
0.0207551
0.023275
0.163804
0.135713
0.110976
0.282593
0.107405
0.0999751
0.0130949
0.0559956
0.114414
0.0827494
0.0871496
0.23242
0.134839
0.0802771
0.0188198
0.0219917
0.0390333
0.0396745
0.222798
0.661152
0.302512
0.0713656
0.0487498
0.0252554
0.0216998
0.0195443
0.0390581
0.143374
0.0730257
0.0520727
0.0280844
0.027379
0.01849
0.0248197
0.0699061
0.0725582
0.0249276
0.0594371
0.0377273
0.00678723
0.00103781
0.00236506
0.205956
0.585514
0.243796
0.0311166
0.0228794
0.0173876
0.00781674
0.0351473
0.315476
0.562314
0.105602
0.0262724
0.0294809
0.0815729
0.0478888
0.0567966
0.122893
0.0802668
0.0258449
0.0380934
0.0595376
0.0577249
0.061639
0.0631036
0.0549319
0.035718
0.0330552
0.0167044
0.0164663
0.0989421
0.049579
0.0768529
0.378673
0.71171
0.155853
0.0253768
0.050513
0.0771886
0.0850409
0.0720973
0.0669173
0.238064
0.138809
0.0561377
0.0553563
0.0377286
0.115481
0.132829
0.174282
0.1658
0.0589798
0.0720047
0.104217
0.104217
0.0603553
0.0603553
0.235166
0.276863
0.0932279
0.0877092
0.105084
0.0553169
0.187833
0.199398
0.09041
0.205686
0.121814
0.181916
0.183797
0.123615
0.135185
0.139821
0.106389
0.234186
0.198334
0.0240911
0.043111
0.0748567
0.105682
0.044067
0.0309788
0.0340963
0.0261073
0.0439976
0.135626
0.258275
0.361293
0.168844
0.0210011
0.00523032
0.0132225
0.0289154
0.0416141
0.131561
0.25735
0.0822014
0.0207123
0.0339256
0.0335266
0.0147697
0.0677429
0.380919
0.550149
0.212267
0.0442869
0.025228
0.0119836
0.138141
0.272668
0.235148
0.187366
0.132891
0.0360774
0.00761181
0.0202574
0.306307
0.242695
0.17403
0.126877
0.0360957
0.0133552
0.0171862
0.0990045
0.0943412
0.0838066
0.193066
0.249555
0.177948
0.118116
0.0682575
0.0464058
0.389036
0.0979505
0.0936534
0.0492296
0.0694455
0.0800437
0.0815262
0.22818
0.0197413
0.0323294
0.0443554
0.114445
0.136385
0.0508321
0.00835961
0.000433063
0.0409799
0.0214047
0.0720385
0.312848
0.306654
0.0330289
0.00573016
0.0146689
0.0258462
0.0398251
0.0812438
0.231636
0.170357
0.0224125
0.0219104
0.0026777
0.00884754
0.0198388
0.056626
0.538689
0.543724
0.00754764
0.00686894
0.0124371
0.0748469
0.0256504
0.072596
0.159354
0.139098
0.0122471
0.129317
0.0697749
0.0580928
0.0217594
0.0373036
0.0386333
0.047274
0.0782528
0.542651
0.217238
0.0146555
0.0252013
0.0484416
0.348135
0.367339
0.0103488
0.0745578
0.0216099
0.0155461
0.0321354
0.0416468
0.13427
0.153477
0.0326273
0.427566
0.109342
0.0142592
0.0038184
0.000820902
0
0
0.102649
0.364456
0.143672
0.0131625
0.00324603
0.00441569
0.0011275
0.00542919
0.198797
0.475433
0.103615
0.00992482
0.0112427
0.00667719
0.00145267
0.00224422
0.0344763
0.396716
0.129695
0.0240742
0.00677898
0.00378315
0
0.00093231
0.0975238
0.521668
0.223166
0.00547525
0.00202915
0.0065744
0.00226058
0.00394513
0.108083
0.38593
0.0826472
0.00410259
0.00850848
0.0078043
0.00613183
0.00527308
0.0523138
0.326515
0.08295
0.026391
0.00134302
0.000915718
0
0
0.0882301
0.531098
0.187123
0.0174699
0.00150805
0.00085815
0.000751138
0.000751138
0.104389
0.531098
0.211569
0.00909341
0.0155739
0.00816032
0.0156605
0.0156605
0.0273508
0.1797
0.0603246
0.0211151
0.0159151
0.0116779
0.0200365
0.0222444
0.014221
0.0413038
0.0398809
0.0084104
0.00417955
0.00268675
0.00543543
0.00543543
0.141875
0.677622
0.255629
0.0363035
0.00460957
0.00989137
0.0160793
0.0147776
0.16721
0.492895
0.270136
0.02284
0.015859
0.0576842
0.210272
0.0941018
0.0317944
0.0262671
0.0272044
0.0242407
0.0356367
0.12434
0.400393
0.179506
0.0284494
0.0257328
0.0203027
0.0974179
0.00750162
0.075299
0.250589
0.111422
0.138729
0.35469
0.226451
0.12507
0.0393121
0.107481
0.474982
0.246981
0.0316774
0.0772223
0.0859612
0.0961019
0.089791
0.112357
0.235088
0.171526
0.0993369
0.0746206
0.0526503
0.251362
0.139132
0.104047
0.0395981
0.094555
0.104104
0.0981027
0.239762
0.222382
0.123175
0.151393
0.287614
0.231162
0.108191
0.0664333
0.0843368
0.145961
0.148859
0.178533
0.0857336
0.123097
0.251382
0.209978
0.122368
0.0164154
0.0151938
0.0490342
0.206461
0.129017
0.0181451
0.0171853
0.00474106
0.00177645
0.00356925
0.0169855
0.445751
0.357027
0.0161322
0.00944786
0.00724406
0.0087419
0.0332711
0.0917841
0.190622
0.178498
0.0270043
0.00692983
0.00507561
0.000444113
0.0164701
0.0485145
0.5095
0.443232
0.0227736
0.00981232
0.00837246
0.00157595
0.00373444
0.0178496
0.408701
0.337358
0.0129294
0.010718
0.00545449
0.00507114
0.018867
0.0297016
0.18475
0.14267
0.0147477
0.068171
0.031403
0.000393988
0.00394814
0.014683
0.571901
0.396797
0.0107395
0.0100017
0.0060113
0.00720792
0.0160691
0.0222169
0.273386
0.166562
0.00995712
0.0317303
0.0132421
0.0167954
0.0417297
0.0169856
0.00991756
0.0133786
0.026947
0.273152
0.128661
0.0470884
0.026663
0.00931764
0.00597875
0.0126522
0.0881709
0.78662
0.375823
0.0258986
0.0379191
0.0140758
0.018528
0.0211772
0.0311654
0.0491454
0.0242622
0.0410797
0.0198778
0.0149268
0.0154157
0.0397579
0.0529329
0.0986855
0.0896059
0.023636
0.00160167
0.00198934
0.00125198
0.00212412
0.0640553
0.440198
0.178387
0.0185879
0
0.000742091
0.00141237
0.00147126
0.090285
0.60493
0.274131
0.0138043
0.00156011
0.00448649
0.00535112
0.0128399
0.0305479
0.138469
0.0718193
0.0124928
0.00308309
0.00341378
0.0110213
0.0122822
0.0638175
0.435162
0.20249
0.00632717
0
0.000172511
0.000523896
0.000307787
0.0685457
0.383338
0.195376
0.0214093
0.000212958
0.00172861
0.00247392
0.00124592
0.138456
0.424376
0.207694
0.0100978
0.00161811
0.000690046
0.00264013
0.00208209
0.0574473
0.384169
0.183513
0.0168593
0.000211731
0
0.0006228
0.000677592
0.100113
0.518029
0.229776
0.0529281
0.000418466
0.0213673
0.0532459
0.0114015
0.104624
0.362696
0.167457
0.0579166
0.0226676
0.0428907
0.114633
0.048928
0.0347807
0.209301
0.108007
0.0435362
0
0.00266918
0.0104205
0.0132118
0.107235
0.59242
0.246105
0.0481615
0.0157451
0.0131823
0.042355
0.0934512
0.157955
0.403083
0.244968
0.0733725
0.0617907
0.0576923
0.0821561
0.0638421
0.0474458
0.151485
0.0861473
0.0481036
0.0370351
0.0435259
0.0433284
0.0366771
0.0650538
0.0728093
0.0769613
0.0442518
0.0486326
0.0404078
0.0476302
0.116875
0.347709
0.506512
0.329201
0.0608676
0.0621923
0.0397551
0.0461424
0.0376932
0.267276
0.430155
0.187305
0.0043052
0.0228459
0.0705859
0.127431
0.156541
0.0451355
0.016248
0.00332562
0
0.0169659
0.0615004
0.401361
0.412771
0.0207598
0.00706339
0.00642186
0.00959618
0.00518802
0.101061
0.134714
0.19002
0.0903153
0.0216219
0.0140913
0.00340497
0.0135204
0.0571281
0.471414
0.48256
0.0543178
0.00501654
0.00517042
0
0.00536518
0.0140863
0.411926
0.381532
0.00207418
0.00380088
0.00387977
0.00685005
0.0153572
0.0310806
0.192378
0.177657
0.00817005
0.0174908
0.00716348
0.00222544
0.00781415
0.0234236
0.495602
0.448447
0.00725157
0
0.00222544
0.019913
0.0216061
0.0472744
0.228424
0.204731
0.017951
0.00690493
0.0228676
0.0660254
0.107993
0.110656
0.0792414
0.0615636
0.0956786
0.171391
0.0537358
0.0728867
0.0438531
0.0572371
0.0602523
0.124572
0.136089
0.201806
0.0811205
0.128521
0.153928
0.163668
0.076939
0.0463194
0.0661237
0.134127
0.198637
0.221138
0.0883234
0.0781017
0.285092
0.209036
0.0956331
0.199427
0.335855
0.0218534
0.00859814
0.0146024
0.0189951
0.0467332
0.0340264
0.0828698
0.0565321
0.0352134
0.0261952
0.015752
0.03768
0.0544315
0.0475976
0.284955
0.172858
0.170523
0.0359398
0.0136677
0.115887
0.19064
0.0459144
0.0641139
0.274322
0.375957
0.546499
0.108641
0.0549135
0.173701
0.0706044
0.0775207
0.185884
0.0193235
0.00720567
0.00159079
0.00425161
0.00764018
0.0250425
0.162017
0.0802485
0.0643014
0.0983158
0.00528236
0.00288154
0.00469093
0.0429652
0.485976
0.149479
0.154562
0.313616
0.0360368
0.00667587
0.0107403
0.00857676
0.0154171
0.019079
0.293177
0.64047
0.0481621
0.00654338
0.00442386
0.00523818
0.0667522
0.0392162
0.0782297
0.129646
0.0351118
0.0106836
0.0434165
0.0548459
0.401086
0.12226
0.0667276
0.0855875
0.0652409
0.0406211
0.112067
0.11826
0.204142
0.138352
0.238233
0.526766
0.11989
0.0219963
0.0344341
0.0197436
0.092649
0.0648363
0.170144
0.371555
0.280652
0.0536922
0.0819192
0.0275091
0.0516117
0.0826259
0.0668699
0.124561
0.0649079
0.0199502
0.0492187
0.2212
0.185731
0.14633
0.0596641
0.122776
0.0592986
0.0695999
0.0638491
0.248843
0.261879
0.0740433
0.151269
0.494023
0.310905
0.0224491
0.02871
0.0525748
0.0365069
0.081796
0.127656
0.379929
0.190289
0.0871546
0.0940509
0.111779
0.0728554
0.123886
0.0212262
0.0272503
0.0894638
0.113574
0.162026
0.0468608
0.0111371
0.0440038
0.00772127
0.0103421
0.0323379
0.350061
0.423371
0.0313408
0.00144136
0.0135051
0.0428787
0.11108
0.112445
0.224533
0.210613
0.029718
0.0261005
0.0466436
0.0186836
0.0202171
0.0877527
0.357885
0.548103
0.020924
0.0193251
0.0216716
0.00194478
0.0047158
0.0151951
0.396799
0.369482
0.0151992
0.00132094
0.00156536
0.0148466
0.014413
0.0165809
0.171058
0.162332
0.0320417
0.0189741
0.0170921
0.00882036
0.00784665
0.0251589
0.314433
0.587867
0.0277215
0.012125
0.0108454
0.113418
0.144701
0.0103182
0.127175
0.275034
0.0564334
0.0227451
0.0265718
0.0236353
0.0137596
0.00953545
0.00459274
0.00699299
0.0150134
0.0212201
0.0251271
0.100947
0.0859855
0.0146101
0.0540744
0.0378727
0.0096732
0.0115276
0.0532435
0.21817
0.34168
0.0142592
0.00210447
0.00696384
0.0222907
0.017959
0.0209856
0.450478
0.72641
0.046591
0.0139939
0.0106111
0.00461958
0.00528176
0.0475006
0.112931
0.136464
0.0255837
0.0350919
0.0540313
0.0045148
0.00234253
0.06812
0.187949
0.38696
0.0628137
0.0090007
0.0440476
0.00824145
0.0026969
0.0641111
0.263712
0.47987
0.0752243
0.00899156
0.0132991
0.000392548
8.3143e-005
0.0533928
0.231966
0.558832
0.164973
0.0013539
0.0101721
0.00022709
0.0171803
0.0808085
0.138771
0.342147
0.0516352
0.00506585
0.00388175
0.00203038
0.00276278
0.0245092
0.188236
0.445031
0.0853053
0.0232303
0.00136488
0.000296611
0.00633482
0.0332704
0.127524
0.428952
0.17343
0.00452115
0.000760939
2.62393e-005
0.0227277
0.0476838
0.211711
0.480526
0.223033
0.0668808
0.0262967
0
0.00762255
0.0682327
0.23233
0.463419
0.187712
0.0410941
0.00999053
4.32523e-005
0.0057378
0.0536832
0.186167
0.377754
0.30238
0.0289485
0.0196961
0.000245186
0.00674958
0.0412145
0.230669
0.392893
0.195552
0.138347
0.0631229
0.00114952
0.00593006
0.0694583
0.134466
0.185806
0.141822
0.0591681
0.0285412
0.00423937
0.0231595
0.0326858
0.208356
0.572941
0.348333
0.0199989
0.0183142
0.0240684
0.0418286
0.0759953
0.148243
0.33891
0.153172
0.0435899
0.0627783
0.085065
0.0697068
0.136905
0.103717
0.167922
0.100697
0.0282144
0.0209446
0.0455374
0.0878054
0.0682992
0.0761966
0.114655
0.0897984
0.199745
0.134396
0.0959419
0.117593
0.0923993
0.0130279
0.0784434
0.0878144
0.226471
0.220355
0.0482867
0.0433687
0.00935135
0.0225359
0.0107228
0.0485702
0.302598
0.458732
0.0367939
0.0500248
0.0174754
0.000759712
0.0259527
0.043506
0.28732
0.394666
0.0300907
0.0350543
0.01065
0.0607223
0.0189024
0.0234908
0.270802
0.393632
0.0536868
0.0745059
0.0386644
0.0372568
0.0693001
0.0086391
0.140895
0.339736
0.0231185
0.0430497
0.0275305
0.187788
0.398009
0.0221376
0.0494343
0.154611
0.0211533
0.0249732
0.0498939
0.130881
0.142431
0.0491373
0.0769387
0.168768
0.0467127
0.0659217
0.04606
0.276702
0.608865
0.169868
0.016157
0.0550256
0.0339875
0.0481192
0.0723597
0.166848
0.34043
0.0271327
0.000102055
0.00163144
0.00340676
0.00178866
0.0189405
0.199646
0.465465
0.0660766
0
0
6.14059e-005
0.00600397
0.0272587
0.129031
0.447301
0.136571
0.000342606
0.000564294
0.00325647
0.0115546
0.0348733
0.141802
0.510352
0.156896
0.00229991
0.00229991
0
0.0123442
0.0320337
0.143965
0.423568
0.0913551
0.000166843
0
0
0.00389442
0.0331959
0.125262
0.534034
0.148945
0.00101989
0.000352515
0
0.0137864
0.0443445
0.126646
0.480789
0.107069
0.00371888
0.0030515
0.000366505
0.00650933
0.0257317
0.110028
0.363206
0.0857783
0.00566782
0.00299833
0.0046699
0.0149377
0.0305037
0.163278
0.581288
0.200787
0.00758497
0.00183042
0
0.0300242
0.0426689
0.212071
0.407753
0.186001
0.206287
0.0701414
0.00089395
0.00706926
0.0436118
0.0917004
0.212153
0.069509
0.0139867
0.00466351
0.00753705
0.0221789
0.0309959
0.0478508
0.0615688
0.0860133
0.35561
0.158122
0.0046
0.00447128
0.0177296
0.161028
0.20445
0.172487
0.415254
0.130562
0.0128465
0.016122
0.0584495
0.060296
0.0906372
0.112015
0.13089
0.0419721
0.0174819
0.0415086
0.0630544
0.0253167
0.0331651
0.100207
0.617325
0.271049
0.0173649
0.0193157
0.0440232
0.0539653
0.106123
0.112082
0.193694
0.0882525
0.02984
0.0410477
0.0651858
0.0638516
0.109686
0.128399
0.0612151
0.0306864
0.0454703
0.110052
0.163887
0.0975128
0.210475
0.164972
0.249794
0.111407
0.0982443
0.212339
0.187919
0.22272
0.18732
0.176041
0.163436
0.111052
0.0410368
0.0700463
0.160583
0.275886
0.292498
0.194962
0.120951
0.120819
0.170617
0.136204
0.157495
0.00238158
0.00786305
0.0233487
0.243178
0.351288
0.020373
0.0330645
0.020328
0.135058
0.14451
0.112453
0.115153
0.227972
0.0817126
0.0933539
0.0689085
0.0222692
0.0248678
0.0570673
0.276939
0.290352
0.0400231
0.0451822
0.0258396
0.226182
0.48592
0.152846
0.186241
0.227491
0.101151
0.0959063
0.054036
0.136575
0.228106
0.184574
0.0187488
0.0375081
0.0597951
0.0256593
0.0213685
0.210041
0.52222
0.268643
0.00483619
0.0088721
0.0457996
0.0184241
0.017863
0.158465
0.413965
0.177036
0.038649
0.0382119
0.0471845
0.0155237
0.00812543
0.154001
0.394175
0.147968
0.034939
0.0264862
0.0228033
0.00479951
0.002671
0.173199
0.628444
0.219701
0.0127459
0.0120369
0.00942219
0.0155557
0.020176
0.151773
0.571926
0.127828
0.0254114
0.0243479
0.00454687
0.0115487
0.0188906
0.106897
0.205912
0.0806478
0.0591215
0.0413301
0.00293512
0.00129648
0.00576153
0.0388325
0.0658488
0.0432756
0.0575966
0.0479443
0.0149032
0.0157207
0.013936
0.290152
0.690116
0.140295
0.0640162
0.062551
0.0153008
0.022197
0.0503768
0.140693
0.259721
0.119799
0.0567069
0.0525474
0.0327087
0.0492259
0.0581835
0.0482201
0.0402553
0.0374428
0.12315
0.121449
0.0480502
0.0595741
0.0441627
0.0256455
0.0929151
0.0894371
0.127777
0.141257
0.0660043
0.0670018
0.044741
0.0213524
0.0792286
0.0869124
0.0198218
0.0154949
0.019634
0.0241144
0.0180102
0.0155586
0.0505099
0.113261
0.486198
0.292066
0.0217478
0.00925664
0.0155635
0.0119
0.0616478
0.0759211
0.0624078
0.0588942
0.0336383
0.0256321
0.0151722
0.0110281
0.0339336
0.200928
0.630149
0.263793
0.0325405
0.0226022
0.0102056
0.0308171
0.0380411
0.0512934
0.48181
0.318593
0.0168399
0.00918353
0.0274114
0.0482072
0.0623018
0.0827443
0.191707
0.105432
0.0277978
0.0258586
0.0270178
0.0105746
0.0350945
0.167336
0.541051
0.279054
0.032076
0.0118896
0.0063521
0.0371232
0.0505073
0.126282
0.171653
0.126907
0.0385216
0.0537253
0.0218349
0.204965
0.119994
0.147613
0.194285
0.150299
0.0487163
0.0743361
0.0637956
0.218811
0.146737
0.138044
0.114289
0.278153
0.245801
0.0896433
0.0785139
0.0928885
0.126748
0.1564
0.166213
0.13629
0.0440447
0.0969527
0.0862792
0.10287
0.233753
0.123968
0.082062
0.277582
0.211019
0.0783759
0.119648