0.000295415
7.56297e-005
0.0548833
0.271734
0.139085
0.0284887
0.0179038
0.00520713
0.00496983
0.00651445
0.0464059
0.364023
0.442126
0.035045
0.0154054
0.0058228
0.00308806
0.00537611
0.0345137
0.240372
0.181925
0.0272981
0.0242823
0.00833253
0.0206513
0.113795
0.137703
0.451901
0.438306
0.031196
0.0501432
0.0243971
0.0423423
0.0232402
0.00550708
0.127262
0.356589
0.0530937
0.0281812
0.0611927
0.09874
0.0279169
0.0274661
0.165883
0.266212
0.0380063
0.050897
0.109502
0.096881
0.206962
0.163675
0.162809
0.211379
0.0693111
0.156935
0.171515
0.245077
0.140696
0.113624
0.107936
0.0948166
0.0845451
0.418462
0.418462
0.0562633
0.0211625
0.0390057
0.254494
0.295674
0.00779625
0.0205826
0.0356068
0.00866869
0.0163142
0.0243726
0.105264
0.102553
0.00805797
0.00327165
0.000374238
0.18156
0.0798044
0.0830165
0.180251
0.0868867
0.0573205
0.529955
0.457838
0.0535083
0.0315789
0.0553884
0.0800639
0.0298807
0.0302799
0.298368
0.286062
0.0677847
0.0865598
0.0642264
0.0521059
0.0630845
0.0111779
0.0169142
0.0107938
0.0466296
0.0451906
0.0414274
0.149108
0.349141
0.0244932
0.0241752
0.022939
0.163217
0.0456992
0.0549975
0.0410106
0.0687084
0.0524631
0.418743
0.463952
0.0389492
0.0173965
0.0233747
0.0868554
0.393496
0.120309
0.149876
0.131357
0.00101924
0.000538916
0.00149967
0.148066
0.277958
0.00443222
0.00204145
0.00134458
0
0.00041594
0.00373004
0.248344
0.47478
0.00495953
0.000109045
0
0.000757138
0.000220149
0.00112575
0.13592
0.357431
0.0150676
0.0122818
0.00360191
0.00014398
0.000910357
0.00605967
0.325309
0.553667
0.0046424
0.000115882
0.00014398
0
0.0075744
0.0307337
0.233721
0.461671
0.0543355
0.00618505
0.000895874
0.0214256
0.0383953
0.045079
0.0319814
0.0792105
0.0862722
0.0158019
0.00598084
0.00998974
0.0134991
0.0694759
0.405203
0.615189
0.0298907
0.00836149
0.0127404
0.0374863
0.0430248
0.083889
0.0628065
0.0711727
0.0468088
0.017789
0.0260686
0.0450975
0.072735
0.0383564
0.0771356
0.23242
0.157691
0.0582707
0.0361336
0.0529828
0.0738076
0.171794
0.116238
0.298565
0.204963
0.0814351
0.0988145
0.0545029
0.088463
0.067822
0.114163
0.231423
0.180987
0.0327945
0.0306766
0.102849
0.17431
0.120664
0.165845
0.388449
0.237575
0.0467432
0.106434
0.0985163
0.0457297
0.0393145
0.113482
0.0875927
0.0101439
0.0152333
0.100805
0.0436029
0.111667
0.265486
0.439225
0.183049
0.00460992
0.0123466
0.0263204
0.338448
0.0591244
0.0384332
0.074019
0.0229035
0.0131552
0.0218028
0.343213
0.127327
0.0703655
0.329033
0.439225
0.105361
0.0194163
0.0203135
0.147725
0.0461288
0.140707
0.308004
0.248372
0.0505699
0.0118696
0.0652239
0.0475733
0.123254
0.110484
0.160026
0.0633859
0.00642554
0.0636568
0.39777
0.233253
0.0250884
0.0598247
0.365835
0.39777
0.0605372
0.00321978
0.00584953
0.0113704
0.0858499
0.112198
0.209218
0.24172
0.0269007
0.033377
0.236869
0.137723
0.0465152
0.0217983
0.0149
0.0144959
0.0026327
0.0903842
0.420087
0.22472
0.0225873
0.00463925
0.00745189
0.0045444
0.00810508
0.102292
0.420087
0.227024
0.0308485
0.0232823
0.0158904
0.0299477
0.00972063
0.0824139
0.420087
0.181891
0.00700898
0
0
0
0.0272366
0.207179
0.420087
0.204424
0.0165908
0.000884412
0.00119771
0.0009656
0.00568673
0.0657967
0.352787
0.154898
0.00645919
0.000109593
0.000329624
0.00663148
0.0241072
0.0318225
0.190253
0.123747
0.00456206
0
0
0
0.0110964
0.25582
0.503992
0.187154
0.00834477
0
0
0.00280647
0.00927113
0.227457
0.503992
0.288833
0.00191969
6.52426e-006
0.000111465
0.0771673
0.181378
0.0199107
0.0640685
0.0422818
0.000349737
0.000211262
0.00679879
0.199576
0.379905
0.00595195
0.00975119
0.00263006
0.00280925
0
0
0.05103
0.17368
0.283905
0.458074
0.177542
0.00292652
0.0212801
0.0200242
0.16693
0.458074
0.327505
0.149963
0.0467935
0.00865881
0.00482513
0.0764137
0.26938
0.391514
0.00678472
0.00621149
0.0093951
0.0176311
0.0215951
0.0680863
0.0461931
0.0407807
0.0286916
0.0200758
0.0169101
0.108215
0.0512687
0.0950719
0.322565
0.50836
0.222608
0.100157
0.21062
0.249379
0.0219978
0.097821
0.105057
0.0246694
0.0298595
0.0560413
0.270189
0.0298247
0.0686654
0.0661043
0.0786756
0.119647
0.126737
0.0749979
0.0241741
0.0678455
0.0968445
0.119124
0.16841
0.191912
0.133619
0.0493673
0.0411244
0.299093
0.107585
0.189062
0.108684
0.058718
0.102485
0.21684
0.42404
0.153191
0.0742639
0.12062
0.130424
0.144778
0.162408
0.171873
0.1946
0.284263
0.0224391
0.0262005
0.110178
0.0492629
0.0445115
0.0308772
0.208216
0.0963848
0.018935
0.112547
0.416907
0.180472
0.0731953
0.0443146
0.107827
0.283592
0.106276
0.131441
0.220922
0.0877786
0.0876273
0.0662243
0.109675
0.22546
0.117007
0.120679
0.416907
0.219316
0.26387
0.0832989
0.0329324
0.00485044
0.0390481
0.237741
0.479171
0.158944
0.0366712
0.0292701
0.0123528
0.0217148
0.0528571
0.142007
0.32648
0.0710083
0.00938125
0.0778574
0.0573484
0.1571
0.156769
0.122739
0.37554
0.32285
0.209014
0.0932562
0.00193022
0.0234515
0.0380222
0.0651697
0.199397
0.280282
0.0680785
0.0412063
0.000558549
0.0260307
0.017008
0.0167701
0.088473
0.0250725
0.0223316
0.377739
0.203598
0.0151951
0
0
0
0.0227882
0.160701
0.7287
0.371355
0.00281544
0.000120181
0.00504555
0.0572177
0.064624
0.00163925
0.00849185
0.0152684
0.00857611
0
0
0
0
0.0132482
0.125184
0.122155
0.00259457
0
0
0
0.00367265
0.171583
0.435801
0.112643
0.00275913
0.030667
0.00340744
0.00362977
0.00744531
0.34697
0.435801
0.152515
0.00246275
0
0
0
0.000845552
0.0881209
0.150121
0.0472578
0.0072913
0.0460005
0.00511116
0.00241985
0.00459436
0.401
0.435801
0.0688236
0.0209707
0.0151381
0.00161717
0.0124849
0.0777554
0.231239
0.298591
0.106326
0.0327774
0.0212068
0.0068141
0.0377863
0.183202
0.372705
0.247766
0.0624383
0.0419331
0.0227071
0.00242575
0.00568833
0.0361358
0.276109
0.372705
0.0945957
0.0597636
0.00848022
6.50831e-005
0.0173811
0.078892
0.372705
0.372705
0.214039
0.0478647
0.0268174
0.00997454
0.0470357
0.0697689
0.206787
0.221197
0.089357
0.0985922
0.00760476
0.0196194
0.0251515
0.00231525
0.0224735
0.0583473
0.0925163
0.0453242
0.0171393
0.000503312
0.0183348
0.0308639
0.409356
0.452343
0.280641
0.0969283
0.00969735
0.0044396
0.00587957
0.00352526
0.144507
0.452343
0.364017
0.0833577
0.00641205
0.0335496
0.0163441
0.00733823
0.00816052
0.0288122
0.100171
0.0577962
0.00865069
0.0218973
0.0124689
0.0244367
0.0115698
0.0424768
0.0679678
0.287995
0.00694405
0.00830415
0.00403626
0.0111374
0.028854
0.249637
0.514212
0.600462
0.0522934
0.0164939
0.00304292
0.0212809
0.00867711
0.117153
0.348848
0.123864
0.14245
0.19336
0.144335
0.0878009
0.101021
0.0667243
0.0738512
0.166927
0.141838
0.0792298
0.202037
0.202213
0.387952
0.103495
0.0540193
0.140044
0.14018
0.174423
0.129246
0.0794338
0.12895
0.134598
0.116042
0.0752414
0.102288
0.115789
0.416102
0.283091
0.318577
0.0723332
0.0812159
0.0991819
0.0938711
0.0162499
0.170706
0.318978
0.19914
0.0414394
0.00829771
0.0155382
0.0115491
0.0051481
0.164003
0.291231
0.0388178
0.0128971
0
0.0140158
0.0206376
0.0120336
0.403811
0.403811
0.209999
0.0132932
0.0124466
0.00208812
0.000558793
0
0.366668
0.384816
0.033749
0
0
9.19735e-005
0
0.0034018
0.289435
0.389309
0.00560773
0
9.19735e-005
0.00235299
0
0
0
0
0.00327538
0.00827145
0.00498116
0
0
0
0.51422
0.499288
0
0
0
0.0252419
0
0
0.000398535
0.000398535
0
0
0.0153201
0.0011978
0
0
0
0.00125826
0.0336704
0.0353786
0.00327035
0.014109
0.0228606
0.00193236
0.000783303
0.0026707
0.340225
0.494287
0.0362215
0.0346969
0.0588236
0.013128
0.00031428
0.00031428
0
0
0.010172
0.346656
0.651193
0.0793687
0.00138447
0.00138447
0.0123558
0.0420321
0.0304214
0.0226109
0.0203125
0.000413348
0.00758181
0.00733565
0.171994
0.311029
0.0415567
0.0350628
0.042953
0.0259423
0.0608846
0.103001
0.352677
0.411774
0.151675
0.155921
0.411774
0.0412055
0.0151506
0.00938727
0.0228522
0.0653609
0.0167245
0.179171
0.411774
0.170211
0.104268
0.131526
0.143028
0.120806
0.0185095
0.0287195
0.0193992
0.0182032
0.0574626
0.0906544
0.235683
0.340691
0.152877
0.0510935
0.0221138
0.0173473
0.0461723
0.0782579
0.135592
0.393547
0.238511
0.151355
0.369981
0.14932
0.109383
0.120685
0.0971066
0.0729452
0.026681
0.141094
0.393547
0.257336
0.126596
0.11077
0.0698323
0.106183
0.0405579
0.170681
0.0312174
0.0489741
0.0574899
0.0525071
0.058968
0.175465
0.295204
0.451001
0.0494644
0.0272579
0.0154184
0.00667232
0.00812723
0.0235281
0.340202
0.112837
0.237988
0.35606
0.184387
0.0673352
0.0483973
0.0525144
0.0906346
0.283025
0.0448822
0.128199
0.0665706
0.00563354
0.00536728
0.00531888
0.348038
0.232784
0.0850939
0.0567819
0.0775586
0.025302
0.0615754
0.100575
0.187444
0.0864271
0.0719734
0.0935769
0.494092
0.298913
0.157216
0.0297818
0.0435503
0.139438
0.0282288
0.0133983
0.0327322
0.0391462
0.0186067
0.010147
0.0935225
0.0492825
0.0288515
0.0322541
0.397613
0.494092
0.0973737
0.00571038
0.0145058
0.00231327
0.00505784
0.0113135
0.390377
0.340285
0.110162
0.001222
0.00151472
9.01098e-005
2.53017e-005
0
0.287718
0.267517
0.0257902
0
3.10726e-005
0.00190855
0.00218579
0.00465252
0.360019
0.397228
0.0706305
0.000123045
0.00278952
0.0403373
0.0717165
0.00894025
0.25804
0.397228
0.0355335
0
0.0159969
0.0100015
0.00374892
0
0.0565827
0.0516295
0
0
0.000473207
0.0768397
0.139732
0.00957369
8.00544e-005
8.00544e-005
0
0
0.00807899
0.16276
0.506888
0.0324237
0.0458188
0.0861746
0.00831118
0
0.0156112
0.409595
0.646067
0.154325
2.00136e-005
2.00136e-005
0.00496342
0.00235966
0.0391918
0.074769
0.20374
0.0272934
0.000137613
0.000137613
0
0
0.00810533
0.193177
0.444709
0.112505
0.0120452
0.000138414
0
0
0.00631192
0.206998
0.444709
0.165736
3.44032e-005
3.44032e-005
0.00853208
0.00405623
0.0209482
0.329829
0.444709
0.290888
0.0178832
2.29355e-005
0.00568805
0.00270415
0.00685775
0.155633
0.388702
0.10061
0.0145989
0.00104324
0
0
0.000903395
0.138797
0.388702
0.238733
0.0447815
0.0136554
0.00265268
0
0.000651905
0.19008
0.388702
0.194308
0.0212461
0.00442811
0.000373695
0
0.00120813
0.0857046
0.388702
0.388702
0.0916971
0.0541313
0.000560543
0
0.000805423
0.179509
0.425469
0.284539
0.0469349
0.0165552
0.0030106
0
0.00608464
0.166113
0.425469
0.251322
0.0441729
0.0164734
0.00441727
0
0.0105012
0.125784
0.378374
0.350767
0.0865927
0.0505199
0.000169203
0
0.00990917
0.139062
0.257161
0.0900856
0.0208073
0.0176513
0.00178803
0
0.0230926
0.128363
0.680983
0.491726
0.16211
0.024587
0.0150738
0.00565316
0.0336833
0.140423
0.0639546
0.167243
0.0841221
0.016672
0.0109139
0.025856
0.177995
0.0821123
0.237132
0.0547223
0.0402774
0.0271895
0.0165161
0.00794363
0.0234667
0.0432299
0.0262239
0.0606409
0.04397
0.028583
0.0219486
0.0309915
0.0209021
0.0159553
0.00487593
0.0127329
0.0400882
0.04601
0.0150778
0.00607214
0.0081049
0.00423532
0.00437946
0.0207619
0.395521
0.522584
0.0279165
0.00321571
0.001029
0.00590255
0.00366331
0.0158837
0.0716086
0.0728133
0.0108707
0.00363701
0.00730639
0.0137548
0.0133523
0.0361888
0.464028
0.53018
0.0581471
0.00341787
0.00173647
0.023933
0.000684877
0.00521564
0.218617
0.394209
0.057838
0.035123
0.0235698
0.153416
0.268511
0.0407068
0.0941832
0.366747
0.0730972
0.0515967
0.0805029
0.0632
0.0523567
0.0631797
0.167076
0.313165
0.0875444
0.057551
0.0573494
0.220243
0.394209
0.27826
0.0304882
0.164199
0.0744499
0.0868095
0.153633
0.127827
0.430643
0.0650411
0.00689516
0.0307614
0.00902313
0.00591833
0.0218885
0.20139
0.430643
0.152056
0
0
0.00159042
0.000756102
0.0260597
0.149111
0.430643
0.183108
0.00813927
0.018506
0.00571213
0.0112797
0.0457556
0.195887
0.430643
0.178701
0.000574914
0.000396753
3.22061e-006
0.00226136
0.0181134
0.182941
0.450309
0.224739
0
0
0.00671593
0.00319282
0.040157
0.211413
0.450309
0.225352
0.00313854
0.00235887
0.00611538
0.00227736
0.0169343
0.150146
0.450309
0.138926
0.00165214
0.000338254
1.0644e-005
0.00194722
0.0212008
0.0856269
0.333574
0.0660041
0.00295852
0.00665244
0.00383126
0.00771336
0.0169667
0.19586
0.501609
0.162496
0.0170534
0.0340497
0.0104452
0.000718591
0.0080208
0.0594247
0.301018
0.236453
0.172852
0.323798
0.010418
0.000479061
0.0053472
0.0397246
0.135053
0.0255268
0.0249654
0.0641355
0.0192222
0.0151888
0.0111182
0.0118882
0.0167177
0
0.263132
0.501609
0.0169683
0.00653105
0.0046325
0.0535608
0.163899
0.208704
0.247653
0.395877
0.0028438
0
0.0074722
0.0693347
0.0590109
0.0449017
0.0604714
0.0837382
0.00818781
0
0.0196056
0.00366987
0.00970994
0.00796222
0.370606
0.670662
0.0128163
0
0
0.0266532
0.0614057
0.0334764
0.0800931
0.129882
0.0310302
0
0.0071571
0.127216
0.134046
0.161387
0.127197
0.10825
0.0304192
0.0227562
0.0571022
0.171836
0.0567298
0.194126
0.148177
0.0864916
0.109608
0.131801
0.118735
0.167462
0.269508
0.209701
0.0908068
0.149029
0.092867
0.0264093
0.100423
0.229908
0.215364
0.180437
0.101414
0.201153
0.241433
0.189684
0.213322
0.0098584
0.00672685
0.0241583
0.106283
0.104903
0.0196977
0.00817124
0.00671253
0.136512
0.0387026
0.0883868
0.381112
0.660496
0.198476
0.0836897
0.0636636
0.014002
0.0152838
0.0324648
0.060656
0.065346
0.0272026
0.0339548
0.0236679
0.234456
0.0386889
0.0655226
0.0955893
0.235266
0.171149
0.200244
0.198932
0.152798
0.182803
0.212716
0.114617
0.218597
0.104425
0.0511205
0.0571202
0.256858
0.478893
0.476404
0.0152153
0.0492905
0.033257
0.0588942
0.0813911
0.205849
0.14004
0.138597
0.01572
0.0574673
0.0648091
0.06614
0.0822052
0.21524
0.240731
0.163104
0.00769281
0.00276276
0.0159998
0.0338885
0.0505422
0.264991
0.578771
0.260947
0.00792617
0.0114104
0.00348136
0.0219985
0.0576697
0.209221
0.578771
0.113807
0.00508328
0.00303503
0.000332539
0.0177418
0.0239824
0.160978
0.161687
0.0446887
0.0108118
0.00185086
0.0145856
0.0209045
0.0517922
0.0660629
0.0953791
0.0184061
0.00948618
0.00546557
0.0135064
0.029682
0.0232285
0.277874
0.825578
0.129889
0.0252039
0.00868077
0.0038784
0.0300412
0.0189838
0.131722
0.19411
0.0321051
0.0345992
0.027283
0.0145518
0.0583963
0.0426984
0.0552612
0.0460588
0.0244783
0.0274547
0.0264434
0.0349198
0.0672867
0.0334766
0.038934
0.0257634
0.0319192
0.0398283
0.0413673
0.0349656
0.0808407
0.056379
0.0105619
0.00911644
0.00659136
0.0333546
0.0596664
0.0119942
0.02048
0.0125426
0.000560722
0.000428787
0.00247986
0.333827
0.543401
0.0112204
0.00601357
0.00230075
0.00744866
0.0081319
0.0216511
0.0374829
0.0493622
0.0113386
0.0191303
0.0147077
0.000841083
0.00132177
0.0119301
0.379688
0.614329
0.00883072
0.00615037
0.00364554
0.00603563
0.00469231
0.00358949
0.301361
0.47218
0.00984588
0
0
0.0198208
0.0309337
0.018131
0.0735926
0.0984248
0.0320833
0.00393011
0.00312541
0.00411683
0.00456985
0.00295921
0.369823
0.651347
0.00337789
0.00711057
0.0025131
0.0078683
0.0170821
0.0168918
0.127204
0.15754
0.0263849
0.0249397
0.00531477
0.0893118
0.103982
0.0843834
0.108282
0.139678
0.116261
0.0362159
0.0447152
0.122897
0.105658
0.0937052
0.17041
0.204401
0.153802
0.106047
0.0874562
0.0179365
0.0353106
0.0865901
0.221285
0.23443
0.200091
0.101971
0.0136946
0.0293966
0.0326143
0.130118
0.389662
0.373398
0.320668
0.131008
0.0220258