0.123255
0.138617
0.144465
0.215547
0.172815
0.0728935
0.0315121
0.0588716
0.21631
0.101915
0.0821194
0.24349
0.222495
0.109471
0.119587
0.220527
0.0530364
0.0361437
0.07498
0.184094
0.220069
0.215426
0.190743
0.20411
0.273186
0.0764514
0.0933839
0.167553
0.181435
0.225626
0.124522
0.290237
0.0932101
0.05335
0.0954488
0.115686
0.116831
0.116736
0.201348
0.137261
0.0809078
0.143525
0.243817
0.0757963
0.100158
0.0899323
0.252882
0.168175
0.216214
0.0755423
0.159436
0.110795
0.10327
0.212283
0.149021
0.107625
0.175994
0.192308
0.324153
0.238189
0.225822
0.241832
0.230304
0.133486
0.0837407
0.18685
0.19707
0.136691
0.0822584
0.00723738
0.0543779
0.0758317
0.224228
0.326822
0.165404
0.159243
0.0320713
0.0153499
0.0115021
0.0330537
0.138801
0.159898
0.1867
0.366406
0.23105
0.0714959
0.161726
0.112844
0.213139
0.245895
0.182488
0.294666
0.124672
0.0428161
0.142927
0.130791
0.289246
0.177178
0.0865235
0.0650747
0.0221608
0.0654148
0.048946
0.119118
0.237878
0.116965
0.0592112
0.0855192
0.192486
0.239532
0.186049
0.235383
0.109788
0.147937
0.126962
0.0892585
0.104462
0.17463
0.10958
0.120496
0.0472111
0.0539567
0.0672903
0.0716778
0.256549
0.364733
0.298002
0.253348
0.0854972
0.0545426
0.0512287
0.226244
0.194474
0.116345
0.111923
0.0886051
0.287545
0.0942479
0.199845
0.321241
0.18251
0.0874884
0.0534438
0.107531
0.0905659
0.0411465
0.0372366
0.146655
0.20018
0.162651
0.206705
0.181815
0.271116
0.166117
0.222298
0.194382
0.234454
0.125569
0.139132
0.214081
0.289483
0.110063
0.261253
0.0896014
0.0410074
0.0728544
0.0469718
0.153804
0.166622
0.0642508
0.126005
0.0408531
0.0799614
0.233737
0.203015
0.292701
0.335153
0.154777
0.298567
0.0642827
0.0692338
0.0683888
0.0599504
0.154798
0.266123
0.0757674
0.184752
0.110761
0.1495
0.204609
0.102813
0.138346
0.0610517
0.0138276
0.0463224
0.161624
0.248574
0.165867
0.159134
0.198149
0.0649741
0.0245801
0.148101
0.331968
0.286473
0.0485591
0.0846195
0.0643272
0.0652822
0.0282832
0.13176
0.308754
0.253943
0.133172
0.0563688
0.099692
0.18729
0.0688737
0.229131
0.362542
0.23462
0.0336141
0.052423
0.0602776
0.0478684
0.0129762
0.00969281
0.0375658
0.0696648
0.192359
0.298728
0.184365
0.171049
0.0401937
0.0649891
0.0462746
0.0584055
0.268195
0.255359
0.283952
0.149492
0.15151
0.0402113
0.0486664
0.149988
0.256363
0.187122
0.0922072
0.28565
0.165942
0.0649489
0.0958663
0.147631
0.235082
0.196796
0.257768
0.0611351
0.019041
0.0760324
0.0754368
0.0315097
0.130401
0.0955642
0.0511608
0.120828
0.204655
0.174412
0.166148
0.0751585
0.113406
0.111364
0.063231
0.0496633
0.0405005
0.0982473
0.26591
0.153581
0.0826876
0.0566444
0.0554051
0.139498
0.39478
0.374429
0.515885
0.219499
0.0301815
0.0293975
0.039626
0.146707
0.138711
0.0471241
0.0721509
0.0430774
0.0349974
0.130103
0.154185
0.128642
0.0582071
0.0222695
0.0437204
0.0438107
0.0155289
0.21018
0.318203
0.211449
0.299703
0.150025
0.15513
0.0328647
0.00784468
0.0763531
0.236763
0.162761
0.0680905
0.0205871
0.00830972
0.0190415
0.0781595
0.453348
0.453348
0.048771
0.0192158
0.0191983
0.0251232
0.0373542
0.0451899
0.139537
0.174015
0.0256592
0.00091311
0.00549011
0.0126534
0.0393187
0.128164
0.139504
0.118586
0.0472617
0.00378563
0.00784298
0.0114585
0.0164077
0.205718
0.463701
0.349572
0.0424639
0
0.0014865
0.00277848
0.0213155
0.332249
0.463701
0.367368
0.0220737
0.00442536
0.00275454
0.0195686
0.077036
0.202986
0.16737
0.095581
0.110904
0.0520449
0.0311455
0.0100768
0.0868157
0.0954142
0.122004
0.239333
0.0387554
0
0
0
0.0699535
0.465068
0.33719
0.372513
0.258244
0.0491778
0.000297874
0
0.0484955
0.195038
0.188571
0.362736
0.245478
0.0912034
0.0556303
0.0110331
0.0366537
0.0250983
0.0822334
0.230828
0.185821
0.0885509
0.125749
0.122827
0.110789
0.0449089
0.103993
0.0843907
0.398132
0.114834
0.00950821
0.0307762
0.0470729
0.0260636
0.0791027
0.321123
0.21383
0.224367
0.464941
0.237684
0.123123
0.0315755
0.0876881
0.102751
0.0649397
0.0512655
0.18808
0.225377
0.097577
0.0193277
0.0317497
0.0366949
0.225509
0.101205
0.198583
0.162562
0.0466935
0.0143108
0.0604132
0.0626162
0.0918954
0.102726
0.515213
0.243507
0.120431
0.066684
0.0651177
0.0391616
0.336721
0.196384
0.224736
0.103797
0.0951685
0.185533
0.206073
0.132231
0.120539
0.145327
0.0326037
0.0294153
0.146685
0.254016
0.112772
0.0742422
0.208227
0.189612
0.0719674
0.0999716
0.226836
0.175302
0.0602441
0.177726
0.208942
0.0686824
0.0220291
0.128022
0.150686
0.273344
0.130054
0.177694
0.281585
0.201108
0.11773
0.174243
0.20911
0.250757
0.0726971
0.249391
0.0335589
0.0253313
0.0343571
0.217896
0.131169
0.00827785
0.00834827
0.0295622
0.0403214
0.0882029
0.128211
0.483274
0.243543
0.00137027
0.00168776
0.0102966
0.0696487
0.049804
0.0304043
0.237929
0.168164
0.0101298
0.0158891
0.0405493
0.0366293
0.0221461
0.0194147
0.483274
0.483274
0.00422942
0.00824015
0.015626
0.123419
0.19561
0.174426
0.429818
0.122737
0.00296203
0.0073296
0.0833478
0.107015
0.0864237
0.0619996
0.00669782
0.024274
0.141709
0.307948
0.272831
0.026235
0.0267301
0.0379964
0.49613
0.413201
0.0283486
0.0153983
0.0158986
0.00932908
0.0192042
0.0388226
0.0264442
0.0722947
0.0788896
0.040282
0.0177188
0.0197325
0.00652801
0.00532867
0.00104806
0.0117318
0.195157
0.429927
0.154597
0.0345463
0.0032371
0.000359677
0
0.0102187
0.22597
0.467931
0.467931
0.0133456
0.0142337
0.00511031
0.00478723
0.0176721
0.0569423
0.0951227
0.0583507
0.043176
0.0201083
0.00185988
0.00500376
0.0101216
0.101999
0.329979
0.27913
0.0304037
0.000342682
3.80758e-005
0
0.0339129
0.216348
0.27872
0.29029
0.175277
0.00658935
4.58128e-005
0.00242788
0.048685
0.169924
0.22073
0.243579
0.0358345
0.00327205
0.000196888
0.00337172
0.0252935
0.219669
0.329363
0.196485
0.093572
0.00457346
0
0.00966584
0.0638716
0.257128
0.416452
0.357914
0.218821
0.0292583
0.0188129
0.02196
0.0486165
0.0371077
0.0897501
0.23374
0.0953043
0.0837399
0.184969
0.0693707
0.0654056
0.0221924
0.0701799
0.0846051
0.078023
0.00585813
0.039941
0.0531869
0.124826
0.241114
0.500869
0.303072
0.068467
0.0648714
0.130707
0.0685355
0.117269
0.179842
0.467733
0.200072
0.026281
0.0355715
0.149192
0.0676044
0.0643452
0.0570909
0.0732666
0.0326858
0.120269
0.232832
0.216059
0.0459686
0.0447639
0.0887084
0.0723291
0.067081
0.0686819
0.14794
0.332332
0.0997515
0.0681669
0.0488976
0.207645
0.107532
0.135047
0.510943
0.510943
0.124223
0.0430202
0.0218359
0.0403421
0.0374046
0.237068
0.0271952
0.00516672
0.0384233
0.0127652
0.0141443
0.00786699
0.235114
0.283114
0.0889759
0.0310129
0.0389282
0.0178556
0.0170782
0.00417985
0.17671
0.420028
0.0400029
0.00655784
0.00812001
0.000415958
0.00216032
0.00656975
0.422879
0.422879
0.0790549
0.0193724
0.0125211
0.00245406
0.00993343
0.00794144
0.422879
0.261302
0.09661
0.0468967
0.115313
0.0908315
0.00583979
0.00465089
0.085941
0.14218
0.0453178
0.0691656
0.408107
0.411785
0.00220399
0.0048086
0.0250252
0.427122
0.0934834
0.0499185
0.0325976
0.0245985
0.0205373
0.0406269
0.300472
0.226758
0.0591137
0.13357
0.259594
0.197971
0.0619997
0.0576158
0.104549
0.0282657
0.0144297
0.090413
0.461183
0.528864
0.0225282
0.0179841
0.0145322
0.00180446
0.000996569
0.0374825
0.105803
0.0752461
0.0309224
0.0156136
0.0157279
0.0460643
0.0306445
0.230338
0.482907
0.278809
0.0513497
0.0240912
0.0119645
0.000178719
0.00821171
0.100961
0.131406
0.0228416
0.00219234
0.00267427
0.00270866
0.0626259
0.0715741
0.0262007
0.128423
0.0991199
0.0870232
0.0919013
0.162385
0.220053
0.107361
0.00883198
0.0828548
0.180567
0.322335
0.49189
0.370828
0.00946031
0.0057534
0.035676
0.131886
0.0437691
0.000821655
0.0015116
0.0196858
0.0249372
0
0
0.0274122
0.0668769
0.0541585
0.0235519
0.026626
0.0531295
0.0110611
0.000204339
0.0138146
0.0485598
0.146927
0.226553
0.11504
0.0939797
0.0417412
0.00326783
0.0105133
0.0697131
0.236039
0.758625
0.37671
0.0227233
0.0055903
0.00394901
0.00805106
0.0189704
0.020281
0.0201264
0.0321747
0.0887247
0.0678872
0.0322109
0.0103152
0.0247783
0.028355
0.144681
0.0801636
0.0124509
0.00671531
0.00814269
0.0109544
0.0352048
0.142079
0.425453
0.141559
0.13402
0.0606158
0.047431
0.0180383
0.030522
0.111546
0.425453
0.394343
0.0464484
0.0268718
0.00759047
0.000948318
0.00447368
0.0205451
0.179052
0.0929438
0.312405
0.0617979
0.00869365
0
0
0.0150892
0.229944
0.402831
0.231687
0.20015
0.285832
0.0544121
0.0142312
0.0157803
0.16094
0.230632
0.142484
0.357248
0.441145
0.0861146
0.0156334
0.0135124
0.0197627
0.0256819
0.37706
0.127948
0.0605736
0.00562036
0
0.0110563
0.123937
0.272667
0.216235
0.113776
0.110681
0.0222944
0.00533065
0.0283767
0.104553
0.103482
0.290256
0.0664985
0.0140549
0.00330744
0.00205482
0.0253503
0.0575222
0.273436
0.331947
0.0420336
0.021899
0.0723842
0.0841675
0.100783
0.106277
0.277685
0.191004
0.0596138
0.0329446
0.0469044
0.0460224
0.0542631
0.0805548
0.152505
0.111791
0.032183
0.0338051
0.442829
0.453259
0.201554
0.152226
0.0782443
0.169629
0.0384633
0.0222386
0.0876583
0.0894353
0.0628917
0.0947997
0.189832
0.0689251
0.0168446
0.035389
0.231038
0.234919
0.12212
0.120485
0.0877374
0.0452661
0.0437592
0.0423842
0.432452
0.338714
0.0798362
0.0724214
0.0387948
0.029418
0.0204356
0.0185948
0.432452
0.432452
0.0736749
0.0860286
0.0268347
0.00741537
0.00912766
0.0782646
0.345955
0.256528
0.1055
0.0734283
0.0169311
9.31508e-005
0.00593652
0.040197
0.0333148
0.0182057
0.0224391
0.0248856
0.0055556
0.0271477
0.000349443
0.00610751
0.523443
0.61317
0.126396
0.12242
0.0273026
0.0217379
0.00505681
0.00329566
0.00678953
0.0931825
0.139956
0.067217
0.022454
0.00203367
0.00354087
0.00573773
0.0092504
0.00958664
0.00513351
0.00237919
0.00123981
0.019862
0.00444571
0.00269349
0.000391215
0.000423539
0.000963872
0.00317262
0.0180169
0.0856141
0.115722
0.0224878
0.00250742
0.0402813
0.0528802
0.00609308
0.0226051
0.529963
0.756732
0.115707
0.000211926
0.000211926
3.97019e-005
0.00353342
0.0569357
0.0134308
0.00724336
0.00585874
0.00756267
0.00195457
0.000476169
0.00206197
0.0109898
0.0557211
0.132459
0.0764143
0.0190001
0.00269922
0.000119042
0.0060211
0.0151443
0.429181
0.335138
0.0290142
0.00772899
0.00102207
1.96134e-005
0.00764009
0.0435425
0.53142
0.53142
0.231085
0.0188795
0.00133893
4.90336e-006
0.0150562
0.0426381
0.154349
0.143638
0.0343499
0.00295741
0.00022329
0
0.0137308
0.0288252
0.411679
0.136791
0.0110635
0
0
0.00930955
0.0666518
0.144997
0.304748
0.411679
0.221653
0.00592114
0.000101974
0
0.00371401
0.0172859
0.411679
0.375443
0.187074
0.0109592
0.016028
0.065822
0.114874
0.153487
0.28372
0.038561
0.00288425
0
0.00443807
0.0623976
0.203763
0.163362
0.0697336
0.00844567
0
0.00195416
0.0423244
0.0915078
0.214602
0.0776813
0.240562
0.0615318
0.0516499
0.00487038
0.0545142
0.44384
0.336869
0.18734
0.0222374
0.0161769
0.00325401
0.00551148
0.130585
0.44384
0.322798
0.0536018
0.0303779
0.0214715
0.0181236
0.0827863
0.0596852
0.0132324
0.0127081
0.0230222
0.0185576
0.0198224
0.030735
0.502686
0.393444
0.0441114
0.023627
0.010941
0.00338697
0.0320205
0.0146532
0.109668
0.0734583
0.006206
0.00888878
0.00525777
0.00608211
0.0277086
0.0168811
0.502686
0.502686
0.00310068
0.0137911
0.00865486
0.01452
0.0150598
0.0252007
0.365327
0.219736
0.0101679
0.00735403
0.00872485
0.0163605
0.0118199
0.0122381
0.365327
0.310833
0.00398824
0.0101972
0.0108849
0.00697463
0.00307673
0.0085481
0.365327
0.365327
0.0139832
0.0161437
0.0113052
0.039777
0.0220158
0.0120016
0.365327
0.365327
0.0775983
0.072807
0.0420133
0.0227795
0.0128695
0.00522666
0.262039
0.234441
0.03153
0.0284
0.0179918
0.137319
0.0974965
0.00146117
0.00879129
0.0550524
0.0633642
0.0220279
0.0317951
0.149284
0.118251
0.118342
0.264643
0.235509
0.0795999
0.119039
0.108596
0.396427
0.435386
0.46888
0.0553556
0.0234156
0.0414822
0.0647012
0.0778279
0.204581
0.148451
0.0113622
0.000632495
0.00821177
0.0124855
0.00275019
0.015287
0.260786
0.408855
0.147439
0.00878575
6.66671e-006
1.24893e-006
0.00321597
0.00756401
0.408855
0.343623
0.191679
0.0226105
0.00260223
0.0627889
0.0575895
0.0255043
0.285749
0.408855
0.208013
0.0730099
0.0159502
0.0664107
0.0646905
0.0363411
0.353701
0.424189
0.138661
0.00743727
0.00764756
0.00850203
0.021391
0.0459113
0.42411
0.424189
0.106412
0.00233008
0.0114518
0.0218783
0.04238
0.0676434
0.11923
0.267211
0.22463
0.0838166
0.0281961
0.0245796
0.0678788
0.0667616
0.168614
0.190085
0.136235
0.055419
0.0344012
0.0570049
0.0655445
0.0663915
0.308887
0.564461
0.301918
0.0223798
0.00258081
0.00987066
0.0213279
0.024253
0.24175
0.318939
0.312009
0.0619212
0.0209475
0.0790384
0.111243
0.0927382
0.160214
0.191002
0.113158
0.0361789
0.0324815
0.0826137
0.0575478
0.0240893
0.0557157
0.0469046
0.0902214
0.0485516
0.0157967
0.091241
0.185641
0.0404422
0.0642916
0.0301265
0.0454935
0.0128038
0.0437463
0.331669
0.165026
0.0740471
0.0204805
0.0155265
0.0113186
0.0064247
0.0708889
0.461604
0.446843
0.0335072
0.0254968
0.00698958
0.0177192
0.025852
0.0165424
0.0874049
0.126806
0.0312896
0.0344938
0.00463392
0.0371666
0.0672821
0.0707474
0.344506
0.461604
0.110442
0.0728509
0.0269327
0.0123518
0.0389494
0.036426
0.00909257
0.0128498
0.106473
0.0644855
0.0799352
0.0916492
0.396331
0.375332
0.00412975
0.0154607
0.024657
0.310929
0.115772
0.0140282
0.00772836
0.007786
0.00357813
0.0609603
0.396331
0.297505
0.392758
0.215179
0.210384
0.0910035
0.00209951
0.0261228
0.0942289
0.0295743
0.0377115
0.0575687
0.423521
0.432199
0.0454401
0.0335015
0.00752688
0.125443
0.0410386
0.00397791
0.17874
0.404321
0.185652
0.194811
0.197382
0.142273
0.207409
0.153759
0.219406
0.104916
0.0220722
0.0433001
0.0308412
0.183483
0.0919843
0.00359314
0.0507473
0.0590998
0.0723451
0.0963667
0.214241
0.317211
0.11615
0.101282
0.0600437
0.117046
0.0833157
0.158169
0.29927
0.304159
0.287359
0.475094
0.067674
0.0133084
0.0133846
0.0559207
0.152873
0.24189
0.0662925
0.0247171
0.0263077
0.0161191
0.0276287
0.0607526
0.283892
0.184128
0.0920153
0.08313
0.0483421
0.0262722
0.0205593
0.0592399
0.227738
0.339046
0.361745
0.416452
0.0949956
0.0193411
0.119705
0.147921
0.0988568
0.175498
0.190253
0.159139
0.158032
0.11434
0.162203
0.132938
0.108482
0.212196
0.104057
0.0600647
0.061555
0.039647
0.044546
0.10272
0.197692
0.293978
0.106558
0.0959967
0.119675
0.132909
0.0637785
0.0431757
0.082855
0.0353231
0.0697853
0.262979
0.280023
0.153447
0.0611411
0.111381
0.0757493
0.168521
0.109664
0.247566
0.222583
0.108278
0.117982
0.132778
0.180091
0.138115
0.134954
0.243487
0.21506
0.162956
0.0533506
0.0258843
0.0317626
0.320812
0.255499
0.216532
0.11851
0.0552829
0.0435426
0.0914115
0.274741
0.236702
0.118884
0.0845261
0.0530773
0.0716742
0.173751
0.0885242
0.185747
0.202325
0.0554145
0.0362813
0.00974364
0.0323193
0.192178
0.274885
0.161743
0.336431
0.164206
0.148647
0.024568
0.0288027
0.0650949
0.0668066
0.353868
0.284529
0.113256
0.137701
0.02825
0.0351168
0.181756
0.220027
0.264053
0.0537199
0.00459154
0.0114834
0.0315883
0.0378218
0.147083
0.281973
0.0895126
0.115953
0.00340286
0.0396208
0.118326
0.13182
0.235689
0.462093
0.375334
0.0725587
0.0178795
0.126416
0.119979
0.06657
0.124756
0.259132
0.114301
0.0992325
0.0142393
0.193442
0.212114
0.162756
0.143648
0.194516
0.191797