0.0814242
0.0454692
0.0853926
0.0860947
0.053358
0.00796009
0.0103771
0.0426086
0.165889
0.0545682
0.0965424
0.0723844
0.0472054
0.0265601
0.221271
0.293847
0.0559069
0.0274165
0.101959
0.395932
0.302729
0.00756527
0.00429657
0.0398558
0.102144
0.0448575
0.135847
0.371067
0.3115
0.0381121
0.32419
0.313667
0.0373348
0.00932675
0.0309757
0.125133
0.117357
0.0247589
0.217166
0.17324
0.00428284
0.00316971
0.0390429
0.30026
0.33334
0.024732
0.0756437
0.0485735
0.0432388
0.0157409
0.0497013
0.072774
0.0748659
0.0740651
0.459667
0.318472
0.0160096
0.00273937
0.0561963
0.130497
0.188436
0.231855
0.3761
0.213295
0.00188206
0.00273837
0.00957774
0.223344
0.259101
0.00755721
0.00674317
0.00215934
0.000470516
0.00163865
0.00104269
0.374956
0.438631
0.0039067
0.000200675
0
0.00473947
0.000404413
0.0224441
0.192934
0.241266
0.132287
0.103706
0.0260793
0.0128535
0.00240814
0.0145757
0.426483
0.441603
0.0523333
0.0326856
0.0103662
0.00879436
0.062438
0.0321746
0.222228
0.24517
0.0136717
0.000808006
0.0108098
0.257486
0.237785
0.0650362
0.0951485
0.0523381
0.00952047
0.000538671
0.0449203
0.0162803
0.0908885
0.0982559
0.456178
0.365644
0.0290328
0.00489293
0.010557
0.337716
0.295699
0.17777
0.280518
0.119834
0.0529848
0.0256094
0.0692
0.402241
0.102883
0.0239315
0.0294451
0.0139273
0.000355555
0.00157473
0.0529591
0.493633
0.058769
0.0185409
0.00882171
0.00412235
0.0029823
0.0103797
0.110071
0.476891
0.110735
0.042783
0.0329446
0.0167273
0.0170684
0.0246951
0.0822722
0.493633
0.0610395
0.0232373
0.00206936
0.00165415
0.00424459
0.0106227
0.12647
0.494951
0.0589805
0.00842899
0.00382335
0.000160791
0.00486345
0.0100584
0.105442
0.494951
0.126009
0.0183582
0.00325367
0.0126296
0.0146191
0.0381948
0.138738
0.440645
0.0384207
0.0285395
0.00942912
0.00953622
0.000789701
0.00559152
0.101501
0.410565
0.138746
0.0521639
0.0369001
0.0409729
0.010428
0.00751126
0.0913042
0.493528
0.121206
0.0241948
0.00939885
0.0655354
0.0567324
0.12828
0.293758
0.35343
0.192042
0.161983
0.192733
0.123387
0.0579614
0.0913592
0.185509
0.260474
0.144654
0.0457374
0.0997723
0.1411
0.0370379
0.0209462
0.139935
0.0973935
0.0313132
0.0416719
0.229445
0.257341
0.0400644
0.0244959
0.0907969
0.00770488
0.00648316
0.0172478
0.276661
0.23375
0.00303883
0.00311785
0.00509059
0.01833
0.0184867
0.0247511
0.330141
0.300925
0.00599908
0.0459182
0.0553645
0.00435826
0.0134263
0.00979872
0.285127
0.337032
0.0011116
0.00083562
0.000949466
0.0104604
0.0110066
0.00772311
0.458979
0.458979
0.000251099
0.00492906
0.0114873
0.0505309
0.0305613
0.0240854
0.103055
0.0955945
0.0407196
0.214564
0.179487
0.0421904
0.00725026
0.0140494
0.0254917
0.0416926
0.199793
0.470616
0.221187
0.0390074
0.019334
0.0116682
0.261206
0.358101
0.0197766
0.113223
0.0725775
0.040279
0.00709001
0.00472616
0.053337
0.0889208
0.114053
0.496276
0.209269
0.0205121
0
0.012852
0.0692939
0.0802381
0.180448
0.274029
0.0956758
0.0495672
0.00783417
0.0164585
0.222091
0.290102
0.130001
0.217529
0.0798169
0.0251413
0.00133693
0.00146022
0.00260895
0.00396136
0.119979
0.481447
0.199105
0.0431059
0.00522278
0.00261913
0.0400167
0.0547135
0.172513
0.481447
0.249827
0.0249418
0.0233193
0.0309891
0.311167
0.2666
0.065224
0.0834542
0.0173403
0.0475446
0.047367
0.0779073
0.272579
0.195255
0.0597141
0.0664824
0.0146095
0.0180431
0.00778286
0.000787994
0.107446
0.12004
0.210893
0.451959
0.156222
0.00438017
0.00869422
0.0195492
0.116839
0.149094
0.216645
0.491889
0.118058
0.134598
0.0643769
0.0861075
0.0888188
0.0914027
0.0401936
0.0642702
0.0411077
0.205804
0.0974239
0.124676
0.0353441
0.0148245
0.0103866
0.0188762
0.0590335
0.0254935
0.0363792
0.04009
0.0384335
0.0982993
0.156157
0.732755
0.244457
0.127149
0.0994461
0.163628
0.0777052
0.0412897
0.0701463
0.214749
0.233445
0.321991
0.145967
0.208869
0.106795
0.0736837
0.00369171
0.0131809
0.0574383
0.281095
0.157117
0.12517
0.243089
0.187869
0.0280967
0.0174271
0.113802
0.269116
0.229532
0.256113
0.179686
0.0777664
0.0446021
0.059607
0.119092
0.181413
0.121462
0.109113
0.349983
0.188468
0.0461551
0.0601017
0.120352
0.0684683
0.0585091
0.0297303
0.237418
0.212586
0.0306834
0.00551727
0.0475921
0.00625116
0.00592794
0.0268446
0.334343
0.35721
0.0245101
0.000918259
0
0.0354877
0.00685608
0.0498777
0.353945
0.240701
0.0134623
0.0125456
0.0317064
0.016106
0.0082562
0.0571749
0.45742
0.409979
0.00870202
0.000229565
0.000373537
0.00515957
0.00729303
0.00159929
0.203243
0.246656
0.000761461
0.000449262
0.0027607
0.00106187
0
8.99221e-005
0.355604
0.438696
4.96112e-005
0
0.000117986
0.00609665
0.0042909
0.00195721
0.25961
0.287191
0.00716839
0.00029758
0.00567059
0
0
0.00448139
0.438696
0.438696
0.0227391
0
0
0.00763302
0.000882738
0.00110065
0.346823
0.450884
0.00463047
0.0190563
0.0107727
0.0190468
0.00939673
0.00822204
0.103755
0.118648
0.0323867
0.176777
0.0900182
0.00444014
0.00184849
0.00775285
0.449678
0.548608
0.0128588
0.00133455
0.00175534
0.0240422
0.0142444
0.0153512
0.138534
0.168116
0.00493605
0.00531452
0.0135978
0.0286485
0.00901177
0.00643684
0.00217058
0.00617634
0.06114
0.426686
0.168632
0.0223926
0.000975753
0.00354458
0.00520794
0.00541149
0.137918
0.707866
0.317033
0.0285091
0.0218148
0.0105825
0.00577172
0.0137831
0.00720912
0.0288457
0.035083
0.0267827
0.014993
0.0104209
0.00801735
0.0178196
0.030426
0.266832
0.129503
0.0030503
0
0.000553157
0.00612964
0.00799059
0.106929
0.44448
0.181333
0.00793904
0.00152207
0
0.00610226
0.0141991
0.154696
0.494728
0.234793
0.0112621
0.00134552
0.00152595
0.00238917
0.00694605
0.0437473
0.238681
0.113741
0.0194138
0.00106868
0.000111126
0.000417915
0.00446587
0.0929948
0.494728
0.243362
0.00988733
0.00392604
0.000149465
0.000639657
0.00684307
0.0724178
0.431492
0.178804
0.0303776
0.0097499
0.0138101
0.00688904
0.00931255
0.0618364
0.39392
0.21068
0.0106597
0.000345085
0.000125957
0
0.000951848
0.0715722
0.431492
0.192735
0.0169345
0.000270583
3.14893e-005
0
0.00167508
0.0759151
0.431492
0.328969
0.0660578
0.0186941
0.0152622
0.0116448
0.00586814
0.0227937
0.165401
0.214397
0.158125
0.0137921
0.010407
0.0334203
0.0166287
0.00992137
0.0227747
0.20691
0.0653363
0.00020492
0
0
0.000901498
0.0368591
0.455873
0.455873
0.252025
0.00364286
0.00359805
0.00171839
0.00173111
0.0318472
0.334956
0.455873
0.259598
0.0223569
0.0568555
0.106668
0.0823329
0.00386356
0.00639164
0.129913
0.187211
0.0686104
0.102355
0.158942
0.14078
0.00218164
0.018686
0.0664254
0.469763
0.0211047
0.0333592
0.0101282
0.0112564
0.0274798
0.210615
0.415645
0.393034
0.0874893
0.066432
0.0271044
0.0209268
0.00680119
0.0941876
0.341374
0.006308
0.00398646
0.00526579
0.187002
0.256338
0.00696741
0.000969946
0.00129457
0.000120541
5.16604e-005
0.0158199
0.352067
0.438696
0.0194804
0
0
0.0124864
0.0132408
0.00737505
0.266948
0.240566
0.00229076
0.00373275
0.0031244
0.00129309
0.00187215
0.0202244
0.451268
0.451268
0.0169131
0
0
0.00237391
0.0033178
0.0139797
0.358006
0.43605
0.0136555
0.000693862
0.000678615
0.0148592
0.0119774
0.00947846
0.114358
0.142542
0.00592739
0.00279971
0.00944912
0.0031488
0.00904091
0.0140412
0.402923
0.601796
0.0236927
0.0010967
0.000399367
0.0143138
0.0279967
0.012256
0.144785
0.200833
0.0108129
0.0102354
0.00468353
0.124616
0.11972
0.0415894
0.0691689
0.123054
0.050575
0.0218406
0.131776
0.15172
0.123195
0.0354154
0.0409097
0.220043
0.0773205
0.137593
0.231358
0.14804
0.154305
0.0973423
0.124253
0.173337
0.0691177
0.064077
0.138869
0.230515
0.12046
0.143039
0.0499261
0.287431
0.102806
0.100564
0.244656
0.0384965
0.00890619
0.00276333
0.00375577
0.0467382
0.0622328
0.147673
0.103562
0.0528617
0.0102956
0.00176091
0.00373497
0.0382797
0.162893
0.750173
0.344169
0.0627583
0.0148663
0.0224161
0.00350307
0.0507527
0.0540171
0.0662453
0.0447557
0.231983
0.168752
0.0340027
0.0108608
0.0384541
0.0677984
0.071406
0.0542704
0.0103014
0.00294357
0.00121274
0.00148603
0.00312513
0.0550161
0.359551
0.134307
0.0248892
0.0108041
0.00174287
0.00133533
0.000119002
0.120818
0.554124
0.294913
0.113673
0.146044
0.0189255
0.00429403
0.00330544
0.0102025
0.0467174
0.0363871
0.266856
0.451173
0.0331111
0.00318376
0.000178503
0.0631996
0.240538
0.0976878
0.0265264
0.0172856
0.00234316
0.0111954
0.00449258
0.106934
0.455099
0.235496
0.0590374
0.0100193
0.00151155
0.0201541
0.0135905
0.10296
0.468526
0.263787
0.175782
0.30798
0.032767
0.0434269
0.00959267
0.100626
0.177105
0.0831245
0.183709
0.310204
0.0147784
0.0766408
0.0311254
0.0930485
0.195846
0.115765
0.100435
0.00190983
0.00814124
0.0167821
0.00714251
0.0681055
0.40027
0.240438
0.175095
0.0123312
0.0362495
0.0274069
0.00372275
0.031855
0.150143
0.297654
0.217209
0.381537
0.0441959
0.0656025
0.0209546
0.0576857
0.256806
0.140686
0.316428
0.257316
0.177232
0.0887973
0.0183113
0.0376324
0.131527
0.235252
0.00721643
0.0168425
0.00731171
0.222084
0.173686
0.000464674
0.0042613
0.00442707
0.000834782
0.00287403
0.00773854
0.407519
0.427896
0.00761935
0
0
0.017119
0.0279648
0.00846757
0.242505
0.211457
0.000362368
0.00139135
0.00244079
0.00149208
0.00315544
0.00250315
0.45865
0.45865
0.00598724
0
0
0.00187998
0.00391466
0.00738735
0.326814
0.459199
0.00960526
0.000847162
0
0.00772764
0.0180696
0.0221689
0.122268
0.158489
0.00648213
0.00761696
0.000363547
0.00447473
0.00187628
0.00400637
0.429831
0.568593
0.013367
0.00424646
0.00143928
0.0618014
0.0734533
0.0234105
0.149518
0.21011
0.017808
0.00896424
0.0105723
0.0158483
0.0232608
0.026235
0.0156041
0.00824423
0.00478932
0.00565683
0.00821081
0.0707669
0.0491495
0.0339709
0.00815388
0.0157268
0.00390078
0.00552204
0.0303917
0.187271
0.296227
0.0620234
0.00652259
0.00369928
0.0121202
0.00310881
0.0154011
0.479592
0.737584
0.113947
0.00414172
0.00235563
0.00208678
0.00321211
0.0406129
0.0788213
0.0826888
0.0145895
0.00109106
0.00789344
0.00417743
0.00549535
0.0139815
0.20538
0.276987
0.0316767
0.00132995
0.00383056
0.00420779
0.00336765
0.0154569
0.292261
0.490056
0.0457109
0.000448014
0.00166064
5.32443e-005
0.00165355
0.0254827
0.462223
0.517995
0.0593671
7.62454e-005
0.000686209
0
0.000397472
0.0360789
0.173641
0.259158
0.0283452
0.00111528
0.000313352
0.000867347
0.000955746
0.012586
0.264437
0.445887
0.0279207
0.000702936
1.59814e-005
0.00149954
0.00661897
0.0163979
0.299045
0.445887
0.0293849
0
7.33193e-006
0.000212626
0
0.01398
0.314782
0.445887
0.0231906
6.11082e-006
0.000573195
0.002238
0.00138749
0.00645642
0.256692
0.447498
0.0340645
0.0127342
0.00202206
0.00924493
0.0107656
0.0269465
0.286078
0.467915
0.0189638
0.0223185
0.00694732
0.0101724
0.00947333
0.0395414
0.232816
0.444299
0.0217645
0.000471545
0.00143483
0.00228122
0.00197698
0.00993565
0.188147
0.305856
0.0132631
0.0020678
0.00192232
0.00729268
0.0154034
0.0172687
0.398176
0.679623
0.0339461
0.0297232
0.0106571
0.0111843
0.0392177
0.0472769
0.290546
0.321202
0.125538
0.0451674
0.0260372
0.0121128
0.0342438
0.0805649
0.171712
0.199568
0.0191573
0.00865333
0.0128994
0.0159151
0.0330773
0.0248712
0.0837658
0.0680349
0.048349
0.0286971
0.035464
0.0141247
0.0190561
0.0281767
0.0162189
0.0164833
0.00416
0.180106
0.199659
0.00248015
0.00107369
0.00229278
0.00367123
0.00193674
0.00282199
0.416445
0.456677
0.0156971
0.000213707
0.00296549
0.00925989
0.00514638
0.00280259
0.196066
0.262031
0.00692085
0.00582527
0.0128254
0.0260589
0.0100273
0.00344916
0.397953
0.478227
0.0420761
0.00245893
0.0227546
0.04331
0.0460155
0.00583673
0.291646
0.346704
0.0495051
0.00901124
0.014867
0.214234
0.302593
0.0316744
0.0857009
0.119047
0.0352163
0.0146393
0.0270101
0.16207
0.126857
0.0250276
0.173445
0.237331
0.085626
0.0110386
0.082646
0.422247
0.45952
0.15675
0.0720348
0.0550236
0.0425331
0.0130885
0.0757679
0.183393
0.321281
0.0463146
0.000299858
0.000670582
0.00255376
0.00189358
0.015531
0.268131
0.482607
0.0557546
0.000230919
9.78192e-006
0.000283676
0.000189323
0.0196401
0.214009
0.386792
0.140407
0.0791687
0.0187338
0.000146231
0.00132336
0.020381
0.188115
0.482607
0.097247
0.0658704
0.0173086
0.00328364
0.000999372
0.0144995
0.254829
0.479127
0.0253768
0.000139419
0
0
0.000131522
0.0167099
0.313257
0.479127
0.0402234
0.0008396
0
0.000684509
0.000738964
0.0172385
0.166037
0.461064
0.027283
0.0136319
0.00525725
0.00346339
0.00149601
0.00485532
0.150677
0.249324
0.0344704
0.0173624
0.00649331
0.0064311
0.00475612
0.00467602
0.36452
0.68046
0.0398175
0.00265361
0.000738975
0.00563646
0.00336063
0.0155606
0.25727
0.482811
0.0238643
0.00728722
0.00514214
0.0140735
0.0069452
0.00946839
0.106114
0.1207
0.0380335
0.02022
0.0102949
0.0119257
0.013591
0.0157252
0.0375021
0.0322795
0.0354319
0.0299045
0.0298379
0.0145026
0.0225146
0.0219931
0.386158
0.664305
0.0466051
0.0314489
0.0332705
0.0343177
0.0213576
0.0341523
0.200804
0.201929
0.0485729
0.0346612
0.0328311
0.0635838
0.0900392
0.059593
0.0709892
0.0703514
0.065465
0.12346
0.0924382
0.0488388
0.0764721
0.0671163
0.0697944
0.0713812
0.0800099
0.103594
0.0832934
0.0903793
0.0636783
0.121913
0.104656
0.12017
0.108128
0.0448948
0.0410647
0.0659768
0.077168
0.0365511
0.146202
0.2438
0.160799
0.0984426
0.11371
0.0561117
0.0226112
0.045262
0.103879
0.120815
0.156747
0.120557
0.10931
0.0959415
0.0426175
0.0934832
0.421632
0.359701
0.310013
0.188861
0.185093
0.130525
0.0312926
0.0944617
0.0778537
0.0123045
0.00178413
0.143975
0.239327
0.0291215
0.01308
0.0577532
0.116136
0.103693
0.0153014
0.26983
0.454417
0.102231
0.0415685
0.0558396
0.289673
0.0280772
0.00304216
0.0477616
0.0887827
0.042267
0.0314036
0.372382
0.198639
0.169914
0.0755977
0.225452
0.242393
0.158038
0.136329
0.27005
0.150513
0.186412
0.0615178
0.0910067
0.0937055
0.037921
0.0231216
0.0583239
0.188569
0.305213
0.275781
0.120796
0.0247494
0.00648537
0.0132096
0.0459783
0.117753
0.244092
0.165748
0.181872
0.0829317
0.0496455
0.0457971
0.069439
0.0910553
0.3757
0.519212
0.268858
0.0158461
0.00714375
0.00840682
0.0297628
0.105273
0.375465
0.301773
0.1891
0.0471608
0
0.00201886
0.0118541
0.0942299
0.386075
0.15527
0.147178
0.0408232
0.00738569
0.00456445
0.01536
0.0581287
0.382304
0.478056
0.158697
0.0187136
0.00786937
0.00863057
0.0168866
0.105971
0.154818
0.0981364
0.0510221
0.0198405
0.031436
0.0262776
0.0443736
0.262595
0.577655
0.138541
0.10878
0.0490183
0.0328697
0.0197556
0.067441
0.19313
0.117984
0.0698584
0.0804492
0.0547636
0.0600641
0.0527284
0.122021
0.265402
0.115681
0.0794266
0.0655733
0.033676
0.0819408
0.0806981
0.19062
0.2489
0.116004
0.0827693
0.0390603
0.025384
0.0574402
0.109875
0.247832
0.155342
0.0499011
0.0696732
0.0623745
0.0418476
0.0386515
0.0752997
0.16635
0.161294
0.0928811
0.0714746
0.0751902
0.0759329
0.0204997
0.149039
0.208979
0.279902
0.13498
0.112944
0.0280526
0.0340003
0.0274614
0.10814
0.290737
0.325084
0.104386
0.104963
0.0921141
0.0243371
0.0433918
0.18143
0.465407
0.127857
0.0467588
0.0358372
0.0833115
0.0562826
0.026539
0.164871
0.193302
0.178289
0.0605346
0.0698385
0.089295
0.052578
0.046363
0.10377
0.24904
0.258298
0.0462489
0.0542453
0.0808875
0.0642901
0.0321056
0.155022
0.388581
0.360586
0.124379
0.107314
0.0956234
0.105888
0.0534933
0.196738
0.290385
0.0545934
0.0269669
0.0289346
0.0349651
0.0396315
0.0231212
0.0522646
0.0938061
0.151639
0.0932266
0.189743
0.336845
0.143473
0.0937035
0.0840318
0.0653054
0.0873088
0.0579562
0.0209013
0.0420137
0.0329766
0.027043
0.115152
0.102072
0.202019
0.0622815
0.0882753
0.608266
0.233141
0.146126
0.219245
0.265315