0.120461
0.0827348
0.0983282
0.13854
0.0842574
0.0381378
0.0680208
0.0907193
0.148975
0.0714035
0.149448
0.178728
0.100285
0.0900383
0.0697233
0.125341
0.156558
0.123577
0.159546
0.157825
0.152916
0.0942742
0.0573071
0.0615286
0.296322
0.154335
0.159785
0.216424
0.191444
0.240525
0.098128
0.160462
0.0313625
0.0126322
0.0331973
0.0640886
0.0600118
0.0394908
0.0276069
0.0307752
0.0537963
0.022279
0.0539514
0.0584417
0.0634443
0.0406889
0.0474189
0.0431493
0.256687
0.103185
0.0500376
0.0668328
0.0592021
0.0944088
0.0543319
0.150829
0.597983
0.0905868
0.0318169
0.0356224
0.0476072
0.0927391
0.235347
0.504138
0.0425414
0.0227418
0.055209
0.0443373
0.0556389
0.0649017
0.0782002
0.053178
0.0623287
0.0730889
0.0400995
0.0438577
0.0647728
0.0906347
0.0815321
0.0546059
0.330405
0.0211282
0.0200066
0.024183
0.0312441
0.179603
0.407121
0.445293
0.0973222
0.0577377
0.0280068
0.0227547
0.0334179
0.176603
0.359051
0.254729
0.212918
0.206875
0.0581747
0.0256973
0.0346089
0.0587713
0.0446841
0.0646071
0.214304
0.204523
0.129522
0.0658974
0.0315923
0.0887279
0.0877963
0.124183
0.215102
0.123154
0.0326814
0.0135847
0.0224276
0.0912979
0.237515
0.273905
0.300803
0.107224
0.0606928
0.040318
0.0177375
0.0915711
0.204587
0.319765
0.12567
0.117339
0.186922
0.0883045
0.0349198
0.0851738
0.0968373
0.143306
0.135345
0.156603
0.172246
0.0797663
0.0512519
0.129093
0.212576
0.220556
0.134761
0.0931105
0.141661
0.104025
0.0505361
0.118468
0.149892
0.20838
0.0694053
0.130834
0.128631
0.146044
0.226411
0.277257
0.114154
0.157871
0.0329726
0.101175
0.201867
0.127592
0.075538
0.0678434
0.107853
0.0802319
0.0558766
0.154422
0.185338
0.251757
0.227297
0.11366
0.0928211
0.0600766
0.0239163
0.0844269
0.104805
0.13971
0.236219
0.207623
0.0398179
0.0227171
0.0482081
0.14639
0.14209
0.268984
0.35784
0.151488
0.0726102
0.0256303
0.00457816
0.00988438
0.00398768
0.118683
0.174133
0.0212339
0.0106664
0.00553085
2.99908e-005
0.000869734
0.000254089
0.384144
0.384248
0.00670337
0.00128326
0
0.00502927
0.0206491
0.0129318
0.116566
0.227567
0.0123971
0.00422201
0.00223767
0.000119963
0.00839216
0.0206281
0.459208
0.560282
0.0056636
0
0
0.0661526
0.0523193
0.0695283
0.0871153
0.0975651
0.0691869
0.0350486
0.0295349
0.150569
0.107218
0.143385
0.214995
0.158106
0.0945914
0.0561139
0.0530363
0.0682243
0.051408
0.0958582
0.110317
0.108322
0.0727485
0.0451174
0.0695992
0.0670629
0.0615909
0.141259
0.482682
0.480698
0.153813
0.126102
0.0345721
0.153144
0.110249
0.0749272
0.0958121
0.0468657
0.0173435
0.01238
0.0548496
0.326242
0.117501
0.0431146
0.0595466
0.0171608
0.0635327
0.184478
0.28004
0.0751569
0.0789981
0.0906464
0.352405
0.232035
0.0220295
0.0340573
0.00775243
0.355125
0.252797
0.154795
0.318374
0.106839
0.0466364
0.192668
0.209233
0.107247
0.0124952
0.000870936
0.00585749
0.0134476
0.121675
0.234271
0.168627
0.0387923
0.00275282
0.00103583
0.000528885
0.00957608
0.0903155
0.226125
0.164051
0.287747
0.134544
0.05765
0.0447906
0.0108233
0.0854977
0.325964
0.280362
0.174343
0.0262977
0.00461717
0.0177694
0.0261114
0.18109
0.488905
0.346358
0.0441776
0.003507
0.00140293
0.000515007
0.00161973
0.030463
0.192249
0.163273
0.0464244
0.00439605
0.00178279
0.0103016
0.00976873
0.0391844
0.122097
0.091494
0.0828076
0.00628029
0
0.0176385
0.0277671
0.309458
0.518861
0.254023
0.0342116
0.00279088
0
0.0123737
0.0411221
0.288475
0.484234
0.191937
0.0476587
0.0155281
0.0116353
0.045411
0.048004
0.0914203
0.146506
0.0995021
0.0230391
0.0338391
0.0288226
0.0631273
0.162564
0.186188
0.0714674
0.0436405
0.0626582
0.0148223
0.0108684
0.0464456
0.111717
0.343908
0.487699
0.307886
0.0738308
0.075884
0.0585919
0.0425
0.112554
0.270543
0.206386
0.161257
0.00777262
0.0518832
0.0439894
0.0641358
0.218569
0.235803
0.0536389
0.0110849
0.0421231
0.131834
0.116148
0.176402
0.200558
0.144306
0.094539
0.0273706
0.0562011
0.0822236
0.0812052
0.0264945
0.134076
0.26526
0.1748
0.0805129
0.246687
0.312164
0.250136
0.112548
0.100563
0.129468
0.155662
0.0897995
0.00423947
0.0136512
0.0158025
0.13155
0.0900297
0.00519695
0.00410337
0.00159991
0.000349336
0.00508872
0.0278421
0.542549
0.248735
0.00125397
0
0
0.0316262
0.0350656
0.0351153
0.178983
0.063458
0.00263801
0.00558437
0.00583058
0.00549913
0.00836544
0.026519
0.644274
0.313334
0.000162935
0.000646946
0.000321596
0.0322971
0.0388133
0.0633406
0.0339185
0.033955
0.0378255
0.0466712
0.041843
0.0173885
0.0239142
0.0389985
0.255064
0.452623
0.109489
0.0759472
0.0228176
0.0549704
0.0727213
0.0783528
0.0205398
0.0290537
0.044694
0.060185
0.056906
0.0621352
0.0990001
0.071385
0.276436
0.611378
0.0766095
0.0727621
0.0527722
0.00471497
0.00903683
0.0144674
0.176453
0.20371
0.0116457
0.0120411
0.000482892
0.0887147
0.10593
0.110077
0.295955
0.148894
0.0038247
0.0319086
0.0330798
0.00337066
0.0062155
0.0059818
0.212298
0.350055
0.00773125
0.00516568
0.00261599
0.0057446
0.023462
0.0542874
0.588802
0.453957
0
0
0.00226132
0.140542
0.120799
0.111007
0.14759
0.0288071
0.0179975
0.158785
0.126782
0.0874472
0.034657
0.0216897
0.0236341
0.0115713
0.132489
0.492717
0.259954
0.0185897
0.0432259
0.0833541
0.416923
0.22148
0.0108669
0.0612563
0.0427766
0.0420951
0.033402
0.0289258
0.0624152
0.0402906
0.0530399
0.417986
0.251557
0.037894
0.00588523
0
0.00478904
0.0131672
0.144836
0.294269
0.164455
0.022868
0.00621665
0.000546998
0.0148416
0.0603063
0.170587
0.241983
0.0810215
0.0370497
0.0121461
0.000932671
0.000442261
0.00793927
0.113734
0.418921
0.225391
0.0325335
0.0152704
0.00198338
0.0194739
0.0608514
0.184677
0.57181
0.317
0.0120492
0.0219223
0.00358456
0.0191624
0.0576952
0.133286
0.151253
0.0731526
0.0278814
0.0312976
0.00680715
0.00360005
0.0196334
0.120579
0.115617
0.104924
0.0310369
0.0797791
0.00995772
0.0242853
0.0567049
0.14736
0.487478
0.432373
0.033618
0.082761
0.00813274
0.00291166
0.0728943
0.364241
0.364375
0.318115
0.0336792
0.023786
0.0120832
0.000421495
0.046792
0.154185
0.0982533
0.0842429
0.0540713
0.0647935
0.0646427
0.0235378
0.0629955
0.06381
0.0512216
0.0350247
0.0873666
0.0266104
0.00142981
0
0.108172
0.468104
0.334607
0.431154
0.252152
0.0527171
0.0559917
0.0306169
0.0730034
0.113203
0.19485
0.383426
0.0188282
0.023917
0.0243277
0.131652
0.0666387
0.00716213
0.00920417
0.00490413
0.00359787
0.00769342
0.00902343
0.510913
0.316201
0.00117795
0.00162031
0.000462358
0.0569299
0.0227734
0.0387169
0.169914
0.0754452
0.0144993
0.0416086
0.0371824
0.00715658
0.012016
0.0397779
0.664346
0.252454
0.00310892
0.00471067
0.000514764
0.0626773
0.0876659
0.0654623
0.0124838
0.0173244
0.0227779
0.0220893
0.0515627
0.0692611
0.111266
0.102674
0.297506
0.415245
0.0430723
0.0262447
0.0407401
0.0696375
0.0768536
0.0802621
0.0164604
0.0100937
0.0666094
0.0951097
0.0861397
0.0610366
0.103235
0.13793
0.560712
0.325776
0.0485863
0.0531099
0.0696063
0.00403266
0.00468464
0.00727942
0.151066
0.235406
0.00407607
0.00201824
0.00256294
0
0.000393079
0.00196963
0.354271
0.413598
0
0
0
0.00281449
0.0067202
0.0125631
0.251148
0.221934
0.0021573
0.00126835
0.00296184
0
0
0
0.456412
0.501881
0
0
0
0.00301404
0.00545932
0.0098195
0.407954
0.423555
0.00722241
0.00878961
0.0089951
0.0433752
0.0283023
0.0112044
0.0614116
0.0881213
0.0169562
0.091654
0.0693416
0.00386953
0.00824682
0.00785161
0.492623
0.529265
0.00300501
0.00494694
0.00341387
0.0296145
0.0284281
0.0251466
0.100793
0.103897
0.00936646
0.00903124
0.0110142
0.0495809
0.031073
0.00652808
0.0027483
0.00603279
0.0606629
0.266249
0.120347
0.0677461
0.0230292
0.00250106
0.004941
0.0207956
0.0933836
0.674311
0.496533
0.0606042
0.0319114
0.0162107
0.0229144
0.0186643
0.0161468
0.0172523
0.0237728
0.215552
0.0834281
0.00375631
0.0014091
0.0166841
0.0240476
0.156335
0.10365
0.0212798
0.0186224
0.00208242
0.00219897
0.00774271
0.0666673
0.37809
0.235121
0.0121953
0.017261
0.00172757
0.000279813
0.0288954
0.194903
0.479905
0.230128
0.0962917
0.134317
0.0199958
0
0.00164588
0.0258266
0.192811
0.0455509
0.25497
0.303003
0.0381129
0
0.00574291
0.107232
0.40791
0.117474
0.0418205
0.00293648
0.00122889
0.00507536
0.0450328
0.168158
0.331176
0.308698
0.110879
0.00945109
0.0134865
0.0294831
0.0564488
0.0817116
0.198393
0.268863
0.29864
0.240166
0.046042
0.0109499
0.11946
0.192689
0.324525
0.182807
0.110878
0.0866056
0.0842818
0.0765845
0.28923
0.143278
0.188629
0.216529
0.0909995
0.0362132
0.0538199
0.144488
0.0442726
0.0335486
0.118851
0.11075
0.0461963
0.0381227
0.0787628
0.63602
0.209559
0.0326409
0.0147876
0.0308828
0.0736395
0.0449995
0.0868697
0.144194
0.140361
0.0592651
0.13884
0.19493
0.0604519
0.0345248
0.0684644
0.351073
0.335614
0.133963
0.0817028
0.126817
0.0563314
0.0394559
0.0288473
0.00822979
0.0163671
0.0576294
0.111558
0.140781
0.054796
0.0319436
0.0791232
0.429023
0.292827
0.0385736
0.0720136
0.101955
0.0884831
0.0540394
0.0239361
0.0127977
0.0615954
0.0728872
0.0931067
0.174636
0.0698337
0.0569703
0.162641
0.518798
0.296458
0.0786912
0.0569542
0.104986
0.00143575
0.00256601
0.00905089
0.195894
0.178003
0.00130705
0.00237477
0.00311913
0
0
0
0.395525
0.40325
0.000372169
0.000642838
0
0.000881521
0.00685352
0.0205577
0.257803
0.175404
0.00667253
0.00175202
0.00179784
0.00356087
0.0113669
0.00344894
0.480779
0.475683
0.0407093
0.00926883
0.0089266
0.00998674
0.00328595
0.00725758
0.321413
0.292303
0.00321473
0.00586999
0.00312556
0.0647561
0.0334535
0.0242602
0.06161
0.0547525
0.00968749
0.0068677
0.0136014
0.101995
0.123842
0.0288394
0.315754
0.35801
0.0464468
0.0213816
0.026365
0.608663
0.308725
0.050219
0.0308265
0.0530201
0.0144032
0.0162794
0.0536459
0.0811027
0.0924699
0.0335205
0.00784114
0.00817205
0.00492256
0.00336466
0.0109394
0.355652
0.198152
0.0288556
0.000775687
0.00241701
0.00413048
0.0146649
0.0128829
0.438497
0.317026
0.0787074
0.00170052
0.00670301
0.0184616
0.00965677
0.0399592
0.472587
0.471025
0.0975605
0.0229584
0.00783691
0.0313476
0.00730402
0.0427312
0.304648
0.277543
0.036323
0
0.000554557
0.00705748
0.0190632
0.0103549
0.310624
0.472596
0.0677228
0.00191768
0.00305098
0.033031
0.0504797
0.0313141
0.364222
0.29889
0.0358681
0.0235877
0.00980756
0.0312655
0.00618851
0.0421428
0.322046
0.317826
0.0539257
0.0117323
0.00743217
0.0435679
0.0195463
0.0800522
0.349916
0.350697
0.0529968
0.00711284
0.0483187
0.0636306
0.0722869
0.0681716
0.222113
0.217312
0.0702319
0.0297162
0.133766
0.0535905
0.0717739
0.122416
0.271446
0.379427
0.10518
0.0191683
0.00294132
0.0201388
0.0346858
0.0580711
0.344016
0.397178
0.0722787
0.0244741
0.00579322
0.00859385
0.0336321
0.0393654
0.108267
0.112016
0.0723943
0.0883005
0.0958537
0.0399379
0.0467111
0.100968
0.0263497
0.0324726
0.0778418
0.348081
0.223679
0.0793748
0.0493027
0.0722384
0.193333
0.164958
0.0341993
0.192138
0.111932
0.0139756
0.0107669
0.0447053
0.0310067
0.0363361
0.0731742
0.603963
0.429957
0.022132
0.00369824
0.0263008
0.0982292
0.0436698
0.0344241
0.009511
0.0438272
0.0948464
0.0836005
0.0830066
0.0834409
0.0996802
0.134452
0.408894
0.193795
0.0760211
0.0382481
0.0661144
0.0842757
0.0283863
0.0603542
0.0308109
0.036773
0.136468
0.164216
0.0836667
0.109236
0.0664837
0.0930967
0.398423
0.489177
0.114796
0.0788605
0.101764
0.00302857
0.0173769
0.0302558
0.292145
0.199408
0.0353577
0.0111098
0.00375434
0.0224794
0.0443263
0.00986875
0.340571
0.494471
0.206798
0.116621
0.109152
0.0244605
0.0132116
0.0151638
0.221289
0.244655
0.0559887
0.0730488
0.044174
0.0860977
0.0788442
0.020938
0.168797
0.184655
0.18547
0.296985
0.209435
0.12488
0.222785
0.0418099
0.0985172
0.203027
0.112716
0.0648673
0.133735
0.464324
0.416503
0.077143
0.0151748
0.0483354
0.0304435
0.0167063
0.0784975
0.199091
0.155175
0.0215944
0.0307459
0.03426
0.116088
0.123636
0.178379
0.281974
0.384578
0.107578
0.0141875
0.0290059
0.0566716
0.019994
0.065677
0.388724
0.258516
0.0579358
0.00774498
0.0260911
0.0460567
0.0226244
0.0589495
0.317591
0.361298
0.0663685
0.0426181
0.0106761
0.06274
0.0190436
0.0642599
0.170864
0.366039
0.124955
0.0118622
0.0221758
0.0256282
0.0111361
0.0184904
0.340704
0.394481
0.0678267
0.0181705
0.00695033
0.0261132
0.0187603
0.0298794
0.325448
0.376365
0.0478215
0.0638675
0.0111625
0.0325812
0.00508109
0.051508
0.51041
0.296597
0.0359638
0.0151908
0.00546831
0.0249497
0.00962772
0.0756747
0.309585
0.307325
0.0323522
0.0250593
0.00682848
0.0180808
0.0277276
0.0334216
0.26642
0.178202
0.0265483
0.0126832
0.00918401
0.0179626
0.0221859
0.0432496
0.512281
0.43107
0.151406
0.0217461
0.00380452
0.010592
0.0202996
0.0854179
0.275801
0.331058
0.136907
0.113397
0.0245077
0.00895806
0.0359434
0.0433986
0.254357
0.100221
0.0289195
0.0165642
0.0199284
0.0309086
0.0666053
0.112239
0.0501914
0.0402387
0.0445222
0.182295
0.0801017
0.0402629
0.0926279
0.0760926
0.0460735
0.0348172
0.0154571
0.182724
0.099246
0.00210078
0.00703897
0.0102711
0.00531843
0.004872
0.0142113
0.369392
0.437673
0.0054523
0.000420862
0.00499022
0.00154978
0.00474289
0.00930285
0.222206
0.151263
0.00687076
0.011096
0.00463394
0
0
0.00121691
0.4288
0.549743
0.00558893
0
0
0.0651198
0.0128398
0.0233281
0.0233923
0.0206457
0.102134
0.222403
0.114805
0.143435
0.0777804
0.0212935
0.182826
0.346157
0.152516
0.163439
0.156707
0.0682565
0.0205604
0.00469583
0.00436044
0.0163076
0.0761071
0.411736
0.241729
0.242858
0.213391
0.054518
0.0364588
0.064955
0.103008
0.224771
0.240145
0.0847909
0.0416721
0.00275358
0.172666
0.221428
0.0844838
0.1724
0.147432
0.237186
0.275735
0.0942675
0.248256
0.081096
0.0614934
0.246149
0.243121
0.129444
0.0921601
0.0239572
0.0257438
0.0401686
0.0496768
0.163656
0.220433
0.315597
0.297864
0.0857807
0.0523547
0.0179874
0.0219063
0.127031
0.302566
0.352189
0.254483
0.0770957
0.0749591
0.00407388
0.0425024
0.0627517
0.084419
0.474388
0.424811
0.0960547
0.00537512
0.00304093
0.0230573
0.00664077
0.0228212
0.257968
0.259155
0.0733349
0.0249878
0.00791501
0.0165614
0.00927442
0.0516972
0.279055
0.216157
0.0561593
0.0199864
0.00596019
0.0106409
0.00654234
0.00619613
0.243411
0.613376
0.249242
0.0210943
0.00531572
0.00358451
0.00124863
0.00350813
0.225536
0.385076
0.192386
0.0539608
0.0320034
0.011767
0.0241789
0.0166877
0.144774
0.197345
0.114715
0.0402575
0.0158482
0.0114775
0.0170121
0.0142956
0.0786816
0.121806
0.09724
0.0822912
0.0609736
0.0325184
0.0169613
0.0527995
0.321771
0.236857
0.0993962
0.0875456
0.0837775
0.0967257
0.131762
0.0554921
0.159013
0.11955
0.0963244
0.0657523
0.10265
0.190993
0.157587
0.101868
0.188514
0.158295
0.0521416
0.111849
0.0910743
0.12072
0.129321
0.129336
0.058555
0.0615781
0.040202
0.0534571
0.124388
0.315098
0.300403
0.0847747
0.0853879
0.0315579
0.0353529
0.0575649
0.0885409
0.140489
0.148854
0.11091
0.0211562
0.0271678
0.0634025
0.305622
0.24341
0.120052
0.104366
0.0571908
0.0151485
0.00974668
0.0153813
0.0885678
0.13369
0.20486
0.202168
0.0511308
0.017339
0.00131877
0.109151
0.406056
0.3593
0.176832
0.0604787
0.0255987
0.000473882
0.00275771
0.00896295
0.160575
0.138947
0.0125017
0.00296496
0.0013216
0
8.46437e-006
0.000851888
0.424102
0.370619
0.0042584
0
0
0.000366974
0.00013543
0.0207009
0.199078
0.176802
0.0154237
0.000539991
0.000366974
0
3.38575e-005
0.00389873
0.50231
0.496633
0.00271496
0
0