0.0269873
0.00731797
0.0574329
0.248599
0.166014
0.0698756
0.0391142
0.0561062
0.0336726
0.03759
0.134159
0.159438
0.380029
0.082705
0.00912314
0.013221
0
0.00106916
0.0221973
0.355783
0.42858
0.0351815
0.0115707
0
0.108045
0.202327
0.080297
0.185826
0.488878
0.0584076
0.0235474
0.0503578
0.0612779
0.0461509
0.0672462
0.097283
0.205652
0.050458
0.0235638
0.0213608
0.0675036
0.0370817
0.024253
0.121699
0.258711
0.038177
0.0171937
0.013205
0.398353
0.348892
0.0938925
0.0789835
0.215619
0.0262383
0.0219666
0.114468
0.43454
0.234852
0.0453318
0.0811547
0.111852
0.0339787
0.165054
0.389033
0.0411442
0.0370448
0.0412873
0.0653885
0.201144
0.0188979
0.00592032
0.00438179
0.013231
0.0237429
0.0265169
0.0168383
0.0151999
0.0172012
0.0142228
0.017509
0.206742
0.0870826
0.0380366
0.0393236
0.120639
0.060579
0.503387
0.563483
0.0631722
0.0315946
0.0245745
0.0349872
0.0156384
0.0215411
0.34371
0.333554
0.0062321
0.00517057
0.00496149
0.0309829
0.045755
0.0321989
0.00831279
0.0142176
0.000690833
0
0.000267773
0.279959
0.528653
0.0302851
0.00174384
0.00191907
0.0354582
0.0158952
0.00653836
0.0323781
0.050046
0.026778
0.0838296
0.115581
0.00784361
0.00202889
0.000446658
0.247315
0.692391
0.0392418
0.0113993
0.0147521
0.00072501
0.000176289
0.00117417
0.265709
0.498774
0.00627522
0.000944461
0.00104923
0.0133388
0.00119736
0.0037609
0.0957202
0.149186
0.00686934
0.00501929
0.0146356
0.00108752
0.000705158
0.00435259
0.276781
0.656224
0.00887343
0.00144627
0.00148482
0.00609823
0.00515093
0.0191244
0.130136
0.24346
0.00879725
0.00497896
0.00734793
0.0873811
0.0810206
0.10328
0.147358
0.116881
0.0351005
0.0341255
0.079672
0.0723864
0.13069
0.248547
0.203535
0.111128
0.0603627
0.112963
0.0692246
0.0581913
0.0677705
0.209423
0.255963
0.172022
0.0607697
0.0406159
0.0602076
0.105163
0.163755
0.25647
0.124507
0.212072
0.252542
0.157882
0.109808
0.0882152
0.0305621
0.10752
0.100551
0.0615327
0.044119
0.0826992
0.0668515
0.175685
0.0902468
0.0753526
0.156358
0.521463
0.226863
0.282222
0.203265
0.0733182
0.0913577
0.0821747
0.0292987
0.124509
0.163094
0.133347
0.0639025
0.172826
0.173863
0.0950899
0.0644147
0.073578
0.0795454
0.108737
0.107951
0.0131637
0.00234221
0.000600761
0.26887
0.302902
0.0231539
0.00920785
0.00278032
0.0513068
0.195443
0.195048
0.281364
0.311639
0.0302296
0.0134754
0.0254495
0.0870387
0.0345821
0.031873
0.379559
0.144953
0.0169336
0.0211555
0.0516575
0.0074391
0.0459206
0.317943
0.473943
0.155939
0.030785
0.00126698
0.00331918
0.207749
0.283105
0.197657
0.12649
0.0648452
0.0111015
0.0181074
0.0743395
0.274895
0.175312
0.0847851
0.0308711
0.00600705
0.068171
0.241106
0.313682
0.0442462
0.087812
0.340859
0.390993
0.0616878
0.00918338
0.00775263
0.0113375
0.112152
0.125167
0.291384
0.174536
0.029047
0.0804635
0.184506
0.171141
0.0541181
0.0190921
0.0100634
0.00204173
0.00425125
0.0767412
0.379292
0.243909
0.0367012
0.00422664
0.00193481
0.00296597
0.0195739
0.0804321
0.398413
0.23368
0.0458451
0.0253128
0.0477344
0.0204723
0.00752097
0.132798
0.406367
0.21675
0.0339985
0
0
0.0014616
0.0764765
0.225776
0.41122
0.250482
0.031097
0.00345098
0.00047166
0.0026694
0.0302556
0.0705592
0.258783
0.1432
0.0105233
0.000615055
0.00164209
0.0490984
0.232626
0.0640926
0.145336
0.0579009
0.0255499
0
0
0.00580817
0.0972382
0.249961
0.475012
0.198362
0.0129793
0
0.0064374
0.0239799
0.135281
0.381781
0.475012
0.213073
9.29903e-005
0.00328273
0.00908397
0.101221
0.383285
0.0434208
0.033638
0.0102824
0.00627529
0.0100737
0.016534
0.0556088
0.150269
0.0180338
0.00452021
0.00337079
0.00234283
0.0125942
0.0342265
0.0717426
0.217313
0.451282
0.505515
0.0983682
0.053094
0.0605723
0.0441762
0.0683427
0.0922039
0.200474
0.42241
0.0213908
0.0616096
0.0448979
0.081953
0.0621462
0.0527394
0.0335514
0.0204132
0.0424717
0.0575949
0.0905828
0.0829138
0.0682147
0.0825116
0.0867515
0.0472636
0.0442458
0.434275
0.268294
0.107677
0.0653072
0.0363904
0.14062
0.387063
0.218176
0.229338
0.126692
0.0890008
0.0973425
0.152291
0.145697
0.308125
0.223446
0.0396498
0.130774
0.0741898
0.114159
0.134373
0.0985095
0.0757259
0.024423
0.0953067
0.204226
0.132582
0.144528
0.0816516
0.0749276
0.0668681
0.0428444
0.108874
0.129519
0.123342
0.226198
0.200624
0.175873
0.236583
0.0480009
0.104052
0.149087
0.159168
0.458995
0.200818
0.204445
0.0849784
0.0572836
0.139113
0.0475081
0.0759826
0.189726
0.0384588
0.0485391
0.0263525
0.0705291
0.0121938
0.0197442
0.293485
0.463931
0.0830577
0.00951631
0.00429594
0.00924966
0.0855257
0.0263137
0.195253
0.264318
0.0963691
0.174963
0.0698238
0.0375575
0.0266735
0.09451
0.268214
0.46023
0.173461
0.210018
0.156007
0.134745
0.00297152
0.0363063
0.266498
0.457904
0.105991
0.0161524
0.0113333
0.00700265
0.0247603
0.0495841
0.218467
0.276964
0.0804071
0.0335106
0.0551681
0.0693575
0.0268959
0.141275
0.12812
0.410884
0.280464
0.156778
0.0961548
0.118205
0.00719035
0.0426385
0.0462511
0.276887
0.310173
0.0877217
0.0211304
0.0261031
0.0472201
0.0167841
0.0721038
0.0746411
0.0305397
0.0838678
0.343692
0.22395
0.0364363
0
0
0.00563428
0.0627467
0.215492
0.715741
0.337981
0.003619
0
0.0102262
0.0813865
0.089168
0.0147408
0.0161577
0.0123469
0.00870036
0
0
0.00140857
0.001047
0.0238399
0.196719
0.0852242
0.0105633
0
0
0.00821727
0.0488612
0.177501
0.395192
0.0961331
0.0305305
0.0124497
0.00183877
0.0081784
0.0481765
0.366889
0.433477
0.213143
0.00467629
2.28327e-005
2.28327e-005
0.00205432
0.014683
0.107446
0.170128
0.0327979
0.0350468
0.0245927
0.000801325
0.00182687
0.0241589
0.365665
0.433477
0.142734
0.0149582
0.0225152
0.00555037
0.00801663
0.0148092
0.232833
0.388315
0.105608
0.0258343
0.0445997
0.0118506
0.0121141
0.00472125
0.228374
0.388315
0.0331219
0.0227086
0.0433119
0.000531926
0.00045895
0.0027078
0.25092
0.388315
0.109328
0.0183365
0.0426093
0.00134771
0.00787316
0.0154652
0.388315
0.388315
0.0721652
0.0574689
0.05203
0.0173127
0.00617791
0.00238088
0.144665
0.274663
0.0390544
0.0386399
0.0385981
0.0228265
0.010815
0.0284538
0.0395451
0.0724114
0.0541756
0.0272232
0.0223427
0.00678645
0.0122757
0.0213287
0.474237
0.474237
0.13518
0.107916
0.0416296
0.0219584
0.00752516
0.0250724
0.182161
0.303516
0.474237
0.0263338
0.038903
0.0290147
0.0191355
0.0275746
0.0191448
0.0243729
0.0398262
0.0885958
0.0958704
0.0274846
0.042718
0.0193341
0.0217585
0.00723971
0.043546
0.323869
0.082832
0.0342341
0.0076971
0.0219759
0.00924863
0.0669241
0.508572
0.559462
0.388
0.0265282
0.00661235
0.0034756
0.00606659
0.0038285
0.273257
0.0114062
0.0784023
0.311704
0.219415
0.0686934
0.126653
0.0644863
0.0222739
0.0254394
0.0764452
0.160596
0.152993
0.211557
0.317122
0.219154
0.111173
0.0495058
0.166731
0.205836
0.105342
0.0923599
0.189001
0.094416
0.119352
0.0111664
0.027476
0.0937149
0.255775
0.425155
0.288702
0.144462
0.0826509
0.0293819
0.0749117
0.022231
0.172873
0.319566
0.170202
0.0869936
0.0612612
0.00723297
0.0184084
0.0013577
0.208109
0.33023
0.044406
0.00771692
0.0121241
0.00723297
0.00638317
0.0132794
0.350201
0.407456
0.141679
0.0604277
0.00768696
0.00465428
0.0043558
0.000115901
0.382033
0.407456
0.0256979
0.00923378
0.000690412
0.00108461
0.000260177
0.00087695
0.290622
0.365846
0.0180773
0
0.000477536
0.00669354
0.00104071
0
0.000444854
0.000444854
0.00503869
0.0199072
0.006889
0.0553579
0.0373121
0.00274614
0.460084
0.542207
0.000852127
0.00117286
0.0261166
0.196797
0.233267
0.00926961
0.00202727
0.00381818
0.00340851
0.0167267
0.051118
0.000769106
0.00281028
0.000932902
0.000180557
0.000916624
0.0340445
0.0461821
0.00558197
0.0338314
0.0993344
0.0111129
0.00323625
0.00224017
0.204552
0.416889
0.0703438
0.110664
0.279242
0.0194646
0.000309506
0.000448098
0.000263771
0.00340262
0.00664141
0.239089
0.721438
0.158575
0.00420782
0.000371449
0.0179402
0.0161225
0.00680818
0.0252999
0.121804
0.0138107
0.00190809
0.000228928
0.195252
0.302817
0.0348133
0.0286369
0.140087
0.06655
0.049187
0.0602075
0.347303
0.378855
0.0396736
0.100216
0.431387
0.103988
0.00180896
2.13534e-005
0.0553016
0.0378579
0.00439234
0.116187
0.431387
0.284419
0.0614109
0.041739
0.111247
0.0637101
0.00885369
0.0318059
0.0635172
0.0369228
0.0507896
0.0572498
0.233644
0.264249
0.103135
0.0839015
0.0747142
0.0767466
0.0749642
0.0405727
0.0967141
0.194542
0.354649
0.116331
0.413402
0.26477
0.0617908
0.0441768
0.0551351
0.0455714
0.0384933
0.103635
0.413402
0.374042
0.117731
0.0309418
0.0411921
0.0463761
0.076772
0.262067
0.072845
0.103099
0.06471
0.0313375
0.0053426
0.060111
0.36333
0.470944
0.148718
0.0190589
0.00364556
0
0
0.0025848
0.366705
0.132918
0.199649
0.291217
0.117124
0.0222958
0.0138851
0.0184262
0.121426
0.267209
0.0187822
0.0374963
0.0126582
0.000701205
0.00463153
0.00723064
0.322559
0.099521
0.0760938
0.0334999
0.0696114
0.0783349
0.0829352
0.0449051
0.158324
0.0191418
0.016135
0.0200141
0.347732
0.491056
0.0896009
0.0710691
0.0565989
0.20518
0.0156665
0.013117
0.0398189
0.0327709
0.00200647
0.00373386
0.208054
0.0946787
0.0345337
0.0215651
0.382641
0.507279
0.00645248
0.00868239
0.0763353
0.000289883
0.000221675
0.00184903
0.302491
0.396976
0.0252013
0.0303113
0.00168591
0.00695425
0.00817216
0.00100501
0.283953
0.370063
0.0108564
0.00891823
0.00168827
0.00905106
0.00454468
0.0025654
0.286935
0.396976
0.0397472
0.0224634
0.00655785
0.0950035
0.185216
0.0205859
0.190168
0.396976
0.0933146
0.0557645
0.0258829
0.0343414
0.0552558
0.00640211
0.0490272
0.0702899
0.00457404
0.00237144
0.00822847
0.131118
0.344483
0.0325613
0.000196652
0.000583302
0.000735883
0.00185295
0.0106935
0.215762
0.544385
0.0743778
0.0285142
0.0905527
0.0337383
0.023462
0.0205182
0.293268
0.544385
0.235537
0.0100038
0.000176056
0.000183971
0.000563541
0.00703135
0.0998103
0.396877
0.0502516
2.01005e-005
9.97922e-005
0.000151671
0.000629144
0.00196637
0.127055
0.445331
0.149193
0.00579047
1.93762e-005
0
4.02489e-005
0.000153516
0.157345
0.445331
0.192956
0.00819065
1.99229e-005
3.79178e-005
5.21897e-005
0.000597399
0.131687
0.445331
0.26965
0.0209494
0.00415967
0.00056843
0
5.86983e-006
0.0993072
0.39155
0.202499
0.0214324
2.64122e-006
0
0.0119816
0.00916237
0.123922
0.39155
0.301102
0.031509
0.00107219
0.000253332
0.0179723
0.0271299
0.0681772
0.39155
0.332871
0.0879487
0.0282273
0.00324589
0.0079877
0.00610825
0.102704
0.332378
0.287318
0.101312
0.0448207
0.0110736
0.0135273
0.0376752
0.174804
0.513017
0.35608
0.0192975
0.00483214
0.013199
0.00554992
0.0475164
0.108615
0.513017
0.293518
0.0399023
0.00985919
0.048085
0.00539729
0.0242958
0.117645
0.326481
0.125569
0.0252289
0.0192741
0.0157277
0.00572828
0.072076
0.064099
0.0969786
0.0440672
0.0171405
0.0147206
0.0181237
0.00461672
0.0347684
0.137018
0.536458
0.53713
0.159566
0.0289427
0.085303
0.0246848
0.0879289
0.238626
0.0610781
0.0758557
0.0428645
0.0182452
0.0397218
0.0537684
0.271053
0.0809358
0.0842977
0.0743378
0.0584537
0.0730762
0.0500335
0.0329604
0.0583926
0.0638129
0.0610171
0.0496747
0.0563682
0.097608
0.0760389
0.0573468
0.0727312
0.158488
0.0119276
0.00392675
0.0306115
0.0185452
0.00900249
0.0118543
0.168334
0.0808891
0.0295857
0.00968202
0.471508
0.440231
0.0161871
0.0134223
0.0707434
0.0218376
0.0169566
0.006511
0.0625074
0.0411371
0.016175
0.017221
0.0390848
0.0946993
0.0813694
0.00330371
0.390068
0.473199
0.213326
0.0273617
0.0573521
0.0265861
0.00701889
0.0128182
0.217621
0.351079
0.0730475
0.0643003
0.0383209
0.138147
0.34028
0.149321
0.0826728
0.269221
0.12326
0.147085
0.111615
0.158148
0.108738
0.0560711
0.13503
0.198261
0.102868
0.0546211
0.0700579
0.251378
0.374884
0.369639
0.0441412
0.0696829
0.0573923
0.101892
0.121313
0.134253
0.428458
0.145306
0.0154802
0.0244496
0.0190681
0.0293267
0.026869
0.148493
0.428458
0.199925
0.00733503
0
0
0
0.000714455
0.16894
0.425353
0.220763
0.0165414
0.0158647
0.0111042
0.0180053
0.0231941
0.183862
0.428458
0.0966823
0.00338273
0.000983216
0.0018061
9.92478e-005
0.00289738
0.17725
0.530567
0.258915
0.00977911
0.000117445
0.000598212
0.000598212
0.000315588
0.108988
0.530567
0.205462
0.0398946
0.0264417
0.00571395
0.00239285
7.8897e-005
0.139773
0.409429
0.0764777
0.00182677
0.00349989
0.00601732
0.00175931
0.00600935
0.0444672
0.163828
0.0354151
0.0516598
0.0595425
0.0154029
0.00593242
0.00237305
0.0323156
0.341814
0.215326
0.195195
0.188004
0.0102812
0.000874172
0
0.0368776
0.0895637
0.143985
0.239934
0.259851
0.0173694
0.00339773
0.0190741
0.00813382
0.0294822
0.0102043
0.214077
0.373865
0.0131071
0.00237734
0.000233341
0.00252385
0.000856795
0.00983847
0.283124
0.534511
0.0110663
0.00119546
0.00406112
0.108056
0.147085
0.0902452
0.212117
0.270119
0.0679739
0.0370536
0.125428
0.072645
0.0604905
0.091418
0.0970202
0.110451
0.0444167
0.0482122
0.0912611
0.0423362
0.0310031
0.0817662
0.312708
0.601488
0.0743635
0.0451727
0.0446131
0.163913
0.104809
0.105308
0.102955
0.162867
0.0653023
0.0711606
0.0624221
0.0893285
0.0879051
0.100264
0.169756
0.167503
0.0583121
0.053177
0.0866431
0.0669793
0.070825
0.108953
0.217296
0.235692
0.125862
0.0673064
0.0609145
0.231282
0.173986
0.112605
0.207428
0.193164
0.0577572
0.101436
0.0603882
0.0906122
0.146976
0.104855
0.327684
0.269801
0.120796
0.141424
0.0748956
0.0289273
0.0272336
0.019591
0.123929
0.0846609
0.0512148
0.025448
0.0484799
0.289126
0.171002
0.00870933
0.284606
0.481605
0.497523
0.0482288
0.188207
0.0328856
0.0327601
0.0354354
0.0582458
0.0583192
0.0496396
0.0381909
0.0313738
0.18884
0.0564898
0.0156771
0.0770289
0.139203
0.1977
0.0654863
0.143323
0.322866
0.276488
0.0634468
0.0569862
0.173942
0.16306
0.0239039
0.159778
0.40267
0.578106
0.264975
0.0171763
0.0597773
0.0485786
0.030562
0.112406
0.115276
0.0773294
0.0152169
0.00914794
0.0321929
0.0443471
0.0306435
0.106175
0.100661
0.158069
0.0216883
0.0053481
0.00591729
0.0388042
0.0369126
0.059018
0.410056
0.600791
0.197114
0.0118771
0.0442976
0.0476367
0.0156219
0.0237556
0.311891
0.452943
0.0435161
0.00639731
0.01312
0.029605
0.00784468
0.0158323
0.0798959
0.0988258
0.00837351
0.00543691
0.0139557
0.0825147
0.0301287
0.0174358
0.0579625
0.0175004
0.0163062
0.00862091
0.0266237
0.0684678
0.0348201
0.0229458
0.332651
0.421773
0.0578793
0.0157415
0.0365608
0.0674609
0.0219389
0.0530732
0.085797
0.0630256
0.0539914
0.260435
0.321521
0.0868459
0.0642943
0.0501076
0.128057
0.0330748
0.052496
0.0230845
0.0752565
0.0843142
0.0694052
0.0811655
0.105519
0.0465594
0.0851639
0.326563
0.275235
0.0808537
0.0896025
0.0952321
0.000766709
0.000580446
0.00534635
0.159239
0.293719
0.00917344
0.00436714
0.002091
0.00426823
0.000433631
0.00587167
0.225947
0.466869
0.0091681
0.000656218
0.00285815
0.00197341
0.00193225
0.0114405
0.211157
0.316613
0.00653644
0.00451642
0.00354302
0.00778142
0.00343043
0.00545266
0.337943
0.552467
0.00326291
0.000882257
0.001792
0.0449586
0.0176979
0.0553656
0.21473
0.424084
0.0409839
0.0164976
0.0226649
0.143898
0.0556387
0.097597
0.0870444
0.0670322
0.0396141
0.0421438
0.0533356
0.0751841
0.0430038
0.0303358
0.402719
0.509825
0.0216536
0.0112357
0.017255
0.14663
0.0859143
0.139172
0.271088
0.0710491
0.0434809
0.0485205
0.0499463
0.176386
0.0793856
0.0671567
0.104102
0.0987449
0.0524745
0.0906364
0.0608153
0.0627526
0.0739917
0.0527094
0.18529
0.21002
0.119093
0.102795
0.0339282
0.168089
0.0773763
0.138764
0.308653
0.173706
0.0972926
0.123503
0.0810382
0.0914406
0.0379531
0.0482123
0.348906
0.419655
0.155924
0.22511
0.121293