0.112104
0.11901
0.128572
0.113201
0.140939
0.0489754
0.0398525
0.0386442
0.174211
0.223768
0.112421
0.184766
0.08861
0.0506926
0.0755323
0.106622
0.122516
0.0888176
0.0943418
0.0639312
0.158906
0.144809
0.295597
0.172852
0.202204
0.255309
0.309455
0.369117
0.248586
0.165767
0.252199
0.145939
0.19758
0.102218
0.0298599
0.026972
0.00340628
0.0163218
0.0581961
0.137672
0.266207
0.152947
0.0220236
0
0
0.0265409
0.108331
0.240011
0.285552
0.25208
0.222925
0.193719
0.0736006
0.0180027
0.0479401
0.107695
0.347606
0.168846
0.079074
0.0452156
0.0112914
0.0677464
0.392627
0.392627
0.0962789
0.120126
0.0251982
0.00420775
0.00266541
0.0526879
0.104905
0.136211
0.0175794
0.0442554
0.0213491
0.0271454
0.0266081
0.0618861
0.129375
0.0698118
0.0833018
0.0307006
0.00581102
0.00200297
0
0.132518
0.488732
0.488732
0.0991141
0.0635901
0.0207024
0.0181248
0.0160343
0.103137
0.488732
0.312798
0.019916
0.0274754
0.0382386
0.0729489
0.110392
0.120125
0.139073
0.0754493
0.0496974
0.0239301
0.0400332
0.051801
0.180554
0.240666
0.149903
0.0981908
0.222463
0.118668
0.102074
0.0407122
0.073272
0.0857529
0.360707
0.318993
0.180404
0.0895317
0.177302
0.0691089
0.165711
0.178501
0.331874
0.423559
0.113904
0.0684019
0.0811948
0.0284369
0.153917
0.197026
0.137995
0.131487
0.181699
0.171128
0.101863
0.0853911
0.101173
0.100822
0.0910173
0.183073
0.128564
0.106419
0.248338
0.120351
0.163063
0.162212
0.292185
0.236019
0.338742
0.182887
0.258255
0.230504
0.105523
0.13231
0.129296
0.221364
0.0754111
0.120797
0.114425
0.141487
0.0505123
0.039749
0.0747861
0.133872
0.0553741
0.139785
0.1918
0.203421
0.151548
0.0689176
0.114713
0.123154
0.173559
0.19052
0.23496
0.351134
0.0804346
0.0703431
0.0722616
0.108738
0.191409
0.229787
0.377263
0.401727
0.0952272
0.030436
0.045725
0.115858
0.139206
0.220765
0.20215
0.124761
0.127827
0.0310196
0.102559
0.176953
0.187949
0.255633
0.316359
0.0493872
0.0488222
0.0715913
0.0788726
0.249839
0.253152
0.226402
0.316983
0.120127
0.04661
0.0161849
0.0266213
0.199449
0.142765
0.132976
0.220125
0.0235162
0.0491266
0.0277601
0.0616155
0.287687
0.117869
0.110091
0.0281031
0.0306393
0.0704558
0.0461652
0.171774
0.105224
0.0991501
0.121226
0.117554
0.416311
0.3332
0.0515221
0.138641
0.0604144
0.130126
0.205812
0.0875518
0.0384472
0.0721895
0.0474144
0.0348867
0.0392579
0.0647733
0.133988
0.0931889
0.45771
0.45771
0.0126247
0.0455284
0.0203816
0.0904232
0.116953
0.151185
0.412943
0.289946
0.013306
0.031712
0.0325621
0.130332
0.0939763
0.0741595
0.122707
0.0852937
0.0463379
0.260678
0.2512
0.0054439
0.0119151
0.0253271
0.432014
0.432014
0.0143619
0.0147742
0.00113031
0.0639566
0.0368744
0.027667
0.206058
0.202071
0.0452735
0.0461756
0.0258482
0.0505096
0.0119359
0.00584368
0.00242423
0.00560144
0.0926683
0.45289
0.279289
0.0804494
0.0239006
0.00770321
0.0017371
0.00115397
0.135906
0.45289
0.389472
0.113807
0.0349998
0.0117252
0.0129211
0.0312326
0.0475678
0.125257
0.057159
0.0972073
0.00862292
0.00523126
0.0146323
0.0407777
0.0985789
0.355957
0.306362
0.0633259
0.0451048
0.0514434
0.00205215
0.00188921
0.0866398
0.346457
0.268274
0.0796684
0.043963
0.0879389
0.0292372
0.0463589
0.0777139
0.246937
0.222935
0.0290191
0.0294674
0.0265673
0.0125309
0.0179618
0.123695
0.366232
0.292953
0.0739163
0.0482544
0.0428571
0.0197253
0.020842
0.255806
0.400703
0.376554
0.0686386
0.0400286
0.0831237
0.0478065
0.0726769
0.0640043
0.115735
0.122782
0.091257
0.0753915
0.136946
0.0627432
0.0589576
0.0693673
0.0439157
0.0791864
0.131905
0.0772193
0.0478746
0.0186668
0.0271088
0.311197
0.465914
0.396349
0.0958885
0.134165
0.149013
0.0267357
0.0854499
0.260201
0.377222
0.286772
0.141359
0.24895
0.268624
0.190244
0.0537234
0.0481875
0.0436859
0.0733806
0.181933
0.224492
0.192839
0.237401
0.0409197
0.0126758
0.030315
0.0841158
0.0851358
0.168347
0.246061
0.0627145
0.149808
0.255201
0.327935
0.256124
0.192542
0.154616
0.119849
0.0610298
0.0549691
0.155721
0.179472
0.212567
0.200722
0.125604
0.099979
0.096462
0.0544071
0.0207126
0.0561126
0.190674
0.124022
0.0648764
0.0697502
0.0183045
0.070077
0.0592914
0.197583
0.220913
0.240157
0.18698
0.106346
0.0860875
0.136818
0.107491
0.144755
0.179793
0.246217
0.281316
0.133393
0.076763
0.234106
0.139894
0.35376
0.33558
0.0772027
0.121052
0.071125
0.0288827
0.0405934
0.0425185
0.0107254
0.0355318
0.0261409
0.0700211
0.108324
0.441233
0.441233
0.0207349
0.0144374
0.00462541
0.210155
0.0991164
0.0680708
0.030594
0.0187504
0.0208163
0.0166164
0.182894
0.103437
0.106785
0.189259
0.441233
0.408119
0.0169513
0.0170769
0.0620774
0.000717796
0.00400617
0.021404
0.443291
0.443291
0.00997254
0.00546027
0
0.0198794
0.0207222
0.0113084
0.202731
0.163872
0.0150371
0.0111709
0.00217757
0.00912473
0.027091
0.0628356
0.443291
0.421091
0.00652634
0.00296102
0.00511211
0
0.000718357
0.00533655
0.285288
0.182037
0.0076735
0.000416332
0
0.212711
0.11297
0.0370572
0.221208
0.242965
0.064236
0.0704101
0.0529758
0.184721
0.0221013
0.0167068
0.0875426
0.181913
0.233919
0.327086
0.370253
0.00210056
0.00119508
0.00859981
0.403336
0.351261
0.0181469
0.00180179
0.00210056
0.0194266
0.000746555
0.00110827
0.074005
0.0709427
0.0715718
0.0957062
0.084164
0.0342803
0.0320856
0.0149864
0.0199154
0.0376781
0.114457
0.219414
0.200697
0.0986036
0.0550063
0.01531
0.0307654
0.0497545
0.31413
0.605412
0.497017
0.0186281
0.002465
0.000369615
0.00210095
0.00949641
0.046083
0.0592292
0.0816681
0.0513755
0.00816226
0.00147846
0.0182493
0.0548315
0.125214
0.0900403
0.251779
0.0688977
0.0306989
0.0106321
0.0183575
0.0163663
0.157458
0.372936
0.335668
0.049701
0.052035
0.0406243
0.0124904
0.0391811
0.280435
0.40788
0.364455
0.0361783
0.00305039
0.000226752
0.0146632
0.0302122
0.0674126
0.0834805
0.188232
0.0381772
0.00468811
0.0244528
0.0283199
0.0296084
0.19353
0.336991
0.293519
0.0155462
0.0125984
0.0189277
0.00543714
0.0406773
0.21698
0.362654
0.152031
0.0797082
0.0462738
0.018198
0.00348075
0.011712
0.117428
0.223714
0.141364
0.0287666
0.0131073
0.0172676
0.0120681
0.0131136
0.216679
0.410341
0.21978
0.0885506
0.0646238
0.0117938
8.86332e-005
0.00183325
0.219702
0.410341
0.410341
0.0768501
0.0815064
0.0379474
0.0176626
0.020427
0.0262737
0.068515
0.0808522
0.0544346
0.145811
0.0920437
0.0703574
0.0705205
0.0360858
0.0673112
0.103753
0.0931171
0.0751249
0.0146301
0.00834286
0.00825001
0.211609
0.375923
0.422389
0.130713
0.346412
0.422389
0.130357
0.0622351
0.105264
0.271291
0.26857
0.312138
0.0265639
0.0117912
0.00769695
0.00696169
0.00482126
0.00506707
0.300041
0.222669
0.130873
0.114737
0.30396
0.0967412
0.00162663
0.00384986
0.175743
0.375209
0.0263601
0.00234652
0.000672801
0.0083562
0.0131312
0.000524834
0.375209
0.346574
0.0869462
0.0550499
0.123886
0.0543604
0.0400589
0.0937177
0.346334
0.0847217
0.135306
0.150743
0.561404
0.247148
0.00288634
0.00269962
0.0522858
0
0
0.0257882
0.3374
0.173492
0.00697367
0.00850212
0.00050934
0.135409
0.109424
0.0923845
0.398134
0.223446
0.0602365
0.133138
0.119504
0
0.000770336
0.0385468
0.248049
0.160606
0.0196945
0.0239589
0.00421281
0
0
0.0460411
0.46798
0.41789
0.0105382
0.0132272
0.000792408
0.00407313
0
0
0.0836904
0.0752129
0.00391668
0.00410605
0.00516956
0
0.0026672
0.102874
0.548715
0.286146
0.0286571
0.0372742
0.0065541
0
0
0.00010616
0.0969725
0.0630333
0
0
0
0.0482301
0
0
0.00694383
0.00694383
0.0147394
0.0551793
0.117977
0.164613
0
0
0.0192908
0.0972246
0.380539
0.241205
0.581332
0
0
0
0
0
0
0
0
0.0259543
0
0.0131365
0.00393915
0.00348617
0
0
0.0259543
0.080555
0
0
0.00740518
0.0421909
0.125863
0.0877435
0.32956
0.176126
0.0208523
0.0589407
0.053404
0.067187
0.307391
0.314483
0.597995
0.0455722
0.0135459
0.0116363
0.00305511
0.00265386
0.0125019
0.00543738
0.0364578
0.264452
0.0668518
0.0869477
0.0306873
0.0156396
0.0794901
0.0596209
0.196783
0.0723971
0.0406529
0.0282261
0.0134395
0.0234957
0.102887
0.241882
0.234017
0.0836669
0.0771558
0.0385465
0.0248246
0.0513138
0.233433
0.470323
0.600931
0.116166
0.0756929
0.0739753
0.0331556
0.0278254
0.0205989
0.033428
0.0761133
0.226155
0.138184
0.0706357
0.0738594
0.103256
0.096017
0.0809765
0.114017
0.0672675
0.0168171
0.00601789
0.00664836
0.0164467
0.165313
0.256705
0.374257
0.200632
0.237537
0.276467
0.0427844
0.0371423
0.0946326
0.225229
0.329426
0.180964
0.0416392
0.0537635
0.0135452
0.0299486
0.0608198
0.0650871
0.176012
0.26458
0.0928666
0.107176
0.0434962
0.125357
0.146854
0.138547
0.390075
0.334546
0.0300909
0.00860787
0.0288159
0.0390746
0.0606266
0.0528615
0.284892
0.229869
0.00735822
0.00432624
0.106801
0.192332
0.126466
0.121114
0.26789
0.12897
0.0150622
0.00794585
0.223443
0.313621
0.172564
0.147681
0.102035
0.0833834
0.0070644
0.00639361
0.370092
0.373991
0.157697
0.083037
0.116058
0.0614209
0.00939733
0.00573672
0.239901
0.413982
0.130382
0.124275
0.0833563
0.00771362
0.00727109
0.0159534
0.115285
0.140558
0.0185037
0.0111162
0.00945016
0.0314148
0.0187079
0.00738666
0.52562
0.52562
0.106719
0.0349556
0.0411189
0.0331766
0.0267029
0.0201416
0.165083
0.207445
0.0257614
0.0139179
0.018193
0.0141172
0.0173005
0.0805355
0.355628
0.188749
0.0525104
0.0312941
0.0217902
0.00148126
0
0.00166609
0.0696799
0.0462839
0.000904472
0
0.00148126
0.117917
0.0840188
0.0847789
0.339545
0.351479
0.113395
0.0547412
0.0424657
0.341287
0.424209
0.0329056
0.0880181
0.0704154
0.0110891
0.00496231
0.0572373
0.0107731
0.00841852
0.010439
0.00240071
0
0
0
0.00802375
0.14146
0.0392834
0.0399744
0.00454775
0.00260835
0
0
0.0623371
0.224708
0.233262
0.125573
0.041344
0
0
0.0141085
0.0707716
0.691815
0.339535
0.264624
0.139216
0.051574
0
0.0316032
0.210326
0.0689448
0.0237896
0.0366377
0.0171519
0.00141941
0
0.000274471
0.0338747
0.187475
0.0490302
0.061436
0.0388048
0.00160102
0.0180844
0.0138416
0.0724425
0.307687
0.228108
0.0742054
0.0540894
0.0368557
0.0234313
0.00402444
0.0876338
0.471224
0.589144
0.358907
0.0536639
0.0242213
0.0605843
0.0243998
0.121734
0.137695
0.0486735
0.0548852
0.021914
0.00439202
0.0207538
0.0261463
0.0267738
0.26164
0.195896
0.14507
0.030204
0.0194322
0.0374883
0.0501503
0.0393226
0.411543
0.411543
0.175475
0.0117051
0.00207327
0.0299261
0.0302758
0.078532
0.411543
0.411543
0.20402
0.0231891
0.0118454
0.0434536
0.0773038
0.17724
0.328521
0.14525
0.13387
0.00673339
0.0120694
0.0276163
0.0421541
0.0969426
0.319329
0.0633571
0.127856
0.0565688
0.203774
0.292385
0.0583971
0.219356
0.27407
0.203078
0.123171
0.0174849
0.0213283
0.0708789
0.0956374
0.155379
0.229836
0.0607392
0.068326
0.0580571
0.23173
0.395254
0.126078
0.191692
0.00294901
0.00192468
0.00446042
0.333328
0.246592
0.0871368
0.0452121
0.008782
0.00196601
0.00632997
0.0122093
0.365043
0.365043
0.0723934
0.0239112
0.0109239
0
0.00711075
0.0143431
0.365043
0.283062
0.105829
0.0194243
0.000384414
0
0.00860769
0.0176877
0.365043
0.365043
0.131067
0.0153782
0.000256276
0.0150296
0.00995247
0.0096513
0.456812
0.456812
0.0202506
0.00570501
0.00566404
0.0309248
0.0137382
0.0183171
0.120775
0.124372
0.0318271
0.0300915
0.0200237
0.0105761
0.011619
0.0137939
0.456812
0.456812
0.0431075
0.0219706
0.0116452
0.0466411
0.0449369
0.0311195
0.139366
0.132903
0.0532434
0.147344
0.125204
0.0553346
0.0545158
0.0303775
0.046944
0.046671
0.0289595
0.0241724
0.0257828
0.128384
0.187938
0.0213204
0.0149602
0.0183489
0.0115707
0.0303099
0.0508704
0.207807
0.160178
0.0835449
0.0349377
0.0329992
0.0779034
0.165578
0.215995
0.477907
0.560375
0.335333
0.0400651
0.0323496
0.0499626
0.0848367
0.222229
0.0952533
0.120316
0.0254339
0.00963105
0.00627735
0.00486268
0.0180717
0.0399175
0.307751
0.276116
0.0597625
0.0181126
0.00775421
0.00113062
0.0197119
0.0492769
0.357313
0.419942
0.14167
0.00962601
0.0103244
0.00879778
0.0398936
0.104441
0.419942
0.419942
0.121616
0.00106305
0.00221775
0.00504783
0.11844
0.189795
0.31476
0.371892
0.0412924
0.0122782
0.0124638
0.00813273
0.00520238
0.0244207
0.251762
0.40562
0.185008
0.00823234
0.00956706
0.0161384
0.0105042
0.0334305
0.347787
0.40562
0.067526
0.00188304
0.0032259
0.0180772
0.080623
0.126738
0.156687
0.316374
0.103444
0.043257
0.0303001
0.0355717
0.0382517
0.0466364
0.354789
0.53833
0.264829
0.00918136
0.0130398
0.0171423
0.0423831
0.125481
0.343622
0.281023
0.102744
0.0290357
0.0336164
0.0578587
0.138006
0.222451
0.101646
0.149352
0.116297
0.108882
0.111045
0.0519618
0.0619262
0.0849806
0.108254
0.0407129
0.0677979
0.0860927
0.107967
0.0934526
0.127754
0.123827
0.142851
0.105098
0.048646
0.0340994
0.0430625
0.125597
0.197875
0.233273
0.137511
0.0615059
0.0138808
0.0764214
0.175307
0.515027
0.333827
0.332109
0.151706
0.0868405
0.0450692
0.0512147
0.0521017
0.0801023
0.105558
0.123981
0.20135
0.154646
0.12155
0.132487
0.0398351
0.0825925
0.193912
0.186326
0
0.0335257
0.0524927
0.29645
0.284829
0.0829108
0.0334407
0.00196274
0
0.0328305
0.0678309
0.317712
0.379907
0.143157
0.0565866
0.0275129
0.0277678
0.0592324
0.103055
0.379907
0.344785
0.0744229
0.049041
0.00247614
0.0532734
0.0879022
0.162376
0.117834
0.316198
0.202215
0.126967
0.110535
0.044605
0.0141745
0.0115831
0.257008
0.371055
0.0999888
0.0765713
0.088869
0.152917
0.132918
0.117625
0.0727124
0.0708491
0.0359537
0.107484
0.153674
0.15958
0.0413108
0.036786
0.0546023
0.210937
0.160534
0.166854
0.363865
0.373573
0.196326
0.177592
0.0419523
0.0604664
0.0520078
0.110415
0.373573
0.268089
0.207004
0.17493
0.0265059
0.0119621
0.0193984
0.0610825
0.123405
0.392301
0.394656
0.232378
0.0142575
0.00943732
0.0174258
0.0215849
0.114815
0.348545
0.238086
0.27399
0.0517953
0.031407
0.00447058
0.0166708
0.131471
0.279124
0.190521
0.130248
0.037879
0.0257998
0.00747723
0.0160884
0.0971815
0.369312
0.486446
0.213298
0.0080314
0.0123072
0.0224397
0.0478678
0.0909124
0.280531
0.347632
0.081493
0.0221408
0.0296211
0.0352407
0.193829
0.211044
0.147912
0.149679
0.10724
0.0460445
0.0340876
0.031746
0.0206435
0.116475
0.153947
0.0707987
0.0752289
0.0584206
0.0742215
0.0611508
0.136601
0.302475
0.152877
0.154587
0.0491989
0.022527
0.0247406
0.114167
0.235072
0.234543
0.0651086
0.0749041
0.0677119
0.0823238
0.065653
0.163422
0.245673
0.144813
0.157485
0.1007
0.0385978
0.0403008
0.0391947
0.1055
0.234331
0.308839
0.349189
0.164915
0.0383363
0.0529588
0.0285783
0.141394
0.302673
0.412234
0.0641175
0.0425655
0.0675599
0.138798
0.129829
0.0739441
0.112046
0.135317
0.0888582
0.0516977
0.0874078
0.123504
0.0958287
0.135051
0.119394
0.107181
0.303626
0.0895698
0.0882346
0.0690908
0.0875075
0.141603
0.249942
0.492531
0.179448
0.129164
0.328691
0.109454
0.184321
0.172988
0.173968
0.234043
0.116832
0.0617715
0.0903635
0.110984
0.0386452
0.13928
0.10795
0.0997085
0.197851
0.136199
0.178075
0.1785
0.0733746
0.110352
0.107902
0.0905785
0.182833
0.0749054
0.183622
0.136693
0.161027
0.229531
0.20108
0.31141
0.128893
0.0617427
0.19566
0.392021
0.19571
0.214469
0.189656
0.221308