0.0452463
0.0257601
0.0740628
0.333444
0.310779
0.0715951
0.0701612
0.0884748
0.0990199
0.0425004
0.0941298
0.181861
0.17014
0.0699745
0.115731
0.230526
0.132738
0.0334376
0.0342681
0.0740582
0.129429
0.0646186
0.101308
0.316462
0.262315
0.0257414
0.0534496
0.147756
0.156505
0.0353354
0.0743094
0.483687
0.161944
0.0408978
0.0405696
0.038992
0.0411475
0.0193755
0.0802801
0.217663
0.315803
0.0436554
0.0197133
0.0510902
0.0218258
0.036509
0.103148
0.224019
0.227463
0.0587249
0.112783
0.271106
0.202304
0.0106466
0.0578851
0.229662
0.374495
0.120484
0.0952029
0.138183
0.106659
0.166868
0.3552
0.264279
0.171044
0.0247304
0.00628976
0.0304432
0.0211203
0.0368192
0.0619414
0.166345
0.124458
0.0276154
0.0124109
0.0219973
0.0292417
0.0339822
0.0360071
0.274311
0.222499
0.0616615
0.00795023
0.00691138
0.01148
0.160903
0.411141
0.26999
0.211157
0.0388914
0.0033257
0.0219825
0.0380221
0.0757292
0.3241
0.52303
0.0623094
0.0351427
0.0470256
0.0968847
0.0490162
0.0360792
0.0324892
0.0946249
0.0289541
0.0482763
0.226545
0.477478
0.0760275
0.0169732
0.0148146
0.00592289
0.147991
0.0580019
0.0664808
0.168915
0.0687839
0.042023
0.077776
0.219916
0.0577916
0.0875553
0.237836
0.630546
0.131182
0.0283165
0.0166868
0.0264395
0.0360705
0.0541979
0.226212
0.355458
0.0407819
0.00409868
0.00704873
0.0322268
0.0441466
0.0589062
0.150131
0.430431
0.0607826
0.00981838
0.0105731
0.0668314
0.0745709
0.143369
0.228213
0.364213
0.107534
0.0282933
0.0276566
0.124793
0.11969
0.233468
0.217175
0.260868
0.0491048
0.0344451
0.0652201
0.270334
0.00594538
0.0164169
0.0674865
0.330218
0.0500548
0.0058084
0.00409806
0.0117812
0.00106948
0.00837282
0.0435788
0.415753
0.286231
0.0153382
0.0127794
0.0118988
0.0217051
0.0663826
0.10872
0.231008
0.0627984
0.00931439
0.0256972
0.0394584
0
0.00366799
0.0373144
0.579046
0.385838
0.00813701
0.0142877
0.00184835
0.00475453
0.00918232
0.0294823
0.411544
0.304227
0.00626841
0.00769605
0.00603705
0.0287613
0.0887616
0.0956144
0.136088
0.0721624
0.00495773
0.00513007
0.00688135
0.00220102
0.0311257
0.0505436
0.60464
0.358733
0.0032708
0.00682529
0.00191621
0.0145353
0.12596
0.230984
0.229423
0.0742401
0.000561962
0.0183431
0.00698623
0.0895121
0.0439121
0.0323585
0.0520511
0.0381674
0.0262738
0.0754598
0.295811
0.206561
0.0368005
0.0674201
0.166109
0.0860232
0.0125839
0.0614151
0.358146
0.0950022
0.122042
0.161055
0.277328
0.115341
0.00948137
0.111966
0.296737
0.199899
0.169412
0.136883
0.140677
0.0929487
0.0497622
0.160848
0.442085
0.0822876
0.0477614
0.0909795
0.283561
0.178717
0.00561398
0.0207207
0.0609207
0.142629
0.125862
0.0771519
0.204863
0.143413
0.0988759
0.244062
0.0745351
0.0619075
0.0737133
0.0833894
0.277404
0.209115
0.0432143
0.0411632
0.0927001
0.0985016
0.103951
0.077581
0.533069
0.358708
0.0340762
0.12169
0.0817093
0.0622763
0.0367626
0.00868048
0.0184706
0.00861847
0.0932186
0.333379
0.0813158
0.0414841
0.00507459
0.000227559
0.00155814
0.00274066
0.077301
0.449672
0.171717
0.0466843
0.0417967
0.0145852
0.119795
0.0782007
0.0470437
0.34182
0.114488
0.00563771
0.00535479
0.00285522
0.00109826
0.00166809
0.173541
0.604261
0.129661
0.0741418
0.0150826
0.0471246
0.10877
0.0096845
0.0457649
0.248361
0.136065
0.0418779
0.0370678
0.141759
0.336856
0.0720302
0.0368619
0.0534195
0.0218139
0.0451482
0.00656646
0.0356766
0.0426202
0.0136108
0.148933
0.67976
0.114813
0.0583899
0.0279877
0.125315
0.143387
0.116279
0.0827539
0.343271
0.0547094
0.0690812
0.104861
0.198335
0.343814
0.214049
0.113535
0.0403251
0.0936896
0.140922
0.160491
0.171091
0.101059
0.0847502
0.145437
0.163043
0.240774
0.0722329
0.0600335
0.169568
0.160301
0.189893
0.212319
0.282165
0.0804411
0.221002
0.0547866
0.0483087
0.0529989
0.140128
0.225964
0.227261
0.162154
0.0186671
0.0340187
0.0658698
0.0581463
0.0570585
0.0500283
0.0894127
0.0403786
0.000679215
0.00350105
0.0257956
0.455675
0.32289
0.0291475
0.0450467
0.00778336
0.0379605
0.0104162
0.0103361
0.0869057
0.137455
0.0858636
0.0888319
0.0331331
0.00374889
0.00576023
0.022223
0.676698
0.292899
0.054951
0.0397132
0.00626167
0.0107522
0.0527749
0.0337865
0.463497
0.294373
0.00529661
0.0144271
0.00827875
0.0238958
0.132628
0.138672
0.185857
0.058958
0.00203588
0.0465337
0.0263548
0.0359332
0.0451468
0.0253638
0.582429
0.211983
0.0116263
0.024293
0.0439181
0.0521797
0.124608
0.17767
0.293258
0.0773159
0.00645078
0.047597
0.0840957
0.11465
0.119752
0.208534
0.310447
0.142321
0.0214202
0.116536
0.178344
0.206137
0.232659
0.198114
0.17397
0.141601
0.0971327
0.180062
0.274903
0.207011
0.0590709
0.059117
0.082582
0.0501465
0.0338935
0.102599
0.209204
0.229437
0.1225
0.140025
0.161794
0.103206
0.0828275
0.210293
0.21765
0.0387178
0.0537288
0.0587961
0.173185
0.149073
0.0368259
0.0293632
0.0420613
0.00814507
0.0230441
0.0390925
0.423831
0.322833
0.0175923
0.0134306
0.0184759
0.037698
0.0393766
0.0769019
0.220653
0.142571
0.0237058
0.0338599
0.0221925
0.00128578
0.00701951
0.0357544
0.527096
0.473246
0.0164816
0.000616959
0.00322913
0.0167764
0.0312957
0.0274947
0.233863
0.179192
0.0215292
0.163078
0.0739286
0.00996907
0.0148838
0.0196178
0.0123714
0.0113691
0.144782
0.747974
0.123469
0.0153508
0.0146839
0.0275272
0.289196
0.285901
0.0128228
0.00891361
0.025133
0.0265795
0.0207019
0.0199704
0.0231135
0.0279761
0.0169901
0.148686
0.076226
0.00820632
0.00235575
0.00484853
0.00394034
0.00808277
0.063322
0.485334
0.0760414
0.0122152
0.00525524
0.0186438
0.00835651
0.044898
0.0691741
0.544867
0.0652398
0.0094757
0.00257974
0.00225266
0.00543979
0.00603133
0.0124484
0.224277
0.0588391
0.00758299
0.00247587
0.00128087
0.000363741
0
0.0933004
0.567842
0.0683562
0.0211537
0.00635175
0.0167812
0.00615798
0.0286044
0.101238
0.324588
0.0376527
0.11714
0.0099181
0.00353905
0.00707236
0.0570314
0.111561
0.13335
0.0617036
0.0166252
0.00257205
0.000749323
0.000269632
0.00425613
0.138341
0.604751
0.064048
0.0742749
0.00247786
0
0.000438004
0.0493161
0.209048
0.565929
0.0970609
0.086355
0.0164205
0.00561263
0.0763687
0.169084
0.1427
0.0670059
0.0523705
0.0354047
0.0479089
0.0369966
0.553532
0.245094
0.0925191
0.0437786
0.0252697
0.0843129
0.0189866
0.00363322
0.0133807
0.105255
0.267084
0.422823
0.139764
0.160459
0.119398
0.0541303
0.195437
0.102308
0.137933
0.219829
0.155821
0.0737465
0.0751153
0.0491552
0.59395
0.198256
0.0641896
0.0439683
0.0531856
0.0875769
0.102397
0.158287
0.41819
0.150217
0.0317831
0.0429
0.0778041
0.123463
0.132529
0.070492
0.207225
0.0806023
0.0982661
0.108852
0.102162
0.0710998
0.0891358
0.0622032
0.196015
0.161858
0.0591981
0.0904324
0.133906
0.223946
0.0300686
0.0154202
0.0417606
0.0517755
0.0458502
0.0593276
0.147034
0.12163
0.0429253
0.0568109
0.209744
0.214587
0.116895
0.121686
0.121374
0.385965
0.0203806
0.0294662
0.0228843
0.0239856
0.0265006
0.0543637
0.316995
0.295471
0.0522884
0.0959151
0.212956
0.298933
0.15195
0.0893526
0.224807
0.00476986
0.00501197
0.0231625
0.1817
0.110373
0.0176654
0.010256
0.00511331
0.00136629
0.000931821
0.0116346
0.455795
0.32468
0.00531507
0.000243116
0.00258187
0.0128752
0.00357362
0.0176055
0.221017
0.170068
0.0397195
0.00882604
0.0102062
0.000516783
0
0.0061374
0.616193
0.343515
0.00891433
0
0.000516783
0.017461
0.0089525
0.0108139
0.435919
0.375081
0.0139808
0.00902785
0.0349937
0.0291746
0.0147401
0.00826515
0.0318608
0.0490466
0.0320592
0.0391169
0.0631583
0.0100354
0.0104431
0.00778381
0.61561
0.373805
0.00806304
0.00615673
0.00807544
0.0218739
0.0330549
0.0216004
0.0587543
0.0677165
0.0404902
0.0424302
0.0234773
0.0334428
0.0162899
0.00889626
0.01031
0.0217588
0.0186038
0.0918869
0.0730791
0.0298838
0.0306454
0.0291924
0.00557318
0.00783303
0.117318
0.543008
0.0846753
0.111458
0.0973185
0.0307476
0.0226682
0.0218045
0.0222386
0.049706
0.0356351
0.232943
0.644958
0.133554
0.0107041
0.0117495
0.0193831
0.0453434
0.0202215
0.00500637
0.0141291
0.00819337
0.00119618
0.00477108
0.0578958
0.3041
0.0358728
0.00761793
0.0563107
0.0358086
0.0271737
0.00964676
0.126081
0.540254
0.0391679
0.0889471
0.344089
0.0481385
0.00130049
0.00557445
0.0103134
0.0412706
0.00455825
0.125903
0.583009
0.121787
0.0407606
0.001445
0.0292701
0.153252
0.00420122
0.0213638
0.0655594
0.0562218
0.104285
0.015439
0.18731
0.494567
0.0667735
0.104324
0.069233
0.0569043
0.0952477
0.0128512
0.101485
0.190955
0.156531
0.129583
0.534497
0.179388
0.149952
0.00596043
0.073626
0.152303
0.0177396
0.178725
0.207334
0.125657
0.112205
0.0179361
0.0745672
0.0834409
0.106677
0.167313
0.119655
0.107073
0.0696341
0.0558998
0.1106
0.206485
0.245751
0.114153
0.0498179
0.0499064
0.0958566
0.223013
0.104697
0.13276
0.217718
0.217392
0.221903
0.204363
0.063619
0.0650029
0.126986
0.170099
0.270088
0.116739
0.113708
0.104518
0.125441
0.289921
0.183634
0.132039
0.156816
0.199622
0.0118077
0.0249391
0.00196052
9.83148e-005
0.00395401
0.0273048
0.211796
0.196161
0.0219755
0.0547838
0.0622236
0.126479
0.0504752
0.0922014
0.139287
0.420648
0.02455
0.0223615
0.0160972
0.00678722
0.00663235
0.0299472
0.404439
0.32207
0.0322133
0.0352371
0.175027
0.311564
0.132779
0.14276
0.318467
0.0165848
0.00280627
0.0110345
0.164254
0.17528
0.0331852
0.0284467
0.0161798
0.000547703
0
0.000732085
0.444879
0.300372
0.00853329
0.000305958
0.000547703
0.0188942
0.0036645
0.00426275
0.260921
0.340039
0.0547672
0.0454957
0.0329296
0.0580735
0.032886
0
0.433591
0.453163
0.0341062
0.0182056
0.0259305
0.00963423
0.0112918
0.00318096
0.225416
0.146819
0.00579335
0.00283302
0.00420689
0.0646493
0.149379
0.0187457
0.0193295
0.0168125
0.0118077
0.0109015
0.00771439
0.155269
0.247229
0.0382375
0.164888
0.184694
0.0273083
0.0210199
0.0381861
0.268038
0.770371
0.0876742
0.00516364
0.006383
0.00784994
0.00652028
0.0124705
0.0844157
0.17252
0.0145651
0.00482552
0.000992352
0.00214432
0.00599126
0.00466107
0.156591
0.402981
0.0401131
0.00125823
0.000400276
0.000332511
0.00277758
0.00247558
0.172628
0.553503
0.0264584
0.000939844
2.95141e-005
0.000365545
0.00107986
0.00133567
0.274242
0.553503
0.0326614
0.000175862
0.00026376
0.000501996
0.00109687
0.0132844
0.138172
0.471574
0.0609557
0.000153523
0.000692274
0.000290548
0.000780786
0.000366542
0.169542
0.494515
0.0663928
0.00506193
0.000173068
1.45961e-005
0.00846575
0.0221033
0.290376
0.433177
0.0376177
0
0.00101523
0.00512393
0.00605549
0.0447365
0.285669
0.210167
0.0263427
0
0.000676818
0.00607573
0.0227019
0.128808
0.214063
0.526168
0.0895436
0.0240916
0.0114037
0.0220418
0.0269477
0.0744517
0.213149
0.18691
0.0765651
0.0173792
0.0267114
0.0704307
0.0652506
0.135277
0.31359
0.166444
0.0143443
0
0.0147893
0.0503735
0.108254
0.279621
0.223539
0.0580714
0.0189169
0.014845
0.142281
0.233118
0.196051
0.251097
0.177126
0.0724447
0.0619691
0.00617325
0.0122323
0.0432609
0.0582205
0.162297
0.109944
0.0656128
0.0361749
0.0215933
0.0757658
0.0536804
0.0945921
0.165125
0.363112
0.0360566
0.0152722
0.0135691
0.104644
0.131448
0.117098
0.304585
0.420444
0.0411348
0.012495
5.89986e-005
0.00525092
0.020537
0.10942
0.528705
0.227711
0.0379629
0.0208966
0.0533705
0.0284156
0.0355606
0.0209735
0.19512
0.192266
0.04572
0.0312006
0.390616
0.303853
0.0873231
0.0442199
0.185974
0.0832256
0.0886984
0.0359871
0.0502106
0.07673
0.0769423
0.0295284
0.100298
0.0865955
0.0407886
0.0317653
0.311905
0.494458
0.165637
0.0798933
0.182424
0.0134995
0.00641353
0.00875005
0.30497
0.286508
0.0381696
0.0140961
0.0233461
0.157626
0.114307
0.00265085
0.227372
0.292609
0.0569265
0.0376096
0.0506791
0.0545887
0.0874867
0.0125537
0.197528
0.329268
0.0937082
0.0205389
0.069481
0.297704
0.530056
0.0155814
0.0746938
0.141687
0.0552884
0.0242993
0.0671548
0.16668
0.271825
0.0194222
0.0291441
0.0521651
0.0168991
0.0169172
0.0245483
0.146249
0.547069
0.0434384
8.02709e-005
0.000333327
0.000888539
0.000735561
0.00293413
0.255661
0.434054
0.00541976
0.00302024
0.00761042
0.00737531
0.00813415
0.0137764
0.193502
0.473137
0.0115062
0.00208978
0.00145428
0.000637317
0.00666752
0.031936
0.155765
0.646259
0.0264445
0
0
0
0.000135665
0.00169817
0.236074
0.526541
0.0207577
0.000826239
0.00118107
0.00227544
0.0055703
0.0291725
0.104903
0.327732
0.0186542
0.0014948
0.000418669
5.57247e-005
0.0110116
0.0545493
0.117334
0.136784
0.0181176
0.00330496
0.00270937
0.00704526
0.0194763
0.0662772
0.457645
0.470965
0.0415097
0.00710173
0.0244856
0.0358754
0.0482778
0.167947
0.438761
0.137844
0.0271058
0.020557
0.0473816
0.0459083
0.0604746
0.258938
0.128195
0.0816058
0.0718038
0.031283
0.0834598
0.0732597
0.0600835
0.083816
0.0609451
0.0568586
0.0687356
0.0939353
0.154947
0.0999668
0.0368533
0.0384925
0.272762
0.0525381
0.00668975
0.0108692
0.037418
0.0927014
0.113722
0.207807
0.197273
0.0109938
0.00506056
0.0153482
0.20934
0.426846
0.393117
0.282824
0.050553
0.0308312
0.0290873
0.0560644
0.0658172
0.0801835
0.0369806
0.0350523
0.0704123
0.0135994
0.0212
0.0322609
0.0871295
0.219185
0.329438
0.189258
0.160353
0.00409913
0.000616107
0.00465404
0.0537275
0.095305
0.118503
0.259427
0.24777
0.0032799
0.000565163
0
0
0.00536666
0.0323614
0.525659
0.107722
0.0028739
0.00131515
0.00487733
0.0163758
0.0575915
0.13676
0.248308
0.223372
0.00403866
0
0
8.88946e-005
0.00590151
0.0515497
0.564936
0.0733269
0.0966017
0.0400484
0.0612237
0.168254
0.148528
0.0466479
0.113678
0.0843337
0.0206766
0.0111648
0.0738106
0.489896
0.371189
0.170735
0.324298
0.0361385
0.0598158
0.0810695
0.20284
0.193817
0.109061
0.0534906
0.0615638
0.0824195
0.0425627
0.0288536
0.0780427
0.154478
0.159772
0.107257
0.162343
0.160763
0.138618
0.00415782
0.0368754
0.230041
0.166095
0.0527626
0.213244
0.403571
0.662666
0.013639
0.0166907
0.0626952
0.0416487
0.0173056
0.134602
0.117444
0.0391116
0.00523862
0.00914301
0.0219078
0.0452679
0.0478377
0.136802
0.191498
0.13363
0.0133809
0.012277
0.00707999
0.0156259
0.0384214
0.100732
0.445681
0.651132
0.0108171
0.0100408
0.0190063
0.00864113
0.0129955
0.0340961
0.284393
0.315048
0.0180657
0.0245207
0.0195423
0.0266093
0.0417136
0.105254
0.122037
0.11451
0.0208813
0.0248072
0.0388639
0.0195747
0.0243778
0.0363759
0.0609921
0.0657317
0.0249862
0.0439174
0.059379
0.0698882
0.0467887
0.0437126
0.23478
0.226549
0.061649
0.0323131
0.00999914
0.0423568
0.128114
0.303652
0.279346
0.0808527
0.0692722
0.0305429
0.0335519
0.0731627
0.118454
0.330164
0.0811419
0.0724197
0.09748
0.0561672
0.060282
0.197035
0.170166
0.131863
0.0985562
0.0186376
0.146751
0.151863
0.0987043
0.21434
0.209678
0.174378
0.108132
0.0371132
0.12886
0.103417
0.155195
0.111446
0.0601277
0.0827711
0.0603617
0.044821
0.173243
0.165567
0.223417
0.105989
0.041542
0.0490014
0.0316414
0.0168697
0.191493
0.413487
0.178917
0.0688144
0.0587695
0.0497561
0.184329
0.0930484
0.242844
0.396014
0.18112
0.0221214
0.0493365
0.116879
0.0806256
0.0257182
0.0683844
0.0839999
0.0783619
0.0457779
0.0289263
0.0891782
0.153003
0.0228358
0.0395463
0.067721
0.0749661
0.0738416
0.12154
0.224052
0.25362
0.0454017
0.0675458
0.0623797
0.0368022
0.0146035
0.0877064
0.247811
0.458384
0.0135895
0.0145009
0.0218368
0.0210221
0.0142406
0.109482
0.516508
0.174832
0.0268977
0.00533175
0.012076
0.0167094
0.0435295
0.0925991
0.200683
0.309008
0.0659616
0.000174048
0
0.000156634
0.0153067
0.111849
0.379081
0.274055
0.0443745
0.0104457
0.00272964
0.0037122
0.00565344
0.0612319
0.328559
0.414042
0.139439
0.0122531
0
0
0.00841765
0.115862
0.326584