0.00892619
0.0270035
0.0337652
0.0429573
0.0142035
0.00583013
0.00795812
0.0076871
0.23467
0.101789
0.11172
0.0637172
0.0248619
0.00532833
0.0228185
0.188719
0.0083019
0.0218073
0.0389355
0.210773
0.123085
0.00743101
0.00312747
0.00453995
0.267282
0.191718
0.281254
0.603027
0.392366
0.00258562
0.0610916
0.217596
0.134531
0.0268584
0.0308464
0.00812786
0.0043518
0.00779224
0.105513
0.202085
0.0302101
0.00285906
0.00314339
0.00456849
0.00283874
0.0119252
0.197575
0.161189
0.202955
0.0861027
0.0991113
0.200282
0.0928428
0.0172818
0.330446
0.340003
0.0880864
0.0116972
0.0020972
0.00719039
0.00296816
0.0343385
0.505134
0.464285
0.010058
0.00287352
0.00451809
0.00509887
0.00252158
0.0071629
0.103365
0.0829467
0.0111417
0.00686039
0.00753088
0.00401019
0.00687822
0.00485499
0.0196845
0.0302781
0.0302109
0.00205148
0.00157493
0
1.77803e-005
0.0711656
0.594355
0.365668
0.0385551
0.00461423
0.00353076
0.000678093
0.00493502
0.0955619
0.551565
0.337928
0.03137
0.0151679
0.0173882
0.0156599
0.0253418
0.0129708
0.00820915
0.0330238
0.0281551
0.00719941
0.0204612
0.0228388
0.0215595
0.0379108
0.0375672
0.0324551
0.108274
0.0171404
0.0159071
0.0084893
0.0260786
0.0760528
0.616199
0.567921
0.0989989
0.0151526
0.0332043
0.0223702
0.0397151
0.0386568
0.227066
0.272499
0.0578786
0.0159195
0.0485712
0.0897211
0.102729
0.101932
0.154312
0.058905
0.0180567
0.113933
0.164208
0.108609
0.150802
0.139596
0.117352
0.0638185
0.318083
0.0310402
0.120574
0.164005
0.10766
0.0714245
0.145721
0.302832
0.13497
0.111445
0.236911
0.219254
0.118082
0.0991505
0.0346188
0.093682
0.00979331
0.114189
0.239317
0.143953
0.122257
0.0900236
0.074592
0.0365029
0.115813
0.0792475
0.188447
0.145899
0.0903171
0.0850479
0.109879
0.104824
0.0636347
0.0961006
0.189075
0.139773
0.160267
0.0869763
0.0626545
0.0818847
0.153802
0.0850203
0.158576
0.126171
0.238343
0.0844893
0.122253
0.257556
0.131345
0.0598248
0.146934
0.122662
0.0392203
0.0466975
0.0609517
0.109795
0.0882442
0.154084
0.163068
0.221201
0.0965111
0.0348672
0.0612978
0.116394
0.116651
0.144775
0.218962
0.153499
0.08347
0.0366381
0.0593506
0.175367
0.091199
0.286745
0.197334
0.224694
0.0928145
0.0275156
0.065087
0.0829151
0.00412087
0.00291244
0.00543865
0.133984
0.0903477
0.001646
0.000635182
0.00395813
0.0251292
0.0315176
0.0509452
0.486442
0.406977
0.00041738
0.0117927
0.0228858
0.00343266
0.00343237
0.00254735
0.160959
0.139269
0.00272608
0.0018012
0.00480632
0.000395766
0.000169614
0.000285352
0.486442
0.486442
0.00068104
0.000266633
0.000283836
0.0616185
0.0306839
0.0511657
0.265656
0.170512
0.00425146
0.103018
0.0878867
0.0735453
0.0154159
0.0394024
0.0652296
0.0320804
0.0312134
0.399775
0.275668
0.022116
0.00553327
0.0384997
0.399775
0.399775
0.000421506
0.0239396
0.0132044
0.0597937
0.0082999
0.0577495
0.281799
0.210766
0.041644
0.29719
0.206243
0.020309
0.00145227
0.00438171
0.00382473
0.00148163
0.0553969
0.378862
0.223632
0.0313216
0.000212113
4.29973e-005
3.6221e-005
0.0002786
0.0778905
0.378862
0.292943
0.0425489
0.000944625
0.00657256
0.0249651
0.0189445
0.0784936
0.348873
0.285971
0.0857126
0.00237156
0
0
0
0.148632
0.378862
0.378862
0.0243831
0.000458654
0.000339208
0.000143573
0.00135843
0.0490107
0.322775
0.233069
0.0244189
0.000766897
0.00205501
0.00101911
0.00311297
0.0227577
0.256874
0.143522
0.0714082
0.0096041
0
0
0
0.117364
0.452399
0.394122
0.0392209
0.00643936
0
0
0.00232221
0.065621
0.452399
0.341375
0.0272227
0.00120416
0.00504723
0.00533007
0.00259875
0.00946083
0.160697
0.0998292
0.0154182
0.00408008
0.00735141
0.00872248
0.00357097
0.00396217
0.0540838
0.0399594
0.0190232
4.02614e-005
0.000533066
0.000387781
0.00283031
0.0612653
0.56611
0.379526
0.0211884
0.000114187
0.00190871
0.00173682
0.00147136
0.0406001
0.56611
0.33368
0.0185121
0.00707295
0.0118777
0.0118532
0.0143523
0.00956695
0.0249106
0.0277686
0.0183527
0.0184132
0.0201931
0.0130454
0.0242391
0.0122324
0.0163439
0.0342514
0.0352553
0.00253078
0.00440077
0.00436307
0.00489083
0.0636091
0.779172
0.410092
0.0352483
0.0165417
0.0132111
0.0111683
0.00965321
0.0777648
0.266843
0.198773
0.0119504
0.0318543
0.0241773
0.0213018
0.0109602
0.00512798
0.00823303
0.0225482
0.032205
0.0560732
0.055331
0.0264459
0.0098136
0.00756689
0.0130395
0.0325555
0.0292558
0.0295522
0.0388835
0.0340271
0.0154983
0.0262376
0.0504504
0.0789643
0.111079
0.359096
0.808277
0.258782
0.0725011
0.00826144
0.0097989
0.105617
0.00281501
0.00318734
0.0045303
0.10968
0.116937
0.00191249
0.00324606
0.00199203
3.14032e-005
1.34585e-005
0.00140515
0.471484
0.471484
0.000961553
0.000558341
7.77435e-005
0.00507282
0.00318722
0.00542081
0.137637
0.139383
0.000683189
0.00350883
0.00160742
1.64281e-005
0
0.00195195
0.471484
0.471484
0.000240388
0.000478819
0.000113939
0
0
0.00520326
0.394787
0.382784
0
0.00234347
0.000326305
0.00863665
0
0.00780489
0.272404
0.241062
0.00841769
0.0369021
0.0369188
0
0
0
0.394787
0.394787
0
0
0
7.3392e-005
0
0
0.353939
0.293708
0
0
7.3392e-005
0.0505205
0
0.00264061
0.0786352
0.0723554
0.0532036
0.209827
0.250649
0.130206
0.00471928
0
0
0
0.176213
0.64235
0.569654
0.00366119
0
0
0.102758
0.0892401
0
0
0.00366119
0.0217142
0
0
0
0
0.000793392
0.047097
0.0821512
0.0512967
0.00796778
0
0
0
0.0607653
0.482505
0.2819
0.0251945
0.00531185
0
0
0.00428763
0.0460265
0.482505
0.363437
0.00955185
0
0
0
0
0.00157926
0.114074
0.0887558
0.0183596
0
0
0
0.00107191
0.0156712
0.446049
0.213168
0.00761294
0
0
0
0.00204547
0.0348682
0.422393
0.227051
0.0132362
1.84757e-005
4.9036e-005
2.10154e-005
0
0.0387168
0.422393
0.239147
0.0226774
0
0
0
0.000511369
0.018872
0.420935
0.185861
0.035253
0
0
0
0
0.0631736
0.422393
0.305659
0.00758628
0.000109356
7.73886e-005
3.31665e-005
5.73266e-005
0.0360387
0.405934
0.16627
0.00459767
0.000414957
0.000655099
0.000556656
0.000442682
0.0440421
0.288072
0.148514
0.028076
0
0
0
0
0.0945879
0.414989
0.32991
0.0585684
0
0.000277411
0.00422358
0.0239676
0.137467
0.414989
0.414989
0.00629774
0.00596136
0.0237768
0.0203841
0.00875717
0.0367418
0.140647
0.0910892
0.0215657
0.15487
0.347557
0.18336
0.048278
0.021492
0.0273747
0.0323687
0.0320271
0.0033534
0.0251963
0.112635
0.108892
0.194125
0.425863
0.268441
0.00719668
0.110697
0.232842
0.425863
0.354521
0.145
0.174357
0.0392184
0.00205672
0.00189569
0.00213481
0.0996395
0.120019
0.000599656
0.00304716
0.00182895
5.4834e-005
0
0.000261338
0.471643
0.471643
0.000191111
0.000159863
0.000123347
0.00100646
0.00202305
0.00335484
0.147582
0.132014
0.000816612
0.00278326
0.00359006
3.6556e-005
2.53149e-005
0.000380648
0.471643
0.471643
0.000286667
0.000124001
0.000213623
0
0
0
0.394935
0.394935
0.0002287
0
0
0
0
0
0.280199
0.23422
5.71749e-005
0
0
0
0
0
0.394935
0.394935
0.000343049
0
0
0
0
0
0.327526
0.310417
8.57624e-005
0
0
0
0
0
0.424334
0.359428
0
0
0
0.000231689
0
0
0
0
0
0
0.000231689
0
0
0
0.499111
0.45538
0
0
0
0
0
0
0
0
0
0
0
0.00233831
0
0
0
0
0
0.00965908
0.0241412
0.0635494
0
0
0
0
0.00768296
0.376617
0.264636
0.0378971
0
0
0
0
0
0
0.0084581
0.406489
0.600655
0.0543855
0
0
0
0
0.0621646
0.02324
0
0
0
0
0.00369808
0.15687
0.0838339
0.0916667
0.0389261
0.00236549
0
0
0.0684717
0.511332
0.291085
0.167576
0.222815
0.0287102
0
0
0
3.1584e-005
0.0179911
0.346742
0.578082
0.111909
0
0
0.00494763
0.00968477
0.0640847
0.0598112
0.0969711
0.0152556
0
0
0.0845758
0.302229
0.226749
0.0953915
0.166607
0.0800089
0.0206083
0.0847105
0.117409
0.34642
0.300995
0.168862
0.444221
0.0726319
0
0
0.0183291
0.0323838
0.0658273
0.201145
0.444221
0.168672
0.0190774
0.0564737
0.0290244
0.0578841
0.0828909
0.0398002
0.0708692
0.0744601
0.119161
0.179077
0.101925
0.22879
0.111806
0.00436854
0.0299162
0.0659485
0.331105
0.387092
0.0841324
0.0956971
0.00879038
0.125193
0.387092
0.159793
0.0889123
0.140647
0.0365675
0.0257302
0.0200716
0.0531713
0.127974
0.12631
0.229671
0.387092
0.294738
0.0347863
0.00133388
0.000626679
0.000884609
0.00319005
0.129302
0.0968366
0.000951529
0.00284385
0.00235183
0
8.28519e-005
0.00118915
0.470302
0.470302
3.82438e-005
0.000123582
0.000235204
0.000685708
0.000796846
0.00189452
0.145039
0.14695
0.00229883
0.00443469
0.00113824
0
5.52346e-005
0.000783213
0.470302
0.470302
0
8.19574e-005
8.06847e-005
0
0
0
0.397724
0.383928
4.64737e-005
0
0
0
0
0
0.262799
0.252145
1.16184e-005
0
0
0
0
0
0.397724
0.397724
0.000111435
0.00100291
0
0.0229932
0.0228183
0
0.33039
0.309502
0.000445739
0.00401165
0.00374333
0.000607367
0
0
0.0810682
0.0766624
0
0
0.000607367
0.0247577
0.0384976
0.000989136
0
0
0
0
0.0103519
0.176149
0.289159
0.0162728
0.0997128
0.0935558
0.000362902
0.00326612
0.0166182
0.452675
0.752779
0.0625016
0
0
0
0
0.0458104
0.0467666
0.0965424
0.00362376
0
0
0
0
0.00492234
0.15477
0.402826
0.0436017
0
0
0
0
0.00880618
0.213941
0.529242
0.0382022
0
0
0
0
0.0130471
0.358712
0.529242
0.108339
0
0
0
0
0.00483563
0.179927
0.360992
0.0606548
0
0
0
0
0.0112621
0.257718
0.41907
0.115254
0
0
0
3.32586e-005
0.0287926
0.247435
0.41907
0.10077
2.03976e-005
0.000135922
0.00025869
0
0.00519572
0.310906
0.41907
0.124041
0.000210139
0.000332432
0.00082214
0.00164857
0.0344967
0.248259
0.503331
0.119393
0.000214526
0.000214526
0
0.000162096
0.0295418
0.252019
0.503331
0.0848084
0.00210173
0.000452419
0.00148027
0.000588496
0.0391545
0.241564
0.412193
0.0820973
0.00188233
0.0012301
0.00153699
0.00349586
0.0377071
0.122859
0.204475
0.0237313
0.00478623
0.00232823
0.00914724
0.00449331
0.0239052
0.192568
0.541617
0.0825961
0.0311751
0.0465419
0.0376572
0.00243653
0.0185749
0.108228
0.116748
0.0777393
0.130327
0.315469
0.541617
0.196876
0.00906966
0.0520003
0.0782034
0.0110883
0.0121311
0.0191788
0.0120862
0.00538407
0.0128249
0.0576051
0.021844
0.0167013
0.0567676
0.086144
0.231512
0.21164
0.0377072
0.00195953
0.0021226
0.00059048
0.112679
0.126964
0.00209278
0.00171171
0.000710303
0
0.000165927
1.84363e-005
0.470185
0.470185
0.000151417
0.000173445
7.43338e-005
0.00329132
0.00485982
0.00283401
0.12588
0.153685
0.00417117
0.000825986
0.00298114
0.00339638
0.00780188
0.00895758
0.470185
0.470185
0.024376
0.000416834
0.0111498
0.00942729
0.0103043
0
0.385457
0.385905
0.0187336
0.00699898
0.00859498
0.109011
0.217533
0.0112497
0.205624
0.220687
0.0290214
0.018787
0.0213597
0.0746259
0.0791721
0.0191826
0.315977
0.334965
0.0417873
0.0177373
0.0550823
0.300042
0.397769
0.0721946
0.0728907
0.113896
0.0436783
0.031471
0.0806164
0.157808
0.356916
0.0262973
0.0190615
0.0209969
0.00393586
0.00447368
0.0131244
0.20143
0.444625
0.0628266
0
0
0
0
0.00741495
0.2806
0.444625
0.118948
0.00394617
0.00812936
0.00580943
0.00533395
0.0385016
0.241344
0.444625
0.100724
0.000214756
0.000637139
0.00217025
0.000383913
0.038444
0.210273
0.49118
0.0672117
0
0
0
0
0.00753384
0.268165
0.49118
0.073474
0.000761754
0.000983022
0.000421124
0.00213327
0.00943893
0.148835
0.49118
0.0570644
0.000280267
0.000238605
0.00406595
0.00187125
0.0172296
0.132985
0.23887
0.0270211
0.00373353
0.00376121
0.00429226
0.00574977
0.0154353
0.37237
0.699441
0.0918343
0.00343623
0.00442182
0.00500791
0.00682232
0.0123726
0.278756
0.427431
0.0746619
0.00437394
0.00478032
0.0128519
0.0127676
0.02854
0.0950084
0.12041
0.0124067
0.00988364
0.0122723
0.0143841
0.0189515
0.0196196
0.0244309
0.0133254
0.00970223
0.00723544
0.0125961
0.0252302
0.028397
0.0122648
0.558565
0.471729
0.12543
0.0203865
0.0205693
0.0617198
0.0874466
0.133822
0.139604
0.072621
0.0430871
0.0407775
0.0270071
0.141683
0.10548
0.0512121
0.0381115
0.0156548
0.0424976
0.0335629
0.0615834
0.105862
0.126048
0.0629698
0.0383445
0.0323175
0.0548087
0.0514157
0.0583767
0.159873
0.148945
0.0639105
0.105087
0.0757216
0.0970253
0.0934974
0.0781308
0.102895
0.0677503
0.0431853
0.165837
0.112639
0.112791
0.23287
0.123764
0.271394
0.426498
0.222005
0.0540296
0.0728531
0.125982
0.0739455
0.0656879
0.167264
0.107923
0.0426529
0.0838675
0.104434
0.0945817
0.114761
0.0711127
0.142055
0.152397
0.0511388
0.0036949
0.00417924
0.00492765
0.103355
0.181548
0.0179986
0.0122826
0.00723758
0.112506
0.0410645
0.0304024
0.539499
0.574294
0.14557
0.0909365
0.152672
0.00850542
0.00783894
0.00616665
0.0252604
0.0764223
0.0199013
0.0248463
0.0166239
0.224832
0.039158
0.0183782
0.100048
0.216651
0.112874
0.146395
0.24245
0.251894
0.231163
0.0746334
0.188693
0.214023
0.0698507
0.039448
0.134497
0.430837
0.489971
0.108448
0.00933384
0.0185669
0.0101532
0.0108932
0.060302
0.304567
0.148037
0.0457609
0.0284894
0.0554498
0.0454717
0.0508146
0.1439
0.265023
0.250264
0.0449431
0.00583817
0.00220703
0.00325911
0.00403601
0.0223246
0.418025
0.630382
0.168155
0.00112105
0.00326887
0.00498939
0.00258465
0.0508134
0.259709
0.460223
0.0981091
0.00358032
0.00560577
0.0107102
0.00162334
0.0805735
0.13865
0.130042
0.0154929
0.00909892
0.00397877
0.00656457
0.00782844
0.0109985
0.0288237
0.0236962
0.014459
0.0127589
0.0153125
0.0165905
0.00857506
0.0186788
0.346709
0.734639
0.101747
0.0223802
0.0100352
0.0425429
0.0244698
0.106551
0.145462
0.144752
0.0584335
0.0574711
0.0178783
0.0408061
0.0325066
0.0444988
0.0352282
0.105019
0.0580424
0.0512536
0.0555914
0.0410577
0.020389
0.030982
0.0838064
0.13573
0.0759159
0.0735823
0.017586
0.0305189
0.0161545
0.0423836
0.145737
0.114136
0.0854697
0.107661
0.103482
0.081544
0.0915366
0.109134
0.0942145
0.076008
0.0967922
0.0408897
0.147286
0.116021
0.190659
0.137738
0.194293
0.18124
0.141618
0.165438
0.0562976
0.027678
0.0345305
0.167503
0.100862
0.254429
0.113354
0.155878
0.13899
0.0673332
0.132584
0.151183
0.079792
0.0197149
0.0412425
0.0419019
0.13304
0.15026
0.193073
0.113415
0.0543743
0.0771683
0.0769691
0.0666565
0.148595
0.227068
0.231693
0.0848799
0.0640389
0.103518
0.0603819
0.0881311
0.127649
0.180811
0.149558
0.091375
0.0512095
0.0471822
0.0815051
0.103523
0.211187
0.229677
0.161247
0.14601
0.0250121
0.105632
0.132826
0.0504086
0.0791712
0.161101
0.137643
0.0224085
0.129894
0.129704
0.116762
0.108536
0.102264
0.129555
0.183885
0.0420892
0.0400668
0.0791378
0.132421
0.134649
0.140104
0.115748
0.117967
0.0848563
0.204931
0.129515
0.223011
0.231597
0.108591
0.12492
0.177834
0.129852