0.0147381
0.0220858
0.0246708
0.0381879
0.0206842
0.00870789
0.00800908
0.0106199
0.213853
0.113245
0.120888
0.0660235
0.0265444
0.00723579
0.0377115
0.151488
0.00711395
0.0172082
0.040877
0.217097
0.111909
0.00895364
0.00463183
0.00506626
0.23048
0.11089
0.328974
0.649433
0.346776
0.0148209
0.0914347
0.209671
0.0994247
0.0298489
0.0343519
0.00791012
0.00390053
0.00984898
0.133572
0.174614
0.0131084
0.00366813
0.00143304
0.000196278
0.00196936
0.0119329
0.208158
0.143776
0.141368
0.0347033
0.120984
0.241583
0.084134
0.0290706
0.445804
0.284524
0.0372917
0.00440094
0.00475893
0.00960944
0.00424286
0.0304365
0.533054
0.392663
0.00536013
0.00530191
0.00366209
0.000993846
0.00417373
0.00670834
0.106686
0.079119
0.00996177
0.00926081
0.00952461
0.00437134
0.00361733
0.005696
0.0298323
0.0245707
0.00626596
0.00232332
0.000604413
0.000414895
0.00213036
0.0520406
0.632907
0.358208
0.0140734
0.00394147
0.002351
0.00295906
0.00216988
0.0564873
0.556663
0.270484
0.046718
0.0435434
0.0381216
0.019435
0.00987981
0.0147887
0.032546
0.0275141
0.0594208
0.0499131
0.0550021
0.0426826
0.0196252
0.0090621
0.0366591
0.0359131
0.059907
0.0303721
0.0116236
0.0183408
0.0108153
0.0520475
0.683654
0.490916
0.0527811
0.0447537
0.0305114
0.0383934
0.0191465
0.0454321
0.247178
0.171723
0.168201
0.0964369
0.0999909
0.105676
0.0974572
0.0715397
0.12942
0.14703
0.0977137
0.130885
0.133538
0.110546
0.161301
0.132142
0.0963512
0.116265
0.115449
0.0751972
0.0823176
0.128657
0.0907565
0.159338
0.273422
0.152203
0.10832
0.0980208
0.102825
0.180247
0.1859
0.13251
0.129876
0.152415
0.0287777
0.0614253
0.0880073
0.0690961
0.0699563
0.0612614
0.0383171
0.0333452
0.0376215
0.0777067
0.109868
0.122196
0.0460293
0.0920403
0.0850728
0.0277019
0.0592462
0.0819719
0.0869002
0.0991134
0.13711
0.0560255
0.0386708
0.0701386
0.313256
0.326645
0.200512
0.177128
0.273053
0.123319
0.0810281
0.377952
0.0477611
0.0240277
0.0241205
0.036617
0.0302214
0.0291792
0.0188745
0.0241744
0.113654
0.0220506
0.0127709
0.0184333
0.0534582
0.0442789
0.0266718
0.0609421
0.264908
0.21686
0.0582515
0.0329064
0.0546234
0.0393183
0.0272999
0.254848
0.524053
0.254056
0.0244535
0.00694069
0.027164
0.0214077
0.124773
0.517314
0.00143334
0.00284516
0.00897412
0.128455
0.0909328
0.00340818
0.00331446
0.00158385
0.0184308
0.0108345
0.059497
0.496116
0.372
0.00303074
0.0201664
0.0249073
0.00782804
0.00330371
0.00354306
0.160594
0.135266
0.00447168
0.00540262
0.0039028
0.00165124
0.00276493
0.0077205
0.496116
0.496116
0.000391886
0.00116368
0.000447366
0.0398565
0.0362924
0.0504957
0.275338
0.144547
0.00727947
0.156171
0.0863758
0.0386899
0.0448519
0.0245703
0.0497262
0.0139884
0.0372386
0.420416
0.271586
0.0145349
0.0448519
0.0298392
0.420416
0.334477
0.000249965
0.0255677
0.0272553
0.0265493
0.074283
0.0328148
0.247165
0.13471
0.0475042
0.366601
0.222117
0.00388783
0.00481808
0.00158952
0.00141273
0.000429962
0.0545903
0.397464
0.191795
0.00635713
0.000184233
8.20575e-005
0.000156174
0.00468534
0.0664284
0.397464
0.217785
0.0119097
0.010281
0.00289986
0.0164387
0.00962085
0.0705539
0.397464
0.238398
0.0230048
0
0
0
0.0184236
0.125493
0.397464
0.397464
0.0071518
0.00106396
0.000449085
0.000611469
0.00442975
0.0365882
0.326537
0.164131
0.00328307
0.00152409
0.0011653
0.00150751
0.00120572
0.0221361
0.198651
0.114096
0.0547243
0.00149386
0
0
0.0161978
0.132194
0.461685
0.407049
0.0566451
0.0022408
3.55364e-005
0.000255216
0.000176461
0.112272
0.461685
0.371284
0.00780102
0.00148592
0.00333775
0.00501898
0.00343334
0.027642
0.115533
0.0695628
0.0156505
0.00487518
0.00670823
0.00864159
0.00478882
0.00770923
0.0327544
0.0274793
0.0263921
0.000646297
0.000377231
0.0015671
0.000516133
0.129161
0.605517
0.33432
0.0287826
0.00101674
0.00141532
0.00185166
0.000265698
0.0483807
0.605517
0.231027
0.0224174
0.0191281
0.0219543
0.0355212
0.0291983
0.0046036
0.0262042
0.0351284
0.144579
0.105474
0.069969
0.111395
0.197215
0.035263
0.0210653
0.195436
0.0320058
0.0150148
0.019848
0.0201891
0.0105801
0.0153238
0.624894
0.396438
0.116031
0.0495422
0.0586181
0.0916636
0.139786
0.021443
0.219067
0.3194
0.124066
0.0728427
0.0343453
0.0255271
0.0449899
0.0199359
0.0139763
0.149124
0.239749
0.144968
0.0359359
0.0114538
0.000854746
0.00533749
0.0663905
0.230698
0.110253
0.0204137
0.0848348
0.044913
0.0461904
0.0134681
0.0256891
0.154925
0.194978
0.450608
0.641427
0.114947
0.00946013
0.00757148
0.0464086
0.187497
0.00498893
0.00139295
0.0016308
0.127676
0.094372
0.00491571
0.00502819
0.00248291
0.00119189
0.000149858
0.00338388
0.476426
0.453174
0.000875195
0.000447452
5.70277e-005
0.00149887
0.000545785
0.00173613
0.157627
0.127795
0.00759221
0.00598363
0.00302704
0.000374717
2.90539e-005
0.00290314
0.476426
0.476426
0.00342807
0.000446617
0.000306925
0
0.00646278
0.00693313
0.422836
0.355508
0.000467201
0.003171
0.000441531
0.0038526
0.0137905
0.00566076
0.258766
0.20459
0.00952096
0.0686961
0.0452403
0
0
0.00350651
0.422836
0.422836
0.00326721
0
0
0.000561141
0.000489769
0.0013664
0.315644
0.28238
0.000816802
0
0.000561141
0.0315632
0.00560177
0.00134658
0.0478111
0.0387584
0.0368468
0.339259
0.198759
0.0642712
0
0
0
0.014118
0.198196
0.601256
0.59182
0.00795287
0.000793144
0.000793144
0.0601876
0.0550206
0
0
0.0135875
0.0188858
7.73799e-005
7.73799e-005
0.000398534
0.000398534
0.0392563
0.0689801
0.105236
0.0653046
0.00235691
0
0
0.0051583
0.12585
0.416602
0.329989
0.08027
0.00353536
0
0
0
0.115074
0.465346
0.339447
0.0223024
0.000589226
0
7.07008e-005
7.07008e-005
0.0289817
0.118522
0.126127
0.0330097
0.00088384
0
0.000282803
0.000282803
0.0492334
0.465346
0.220448
0.0106089
0.000366509
0
0
0
0.0627248
0.443372
0.150839
0.00616228
2.97018e-005
2.97018e-005
0
0
0.0323594
0.443372
0.156864
0.0116134
9.16272e-005
0
6.52485e-005
6.52485e-005
0.0467218
0.443372
0.173655
0.0127651
0
0
0
0
0.0921933
0.443372
0.276068
0.00543245
0.000797003
0.000636235
0.000314522
5.94309e-005
0.0137456
0.410711
0.14192
0.00512959
0.00320627
0.00703573
0.00303455
0.00946661
0.0242643
0.247988
0.108796
0.008665
0
0
0.0025558
0.00633515
0.0816016
0.467543
0.308712
0.00186701
0.000480661
0.00252689
0.0226323
0.0793487
0.201943
0.467543
0.322123
0.0122411
0.0242863
0.116386
0.0171957
0.0272607
0.0192449
0.0698235
0.0586482
0.0223411
0.206657
0.428695
0.0976763
0.0228093
0.0119422
0.0175153
0.0314176
0.00050671
0.0327027
0.15286
0.157646
0.225613
0.164905
0.306128
0.10753
0.00583165
0.117647
0.428695
0.373317
0.317827
0.0775461
0.125712
0.0508525
0.000996856
0.000149619
0.00229203
0.13378
0.0978575
0.00299585
0.00164281
0.00166972
0.000203438
0
0.00459875
0.469727
0.469727
0.00131738
4.77021e-005
0.000203438
0.00288391
0.000869282
0.00496881
0.160839
0.13253
0.00149282
0.00015386
0.00216297
0
6.61449e-005
0.0038387
0.469727
0.469727
0.000235933
0
0
0
0
0.00562554
0.421549
0.376352
0.00149938
0
0
0.000455775
0.00041792
0.00182431
0.264809
0.211192
0.000374844
0
0.000455775
0
0
0.00411231
0.421549
0.421549
0
0
0
0.000209993
4.07726e-005
0.00106885
0.322753
0.254136
0
0
0.000209993
0.00820802
0.00664539
0.00664539
0.412719
0.350141
0
0
0.00820802
0.00830811
0.000976072
0.000976072
0.00322515
0.00322515
0
0
0.0122096
0.00322515
0.000976072
0.000976072
0.479606
0.395803
0
0
0.00322515
0.00503417
0.000244018
0.000244018
0.0004387
0.0004387
0
0
0.00273429
0.0118821
0
0
0.000308933
0.000308933
0
0.015999
0.0409598
0.0380634
0
0
0.00123573
0.00123573
0.0167887
0.459728
0.280463
0.0402156
0.040185
0
0
0
0
0
0.00251094
0.401528
0.622607
0.0221947
0
0
0
0.000785597
0.0329526
0.0180191
0.000130509
0
7.13178e-005
7.13178e-005
0.0222498
0.2037
0.105825
0.057286
0.0773014
0.00589764
0
0
0.0938047
0.514198
0.282083
0.137618
0.319135
0.0112939
0
0
0.000265203
0.00330518
0.0157045
0.369841
0.514198
0.0518204
0.00402899
0.00281269
0.00340407
0.0591916
0.0713481
0.0206796
0.103119
0.0331216
0.0219296
0.0116629
0.0769288
0.414391
0.172617
0.00437287
0.0827523
0.0634313
0.123885
0.106537
0.164619
0.414391
0.140393
0.165579
0.414391
0.0917589
0.0357016
0.0122824
0.0306813
0.090908
0.0336279
0.132456
0.414391
0.18004
0.157939
0.0601825
0.0724133
0.0865
0.0193198
0.00130485
0.0264568
0.0660667
0.275208
0.288326
0.120499
0.19383
0.0418553
0.00562103
0.0117194
0.0948758
0.326687
0.350825
0.0529155
0.105655
0.0701561
0.0693868
0.253752
0.174676
0.245816
0.223882
0.163311
0.0510047
0.00956496
0.0140961
0.0192144
0.0720165
0.211026
0.330873
0.286033
0.0654907
0.0301652
0.00198236
0.00151014
0.00289133
0.117251
0.117642
0.00267224
0.000563386
0.00175582
2.91e-005
0.000271986
0.000592429
0.469856
0.468838
0.000370912
0
0
0.000653719
0.00153473
0.00269672
0.159193
0.135829
0.00654846
0.00239518
0.00067333
0.0001164
0.000365937
0.000144401
0.469856
0.469856
0.000666148
4.81775e-005
0
0
0
8.80854e-005
0.423171
0.380622
0
0
0
1.56863e-005
0
2.20213e-005
0.243097
0.214913
0
0
1.56863e-005
0.00222832
0
0
0.423171
0.423171
0.00174891
0
0.000247591
0.0392117
0.066506
0.00450256
0.286985
0.287019
0.00262336
0
0.00417896
0.00301445
0.000679134
0
0.0442795
0.0383824
0
0
0.000476636
0.0708227
0.0591125
0
0
0
0
0
0.0116069
0.168503
0.399105
0.0281874
0.0505189
0.0483484
0.000702505
0
0.0198034
0.494868
0.679561
0.136672
0
0
0
0.0094269
0.0434544
0.0662166
0.131021
0.00764929
0.000543084
0
0
0
0.00838631
0.141491
0.459019
0.0568958
0.00217234
0
0
0
0.00528842
0.296822
0.459019
0.112283
0.00217234
0
0
0.00685332
0.0225179
0.352462
0.459019
0.22754
0.011723
0.00996786
2.46538e-005
0.00390749
0.00577159
0.128264
0.390889
0.0606529
0.000513109
0
0
0
0.0103213
0.285043
0.390889
0.0713265
0.00157904
0.00110235
0
0
0.0225072
0.214699
0.390889
0.15136
0.0056016
0.0116615
2.88428e-005
0.00549589
0.0152008
0.390889
0.390889
0.0810161
0.000887291
0.00291538
0.00104735
0.00685534
0.119086
0.26603
0.401808
0.0876019
0.00930226
0.00461092
0.00226278
0
0.025214
0.224552
0.401808
0.0886272
0.0253467
0.0104847
0.0169205
0.00072881
0.0684619
0.401808
0.229661
0.0619997
0.010674
0
0.00406873
0.00646401
0.135449
0.393546
0.140931
0.083286
0.0178082
0.0124426
0.0109174
0.0260276
0.273172
0.126923
0.210886
0.0904872
0.0470992
0.0765441
0.188976
0.0353159
0.065828
0.0225258
0.0290572
0.0530612
0.0561869
0.181708
0.446472
0.160426
0.0339976
0.182303
0.0527434
0.0486535
0.00795403
0.0320193
0.0640638
0.0759308
0.335402
0.149345
0.0524203
0.0415818
0.051459
0.0624099
0.443976
0.232975
0.352971
0.00107454
0.000705812
0.0030134
0.145615
0.0992936
0.00521366
0.00182419
0.000385124
3.53683e-005
6.73137e-005
0
0.466096
0.466096
0.00665804
0.00221238
0.000172978
0.00259721
0.000948793
0.000798412
0.145308
0.171958
0.00739078
0.00162302
0.00130538
0.0144317
0.00995378
0.0232053
0.466096
0.466096
0.0333575
0.0324066
0.00608897
0.0233539
0.00978124
0
0.333158
0.385121
0.0253107
0.0354432
0.00903497
0.135391
0.291958
0.028731
0.137249
0.204936
0.0241948
0.0490799
0.0265819
0.0833103
0.0855756
0.066616
0.221931
0.337272
0.0487819
0.0868663
0.0402561
0.31302
0.404179
0.220733
0.025556
0.0871399
0.0312102
0.0884154
0.0936493
0.117906
0.41524
0.0579085
0.00986606
0.0137917
0.00158737
0.00579509
0.012873
0.192196
0.41524
0.150218
0.00366198
0
0.000857012
0.00669694
0.0192634
0.262483
0.41524
0.156873
0.00116077
0.00424843
0.00373125
0.020177
0.0344419
0.213979
0.41524
0.218353
0.0286694
0.0217349
0.0203083
0.0293731
0.0190171
0.298031
0.461827
0.202009
0.00422278
0
0.00397125
0.0200911
0.0542617
0.294011
0.461827
0.220242
0.0127554
0.018109
0.00274718
0.0262748
0.0365231
0.175683
0.30203
0.193592
0.0465677
0.0225181
0.0279397
0.0464197
0.0789473
0.173072
0.178464
0.0697881
0.0216136
0.0118735
0.0190069
0.0699893
0.115538
0.347394
0.492313
0.184566
0.0241428
0.0476773
0.000262439
0.043972
0.0431031
0.440539
0.266015
0.038391
0.0219371
0.0215596
0.0250751
0.0357574
0.272601
0.240177
0.096816
0.0379223
0.0155788
0.0156293
0.00810491
0.0566855
0.124091
0.234996
0.0472409
0.0266174
0.079059
0.0434147
0.0458372
0.0162386
0.18689
0.300858
0.0814349
0.0445452
0.1078
0.0302973
0.0555833
0.0196719
0.161277
0.305432
0.183268
0.219072
0.198967
0.0773028
0.042184
0.0401586
0.211025
0.0604585
0.110429
0.0772243
0.268796
0.0880377
0.0817897
0.00736658
0.0604898
0.073446
0.285667
0.217938
0.519189
0.140382
0.0446796
0.00957255
0.0243879
0.164916
0.099063
0.156487
0.0819665
0.0863078
0.0198139
0.0864493
0.258027
0.236801
0.100159
0.111191
0.0892126
0.175342
0.202939
0.179233
0.33093
0.150671
0.167771
0.215582
0.264206
0.121042
0.0219629
0.0385964
0.0587225
0.133645
0.172363
0.351375
0.169162
0.27541
0.14247
0.0915051
0.0444931
0.0231214
0.0142119
0.0225322
0.0812702
0.151476
0.0179165
0.00576402
0.0131035
0.157165
0.0709121
0.100114
0.287267
0.506506
0.0884822
0.102801
0.124006
0.0329387
0.0893019
0.18999
0.12612
0.0671352
0.0116848
0.00595527
0.0183538
0.235535
0.324943
0.440295
0.163629
0.132315
0.0511383
0.0700654
0.182385
0.184656
0.221284
0.129371
0.0900743
0.180124
0.0486334
0.0781886
0.0819124
0.286891
0.446355
0.252648
0.0031203
0.00521181
0.007244
0.0258185
0.0581858
0.255239
0.255566
0.159208
0.0301369
0.0331581
0.0226289
0.0391555
0.139906
0.356384
0.332036
0.164619
0.00199775
0
0.000815451
0.00334411
0.0836401
0.340891
0.395462
0.128475
0.000513928
0
0.0046506
0.0263256
0.0480439
0.33544
0.245541
0.0949346
0.0270221
0.0268737
0.0414986
0.0818395
0.0943962
0.377553
0.23865
0.0972293
0.00175601
0
0.00112091
0.00805398
0.0532718
0.418019
0.156765
0.0969901
0.00508856
0.00306744
0.0166568
0.0475168
0.202154
0.235849
0.131255
0.0744439
0.0433594
0.0234138
0.0306424
0.0583078
0.156271
0.334118
0.0652101
0.0213689
0.0172814
0.00586086
0.0104584
0.0282068
0.244739
0.408328
0.0901207
0.0461609
0.00608696
0.00247364
0.0114413
0.0395828
0.300016
0.486267
0.0711252
0.0268257
0.00227532
0
0
0.00752095
0.392266
0.321796
0.0156803
0.00875099
0.00570567
0.00205286
0.00438796
0.0117559
0.2545
0.291202
0.0489658
0.0360914
0.0447481
0.0343296
0.0200613
0.0359256
0.260434
0.409859
0.035575
0.0284792
0.0174044
0
0
0.000983314
0.375234
0.343851
0.0216263
0.0619904
0.0503692
0.0162842
0.0149766
0.060981
0.418607
0.183582
0.139728
0.0839374
0.119326
0.0563406
0.0304743
0.0669673
0.0948781
0.235568
0.266217
0.102371
0.220442
0.055801
0.0097194
0.0537946
0.147101
0.329616
0.0622623
0.059986
0.023113
0.0224829
0.0206776
0.105233
0.264524
0.50603
0.146068
0.0338392
0.0232941
0.00965915
0.0135457
0.0866252
0.396856
0.117487
0.104552
0.0828907
0.100191
0.049775
0.00420768
0.0819251
0.203566
0.197119
0.151266
0.19907
0.07293
0.0878512
0.0436783
0.102491
0.270006
0.231599
0.0542225
0.0143636
0.0196808
0.0157237
0.00501508
0.105926
0.384541
0.418002
0.0739154
0.0336761
0.0168736
0.0230149
0.00152024
0.117301
0.49651