0.206624
0.00671952
0.0449311
0.0261586
0.0220806
0.0155925
0.020376
0.170696
0.303351
0.150452
0.0721231
0.0816725
0.0667733
0.0184124
0.0208687
0.204519
0.383303
0.0148006
0.0238071
0.00986534
0.0195602
0.0254665
0.0452597
0.375459
0.407912
0.280203
0.254408
0.148088
0.0781796
0.068509
0.0817367
0.255742
0.212723
0.1489
0.0519069
0.0976991
0.0838458
0.0218227
0.0169181
0.083662
0.094299
0.0498789
0.0217706
0.107231
0.399315
0.184306
0.0921652
0.0598083
0.274399
0.298286
0.204025
0.0856781
0.0325883
0.0505396
0.0950922
0.122507
0.179911
0.135205
0.0506083
0.0207416
0.122387
0.374141
0.40161
0.161709
0.00801271
0.00500517
0.00429533
0.0802637
0.320244
0.135992
0.0963047
0.0235069
0.00230441
0.00541774
0.00975329
0.121478
0.360986
0.0246126
0.0320341
0.0184187
0.0261292
0.013968
0.0102019
0.019814
0.108474
0.293613
0.42408
0.196382
0.0588273
0.0333864
0.0553572
0.0775939
0.213499
0.058869
0.42408
0.336356
0.0058127
0.00456054
0.0124887
0.181039
0.549596
0.00138293
0.00158266
0.0059715
0.0204895
0.0138428
0.0136846
0.0466317
0.0984956
0.00304915
0.0107887
0.00839892
0.13565
0.0510586
0.104274
0.169976
0.433941
0.00358286
0.429138
0.305366
0.0578133
0.00608339
0.0229768
0.0659302
0.119693
0.0120082
0.107936
0.134706
0.0169963
0.0238731
0.0215967
0.0516652
0.0377791
0.0160442
0.0167653
0.0161022
0.00152257
0.00948861
0.0236179
0.336736
0.531845
0.0243289
0.0103838
0.00300947
0.0270834
0.012864
0.0124231
0.0461563
0.0646139
0.0385079
0.0259211
0.0909167
0.00582366
0.00405234
0.0141141
0.28185
0.61555
0.0569575
0.00337503
0.0224232
0
0.000236083
0.00182516
0.212137
0.41236
0.0019417
0.000397075
0
0.00463415
0.0016389
0.00400929
0.183446
0.318667
0.00383718
0.00379809
0.00596926
0.000118786
5.90208e-005
0.00100326
0.222916
0.520064
0.0056805
0.000220978
0.000850422
0.00149857
0.000359982
0.00380275
0.212563
0.482132
0.0215447
0.00124784
0.00215456
0.0480007
0.0279444
0.0406374
0.214083
0.258887
0.0807351
0.0544781
0.0635186
0.0913315
0.0629721
0.0888393
0.082104
0.0772702
0.132744
0.0853831
0.0971655
0.0381343
0.0260428
0.0364669
0.254911
0.55579
0.207436
0.0685593
0.0509242
0.144653
0.0879223
0.0633668
0.0552491
0.139186
0.213559
0.133461
0.178407
0.163805
0.027589
0.0515279
0.0648884
0.0368871
0.0460352
0.0565951
0.181817
0.0914364
0.0752833
0.277359
0.399783
0.149545
0.0833425
0.0755149
0.0861658
0.120285
0.088748
0.199746
0.212614
0.0370889
0.0337077
0.031011
0.0687887
0.0394108
0.0846997
0.455233
0.455233
0.215242
0.0329799
0.0230001
0.0278509
0.0921985
0.169918
0.293548
0.272807
0.0732558
0.0400845
0.0666212
0.041285
0.16157
0.157078
0.125378
0.0466638
0.0163642
0.171494
0.437424
0.113285
0.0375522
0.074349
0.302131
0.437424
0.135365
0.00751943
0.0107627
0.0269461
0.094589
0.100343
0.172459
0.199045
0.0171158
0.0289177
0.195266
0.0819039
0.0352693
0.0158772
0.00815368
0.0026297
0.00391617
0.155855
0.429332
0.178448
0.0408329
0.0176031
0.0221663
0.0160525
0.0253776
0.114287
0.429332
0.331282
0.0306647
0.0141542
0.00918805
0.00940072
0.000937901
0.0632863
0.306365
0.134235
0.0132377
0
0
0
0.00130922
0.150211
0.429332
0.284098
0.0470834
0.0124754
0.0223574
0.0192905
0.02855
0.0779756
0.413417
0.18793
0.0309244
0.000207364
0.00552475
0.00976035
0.0134722
0.0480405
0.316112
0.165608
0.0112981
0
0
0.0157144
0.0149963
0.208457
0.44034
0.233414
0.0254771
0.00640466
0.00154982
0.0237825
0.024289
0.248336
0.44034
0.24352
0.0238864
0.000432506
0.00131393
0.00595502
0.00962021
0.0189731
0.213356
0.0970284
0.0118471
0.000108127
0.00108276
0.0544071
0.122639
0.0227481
0.0527604
0.0299876
0.0656466
0.00899301
0.00309033
0.00573019
0.00756089
0.201135
0.53308
0.256946
0.0795242
0.0537146
0.0471167
0.0493944
0.0841653
0.453017
0.48424
0.115148
0.000195927
0
0.00314795
0.191808
0.443157
0.012405
0.00858504
0.00512309
0.008278
0.00432689
0.0161232
0.202881
0.43108
0.0154464
0.0161603
0.0137418
0.129068
0.0925691
0.0990612
0.143982
0.365287
0.262523
0.0947912
0.0254167
0.150292
0.0732193
0.0779452
0.138173
0.359862
0.0596098
0.154686
0.0781888
0.0541476
0.0264248
0.0369207
0.162985
0.332406
0.0797729
0.0611047
0.0704291
0.0743695
0.034791
0.0423941
0.0468199
0.0836468
0.0805886
0.107498
0.11169
0.299446
0.179257
0.0773735
0.095625
0.200972
0.274386
0.362473
0.25073
0.190145
0.13623
0.055807
0.0869243
0.0346046
0.189572
0.200173
0.203869
0.184738
0.124244
0.173769
0.100191
0.0271249
0.025378
0.0146695
0.087472
0.0689516
0.205145
0.317142
0.333899
0.146716
0.0284575
0.0261194
0.0333754
0.127163
0.128746
0.23244
0.0423277
0.0554301
0.176346
0.120533
0.073661
0.0432297
0.319729
0.407862
0.127177
0.21729
0.281504
0.143489
0.0344427
0.0515632
0.121958
0.211523
0.374461
0.184624
0.0339845
0.0508597
0.0529967
0.0206627
0.019221
0.0952889
0.174642
0.0607809
0.0167354
0.0353914
0.0312249
0.0340069
0.261673
0.256585
0.278182
0.52945
0.149872
0.122824
0.0339118
0.00498851
0.0051518
0.0204939
0.171223
0.307318
0.0328813
0.0281804
0.00847795
0.026362
0.00841791
0.00796929
0.0291854
0.0101472
0.0375179
0.2203
0.15412
0.0686936
0
0
0.000599174
0.00247487
0.146014
0.650618
0.603939
0.00154151
0
0
0.0241705
0.0241705
0
0
0.00154151
0.0172906
0
0
0.000898761
0.000898761
0.000135729
0.0280295
0.0301835
0.0132577
0
0
0.0169172
0.0407919
0.133382
0.304949
0.178969
0.0571422
0.0327074
0.00761678
0.02478
0.0874999
0.350349
0.538212
0.200292
0.00407161
0
0
0.00107238
0.0275265
0.0365355
0.0680136
0.0224153
0.0547582
0.0218049
0.00507785
0.000714919
0.059578
0.235381
0.508573
0.0917958
0.0564689
0.0172575
0.00498515
0.00156067
0.00911555
0.15132
0.33854
0.128578
0.061222
0.0511798
0.0245155
0.00818161
0.0145056
0.387186
0.358192
0.100301
0.0441839
0.0170753
0.0036511
0
0.00619533
0.209337
0.356676
0.0995062
0.034896
0.0447148
0.00814405
3.18883e-005
0.00661361
0.387186
0.387186
0.148692
0.105166
0.0580831
0.0333477
0.0145501
0.0435567
0.333323
0.240941
0.0254079
0.119247
0.0450101
0.0210591
0.0140717
0.0415434
0.115082
0.169601
0.050796
0.0500028
0.023066
0.00514119
0.00139479
0.0254482
0.413426
0.413426
0.103232
0.0663966
0.0108424
0.00454752
0.00776796
0.023138
0.30505
0.413426
0.28827
0.0860452
0.0442001
0.0111253
0.00897188
0.0106588
0.0459653
0.0759472
0.0709235
0.081292
0.0325395
0.0129318
0.018405
0.0210173
0.0247296
0.0198806
0.0696864
0.179586
0.0198332
0.0038907
0.010029
0.00885933
0.112981
0.371715
0.490804
0.490804
0.0555586
0.00952793
0.022203
0.0303988
0.01725
0.055881
0.490804
0.0320022
0.0996552
0.254922
0.0953761
0.0677744
0.176041
0.101251
0.0167975
0.00513104
0.154214
0.229657
0.166078
0.298429
0.357629
0.0944525
0.0105059
0.0449744
0.0944606
0.177239
0.108716
0.189053
0.152681
0.0832556
0.017391
0.00796982
0.0559031
0.0458149
0.345694
0.42532
0.26275
0.0380124
0.00238266
0.00129593
0.0781248
0.091654
0.294028
0.449435
0.101851
0.0295052
0.00245898
0
0
0
0.176728
0.217816
0.0048972
0.00479839
0.000614745
0
0.0149781
0.00691856
0.449435
0.449435
0.109298
0.0103807
0
0
0
0
0.286966
0.252937
0
0
0
0
0
0
0.241843
0.241843
0
0
0
0
0
0
0.00119695
0.00119695
0
0
0
0
0
0
0.285646
0.285646
0
0
0
0.0856038
0.0880821
0
0.00286434
0.00286434
0
0
0.0393234
0.000282713
0
0
0.000283536
0.00243256
0.00203886
0.0105948
0.00272349
0.0337417
0.00251233
0
0.000189024
0.00341256
0.0728231
0.220781
0.047848
0.0763827
0.098291
0.000568251
0.00067851
0.00067851
0
0
0.00722585
0.378394
0.835614
0.0546902
0.00045234
0.00045234
0.00133792
0.00378753
0.0239222
0.0288408
0.0273474
0.000920972
0
0.000132946
0.102244
0.183563
0.0406786
0.104046
0.112024
0.0137877
0.0345345
0.0178665
0.289684
0.449349
0.0744251
0.14472
0.449349
0.0496825
0
0
0.00198415
0.022004
0.0170157
0.360423
0.449349
0.0972127
0.0566982
0.0179901
0.0603074
0.129446
0.0207944
0.0583958
0.054602
0.025785
0.07156
0.0576003
0.199028
0.36409
0.073975
0.0419551
0.0687357
0.035177
0.0601881
0.0469984
0.194164
0.380473
0.208747
0.209285
0.399949
0.133852
0.113444
0.0529986
0.0534374
0.0847943
0.0145649
0.140695
0.399949
0.280457
0.0988864
0.0403233
0.059562
0.0723446
0.0382967
0.0985151
0.0884589
0.062496
0.0883815
0.0187312
0.142728
0.260501
0.267565
0.329928
0.0831708
0.0581659
0.0840772
0.0141465
0.0294025
0.0556862
0.362877
0.0960396
0.437932
0.331255
0.161652
0.0201015
0.0708987
0.068049
0.0257818
0.132495
0.20168
0.191631
0.168402
0.0207342
0.0224895
0.0228247
0.1812
0.0368517
0.045987
0.0394403
0.0554085
0.191186
0.0619105
0.0274342
0.0323339
0.0027109
0.00710745
0.00655678
0.346252
0.486239
0.148763
0.0290568
0.00189892
0.0144957
0.0119638
0.00258136
0.114194
0.175784
0.00507437
0.00526346
0.0172273
0.000696346
0.000859789
0.000973296
0.486239
0.486239
0.0653765
0.0224204
0.000380924
0
0
0
0.404285
0.431867
0.0741283
0.0130364
0
0.000322281
0
0
0.200383
0.186494
0
0
0.000322281
0.00556794
0.00463491
0
0.414741
0.431867
0.0514282
0.0135632
0.013347
0.0714456
0.15336
0.0189257
0.16696
0.325754
0.0181036
0.00350075
0.0428326
0.0198547
0.00375008
0
0.00619059
0.00619059
0
0
0.00331141
0.113071
0.14978
0.0140475
0.000131789
0.000131789
0
0
0.0157183
0.228144
0.450821
0.0984022
0.00598182
0.00808424
0.00192349
0.0055283
0.0474638
0.538969
0.538969
0.24337
0.0452528
0.00153667
0
0.00338408
0.0322901
0.0875492
0.255269
0.013579
0.000263725
0.00205611
0.000941763
0
0.00713049
0.187691
0.446801
0.0548235
0.00131447
0.0028644
0.00141264
0.000841922
0.00774991
0.297994
0.446801
0.150598
0.0312445
0.00858758
0.00376705
0
0.00687495
0.283996
0.446801
0.221303
0.0104591
0.0111363
0.00565058
0.000561282
0.0553676
0.154439
0.433133
0.089145
0.00362037
0.00034845
0.000183084
0.0026769
0.0148314
0.223836
0.433133
0.136293
0.010868
0.00205414
0.0023606
0.016773
0.00983631
0.173845
0.433133
0.162684
0.0144815
0.0013938
0.000732336
0.00338113
0.047647
0.162458
0.433133
0.138477
0.0155883
0.00423242
0.00537335
0.0161557
0.0146572
0.162864
0.428208
0.224265
0.051899
0.0196983
0.00601225
0.028355
0.00153487
0.11358
0.428208
0.381614
0.102858
0.0458166
0.00328453
0.00762618
0.0029232
0.102385
0.348526
0.123814
0.0913212
0.0996506
0.0165231
0.0261854
0.00407107
0.0503983
0.158331
0.132455
0.241175
0.262364
0.0112566
0.00859565
0.000743984
0.127828
0.692435
0.435386
0.130901
0.0424624
0.00215058
0.00394052
0.00537951
0.047751
0.223739
0.154568
0.0955094
0.0358884
0.0106271
0.0200798
0.0587367
0.0578883
0.144847
0.0937012
0.212206
0.199333
0.0105517
0.00514569
0.00620796
0.0334342
0.0400783
0.0618587
0.0664732
0.0421028
0.023929
0.0353523
0.0661493
0.00437371
0.00208283
0.0031505
0.114393
0.163752
0.00542672
0.00375515
0.00440743
0.000654111
6.82877e-005
0.000931042
0.442182
0.489291
0.0199328
0.0169959
0.00758119
0.00364328
0.00216777
0.0258261
0.139087
0.222147
0.0382689
0.00270414
0.00496746
0.0335697
0.0363425
0.0158878
0.383591
0.489291
0.10906
0.0378982
0.0504213
0.0608003
0.0147596
0
0.201664
0.395579
0.0526741
0.0414331
0.0550514
0.250104
0.324909
0.0683235
0.0493554
0.207664
0.0525079
0.0353168
0.0979293
0.12411
0.126612
0.0721807
0.108618
0.275813
0.0923767
0.0729008
0.0930874
0.337398
0.395579
0.270497
0.00754615
0.0856358
0.0970635
0.053947
0.100327
0.184435
0.404495
0.115016
0.00105114
0.00347215
0.00455136
0.0104146
0.0443638
0.283439
0.404495
0.201737
0.0262908
0.000559227
0
0.00623349
0.0150714
0.199944
0.404495
0.167276
0
0.0133653
0.0187319
0.00783526
0.0363737
0.175115
0.404495
0.18265
0.0052891
0.00374318
0.00519594
0.00571589
0.0120519
0.258821
0.46394
0.208045
0.0362435
0.00390357
0.00144468
0
0.000831264
0.188699
0.46394
0.182103
0.0079622
0.00485889
0.00296941
0.00176561
0.0461074
0.133671
0.46394
0.120931
0.0104519
0.00584811
0.00891136
0.00130659
0.00139228
0.0759373
0.293097
0.0330166
0.0115495
0.00751605
0.0090334
0.00701009
0.0051589
0.252816
0.703729
0.199805
0.0151189
0.00221379
0.00705634
0.0120784
0.0931853
0.184672
0.482661
0.0907728
0.0419137
0.0235398
0.0129899
0.0204234
0.0296079
0.0643914
0.168525
0.0247173
0.011159
0.00530641
0.0253237
0.0261418
0.0184758
0.0387101
0.0229184
0.0136964
0.0229269
0.022882
0.040922
0.0592132
0.0135392
0.045183
0.0853365
0.017866
0.120578
0.206106
0.0114208
0.00770156
0.00346113
0.00876327
0.00788842
0.00529194
0.300083
0.527427
0.0106722
0.00301328
0.000375062
0.00857023
0.00373678
0.00458223
0.126844
0.225695
0.0194682
0.0173297
0.00150365
0.00149464
0.000666963
0.00763286
0.386483
0.541972
0.0130724
0.00126911
0.000840673
0.0103837
0.0163306
0.0416273
0.298018
0.423933
0.0306092
0.00991259
0.00214584
0.0233674
0.0522293
0.115567
0.113167
0.0681242
0.0654957
0.0389425
0.046158
0.0175005
0.0149851
0.0435253
0.40249
0.597889
0.0479635
0.00901099
0.0120552
0.054141
0.0537853
0.0909297
0.101356
0.124576
0.135846
0.0562687
0.026194
0.0082442
0.00353501
0.0384864
0.144706
0.214847
0.11445
0.00924138
0.0443425
0.184138
0.188048
0.0224188
0.231963
0.525025
0.359013
0.0500486
0.212984
0.074268
0.0170564
0.0264865
0.0479533
0.0824444
0.0665394
0.011605
0.121146
0.262061
0.171469
0.013995
0.0423522
0.102716
0.21663
0.0325443
0.29541
0.255765
0.331151
0.143784
0.0700422
0.133518
0.109817
0.0392047
0.114835
0.346721
0.500552
0.348189
0.0169866
0.028734
0.0478691
0.0174264
0.0593782
0.259447
0.178273
0.0305264
0.0376266
0.0129199
0.0504538
0.0211514
0.128901
0.235266
0.140494
0.0530966
0.0270902
0.00611839
0.0180013
0.0264633
0.0717295
0.319819
0.623073
0.181939
0
0.0265497
0.0264972
0.00560385
0.0410725
0.200488
0.530864
0.104264
0.00367598
0.0162757
0.0180782
0.0164231
0.0189118
0.137911
0.104062
0.0207927
0.0281374
0.0210495
0.029177
0.0354346
0.0444723
0.137302
0.0772085
0.0401763
0.044989
0.0233776
0.0285529
0.0345841
0.105861
0.232635
0.495995
0.14016
0.0529252
0.0547252
0.0573338
0.0306681
0.0269282
0.0863349
0.11737
0.0738087
0.0654633
0.0498245
0.0586451
0.064351
0.0808769
0.274448
0.102629
0.084196
0.0848427
0.0775598
0.0867409
0.130085
0.45091
0.110155
0.0873039
0.147123
0.0995307
0.104311
0.0597962
0.10486
0.253825
0.0913695
0.0614706
0.0561024
0.0216341
0.0126242
0.0588326
0.122473
0.160776
0.133979
0.0429159
0.0110065
0.0273228
0.0602106
0.208105
0.275761
0.0806918
0.28887
0.123329
0.0930727
0.0281533
0.0251456
0.0147392
0.0792617
0.327695
0.325083
0.0584427
0.0276906
0.0520463
0.143891
0.295018
0.271353
0.257672
0.00499622
0.00122622
0.000540861
0.0853283
0.159685
0.0323624
0.0214976
0.00142911
0.00149884
0.000407172
0.00594601
0.311329
0.535107
0.0112246
0.000510807
0.00104608
0.00831596
0.000837935
0.0183935
0.132763
0.169071
0.0457094
0.022368
0.00556738
0.000237517
0.000101793
0.0177366
0.439788
0.535107
0.0119697
0.000276978
0.00198921
0.0159052
0.00424548
0.0240368
0.273383
0.450451
0.0279301
0.0036745
0.0110916
0.0245771
0.0193784
0.0494142
0.043277
0.0942981
0.0753667
0.0427204
0.0338826
0.0197888
0.00365651
0.0127217
0.355907
0.675082
0.0283247
0.00410228
0.0169626
0.0577777
0.0158723
0.0507432
0.0416903
0.111948
0.0615604
0.0328502
0.0834783