0.00581146
0.0231921
0.0356784
0.0486412
0.032968
0
0
0.00258218
0.151705
0.177103
0.156952
0.134409
0.0497021
0.0100213
0.135502
0.216597
0.0027984
0.0154614
0.0631662
0.298968
0.154099
0
0
0.000645546
0.0972543
0.198905
0.27993
0.58549
0.357258
0.0150319
0.162904
0.173593
0.0717677
0.05585
0.0347299
0.0267767
0.00453575
0.0252203
0.252167
0.183068
0.0134825
0
0
0
0
0.0268992
0.25149
0.106338
0.0731446
0.0859145
0.0705785
0.210025
0.0701029
0.0479973
0.445521
0.272075
0.0521826
0.00977174
0.00646105
0.00300445
0.00225771
0.13122
0.488521
0.409916
0.00510504
0
0
0.00240787
0.00240787
0.0038357
0.0508009
0.02925
0.000565042
0.00209585
0.191447
0.375096
0.0812585
0.00227252
0
0.00295305
0.0508607
0.0112111
0.0259742
0.0129423
0.00671253
0.0775899
0.461167
0.229076
0.0454419
0.0532278
0.425549
0.44045
0.122385
0.0377466
0.298445
0.0820123
0.00143816
0.0154605
0.292479
0.446789
0.134599
0.0161541
0.00367931
0.00214518
0.0464293
0.0741646
0.23906
0.234077
0.0918467
0.022814
0.0484168
0.0626512
0.0119662
0.041673
0.320148
0.446789
0.176052
0.0503933
0.0532837
0.0109976
0.0578842
0.0915004
0.179763
0.337997
0.130456
0.0269865
0.0163881
0.0202907
0.264988
0.160743
0.258897
0.0833868
0.0437186
0.011403
0.0693538
0.243009
0.251972
0.222443
0.214595
0.069007
0.0203782
0.0143681
0.0699556
0.325622
0.282529
0.180942
0.189688
0.224934
0.0566074
0.0181593
0.0312247
0.108538
0.240027
0.210821
0.105468
0.0458947
0.0118629
0.00997921
0.10143
0.273957
0.151741
0.111909
0.0700783
0.0106761
0.0013121
0.0115652
0.105601
0.341846
0.274943
0.129698
0.0255226
0.00826633
0.00218573
0.0875305
0.258734
0.360282
0.0999339
0.0571853
0.0437328
0.0358472
0.0145766
0.0232533
0.128989
0.303932
0.080117
0.00803073
0.0285996
0.0226414
0.0128224
0.097984
0.328137
0.460554
0.112157
0.0474458
0.0044864
0.00129427
0.00218804
0.0872013
0.221758
0.257408
0.0523629
0.0147232
0.0280734
0.0538671
0.169017
0.26017
0.258105
0.289784
0.014408
0.000908017
0.00294571
0.00172359
0.012849
0.142246
0.317763
0.224385
0.0328989
0.0039555
0.00661032
0.0865776
0.218603
0.378051
0.416475
0.100833
0
0
0.00664417
0.215849
0.0990519
0
0
0
0.00941474
0.023808
0.0397525
0.482597
0.300965
0.00121671
0.0111115
0.0161454
0
0
0.00147859
0.370327
0.112856
0
0
0
0.0018617
0.0210002
0.0592603
0.482597
0.427825
0
0
0.0018617
0.0383816
0.0458458
0.0364621
0.266853
0.148829
0.0146248
0.134805
0.115731
0.0510775
0.0279607
0.0183618
0.0407233
0.0299279
0.119075
0.411575
0.262976
0.0240933
0.0354953
0.0494396
0.393441
0.411575
0.00742425
0.0600405
0.048657
0.0664857
0.0284238
0.0167628
0.0833493
0.174439
0.103558
0.411575
0.112718
0.0308746
0.0129873
0.0176604
0.00429663
0.00127133
0.0819271
0.431035
0.187715
0.0260466
0.0502954
0.156512
0.117864
0.051908
0.0571186
0.431035
0.168488
0.0276488
0.00638018
0.00367009
0
0
0.109586
0.431035
0.119494
0.0151208
0.0121165
0.00845871
0.00964613
0.0109887
0.139314
0.431035
0.218345
0.0229447
0.0374421
0.121625
0.207215
0.0934523
0.108133
0.282798
0.0820891
0.0447266
0.036114
0.0482946
0.25117
0.0941064
0.0547066
0.120799
0.0397807
0.0392279
0.0149596
0.00488377
0.0212394
0.0183158
0.15674
0.503302
0.232523
0.0545815
0.0277409
0.0323643
0.0628108
0.0225202
0.131039
0.503302
0.269269
0.0584902
0.0476271
0.0667582
0.19413
0.0773816
0.0304673
0.0455423
0.0496979
0.0421241
0.0748616
0.0582695
0.10361
0.0653694
0.0160066
0.052612
0.0619865
0.0351999
0.0285792
0.0451553
0.071693
0.0675235
0.121416
0.661029
0.304708
0.0628251
0.0270492
0.0170191
0.0761699
0.102612
0.0568973
0.48941
0.143693
0.0820049
0.0759517
0.0640967
0.178902
0.132233
0.0662228
0.10966
0.152488
0.0796793
0.0428867
0.0356987
0.0808241
0.0956571
0.220429
0.236153
0.246459
0.222856
0.0814752
0.0203059
0.139789
0.138857
0.0511448
0.332755
0.268141
0.400011
0.113853
0.00855739
0.0739125
0.0890239
0.108534
0.172703
0.267632
0.0101071
0.00455654
0.00230277
0.00525785
0.0528471
0.200716
0.201199
0.108009
0.0536147
0.00974277
0
0.0497323
0.144068
0.421126
0.462781
0.0527622
0.142321
0.0177563
0.00044108
0.00619273
0.0495102
0.104009
0.156297
0.135233
0.053476
0.0109762
0.00195061
0.00306525
0.184755
0.288998
0.406118
0.21549
0
0
0.00190765
0.325796
0.0768363
0
0
0
0
0.00776744
0.0484268
0.471713
0.270115
0
0
0
0.056042
0.0216633
0.0419728
0.4592
0.0976931
0
0
0.0460111
0.00703214
0.014494
0.0466941
0.471713
0.300978
0
0
0.00404713
0.00910249
0.00864973
0.0416479
0.451208
0.465694
0.00407878
0.0135975
0.0176215
0.0626159
0.00815606
0.00263763
0.102573
0.20218
0.0237386
0.0914015
0.0539668
0.00106076
0.00103172
0.0145788
0.466001
0.42012
0.00626603
0.00330588
0.00295933
0.023815
0.0188374
0.00363631
0.192655
0.17699
0.00955857
0.00953014
0.0191211
0.0898781
0.00860295
0.00199009
0.0017702
8.36533e-005
0.0839665
0.401202
0.119858
0.0515631
0.00301785
0.00154634
0.00153186
0
0.231367
0.747014
0.245522
0.0634288
0.0363119
0.00482946
0.00657768
0.00119625
0.00616003
0.0173861
0.0442273
0.0596427
0.0138574
0.00738745
0.00799285
0.000995812
0.039328
0.196828
0.0988851
0.0195172
0.0013053
0.000990416
0.000211844
0
0.0933123
0.493938
0.139062
0.0217619
0.00335923
0.00373436
0.000850005
0
0.105632
0.493938
0.265858
0.0145055
0.00307933
0.00457273
0.00181251
0.00129165
0.0353416
0.240225
0.0713411
0.0133868
0.00150228
0.0036677
0.000370684
0.00095036
0.0766917
0.493938
0.195334
0.0143617
0.00251926
0.00196101
0.000914632
0.00512968
0.0539753
0.451251
0.156683
0.0252695
0.00416715
0.000109444
0.00215803
0.00850276
0.0605994
0.451251
0.116775
0.0150652
0.000332598
0.00134826
0.000334016
0.000126997
0.0585237
0.451251
0.161479
0.0180463
0.000898728
0.000322031
0.000169762
3.17492e-005
0.0988604
0.451251
0.235149
0.0487813
0.00843949
0.000519753
0.00412864
0.00407158
0.0768879
0.359359
0.0908835
0.182266
0.016902
0.00077963
0.00469265
0.00539387
0.048457
0.168907
0.0969388
0.0208416
0.00134522
0
0
0.00118803
0.150252
0.527937
0.20765
0.140582
0.00520269
0
0.000899551
0.00709095
0.247477
0.527937
0.15369
0.218377
0.0117216
0.000132302
0.00128226
0.00679912
0.0151873
0.0654178
0.139594
0.116321
0.00682991
0.0379274
0.0258556
0.0404878
0.0815302
0.131401
0.299828
0.206615
0.00610432
0
0.00168272
0.00616982
0.127783
0.475988
0.235628
0.167381
0.073911
0.370143
0.215611
0.0429905
0.0660361
0.175694
0.393358
0.199446
0.0662156
0.0658338
0.253236
0.0762887
0.0168478
0.00800963
0.15906
0.0383657
0.0422894
0.0578512
0.422579
0.242443
0.0112319
0.00533975
0.0131113
0.224161
0.0447353
0.019314
0.183567
0.272502
0.0673914
0.0320385
0.200893
0.0458693
0.027042
0.0224418
0.422579
0.422579
0.0449276
0.021359
0.0186396
0.000835274
0.000885414
0.00889467
0.525678
0.308411
0.00371552
0.0013077
0.00274163
0.013114
0.0150529
0.00282854
0.198867
0.119642
0.007428
0.00644768
0.0112098
0.00155311
0.00165952
0.00781934
0.525678
0.415544
0.00188203
0.00438845
0.0129935
0.0139034
0.00815365
0.00270521
0.23753
0.116494
0.00905178
0.0334488
0.0366469
0.169711
0.181545
0.0253274
0.0377388
0.0528992
0.0519315
0.0624802
0.0878953
0.134773
0.083871
0.0538158
0.059639
0.0615121
0.103471
0.0727477
0.104488
0.232324
0.082192
0.0195802
0.0376183
0.0956083
0.0636921
0.270516
0.368442
0.190161
0.0819394
0.0580413
0.0559967
0.125602
0.067091
0.138617
0.407512
0.0350111
0.0144708
0.0250922
0.0191618
0.0228277
0.0294225
0.081954
0.0625617
0.0412446
0.0129281
0.0318514
0.010047
0.0171514
0.0702522
0.746696
0.272594
0.0425399
0.0335032
0.0309477
0.0187621
0.0464489
0.0400476
0.0530645
0.0643631
0.19499
0.374511
0.0470782
0.0379831
0.0438512
0.0498583
0.108313
0.0566432
0.0114269
0.000640806
0.00491413
0.00218947
0.00166936
0.0284748
0.359999
0.105751
0.0308912
0.0360605
0.00496872
0.00259814
0.00995149
0.0825733
0.519819
0.231267
0.114595
0.23331
0.019781
0.00618876
0.00583949
0.00503699
0.0265079
0.02683
0.302238
0.519819
0.0559893
0.0032145
0.0156848
0.033148
0.181316
0.0750741
0.00959485
0.0435245
0.0109893
0.0149037
0.0409744
0.0714064
0.42392
0.111176
0.0196326
0.0260154
0.0110459
0.0298436
0.0536965
0.130625
0.42392
0.110113
0.172163
0.42392
0.0621641
0.0229635
0.0628795
0.0348487
0.145194
0.0305251
0.283296
0.42392
0.0622373
0.0468539
0.0851598
0.0197255
0.155917
0.064187
0.0424763
0.0294193
0.00418917
0.00580032
0.0202991
0.0711292
0.372959
0.185482
0.0638414
0.137566
0.234132
0.125075
0.0532315
0.0398591
0.185742
0.223502
0.264462
0.372959
0.0236489
0.00889952
0.0307444
0.0238238
0.146103
0.116737
0.230077
0.371169
0.091156
0.104768
0.170653
0.215553
0.216292
0.143187
0.0313423
0.000948752
0
0.231503
0.222577
0.0180434
0.00857803
0.0333822
0.00552397
0.000297869
0.000564726
0.422049
0.412381
0.012029
0.00571869
0.00358529
0.00200053
0.000375979
0.000178744
0.422049
0.173036
0.0020507
0
0.00200053
0
0
0
0.422049
0.343513
0
0
0
0.00106875
0.000936195
0.00144124
0.548805
0.333369
0.00304815
0.00412131
0.00879288
0.0104211
0.0122055
0.00914728
0.185685
0.0906455
0.0103377
0.0302273
0.0302092
0.00876454
0.0038855
0.0037138
0.548805
0.332338
0.00617282
0.00335338
0.00431711
0.080335
0.113858
0.0263967
0.223975
0.0766807
0.0120703
0.0117279
0.0149472
0.0338642
0.0182787
0.0125048
0.00153248
0.00614632
0.0054374
0.0351255
0.0659776
0.062988
0.0665341
0.00801936
0.00118638
0.00475771
0.00274455
0.0313699
0.131601
0.19729
0.395712
0.0547666
0.00157663
0.00238355
0.00374834
0.0168089
0.0539864
0.425341
0.692059
0.139179
0
0
0
0.0220942
0.128277
0.0427804
0.130513
0.0110835
0.000493499
0.00306439
0.00394338
0.0115133
0.0342634
0.120685
0.421096
0.0293939
0.00343426
0.00266582
0.0044179
0.0149529
0.0168584
0.230244
0.516574
0.0611442
0
0
0.000119671
0.00481968
0.0324613
0.376353
0.516574
0.0432959
0
0
0.000179506
0.002496
0.0186008
0.130664
0.333773
0.0301539
0.0015951
0.00112764
0.00105722
0.0039457
0.00860585
0.298551
0.43123
0.0586083
0.000211141
0.00168524
0.00214814
0.000459543
0.0163683
0.222514
0.43123
0.0486629
0.000107034
0.00017253
0.000141663
0.00070833
0.0147042
0.338776
0.43123
0.0980577
0.000946838
0.00120882
0.000498618
0
0.0255842
0.318879
0.422425
0.0652118
0.00329864
0.00914159
0.00249157
0.000297639
0.0256156
0.345597
0.422425
0.0599413
0.00704943
0.0133223
0.000882928
0.000972488
0.0427862
0.288493
0.422425
0.0596698
0.00654554
0.00223772
0.000174124
0.00102499
0.0460005
0.161292
0.266059
0.0291042
0.0143374
0.00773848
0
0.00409994
0.0648637
0.384939
0.518451
0.0322241
0.0025856
0.00865098
0.00452085
0.00415919
0.0610738
0.249728
0.308068
0.0166529
0.130129
0.344848
0.370437
0.117385
0.0524972
0.0740033
0.107011
0.00855295
0.00870597
0.00720732
0
0.00207223
0.0406119
0.026128
0.00512333
0
0.0630525
0.184724
0.140162
0.0317774
0.0395557
0.00187229
0.00164552
0.00143863
0.393219
0.187259
0.00339845
0
0.00124288
0.00240835
0.00314937
0.000453347
0.393219
0.324775
0.00984037
0.00623405
0
0.00321839
0.00243212
0.0287091
0.393219
0.266354
0.00277794
0
0.000700756
0.0487038
0.0172964
0.0221269
0.393219
0.353557
0.0366312
0.0172915
0.016233
0.0392128
0.0694865
0.00259577
0.406827
0.214337
0.025305
0.0201815
0.00231121
0.164636
0.360067
0.0173797
0.0936935
0.0384361
0.0143618
0.0127992
0.017624
0.221779
0.25217
0.00361573
0.207367
0.167299
0.0704725
0.0449714
0.0479787
0.394725
0.460064
0.00759452
0.0312165
0.0176005
0.0239468
0.0215865
0.0688456
0.140745
0.346432
0.0243325
0.000645467
0
0.000602185
0.00489064
0.014521
0.277177
0.430983
0.0454046
0
0
0
0.00549712
0.018717
0.203991
0.430983
0.0265146
0.00139343
0.000883393
0.000319572
0.00501589
0.0348903
0.36594
0.430983
0.0406945
0.00663746
0.0101654
0
0.00609466
0.0298643
0.250444
0.417944
0.0241367
0.00175393
0
0
0.000708771
0.0111844
0.250137
0.417944
0.00592739
0.00505869
0.00529906
0.00990685
0
0.00803031
0.310618
0.417944
0.033783
0.0170774
0.0274848
0.0128299
0.00401174
0.0218825
0.17442
0.40813
0.0471734
0.0664188
0.048166
0.052586
0.00699586
0.0162029
0.303829
0.577938
0.0247474
0.00536455
0.0128367
0.0198171
0.00510355
0.0304906
0.217966
0.577938
0.0522526
0.00685772
0.0202008
0.034182
0.0319961
0.0433988
0.14223
0.242311
0.0295019
0.0745483
0.0514023
0.0609837
0.0267304
0.042536
0.0575523
0.0384334
0.0359394
0.0264914
0.0759939
0.0935781
0.0900939
0.0457273
0.262955
0.39803
0.0516242
0.118631
0.101131
0.0342342
0.0660249
0.0999815
0.18449
0.108273
0.0175686
0.272823
0.216803
0
0.0711093
0.20328
0.0945946
0.0556818
0.0315952
0.167957
0.273306
0.0928326
0.144983
0.0665095
0.258437
0.117439
0.00971522
0.28317
0.302047
0.0118754
0.0808551
0.101947
0.142853
0.0644004
0.00650794
0.353321
0.325291
0
0.0687711
0.192674
0.0680822
0
0
0.0767891
0.172804
0.0818439
0.0899061
0.125295
0.260827
0.109607
0.00453355
0.366114
0.367429
0.012333
0.0629472
0.0798465
0.000493922
0
0
0
0
0
0
0.000493922
0.00973282
0.000891029
0.0259668
0.329804
0.325955
0.0484759
0.0166678
0.0051318
0.12556
0.186334
0.026929
0.319919
0.286421
0.0633861
0.0378343
0.0323311
0.114989
0.0560164
0.0424393
0.100891
0.272369
0.11616
0.0867057
0.0423505
0.346411
0.397907
0.0763719
0.0704802
0.202843
0.124417
0.143697
0.0913213
0.192204
0.42845
0.00772909
0.0414702
0.0333657
0.0201685
0.0139908
0.031917
0.256428
0.429684
0.00375159
0.00209769
0.00356062
0.00516151
0.00383602
0.0322754
0.2156
0.429684
0.0371508
0.00888083
0.0100652
0.0238238
0.0227337
0.0622033
0.22483
0.429684
0.0129518
0.0135317
0.00507471
0.00562163
0.00207615
0.0880545
0.251337
0.58053
0.0365063
0.0168925
0.0117436
0.00297279
0.00343279
0.0477159
0.205769
0.58053
0.0520368
0.0399811
0.0331558
0.000965118
0.00283655
0.04046
0.214535
0.264168
0.0458516
0.0787507
0.0238421
0.00579071
0.00699999
0.0883985
0.0533222
0.0389246
0.0425948
0.0956464
0.049955
0.00233536
0.00466666
0.0414821
0.340775
0.3792
0.104622
0.0799757
0.13141
0.0656155
0.0539455
0.0710636
0.229062
0.132029
0.185409
0.206867
0.219245
0.224118
0.15557
0.100075
0.139441
0.00543739
0.0163696
0.0924373
0.0916015
0.0174698
0.0424164
0.146389
0.31487
0.0109259
0.0223458
0.0550608
0.112553
0.0971697
0.201701
0.31735
0.141727
0.0582771
0.119222
0.151985
0.118005
0.128053
0.116006
0.0835297
0.0946111
0.193802
0.224686
0.0898781
0.140386
0.0945497
0.0819303
0.0427634
0.317925
0.0721586
0.0446308
0.0458852
0.0694589
0.0699177
0.158492
0.264958
0.430989
0.321688
0.176403
0.097489
0.0763361
0.0218775
0.0430176
0.303845
0.0576792
0.138535
0.0951233
0.137089
0.217518
0.0546569
0.0580429
0.051953
0.0950626
0.0696821
0.0285737
0.131308
0.1557
0.0372446
0.0427983
0.0540967
0.212501
0.238978
0.223497
0.203458
0.242171
0.0385856
0.0998193
0.31463
0.0285923
0.0433061
0.137082
0.343375
0.371586
0.0420888
0.117108
0.252369
0.0309068
0.0182222
0.00842769
0.0480907
0.0497304
0.0104287
0.00808019
0.00734162
0.0407641
0
0.00634856
0.00830196
0
0
0
0.0103862
0.00231455
0.00351027
0.0124113
0.10935
0.112862
0.00756552
0.0186399
0.0404525
0.146584
0.268661
0.748167
0.334001
0.258962
0
0
0.0250724