0.415884
0.0963783
0.0853681
0.065527
0.148693
0.03891
0.100479
0.42319
0.251115
0.0917073
0.160063
0.287206
0.190354
0.0400279
0.0354546
0.137867
0.246143
0.0280834
0.0307632
0.0338124
0.0431628
0.0148213
0.0559758
0.225455
0.149348
0.0594457
0.0646587
0.302393
0.221769
0.0154025
0.0442224
0.0910649
0.152345
0.0558878
0.128459
0.208667
0.0535188
0.017563
0.0405158
0.103015
0.159133
0.038807
0.0562869
0.118218
0.0297982
0.136618
0.28542
0.251109
0.175501
0.0692489
0.0995267
0.382185
0.176739
0.0117449
0.0322465
0.0567785
0.355312
0.0989419
0.0682342
0.200475
0.106123
0.27769
0.256784
0.264632
0.0378809
0.0218525
0.00815072
0.0671413
0.0626625
0.192346
0.262915
0.126923
0.0762836
0.0317802
0.0044863
0.0292302
0.0753921
0.150522
0.297027
0.236648
0.125016
0.0353233
0.0053004
0.0358242
0.0582199
0.240638
0.28216
0.366142
0.0876437
0.0292173
0.00504545
0.0357321
0.0373687
0.248067
0.353292
0.379417
0.241183
0.034325
0.0193643
0.0154026
0.0251933
0.0442427
0.168975
0.389816
0.490033
0.0985587
0.0816829
0.0558995
0.0562033
0.00502685
0.00994845
0.401926
0.0556663
0.0366411
0.0396054
0.0450073
0.033815
0.234461
0.325549
0.174733
0.0999835
0.0334693
0.0583928
0.0321882
0.0120811
0.0901612
0.151743
0.134477
0.162392
0.056984
0.0514263
0.0656081
0.139067
0.0929248
0.1594
0.104539
0.0144477
0.00843243
0.0134518
0.0736806
0.146259
0.540483
0.559533
0.0926393
0.0465458
0.0119884
0.0154897
0.0109782
0.00658381
0.0445032
0.0673363
0.0540576
0.0128473
0.0430106
0.0299785
0.0431974
0.0260462
0.245736
0.343647
0.0824628
0.0164685
4.91644e-005
0.00707716
0.0548264
0.0624799
0.368241
0.457712
0.105698
0.138867
0.0164404
0.0504128
0.0491947
0.0305187
0.100706
0.164775
0.249783
0.0361507
0.117556
0.072703
0.110331
0.107592
0.192356
0.30405
0.128461
0.158793
0.260928
0.249486
0.125581
0.132871
0.0709299
0.119025
0.251019
0.266308
0.0203536
0.0403962
0.0319562
0.0309986
0.0185612
0.027026
0.306593
0.19244
0.020745
0.0187844
0.102879
0.090805
0.0168966
0.0628037
0.252475
0.396755
0.150464
0.192544
0.0715701
0.0801151
0.0354803
0.0192591
0.308782
0.377772
0.0915705
0.049832
0.163547
0.137826
0.0240067
0.0559036
0.332619
0.0325881
0.0318961
0.0443222
0.058189
0.0788989
0.0189362
0.00688415
0.0251461
0.0105434
0.015719
0.0243585
0.240429
0.534714
0.0254516
0.00893645
0.0130884
0.00201481
0.0383689
0.0403124
0.0913845
0.0934291
0.0703105
0.0275105
0.00310577
0.000503703
0.0172602
0.0140929
0.232001
0.694468
0.0612474
0.0168427
0.00403204
0.0314396
0.0183747
0.0378867
0.307301
0.306772
0.0118029
0.0112497
0.0111887
0.155104
0.0662595
0.0448631
0.261355
0.1261
0.131447
0.12789
0.245975
0.00102912
0.0122024
0.00701842
0.267104
0.477691
0.0144096
0.00778658
0.0136529
0.0669837
0.0684143
0.0796999
0.302439
0.314853
0.0250923
0.0634379
0.17666
0.0714182
0.0229362
0.00684628
0.0413675
0.0381314
0.137999
0.170476
0.328844
0.0380991
0.0037481
0.00742599
0.0429718
0.0358684
0.281001
0.375331
0.264801
0.0425592
0.0360137
0.0444835
0.0717494
0.054894
0.108166
0.158941
0.206179
0.0421029
0.00611915
0.0387491
0.0587698
0.030085
0.367066
0.451545
0.225164
0.0303134
0.00207337
0.00916908
0.0265087
0.0406825
0.185154
0.283596
0.134101
0.0152185
0.00234343
0.00827146
0.00553493
0.024583
0.127138
0.2352
0.216116
0.063359
0.000388061
0.0505829
0.0497174
0.079055
0.221057
0.315905
0.27334
0.0756781
0.0131652
0.0230249
0.0224286
0.110284
0.252797
0.371189
0.487076
0.0047204
0.00519788
0.0112899
0.00516307
0.0126033
0.106964
0.156712
0.146542
0.0136471
0.0405819
0.0301541
0.129872
0.0588928
0.0892253
0.0850217
0.0582306
0.0549338
0.0133252
0.00182748
0.00483777
0.119058
0.357092
0.432057
0.377873
0.011858
0.00276906
0.00398112
0.109479
0.146539
0.349407
0.393437
0.233227
0.0250734
0.100011
0.0508089
0.215904
0.221919
0.0659271
0.042775
0.0366869
0.0495784
0.19017
0.147968
0.18792
0.334947
0.0746105
0.0342526
0.0454718
0.0237896
0.00707529
0.00390868
0.178853
0.289185
0.233601
0.166613
0.168197
0.0714389
0.0366889
0.0608281
0.165825
0.418682
0.312359
0.176102
0.214308
0.0991956
0.100964
0.151446
0.0718612
0.115269
0.0376514
0.015364
0.062569
0.261543
0.160216
0.101132
0.110055
0.0499761
0.0101309
0.0165779
0.14234
0.166355
0.079686
0.135212
0.131181
0.231815
0.217697
0.165598
0.224155
0.339519
0.204086
0.117803
0.350265
0.254808
0.254331
0.178706
0.171185
0.00483112
0.0232337
0.0314064
0.0894622
0.0706434
0.0472467
0.020915
0.00404098
0.00120778
0.00630928
0.0220767
0.387895
0.351861
0.0251641
0.0119716
0.00566583
0.00322075
0.0199807
0.0429731
0.15755
0.135235
0.0121539
0.00216757
0.000944305
0.000805187
0.00520893
0.0307028
0.65779
0.397322
0.00100717
0.000607053
0.00141646
0.000135171
0.00160274
0.00449608
0.259107
0.289129
0.0152167
0.00436942
0.0103818
0.00969749
0.0121418
0.0389034
0.237515
0.354783
0.0176667
0.00882923
0.0273952
0
0.000624915
0.00733527
0.399786
0.28552
0.0116082
0.00109668
0.00259544
0
0.000156229
0.000925355
0.410978
0.443518
0.0174123
0.00155606
0.00368559
0.0212102
0.0240592
0.06506
0.192172
0.241363
0.0772847
0.108007
0.0731124
0.0466517
0.00513895
0.0444175
0.0346089
0.0173764
0.391683
0.526257
0.319326
0.000433254
0
0
0.325211
0.346052
0.00593187
0.00402708
0.00183314
0.00724857
0
0
0
0.00439389
0.0359825
0.0659829
0.0689283
0.0336695
0.000349021
0.0375472
0.0401193
0.0445733
0.19997
0.249066
0.26056
0.0797492
0.05769
0.0244259
0.0448942
0.117924
0.270427
0.42212
0.470351
0.0118144
0
0
0.00748236
0.00818928
0.0634819
0.0889998
0.0977671
0.0448792
0.0388279
0.00557606
0.0112235
0.0374416
0.140553
0.355709
0.307297
0.0388664
0.0307568
0.0104764
0.00500411
0.0852313
0.175177
0.276073
0.232658
0.010721
0.00106342
0.0113807
0.0100805
0.0469723
0.251661
0.341993
0.265081
0.0242268
0.0218338
0.0182855
0.00257483
0.0337758
0.123113
0.306158
0.238029
0.0154259
0.00164067
0.036106
0.0377144
0.0112256
0.271537
0.458974
0.267619
0.0213925
0
0.00415957
0.0183177
0.0617133
0.174645
0.218371
0.289737
0.0701655
0.0218844
0.0434052
0.0524746
0.190556
0.196551
0.254952
0.278266
0.0340218
0.00562272
0.0419304
0.0497478
0.0158889
0.18714
0.312027
0.215946
0.116817
0.0283741
0.0432513
0.0679433
0.258642
0.28447
0.380544
0.246337
0.0941004
0.0323863
0.0585239
0.181331
0.176348
0.109692
0.10922
0.110839
0.0792814
0.029477
0.0931655
0.399566
0.215017
0.131966
0.0683268
0.0571597
0.0709931
0.0415827
0.0527548
0.32217
0.329389
0.183766
0.165792
0.146176
0.0344227
0.0481751
0.13954
0.435489
0.264414
0.0527077
0.0367529
0.0718392
0
0.00624786
0.014576
0.123892
0.127836
0.0112359
0.00265778
0
0.000245696
0.00726453
0.0273422
0.421812
0.342114
0.00145419
0
0
0.000911582
0.0104736
0.104988
0.205476
0.119768
0.01188
0.0075206
0.0168391
0.000982786
0.0162603
0.170254
0.627531
0.343038
0.0184246
0.000860563
0.00317585
0.000307636
0.0085777
0.0227743
0.324544
0.202012
0.00154269
0
0
7.69091e-005
0.00214443
0.00575261
0.402199
0.28428
0.00231404
0
0
0.00123055
0.0202665
0.0959103
0.376511
0.231649
0.0448665
0
0
0.000307636
0.00506662
0.0112456
0.466168
0.358536
0.0394939
0
0
0
0
0.000701762
0.458779
0.377597
0.00111258
0
0
0.000727968
0
0
0
0.000915083
0.000392179
0.00173667
0.00132414
0
0
0.00105264
0.540992
0.456464
0.0163148
0
0
0
0
0
0
0
0
0
0
0.0255355
0
0
0
0.00367219
0.0015738
0.0298579
0.088269
0.136822
0.00116566
0.00690431
0
0.0259207
0.157739
0.530973
0.564349
0
0
0
0
0
0
0
0
0.0788471
0.0219007
0.00101872
0
0
0
0
0.0206063
0.0280128
0.000799383
0.00779325
0.00104991
0.00770427
0.101676
0.243228
0.182168
0.0449821
0.00156978
0.0369652
0.0526451
0.00871189
0.368052
0.640295
0.301107
0.0676791
0.0207967
0.00529843
0
0
0.00836182
0.0136568
0.0156775
0.27397
0.160401
0.0959705
0.0162919
0.0150819
0.103155
0.12539
0.144656
0.0402252
0.00554234
0.040898
0.0516514
0.0244139
0.205691
0.243261
0.125742
0.15663
0.0246013
0.0332787
0.0558638
0.19827
0.367327
0.310021
0.201915
0.172596
0.109401
0.0778012
0.0378672
0.0409048
0.179717
0.088928
0.0838803
0.226588
0.147862
0.0959104
0.113509
0.228203
0.378731
0.278261
0.12315
0.162273
0.0765572
0.0479178
0.165485
0.280269
0.277623
0.216916
0.228086
0.106303
0.125429
0.117855
0.389608
0.193679
0.0691015
0.0581195
0.119031
0.208429
0.0910651
0.0668204
0.0898299
0.287046
0.275457
0.203275
0.106533
0.104189
0.0647362
0.065371
0.0700887
0.214165
0.159475
0.0652045
0.0446888
0.0130955
0.0057381
0.092644
0.154521
0.0390161
0.00814154
0.0189194
0.0469817
0.00211956
0.00356384
0.152086
0.590154
0.168342
0.0127872
0.00832582
0.018036
0.0427614
0.00900946
0.0843985
0.173457
0.0592556
0.0213868
0.0471739
0.0521604
0.0142884
0.00208209
0.117538
0.590154
0.304369
0.0220203
0.0263531
0.0234895
0.000278957
0.00374566
0.0612912
0.29624
0.181375
0.0328161
0
0
6.97393e-005
0.000936415
0.00620884
0.299903
0.26285
0.0313457
0
0
0
0
0.0254982
0.4774
0.309911
0.00760421
0.000233439
0
0.000431135
0.000979504
0.00284982
0.4774
0.338613
0.00543379
0
8.3501e-005
0
0
0.000122356
0.377434
0.336404
0.0152362
0
0
0.00492053
0.00162693
0.000879301
0.00167351
0
0
0
0.00112437
0.0607248
0.0407915
0.0344741
0.517051
0.388417
0.00265287
0
0.0125321
0.328335
0.151591
0.125456
0.0723244
0.000158036
0
0
0.197627
0.0329234
0.00282216
0.000685356
0.00130439
0
0
0
0.00948166
0.115934
0.0910294
0.0466702
0.0197661
0.000729272
0
0
0.0284552
0.288364
0.180345
0.119929
0.119614
0.0144587
0
0
0.119948
0.624288
0.412953
0.212857
0.220017
0.0494304
0.00466624
0.0350238
0.282466
0.157874
0.090893
0.0448333
0.0254177
0.00146311
0
0.00342174
0.0218627
0.277524
0.188308
0.120661
0.0390417
0.0378348
0.00730688
0.0157243
0.05699
0.328477
0.282528
0.145664
0.130949
0.0300054
0.00420649
0.0241917
0.116934
0.430079
0.466676
0.318117
0.0856602
0.0882404
0.0129888
0.0285565
0.118719
0.190326
0.187816
0.100424
0.0260457
0.040154
0.0245615
0.0101881
0.0448611
0.253103
0.304664
0.132172
0.048739
0.0569002
0.0588439
0.0748838
0.0954252
0.359911
0.306061
0.176378
0.0231886
0.0547519
0.00718287
0.0251714
0.0993415
0.388676
0.415837
0.253984
0.0428245
0.0117983
0.00628647
0.0382291
0.0844348
0.253946
0.175246
0.0593133
0.051549
0.118288
0.0943593
0.124358
0.117075
0.0765563
0.0373348
0.0152129
0.0754644
0.2244
0.145966
0.104154
0.0615644
0.267667
0.202333
0.125477
0.157238
0.189785
0.0694122
0.101693
0.0839214
0.0744209
0.0241419
0.00138351
0.409561
0.531368
0.117227
0.103003
0.0529787
0.0533884
0.0248596
0.0244096
0.0734966
0.096795
0.0404934
0.0285443
0.0172388
0.0267491
0.00848512
0.0228756
0.356242
0.419149
0.0535554
0.0155108
0.00502847
0.0432856
0.0455234
0.00906126
0.107033
0.160829
0.0322717
0.0203673
0.0126368
0.0219952
0.0144866
0.00246441
0.534663
0.534663
0.0545892
0.0155123
0.00260122
0.00424915
0
0.0033288
0.337601
0.327615
0.0195555
0.00666445
0.00202009
0.0377969
0.00812268
0.00578746
0.302921
0.286694
0.0353008
0.0455823
0.0270128
0.036422
0.00922796
0.0466649
0.471683
0.346088
0.0524836
0.0354995
0.00808035
0.203281
0.123128
0.141375
0.216612
0.177772
0.0840958
0.156811
0.12046
0.0944189
0.0609106
0.0624556
0.0996859
0.0868443
0.0107962
0.0255198
0.0286455
0.232548
0.158325
0.141452
0.0652898
0.00285327
0
0
0.141784
0.317311
0.196521
0.202547
0.0907381
0.0418674
0.0221368
0.0767521
0.117723
0.530802
0.403573
0.305202
0.142368
0.00419359
0
0.000699855
0.141026
0.183444
0.125263
0.0945085
0.106759
0.0177167
0
0
0.126089
0.312923
0.204415
0.187674
0.138419
0.0378283
0.00145609
0.0109291
0.108956
0.354892
0.281293
0.18513
0.097055
0.0140235
0
0.00192934
0.131501
0.406896
0.345096
0.308477
0.101812
0.022989
0.00142749
0.00128623
0.0539139
0.305258
0.258115
0.219171
0.10198
0.0349893
0.0026104
0.0196703
0.0879142
0.332109
0.335783
0.312271
0.0773706
0.0631756
0.00575835
0.0343655
0.082984
0.25714
0.256477
0.332778
0.128927
0.0311346
0.00255913
0.0107998
0.0421633
0.166542
0.103037
0.181968
0.167693
0.116541
0.0163073
0.0459013
0.0629906
0.389688
0.309542
0.321166
0.0953688
0.114205
0.01374
0.0583659
0.128988
0.301298
0.252475
0.234972
0.156295
0.119298
0.0404889
0.0823628
0.0783226
0.0473684
0.0483785
0.125262
0.187066
0.26407
0.0555813
0.0403122
0.0377158
0.0124213
0.0477049
0.0645824
0.179922
0.290512
0.107839
0.0584927
0.0331564
0.0416706
0.0506109
0.0561584
0.205881
0.183381
0.0438931
0.0379532
0.0101125
0.00907244
0.00904556
0.00435087
0.439526
0.44558
0.0342044
0.0238542
0.00589318
0.00143148
0.0450768
0.033189
0.178101
0.244157
0.0514561
0.0392345
0.0163135
0.0644691
0.028371
0.0172349
0.336402
0.46986
0.0886761
0.111452
0.120615
0.00591596
0.0147439
0.0186951
0.11133
0.152436
0.0257866
0.0221363
0.00660818
0.0128087
0.00435131
0.0092664
0.472352
0.514923
0.177393
0.13143
0.003873
0.0307353
0.0134085
0.0618007
0.0339194
0.0710434
0.045539
0.0393252
0.0695299
0.0718114
0.00965253
0.023807
0.0887811
0.196383
0.392462
0.360787
0.0890107
0.0900726
0.0290458
0.0609747
0.309402
0.158553
0.128377
0.0927493
0.013534
0.278484
0.293979
0.24515
0.117469
0.0321351
0.0671772
0.073068
0.0593222
0.168837
0.0522733
0.0304186
0.0558837
0.0441159
0.236501
0.23306
0.130319
0.35479
0.421455
0.213287
0.0256231
0.00762585
0.0732734
0.0521477
0.135011
0.263594
0.322291
0.209911
0.0337098
0.0021195
0.00629796
0.0223504
0.0457603
0.41706
0.352047
0.207733
0.0526196
0.00130929
0.000248238
0.00487078
0.0441228
0.217116
0.415569
0.190652
0.0182732
0.00219429
0.0100602
0.00310126
0.0533277
0.21611
0.237856
0.121291
0.0119227
0.00201823
0.00254775
0.0147148
0.0851794
0.519301
0.42757
0.218791
0.0579778
0.0079004
0.000692024
0.0183467
0.089637
0.315314
0.324552
0.251284
0.0942624
0.0334795
0.00433367
0.00936815
0.0498945
0.227602
0.116745
0.057664
0.00858419
0.0129181
0.00513268
0.0336829
0.120448
0.12131
0.0338097
0.0535361
0.0958751
0.0531987
0.0195915
0.0203837
0.137778
0.171365
0.213074
0.305418
0.278372
0.14043
0.0112449
0.00430496
0.0302842
0.0272761
0.0518422
0.115854
0.356494
0.268803
0.0367571
0.0304567
0.0553897
0.147706
0.0117475
0.0690276
0.334916
0.149798
0.0171735
0.0334662
0.203348
0.158042
0.118801
0.130938
0.297268
0.164368
0.00625077
0.0255704
0.148592
0.0209704
0.104688
0.075593
0.321737
0.364812
0.0914425
0.039973
0.0712923
0.0102137
0.0834457
0.0713983
0.314912
0.406959
0.115069
0.0511149
0.0396476
0.114445
0.27402
0.167557
0.133222
0.105712
0.0123088
0.0362398
0.100013
0.0688587
0.124603
0.0739495
0.158899
0.21578
0.0614681
0.117476
0.0663124
0.00221524
0.0357219
0.0532579
0.152362
0.270144
0.0653722
0.0580927
0.0272616
0.245065
0.0255187
0.0386508
0.206361
0.492255
0.191165
0.277826
0.474316
0.0288374
0.00889698
0.0419357
0.088767
0.0720516
0.0314737
0.0397279
0.0311077
0.114044
0.0325778
0.05268
0.12688
0.105611
0.0911436
0.0738707
0.201983