0.11887
0.0335279
0.0110345
0.0597783
0.0258746
0.00182673
0.00160657
0.0311536
0.313437
0.165638
0.136634
0.327833
0.0819212
0.00085997
0.0462969
0.100769
0.0761124
0.0305318
0.0445139
0.21687
0.0819028
0.000623817
0.0055366
0.0389218
0.111074
0.0890539
0.116714
0.65953
0.329042
0.00150661
0.0305852
0.0404643
0.205739
0.0709827
0.0593673
0.0968093
0.0209337
0.00859342
0.230697
0.175591
0.101494
0.0101277
0.00618736
0.0023974
0.000702799
0.0382258
0.480783
0.197354
0.0857731
0.0445293
0.0539321
0.388169
0.106448
0.00866645
0.203747
0.102689
0.0484789
0.00626852
0.0148375
0.0149875
0.0081758
0.058812
0.488321
0.231776
0.0837938
0.0256361
0.017962
0.00273909
0.00878343
0.0295378
0.257692
0.0884032
0.145421
0.100796
0.0802956
0.00306558
0.0130518
0.00334551
0.0353579
0.05701
0.072591
0.0145416
0.0257783
0.0014502
0.0137292
0.0575061
0.57527
0.242402
0.176749
0.136681
0.128249
0.00369518
0.0200293
0.0154632
0.559594
0.195372
0.344625
0.219275
0.106693
0.00193963
0.00348438
0.000720479
0.0129059
0.126923
0.291237
0.243546
0.143402
0.0437597
0.0122784
0.0266237
0.0924002
0.284344
0.271819
0.235995
0.154163
0.0221129
0.0131011
0.0133218
0.332376
0.165315
0.237269
0.115225
0.114435
0.0474876
0.0255448
0.00459879
0.145303
0.259472
0.114986
0.149155
0.175931
0.219914
0.0658693
0.0887804
0.148938
0.298516
0.144006
0.104121
0.143149
0.205659
0.055308
0.102755
0.455983
0.283086
0.231399
0.0899369
0.112828
0.108103
0.0658794
0.00244598
0.114162
0.22178
0.167499
0.0744442
0.0940845
0.126662
0.0665537
0.0245933
0.163681
0.13328
0.162227
0.125633
0.126611
0.0671029
0.0116579
0.100947
0.484312
0.219328
0.113525
0.240126
0.176926
0.14305
0.0833676
0.0870804
0.242689
0.100142
0.110391
0.101318
0.126606
0.0326653
0.0220347
0.0390235
0.198586
0.122481
0.114607
0.287745
0.274483
0.167023
0.0423196
0.0582691
0.124292
0.069695
0.0385502
0.127322
0.127265
0.200822
0.219745
0.0791477
0.105697
0.0340311
0.0193772
0.0211586
0.0900155
0.124267
0.241934
0.340102
0.296044
0.0296944
0.0716764
0.197126
0.266808
0.243607
0.136216
0.0645427
0.0713779
0.0122457
0.113545
0.0760214
0.1597
0.135328
0.142273
0.215676
0.309713
0.0526056
0.0385475
0.0385946
0.0560346
0.181098
0.0430848
6.8403e-005
0.0116687
0.0522737
0.0122557
0.0106485
0.0647666
0.589403
0.197378
0.00214978
0.00257632
0.00973414
0.0706149
0.0651335
0.126237
0.242532
0.0397389
0.00723876
0.0328449
0.108248
0.0233405
0.0179314
0.1594
0.589403
0.185278
0.00731879
0.00758557
0.0291565
0.0213528
0.00604222
0.0414099
0.504304
0.13952
0.00505034
0.0337019
0.0398564
0.0419491
0.00723432
0.0451255
0.078882
0.0392344
0.0411871
0.417799
0.179312
0.0123137
0.00322153
0.049922
0.528742
0.216946
0.00472214
0.00778824
0.00837336
0.0337385
0.00722986
0.0459467
0.238031
0.131529
0.0352548
0.193735
0.059881
0.0232162
0.0024718
0.00903418
0.00471719
0.0050187
0.0451879
0.490889
0.17058
0.0541119
0.0249216
0.0216553
0.00213581
0.003459
0.0400799
0.490889
0.183822
0.013152
0.0025332
0.00910422
0.0207632
0.0119425
0.0665915
0.295937
0.0914476
0.0069038
0.00122958
0.000614798
0.000967682
0.000866228
0.150053
0.490889
0.183229
0.0420691
0.0226364
0.0201248
0.0161161
0.00655543
0.0316192
0.430957
0.109752
0.0639126
0.0136066
0.0189961
0.0382192
0.0260177
0.0287574
0.202061
0.113127
0.0231277
0.0017366
0.00208771
0.00441684
0.00196191
0.119272
0.53194
0.189074
0.0373199
0.00622179
0.00629472
0.0169727
0.0145834
0.100214
0.53194
0.236761
0.118647
0.0319896
0.03002
0.0557694
0.0584909
0.0210583
0.0746223
0.105073
0.0638613
0.0227361
0.0271601
0.0623584
0.045328
0.016545
0.0481318
0.0492851
0.0479388
0.0164461
0.0235764
0.0484911
0.0368329
0.0913205
0.753015
0.305221
0.0489099
0.0295641
0.0232694
0.0629759
0.0340081
0.0379785
0.373975
0.201997
0.0557604
0.0535072
0.105331
0.0628403
0.0567467
0.0487697
0.108875
0.0889106
0.0513946
0.303653
0.368286
0.129394
0.0551776
0.0463853
0.07558
0.0558085
0.0551469
0.0341812
0.0481434
0.0702522
0.15257
0.1671
0.279757
0.163009
0.0708628
0.128321
0.2376
0.121122
0.292662
0.354549
0.275996
0.0551872
0.0572905
0.322469
0.449434
0.168812
0.0387061
0.0149369
0.0308546
0.00950634
0.138679
0.140025
0.215224
0.106019
0.0440383
0.0145076
0.141795
0.0507765
0.108453
0.244239
0.268562
0.117158
0.169127
0.145301
0.183689
0.0270578
0.121533
0.181756
0.104869
0.0893197
0.0804549
0.0157011
0.147089
0.0943613
0.0366381
0.0547232
0.0937361
0.215011
0.0474755
0.0122004
0.0277965
0.0394621
0.0104898
0.0247312
0.0960916
0.555547
0.192898
0.0115723
0.00268055
0.0104252
0.191057
0.0720355
0.0551827
0.247567
0.0513062
0.00380569
0.0597286
0.183388
0.0408069
0.05813
0.0578562
0.555547
0.245175
0.0069599
0.011674
0.0434953
0.0064924
0.000859182
0.0198308
0.498917
0.250952
0.0075785
0.000425979
0
0.00968478
0.00231132
0.015411
0.240643
0.171929
0.0116466
0.0276361
0.00813731
0.00270286
0.0105925
0.00957474
0.546034
0.319522
0.00892785
0.00231065
0.0010932
0.00414595
0.00519154
0.0106272
0.301817
0.224465
0.00866492
0.0079258
0.00456211
0.0286825
0.0138817
0.0263402
0.0797494
0.0478647
0.0702913
0.231378
0.0865926
0.0253896
0.0171892
0.0172343
0.00980104
0.00518175
0.311527
0.76558
0.287361
0.0185169
0.0290462
0.0330268
0.10671
0.0649329
0.0169448
0.0211616
0.0146112
0.0314982
0.0430393
0.0500889
0.0204447
0.0137193
0.0530265
0.113426
0.0702515
0.0174653
0.00316028
0.00613539
0.00286638
0.000647573
0.137287
0.405972
0.155775
0.0177367
0.00208229
0.00234473
0.00229035
0.00229764
0.155685
0.617015
0.253133
0.010221
0.00636832
0.0211369
0.00740586
0.00225189
0.0517898
0.138836
0.0716029
0.0108518
0.00682587
0.0125138
0.00842149
0.00376607
0.140335
0.422848
0.186998
0.00906003
0.00076766
0.00157592
0.00251558
0.0027507
0.0653714
0.424141
0.160874
0.0186843
0.00603621
0.00337863
0.00473097
0.00348974
0.0496906
0.439813
0.153262
0.00918627
0.00320609
0.00177409
0.00177018
0.00318926
0.099251
0.398152
0.146753
0.0118255
0
0
0.000615571
0.0010458
0.115713
0.525151
0.197136
0.0166419
0.00561163
0.00458919
0.00459518
0.0331791
0.0534684
0.305848
0.0756135
0.062128
0.0133444
0.011584
0.0319347
0.0794282
0.0875774
0.175993
0.029012
0.0110755
0.00131797
0.000190265
6.4391e-005
0.00597433
0.0677746
0.598545
0.175207
0.0643289
0.011264
0.00132243
0.00855434
0.0177145
0.052883
0.598545
0.164531
0.108557
0.0469519
0.0245792
0.0917209
0.10194
0.061432
0.103603
0.0303346
0.0602477
0.0448508
0.0223336
0.0831715
0.0536904
0.0145423
0.0520511
0.0538079
0.154548
0.0315798
0.00883991
0.0530382
0.0355924
0.113012
0.759806
0.181902
0.223438
0.0872711
0.0225412
0.0992062
0.0419193
0.0604775
0.254076
0.186828
0.195106
0.0518583
0.0168243
0.115454
0.0427038
0.00987122
0.0699498
0.343794
0.0449089
0.0570314
0.019774
0.421244
0.174669
0.00749992
0.038008
0.0930223
0.359443
0.0559189
0.0045547
0.0816018
0.07517
0.0400322
0.10428
0.35949
0.0363647
0.0301993
0.00162816
0.410024
0.23728
0.0441974
0.0941735
0.139736
0.00215256
0.0124189
0.00464363
0.464342
0.264836
0.00261183
0.00546572
0.00296627
0.00719922
0.0102924
0.00773028
0.275514
0.196941
0.00262693
0.00681505
0.0107302
0.000878081
0.00257878
0.00342527
0.555424
0.285773
0.0096526
0.0102663
0.00383064
0.00833874
0.0185775
0.0104718
0.327658
0.192401
0.00584758
0.00928458
0.0133365
0.0881619
0.167368
0.0610248
0.271348
0.218702
0.0478408
0.0583962
0.0946409
0.119034
0.160388
0.101804
0.0517909
0.0478245
0.122033
0.0818303
0.0982409
0.127954
0.214735
0.0655365
0.255289
0.211722
0.105442
0.114027
0.118262
0.218747
0.202773
0.0607656
0.0739545
0.0939421
0.158566
0.112969
0.103893
0.0469494
0.0486529
0.0759834
0.0383894
0.0212767
0.0585393
0.102009
0.0999802
0.0519675
0.0690697
0.0580064
0.0725567
0.0672265
0.141587
0.528486
0.267166
0.137348
0.105909
0.0421113
0.034463
0.0394544
0.0279792
0.0691697
0.0973145
0.333721
0.338068
0.072446
0.0832888
0.107399
0.0274734
0.0579963
0.110571
0.00911316
0.00728466
0.00257205
0.0109325
0.013873
0.0572343
0.243171
0.0810437
0.0265097
0.0171821
0.0026497
0.00937484
0.00790363
0.147506
0.63476
0.164422
0.128746
0.164038
0.0203028
0.0164929
0.0208524
0.00467908
0.0155231
0.0171192
0.312662
0.480371
0.0624564
0.0130401
0.0108333
0.0472727
0.157977
0.0482756
0.0165152
0.0323667
0.0128209
0.00776842
0.0329174
0.0972782
0.449407
0.11863
0.0153392
0.0261373
0.0173447
0.0208468
0.0600706
0.0727225
0.544089
0.146055
0.194558
0.349136
0.074101
0.0131758
0.0508993
0.0668481
0.145963
0.0406167
0.211127
0.327176
0.0611607
0.0381095
0.0974865
0.0450094
0.130178
0.0734412
0.0587647
0.0163489
0.00493277
0.0105193
0.0138814
0.0624224
0.439899
0.117615
0.181002
0.0620364
0.0137216
0.028966
0.00301087
0.0349182
0.248061
0.276213
0.218836
0.22812
0.0232249
0.031771
0.0215232
0.023279
0.201045
0.127822
0.320157
0.140086
0.0844781
0.119372
0
0.0233552
0.220741
0.441793
0.219246
0.0280825
0.00552304
0.0950785
0.107914
0.0596713
0.0856436
0.186708
0.0176049
0.00604748
0.00457594
0.394711
0.245473
0.0599436
0.0642077
0.0653383
0.0469891
0.026748
0.037443
0.275389
0.24644
0.0671105
0.0577862
0.126667
0.00706894
0.0062819
0.0252218
0.515698
0.414634
0.040458
0.0146499
0.011493
0.00025188
0.00206424
0.0167313
0.509343
0.188757
0.0104913
0.00497915
0.00151933
0.00370875
0.0145338
0.0182146
0.258297
0.0955105
0.0126346
0.00759653
0.00560311
0.00334105
0.00486114
0.0206903
0.639756
0.24366
0.00526441
0.00151968
0.00105634
0.0429846
0.0752419
0.019582
0.282941
0.0844569
0.0193454
0.00831494
0.0156707
0.015867
0.0223474
0.0120604
0.0326872
0.0245251
0.0231859
0.0204946
0.0099033
0.0629999
0.0703297
0.0148485
0.0163699
0.0183456
0.0178678
0.0152494
0.0157378
0.152193
0.293681
0.0131644
0.0218017
0.0219613
0.0279008
0.0207049
0.0214686
0.370425
0.802564
0.0570307
0.0120163
0.00861138
0.0161881
0.0148068
0.0213257
0.0692224
0.0926286
0.00903887
0.0050669
0.00459547
0.0017221
0.00502724
0.0187309
0.162034
0.284295
0.0333472
0.00420307
0.00356039
0.000790597
0.00550934
0.0292991
0.266159
0.475636
0.0248834
0.00416842
0.0020625
0.00236042
0.00203482
0.0180199
0.356151
0.621991
0.0458169
0
0.000238319
0.000386311
0.00182737
0.0437465
0.145866
0.238186
0.0317503
0.00254329
0.00225493
0.00041379
0.00135623
0.0142487
0.241822
0.404782
0.0447836
0.00111853
0.000946683
0.00102388
0.00263825
0.0219369
0.248084
0.471438
0.0427307
0.00118387
1.33018e-005
0.00214296
0.00311966
0.0337697
0.312839
0.498586
0.100979
0.0114371
0.00916573
0.015017
0.0217161
0.0485765
0.272643
0.446339
0.048083
0.00221174
0.00936794
0.0042197
0.00340942
0.024919
0.326619
0.435136
0.0266211
0.00861062
0.0257087
0.00503256
0.0125006
0.0446377
0.262554
0.406396
0.0982483
0.0135908
0.0260764
0.0348583
0.04691
0.0764003
0.217493
0.217328
0.0293691
0.0206528
0.0616241
0.0505294
0.047733
0.0899225
0.354085
0.314255
0.0173311
0.0282979
0.0199724
0.00908379
0.0927288
0.112279
0.432856
0.0868363
0.0639579
0.0988709
0.0370465
0.0261518
0.129484
0.490395
0.165918
0.0857522
0.0149773
0.0383186
0.0696912
0.0438205
0.050039
0.0699402
0.196568
0.0565399
0.0386309
0.092399
0.16493
0.121659
0.099458
0.229237
0.0226858
0.056429
0.100241
0.313574
0.124528
0.0362306
0.0671163
0.0691437
0.0146302
0.018631
0.0645384
0.517598
0.248314
0.013382
0.00145626
0.00736095
0.0352982
0.0469608
0.0917211
0.356803
0.0872448
0.0140683
0.0456782
0.0674416
0.0436252
0.0287362
0.0604056
0.517598
0.218241
0.0165714
0.00427981
0.0193752
0.0389446
0.0506058
0.0055743
0.403786
0.18282
0.0352747
0.0041945
0.0113104
0.132763
0.303536
0.017569
0.141331
0.0547129
0.031424
0.00803724
0.0284065
0.169497
0.157138
0.0079945
0.208415
0.141571
0.0534392
0.0121971
0.0448669
0.32037
0.608384
0.0211527
0.0398677
0.0305244
0.0348009
0.0118689
0.0644554
0.132945
0.269193
0.00754894
0.00255291
0.00251148
0.00323187
0.00227658
0.0127208
0.236725
0.429474
0.0142631
0.000599332
0.000920467
0.00189853
0.00134059
0.0075265
0.198663
0.504275
0.00859609
0.00122564
0.00270216
0.000935191
0.00291434
0.0209841
0.264297
0.504275
0.016513
0.00166948
0.00448991
0.00407023
0.00909696
0.015348
0.27117
0.423225
0.00995674
0.000428763
0.00122552
0.00197122
0.00271155
0.0160121
0.255818
0.530962
0.0237757
0.00213183
0.00296781
0.00279296
0.00521325
0.0227801
0.250165
0.432861
0.0106352
0.00780286
0.0145908
0.00664278
0.0173955
0.0448071
0.175219
0.233233
0.00949378
0.0151853
0.0372796
0.0290239
0.0394388
0.0499571
0.275664
0.632868
0.0764629
0.0141297
0.00968845
0.0154102
0.0103678
0.039887
0.267524
0.405355
0.189068
0.0690387
0.0864984
0.0553753
0.0508843
0.0887842
0.102531
0.15629
0.0433304
0.0216858
0.0327566
0.0489519
0.0405082
0.0269739
0.0792276
0.0537844
0.109595
0.0669079
0.20718
0.155095
0.0570252
0.0398015
0.139545
0.188241
0.200338
0.0542198
0.0950069
0.117937
0.112212
0.144129
0.0764239
0.0599211
0.0660847
0.0414474
0.144369
0.206361
0.16685
0.153733
0.113355
0.0981757
0.150554
0.0614613
0.242977
0.344281
0.132528
0.0779526
0.119278
0.154684
0.174851
0.2779
0.27473
0.325659
0.195857
0.109562
0.0790973
0.0276832
0.0175195
0.0502489
0.137996
0.113711
0.0695744
0.0631918
0.103027
0.0550124
0.0214246
0.0897512
0.196737
0.205511
0.125301
0.136646
0.0814445
0.058139
0.0762733
0.267881
0.298954
0.207354
0.165433
0.0617944
0.162693
0.0283506
0.00599715
0.091102
0.221445
0.331167
0.423675
0.313676
0.01692
0.0134663
0.0433427
0.330092
0.238891
0.0518055
0.0284056
0.0498876
0.141856
0.17622
0.0228735
0.4201
0.383722
0.0957437
0.0718854
0.108121
0.00466624
0.0223274
0.0151006
0.101319
0.156809
0.0971676
0.07755
0.0616017
0.252013
0.228507
0.0041174
0.0798549
0.186119
0.140207
0.175491
0.295421
0.250528
0.29899
0.00324002
0.051671
0.062694
0.0220163
0.0212093
0.0499533
0.319822
0.623415
0.00405309
0.00235335
0.00521829
0.00587154
0.00577891
0.0299424
0.285142
0.274035
0.000931282
0.0114523
0.0231537
0.0220683
0.037072
0.104017
0.217362
0.254709
0.00370292
0.00985147
0.0191808
0.0175888
0.0136178
0.0360974
0.23046
0.686109
0.00328138
0.00220136
0.015222
0.00495201
0.00804469
0.0228649
0.190484
0.56371
0.03689
0.00369667
0.0269092
0.0180515
0.0303029
0.0260807
0.0879493
0.136087
0.00478649
0.00816517
0.0385975
0.0196379
0.0223812
0.0246895
0.0520183
0.0389988
0.0109577
0.0131408
0.0544773
0.0248448
0.0352933
0.0351248
0.274485
0.629753
0.0668386
0.0260081
0.0771507
0.0589771
0.11139
0.136636
0.16407
0.166141
0.0309767
0.0451894
0.14133
0.170107
0.172141
0.189098
0.104823
0.0710339
0.0330435
0.0796831
0.0886488
0.0408776
0.101878
0.103349
0.135643
0.0851406
0.100314
0.114853
0.0547049
0.0612719
0.0873216
0.135208
0.100154
0.100528
0.10175
0.035338
0.0978136
0.176154
0.104627
0.0710428
0.12611
0.0947229
0.139004
0.0731507
0.406526
0.450073
0.100933
0.0759035
0.102691
0.112253
0.162203
0.0805365
0.0537777
0.0692321
0.0622317
0.0737969
0.130133
0.113
0.160066
0.206577
0.168732
0.128846
0.0923169
0.121157
0.0963101
0.0440775
0.0469724
0.0646314
0.207839
0.339262
0.116717
0.0493886
0.137209
0.116651
0.208496
0.408781
0.203209
0.236477
0.143244
0.0786514
0.0713281
0.0182628
0.0384347
0.166735
0.144953
0.0977077
0.077223
0.125108
0.113702
0.0541951
0.162613
0.365917
0.169083
0.0764014
0.125714
0.175613
0.0635581
0.0697607
0.140968
0.367656
0.163591
0.111375
0.178195
0.0767316
0.207242
0.0233399
0.013205
0.0945077
0.121979
0.187311
0.431797
0.399419
0.0605739
0.061656
0.116991
0.226705
0.0846079
0.0304115
0.0829043
0.0896179
0.149707
0.0426525
0.0305549
0.0925874
0.100106
0.0957316
0.0961069
0.197715