0.0223624
0.213962
0.544224
0.326407
0.0572576
0.020478
0.0695049
0.0781936
0.146741
0.171424
0.334183
0.0995474
0.0188795
0.0108777
0.0364862
0.102565
0.0363311
0.129275
0.13409
0.234251
0.0884607
0.0354586
0.08657
0.104468
0.0767991
0.0973367
0.145409
0.233236
0.0650765
0.0917058
0.0442747
0.132851
0.137835
0.0861169
0.0770095
0.0338018
0.00569611
0.0153987
0.0155745
0.0755179
0.114744
0.0442135
0.0641624
0.090105
0.0999585
0.112847
0.103243
0.197244
0.103736
0.0868291
0.124503
0.287775
0.066503
0.0716469
0.0146564
0.0951957
0.11094
0.139362
0.183417
0.314963
0.0988546
0.167591
0.497849
0.44676
0.046705
0.00817611
0.106266
0.110405
0.0852935
0.0728696
0.0672019
0.0536027
0.0893127
0.00711099
0.173947
0.241235
0.310747
0.13814
0.0899796
0.0731459
0.0392795
0.0155251
0.0580795
0.0544838
0.0797767
0.153906
0.472966
0.197738
0.15607
0.0989343
0.243477
0.310991
0.177656
0.105011
0.318424
0.213003
0.0272967
0.00103646
0.0700267
0.359507
0.450667
0.109548
0.039848
0.0283929
0.00225436
0.00633858
0.029406
0.209505
0.213072
0.0196386
0.00195558
0.00125401
0.0673658
0.0760639
0.211558
0.53719
0.246654
0.0307934
0.0383475
0.0652708
0.000993699
0.00177861
0.0364544
0.24301
0.176686
0.0255939
0.0189552
0.0151387
0.0173535
0.0333961
0.237356
0.278931
0.25718
0.0697885
0.0337473
0.08017
0.04726
0.0398212
0.150319
0.280039
0.245004
0.129324
0.0429239
0.104444
0.0290535
0.0170306
0.106486
0.111914
0.248134
0.101389
0.157047
0.256567
0.0800932
0.0556899
0.109023
0.115995
0.174674
0.06122
0.0892534
0.282328
0.0934989
0.22083
0.231991
0.235186
0.116933
0.101143
0.0581378
0.0352458
0.163892
0.372911
0.200099
0.14524
0.0640692
0.132112
0.181006
0.108065
0.0986783
0.135777
0.206176
0.100536
0.104233
0.0564868
0.0440591
0.0812295
0.16227
0.148462
0.160091
0.0946078
0.0682434
0.0811019
0.0621257
0.0626503
0.0487066
0.0442124
0.0364209
0.0638108
0.0880607
0.133686
0.233497
0.0679799
0.0274085
0.00107682
0.0164532
0.0698497
0.212666
0.445156
0.502356
0.0966702
0.0511877
0.021629
0.030107
0.0357369
0.0345241
0.0588237
0.0751416
0.0323855
0.0615091
0.0362757
0.0294799
0.0353228
0.0481179
0.298137
0.359265
0.0925845
0.0627067
0.0351937
0.0457861
0.119974
0.0665281
0.132921
0.068591
0.0667749
0.0561163
0.071726
0.0873575
0.307281
0.129599
0.114189
0.0175757
0.044576
0.0648465
0.0801511
0.0378699
0.0902496
0.153384
0.315454
0.086566
0.0688206
0.145631
0.429302
0.143873
0.372822
0.384229
0.15932
0.0332927
0.0358024
0.0108655
0.024145
0.0531465
0.317576
0.0938209
0.0378062
0.00162929
0.00947175
0.0287123
0.0458506
0.100862
0.349459
0.0612202
0.0473779
0.183086
0.140977
0.0278392
0.0710457
0.0285422
0.43335
0.295834
0.0393787
0.00124632
0.000827094
0.0371481
0.0449283
0.112202
0.537553
0.199093
0.0297702
0.0300951
0.0881644
0.0419509
0.0271182
0.0268197
0.0440212
0.0125602
0.0704739
0.390764
0.230187
0.129614
0.0817458
0.0747738
0.092475
0.0221506
0.0867439
0.371429
0.289277
0.0517856
0.061094
0.0780768
0.166169
0.0211769
0.0615199
0.195695
0.20231
0.0467975
0.0272646
0.0167242
0.0196201
0.00527926
0.165372
0.506978
0.234781
0.0804141
0.069199
0.111498
0.227848
0.0905414
0.0800635
0.172596
0.137649
0.0022657
0.0010819
0.0188
0.100506
0.114378
0.0831643
0.131125
0.0591172
0.0247534
0.00300422
0.0164501
0.0284264
0.00825556
0.171838
0.565517
0.170063
0.00925406
0.0093204
0.0192868
0.0232985
0.0704865
0.210456
0.556095
0.0829298
0.0524937
0.00919773
0.00512544
0.0221158
0.0768082
0.0856164
0.109692
0.110906
0.10851
0.0125819
0.0227643
0.0213186
0.0230654
0.0191765
0.0502663
0.153262
0.158649
0.0552737
0.0624474
0.0121736
0.134499
0.215793
0.525362
0.241177
0.269186
0.0427584
0.0242443
0.0108128
0.0445602
0.121236
0.283773
0.441134
0.0814673
0.033339
0.0371572
0.0200254
0.0202714
0.0162186
0.0583837
0.108808
0.193574
0.075398
0.025515
0.0149482
0.0180716
0.0276152
0.037043
0.10905
0.218201
0.162989
0.00111994
0.0162829
0.0435037
0.11948
0.307675
0.331301
0.411302
0.337825
0.00226831
0.0461468
0.229252
0.0727607
0.187201
0.282395
0.1613
0.0334989
0.00764725
0.00941469
0.00930629
0.0127514
0.0138943
0.044611
0.25468
0.0941165
0.0254117
0.0280241
0.0136296
0.0336341
0.0568809
0.0543653
0.403885
0.188935
0.00904502
0.0169484
0.084552
0.0228122
0.0519971
0.0765135
0.660808
0.307964
0.164678
0.0511185
0.0132222
0.00191963
0.0105047
0.0584805
0.00996977
0.0932692
0.0514141
0.0635538
0.0722327
0.107569
0.0541176
0.022726
0.0957371
0.23578
0.112495
0.274302
0.202632
0.078672
0.0387768
0.0131446
0.0187155
0.11462
0.198159
0.155097
0.0592643
0.195021
0.206097
0.128556
0.275474
0.229477
0.238359
0.376506
0.125306
0.242146
0.239156
0.243422
0.0334574
0.0493352
0.0233095
0.34274
0.205525
0.0246975
0.00202056
0.000191147
0.00648789
0.0131203
0.0435771
0.477196
0.168086
0.00811771
0.00113913
0.0140718
0.0902746
0.0885555
0.141605
0.468641
0.102424
0.0236767
0.0198544
0.0311419
0.000298622
0.0124908
0.0537939
0.477196
0.176661
0.00471552
0
0
0.0176302
0.027822
0.070464
0.364524
0.0917924
0.0494547
0.11825
0.0794153
0.0122551
0.00894374
0.0132977
0.0325456
0.0217204
0.164569
0.599422
0.16379
0.000614721
0.000733326
0.00955769
0.515931
0.159956
0.013639
0.0227055
0.00606979
0.00965632
0.00377976
0.00564104
0.0452519
0.0310478
0.0533287
0.214203
0.0601556
0.00373974
0.000307477
0
0.0107782
0.000284029
0.138688
0.408136
0.0866193
0.00618317
0.00499147
0.00869235
0.0162657
0.0135795
0.150191
0.557644
0.0677162
0.00426506
0.0015656
0.00180273
0.00473058
0.00104449
0.0728139
0.261003
0.0636487
0.00558369
0.000632195
0.00185022
0.00611974
0.000588667
0.0966103
0.557644
0.122378
0.0311869
0.0143348
0.0183178
0.00324528
0.0159454
0.0615606
0.400052
0.088356
0.0495848
0.0104315
0.00740473
0.00251865
0.0239452
0.0767344
0.193644
0.148599
0.0187309
0.00202593
0.00178914
0.00126217
0.00250774
0.109307
0.598267
0.10342
0.0472882
0.00309889
0.00480751
0.00193437
0.0386593
0.13118
0.520701
0.161073
0.0859969
0.0504982
8.68431e-005
0.0158837
0.0549696
0.134639
0.190487
0.210793
0.158614
0.180175
0.0259378
0.0482709
0.154286
0.0888842
0.106248
0.127805
0.0900166
0.0106921
0.0117096
0.0219149
0.120377
0.262331
0.505828
0.216275
0.127945
0.170763
0.0894473
0.0748032
0.183694
0.2872
0.306843
0.075913
0.204063
0.164693
0.0360052
0.0690214
0.0815766
0.0181834
0.0279466
0.0438591
0.239414
0.195063
0.162036
0.238393
0.0674025
0
0.0142707
0.0426113
0.0925124
0.142067
0.0978466
0.197272
0.121254
0.0737127
0.0413059
0.0305623
0.0705868
0.0892028
0.0854706
0.655885
0.304511
0.0214063
0.0275352
0.0423671
0.0652987
0.0353691
0.293915
0.19893
0.0292265
0.0862991
0.112066
0.1455
0.316986
0.125326
0.191908
0.18029
0.0769153
0.118531
0.160784
0.31642
0.207938
0.133987
0.319281
0.13027
0.041291
0.0329264
0.0438392
0.149928
0.245307
0.0617529
0.137693
0.205777
0.171087
0.0809695
0.0770808
0.238309
0.123822
0.102481
0.143719
0.249391
0.0884829
0.0280402
0.0224027
0.0640888
0.000563549
0.0209405
0.0643519
0.531426
0.183336
0.0186252
0.000279871
0
0.0828506
0.0220609
0.033209
0.255902
0.196021
0.0296699
0.0139874
0.0621654
0.000140887
0.0052128
0.0161767
0.531426
0.323159
0.0161887
0.000419807
0
0.00275251
0.00282714
0.015483
0.614207
0.187621
0.0146552
0.00628023
0.00311504
0.0296572
0.0189586
0.0118627
0.0508422
0.0207592
0.0152964
0.0298297
0.0248377
0.00589377
0.00322309
0.00992374
0.622723
0.301439
0.017016
0.00934949
0.00356986
0.0622122
0.0259933
0.0112126
0.0337151
0.0206019
0.0146635
0.0175495
0.0182634
0.0306308
0.0174179
0.015217
0.0209586
0.00900808
0.0253901
0.126342
0.0578555
0.0206375
0.00696613
0.0183676
0.0241269
0.00829847
0.0863623
0.741478
0.171688
0.0967071
0.0598998
0.0318395
0.0281004
0.0114712
0.0165026
0.00644514
0.0278201
0.182412
0.441554
0.0904065
0.0334602
0.0128947
0.0216265
0.048085
0.0457498
0.0171366
0.00382134
0.00186103
0.00137074
0.000479217
0.0789215
0.449142
0.062917
0.0346665
0.00994622
0.0125116
0.0190699
0.0331149
0.220051
0.527431
0.083333
0.240225
0.17099
0.0150282
0.00189698
0.000683292
0.0187396
0.0983144
0.0301699
0.357643
0.27283
0.047083
0.0783463
0.0268857
0.165239
0.227998
0.0319405
0.0361549
0.00877326
0.021748
0.0331921
0.103385
0.274864
0.318016
0.0430983
0.0408762
0.0493549
0.0393613
0.0421952
0.176343
0.278707
0.272953
0.0129389
0.136979
0.247793
0.110333
0.134856
0.15608
0.245148
0.142673
0.0117904
0.11096
0.331425
0.216251
0.126822
0.236227
0.251337
0.160189
0.0138704
0.0523608
0.0739435
0.0476651
0.107823
0.168977
0.149352
0.0919423
0.0192912
0.0803906
0.0762185
0.0552517
0.369645
0.311491
0.036411
0.0198831
0.0277637
0.192244
0.435348
0.15837
0.106121
0.141822
0.14593
0.0867246
0.0646881
0.291565
0.287719
0.135922
0.205293
0.160753
0.0553533
0.0226071
0.120549
0.262009
0.180463
0.11825
0.0511543
0.040667
0.0464171
0.117679
0.15927
0.131999
0.0451302
0.0666495
0.266055
0.233459
0.117442
0.168264
0.22241
0.0904057
0.0261695
0.0196675
0.0886017
0.0318664
0.0282644
0.129925
0.0808426
0.0458403
0.00182673
0.121008
0.634001
0.153833
0.0397051
0.0883049
0.0431786
0.0210985
1.68306e-005
0.0137903
0.255497
0.15391
0.0172934
0.011822
0.0314963
0.00125502
4.32764e-005
0.00404264
0.534134
0.269532
0.00483782
0.00177986
0.00150272
0.000933403
6.73223e-005
0.0397313
0.347129
0.135157
0.017847
0.00758818
0.00590937
0.10088
0.0274617
0.00510926
0.520765
0.26273
0.0547779
0.00942313
0.0438803
0.0100735
0.0135036
0.0085785
0.280025
0.150957
0.00972458
0.00678274
0.00651675
0.106553
0.0952273
0.019698
0.0103899
0.00746925
0.00491499
0.00947435
0.0143387
0.327341
0.161396
0.0103653
0.227873
0.131398
0.0424804
0.0146736
0.0432705
0.430335
0.644837
0.0546919
0.00681662
0.0108181
0.00285603
0.00552622
0.0144678
0.182468
0.107375
0.0117202
0.00244426
0.000995097
0.00175829
0.00189866
0.0158802
0.199113
0.403305
0.0636454
0.00264347
0.00115627
0.00295707
0.00421176
0.00857233
0.399317
0.406722
0.0299279
0.00514319
0.00217318
3.62666e-006
0.00294558
0.0154918
0.395599
0.440793
0.109273
0.0107227
0
0.00172098
0.0174742
0.0193813
0.278076
0.364675
0.0439489
0.000314211
0.000139373
0.00467886
0.0078965
0.017403
0.427735
0.396287
0.0308877
0.0251812
0.019191
0.0233138
0.0140303
0.0366562
0.230852
0.332922
0.0713334
0.00335739
0.00568705
0.0158087
0.022514
0.0515476
0.285331
0.332914
0.0543793
0.00866993
0.0222772
0.0335008
0.0283536
0.116377
0.220948
0.391212
0.10325
0.0668377
0.0586898
0.0432454
0.0146241
0.0228675
0.160011
0.367797
0.262228
0.146861
0.0873335
0.129577
0.0969628
0.0346464
0.216227
0.323235
0.120971
0.0278344
0.0207034
0.0599799
0.0283596
0.0796392
0.137088
0.136974
0.121341
0.0807009
0.0496397
0.313811
0.236963
0.151134
0.157857
0.362592
0.20505
0.098319
0.0555375
0.102846
0.100504
0.0912327
0.21495
0.191886
0.132432
0.126692
0.077533
0.0535192
0.0309749
0.137397
0.113336
0.0798092
0.0901989
0.0922609
0.133336
0.213413
0.273448
0.241044
0.0807076
0.0690752
0.090558
0.360651
0.349383
0.0617768
0.0914781
0.13111
0.0243419
0.00195402
0.0156327
0.124348
0.050056
0.031515
0.0661823
0.0450935
0.0115087
0.000432924
0.107545
0.619674
0.116922
0.0343362
0.0109421
0.00412806
0.0264205
0.0353985
0.0387112
0.18135
0.126269
0.0772631
0.0356
0.0366967
0.0200141
0.00365036
0.0546005
0.489069
0.338548
0.19127
0.110894
0.0288098
0.0115853
0.000833789
0.0627578
0.374786
0.145769
0.0589423
0.0162494
0.0240018
0.328358
0.108333
0.020132
0.280456
0.222963
0.106425
0.0291011
0.166732
0.0832569
0.0311779
0.0620323
0.198255
0.192972
0.118659
0.179167
0.0571938
0.385489
0.326779
0.147585
0.0578567
0.0871851
0.0720867
0.131452
0.130301
0.433297
0.192349
0.00805923
0.0527876
0.0531122
0.0303115
0.0112604
0.0851112
0.375837
0.455524
0.0705559
0.0117456
0.0274747
0.00478143
0.00556092
0.0397506
0.283612
0.278331
0.0790434
0.00720855
0.0118276
0.0260664
0.0367702
0.0903631
0.276607
0.256558
0.0993049
0.0121761
0.0220954
0.0270971
0.0224583
0.110233
0.335174
0.464556
0.0992909
0.0208463
0.0119574
0.000865253
0.0035177
0.0331019
0.37313
0.326615
0.146205
0.0293741
0
0.000385989
0.0108551
0.0388432
0.285388
0.276883
0.12733
0.0479576
0.0126674
0.0115504
0.00365866
0.0755249
0.19801
0.237759
0.125953
0.105724
0.0129903
0.0151124
0.00321495
0.0278196
0.362584
0.208951
0.100202
0.0132441
0.00828277
0.0162651
0.0504528
0.16175
0.358625
0.175938
0.10271
0.0127357
0.022323
0.0432395
0.145596
0.430522
0.217588
0.103482
0.107103
0.064231
0.0116992
0.0179624
0.0246665
0.101738
0.233934
0.0491771
0.13731
0.0468305
0.0579938
0.0466304
0.118723
0.344394
0.215269
0.168336
0.141062
0.0186525
0.0185931
0.0762728
0.119803
0.242231
0.15942
0.126409
0.100764
0.0191194
0.0388316
0.233863
0.259979
0.294538
0.17346
0.0831978
0.0652078
0.0294194
0.082554
0.0790759
0.151526
0.276453
0.232224
0.241483
0.0748384
0.109838
0.17364
0.0934053
0.175152
0.31294
0.0877752
0.0698374
0.0835708
0.112391
0.152007
0.105098
0.13293
0.175345
0.0278262
0.0293592
0.0653752
0.339923
0.405649
0.0940912
0.111694
0.0956605
0.178438
0.238284
0.103744
0.155946
0.153403
0.0409262
0.0582414
0.102646
0.290362
0.17176
0.0844462
0.176739
0.186902
0.0833972
0.11307
0.337879
0.0214011
0.0748174
0.0615039
0.106963
0.130726
0.0904773
0.0344819
0.0119028
0.0461012
0.0212412
0.0393563
0.294798
0.496257
0.230184
0.154205
0.066926
0.121893
0.100042
0.0776029
0.132845
0.0979638
0.0706745
0.039252
0.0470343
0.169557
0.0595615
0.0667888
0.186059
0.419718
0.232148
0.176241
0.155037
0.150248
0.0880245
0.0317395
0.13707
0.297975
0.0998396
0.227855
0.0880185
0.354602
0.371596
0.129883
0.0753933
0.110991
0.030777
0.127599
0.0490246
0.155828
0.111499
0.0231544
0.0768766
0.237854
0.124299
0.203927
0.118846
0.336593
0.25156
0.10925
0.0692191
0.0730207
0.0239341
0.0843349
0.0629932
0.276016
0.460836
0.197131
0.0618223
0.0205205
0.0275521
0.0363773
0.0447398
0.248626
0.315878
0.174687
0.0472306
0.0290667
0.0412991
0.0309447
0.0897103
0.266662
0.274957
0.214097
0.0931162
0.0197495
0.00295753
0.00462814
0.0260608
0.0914147
0.165117
0.197193
0.155896
0.191521
0.0270321
0.0160851
0.0180114
0.23152
0.217266
0.148864
0.091667
0.0228281
0.0255301
0.0277556
0.0778797
0.101476
0.145913
0.123967
0.140892
0.022982
0.0777797
0.141612
0.0991399
0.0951048
0.125874
0.135346
0.273624
0.277164
0.0569295
0.0604918
0.11617
0.208136
0.168498
0.102911
0.223591
0.169721
0.147174
0.331862
0.337572
0.138043
0.0869434
0.082504
0.0791696
0.0182611
0.0767707
0.0975742
0.0940501
0.226943
0.124598
0.188946
0.107513
0.0727827
0.0569476
0.0680945
0.114881
0.307924
0.174349
0.0371117
0.0712882
0.131894
0.12514
0.231354
0.271119
0.35092
0.198791
0.142993
0.192815
0.304898
0.0963339
0.0867507
0.125429
0.161987
0.122434
0.111927
0.0846549
0.112809
0.0591619
0.0713909
0.110972
0.242936
0.180287
0.0622796
0.117359
0.308644
0.255195
0.140333
0.169968
0.169136
0.0986861
0.105165
0.171903
0.276215
0.102102
0.0537603
0.0561868
0.261045
0.0972038
0.0283934
0.0857811
0.203734
0.287067
0.174975
0.138008
0.253172
0.183438
0.0325679
0.0692191
0.129455
0.0941786
0.0797068
0.0974067
0.404257
0.199011
0.030091
0.026934
0.032737
0.0210303
0.0877955
0.501542
0.205941
0.110283
0.0249406
0.0245227
0.0397433
0.101554
0.0765153
0.103321
0.231067
0.172629
0.0393136
0.0218636
0.00273552
0.0052178
0.0725668
0.327986