0.0199109
0.0212117
0.0339449
0.0372052
0.0235243
0.0142678
0.0116581
0.00914649
0.0995292
0.161262
0.123605
0.0803238
0.0135602
0.0109059
0.0207945
0.0711573
0.0152408
0.0240524
0.0353493
0.16061
0.052112
0.0205146
0.00641837
0.0049578
0.086687
0.154712
0.264552
0.832535
0.114232
0.0307901
0.0241597
0.102406
0.0931969
0.0625182
0.0525894
0.0196286
0.00296423
0.0159501
0.0607712
0.131246
0.051268
0.00881393
0.0190335
0.00384043
0.00453275
0.0263807
0.128404
0.151837
0.150976
0.0729988
0.152172
0.33935
0.0319278
0.109371
0.166858
0.232549
0.168366
0.0164707
0.0321731
0.0362
0.0045429
0.251565
0.570069
0.427726
0.0116407
0.0100174
0.0186422
0.00295612
0.012553
0.00646301
0.0800945
0.0650434
0.0133945
0.0101191
0.018868
0.0123294
0.0211873
0.0021606
0.0240678
0.0250769
0.055405
0.00507143
0.00861544
0.000261126
0.00279184
0.174138
0.700389
0.388968
0.0303805
0.00534096
0.0139364
0.00573047
0.00840106
0.0625643
0.415335
0.251832
0.0389301
0.0355008
0.0789725
0.12275
0.0683932
0.0135358
0.0424396
0.0382682
0.0131337
0.0590772
0.0783344
0.14678
0.111509
0.0251987
0.0227051
0.0300355
0.138934
0.0212774
0.0511162
0.0770296
0.0629687
0.112511
0.615589
0.394793
0.0766648
0.0447441
0.0577355
0.139383
0.0712787
0.0359865
0.13423
0.141437
0.0379715
0.0918231
0.0951377
0.153234
0.174029
0.0956994
0.0288336
0.0414531
0.0606913
0.0983025
0.125518
0.105447
0.153579
0.208563
0.062342
0.0939726
0.092719
0.0958165
0.109442
0.19809
0.086659
0.0394957
0.0846131
0.156131
0.12155
0.132789
0.204297
0.275806
0.148926
0.115762
0.0564029
0.125417
0.00400522
0.00318762
0.00637365
0.00691989
0.00572454
0.00952214
0.00429733
0.00664722
0.00739092
0.0360497
0.267015
0.139395
0.00385094
0.00499636
0.00623772
0.00525208
0.00899129
0.0290056
0.0790046
0.0205388
0.016593
0.0111399
0.00134788
0.0045882
0.00683937
0.424674
0.74558
0.299685
0.0137037
0.00693689
0.000322101
0.00167202
0.0250794
0.117239
0.343967
0.109016
0.01087
0.00260175
0.00206537
0.000876358
0.0557318
0.194595
0.401346
0.267495
0.0613879
0.00835115
0.00742376
0.00259174
0.0416205
0.179394
0.401346
0.202004
0.0160856
0.00159477
0.000666125
8.41593e-005
0.0617927
0.092141
0.354651
0.401346
0.0514406
0.00713216
0.00820944
0.0084388
0.00595497
0.0124867
0.027427
0.104164
0.0253959
0.00470745
0.00331407
0.00127053
0.00565884
0.0124057
0.065964
0.610039
0.153451
0.0114101
0.00550084
0.0112866
0.00340582
0.00731622
0.0286328
0.142675
0.0850295
0.00483941
0.00116675
0.000433634
0.000659605
0.00127314
0.0478365
0.610039
0.352134
0.000964381
0.00063001
0
0.0480809
0.0177356
0.0537323
0.347058
0.100853
0.0395747
0.0589905
0.0612949
0.102312
0.0174344
0.0352389
0.0732646
0.0397185
0.11045
0.452425
0.218018
0.013135
0.00690483
0.0429586
0.457602
0.310617
0.00168949
0.0133261
0.0188029
0.0326355
0.0113282
0.0594123
0.246841
0.202584
0.013754
0.300276
0.144627
0.0314964
0.00197746
0.00459383
0.00297373
0.00111478
0.0868368
0.420039
0.196357
0.00765862
6.84742e-006
0.000767782
0.000205256
0.000348239
0.0763713
0.439139
0.180981
0.0153108
0.00158181
0.0106729
0.0212202
0.0163044
0.0445468
0.42167
0.186492
0.007479
0.000925504
0
0
0
0.102598
0.44909
0.269533
0.0123616
0.000471674
0.000862911
0.00251295
0.0014709
0.0479839
0.356798
0.101071
0.0169724
0.00158591
0.00233186
0.00957913
0.00355705
0.0169218
0.163595
0.06999
0.016138
0.00431714
7.37053e-006
0.000213746
0
0.100916
0.574057
0.232911
0.0395414
0.00291726
0.000638442
0.00255232
0.000552126
0.0746128
0.574057
0.200363
0.0156117
0.00351959
0.00598777
0.0156993
0.00876254
0.00530672
0.0614832
0.0510258
0.0155209
0.0345948
0.029668
0.0314121
0.0141691
0.00439712
0.0165563
0.0274983
0.051785
0.0033852
0.00333807
0.00628049
0.00475782
0.0677931
0.714228
0.218247
0.0359045
0.299222
0.248374
0.2972
0.0535026
0.0838243
0.280968
0.152704
0.00437602
0.0666186
0.161951
0.0203107
0.0071918
0.00272198
0.0013272
0.00411589
0.00792323
0.319391
0.42467
0.0685872
0.00655529
0.00263794
0.00150007
0.000220286
0.00803403
0.330048
0.393193
0.127007
0.0148873
0.0271467
0.0253041
0.0349967
0.029132
0.411038
0.42467
0.075667
0.00475151
0.0121716
0.0223782
0.0232186
0.0172515
0.22993
0.439708
0.180599
0.00864041
0.00274582
0.00572792
0.000123418
0.0246162
0.0513794
0.265339
0.373669
0.0521833
0.00866726
0.00679911
0.00909236
0.0203874
0.146926
0.254664
0.214522
0.0109751
0.00620174
0.022978
0.00348114
0.052879
0.0758574
0.350122
0.439708
0.032481
0.021785
0.0142306
0.0357671
0.0104298
0.0125903
0.00906425
0.12305
0.0806604
0.00421641
0.000219195
0.0104831
0.00295739
0.00544447
0.0913681
0.58805
0.242613
2.62623e-005
0
0.00236968
0.0842919
0.033883
0.0103662
0.14851
0.0659652
0.000817113
0.000527186
0.0867963
0.0264411
0.0189441
0.117269
0.58805
0.322208
0
0
0.0121192
0.00230469
0.000135525
0.0909045
0.513863
0.246632
0
0.000345892
0.00403415
0.00285566
0.000542101
0.0449304
0.309807
0.184253
0.00166646
0.0507297
0.0302616
0.00345703
0
0.151405
0.513863
0.206702
0
0
0.00345703
0.000899029
0
0.0774077
0.370633
0.0869895
0
0
0.000899029
0.00970222
0.000331664
0.00743335
0.0710571
0.0448996
0.0221676
0.280128
0.148497
0.020513
0.00165282
0
0
0
0.092161
0.791997
0.400396
0.000866736
0
0.00192129
0.0654276
0.0207103
0
0.00134846
0.00775688
0.00990969
0
0
0
0
0.00744879
0.0837039
0.0755696
0.0292097
0.00300968
0
0
0
0.0718291
0.518757
0.206507
0.0522969
0.00200646
0
0
0
0.12822
0.550565
0.248971
0.0236829
0
0
0
0
0.0268537
0.136494
0.0707989
0.0507641
0
0
0
0
0.131734
0.388454
0.218826
0.0209724
0.00319577
0.00239205
2.72606e-005
0.0015288
0.0761594
0.428142
0.15302
0.00743448
0.111627
0.0977157
0.166789
0.0458654
0.156493
0.35096
0.130011
0.0191718
0.00417417
0.00349267
0
0.000382201
0.117694
0.374729
0.200791
0.0073891
0.0411493
0.0297623
0.0357854
0.0261601
0.20114
0.459655
0.271487
0.00236549
0.192501
0.180345
0.150855
0.0345962
0.166165
0.185061
0.10598
0.0110363
0.151781
0.153315
0.0679957
0.0107785
0.129046
0.184358
0.148477
0.0138686
0.0287464
0.0208204
0.0442591
0.0341307
0.253516
0.414003
0.16286
0.0278186
0.013441
0.00882637
0.0393285
0.0251795
0.413989
0.414003
0.23567
0.00639233
0.0218956
0.0753977
0.14014
0.0141099
0.0344602
0.0494217
0.0430018
0.0403001
0.0697096
0.42273
0.300233
0.0132379
0.0134411
0.00570747
0.0163755
0.0228202
0.0140788
0.0668149
0.10761
0.0372234
0.252828
0.358779
0.153583
0.0744791
0.141214
0.42273
0.404397
0.0779625
0.0885616
0.174122
0.0657609
0.0430251
0.00806641
0.0021635
0.0879733
0.0487536
0
0.000144471
0.0442044
0.0144608
0.00497564
0.0188848
0.535818
0.361353
0
0
0.00640436
0.0468721
0.00447122
0.03029
0.117189
0.0693792
0.00522128
0.015022
0.0532221
0.00888382
0
0.119114
0.535818
0.434296
0.00145052
0.00256242
0.00888382
0.000477693
0
0.0372291
0.505577
0.304155
0
0
0.000477693
0.000119423
0
0.0230856
0.224347
0.109261
0
0
0.000119423
0
0
0.0562872
0.505577
0.437303
0
0
0
0
0
0.0103631
0.231874
0.184093
0
0
0
0
0
0.00896426
0.359969
0.165407
0
0
0
0.00429575
0
0
0
0
0
0
0.00429575
0
0
0
0.25307
0.25307
0
0
0
0.00525068
0
0
0
0
0
0
0.00525068
0.0151754
0
0
0
0
0.00523487
0.0172003
0.0151754
0.0594505
0
0
0
0
0.126613
0.283782
0.2477
0.0321011
0.0372931
0
0
0
0
0
0.0221212
0.411964
0.659009
0.103606
0
0
0
0
0.110473
0.0148113
0.00268157
0.000720058
0
0
0.0477748
0.159061
0.10069
0.0463491
0.0736482
0.0143195
0.00220895
0.00307839
0.0787549
0.494867
0.260088
0.158023
0.292261
0.0236109
0
0
0
0.00292283
0.0304825
0.335944
0.57891
0.0746428
0.019648
0
0.0122034
0.0680552
0.0885933
0.0379757
0.0606314
0.0264166
0.0243993
0.0220707
0.118587
0.295101
0.116738
0.0756529
0.0462081
0.0331468
0.034531
0.0363035
0.27581
0.41817
0.107158
0.177603
0.405295
0.105627
0.0620505
0.01819
0.0346729
0.0517117
0.041937
0.24424
0.45421
0.212868
0.0987819
0.0670944
0.0892764
0.0918611
0.0284964
0.0615576
0.036334
0.0506799
0.028367
0.0306524
0.172373
0.274442
0.102323
0.0969798
0.0748637
0.371231
0.311074
0.161762
0.0835419
0.168205
0.0761212
0.118482
0.238201
0.213278
0.0522598
0.0580652
0.0783882
0.101904
0.0452114
0.0527588
0.0824803
0.243438
0.349408
0.371231
0.205458
0.0804899
0.0556463
0.0336592
0.00622226
0.0360295
0.136515
0.104932
0.00705109
0.0214662
0.0462979
0.00505911
0
0.182699
0.527082
0.21602
0.00194638
0.00343839
0.00505911
0.00420269
0.00184512
0.0217192
0.339831
0.169233
0.00622053
0.00850034
0.0109464
0
0
0.0940627
0.527082
0.3518
0.00335511
0.00156631
0
0
0
0.163452
0.578449
0.205799
0
0
0
0
0
0.039765
0.235438
0.0880403
0
0
0
0.00790713
0.00265126
0.118295
0.578449
0.258581
0.000469685
0
0.00190355
0.0725247
0.097718
0.034213
0.196578
0.0658202
0
0
0.00818654
0.00441383
0.000789154
0
0.00710514
0.00710514
0
0
0.000295254
0.0654766
0.0587005
0.0120567
0
0
0
0
0.00620374
0.206853
0.351636
0.0133098
0.00127735
0.00127735
0
0
0.00766232
0.453687
0.726097
0.143432
0.00552038
0
0
0
0.0185066
0.0598411
0.1102
0.0248249
0
0
0
0
0.0117461
0.167338
0.343063
0.0693805
0
0
0
0
0.0318927
0.22869
0.473244
0.145321
0.00184079
0
0
0
0.0269386
0.401872
0.473244
0.316535
0
0
0
0.000347512
0.0383222
0.148443
0.281691
0.0629149
0
0
0
0
0.0252863
0.227133
0.389214
0.165897
0.0203915
2.36383e-005
0.000169767
0.000614542
0.0374569
0.275166
0.389214
0.24803
0.00248016
0.00311884
0.00125223
0.000869864
0.021338
0.307118
0.389214
0.292335
0.0212352
0.0144214
0.0119094
0.00887587
0.0413836
0.199883
0.44957
0.210239
0.0497334
0.00831862
0.00247812
0.00780152
0.0449311
0.195192
0.44957
0.216699
0.0847803
0.115919
0.0842023
0.0287457
0.0458665
0.181721
0.318844
0.185734
0.0364129
0.0291807
0.0178877
0.0258151
0.0662973
0.070472
0.19975
0.126636
0.251907
0.190571
0.061758
0.030389
0.0684223
0.0988946
0.180365
0.183373
0.0445681
0.0991955
0.116523
0.0723015
0.113023
0.0784677
0.0434866
0.143726
0.176962
0.300328
0.316355
0.221377
0.193761
0.0643598
0.0440251
0.0893727
0.181526
0.121853
0.0802995
0.0457891
0.141891
0.114301
0.0260127
0.0912254
0.155473
0.150456
0.383199
0.377193
0.239419
8.04129e-005
0.00279819
0.0212621
0.299966
0.101334
0.0127791
0.0036763
0.00108378
0.00780208
0.00183466
0.0224507
0.474497
0.378433
0.0207134
0.010959
0.0095716
0.0428949
0.167971
0.149305
0.262141
0.0972692
0.0155093
0.00907587
0.0240611
0.0594276
0.097481
0.155084
0.439611
0.338447
0.0316927
0.0436643
0.0585854
0.0485999
0.0656263
0.00903318
0.297486
0.268079
0.0181438
0.0126177
0.0325045
0.19922
0.33372
0.0148761
0.0592081
0.0526112
0.00426392
0.00315441
0.0324139
0.187323
0.230244
0.0673407
0.161073
0.20853
0.0273512
0.0525531
0.115303
0.397106
0.473937
0.202807
0.0621523
0.0999754
0.00639589
0.0155506
0.0970893
0.178616
0.301053
0.0456272
0
0
0
0
0.0072921
0.222099
0.416697
0.157324
0.00426057
0
0
0
0.0145225
0.259964
0.416697
0.18899
0.014545
0.0305939
0.00160356
0.00216381
0.0344123
0.26599
0.416697
0.244498
0.00590828
0
0.00240533
0.000925128
0.0516533
0.216245
0.443868
0.199722
0.00442297
0
0
0.000383951
0.0296034
0.300999
0.443868
0.274714
0.00477893
0.000895574
0
0.00252469
0.0452854
0.174303
0.396717
0.169578
0.0234241
0.00311084
0.00235774
0.00205786
0.0592788
0.150587
0.217755
0.0947655
0.0529551
0.0125411
0.00453787
0.00789636
0.060409
0.426743
0.511676
0.364388
0.0255166
0.0106348
0.00203033
0.00820959
0.0417047
0.325889
0.285072
0.221809
0.0969076
0.0368415
0.0199336
0.0191123
0.0490743
0.133016
0.147955
0.0918444
0.0701094
0.0315616
0.00880299
0.010403
0.0418567
0.0829544
0.0875895
0.108095
0.139803
0.0265403
0.0121015
0.0486253
0.0385083
0.140876
0.0743739
0.0547442
0.125254
0.0507616
0.0215639
0.0174264
0.0481157
0.0573988
0.0155299
0.135213
0.506758
0.212805
0.0262918
0.0105354
0.028156
0.126586
0.0212361
0.0401585
0.223559
0.0765851
0.00751531
0.0392112
0.0526294
0.0863574
0.00210264
0.142087
0.57502
0.35989
0.0341272
0.00977011
0.0268969
0.0134637
0.0143622
0.170878
0.299162
0.117533
0.0161395
0.00598966
0.0248499
0.0309246
0.0334882
0.20129
0.208136
0.172787
0.295767
0.193062
0.0620516
0.00374651
0.00810079
0.212634
0.384973
0.176725
0.0270253
0.00145962
0.00104183
0.00571687
0.0819056
0.303463
0.451704
0.216221
0.0341962
0.0270985
0.0129667
0.0627432
0.194078
0.212296
0.148084
0.0783888
0.0717046
0.0868259
0.0960829
0.0768504
0.235627
0.176568
0.135277
0.109692
0.0654232
0.0897107
0.104616
0.0970734
0.153064
0.282943
0.23757
0.0928171
0.131522
0.251051
0.209596
0.136486
0.368141
0.155242
0.127004
0.0835315
0.132902
0.302352
0.250285
0.170203
0.331774
0.254521
0.102856
0.0573623
0.00823863
0.0382658
0.0920437
0.248624
0.464635
0.331075
0.0733232
0.0701169
0.000913252
0.0322629
0.0770777
0.169188
0.318012
0.27147
0.0785017
0.0287364
0.0149839
0.0678536
0.0869686
0.131556
0.171274
0.210009
0.0577958
0.0161787
0.00903815
0.0404853
0.0537801
0.283985
0.59362
0.310571
0.0414358
0.0512185
0.00552379
0.0191479
0.0966849
0.234785
0.4327
0.195682
0.0431716
0.00424963
0.0163376
0.00707724
0.090452
0.0966812
0.131893
0.143258
0.057782
0.00359697
0.0072707
0.0227649
0.0523484
0.0772791
0.10712
0.124563
0.113858
0.0174238
0.0150015
0.00761094
0.0317686
0.208119
0.389405
0.196598
0.172733
0.0372783
0.0269439
0.0150614
0.112836
0.18941
0.186118
0.0972012
0.277101
0.0821073
0.0252212
0.0453891
0.0813001
0.139829
0.210587
0.175582
0.263901
0.0741688
0.0252514
0.0140887
0.0348829
0.144184
0.246535
0.206708
0.342152
0.123168
0.0303831
0.0462893
0.0213662
0.136888
0.187754
0.140473
0.201453
0.0911856
0.0228408
0.0192042
0.0470409
0.116191
0.214823
0.271344
0.170482
0.0793674
0.0214911
0.115171
0.104913
0.129413
0.291768
0.216889
0.269586
0.0916804
0.0285998
0.0260705
0.0616644
0.20293
0.259426
0.245836
0.282675
0.160741
0.0487881
0.0475254
0.146623
0.038916
0.0171525
0.0765506
0.141507
0.0593987
0.00807747
0.0534797
0.0272842
0.0435825
0.000832508
0.254611
0.412679
0.199692
0.0366336
0.0294359
0.0142277
0.0208943
0.0244623
0.199627
0.255195
0.068959
0.0430334
0.0400746
0.0182983
0.0185964
0.0195994
0.495823
0.484879
0.146814
0.10572
0.0568799
0.0239045
0.0107554
0.00223243
0.171779
0.232039
0.117965
0.0160379
0.00173722
0.00155762
0.00331351
0.0318095
0.207543
0.457256
0.198819
0.0126321
0.00353626
0.00201927
0.00717028
0.00597602
0.226286
0.221467
0.116052
0.0281254
0.00727963
0.00462717
0
0.00313334
0.379925
0.457256
0.30894
0.0266255
0
0