0.147007
0.172699
0.0754683
0.028919
0.156101
0.11361
0.145057
0.301704
0.14904
0.0556864
0.054865
0.070214
0.19361
0.180157
0.170886
0.30261
0.0441693
0.0452536
0.0471351
0.0254848
0.300997
0.214591
0.161377
0.06643
0.0132601
0.056426
0.05192
0.0859773
0.391649
0.325587
0.114286
0.129504
0.147333
0.116705
0.0626236
0.0560063
0.0506835
0.0969566
0.0827202
0.109689
0.179954
0.136518
0.0626428
0.0812964
0.109735
0.485045
0.250832
0.144922
0.0387479
0.0982427
0.116067
0.150435
0.148121
0.103684
0.0658121
0.1211
0.13773
0.152837
0.225175
0.293641
0.124292
0.17978
0.319403
0.163318
0.154255
0.0223915
0.00902267
0.0355667
0.071747
0.225613
0.243814
0.194201
0.319598
0.225842
0.116328
0.0679746
0.0829211
0.0633879
0.286418
0.160102
0.137591
0.0468389
0.0444932
0.0884151
0.0774152
0.177004
0.398116
0.165725
0.185153
0.0709387
0.0387139
0.0564749
0.133598
0.157988
0.313098
0.16112
0.252101
0.240684
0.202906
0.100137
0.0678031
0.119534
0.194058
0.0727121
0.182873
0.0934582
0.0481771
0.0277296
0.0707285
0.242692
0.35858
0.286009
0.103972
0.0853435
0.0528536
0.0380091
0.110479
0.191617
0.263322
0.0783706
0.156915
0.149932
0.056793
0.0321834
0.102542
0.17411
0.300916
0.19775
0.121725
0.0844348
0.00193147
0.00367655
0.0335419
0.062864
0.234415
0.26439
0.275345
0.248873
0.0428326
0.0127042
0.0141643
0.0142651
0.129258
0.312443
0.086101
0.121606
0.098066
0.0947615
0.0974047
0.058855
0.178569
0.176709
0.323719
0.286806
0.199283
0.153425
0.0907153
0.0418218
0.202578
0.338704
0.231636
0.254223
0.117882
0.0679282
0.0401988
0.0162596
0.0601255
0.183644
0.129522
0.120521
0.134133
0.116238
0.0654635
0.0603621
0.153587
0.154015
0.352696
0.290033
0.27173
0.130903
0.0942631
0.042705
0.111415
0.251271
0.140302
0.243709
0.29203
0.191555
0.0917176
0.0904573
0.144822
0.107735
0.133913
0.0337968
0.0573005
0.0719827
0.0437954
0.0739729
0.108689
0.115622
0.150341
0.0557097
0.109774
0.136839
0.107668
0.133092
0.114906
0.116894
0.262577
0.220488
0.111923
0.106057
0.0264912
0.0563304
0.126124
0.109896
0.552538
0.204911
0.0901057
0.0896519
0.0267868
0.0576396
0.138569
0.454599
0.0705175
0.0335988
0.0316436
0.0511288
0.259051
0.291461
0.169975
0.063627
0.0631526
0.132112
0.05594
0.129391
0.261925
0.238785
0.0953919
0.164525
0.225904
0.308833
0.107503
0.0980752
0.108371
0.188924
0.0773085
0.116149
0.111555
0.258372
0.137881
0.288406
0.218939
0.13994
0.0428295
0.0504576
0.0178195
0.0416637
0.036957
0.17622
0.133521
0.0335614
0.018217
0.0636384
0.0558021
0.0533886
0.121093
0.341532
0.154239
0.0319584
0.0789644
0.0521865
0.0127827
0.0304963
0.0189872
0.335492
0.238178
0.0181887
0.00244886
0.0096656
0.0210428
0.0280027
0.0653428
0.630338
0.366883
0.00518827
0.00338197
0.0218566
0.0787231
0.0501679
0.0613902
0.114636
0.0558184
0.0904395
0.169851
0.0812013
0.0629867
0.0225908
0.0174877
0.0311359
0.0443257
0.241467
0.290783
0.0900348
0.0526555
0.0424523
0.0633412
0.459088
0.126919
0.0718711
0.146318
0.0640696
0.0473792
0.0203584
0.0139878
0.0902911
0.0240108
0.362933
0.548421
0.0682376
0.0127741
0.00613544
0.00737068
0.0124467
0.035896
0.235713
0.219647
0.0430774
0.0402864
0.0317487
0.0262067
0.0122181
0.0709017
0.141968
0.139438
0.0687789
0.00713835
0.00359895
0.00162685
0.000136953
0.00807789
0.393316
0.563375
0.0581151
0.0457146
0.0215632
0.0118882
0.00469085
0.0830663
0.31986
0.428971
0.112829
0.0566974
0.0582195
0.0776674
0.0892623
0.140921
0.103907
0.130083
0.0692495
0.255218
0.250739
0.222644
0.194374
0.119191
0.07584
0.278385
0.256626
0.106927
0.0165632
0.0119277
0.0302814
0.145362
0.185602
0.222103
0.156593
0.25964
0.147498
0.107274
0.0680066
0.0908189
0.126296
0.309613
0.345855
0.199526
0.333084
0.31164
0.136153
0.081788
0.0461596
0.112629
0.180936
0.051414
0.189635
0.26548
0.233657
0.144432
0.111318
0.0612575
0.0795307
0.162015
0.289165
0.159264
0.0702265
0.0906935
0.0960234
0.111092
0.182015
0.10061
0.11538
0.0856399
0.127349
0.223371
0.222509
0.1093
0.213551
0.130173
0.117947
0.102707
0.140445
0.0631918
0.0624824
0.101108
0.156173
0.405385
0.125056
0.0531564
0.0378373
0.0174589
0.064088
0.175948
0.434227
0.0853938
0.00383742
0.0242525
0.108209
0.127504
0.127417
0.19005
0.306708
0.259433
0.115184
0.0697935
0.0699545
0.0900701
0.093041
0.200849
0.315118
0.141872
0.215337
0.112509
0.105091
0.0466664
0.107488
0.128144
0.0940036
0.0474493
0.131067
0.0581067
0.21083
0.286185
0.159829
0.076704
0.00817955
0.124676
0.0702749
0.0927171
0.249259
0.176251
0.261757
0.208244
0.0843639
0.0530691
0.124478
0.0471505
0.336684
0.378804
0.194031
0.0927214
0.0518092
0.00195123
0.00580395
0.0061033
0.20974
0.176007
0.0167159
0.0040088
0.000506162
0.00145317
0.0013295
0.00929144
0.556104
0.286393
0.000382963
0.00036648
0.0018324
0.0040032
0.0216817
0.0371084
0.240135
0.157112
0.00909001
0.00399787
0.00407279
0.000102041
0.00120991
0.0384864
0.556104
0.288783
0
0
0
0.00689123
0.00633725
0.00983842
0.528455
0.181224
0.0167125
0.0639007
0.0155549
0.0104137
0.0087319
0.00332567
0.10819
0.0347508
0.138881
0.442459
0.0435239
0.00428209
0.00215806
0.00985602
0.570071
0.228984
0.00216605
0.00263082
0.00701829
0.0118167
0.00946825
0.00885028
0.0991322
0.0493658
0.00983248
0.0758853
0.0287535
0.00212045
0.00441026
0.00226078
0
0.00336549
0.140542
0.500383
0.0491326
0.0186906
0.0141198
0.00847766
0.00242522
0.042105
0.20871
0.525391
0.0731175
0.00583416
0.00505735
0.00507281
0.00113927
0.00476162
0.0233518
0.195362
0.0317973
0.0049777
0.0057074
0.00632329
6.53659e-005
0.00854368
0.177359
0.525391
0.0269591
0.0360633
0.00480879
0.00238169
0.00751047
0.0397076
0.162297
0.267119
0.0737222
0.0453917
0.011594
0.0215386
0.0124228
0.0301071
0.196842
0.209564
0.086685
0.00502421
0.0017741
0.00112609
0
0.00477098
0.268157
0.511366
0.0148779
0.00302945
0
0.00383294
0.0196776
0.0298583
0.388018
0.511366
0.0499512
0.0389187
0.0378294
0.0505934
0.0389332
0.0944254
0.186846
0.194378
0.118293
0.125264
0.0274656
0.0699439
0.0776586
0.186154
0.133841
0.0933757
0.166353
0.00301183
0.0193163
0.0315175
0.0334823
0.149386
0.41281
0.524963
0.178705
0.0964135
0.0478899
0.0997362
0.0463984
0.21154
0.204264
0.2298
0.202643
0.13526
0.0208318
0.062787
0.159132
0.16888
0.122739
0.0943262
0.179929
0.144876
0.114546
0.117043
0.198027
0.264155
0.139727
0.100604
0.143464
0.132106
0.0410977
0.0984583
0.0937802
0.143425
0.166757
0.0934836
0.165429
0.0691759
0.0602637
0.0771738
0.416836
0.484327
0.15033
0.0352593
0.122772
0.184525
0.0926997
0.0994693
0.134276
0.114707
0.1159
0.0721614
0.0913706
0.0659935
0.169222
0.127837
0.317494
0.259839
0.0764304
0.0318647
0.0363811
0.147923
0.141298
0.13394
0.0410682
0.0630987
0.0452172
0.0654049
0.129954
0.044307
0.0872443
0.216205
0.41126
0.448512
0.115146
0.0451604
0.0928793
0.00474453
0.035158
0.0657041
0.195963
0.0714853
0.0154888
0.00639165
0.00281557
0.000355343
0.00421335
0.0494083
0.587107
0.161894
0.00898682
0.00345647
0
0.00217927
0.0153234
0.0969437
0.314943
0.133165
0.0347413
0.0100895
0.00683551
0.000715322
0.00291405
0.0561982
0.587107
0.208162
0.0135837
0.0051847
0.000478427
0.00278429
0.00187933
0.0115612
0.611508
0.194482
0.000738204
0.000798218
0.00362439
0.00670678
0.00800427
0.0135168
0.0871273
0.0493683
0.00646942
0.00536275
0.00861584
0.00564707
0.00248339
0.0134039
0.678281
0.2019
0.00088358
0.000532579
0.00425184
0.0128527
0.00992871
0.0255108
0.0827712
0.0444731
0.00360593
0.00365833
0.00981533
0.0262554
0.0220596
0.0257051
0.0192564
0.0225846
0.0369996
0.0872496
0.0367376
0.0318944
0.0432389
0.0175771
0.00912445
0.0102814
0.24648
0.801439
0.0446537
0.0452605
0.0339068
0.0496085
0.0366435
0.0165709
0.0161955
0.0345205
0.0309167
0.255268
0.161019
0.0287023
0.0274193
0.0235036
0.0249455
0.10292
0.0573799
0.00254939
0.00642202
0.00128532
0.00125204
0.00125204
0.134133
0.426417
0.00471913
0.00354945
0.00314269
0.00590495
0.0211068
0.0172572
0.247783
0.60704
0.048575
0.105135
0.108513
0.0165394
0.0036585
0.0036585
0.020899
0.0741749
0.0111837
0.205991
0.371114
0.0624414
0.0187063
0.0245051
0.0772021
0.293403
0.0319281
0.00244202
0.0123642
0.0215241
0.0470379
0.0658709
0.187922
0.473851
0.0903293
0.0444
0.0258074
0.0541554
0.0574787
0.0892313
0.174454
0.262754
0.113527
0.22885
0.300615
0.102048
0.116984
0.0966336
0.0940508
0.282011
0.035458
0.12475
0.23823
0.259049
0.186023
0.0926504
0.178129
0.232156
0.0282005
0.0754425
0.0152866
0.0421524
0.0535554
0.0868406
0.178154
0.169142
0.120261
0.0494013
0.0123193
0.0327914
0.337624
0.35732
0.0885178
0.0583349
0.06158
0.0647488
0.272539
0.285273
0.117562
0.0751047
0.197309
0.190929
0.064425
0.135774
0.173431
0.170233
0.392969
0.265301
0.0710516
0.0724639
0.0582434
0.101829
0.0572345
0.0346475
0.076507
0.0722475
0.0792001
0.0851542
0.126591
0.0574645
0.0196476
0.111677
0.247361
0.231617
0.0893419
0.0347911
0.0999085
0.166623
0.0263228
0.100322
0.338438
0.23072
0.136653
0.130801
0.182422
0.0865914
0.00373363
0.144144
0.541006
0.213565
0.121447
0.112085
0.1668
0.00303314
0.00152552
0.0516898
0.251887
0.114355
0.0179396
0.00363513
0.0105796
0.000833405
0.000319003
0.0214906
0.552354
0.171436
0.00284723
0.000655158
0.00123972
0.00509997
0.000437817
0.040335
0.371766
0.122447
0.0152531
0.0101956
0.0141562
0.0128001
0.0175718
0.014198
0.552354
0.262137
0.0290014
0.012703
0.00575924
0.00872441
0.00474853
0.00571876
0.5121
0.123253
0.00478889
0.0032168
0.00913647
0.0412106
0.0248041
0.0196922
0.0334951
0.0174992
0.00427312
0.0137174
0.0216579
0.137894
0.105704
0.0143969
0.454623
0.162533
0.0426227
0.025653
0.0384751
0.304342
0.524856
0.119144
0.00726372
0.00848265
0.0107893
0.0202637
0.0569253
0.0793279
0.0541468
0.0109565
0.00267285
0.000613324
0.000860623
0.00632663
0.0129574
0.177949
0.291347
0.0425422
0.00255605
0.00203539
0.000713714
0.0034071
0.0100127
0.291827
0.491967
0.0996386
0
0
0.000632545
0.00436951
0.0212687
0.349761
0.563891
0.194092
0.00246992
0.00759973
0.000640942
0.000249745
0.0269692
0.201062
0.269863
0.0391937
0.00101183
0.00121831
0.00331415
0.00203051
0.00255912
0.230946
0.442264
0.0873092
0.0126498
0.00846638
0.0143718
0.0083338
0.00403482
0.205441
0.46868
0.169601
0.00266739
0.0134653
0.00432712
0
0.0135101
0.251676
0.452896
0.137482
0.0152475
0.0407764
0.0187157
0.00604176
0.0335871
0.267979
0.464827
0.157217
0.0628349
0.0360027
0.0210176
0.0203472
0.00748644
0.22597
0.327032
0.267174
0.0874248
0.0347811
0.0633819
0.0418998
0.0226908
0.223606
0.367684
0.131333
0.0505198
0.0359153
0.0130336
0.019423
0.105329
0.22974
0.282012
0.10824
0.0606503
0.0416175
0.0186626
0.0194238
0.0782306
0.115979
0.238599
0.26859
0.0610048
0.0456955
0.0798173
0.0565902
0.138043
0.0942408
0.127856
0.148262
0.31026
0.164023
0.0372585
0.0322821
0.146229
0.155805
0.122485
0.0684221
0.108179
0.178649
0.0391744
0.0193202
0.140478
0.0533361
0.0247779
0.0801973
0.532174
0.369723
0.0305986
0.0114898
0.14138
0.0805766
0.041201
0.199872
0.247612
0.0976238
0.0472584
0.0539743
0.100437
0.0333759
0.00186949
0.139516
0.480152
0.0778719
0.0518716
0.0722319
0.107742
0.108013
0.124159
0.186148
0.185779
0.0510618
0.0184695
0.0194714
0.0483947
0.021584
0.0195303
0.0655798
0.511713
0.359942
0.0527489
0.0326525
0.0438218
0.00507571
0.000119095
0.0686601
0.422391
0.0895793
0.0219158
0.0106134
0.0128236
0.0331174
0.110533
0.0589899
0.511811
0.270103
0.140699
0.0435906
0.0863135
0.0496023
0.00107868
0.0331163
0.311304
0.206085
0.0672554
0.0555275
0.0291159
0.185015
0.217249
0.0893503
0.150015
0.142992
0.160172
0.0993151
0.212299
0.146771
0.252314
0.039312
0.113849
0.0800678
0.0570134
0.0234577
0.0548167
0.251244
0.517181
0.109598
0.000206161
0.000915643
0.00261863
0.00404427
0.0345452
0.158596
0.375071
0.0981206
0.0149437
0.0251878
0.0426641
0.0194655
0.0930016
0.237548
0.462639
0.181452
0.000619527
0.00419242
0.00141776
0.00328718
0.0401277
0.17099
0.513582
0.160796
0
0
0.000156532
0.0031711
0.0287552
0.218913
0.486933
0.185111
0.00313229
0.0272361
0.00229703
0.00291308
0.0449171
0.202126
0.299596
0.162363
0.0018929
0.00329063
0.00211667
0.0130012
0.0871803
0.18588
0.271362
0.143637
0.00936332
0.020714
0.00466328
0.0206336
0.0885758
0.215465
0.42459
0.264284
0.00944397
0.0368368
0.00346216
0.00219847
0.0682506
0.197587
0.492205
0.251711
0.0221066
0.0540984
0.0226529
0.0221318
0.0654783
0.187932
0.191139
0.146634
0.0307689
0.0249258
0.0053761
0.0198167
0.0810168
0.113307
0.261946
0.277782
0.100133
0.030747
0.0310144
0.0159143
0.042233
0.226265
0.406563
0.13714
0.0769863
0.095335
0.057768
0.0790188
0.183131
0.222346
0.194273
0.0498915
0.125136
0.12084
0.0462619
0.0666993
0.117704
0.133164
0.262812
0.218938
0.149942
0.119173
0.173875
0.0885458
0.073347
0.101986
0.0715594
0.0395064
0.231056
0.270289
0.269249
0.114665
0.0634673
0.0645413
0.0346779
0.00895588
0.143142
0.197015
0.0177428
0.0115086
0.0253159
0.0107659
0.00190433
0.0483772
0.473424
0.386001
0.0276979
0.015983
0.0345547
0.024132
0.0115878
0.00811804
0.203987
0.268288
0.0804309
0.019651
0.0197402
0.159762
0.0238282
0.0129943
0.297654
0.44379
0.129151
0.0458277
0.181719
0.179437
0.139374
0.0783178
0.0871304
0.0639612
0.0250754
0.0504828
0.0510031
0.0965526
0.0711407
0.058585
0.333499
0.533452
0.0863757
0.0654396
0.046134
0.179369
0.0979736
0.108975
0.158598
0.0798596
0.0393799
0.122919
0.110707
0.190859
0.139941
0.0679569
0.197736
0.332486
0.086725
0.112505
0.201929
0.168559
0.0235254
0.0213479
0.162168
0.252981
0.085192
0.129111
0.114739
0.376328
0.227239
0.170054
0.114011
0.0760797
0.0534004
0.113832
0.213691
0.186693
0.0518263
0.0264423
0.0794771
0.131938
0.0809439
0.144775
0.269612
0.264043
0.126162
0.167493
0.111507
0.0559257
0.124023
0.185599
0.345712
0.289641
0.412058
0.230325
0.0620251
0.0171203
0.0250181
0.0247826
0.0864065
0.284098
0.41742
0.317996
0.00964032
0.0394336
0.0521489
0.0179578
0.0512304
0.154532
0.17032
0.172586
0.117384
0.069307
0.0933913
0.0955558
0.129043
0.0942811
0.171139
0.179428
0.069029
0.0770991
0.0886566
0.0560807
0.0553053
0.284812
0.227786
0.196372
0.0163131
0.0438002
0.0559342
0.0410545
0.175137
0.199131
0.132722
0.107722
0.0192676
0.0146238
0.0346388
0.103759
0.214421
0.0596316
0.159995
0.220062
0.0600828
0.0497712
0.0946269
0.0442467
0.0565944
0.482229
0.211076
0.207767
0.0274386
0.0203316
0.0590828
0.136646
0.332927
0.0874244
0.0770892
0.0802399
0.0515457
0.0170399
0.0570933
0.108767
0.10016
0.0598183
0.146307
0.265823
0.229371
0.101167
0.106994
0.0508786
0.0898847
0.362563
0.11124
0.0731964
0.0194918
0.0384286
0.116047
0.214213
0.378946
0.101432
0.185045
0.131581
0.330669
0.198677
0.147612
0.166594
0.200952
0.0498691
0.131291
0.169457
0.158354
0.17379
0.153831
0.0538016
0.0882543
0.0370983
0.0560244
0.054953
0.168845
0.359888
0.209795
0.068997
0.0596715
0.168232
0.239592
0.124055
0.252211
0.201713
0.0625167
0.112963
0.149202
0.267716
0.214277
0.151152
0.203761
0.257535
0.0970191
0.0821639
0.127412
0.0357863
0.0292268
0.0174342
0.154304
0.289245
0.113915
0.0200919
0.054352
0.346072
0.100291
0.0218341
0.0917998
0.262393
0.146273
0.0907696
0.331023
0.105886
0.0724861
0.139993
0.129606
0.135194
0.0939182
0.0575321
0.0793697
0.238673
0.12072
0.27129
0.0901439
0.039894
0.0544974
0.242293
0.343197