0.00555789
0.105695
0.403368
0.156035
0.110693
0.100498
0.0811811
0.00460701
0.0170498
0.0318918
0.247395
0.206649
0.195456
0.0700529
0.0379227
0.0116548
0.00178293
0.394753
0.524551
0.066753
0.00926546
0.00146754
7.11935e-006
0
0.0130034
0.0845163
0.341476
0.0960316
0.0397695
0.0180153
0.0208508
0.010059
0.191739
0.168926
0.131119
0.188959
0.190219
0.0363309
0.0214831
0.071777
0.409826
0.133505
0.01826
0
0
0.00030405
0.0276798
0.219497
0.190735
0.0883717
0.140854
0.116294
0.0908794
0.0569526
0.0592465
0.0859894
0.526802
0.189986
0.0840585
0.0615806
0.0266317
0.0108481
0.00102743
0.187726
0.204114
0.0181483
0.00105634
0
0
0.000141364
0.0171791
0.215418
0.235708
0.0349505
0.00506112
0.000264758
0
0
0.00823022
0.31953
0.339833
0.0661705
0.0305465
0.0159073
0.0021167
0
0.00153661
0.264207
0.318151
0.0242023
0.00400052
0.00144445
0.000336379
0.00142564
0.0503596
0.592385
0.207163
0.0590678
0.0510808
0.00305541
0
0
0.00836115
0.246843
0.164885
0.103226
0.149184
0.074352
0.01644
0.0164552
0.0208308
0.211199
0.183786
0.0137995
0.000747563
0
0
0.00354592
0.139113
0.547752
0.135863
0.0274744
0.0105384
0.00480334
0.00254958
0.0187486
0.203425
0.494959
0.127159
0.0528071
0.0754429
0.060008
0.0597337
0.081042
0.0800571
0.19885
0.213602
0.0870634
0.0158833
0.00108919
0.0493877
0.0705528
0.0930978
0.272945
0.229614
0.0548632
0.0129816
0.00416634
0.0109534
0.0277281
0.100218
0.34489
0.304076
0.114009
0.0215612
0
0.00730229
0.0167794
0.0900808
0.569073
0.222426
0.0605119
0.0116861
0.000635026
0.00773652
0.00961833
0.0184136
0.224249
0.305311
0.048197
0.0112329
0.000209647
9.7153e-005
0.00546224
0.0105995
0.277477
0.164915
0.0466659
0.00997904
0
0
0.00597183
0.135911
0.476422
0.283179
0.0156056
0.00238431
0
0
0.00221375
0.0867604
0.478296
0.262953
0.0386273
0.0115313
0.000369286
0.000171132
0.00662512
0.0434695
0.211266
0.363278
0.0293209
0.00176558
9.23216e-005
4.2783e-005
0.00371776
0.065925
0.277793
0.205014
0.00546654
0.00234773
0
0.00240232
0.0237081
0.130833
0.431803
0.166737
0.0133664
0.00143554
0
0.0117581
0.0946233
0.276408
0.397105
0.0378504
0.380693
0.567373
0.081998
0.0220128
0.00682063
0.00059712
0.00336003
0.0222298
0.0927036
0.223184
0.0669114
0.0297411
0.0339749
0.0211674
0.0102744
0.114172
0.0847594
0.129155
0.134077
0.0482711
0.0745393
0.329078
0.176654
0.0247216
0.0121399
0.0541003
0.0836505
0.0350883
0.0992389
0.374296
0.133089
0.0599779
0.0278143
0.0742702
0.0638054
0.0732477
0.0549214
0.0252707
0.0209001
0.174963
0.0723937
0.0804587
0.108485
0.0668088
0.038551
0.0606531
0.117516
0.0443494
0.0160815
0.120435
0.131934
0.104831
0.129108
0.229379
0.120489
0.468424
0.096885
0.299238
0.305668
0.140619
0.0927703
0.126504
0.453341
0.109631
0.029826
0.0266827
0.0258109
0.00516154
0.0025493
0.0420058
0.137114
0.0915415
0.00792398
0.00597613
0.00256113
0.00262266
0.0136241
0.0758712
0.236187
0.215279
0.0381955
0.0674699
0.055153
0.015715
0.0352689
0.194089
0.501189
0.0778533
0.00815897
0.00946759
0.0022642
0.0118785
0.312412
0.44855
0.421424
0.0447131
0.00343949
0
0
0.0145916
0.0500752
0.205973
0.304898
0.0264521
0.0049527
0
0
0.022815
0.0912027
0.254954
0.22286
0.0818597
0.013758
0
0.00316249
0.0417895
0.438706
0.46813
0.259072
0.103193
0.0209254
0.00446615
0.0126499
0.0783859
0.154908
0.220048
0.191474
0.188202
0.0942976
0.0148447
0.00610033
0.0207768
0.0996115
0.221995
0.254219
0.286004
0.214383
0.0385937
0.0215922
0.0132915
0.0176758
0.164592
0.385334
0.10679
0.0471161
0.0278037
0.0264277
0.129034
0.210193
0.25747
0.15206
0.120171
0.11771
0.0504499
0.11734
0.171829
0.0824859
0.149825
0.161308
0.121265
0.0599448
0.0109785
0.0122405
0.00498656
0.0582886
0.299452
0.32318
0.184745
0.0334726
0.0190105
0.00186759
0.00180336
0.108434
0.233445
0.347611
0.042415
0.0585253
0.0246127
0.0723594
0.111018
0.173892
0.183333
0.117981
0.0686086
0.0261527
0.026236
0.0113973
0.0479778
0.355273
0.268828
0.229577
0.10949
0.0222303
0.0234179
0
0.008693
0.104139
0.11758
0.234419
0.0634686
0.00986714
0.00927964
0.0046989
0.0504398
0.355325
0.267873
0.14484
0.105855
0.029541
0.027304
0.00283482
0.047341
0.194338
0.105107
0.123415
0.0478268
0.0170118
0.00938585
0.0352438
0.261478
0.572252
0.155986
0.0175061
0.0502768
0.00581347
0.00165777
0.0141583
0.00593163
0.0426711
0.322646
0.203212
0.0031939
0.000570606
0.00147362
0.00780944
0.00335267
0.0872436
0.492456
0.112476
0.104625
0.00110372
0
0
0
0.0428162
0.309226
0.301294
0.0470242
0
0
0.00507317
0.0682383
0.169901
0.526506
0.151717
0.00381351
0.00225592
0.0213363
0.0557746
0.0793833
0.102511
0.24898
0.0514097
0.0888695
0.0297923
0.114317
0.190346
0.1955
0.0792331
0.0576173
0.0771265
0.00998029
0.00610316
0.0326069
0.0808949
0.273002
0.251726
0.396693
0.0467688
0.00111047
0.0121661
0.114715
0.334492
0.534627
0.159439
0.0743457
0.00444795
0.0748729
0.0285082
0.108821
0.0619321
0.0567601
0.0334351
0.109447
0.152218
0.0470886
0.0151905
0.0735643
0.00782538
0.00917375
0.240896
0.429406
0.197991
0.0219819
0.0421885
0.23567
0.262059
0.230388
0.0280931
0.0480411
0.0167896
0.0807399
0.0900669
0.251482
0.170299
0.0531699
0.0978595
0.494469
0.230733
0.0506232
0.00236228
0.00581683
0.000568235
0.00380208
0.130707
0.242093
0.189012
0.0563772
0.00558868
0.00397469
0.00227294
0.0147848
0.0679946
0.136296
0.162276
0.0505066
0.0200026
0.0273265
0.0132324
0.00139448
0.111196
0.517331
0.316664
0.0310257
0.00149165
0.0026498
0
0.0101856
0.227197
0.517331
0.278289
0.0286849
0.00615568
0.0105352
0.00220188
0.0298878
0.0947945
0.114257
0.0623251
0.039228
0.0126095
0.00641973
0.0101644
0.025333
0.0287474
0.0382828
0.0465416
0.0491452
0.00221443
0.00640172
0
0.0249003
0.20289
0.617352
0.406138
0.103063
0.007887
0.00192345
0
0.00707002
0.0494046
0.354347
0.414124
0.0623833
0.0476959
0.0105537
0.0239432
0.0543436
0.0636466
0.05296
0.0573687
0.0429664
0.0411079
0.0226512
0.00873808
0.0287853
0.115928
0.110021
0.0792857
0.180142
0.0441199
0.0032492
0.0007096
0.00260474
0.104984
0.610681
0.445806
0.177445
0.124783
0.0416202
0.00629616
0.00615397
0.0493913
0.204167
0.283492
0.0679428
0.055839
0.0542866
0.0360597
0.0688068
0.156442
0.108858
0.0908374
0.0223456
0.0246152
0.059151
0.140699
0.424034
0.381462
0.0717845
0.0151334
0.137907
0.202377
0.130168
0.0605518
0.0266897
0.0548092
0.0965413
0.183121
0.188343
0.0767907
0.119155
0.128421
0.223132
0.199627
0.0836517
0.164615
0.243844
0.0339779
0.0261765
0.00296427
0
0.023884
0.100311
0.318305
0.196551
0.0205738
0.00879913
0.0658027
0.171488
0.105744
0.226884
0.202242
0.389386
0.0759966
0.0859801
0.0611895
0.00897043
0.0192017
0.0204126
0.30954
0.458619
0.118856
0.0367701
0.192515
0.124929
0.0446934
0.0308197
0.222133
0.028437
0.0130381
0.0514802
0.119065
0.297285
0.106338
0.0932371
0.0251156
0
0.0168486
0.13032
0.318731
0.328092
0.0517765
0.0110543
0.000293442
0.0786593
0.0447005
0.0711407
0.376834
0.242007
0.0195603
0.00819544
0.0222898
0
0.0145621
0.189509
0.515117
0.274722
0.0358195
0.00648125
0
0.00481468
0.0173773
0.113194
0.357138
0.233293
0.00617524
0.00366782
0.000812868
0.0318622
0.0471358
0.114267
0.292983
0.131933
0.00423853
0.175599
0.095526
0
0.0056981
0.0715577
0.474046
0.318679
0.0187343
0.003817
0
0.0678363
0.0367032
0.0300819
0.415712
0.290827
0.0200361
0.0249101
0.0375404
0.0293456
0.0206854
0.0231064
0.0406587
0.0138213
0.0680161
0.492465
0.150659
0.0216326
0.00282403
0
0
0.00165759
0.146088
0.5698
0.31924
0.0901147
0.0377855
0.025649
0.0869237
0.0621897
0.0552765
0.124903
0.0859132
0.0579124
0.0173311
0.0196192
0.0279294
0.0203732
0.0427103
0.321377
0.252792
0.0135148
0.000241999
0
0
0.00183536
0.0763516
0.415468
0.281341
0.0380042
0.000380662
0
0
0.000495848
0.116352
0.359104
0.235956
0.0299124
0.0261397
0.00722087
0.00551639
0.00141042
0.0959061
0.347528
0.161953
0.0504114
0.0542381
0.0164442
0.0338137
0.0249511
0.336996
0.450223
0.12821
0.0476509
0.00151115
0
0
1.22975e-005
0.0755939
0.314631
0.245341
0.0548702
0.0125381
0.00254256
0.000321913
0.000151943
0.0283395
0.190705
0.256788
0.0472107
0.0365621
0.0200942
0.0612485
0.0661986
0.278382
0.399016
0.273789
0.0291545
0.00832861
0.0143028
0.0408303
0.050246
0.180771
0.402738
0.383301
0.0923196
0.033704
0.0104485
0.00387356
0.000666592
0.0278723
0.163533
0.201291
0.208297
0.0338939
0.0079109
0.00445142
0.00980472
0.0309734
0.060712
0.113577
0.0742583
0.0164353
0.00721552
0.0258092
0.0531814
0.270556
0.569713
0.383322
0.291559
0.0536967
0
0.0155259
0.0458007
0.202633
0.258131
0.122758
0.271044
0.0781086
0.152521
0.137621
0.0252387
0.0116497
0.00339736
0.121843
0.389273
0.106575
0.130837
0.158582
0.0420334
0.00621989
0.00512947
0.107487
0.207208
0.157266
0.212461
0.110016
0.0198563
0.0122021
0.00690028
0.117478
0.288205
0.44517
0.386072
0.0900449
0.0210767
0.016746
0.00190658
0.0586153
0.06084
0.0494464
0.169405
0.285056
0.0980087
0.0015309
0.00507937
0.0135139
0
0.0349078
0.20856
0.431954
0.174862
0.0564625
0.0336451
0.00425607
0.0615999
0.312897
0.338484
0.129772
0.101141
0.0740579
0.0218746
0.0079077
0.00141812
0.143949
0.289437
0.264682
0.291277
0.186679
0.117575
0.0170243
0
0.0101754
0.0491916
0.402709
0.256437
0.0347693
0.0153639
0.00118059
0.0492895
0.0245643
0.0270787
0.34421
0.251329
0.0488709
0.0345418
0.0300864
0.00159527
0.0211441
0.0636679
0.361589
0.382744
0.107366
0.0659575
0.0143025
0.0846782
0.149836
0.0312855
0.299355
0.307596
0.0794341
0.0819937
0.0689574
0.083113
0.052525
0.0359339
0.105992
0.0755889
0.0748163
0.0524027
0.057269
0.108722
0.161618
0.0289038
0.0525763
0.0384631
0.026439
0.0446081
0.0592557
0.338759
0.35458
0.0555718
0.0650449
0.0531226
0.0418261
0.0557939
0.0691171
0.485515
0.58594
0.0905061
0.0280304
0.0162581
0.0112338
0.0279228
0.0636542
0.0988587
0.21689
0.0164766
0.00811973
0.0026924
0.0271097
0.0781886
0.0227853
0.144649
0.305656
0.0404142
0.051546
0.0380358
0.132034
0.151971
0.018628
0.240793
0.471393
0.0755237
0.00272367
0.00156351
0.00139838
0.00546508
0.0269136
0.463469
0.471393
0.0434535
0.0128865
0.00950896
0.00712744
0.0234187
0.038827
0.071733
0.193809
0.0603779
0.105303
0.0922321
0.136263
0.135736
0.0562631
0.0590869
0.0926464
0.0680493
0.0865958
0.0781839
0.103108
0.164884
0.159831
0.390701
0.422522
0.0501761
0.0380969
0.0219968
0.006928
0.0242964
0.0388653
0.43403
0.45141
0.0805974
0.0444054
0.0284972
0.00293363
0.0126372
0.0688049
0.0661254
0.104332
0.119921
0.0909009
0.138623
0.199387
0.257816
0.167736
0.0685949
0.0440679
0.067066
0.0920433
0.1331
0.194716
0.126927
0.0343656
0.538565
0.383921
0.198988
0.0782277
0.0883411
0.0345443
0.0339382
0.104399
0.185256
0.122559
0.184488
0.122859
0.0966615
0.0587126
0.0779014
0.0951906
0.181624
0.327152
0.0962264
0.0131117
0.00252298
0.00609241
0.00425595
0.100281
0.215326
0.581642
0.197993
0.0188392
0.00462254
0.031205
0.00932276
0.0410709
0.119806
0.37028
0.122169
0.142217
0.0511969
0.0176021
0.00399429
0.0600282
0.192591
0.317911
0.0683198
0.0664927
0.0457455
0.0320563
0.0234416
0.102587
0.0635699
0.292181
0.142743
0.0526482
0.109368
0.174183
0.0330968
0.00540467
0.00527112
0.103476
0.103004
0.138833
0.34987
0.322661
0.0823351
0.0056496
0.0664605
0.0732186
0.0336921
0.124899
0.224849
0.161833
0.0493389
0.0270738
0.0326517
0.0643774
0.0193365
0.239985
0.431816
0.346304
0.186895
0.0885932
0.0118287
0.0334631
0.030862
0.140534
0.319394
0.206712
0.120454
0.0343546
0.0985521
0.263246
0.0777407
0.0930045
0.179894
0.124045
0.154342
0.129763
0.162401
0.0724432
0.0224011
0.0552162
0.160836
0.21166
0.210502
0.141591
0.513437
0.273193
0.0638609
0.0115026
0.0393409
0.12184
0.179612
0.153273
0.184664
0.295802
0.0710023
0.0122127
0.0154056
0.0130975
0.0351233
0.0585413
0.236962
0.45529
0.0846721
0.00231543
0.00652376
0.0149606
0.0281602
0.0512305
0.368752
0.328061
0.0429745
0.0119295
0.00943762
0.0127563
0.0340487
0.0481259
0.272968
0.468613
0.0575718
0.00298236
0.00550586
0.00997376
0.013057
0.0218539
0.179756
0.457424
0.105789
4.73459e-005
0.00165394
0.004818
0.00751867
0.024298
0.473299
0.264042
0.0349744
0
0
0.00222777
0.0073198
0.0375684
0.151297
0.473299
0.0742329
0.00029736
0.001349
0.003212
0.00187967
0.00535469
0.332777
0.197882
0.0273536
0.00523217
0.00168622
0.00130069
0
0.0160752
0.5804
0.223445
0.00999573
0.00258266
0.000178686
0.00214574
0.00705027
0.026111
0.458987
0.310974
0.0449706
0.00792895
0.000268029
0
0
0.0371581
0.360924
0.0587045
0.0227821
0.0323547
0.0120222
0.00620516
0
0.0227802
0.190415
0.087586
0.241129
0.0754267
0.0139694
0.00413677
0
0.0192974
0.452406
0.28097
0.104362
0.0137139
0.000390166
0.00148871
0.00820279
0.102391
0.200613
0.181609
0.266494
0.0593455
0.00665574
0.00596142
0.0583316
0.108912
0.148527
0.281287
0.347728
0.0745165
0.0113804
0.00101376
0
0.0342
0.15388
0.287106
0.306412
0.0682432
0.0318298
0.0480164
0.0379472
0.0839835
0.0306452
0.0984982
0.125323
0.441331
0.170219
0.0215391
0.00488768
0.0338946
0.0871429
0.0537189
0.0417054
0.167651
0.116953
0.0353312
0.0254929
0.0942047
0.000487698
0
0.0359041
0.679845
0.236021
0
0
0.000487698
0.019637
0.0137834
0.0400797
0.234389
0.126382
0.00999416
0.0173387
0.0167219
0.0316352
0.00973901
0.0119089
0.0842542
0.217628
0.150636
0.0836367
0.0611447
0.129347
0.0241091
0.00524477
0.127048
0.278647
0.29878
0.397326
0.473738
0.0123585
0.014609
0.0268887
0.0204921
0.0426947
0.0476477
0.0691147
0.0622363
0.109371
0.00544358
0.0141717
0.0129483
0.0230368
0.0674805
0.21068
0.425597
0.337285
0.026595
0.00615109
0.0147638
0.0355174
0.0682426
0.144224
0.332604
0.562311
0.140624
0.00670684
0.00145145
0.00302598
0.0228186
0.0347271
0.164146
0.211633
0.00484837
0.00193012
0.00620702
0.00263424
0.0114538
0.0577009
0.266844
0.43002
0.0324448
0.0115413
0.00296138
0.00363313
0.00409892
0.00512593
0.148659
0.584387
0.271534
0.00200016
0.00247918
0.00173075
0.0042876
0.00896667
0.0668395
0.338404
0.502309
0.00997251
0.000619796
0.000432688
0.00109156
0.00624453
0.0390143
0.29836
0.0658488
0.0140875
0.00176841
0.00087397
0.000809537
0.000999699
0.0923191
0.188161
0.0749045
0.00297834
0
0
0.00163734
0.0126095
0.104096
0.244221
0.621654
0.0306082
0.00323768
0.00268247
0.00656344
0.0224162
0.0282853
0.233392
0.217395
0.0541393
0.0379126
0.0086241
0.00665284
0.0147203
0.0299589
0.166284
0.0756804
0.0231944
0.0257645
0.0056851
0.00984516
0.0497999
0.13804
0.114064
0.192919
0.400828
0.264125
0.0190441
0.00569035
0.0324678
0.0433428
0.135002
0.129702
0.104755
0.0805933
0.018688
0.00742627
0.000807255
0.0169954
0.0676668
0.134036
0.475505
0.167015
0.0241179
0.00495085
0.00225038
0.0154232
0.192516
0.313006
0.372486
0.166149
0.00678459
0
0.00270203
0.0129672
0.209378
0.300919
0.344172
0.140737
0.0713018
0.00543478
0.00627231
0.063077
0.0648616
0.249192
0.484949
0.163256
0.0303483
0.00114226
0.004989
0.027366
0.14623
0.283598
0.176357
0.0553153
0.0423493
0.0541029
0.0722173
0.179241
0.115903
0.22146
0.268604
0.160344
0.175297
0.0326215
0.0144334
0.0710868
0.187541
0.245084
0.168567
0.0681499
0.127533
0.0376861
0.0731788
0.115021