0.00989743
0.0134477
0.0221645
0.056158
0.0292175
0.0114757
0.00867248
0.00602958
0.220082
0.107467
0.202192
0.328157
0.0736703
0.0122938
0.0360374
0.0940158
0.00316868
0.0105291
0.0356836
0.188943
0.0618587
0.0139684
0.00735984
0.00190908
0.0827701
0.0822159
0.212169
0.721775
0.276849
0.0122579
0.0209331
0.0429166
0.172173
0.062178
0.0891153
0.0959231
0.0150049
0.00513959
0.177932
0.173379
0.0551187
0.0170818
0.0109499
0.00366019
0.00280348
0.014838
0.484533
0.200047
0.0779386
0.0593031
0.097057
0.433855
0.0856623
0.0052378
0.175092
0.11197
0.060845
0.019848
0.0126075
0.0219036
0.00597353
0.0218099
0.484533
0.251413
0.0183625
0.0136995
0.0117435
0.00227092
0.00203953
0.00950369
0.290593
0.0873395
0.0238883
0.0245575
0.0189358
0.00973339
0.00534557
0.00440203
0.0544105
0.0327454
0.0336592
0.00425049
0.00258697
0.000986567
0.00030953
0.0311496
0.606412
0.234304
0.049539
0.0112388
0.00994931
0.00564419
0.00145543
0.0390527
0.606412
0.212129
0.0419121
0.0419742
0.0392334
0.0468294
0.00594886
0.00342193
0.0137979
0.0316304
0.0496386
0.0463799
0.0240355
0.0466265
0.0201577
0.00474749
0.0239234
0.047095
0.204423
0.0275495
0.0608656
0.0351996
0.00263512
0.0314112
0.753765
0.274715
0.311234
0.0413432
0.0761688
0.0390633
0.0136598
0.0715813
0.19972
0.198168
0.0830986
0.127085
0.0560537
0.0539023
0.039023
0.0201979
0.0321142
0.0574225
0.139292
0.131702
0.107444
0.0578733
0.0172323
0.0176827
0.0189798
0.0345564
0.274865
0.123445
0.160597
0.0471592
0.0244485
0.180508
0.230841
0.186465
0.528456
0.280941
0.266669
0.105908
0.0113707
0.0401309
0.0467477
0.159673
0.0584717
0.0741007
0.0749686
0.0293458
0.00706863
0.00298632
0.00809858
0.00892811
0.218381
0.212854
0.141076
0.120192
0.101198
0.000815236
0.00467946
0.0621024
0.21122
0.140579
0.229807
0.217835
0.0130264
0.0024214
0.0165674
0.0717905
0.471061
0.292265
0.337029
0.33245
0.0740717
0.00719838
0.0415833
0.191411
0.159228
0.290443
0.114621
0.269582
0.184513
0
0
0.0526608
0.0954483
0.271071
0.120567
0.292793
0.130369
0.0567226
0.0632383
0.135079
0.379675
0.197754
0.129596
0.184981
0.179784
0.00202299
0.0372803
0.152374
0.166743
0.147352
0.137327
0.217349
0.176269
0.0395232
0.0579315
0.0735222
0.0029115
0.0118651
0.0207854
0.151068
0.0421349
0.00375435
0.00241347
0.000772726
0.000395573
0.00588226
0.0253532
0.585806
0.22817
0.0026201
0.00148491
0.00142891
0.0312318
0.0296995
0.0274366
0.236403
0.064706
0.00147401
0
0.0078359
0.010158
0.00353246
0.021072
0.585806
0.338631
0.000954116
0
0.00364017
0.0226155
0.0149298
0.0327765
0.528709
0.15258
0.00200172
0.0197188
0.0185605
0.0907294
0.0157898
0.0376313
0.107235
0.0211217
0.0236592
0.353695
0.136034
0.0101383
0.00320185
0.0359259
0.528709
0.251442
0.000345352
0
0.00104943
0.0444056
0.00736927
0.0611833
0.296967
0.115643
0.0273418
0.149373
0.0436763
0.0292667
0.00183231
0.00568669
0.0118353
0.00219961
0.0310498
0.509217
0.136572
0.0233425
0.000592368
0.000989668
0.00063993
3.43825e-005
0.0402307
0.509217
0.19205
0.0175844
0.00417069
0.0096651
0.0355234
0.022365
0.0398674
0.275752
0.0717602
0.0103463
0.0015805
6.41849e-005
0.000497798
0.00100447
0.0568844
0.509217
0.15431
0.0530291
0.00168407
0.0168605
0.0054194
0.000511272
0.017821
0.479097
0.136502
0.0842575
0.00338641
0.0262069
0.0169781
0.00176737
0.0507231
0.313778
0.139622
0.0155047
0.000234112
0.0039799
0.00264782
0.000350661
0.0344015
0.479097
0.163178
0.0353903
0.000351168
0.00623136
0.0104493
0.00114858
0.0425303
0.479097
0.286507
0.0590111
0.0155444
0.0412659
0.0187142
0.00275175
0.0779294
0.186733
0.0974686
0.133301
0.0687082
0.0908572
0.0506583
0.00856421
0.0386878
0.0813337
0.0774562
0.0531103
0.0116639
0.0210157
0.020723
0.00849143
0.0721944
0.569071
0.296562
0.0880351
0.120625
0.0800568
0.0864277
0.0319533
0.123508
0.56838
0.209201
0.210871
0.11287
0.179083
0.214275
0.0266099
0.028495
0.108553
0.142966
0.185938
0.15436
0.216257
0.3429
0.0360317
0.00918038
0.066995
0.0969094
0.142995
0.211523
0.174807
0.176234
0.0512067
0.107137
0.367841
0.222033
0.0997825
0.143169
0.185183
0.272499
0.155337
0.0335781
0.104858
0.0654536
0.293556
0.179616
0.114298
0.215893
0.078763
0.00482445
0.0545573
0.123572
0.300596
0.117909
0.0863899
0.233512
0.166722
0.0594613
0.061921
0.083996
0.126858
0.129787
0.0986771
0.229543
0.230901
0.0900202
0.130933
0.0684626
0.234258
0.0690796
0.0513669
0.166558
0.337936
0.218921
0.139787
0.0901779
0.0468819
0.0221316
0.0206514
0.173678
0.069527
0.00768616
0.00215859
0.0158942
0.0157677
0.00231271
0.0244228
0.526141
0.260741
0.000747956
0.000829489
0.00615677
0.154886
0.0228353
0.055888
0.15126
0.107175
0.0202041
0.0246279
0.323565
0.073044
0.0240025
0.0809616
0.526141
0.313377
0.00313424
0.0108267
0.0928233
0
0
0.0150756
0.553113
0.220701
0.00011713
0
0
0.00282052
0.00398084
0.0216759
0.276038
0.129507
0.0104918
0.0212337
0.00617459
0.00695071
0.00422152
0.016175
0.553113
0.278771
0.00328707
0.00126441
0.00165347
0.00669197
0.00398274
0.00757948
0.283203
0.17898
0.0121774
0.00322399
0.0040626
0.0149047
0.0148033
0.0158327
0.0968928
0.0805416
0.0596988
0.222683
0.0621493
0.0103283
0.00500138
0.00154792
0.00299567
0.0177946
0.137883
0.847954
0.207164
0.0291492
0.0230281
0.0170442
0.0896112
0.0672226
0.0284226
0.0228444
0.0136399
0.0335901
0.0297974
0.017383
0.00698895
0.0311994
0.062114
0.108984
0.052337
0.00788627
0.0001082
0
0.000173164
0.00308978
0.0582827
0.466886
0.127735
0.0324045
7.21331e-005
0
2.10081e-005
0.00206744
0.07647
0.618092
0.255613
0.0123431
0.00548429
0.00436013
0.00379757
0.0175683
0.0337031
0.139453
0.0436977
0.0121898
0.00407558
0.000736835
0.00366628
0.0174228
0.0878746
0.44848
0.121424
0.0178101
0.000999922
0.0017303
0.00286067
0.00199132
0.0399651
0.483206
0.143503
0.0284256
0.0393841
0.0149654
0.0151371
0.00730051
0.0497152
0.487261
0.178631
0.00757457
0.00386327
0.00292116
0.00151146
0.00217689
0.0611374
0.377361
0.0890914
0.0268364
0.00155988
0.00387978
0.00149067
0
0.0567306
0.487261
0.160124
0.0358337
0.0424706
0.0318232
0.0203488
0.00981236
0.0253453
0.372647
0.15621
0.0289868
0.0187126
0.0398308
0.0447198
0.0545026
0.0295753
0.169365
0.0819676
0.0200916
0.000180059
0.000589271
0.000550861
0.000627494
0.036773
0.556457
0.206585
0.0182207
0.0053109
0.018339
0.0154198
0.00683053
0.0300802
0.556457
0.258794
0.0458799
0.0308871
0.0412798
0.0536474
0.0888017
0.0586021
0.127079
0.0600837
0.093472
0.0411169
0.0350602
0.0548191
0.096647
0.107963
0.126316
0.0503686
0.0543257
0.0248514
0.0411641
0.0252484
0.00735526
0.0374787
0.734821
0.291929
0.117475
0.0666018
0.044128
0.041893
0.00967338
0.0385312
0.326536
0.245108
0.199613
0.0272659
0.0368664
0.0693087
0.0389895
0.0140906
0.0422655
0.482913
0.104757
0.0416292
0.0658054
0.424031
0.153057
0.0036858
0.0291189
0.158664
0.278657
0.0790618
0.00982225
0.0504388
0.0262331
0.0343734
0.04377
0.383129
0.0639843
0.0368394
0.0230022
0.33837
0.160606
0.0352227
0.0336014
0.191769
0.0132437
0.0108126
0.0207037
0.498636
0.263331
0.00999443
0.00536175
0.00701151
0.00890568
0.00296247
0.00458278
0.245101
0.197521
0.0295618
0.00380024
0.00676797
0.0040092
0.00910663
0.0100889
0.518434
0.315963
0.01524
0.00373632
0.016545
0.0041831
0.00121558
0.00585256
0.311724
0.225811
0.0276568
0.0071162
0.01307
0.138456
0.0790592
0.0521354
0.247198
0.182626
0.132096
0.0493182
0.079163
0.175479
0.140923
0.109562
0.0616558
0.0932077
0.0830529
0.0403514
0.0821347
0.102943
0.0275978
0.0705089
0.292106
0.232729
0.192289
0.0918775
0.195499
0.146154
0.135198
0.217527
0.0882802
0.0915081
0.171922
0.124401
0.152619
0.0809
0.0651643
0.0668451
0.0528834
0.10724
0.0592546
0.0601044
0.0514667
0.0538788
0.0662704
0.0287368
0.0727334
0.121882
0.165111
0.517879
0.205159
0.0928779
0.118496
0.138613
0.0483914
0.0881177
0.067143
0.0520422
0.0514338
0.318987
0.325723
0.0826326
0.105348
0.110238
0.0943239
0.0433508
0.0776348
0.0061523
0.0184204
0.00932908
0.0090958
0.0076986
0.0398532
0.236195
0.0601711
0.0358459
0.0184309
0.0100588
0.00435009
0.00213155
0.0874633
0.639488
0.144997
0.103724
0.185146
0.0217121
0.013746
0.0119449
0.00797514
0.00897074
0.012266
0.253126
0.543812
0.0448274
0.00591191
0.00587186
0.0169027
0.122631
0.0619409
0.022395
0.0330456
0.00553714
0.00197508
0.0216307
0.0606505
0.435884
0.117572
0.0131282
0.0369695
0.0124441
0.0168395
0.0680599
0.0379329
0.534398
0.17546
0.182542
0.380495
0.0355042
0.00290429
0.032446
0.0302125
0.141399
0.0443379
0.18339
0.372093
0.0509111
0.0272603
0.10209
0.0294086
0.124309
0.063525
0.0226348
0.0163967
0.00699535
0.0126374
0.0265142
0.0203159
0.486573
0.157138
0.0718727
0.0602358
0.0348868
0.0203775
0.00414751
0.0155748
0.354139
0.274295
0.216766
0.26466
0.0216764
0.0196833
0.0397712
0.0166766
0.183904
0.0924032
0.253695
0.204567
0.0716415
0.065606
0.0406091
0.0349712
0.301917
0.303791
0.189467
0.0720019
0.010588
0.130597
0.0397591
0.0518624
0.0404803
0.193814
0.0243003
0.0124329
0.00830744
0.503074
0.207595
0.0648696
0.0250504
0.108918
0.0306821
0.0204903
0.0170323
0.308921
0.0894331
0.034913
0.01548
0.0151423
0.00290927
0.00547862
0.00889406
0.585127
0.27765
0.0230858
0.00611176
0.00283379
0.000467112
0.00173049
0.00201916
0.463884
0.259607
0.0117363
0.000673445
0.00820218
0.00122241
0.000233532
0.00526118
0.246955
0.166872
0.0121729
0.00871122
0.0133867
0.00447519
0.000554315
0.00242545
0.590497
0.306191
0.00446733
0.0011916
0.00208177
0.0495359
0.053949
0.00891892
0.28135
0.194046
0.0125464
0.0144848
0.0212424
0.0108203
0.00191277
0.00963204
0.0434889
0.0360642
0.0209581
0.0198847
0.0379419
0.0446509
0.0425078
0.0271188
0.0218522
0.0120145
0.0168555
0.0484491
0.0451674
0.192452
0.264236
0.0310012
0.0336405
0.0417374
0.0182684
0.0292336
0.0645843
0.447145
0.744429
0.0788134
0.0150802
0.00827893
0.00368641
0.0415256
0.100621
0.0466573
0.0884898
0.0129301
0.00473537
0.00690996
0.00406771
0.0152996
0.0193124
0.151445
0.291446
0.0159624
0.0067208
0.00706154
0.00481225
0.00438696
0.0211493
0.233787
0.450466
0.02929
0.00230278
0.00323381
0.000459953
0.017451
0.0350505
0.436397
0.607106
0.024791
0.00074437
0.00164817
0.000229493
0.00789826
0.0307296
0.131233
0.256509
0.0116497
0.00199298
0.00236988
0.001836
0.00179214
0.00792025
0.208531
0.41867
0.0249706
0.000430457
0.00119735
0.000445596
0.00120179
0.0151515
0.287794
0.439954
0.0199018
0.00128267
0.0018445
0.00238139
0.00391426
0.0178288
0.375291
0.47681
0.0435995
0.0108188
0.0087226
0.0208415
0.00606675
0.0363804
0.255483
0.442494
0.0369746
0.000397766
0.00444374
0.00432867
0.00554109
0.0194243
0.298664
0.460681
0.0332216
0.00589237
0.0143926
0.00914075
0.00609444
0.0264682
0.325812
0.366831
0.0404074
0.0228797
0.0254371
0.037724
0.0266009
0.0631814
0.229226
0.255297
0.0253282
0.0252424
0.0476234
0.0380903
0.0289071
0.0581349
0.363206
0.405623
0.0430848
0.0097732
0.0113904
0.0190305
0.0950042
0.0727313
0.347192
0.148817
0.0466036
0.100913
0.059991
0.0368076
0.25794
0.366512
0.182267
0.159887
0.0645865
0.0308729
0.0628828
0.0368632
0.046777
0.0587118
0.203897
0.0587166
0.158012
0.183377
0.102049
0.0195427
0.110782
0.210243
0.00880957
0.00536143
0.0102645
0.248302
0.0930261
0.0311426
0.0044034
0.00840815
0.00177721
0.00142289
0.00422632
0.535261
0.215802
0.018137
0
0.00284577
0.0378212
0.0145569
0.00472653
0.273979
0.227946
0.0971901
0.0143796
0.0449142
0.0159266
0.0120759
0.00298221
0.510192
0.369726
0.0601975
0.000928178
0.0281209
0.042651
0.0296789
0.00898565
0.386382
0.217421
0.0241167
0.000580163
0.0108067
0.186551
0.242909
0.0374256
0.163467
0.120435
0.0189828
0.00634953
0.027162
0.153967
0.111179
0.0181019
0.212187
0.184651
0.0394576
0.000104436
0.0608859
0.442922
0.518453
0.0560933
0.0424207
0.0554256
0.0242973
0.000417743
0.0800422
0.166972
0.241885
0.0227469
0.00515763
0.00968289
0.00252284
0.00499012
0.025762
0.270126
0.402083
0.029817
0.000236665
0.000236665
0.000282362
0.00364775
0.0249059
0.264579
0.443106
0.0195728
0.00201715
0.00501604
0.00113055
9.22177e-005
0.0326045
0.307136
0.512049
0.0191177
0.00640567
0.0045007
0.00188698
0.00228938
0.0279912
0.231031
0.434317
0.0264284
0.00270411
0.000523605
4.79376e-006
0.00644519
0.0127308
0.338704
0.540093
0.0320178
0.0125403
0.00601448
0
0.00660963
0.0127214
0.19774
0.364488
0.0269745
0.0237687
0.0284101
0.00470788
0.00279181
0.0180925
0.167995
0.282414
0.0603242
0.0561777
0.0582269
0.0234979
0.0134769
0.0372195
0.443131
0.470548
0.03923
0.037264
0.0298228
0.0198759
0.0080325
0.0247962
0.377067
0.341722
0.0630824
0.0742872
0.0695988
0.115637
0.0415578
0.0733834
0.239168
0.140348
0.0723111
0.0653112
0.0591469
0.0721532
0.041066
0.0785449
0.123671
0.0744915
0.0455951
0.077316
0.133115
0.177239
0.100535
0.145187
0.342128
0.295524
0.0798161
0.16762
0.142506
0.22194
0.128371
0.158508
0.113825
0.0956709
0.0476032
0.124614
0.174033
0.138745
0.123023
0.180338
0.0658447
0.115409
0.0492274
0.135358
0.244841
0.269161
0.169107
0.184544
0.0480016
0.0572292
0.0401853
0.111959
0.23086
0.153439
0.171689
0.157512
0.0895474
0.0723716
0.120272
0.105105
0.180765
0.0707209
0.0603998
0.148456
0.198505
0.124815
0.335224
0.201396
0.241711
0.0498089
0.0563558
0.219035
0.0539784
0.0290945
0.0889433
0.123908
0.239807
0.0834495
0.119399
0.189219
0.248756
0.0794377
0.156883
0.111511
0.246126
0.0861448
0.0822183
0.299717
0.0434948
0.0186116
0.00426361
0.175142
0.324189
0.214962
0.0533568
0.069118
0.131079
0.0803171
0.00821482
0.266348
0.43618
0.195844
0.0987618
0.0878025
0.0495563
0.0480334
0.0931708
0.0582376
0.193383
0.207754
0.0918612
0.140071
0.200635
0.108862
0.0717675
0.0794264
0.281181
0.26318
0.205253
0.157518
0.295731
0.255444
0.0261937
0.0620085
0.0952485
0.039338
0.0323262
0.0904766
0.451022
0.503282
0.0384403
0.00273651
0.00807973
0.0108561
0.00387101
0.0706228
0.308117
0.192905
0.0184957
0.0144656
0.0849602
0.0735717
0.0792222
0.158147
0.24599
0.193214
0.0226384
0.0189828
0.0483273
0.0384656
0.0242093
0.109124
0.396477
0.623341
0.0240266
0.0133537
0.0103061
0.0057494
0.00764903
0.0554409
0.264572
0.461093
0.0589926
0.0355502
0.0241087
0.00870934
0.0217124
0.0542192
0.146168
0.107328
0.0349142
0.038022
0.0318627
0.0247831
0.0217224
0.0685299
0.0657616
0.0386146
0.085716
0.0421626
0.0423196
0.0238281
0.0369902
0.0594272
0.144441
0.206836
0.0737805
0.0758205
0.140514
0.0418162
0.030554
0.0493146
0.147005
0.0836758
0.106816
0.167191
0.408909
0.234103
0.0823837
0.14577
0.011181
0.0211585
0.100899
0.10181
0.0986029
0.0560527
0.054595
0.0419829
0.142409
0.126446
0.111121
0.326993
0.39937
0.277284
0.158487
0.0626446
0.185627
0.0861881
0.0943704
0.052444
0.163597
0.203643
0.0725178
0.127968
0.157142
0.111787
0.0922969
0.0426196
0.180009
0.278415
0.0731756
0.121284
0.262697
0.230912
0.107125
0.124888
0.210558
0.191722
0.076805
0.125353
0.264248
0.305438
0.198943
0.0529067
0.139411
0.175187
0.0851
0.258711
0.118378
0.0758805
0.0551957
0.109084
0.35567
0.234866
0.061828
0.110262
0.0753703
0.0730311
0.0443075
0.0963964
0.263834
0.0754691
0.0699445
0.11849
0.190214
0.145068
0.162549
0.11465
0.234846
0.180924
0.167032
0.367271
0.128412
0.0848249
0.0905988
0.124037
0.192793
0.138759
0.0983377
0.196435
0.0169761
0.0203998
0.04235
0.0468587
0.118257
0.026828
0.0577595
0.0619038
0.0549739
0.0305761
0.069324
0.0370672
0.0942593
0.0911547
0.214149
0.135854
0.061664
0.0380574
0.0588539
0.0740723
0.143648
0.0753539
0.116358
0.0903002
0.0385715
0.0159935
0.069564
0.0585078
0.199975
0.28073
0.749661
0.202072