0.037374
0.0353014
0.0527372
0.0782615
0.0346168
0.0215297
0.018202
0.0065264
0.210002
0.143049
0.11614
0.0710866
0.0336206
0.0149748
0.0737864
0.174863
0.0272009
0.0459651
0.0912379
0.290341
0.125123
0.0198841
0.0136354
0.0159145
0.229505
0.272254
0.421102
0.522277
0.236032
0.040582
0.123503
0.225212
0.0965526
0.0537038
0.0316105
0.0159473
0.0154084
0.019649
0.172849
0.194832
0.0187708
0.0131405
0.0114659
0.0220425
0.0175115
0.0244818
0.192167
0.109846
0.132702
0.110824
0.144599
0.10538
0.0770461
0.186051
0.40518
0.291138
0.0534157
0.00955798
0.00548806
0.00596365
0.0510347
0.376171
0.513742
0.232129
0.0324796
0.0266915
0.019567
0.0265967
0.0299763
0.0161303
0.0796421
0.0598628
0.0366268
0.100503
0.0439927
0.0304468
0.0662418
0.0318173
0.0128801
0.024526
0.0607277
0.0388401
0.0137434
0.00919658
0.0361017
0.287049
0.7014
0.264721
0.050881
0.152354
0.0649209
0.04511
0.0302636
0.0883322
0.409894
0.191528
0.0402339
0.217158
0.181236
0.164193
0.213825
0.0877162
0.02419
0.0164326
0.0501261
0.171146
0.253405
0.208936
0.203507
0.115776
0.0914229
0.0389553
0.0558335
0.257583
0.256163
0.252001
0.118206
0.0678612
0.218662
0.176599
0.0873535
0.115635
0.221469
0.225512
0.211999
0.0535744
0.134672
0.117042
0.123108
0.158958
0.177595
0.0994268
0.139431
0.0375364
0.108434
0.153634
0.214851
0.161183
0.168169
0.0921564
0.130472
0.0184434
0.145259
0.374187
0.1283
0.114176
0.141852
0.0960877
0.142141
0.0503238
0.119996
0.137332
0.249454
0.292475
0.239241
0.161074
0.0895299
0.0618845
0.101952
0.268381
0.0702926
0.0565035
0.0779119
0.061997
0.0563048
0.0271466
0.0655954
0.190088
0.152759
0.125843
0.0943127
0.064911
0.0476911
0.0241591
0.0380433
0.110788
0.242145
0.153335
0.182533
0.151187
0.103378
0.0334615
0.10314
0.289912
0.33624
0.120044
0.118212
0.164766
0.18627
0.15431
0.377625
0.376661
0.147572
0.0826714
0.0682064
0.0594719
0.0662126
0.0247743
0.0315787
0.0784648
0.164324
0.0585476
0.0332779
0.057154
0.0569565
0.0429425
0.0994375
0.126782
0.264353
0.0890946
0.115009
0.278781
0.12472
0.10989
0.250172
0.177675
0.44222
0.269411
0.267342
0.25376
0.0872531
0.0673085
0.219668
0.144788
0.0176362
0.0141491
0.0192711
0.220335
0.0903354
0.00634038
0.00995185
0.0145699
0.0290237
0.0536578
0.127812
0.469139
0.273279
0.0142123
0.0218852
0.0457083
0.124277
0.0953533
0.0653144
0.36837
0.0975333
0.0164025
0.0348817
0.0398329
0.0566596
0.0395912
0.0449841
0.469139
0.416049
0.0153028
0.0195253
0.0201346
0.0447953
0.0345721
0.0835568
0.153006
0.0996476
0.077904
0.117193
0.117006
0.0531915
0.0156364
0.0278046
0.0154025
0.0248324
0.265119
0.399292
0.21687
0.0218335
0.0354075
0.069616
0.399292
0.281827
0.00689773
0.0638175
0.0734351
0.0445112
0.0468878
0.0636204
0.200627
0.110106
0.136112
0.399292
0.329367
0.013888
0.0047236
0.00234617
0
0.0171873
0.198763
0.377029
0.133589
0.0065289
0.0126775
0.00691415
0.00717357
0.0196759
0.18331
0.335066
0.0974973
0.0127583
0.00512485
0.00475992
0.0114675
0.0166653
0.197265
0.409897
0.256797
0.00358196
0
4.09416e-005
0.000619487
0.0286748
0.324023
0.409897
0.236657
0.00710104
0.0103437
0.0169309
0.0220176
0.0185751
0.121112
0.229207
0.100125
0.0256164
0.00734613
0.0171727
0.014233
0.0157375
0.0254793
0.0939882
0.10269
0.00621091
0
0.000612983
0.00166875
0.0387245
0.386289
0.469708
0.254989
0.0242324
0.00173365
0.00210691
0.0024219
0.0357831
0.33817
0.469708
0.283414
0.0496155
0.0290965
0.0223527
0.0176219
0.0364198
0.0333685
0.0589005
0.0650803
0.107213
0.104786
0.0534939
0.157458
0.0361231
0.0306723
0.0184398
0.0564057
0.0592831
0.0291082
0.0197019
0.0160129
0.108954
0.255398
0.663593
0.292108
0.203658
0.0909023
0.0676075
0.211228
0.0943238
0.0974438
0.260015
0.260701
0.187908
0.155502
0.115628
0.227975
0.0883363
0.0133913
0.0299779
0.13324
0.187637
0.116588
0.0731877
0.152868
0.184086
0.097625
0.214557
0.177625
0.300521
0.0985219
0.0693079
0.339536
0.109434
0.0722498
0.0618407
0.245483
0.352062
0.12657
0.0369016
0.259478
0.182439
0.0566832
0.105598
0.110715
0.111623
0.055798
0.0413364
0.153164
0.0875494
0.0708561
0.163938
0.0915354
0.173683
0.154204
0.174999
0.146774
0.073806
0.0293941
0.081438
0.0725833
0.27538
0.135083
0.0432943
0.232894
0.139896
0.0401727
0.0720344
0.150191
0.384612
0.151393
0.14881
0.344367
0.259651
0.0507906
0.069905
0.35287
0.0686181
0.0841077
0.0906427
0.215654
0.152655
0.049151
0.096621
0.0287582
0.0305992
0.0397514
0.0386546
0.425042
0.356265
0.0497165
0.0339595
0.0108853
0.0656891
0.0822522
0.0993148
0.249589
0.229077
0.0826192
0.162562
0.0349313
0.026229
0.0486518
0.0537999
0.425042
0.425042
0.0459176
0.0251234
0.00492574
0.00167128
0.00900075
0.0143476
0.403415
0.339129
0.00569471
0.01332
0.0109727
0.0125564
0.0143524
0.0180364
0.264989
0.187155
0.0306004
0.198639
0.111043
0
0
0.00433462
0.403415
0.403415
0.00493131
3.54693e-005
0
0.00444572
0.00218156
0.00414293
0.348053
0.276058
0.00346692
0.00696361
0.00720349
0.0116449
0.00638587
0.0046613
0.0325183
0.0219007
0.0931816
0.510454
0.210382
0.00645713
0.00458584
0.000341399
0.00100602
0.0122552
0.186412
0.510454
0.334716
0.0107906
0.0103764
0.00545154
0.0460746
0.0344123
0.0104294
0.0639142
0.0477316
0.0157026
0.0165433
0.0072187
0.00607374
0.00247676
0.047023
0.424528
0.183626
0.0021667
0.000498217
0
0
0.0125749
0.151196
0.423952
0.155688
0.00227379
0
0.000108401
0.000161124
0.0207902
0.250919
0.423952
0.146929
0.00441395
0.00327685
0.00150135
0.000783452
0.000422922
0.0660475
0.423952
0.150843
0.0014719
0.000783768
8.50239e-005
3.64388e-005
0.00760984
0.159672
0.423952
0.232721
0.0141887
0.00466883
0.00579113
0.00123668
0.0508045
0.159576
0.420491
0.112958
0.0820765
0.0171652
0.0257004
0.019947
0.0362113
0.116957
0.29805
0.127319
0.010058
0.000923479
0.00132282
0
0.0282202
0.161284
0.46254
0.223299
0.0444495
0.00369392
0.00561302
0.00160866
0.0185638
0.23691
0.46254
0.212425
0.120941
0.0103695
0.0254026
0.0694304
0.0276684
0.123568
0.138426
0.115616
0.140391
0.0208301
0.0243446
0.115413
0.0759267
0.0553872
0.0608285
0.0333828
0.0607166
0.00345
0.0092429
0.0194831
0.00781862
0.382072
0.506876
0.169723
0.0583005
0.0184631
0.0233958
0.0476961
0.0375621
0.323021
0.506876
0.168272
0.188116
0.0650261
0.0377358
0.174752
0.143247
0.0357934
0.0324927
0.10272
0.271271
0.0727635
0.11116
0.330118
0.279368
0.040764
0.0437972
0.272623
0.172632
0.0661578
0.032437
0.0808598
0.0941061
0.149415
0.267142
0.179153
0.368354
0.0660659
0.0880798
0.184759
0.184127
0.0860767
0.0713925
0.290047
0.0291945
0.0231411
0.0565569
0.193502
0.16901
0.0874548
0.161423
0.0325387
0.00920535
0.0101142
0.0294184
0.424478
0.424478
0.0250834
0.0375054
0.00702285
0.00557811
0.0141392
0.0494508
0.152781
0.186164
0.152679
0.180248
0.0553082
0
0.00854169
0.0511377
0.424478
0.424478
0.0568507
0.0551329
0.0169359
0
0
0.00325935
0.40295
0.40295
0.000924728
0
0
0.0026077
0.000823666
0.00225963
0.267457
0.226987
0.00484623
0.00171985
0.00144595
0
0.00102237
0.00802583
0.40295
0.40295
0.0016049
0
0
0.0024968
0.00647401
0.00932066
0.339283
0.268375
0.00918928
0.00976211
0.00230528
0.0420207
0.0410564
0.0328512
0.335628
0.286138
0.0716534
0.0489539
0.0299884
0.0448886
0.0811426
0.0650075
0.122638
0.060332
0.120115
0.284354
0.250129
0.04744
0.0940656
0.0669851
0.380499
0.289709
0.109301
0.148843
0.0540251
0.0428606
0.136444
0.119077
0.118466
0.0619577
0.105255
0.129324
0.0903815
0.0046845
0.0108316
0.00640884
0.00903766
0.00257148
0.0348699
0.208187
0.118919
0.0175544
0.00525979
0.00114748
0.00105447
0.0010494
0.0989274
0.678696
0.350015
0.0420541
0.051208
0.0134309
0.0142401
0.00872979
0.0234489
0.0229956
0.0224516
0.261495
0.437614
0.00296742
0.00356339
0.0129039
0.0176327
0.078261
0.0900402
0.0198653
0.00496816
0
0
5.24904e-005
0.0577818
0.428201
0.159395
0.0203425
0.0391404
0.0227302
0.00254618
0.0178545
0.186577
0.428201
0.156238
0.170047
0.356248
0.000526615
0
0.0010904
0.00841653
0.101111
0.0621187
0.189644
0.428201
0.104674
0.00914536
0.0284027
0.121924
0.281819
0.0656713
0.00985838
0.0259304
0.0276663
0.0101422
0.044594
0.21294
0.40207
0.0856394
0.0153326
0.030876
0.0237783
0.0190212
0.0294309
0.22705
0.40207
0.11486
0.0859126
0.40207
0.151185
0.0329001
0.0720514
0.122407
0.187047
0.0414197
0.0741133
0.391139
0.206253
0.0440385
0.0521065
0.128144
0.164695
0.117329
0.0999972
0.0685482
0.0270126
0.0358224
0.0134194
0.193347
0.317352
0.157121
0.330194
0.0526716
0.0176084
0.0204301
0.00898929
0.0605224
0.0840141
0.354302
0.0706538
0.241815
0.171072
0.113174
0.0869572
0.183458
0.139284
0.247585
0.275919
0.0608408
0.0789378
0.127047
0.0837148
0.0636351
0.0486407
0.425682
0.0104577
0.0242322
0.0465298
0.131292
0.185082
0.102854
0.0420479
0.0419567
0.00619132
0.0138533
0.0449307
0.444407
0.444407
0.0633924
0.0144579
0.0223159
0.0386831
0.031557
0.110196
0.146877
0.164352
0.0523826
0.0274034
0.059345
0.0176311
0.00994013
0.131709
0.444407
0.444407
0.0397966
0.0105057
0.0306573
0
0.00107353
0.00638297
0.402933
0.387599
0.00506953
0
0
0.00194682
0.00771054
0.00698755
0.261251
0.226149
0.0114331
0.00830976
0.00217102
0.00646605
0.00438993
0.0154517
0.402933
0.402933
0.0153214
0.0017096
0
0.0889619
0.122054
0.0186171
0.330971
0.262944
0.0242869
0.00736881
0.00384186
0.0141545
0.0166491
0.00801629
0.0363235
0.0277046
0.0115934
0.014383
0.00643792
0.104263
0.140322
0.0137583
0.0079704
0.00221794
0.0063731
0.00779887
0.00850662
0.23624
0.466733
0.0554287
0.0393689
0.0317047
0.0113485
0.0111337
0.0095349
0.550233
0.561876
0.110383
0.0056736
0.0114334
0.00313988
0.0032423
0.0121698
0.0989492
0.205719
0.0125877
0.00234634
0.002159
0.0045026
0.00266466
0.00500166
0.194829
0.448294
0.0153403
0.00057367
0.00316099
0.00326824
0.00187881
0.00750848
0.319995
0.448294
0.0677561
0.0143409
0.0241515
0.00128992
0.00018005
0.00240872
0.353035
0.448294
0.1695
0.0204307
0.0187361
0.000719436
0
0.0156908
0.167608
0.412745
0.0211317
0
0.000549961
0.000293207
0.00170948
0.00612932
0.166915
0.412745
0.116316
0.00223136
0.00359737
0.00894799
0.00804857
0.00423511
0.255997
0.412745
0.141903
0.00248672
0.000579098
0
0
0.0428031
0.275683
0.412745
0.19435
0.00103028
0.00267874
0.00346294
0.00934646
0.0785887
0.137273
0.465561
0.166465
0.0189847
0.0306511
0.0146109
0.00937309
0.00627891
0.0987777
0.465561
0.187861
0.0402438
0.0596056
0.0355734
0.0654337
0.0780855
0.184277
0.465561
0.150011
0.0225432
0.0756101
0.022918
0.0343596
0.0865144
0.110274
0.23198
0.061812
0.0737331
0.161112
0.0728976
0.102372
0.0694574
0.0682285
0.305582
0.193839
0.165843
0.15039
0.142972
0.139288
0.254661
0.14032
0.0865003
0.149652
0.311057
0.141855
0.0809145
0.0596779
0.195622
0.133284
0.161773
0.0737158
0.207155
0.150781
0.170231
0.149073
0.166959
0.260056
0.162635
0.0838835
0.264321
0.0756372
0.0851059
0.0738792
0.210826
0.0886333
0.0704672
0.134537
0.100606
0.0524356
0.0284623
0.0240351
0.0295029
0.0468396
0.0397631
0.168485
0.389222
0.360938
0.0108335
0.00506368
0.0130624
0.136197
0.106477
0.170432
0.279597
0.271446
0.0741555
0.0292133
0.0237191
0.140375
0.0604099
0.192458
0.396755
0.396755
0.0698029
0.00742014
0.0506199
0.0574446
0.0214909
0.0188526
0.326912
0.328808
0.0568336
0.00585878
0.0164789
0.260363
0.30533
0.0467869
0.151735
0.143421
0.0649135
0.00917415
0.0210217
0.166806
0.0780301
0.0927011
0.212993
0.287916
0.0830652
0.00987211
0.082627
0.338717
0.367836
0.288986
0.043617
0.0443947
0.0561348
0.00897019
0.0643054
0.21387
0.357946
0.084102
0.00982194
0.00657481
0.00596968
0.00211035
0.00893959
0.31712
0.357946
0.142599
0.00202237
0.0168175
0.000701249
0.000307593
0.0340368
0.255236
0.357946
0.23518
0.0161461
0.000804267
0.00347478
0.00596915
0.0317484
0.357946
0.295399
0.189318
0.0205296
0.0112656
0.0113572
0.040296
0.17155
0.265235
0.361101
0.0996708
0.0391208
0.0685524
0.00205001
0.00847246
0.0566678
0.327769
0.332439
0.156388
0.0586279
0.0532866
0.00136667
0.0127087
0.117157
0.361101
0.143364
0.0688473
0.0397879
0.0457713
0.0215772
0.0513445
0.213426
0.361101
0.07189
0.0384445
0.0480765
0.0355244
0.0115073
0.0478616
0.361101
0.338306
0.184678
0.105587
0.00854667
0.00199032
0
0.00185265
0.157507
0.381303
0.137903
0.0606993
0.000714917
0.00185878
0.00534786
0.0275526
0.208601
0.381303
0.0197599
0.0139983
0.00846854
0.00278692
0.00333457
0.0243973
0.365182
0.381303
0.0253154
0.0150576
0.00933208
0.00219006
0.00201792
0.0233283
0.371909
0.27477
0.124302
0.0294481
0.00679398
0.026469
0.0242691
0.0745934
0.200245
0.254119
0.102244
0.0299121
0.0248406
0.0519365
0.0327347
0.0704346
0.242499
0.416489
0.0425033
0.0207587
0.0236253
0.000362023
0.00551797
0.0484183
0.380335
0.416489
0.0604003
0.0149244
0.0200517
0.000605212
0.0037588
0.0372745
0.416489
0.192138
0.0267184
0.0223067
0.0376959
0.0230092
0.0144689
0.0221469
0.22637
0.377555
0.048281
0.0130602
0.0283866
0.0108244
0.00656465
0.0120421
0.251684
0.404833
0.0268214
0.00645611
0.00493257
0.0018659
1.81305e-005
0.0112957
0.404833
0.404833
0.0247085
0.00211585
0.00152758
0.00561255
0.00416691
0.0354716
0.404833
0.0474202
0.03526
0.111606
0.292834
0.335672
0.084739
0.034663
0.0319673
0.0959796
0.0310536
0.145877
0.301873
0.392214
0.155732
0.0428297
0.078019
0.0827786
0.03759
0.0739368
0.135909
0.170064
0.173529
0.155927
0.211594
0.128658
0.217767
0.147476
0.138477
0.215846
0.181385
0.156222
0.244286
0.171327
0.113733
0.239593
0.15072
0.208574
0.0816345
0.021555
0.118581
0.2229
0.388169
0.401719
0.0365153
0.00199734
0.00486006
0.0099732
0.109575
0.159898
0.25953
0.211109
0.080863
0.0771299
0.0526428
0.039103
0.142821
0.237755
0.127592
0.139452
0.0373275
0.00631765
0.00131336
0.0271303
0.356188
0.252647
0.293016
0.207076
0.0128374
0
0
0.029907
0.132858
0.356405
0.172141
0.0920758
0.0620224
0.000527182
0.0362413
0.0947304
0.307503
0.214919
0.0623993
0.032023
0.00367227
0.000837202
0
0.0549908
0.390383
0.257901
0.0768666
0.0084542
0.0341819
0.000351455
0.0240179
0.0787635
0.430487
0.24035
0.0777224
0.0191162
0.0358924
0.0114938
0.0592171
0.0815058
0.166628
0.384668
0.0787541
0.0119868
0.0151282
0.0168493
0.0636608
0.187806
0.28665
0.158516
0.0626509
0.0128039
0.0186502
0.0451054
0.069739
0.0831048
0.342195
0.384668
0.0894949
0.0163853
0.00378204
0.0673971
0.150985
0.300064
0.384668
0.238538
0.0190737
0.00357418
0.00721706
0.00745307
0.0507637
0.17254
0.279628
0.255398
0.0256865
0.0252552
0.0190173
0.00771395
0.023877
0.0500334
0.281316
0.376931
0.0201789
0.00353382
0.00394703
0.0126701
0.135433
0.292067
0.376931
0.316193
0.00965428
0.00953132
0.00796847
0.00514264
0.0595793
0.106332
0.376931
0.256075
0.0141087
0.029651
0.0373358
0.0012498
0.000332035
0.00897529
0.251666
0.371729
0.0389397
0.0125034
0.0292236
0.00141109
0.000585323
0.0262154
0.275945
0.322065
0.00664605
0.00857291
0.00985469
0.000833198
0.000221357
0.0217162
0.407345
0.407345
0.0374361
0.0262867
0.0166718
0.00564438
0.000681117
0.0778891
0.407345
0.298718
0.0587284
0.00427548
0.00521728
0.00566003
0.00023872
0.0448934
0.260906
0.365929
0.0230136
0.00103526
0.000878726
0.0128479
0.0159323
0.0647621
0.394192
0.217702
0.0645822
0.0607558
0.0417645
0.0636368
0.00600776
0.121038
0.304521
0.357649
0.0258521
0.0300744
0.0296036
0.125318
0.107536
0.138683
0.3928