0.0352489
0.0673028
0.0307673
0.049541
0.0152953
0.0250231
0.0144958
0.0252415
0.17729
0.254272
0.0995271
0.0731766
0.0163615
0.022495
0.11651
0.133234
0.029067
0.0817332
0.0489852
0.34225
0.103985
0.0424194
0.0165793
0.0142946
0.102706
0.358015
0.248896
0.630434
0.135394
0.00885303
0.113574
0.118506
0.0889061
0.0720478
0.0314999
0.0107862
0.0227548
0.0262064
0.255893
0.197256
0.0442518
0.0073047
0.0240253
0.00496485
0.0242085
0.0643789
0.296621
0.296873
0.0678186
0.111881
0.097805
0.165138
0.0267465
0.0323167
0.393441
0.213323
0.0480461
0.011762
0.0111536
0.00184725
0.000737958
0.164845
0.547382
0.239497
0.0433407
0.00869661
0.0538678
0.0217284
0.0278866
0.0592251
0.117076
0.197351
0.0401511
0.0180128
0.0477225
0.0545574
0.0272
0.0272636
0.0462637
0.0445707
0.0612618
0.0107253
0.0125975
0.00365854
0.00172658
0.247539
0.693797
0.194872
0.0620552
0.0202643
0.0436541
0.0312705
0.00321493
0.21886
0.437331
0.160605
0.140019
0.111602
0.1509
0.148732
0.0189235
0.0463024
0.0763744
0.0712434
0.149424
0.1288
0.138884
0.109118
0.0838536
0.118893
0.0784089
0.0915435
0.144795
0.143405
0.257338
0.123946
0.00299288
0.189659
0.344508
0.20813
0.24097
0.337454
0.296278
0.181087
0.0457255
0.136018
0.0746722
0.0979469
0.156377
0.124028
0.0689792
0.0539746
0.181694
0.219264
0.110589
0.0669492
0.216125
0.194294
0.0720125
0.15494
0.126242
0.0912628
0.12594
0.181505
0.129353
0.267123
0.11609
0.235657
0.180198
0.21154
0.0527016
0.0920812
0.148004
0.185637
0.131895
0.206251
0.245731
0.0890786
0.0384288
0.192062
0.118405
0.183104
0.0769395
0.163499
0.0714704
0.0449707
0.10686
0.22613
0.0786448
0.164909
0.0764968
0.157636
0.110315
0.184042
0.211568
0.137571
0.206699
0.14535
0.190646
0.136386
0.0975288
0.0608841
0.0701331
0.149707
0.156872
0.128475
0.163682
0.12735
0.0981494
0.351044
0.206011
0.186578
0.0774372
0.0654642
0.0340689
0.090435
0.098265
0.151182
0.160755
0.0622648
0.144631
0.0592423
0.0285017
0.0595677
0.121352
0.298558
0.181332
0.253925
0.0585551
0.0474332
0.0606143
0.109541
0.144804
0.230677
0.156593
0.220886
0.181058
0.0351849
0.191232
0.155813
0.139241
0.168728
0.160069
0.405789
0.00520576
0.0162944
0.01816
0.225108
0.120089
0.0189326
0.0131819
0.000332331
0.00400226
0.04937
0.0526082
0.485139
0.234662
0.00230051
0.00918827
0.0185004
0.00460027
0.0172724
0.0228903
0.25502
0.224538
0.025935
0.0159918
0.00596969
0.000990038
0.00941811
0.014129
0.485139
0.485139
0.0383624
0.000946788
0.00197965
0.0471308
0.0521731
0.0445547
0.237587
0.0874719
0.0116969
0.100035
0.094692
0.0663013
0.0335573
0.0155284
0.0505389
0.0129502
0.105421
0.442983
0.174603
0.0371714
0.0325913
0.0232187
0.442983
0.291854
0.0111108
0.0332111
0.0394268
0.0584627
0.0341291
0.0173852
0.278294
0.112012
0.0473501
0.442983
0.198
0.0134561
0.00264374
0.00045709
0.00193495
0.000564928
0.149681
0.439012
0.0981862
0.0138636
0.00350952
0.00625287
0.00409658
9.0475e-006
0.207415
0.376485
0.100118
0.00977278
0.00267088
0.00117682
0.0185478
0.00757327
0.105373
0.439012
0.188841
0.00598984
0.00044359
0.00159643
0.00984408
3.59474e-006
0.220393
0.439012
0.234788
0.022536
0.0114855
0.0272089
0.00659481
0
0.113658
0.291244
0.0998881
0.0360149
0.0338593
0.0391755
0.029916
0.0139522
0.0651997
0.140979
0.084658
0.00845178
0.0009225
0.00442826
0.00479856
0
0.21367
0.509187
0.292603
0.0109136
0.00193556
0.00700903
0.0122765
0.0199352
0.304132
0.509187
0.247146
0.0332898
0.0436338
0.0265857
0.0726509
0.046872
0.085758
0.0659568
0.0573903
0.0600808
0.0206522
0.0242483
0.0505009
0.0406195
0.0184296
0.020802
0.065054
0.0546023
0.00514456
0.00940285
0.0551037
0.058272
0.412626
0.664563
0.234978
0.122243
0.0159063
0.0286388
0.0563034
0.0372812
0.0772712
0.337423
0.268728
0.182447
0.0382201
0.144626
0.0865434
0.0384014
0.029279
0.0500742
0.132771
0.17996
0.114956
0.14568
0.0723865
0.0725521
0.236737
0.105131
0.157801
0.26158
0.0703694
0.18791
0.14527
0.0980432
0.0398049
0.191723
0.31992
0.256684
0.251774
0.201732
0.108507
0.1507
0.136479
0.197062
0.168303
0.0313558
0.0417861
0.0381687
0.0355829
0.0629266
0.0812253
0.0475807
0.0753739
0.076985
0.060866
0.190048
0.172748
0.0663225
0.0230228
0.0288532
0.0996784
0.0502481
0.131661
0.0867477
0.0353582
0.0530859
0.0542595
0.0808161
0.0551195
0.0595034
0.132854
0.309633
0.70066
0.372717
0.022205
0.0193987
0.0521089
0.00992734
0.0150922
0.0250366
0.224831
0.157754
0.0190399
0.00860571
0.0115328
0.000648418
0.00188449
0.0346494
0.485892
0.391536
0.0378982
0.00028989
0.00213051
0.00478034
0.0287927
0.0632892
0.278293
0.17203
0.0118394
0.00834578
0.00688023
0.000162105
0.00316013
0.0974691
0.485892
0.353831
0.00718576
0.000402578
0.000785062
0.00352446
0.00224283
0.0122267
0.472279
0.299089
0.0108008
0.00404563
0.00347893
0.00855316
0.00369781
0.00912843
0.318219
0.142335
0.013321
0.110156
0.0604005
0
0.000949149
0.0307762
0.472279
0.338961
0.00186961
2.10072e-005
0
0.00337044
0.00439382
0.00552807
0.3534
0.197438
0.00522578
0.00128703
0.00254098
0.0122145
0.00167855
0.00631066
0.0413949
0.021532
0.0610448
0.434114
0.177791
0.0151462
0.00356232
0.00258164
0.0070207
0.0015521
0.143558
0.667898
0.375569
0.0139367
0.00352823
0.0076261
0.0411859
0.0362693
0.0120067
0.0262606
0.0255038
0.0195241
0.0101673
0.00979966
0.00852936
0.00865205
0.0232465
0.279712
0.12589
0.00234323
0.00142515
0.000550205
0.0012002
0.000123941
0.0685888
0.4865
0.201272
0.00107197
0.000264461
0.000210488
0.00142908
0.00302521
0.147938
0.4865
0.169127
0.00497078
0.00707432
0.00446693
0.00227333
0.00166467
0.010117
0.325806
0.105784
0.00201215
0.00332288
0.00528605
0.00186209
0.000756857
0.0299712
0.4865
0.166373
0.0105217
0
0.00107464
0.0051289
0.004601
0.117496
0.469897
0.0885929
0.0354423
0.00312388
0.00563647
0.00744811
0.00361345
0.0888194
0.392838
0.140493
0.000783944
0.000505822
0.0028648
0.00298901
0.000501304
0.0576483
0.469897
0.124778
0.00918847
7.87306e-005
0.00729691
0.00709717
0.000125326
0.175771
0.469897
0.189817
0.0484969
0.00874403
0.0146452
0.0110533
0.0126897
0.068458
0.24713
0.121793
0.0294692
0.0386381
0.0244109
0.0175384
0.0326984
0.0307563
0.101736
0.0696887
0.026421
0.00204958
0.00659255
0.00425536
0.00152321
0.25025
0.535014
0.268192
0.0288591
0.0331617
0.0220299
0.0110247
0.0174123
0.193003
0.535014
0.308734
0.0328589
0.0834034
0.0430329
0.0169518
0.0250296
0.0169522
0.0303091
0.0712108
0.0441489
0.0542483
0.0904855
0.420835
0.206722
0.0130186
0.0206741
0.0840708
0.0627607
0.0794122
0.054443
0.027711
0.0234168
0.0994091
0.432362
0.200746
0.0907399
0.0378671
0.113268
0.563611
0.192966
0.0731065
0.164168
0.155894
0.00128044
0.0177576
0.0369415
0.229587
0.160077
0.0123263
0.0131293
0.00491266
0
0.00291377
0.0602765
0.502869
0.279767
0.000844854
0.00113493
0.000867891
0.00747028
0.0113145
0.0422967
0.381412
0.135045
0.00561605
0.0105628
0.00680863
0.000130215
0.000887538
0.0757663
0.502869
0.332709
0.000211214
0.000756622
0.000578594
0
0.000676681
0.0198347
0.484575
0.280915
0.000444966
8.13434e-005
0
0.00308773
0.0037928
0.00265431
0.286108
0.162232
0.00318754
0.00226654
0.00148531
0.000487547
7.61866e-005
0.0216382
0.484575
0.392708
0.000870808
0.000325374
0.000447517
0.00385487
0.00196373
0.00418048
0.303368
0.219437
0.00435427
0.005583
0.00307099
0.0818934
0.0526143
0.0792296
0.329592
0.213997
0.0691086
0.0587615
0.0464898
0.106527
0.0805591
0.0863905
0.095465
0.090036
0.149929
0.169403
0.108336
0.113712
0.0694804
0.137618
0.298859
0.251099
0.0755383
0.0869217
0.0494279
0.128973
0.136775
0.141693
0.160051
0.0731478
0.172049
0.11039
0.0873524
0.0212823
0.0280715
0.0247244
0.0116012
0.0124663
0.014821
0.122717
0.0644081
0.0197745
0.0341128
0.0449078
0.0197415
0.00773732
0.0302134
0.813569
0.250525
0.0457699
0.0478245
0.0286827
0.0259448
0.00756683
0.0185817
0.0193842
0.0175612
0.248504
0.263711
0.0332026
0.0191695
0.0066247
0.00482755
0.0402878
0.0521324
0.00328098
0.00306555
0.00386438
0.00398044
0.00223675
0.0246533
0.420141
0.105443
0.0186801
0.0119206
0.0110031
0.00484093
0.000522903
0.114208
0.490171
0.207455
0.132878
0.18452
0.00220623
0.00251986
0.00197496
0.00199411
0.0441821
0.0404343
0.307653
0.490171
0.0250401
0.000348602
0.000348602
0.0457134
0.236129
0.132655
0.0207981
0.0186198
0.0270757
0.011499
0.0295115
0.15297
0.435681
0.18889
0.0162903
0.0121656
0.0251788
0.024234
0.064257
0.172067
0.4322
0.207374
0.203622
0.383762
0.106918
0.0310837
0.0478519
0.0786046
0.189572
0.123797
0.104565
0.264921
0.153425
0.0760765
0.112708
0.0791449
0.149505
0.165748
0.0298302
0.0147104
0.0220351
0.0214787
0.0411193
0.139644
0.45351
0.135233
0.0358922
0.00692558
0.0488405
0.303364
0.193365
0.0989332
0.281276
0.0842485
0.0809025
0.266724
0.162284
0.046633
0.059802
0.0754131
0.211216
0.122912
0.0416262
0.217042
0.228111
0.326903
0.201976
0.0664274
0.211047
0.0501323
0.00998866
0.018776
0.0362822
0.314234
0.075186
0.000424049
0.00618621
0.00779211
0.000417816
0.00179901
0.0423761
0.497757
0.235053
0
0
0
0.00569822
0.0265489
0.0252532
0.39278
0.137356
0.00174872
0.00792751
0.00693346
0.000278544
0.00199167
0.00415815
0.497757
0.342565
0.00158601
0
0
0.000443707
0.000259272
0.0130889
0.488823
0.310187
0.000350575
0.000100451
0.000307479
0.00318202
0.00176062
0.00639594
0.24609
0.164551
0.00277846
0.00439077
0.00218646
0.00890306
0.0066583
0.000930508
0.488823
0.39972
0.00621814
0.00059893
0.00577137
0.102735
0.113148
0.010324
0.258827
0.196472
0.00780147
0.00584022
0.02419
0.013688
0.00388931
0.0122086
0.0211312
0.0193489
0.00473363
0.00680287
0.00667719
0.0986155
0.0526899
0.0143
0.0132164
0.00339064
0.00595466
0.00884859
0.016199
0.286223
0.317173
0.0284561
0.0134556
0.0171581
0.004084
0.00529293
0.0296457
0.605134
0.605134
0.0863322
0.00469752
0.00170432
0.00134641
0.00279516
0.0354297
0.10375
0.111493
0.00833421
0.00496581
8.04615e-005
0.00196343
0.00458624
0.010867
0.229737
0.357212
0.00456399
0.0012791
0.000226032
0.00084763
0.00643052
0.0124795
0.383999
0.444967
0.0596192
0.00472515
0
0.00089716
0.00279043
0.0168201
0.437107
0.444967
0.0850446
0.0637339
0.0202547
0.0123998
0.0265455
0.0320219
0.198402
0.34969
0.00866724
0.00243083
0.000130174
0.000263722
0.00323385
0.0128439
0.270597
0.405848
0.0274628
0.00438092
0
0.00161761
0.0172246
0.0334063
0.260406
0.405848
0.0902017
0.0490164
0.0317239
0.0281464
0.0507104
0.0883483
0.22244
0.375158
0.166006
0.0837812
0.173765
0.0540795
0.14957
0.149237
0.20687
0.405308
0.0632538
0.017233
0.00642736
0.00544479
0.0338729
0.0476869
0.154013
0.301432
0.13468
0.0399125
0.0459101
0.023655
0.10629
0.157368
0.155816
0.280399
0.121537
0.0928356
0.142368
0.0461805
0.199989
0.161456
0.269603
0.246419
0.19218
0.106195
0.0803285
0.0315976
0.255373
0.320782
0.139957
0.197401
0.115199
0.0186292
0.0313032
0.0436667
0.0778014
0.177206
0.0902068
0.133718
0.102694
0.172288
0.0950457
0.0790749
0.0345733
0.102687
0.328152
0.14097
0.122534
0.0713709
0.070697
0.133896
0.155241
0.417541
0.237817
0.0795908
0.0522032
0.146037
0.16578
0.335548
0.234322
0.319275
0.00624135
0.0138906
0.0171667
0.343099
0.136933
0.00803604
0.00279147
0.00315747
0.00547192
0.000297736
0.00445502
0.477552
0.304368
0.010977
0.00320408
0.0170414
0.00981018
0.0127828
0.021321
0.361803
0.230268
0.0264257
0.00580235
0.0113012
0.0461622
0.0591773
0.0218419
0.444063
0.316157
0.0182187
0.0178598
0.0718618
0.0725066
0.0491985
0.00020754
0.309264
0.269893
0.0235389
0.00976845
0.0565559
0.273085
0.357559
0.0132461
0.100667
0.115683
0.0134975
0.00809626
0.063139
0.226206
0.195193
0.0372787
0.124083
0.148983
0.0216243
0.0198476
0.123696
0.393571
0.451222
0.175309
0.0497799
0.0391437
0.0103686
0.00951777
0.0846735
0.241556
0.360517
0.0329164
0.00211625
0.00371305
0.000461407
0.000654907
0.016479
0.309225
0.40669
0.0851934
0.0106035
0.004235
9.28174e-005
5.36524e-005
0.0454247
0.237973
0.373545
0.168456
0.0245169
0.00163773
0.00228719
0.00107881
0.0256765
0.26141
0.344298
0.260011
0.101572
0.020731
0.00544832
0.00431524
0.092139
0.208033
0.31024
0.100012
0.0254281
0.0218847
0.00288674
0.00517547
0.0366453
0.159411
0.349871
0.181473
0.16499
0.0486993
0.0243429
0.0474225
0.0412061
0.194402
0.28991
0.181092
0.138598
0.111274
0.0496282
0.0076524
0.0819308
0.207315
0.394384
0.311798
0.263656
0.151422
0.086327
0.0280875
0.0403697
0.0988594
0.178519
0.131451
0.124048
0.046547
0.0416327
0.0691916
0.204579
0.165895
0.0773363
0.13912
0.0877724
0.16835
0.0598032
0.100355
0.383577
0.172019
0.273751
0.232894
0.157672
0.0332001
0.0226422
0.0267855
0.158211
0.409259
0.158199
0.104313
0.0386328
0.0309881
0.0117963
0.0219931
0.409259
0.109168
0.0508535
0.0826293
0.0865596
0.168807
0.0540435
0.107397
0.194737
0.133647
0.145143
0.111622
0.187947
0.131254
0.0265713
0.116934
0.172325
0.340122
0.058654
0.0387539
0.0385344
0.054444
0.0117343
0.00958351
0.412219
0.296634
0.320312
0.203528
0.207068
0.0864941
0.00746801
0.11661
0.332017
0.179196
0.16126
0.0940665
0.120446
0.0812431
0.0363949
0.0796952
0.238111
0.146876
0.130443
0.0921081
0.161533
0.114192
0.105402
0.152125
0.228269
0.244555
0.190077
0.118485
0.107582
0.0435309
0.00172043
0.29011
0.26694
0.342126
0.193598
0.146556
0.164789
0.0403737
0.00496019
0.221748
0.32607
0.018825
0.0109724
0.0113449
0.216215
0.271167
0.14018
0.042714
0.0699507
0.148431
0.220514
0.0922153
0.274162
0.247632
0.110841
0.0787646
0.182403
0.115217
0.0243275
0.0274209
0.0870226
0.129896
0.185164
0.120694
0.316837
0.257679
0.169891
0.086547
0.143713
0.107135
0.145564
0.14516
0.402787
0.241423
0.327774
0.17214
0.0783998
0.0373688
0.00753763
0.0371626
0.107569
0.239666
0.405131
0.378113
0.08725
0.00451131
0.00270966
0.0342544
0.054232
0.227812
0.195202
0.142677
0.0849436
0.0426944
0.0177831
0.101394
0.16919
0.188226
0.214816
0.257612
0.0719601
0.0266118
0.0102282
0.116148
0.177336
0.197259
0.274157
0.298787
0.108863
0.0138882
0.0124787
0.0456117
0.0726943
0.31626
0.287489
0.345065
0.314007
0.101964
0.0386194
0.0713754
0.114217
0.0786888
0.1036
0.164213
0.10188
0.0235277
0.0269573
0.138727
0.151119
0.188581
0.080866
0.186612
0.236352
0.136169
0.0557822
0.147956
0.113101
0.324958
0.168539
0.136214
0.139066
0.0919997
0.0461639
0.0336784
0.0649665
0.447269
0.290811
0.224409
0.111262
0.0873638
0.0535936
0.0103761
0.0842491
0.36334
0.0527935
0.0847619
0.0785089
0.0558278
0.0187062
0.0544093
0.0714884
0.447269
0.153111
0.0634914
0.0197492
0.0195805
0.0106179
0.0201488
0.119798
0.337402
0.412401
0.235438
0.0562968
0.013789
0.00743942
0.00243382
0.0589732
0.369243
0.275718
0.126766
0.00876549
0.000665785
0.00050894
0.00751959
0.412301
0.318887
0.21209
0.084166
0.00540897
0.00290056
0.00156436
0.00534414
0.0571268
0.165336
0.13019
0.062008
0.00353485
0.00118715
0.00076341
0.00737536
0.0953869
0.38529
0.0639149
0.016366
0.00860461
0.0021053
0.000189624
0.00784829
0.47731
0.370498
0.22143
0.145578
0.0672798
0.00902899
0.00047692
0.0702339
0.380228
0.159011
0.0463639
0.0162143
0.00189363
9.28168e-005
0.000880244
0.0111869
0.1615
0.337389
0.0886497
0.025639
0.00283499
0.00105091
0.00270118
0.0210004
0.183716
0.216524
0.104462
0.0859782
0.034891
0.00341525
0.000683773
0.220322
0.19414
0.358693
0.109005
0.0543152
0.0338601
0.00130813
0.000394358
0.182466
0.279174
0.441016
0.123477
0.00873693
0.00549557
0.00150672
0.00114571
0.0107042
0.106667
0.503824
0.179391
0.0029898
0.0031626
0.000376681
0.000262905
0.00667415
0.185212