0.0283654
0.0227976
0.0892447
0.0794044
0.0737977
0.0254739
0.0489575
0.0329196
0.0192648
0.0426586
0.192538
0.141923
0.456024
0.364029
0.197871
0.0518706
0.0467449
0.0466865
0.0488231
0.0609225
0.0938291
0.0419183
0.061852
0.0459234
0.0371981
0.0296976
0.0246904
0.196475
0.505756
0.248919
0.114631
0.0724506
0.00139633
0.0109029
0.0708287
0.0656779
0.370947
0.316776
0.0520453
0.00940384
0.0120756
0.0622924
0.0656073
0.0422329
0.253582
0.246633
0.0588057
0.0492302
0.00106677
0.000633791
0.00340017
0.090209
0.363756
0.341355
0.0878795
0.0663369
0.100172
0.139862
0.0466615
0.0261492
0.185151
0.327044
0.166195
0.256249
0.0306326
0.139838
0.116892
0.0895127
0.157959
0.128697
0.0777539
0.0940555
0.153683
0.174553
0.0844116
0.0960818
0.152116
0.117704
0.12255
0.0801323
0.172398
0.236007
0.0698407
0.0307899
0.150198
0.209543
0.210022
0.210101
0.166053
0.187582
0.0957131
0.0415406
0.188064
0.29571
0.434322
0.179814
0.125347
0.141591
0.104426
0.0440984
0.0267757
0.0292835
0.104289
0.0634072
0.153538
0.150536
0.178382
0.103847
0.0661767
0.0557318
0.205364
0.194704
0.151368
0.213003
0.308732
0.0782632
0.0335474
0.0878765
0.183966
0.102713
0.134001
0.155487
0.305966
0.178479
0.10872
0.106361
0.425923
0.281023
0.100433
0.152695
0.101369
0.135005
0.0932004
0.0792438
0.139115
0.138907
0.105295
0.340927
0.116051
0.0919397
0.0474831
0.0290301
0.0675779
0.0698246
0.112961
0.0876972
0.0497363
0.254901
0.183478
0.120813
0.331914
0.250634
0.174473
0.273072
0.118362
0.380434
0.143671
0.0587319
0.0948595
0.168131
0.145482
0.301539
0.139524
0.0309635
0.0125966
0.0132881
0.0628026
0.0487712
0.28396
0.299952
0.161428
0.0344612
0.0212356
0.0151078
0.0500158
0.0610538
0.127361
0.169353
0.131967
0.191732
0.152347
0.07115
0.109438
0.116844
0.194718
0.140099
0.223593
0.396434
0.341794
0.103708
0.0870285
0.0860005
0.13968
0.171212
0.0692479
0.0509765
0.0872846
0.0850597
0.0439737
0.058703
0.120209
0.0560005
0.083562
0.141251
0.396453
0.28677
0.0827121
0.0720561
0.0747375
0.133946
0.196197
0.280586
0.25431
0.0728808
0.0131549
0.0575052
0.248966
0.0697725
0.123775
0.219013
0.333369
0.173878
0.129836
0.218509
0.0883632
0.0619796
0.0569113
0.121493
0.0817048
0.0472671
0.176313
0.0900593
0.128649
0.051294
0.0801748
0.195457
0.370761
0.196633
0.124048
0.118063
0.0943683
0.0948441
0.0672258
0.0756113
0.0517178
0.114148
0.298903
0.124205
0.178519
0.186186
0.165617
0.3045
0.233714
0.114801
0.183818
0.150638
0.0265933
0.0127416
0.0307201
0.0540019
0.151216
0.173744
0.0896547
0.146108
0.115126
0.0624378
0.0235648
0.00791725
0.0511377
0.160632
0.302412
0.517271
0.0794068
0.0430645
0.127479
0.141023
0.0814866
0.0282079
0.0252141
0.0958621
0.220219
0.0486444
0.129329
0.0946289
0.0322216
0.0202485
0.254529
0.470032
0.058921
0.0413134
0.00521743
0
0.020437
0.07956
0.23182
0.181752
0.0286498
0.0278203
0.017609
0.00951534
0.0315678
0.177835
0.35378
0.103022
0.0645772
0.0132101
0.0153725
0.00981815
0.0119948
0.0677621
0.29791
0.303691
0.0204074
0.00257354
0.000867848
0.0022867
0.00614186
0.186939
0.61918
0.238056
0.0355741
0.0433409
0.0939477
0.0443778
0.0148793
0.112454
0.268729
0.0862821
0.0270692
0.0290362
0.102322
0.0679775
0.0436479
0.107882
0.292134
0.19357
0.0112979
0.00911824
0.00314818
0.00829518
0.0099517
0.140189
0.64337
0.151075
0.0331203
0.114964
0.0618063
0.0466205
0.0455758
0.109789
0.390761
0.165602
0.0387431
0.0174281
0.0852608
0.140087
0.12482
0.149088
0.281999
0.230097
0.059502
0.0561418
0.151098
0.383285
0.178369
0.114382
0.147793
0.180922
0.0200764
0.130436
0.132954
0.140359
0.132939
0.242977
0.157234
0.0918504
0.0412138
0.0181666
0.0839538
0.193754
0.155849
0.333638
0.223898
0.164778
0.0358075
0.040659
0.0954592
0.187673
0.15822
0.0690132
0.0806173
0.120474
0.025832
0.0769712
0.167486
0.3915
0.376185
0.081332
0.046901
0.0657168
0.0815691
0.0492928
0.0720287
0.0956495
0.075442
0.114429
0.129248
0.217038
0.0809845
0.103581
0.148173
0.254318
0.420863
0.197349
0.0801809
0.206145
0.00542803
0.157945
0.24079
0.290802
0.229441
0.0568259
0.0248241
0.0444711
0.111077
0.133415
0.136045
0.174244
0.218273
0.154882
0.174442
0.187234
0.0569472
0.128644
0.152793
0.218799
0.283129
0.142482
0.130019
0.152893
0.0505979
0.1305
0.155272
0.163962
0.1212
0.15796
0.308738
0.176594
0.0372577
0.0629984
0.0503509
0.0333697
0.0535063
0.0779664
0.121076
0.0677216
0.0516934
0.150962
0.14898
0.288
0.218175
0.091452
0.0872455
0.0514729
0.153242
0.0906783
0.0522388
0.030035
0.0414123
0.0430574
0.142899
0.286574
0.102613
0.322679
0.439776
0.239281
0.244455
0.100185
0.0854816
0.0794763
0.0333405
0.0310941
0.113138
0.225381
0.157192
0.0109692
0.00366483
0.00788906
0.123965
0.0263076
0.19977
0.246874
0.138289
0.00266276
0.0886256
0.236511
0.00532161
0.0645166
0.155934
0.208132
0.333622
0.0162181
0.00257989
0.000209096
0.01581
0.0180846
0.152279
0.279691
0.574721
0.0161916
0.00942157
0.0426432
0.0884167
0.0152532
0.0712566
0.0501348
0.0264503
0.0299894
0.200205
0.355487
0.0701093
0.0136905
0.0128599
0
0.00110215
0.109636
0.566971
0.421055
0.0518857
0.0316913
0.0917742
0.0963845
0.163963
0.0245984
0.0503335
0.0913029
0.0836223
0.041298
0.0811996
0.0951136
0.020708
0.0642333
0.211302
0.276596
0.0553857
0.0205317
0.0235451
0
0.0333572
0.104901
0.594593
0.287854
0.0691653
0.148355
0.0792055
0.0543912
0.118651
0.115663
0.371521
0.138841
0.0983276
0.0329871
0.0712565
0.0713156
0.0387095
0.0747574
0.175201
0.269317
0.082905
0.0388964
0.0848699
0.103665
0.101296
0.144352
0.164231
0.131903
0.0187762
0.126168
0.0623444
0.178394
0.127796
0.152182
0.132932
0.0462689
0.0701329
0.0515522
0.0272392
0.174346
0.0721752
0.251028
0.272145
0.171293
0.037149
0.0640661
0.0699842
0.156527
0.100811
0.132687
0.169879
0.0789362
0.069705
0.160639
0.188543
0.165743
0.0679643
0.228447
0.505099
0.259111
0.0817981
0.0367547
0.0602538
0.0343715
0.0226653
0.0942377
0.129385
0.0973142
0.111505
0.0304571
0.103479
0.206025
0.372305
0.1186
0.0570896
0.111282
0.0731144
0.0431994
0.0696745
0.0290077
0.022664
0.187583
0.389863
0.205079
0.194508
0.084561
0.133067
0.320251
0.296829
0.151818
0.242219
0.267536
0.0675854
0.0129508
0.0660372
0.227304
0.375518
0.0896346
0.0957287
0.0721275
0.0350216
0.0402377
0.0784862
0.0812212
0.14297
0.169071
0.193837
0.0498224
0.0832906
0.076945
0.145453
0.393386
0.427652
0.0482006
0.0636488
0.0814067
0.00813969
0.0303317
0.0803136
0.116315
0.323524
0.273342
0.114157
0.00903724
0.110915
0.0791827
0.0313859
0.0414582
0.065543
0.0792735
0.150597
0.212793
0.0781622
0.266089
0.25978
0.163241
0.192596
0.10426
0.16551
0.0704012
0.0307438
0.0233249
0.0353801
0.0891548
0.170341
0.148507
0.201768
0.140569
0.0172764
0.0373034
0.0724325
0.244128
0.368812
0.203579
0.311148
0.101979
0.00295389
0.0412784
0.0701902
0.176278
0.201199
0.0223183
0.0229726
0.00250185
0.0014857
0.00681252
0.0266726
0.248979
0.44515
0.014349
0.00104394
0.000362023
0.00114449
0.00445754
0.0220339
0.291532
0.2371
0.0377637
0.0488767
0.00740613
0.000777739
0
0.0132083
0.481459
0.447161
0.00871034
0.00417576
0.000777739
0.0182433
0.024269
0.0511204
0.205742
0.454488
0.0529973
0.00994913
0.0110765
0.122559
0.0368225
0.0923417
0.155469
0.0794405
0.0896497
0.109274
0.217882
0.0140298
0
0.0221366
0.414131
0.459985
0.0283333
0.0140166
0.0206602
0.115997
0.0181146
0.0273945
0.0738614
0.068255
0.0537041
0.0785595
0.167573
0.23162
0.0681208
0.0821127
0.114066
0.0377366
0.0541356
0.0774139
0.24691
0.174877
0.0823023
0.0667326
0.1129
0.0508769
0.181343
0.170801
0.187769
0.284286
0.0789869
0.015539
0.0314525
0.0197031
0.0171141
0.0536713
0.176768
0.395316
0.437316
0.103837
0.0201207
0.0192659
0.0359702
0.0756693
0.153201
0.0596563
0.0638347
0.0333323
0.0265641
0.0177245
0.0875683
0.111957
0.0573643
0.0719948
0.128799
0.143667
0.0783784
0.082219
0.179087
0.269513
0.100384
0.129615
0.455487
0.0850511
0.00707746
0.00376447
0.0231895
0.0457222
0.0433752
0.274484
0.571846
0.169671
0.0746589
0.0842561
0.0923857
0.102687
0.0753883
0.0473859
0.0476142
0.0630218
0.0419742
0.0803961
0.144107
0.277834
0.217464
0.159156
0.105799
0.0872596
0.13389
0.136865
0.0914906
0.236081
0.39931
0.210257
0.225683
0.145868
0.0933915
0.108296
0.0585558
0.0769525
0.0965426
0.289938
0.164972
0.0742311
0.0516198
0.197086
0.128919
0.166218
0.312402
0.0798574
0.104993
0.119566
0.243985
0.191566
0.0372559
0.0904659
0.150382
0
0.0282361
0.134599
0.268179
0.25878
0.202499
0.0982124
0.017191
0.095754
0.0455466
0.0498459
0.0973373
0.224399
0.199957
0.166503
0.191214
0.031539
0.0379566
0.232317
0.401102
0.289548
0.217263
0.121611
0.0510526
0.0370218
0.0224974
0.0234385
0.0570017
0.194188
0.130657
0.113651
0.090504
0.0317508
0.0299892
0.139634
0.252779
0.401005
0.109008
0.0894975
0.0389666
0.0449973
0.0886026
0.0837518
0.0523265
0.177462
0.126282
0.0830462
0.0313089
0.0255476
0.0544749
0.229239
0.363757
0.425393
0.15279
0.0623784
0.0041609
0.00350617
0.00322602
0.0538787
0.211488
0.242194
0.0101273
0.0107313
0.00201352
0.00125417
0
0.0164614
0.374727
0.3937
0.0112706
0.00416896
0.00053505
0.00233745
0.00459261
0.0907854
0.25382
0.306492
0.0336182
0.00647956
0
0.0415413
0.00634524
0.0264723
0.334386
0.466005
0.0952348
0.0530971
0.0588208
0.00988212
0.00802169
0.00966193
0.199857
0.183753
0.0223017
0.0128523
0.0071044
0.0405344
0.132862
0.0822359
0.0546548
0.0281596
0.0164058
0.0204825
0.0287265
0.197868
0.138912
0.0151212
0.133397
0.17795
0.0804509
0.0690914
0.0989286
0.205224
0.7303
0.285651
0.0303434
0.0180643
0.0107141
0.0153882
0.0278371
0.15921
0.166506
0.065232
0.018724
0.00462076
0.00380826
0.0142223
0.0501153
0.250149
0.296499
0.138408
0.0114526
0.00519999
0.0108222
0.0257682
0.0754571
0.157842
0.49375
0.26947
0.0241467
0.0112249
0.00871982
0.0196101
0.102357
0.31743
0.313921
0.183958
0.0243277
0.0368981
0.0726027
0.10408
0.25417
0.0721307
0.330803
0.144433
0.0456347
0.0096795
0.00919929
0.00974366
0.0142764
0.160147
0.3628
0.19067
0.11323
0.0282544
0.0107978
0.0112833
0.0561164
0.135037
0.360765
0.140561
0.0910487
0.0235874
0.049904
0.0446677
0.0571436
0.197128
0.504585
0.216427
0.200719
0.0399405
0.0317303
0.0417977
0.0703794
0.149165
0.217823
0.225413
0.104494
0.0671658
0.02914
0.0323259
0.0632551
0.196133
0.203603
0.160761
0.111461
0.21739
0.184649
0.111862
0.157215
0.171586
0.197534
0.197239
0.110302
0.0905173
0.0686275
0.14624
0.125323
0.283717
0.304188
0.227993
0.146398
0.18538
0.150474
0.197919
0.191088
0.0746849
0.0552795
0.127683
0.134509
0.247537
0.209581
0.087717
0.0867183
0.0904014
0.0441745
0.175436
0.150454
0.162683
0.253736
0.119339
0.0517648
0.144186
0.210544
0.23971
0.190383
0.167216
0.213447
0.113716
0.0609642
0.0805024
0.0597148
0.173644
0.139816
0.10174
0.476241
0.196917
0.0378792
0.0520545
0.122551
0.117507
0.0542593
0.0469861
0.0745971
0.0470748
0.0279324
0.0190973
0.0300383
0.106865
0.219101
0.377003
0.215124
0.0758578
0.0107147
0.0991483
0.116487
0.128451
0.115881
0.0429367
0.044971
0.0985645
0.206657
0.073296
0.11155
0.370317
0.201379
0.334644
0.244492
0.169483
0.0767259
0
0.000781743
0.0363884
0.146033
0.330402
0.127915
0.041259
0.00763195
0.10821
0.0627033
0.0258
0.134014
0.341273
0.160054
0.116724
0.138938
0.0149026
0.0741092
0.125691
0.0847646
0.226098
0.219481
0.0960544
0.0254804
0.13643
0.514343
0.233093
0.0402305
0.143311
0.148773
0.0984806
0.0945291
0.143877
0.139804
0.0196197
0.0152476
0.0400896
0.0274076
0.0296298
0.0642646
0.179228
0.443321
0.0880148
0.00338568
0.00808099
0.00275721
0.00222934
0.0200499
0.142751
0.42241
0.0945119
0.00523351
0.0159474
0.00901668
0.0111863
0.0242898
0.243751
0.610891
0.0364127
0.0464104
0.0437933
0.00830377
0.000754648
0.0614591
0.180192
0.374331
0.0991936
0.00778429
0.00718994
0.00484948
0.00842679
0.0807314
0.384885
0.209517
0.0503242
0.0175903
0.0307653
0.0309915
0.0424405
0.218815
0.263269
0.417273
0.0218857
0.063255
0.0528193
0.0167474
0.00285145
0.126516
0.322602
0.233408
0.0432368
0.136084
0.162534
0.0627106
0.00581239
0.128576
0.252628
0.308059
0.102344
0.0408022
0.01819
0.0199551
0.0194818
0.0835128
0.159469
0.448253
0.22986
0.14352
0.0269997
0.00863648
0.0136633
0.0260671
0.172333
0.126363
0.17342
0.117511
0.133914
0.0424383
0.00703857
0.0690832
0.231806
0.225051
0.386692
0.254705
0.0929959
0.0192035
0.0192829
0.0861126
0.142415
0.194458
0.149904
0.143912
0.0368819
0.0186294
0.0662215
0.0864733
0.19876
0.208144
0.153201
0.0880326
0.0715608
0.119373
0.184876
0.215323
0.164435
0.159847
0.297533
0.327638
0.069406
0.0276506
0.0407188
0.0947045
0.0718725
0.127399
0.260891
0.352799
0.202732
0.150988
0.135371
0.19067
0.0959339
0.142902
0.117572
0.073691
0.0748471
0.208458
0.175089
0.0815223
0.113455
0.107808
0.0853776
0.132792
0.0715904
0.298876
0.174304
0.0498004
0.0496717
0.103728
0.224099
0.267221
0.224636
0.210609
0.124884
0.107186
0.185411
0.154225
0.218571
0.212881
0.182673
0.265749
0.250367
0.192622
0.0691052
0.069684
0.0831451
0.0569542
0.0422045
0.0512435
0.0847913
0.126061
0.060681
0.136993
0.436737
0.124142
0.0811094
0.154837
0.0808139
0.0364989
0.0745676
0.106851
0.192087
0.244874
0.107556
0.0699979
0.0603186
0.0631306
0.0540721
0.221231
0.438785
0.365498
0.0825073
0.105439
0.092837
0.0282429
0.0121806
0.108021
0.214892
0.0589682
0.0813554
0.176627
0.0561178
0.0152532
0.0674442
0.527588
0.363296
0.0273085
0.0771031
0.0950697
0.0278902
0.0188635
0.0148225
0.102551
0.2183
0.111032
0.0572437
0.139243
0.113849
0.0395242
0.0962479
0.273516
0.264165
0.0897734
0.225609
0.180119
0.119045
0.0592146
0.12979
0.541169
0.240308
0.00517368
0.0409702
0.0158058
0.00926161
0.0218093
0.172339
0.447666
0.0838856
0.0768843
0.139083
0.0434016
0.0152826
0.0674402
0.193845
0.229174
0.124397
0.0334557
0.135914
0.100101
0.0721032
0.112748
0.173177
0.156086
0.0737938
0.0724619
0.146579
0.0948596
0.0705101
0.103898
0.132467
0.222997
0.0440403
0.149772
0.148065
0.0883719
0.0259788
0.0919558
0.0646822
0.116604
0.107714
0.421034
0.227238
0.104637
0.0269944
0.0297615
0.108786
0.0988581
0.0541456
0.133137
0.100672
0.111302
0.115487
0.0465123
0.0328878
0.0541894
0.104361
0.554834
0.199228
0.121999
0.145524
0.0290715
0.0330573
0.0630544
0.15988
0.222961
0.183
0.0604
0.0169746
0.0310409
0.26963
0.112863
0.324089
0.275632
0.235144
0.0987954
0.0603527
0.149685
0.00838152
0.0566454
0.116223
0.299544
0.171681
0.0952675
0.0846963
0.020883
0.0558595
0.0612807
0.189884
0.189405
0.213424
0.211118
0.236683
0.218217
0.114473
0.0776413
0.185754
0.225516
0.119455
0.0376695
0.0505014
0.101203
0.0666509
0.0984948
0.190558
0.299117
0.219236
0.102557
0.0543194
0.106847
0.0731292
0.0568933
0.103891
0.159261
0.107845
0.19422
0.134019
0.135434
0.188223
0.111183
0.162957
0.404864
0.368176
0.246675
0.0879212
0.110832
0.0336104
0.0573127
0.103089
0.250799
0.197442
0.0896493
0.0422565
0.0678315
0.0875809
0.0858951
0.115821
0.128887
0.0991771
0.159987
0.214719
0.165482
0.0921723
0.0889653
0.107259
0.390495
0.421309
0.0731337
0.0244214
0.0343214
0.334432
0.252561
0.133586
0.189913
0.184481
0.0675249
0.0726523
0.104297