0
0
0
0.0120604
0.0120604
0
0
0
0.159023
0.0931029
0.191346
0.113234
0.0482417
0
0.0133054
0.100565
0
0
0
0.0803059
0.0651583
0
0
0
0.113932
0.137753
0.426264
0.691052
0.352009
0.000188789
0.0207351
0.097692
0.138696
0.080232
0.0774481
0.0448888
0.00852923
0.0249895
0.113797
0.163964
0.0759269
0.019793
0.000979381
0.00489691
0
0.0611956
0.257861
0.12727
0.109495
0.120921
0.179383
0.480828
0.113328
0.0397408
0.26045
0.193008
0.0777286
0.0313162
0.00644673
0.0433353
0.0145499
0.196936
0.517677
0.238008
0.0187903
0
0
0
0
0.0291418
0.121202
0.0376867
0.000270506
0
0
0
0
0
0.00245848
0.00494955
0.0401808
0.00025974
0
0
0
0.275291
0.6918
0.178117
0.0223101
0
0
0
0
0.132979
0.549131
0.0850623
0
0
0
0
0
0
0
0
0
0
0
0
0
0
0
0
0.0587429
0
0
0
0
0.169451
0.7458
0.179629
0.00774748
0
0
0
0
0
0
0.00774748
0
0
0
0
0
0
0
0
0
0
0
0
0
0
0
0
0
0
0
0
0
0
0
0
0
0
0
0
0
0
0
0
0
0
0
0
0
0
0
0
0
0
0
0
0
0
0
0
0
0
0
0
0
0
0
0
0
0
0
0
0
0
0
0
0
0
0
0
0
0
0
0
0
0
0
0
0
0
0
0
0
0
0
0
0
0
0
0
0.0081225
0
0
0
0
0
0
0.0081225
0
0
0
0.0707648
0.040045
0
0
0
0.00235477
0.0106827
0.0591911
0.534994
0.280803
0.00035997
0.00173001
0.00543311
0
0
0
0.111584
0.0736165
0
0
0
0
4.68475e-006
0.000673178
0.534994
0.517486
0.00023998
0
0
0.0224972
0.0176027
0.0613136
0.46151
0.174457
0.00647506
0.058334
0.0472426
0.0401164
0.00758595
0.0308561
0.0659532
0.0275683
0.0973441
0.46151
0.16348
0.0116346
0.00161483
0.0439082
0.46151
0.319303
0.000747834
0
0.0179081
0.0264194
0.00354315
0.0652086
0.231805
0.0735934
0.0568832
0.216682
0.11023
0.0112944
0.000403476
0.00294807
0.00377601
0.000249672
0.132254
0.46433
0.0881138
0.00946438
0
0
0
0
0.169633
0.46433
0.068961
0.00493105
0.00177706
0.0080625
0.0235231
0.00384135
0.103911
0.416352
0.0741581
0.00217618
0.000459065
0.000300934
0
0
0.213552
0.46433
0.111153
0.00849129
0
0
0
0
0.0944921
0.369822
0.0545947
0.0041411
0
0
0
0
0.0156087
0.066456
0.0254094
0.0068572
0
0
0
0
0.271768
0.546322
0.142193
0.0114094
0
0
0
0
0.279283
0.546322
0.151174
0.00238906
0
0
0
0
0
0.0082073
0.00670137
0
0
0
0
0
0
0
0
0.020843
0
0
0
0
0.289891
0.850449
0.268562
0.0069568
0
0
0
0
0.0169119
0.10747
0.062482
0
0
0
0
0
0
0
0
0
0
0
0
0
0
0
0
0.00165014
0
0
0
0
0
0.0123252
0.0901676
0
0
0
0
0
0
0
0
0.000828047
0
0
0
0
0
0
0.000828047
0.0512557
0.0367968
0
0.00238572
0.000140337
0
0
0.0377093
0.00331219
0.0555591
0.0822982
0.0644228
0.0561777
0
0
0.00331219
0.408489
0.746091
0.375029
0.120825
0.084477
0
0.000903963
0.135231
0
0
0.00792662
0.0978306
0.0547123
0
0
0
0
0
0.0320745
0.501349
0.40474
0.00156564
0
0
0
0.0179419
0.120021
0.146404
0.0649024
0.000520913
0
0
0
0.0269128
0.332251
0.501349
0.344552
0.0105725
0.00166632
0.000333265
0.000449922
0.000131327
0.0273095
0.510054
0.335104
0.00286422
0
0.00147831
0.00266165
0.00473106
0.0279095
0.27173
0.106217
0.0156905
0.0648114
0.0212983
0.000504626
0.00474443
0.100681
0.510054
0.314483
0.0172805
0.00287957
0.00108054
0.00387943
0.00590918
0.0148686
0.313039
0.133181
0.00722694
0.00351635
0.00479677
0.0052119
0.0123764
0.0143071
0.0571218
0.0186713
0.0963833
0.362697
0.0585602
0.00401914
0.00432426
0.0055031
0.000659202
0.00196162
0.24902
0.751597
0.160423
0.00998515
0.01591
0.0212759
0.0576912
0.0339407
0.0107358
0.036104
0.0155093
0.011412
0.0160261
0.0210869
0.00681761
0.0058268
0.0697114
0.329401
0.0636453
0.00106935
0.000209786
0.00130437
2.64101e-005
0.000115684
0.140678
0.486604
0.0770252
0.00358508
4.45069e-005
0.000191118
0
0.000366323
0.27176
0.486604
0.128725
0.00400195
0.00591046
0.00711862
0.000734403
0.000618456
0.0590111
0.278079
0.0431965
0.0055019
0.0032179
0.00146827
0.000222437
0.00156002
0.174543
0.486604
0.110134
0.00413934
0
0
0
0.000497023
0.166889
0.486479
0.101266
0.00458531
0
0
0
0.000124256
0.0856436
0.279954
0.0516583
0.00544631
9.56854e-005
0
0
0.00198809
0.195464
0.486479
0.111551
0.0168064
0
0
0
0.000497023
0.214687
0.486479
0.135573
0.00801319
0
0
0
0
0.0276646
0.0988752
0.0238523
0.00944146
0
0
0
0
0
0
0.0106524
0.104997
0.0261163
0
0
0
0.150305
0.69132
0.218855
0.284708
0.0909495
0.00203233
0.0160857
0.0811614
0.0341756
0.394746
0.32771
0.00292459
0.028042
0.0499158
0.1209
0.0941704
0
0
0.00292459
0.102924
0.309755
0.23772
0.272487
0.168168
0.000352044
0.00142535
0.0272554
0.0732011
0.0209647
0.0169847
0.303036
0.281935
0.00883245
0.0402567
0.107084
0.00873156
0.0384665
0.0774468
0.482821
0.47699
0.00162853
0.00739301
0.0194076
0
0.0255306
0.0902494
0.123766
0.128244
0.0413855
0.00670864
0
0
0.0382959
0.218086
0.466466
0.313108
0.0700179
0.0124341
0.000474224
0
0.00638266
0.0107046
0.2196
0.211002
0.0607035
0.010063
0
0
0.00957398
0.0285899
0.466466
0.466466
0.0940344
0.0156872
0.000118556
0.00096488
0.00792058
0.0833882
0.542103
0.246193
0.0292031
0.00736608
0.00198387
0.00847095
0.00323233
0.0171548
0.256011
0.119564
0.00760383
0.00578264
0.00662385
0.000470224
0.00234286
0.0459207
0.542103
0.328155
0.024165
0.00582752
0.00126074
0.0145187
0.00716635
0.0354249
0.298587
0.0928819
0.00493973
0.00943142
0.00732388
0.100982
0.079039
0.117534
0.283241
0.207244
0.0393194
0.0567119
0.0736252
0.106063
0.128248
0.124205
0.0865208
0.0516589
0.0447475
0.245388
0.1104
0.15905
0.10714
0.139212
0.28281
0.187372
0.0934901
0.0770478
0.0680299
0.14804
0.148894
0.209932
0.180415
0.0813902
0.113399
0.096452
0.0573508
0.0261092
0.0223007
0.0209968
0.00957921
0.00693128
0.0337193
0.179035
0.0557141
0.0388197
0.0241233
0.00882425
0.00503826
0.00878511
0.207788
0.857942
0.182824
0.0381268
0.022215
0.0258741
0.0170084
0.0105083
0.020476
0.0208864
0.0250976
0.125278
0.0594977
0.0150236
0.0132929
0.0310914
0.0249567
0.115222
0.070158
0.00971588
0.0025209
0.000221807
0.000118744
0.00304118
0.121008
0.480079
0.076848
0.0229486
0
0
8.40334e-006
0.00204317
0.171721
0.577427
0.156878
0.078465
0.0571546
0.00637125
0.00248812
0.0100298
0.03226
0.135268
0.0368776
0.176099
0.150502
0.0534294
0.0173712
0.0101366
0.10931
0.443314
0.0907654
0.0455684
0.0163293
0
0
0.00262415
0.0741314
0.45465
0.150999
0.156048
0.0575776
0.0038162
0.0286643
0.102537
0.126421
0.450038
0.273268
0.0986425
0.0656653
0.0508737
0.0514559
0.0182153
0.0904542
0.293669
0.0748026
0.165928
0.0935422
0.018066
0.0605075
0.0702678
0.177361
0.370034
0.228635
0.100463
0.0429564
0.0161681
0.216253
0.235307
0.0644854
0.121674
0.209781
0.0478567
0.0426791
0.0209526
0.422649
0.359722
0.00254953
0.0245225
0.0693336
0.24635
0.134853
0.0215144
0.0984097
0.1182
0.0958869
0.217321
0.293168
0.203486
0.104667
0.0390639
0.268491
0.258822
0.0251724
0.0636186
0.140964
0
0
0.00142822
0.230492
0.122307
0.00750113
0.00126643
0
0
0
0.00624666
0.469672
0.367269
0.0112517
0.00189964
0
0
0
0.00571287
0.362635
0.142597
0
0
0
0
0
0.00985337
0.469672
0.396489
0.00519018
0.000265363
0
0.000628161
0.000611975
0.0240248
0.56902
0.258961
0.0034786
0.00161338
0.000825295
0.0150104
0.0058044
0.0231549
0.241502
0.0472037
0.00513066
0.00763964
0.0066647
0.0123713
0.0112254
0.0177662
0.56902
0.297335
0.0185173
0.00468588
0.00614808
0.0992698
0.113576
0.0244502
0.222853
0.058133
0.0207803
0.0254892
0.0181035
0.020985
0.0103182
0.0166037
0.0254465
0.0128711
0.00882587
0.00781812
0.0129917
0.073263
0.0480749
0.0196471
0.0142353
0.00584256
0.00957941
0.0110407
0.02603
0.223978
0.307606
0.0347496
0.0117521
0.0121216
0.00883585
0.0194161
0.0363236
0.571078
0.657466
0.0356945
0.00462871
0.00652612
0.00293614
0.00656021
0.100867
0.0738162
0.0721072
0.00582297
0.00181093
0.00137667
0.00390489
0.00509977
0.0159294
0.182002
0.188017
0.00563011
0.00190125
0.00434506
0.00254619
0.00855426
0.0257738
0.398875
0.395299
0.0105807
6.40656e-005
0.000160246
0.000612471
0.00186636
0.0441386
0.520358
0.520358
0.0209658
0.00315375
0.000558045
0.00217538
0.0134896
0.0936852
0.178843
0.169981
0.00994057
0.00119352
0.00280474
0.0011117
0.00810634
0.020351
0.267517
0.270306
0.0446312
0.00971428
0.00316095
0.0144204
0.0449908
0.0394945
0.456483
0.362558
0.0132844
0.0131001
0.00823351
0.00502934
0.0600396
0.0824007
0.456483
0.415459
0.0371182
0.0334347
0.0124455
0.0218307
0.0611277
0.0661778
0.204747
0.198573
0.0924963
0.0439355
0.00893228
0.0265059
0.0369213
0.021716
0.354208
0.387753
0.10521
0.0436229
0.0309732
0.0580378
0.0665548
0.0534941
0.267224
0.293682
0.119633
0.0593748
0.0102117
0.0561598
0.017837
0.0213663
0.257991
0.418717
0.195623
0.0749407
0.199872
0.204997
0.109565
0.042776
0.356314
0.286912
0.0456691
0.0817046
0.0805551
0.0880429
0.0610658
0.101827
0.170791
0.0779745
0.0499162
0.239175
0.169558
0.0821153
0.0210721
0.0839583
0.204215
0.291894
0.158882
0.241904
0.215153
0.169744
0.0938845
0.0445272
0.0681705
0.0788996
0.123851
0.434831
0.227947
0.0880953
0.0244766
0.0224176
0
0
0.00477889
0.341416
0.13433
0
0
0
0.00561772
6.35627e-005
0.00773733
0.450316
0.299483
0.012028
0.000921381
0.00187079
0
0
0.00829745
0.401022
0.198432
0.0415157
0.0234811
0.00565044
0.113728
0.0781012
0.0159484
0.450316
0.300637
0.0732868
0.0758426
0.0444973
0.0605337
0.0339861
0.00569218
0.288925
0.14239
0.0356583
0.00503658
0.0155345
0.214693
0.22183
0.0144173
0.0669456
0.0280443
0.0248057
0.0100875
0.0351035
0.355388
0.266287
0.006232
0.138616
0.0872523
0.0354378
0.0281341
0.0752926
0.497545
0.497545
0.0310299
0.0105245
0.00731336
0.0144919
0.00187567
0.0987944
0.182967
0.201381
0.0215311
0.000362502
0.000931531
0.00116195
0.00246293
0.0262803
0.354918
0.364562
0.0216524
0.000145577
0.000568401
0.000130498
0.000194506
0.0613714
0.387626
0.39114
0.048338
0
0
0
2.88276e-005
0.0539733
0.39114
0.39114
0.0385315
0
0
0
0
0.0837062
0.367447
0.400341
0.00911025
0
0
3.82294e-005
9.44412e-005
0.0474693
0.400341
0.400341
0.0251108
0.0220976
0.0132042
0.00720175
0.0121621
0.0658266
0.322468
0.339601
0.0112402
0
0
0
0
0.0512227
0.180097
0.255139
0.0249891
0.0945629
0.0714113
0.020295
0.00304051
0.0410525
0.462608
0.355827
0.0913117
0.0977858
0.049603
0.0226791
0.104873
0.0952268
0.282391
0.229465
0.155083
0.152272
0.049723
0.0314539
0.11116
0.0774918
0.0775047
0.116608
0.167163
0.298399
0.202437
0.0811302
0.0262182
0.02855
0.0167177
0.0438194
0.244768
0.290259
0.157718
0.0823155
0.065396
0.0415942
0.211207
0.249007
0.147424
0.146757
0.0378107
0.0803109
0.0506528
0.0533779
0.115735
0.205069
0.115704
0.136888
0.433803
0.33311
0.258841
0.125885
0.0879845
0.0831214
0.141637
0.143991
0.0683762
0.0460812
0.0849062
0.105808
0.244067
0.124653
0.0439004
0.0977058
0.246751
0.205203
0.0938291
0.127379
0.0610175
0.174458
0.113027
0.193266
0.327923
0.187118
0.202497
0.0861142
0.0286797
0.0992422
0.0941923
0.367395
0.331951
0.0625666
0.0816169
0.0301514
0.196966
0.119474
0.0138117
0.132673
0.202534
0.15755
0.125061
0.116897
0.165491
0.105632
0.0170184
0.250496
0.235054
0.121507
0.163705
0.17156
0.0191907
0
0.0038028
0.263238
0.208804
0.136002
0.10109
0.0525451
0.371068
0.356035
0.0180636
0.31596
0.250107
0.210015
0.269981
0.262336
0.0287861
0
0
0.022112
0.0312535
0.0535875
0.0546376
0.0510224
0.227306
0.202033
0.00768656
0.0147081
0.0270382
0.0815068
0.124914
0.24204
0.41683
0.447729
0.00682483
0.0285407
0.0260307
0.0214442
0.0487655
0.12421
0.483312
0.483312
0.0160613
0.000236988
0.000395456
5.50636e-005
0
0.0878927
0.15782
0.176961
0.00361101
0
0.0010646
0.00794005
0.0198373
0.0880733
0.0995515
0.0882071
0
0
0
0
0
0.030572
0.504142
0.662985
0.0510658
0
0
0
0
0.0831453
0.376766
0.28006
0.0306363
0
0
0
0
0.0664161
0.0446115
0.0211127
0
0
0
0
0
0.0148663
0.00154888
0
0
0
0
0
0
0.00154888
0.388971
0.240689
0.0132991
0
0
0
0
0.0738468
0.0830804
0.0424276
0.0323379
0.384834
0.53291
0.258592
0.00405317
0.0334138
4.00669e-005
0
0
0
0
0
0
4.00669e-005
0.00102438
0.00194963
0.000928937
0.0726396
0.276204
0.20388
0.0339792
0
0.00128035
0.00364787
0.038663
0.169297
0.262488
0.20374
0.0278475
0.00113437
0.0044357
0.0116897
0.0522691
0.14505
0.231315
0.232801
0.0913837
0.0262329
0.000772035
0.00146936
0.000700103
0.041724
0.2095
0.288206
0.099099
0
0.00210084
0.0259537
0.0103851
0.0966084
0.482757
0.51107
0.156838
0.00603532
0.0592982
0.0519201
0.0319546
0.0548669
0.0708706
0.105275
0.0788167
0.0804131
0.218484
0.158818
0.0726173
0.0400186
0.0414043
0.145992
0.044004
0.16535
0.0309237
0.109349
0.0845583
0.168053
0.286375
0.221897
0.0671475
0.0522203
0.214774
0.267084
0.267467
0.279254
0.0673368
0.179028
0.304321
0.430276
0.14613
0.0896244
0.0493213
0.0614851
0.0655965
0.0548287
0.060508
0.118929
0.180644
0.0561348
0.0514425
0.149771
0.114849
0.07845
0.132031
0.239532
0.150055
0.11283
0.110374
0.0942824
0.086258
0.142336
0.404493
0.279762
0.2599
0.122322
0.13774
0.291351
0.206841
0.211427
0.318511
0.186872