0.0943833
0.154925
0.0787048
0.113309
0.132799
0.112017
0.0631863
0.169716
0.0824486
0.0858431
0.143064
0.108447
0.159252
0.162122
0.163568
0.17168
0.0977483
0.138045
0.116909
0.16969
0.151832
0.0292015
0.0686009
0.213869
0.151351
0.191878
0.50868
0.344878
0.17653
0.0255668
0.0971413
0.212628
0.111657
0.0536806
0.0727641
0.0636772
0.0613466
0.0924711
0.106526
0.190455
0.118189
0.151444
0.164322
0.0559373
0.048543
0.0866228
0.0778625
0.129324
0.238695
0.158656
0.289674
0.113129
0.0562692
0.120322
0.174801
0.196732
0.183659
0.117649
0.15772
0.0427924
0.092074
0.273783
0.536129
0.227778
0.112815
0.229504
0.196814
0.0458843
0.0723124
0.0737756
0.0630419
0.0402822
0.13551
0.0660302
0.0838792
0.0603185
0.0432477
0.069729
0.0900554
0.111244
0.058278
0.13362
0.20997
0.0439747
0.121008
0.286784
0.50648
0.301149
0.0719966
0.0598193
0.131008
0.051811
0.0768405
0.278836
0.227477
0.257695
0.128962
0.0202128
0.0782358
0.123284
0.0883958
0.0488501
0.149692
0.19018
0.129558
0.188016
0.122065
0.0840911
0.170307
0.117078
0.256064
0.319836
0.146405
0.0410005
0.10159
0.0868611
0.130798
0.194248
0.256468
0.306571
0.241249
0.203542
0.156642
0.106293
0.152713
0.133234
0.145805
0.112025
0.117285
0.113065
0.119764
0.144661
0.0952085
0.102945
0.150438
0.245226
0.11098
0.0426666
0.120765
0.195
0.120477
0.245643
0.249577
0.41755
0.149863
0.132045
0.143301
0.0956441
0.0674805
0.11503
0.075893
0.0532683
0.150102
0.120443
0.173594
0.118499
0.110502
0.287364
0.228506
0.119643
0.0567708
0.100293
0.111753
0.101254
0.145627
0.195114
0.133036
0.143972
0.0766191
0.17389
0.0972138
0.229797
0.239078
0.118549
0.0839968
0.153666
0.109046
0.217487
0.177265
0.150623
0.160016
0.138774
0.107369
0.060117
0.0886396
0.333427
0.139094
0.369265
0.281966
0.101183
0.0485924
0.111541
0.132767
0.138845
0.0843339
0.205643
0.268928
0.0254102
0.0388774
0.309713
0.15393
0.140443
0.152713
0.277988
0.375074
0.0613275
0.0202392
0.319079
0.0910252
0.1691
0.0762654
0.184189
0.174334
0.0571059
0.0430633
0.14364
0.107546
0.108849
0.171772
0.129365
0.106928
0.112855
0.0435767
0.180205
0.0351951
0.0281606
0.0331759
0.0963904
0.119053
0.0307089
0.0735834
0.131342
0.0518768
0.0424792
0.203783
0.373318
0.285124
0.0186167
0.0344096
0.0724897
0.087408
0.0467561
0.0887969
0.122598
0.141214
0.0697337
0.101558
0.135014
0.00647674
0.000613569
0.0178542
0.517895
0.514756
0.0500595
0.0400781
0.0381272
0.0940781
0.0339401
0.132561
0.152463
0.130165
0.0723392
0.0633487
0.0625935
0.094707
0.0215647
0.0412901
0.0253826
0.120088
0.181361
0.373769
0.180262
0.0353205
0.00117713
0.0629992
0.40552
0.313407
0.0227123
0.0112139
0.0419208
0.123382
0.00470851
0.127581
0.247772
0.194103
0.112491
0.421974
0.233309
0.0184908
0.0144054
0.0165882
0.00400579
0.0728036
0.173517
0.298052
0.139667
0.0228357
0.0146238
0.0225338
0.00802767
0.0167848
0.22327
0.243039
0.135732
0.0390409
0.00129782
0.0282064
0.0351193
0.0616299
0.175796
0.448742
0.211094
0.00791894
0.00252857
0.00152976
6.57832e-005
0.0150597
0.359645
0.448742
0.258666
0.0368732
0.0152174
0.0190299
0.00664974
0.0200278
0.134029
0.18066
0.105555
0.0509072
0.0279165
0.0172013
0.0110835
0.0539919
0.0997912
0.0867661
0.0557625
0.0242738
0.0137871
0.00580561
0.00362054
0.0192648
0.386122
0.488369
0.316853
0.0341349
0.0407986
0.00975983
0.0242534
0.12554
0.364282
0.389043
0.260383
0.0675955
0.0439844
0.0446345
0.0486986
0.0683653
0.116402
0.0878314
0.0374008
0.0828548
0.0486098
0.0513999
0.0540361
0.0323948
0.0932618
0.0964194
0.0544321
0.057291
0.0744912
0.0153168
0.0582804
0.202299
0.411386
0.577493
0.321973
0.0876076
0.0827613
0.0218779
0.0448316
0.043596
0.145997
0.324729
0.169007
0.0849102
0.107137
0.0704266
0.0741318
0.0891127
0.0543253
0.0573968
0.0694809
0.130126
0.235418
0.101804
0.252541
0.209781
0.0648758
0.0485477
0.102829
0.129906
0.135294
0.0508229
0.098307
0.0752671
0.0460043
0.119563
0.0963011
0.252056
0.209513
0.0739044
0.406587
0.416695
0.115244
0.258751
0.176091
0.138093
0.112799
0.0484349
0.146518
0.119972
0.0701936
0.141709
0.0903905
0.0821963
0.0570092
0.0816597
0.129501
0.0699026
0.078185
0.145854
0.101449
0.188917
0.0771048
0.0905405
0.336317
0.33226
0.147416
0.32489
0.132735
0.0788375
0.0336057
0.232009
0.383351
0.19066
0.10254
0.233794
0.078537
0.058453
0.0658407
0.0973391
0.0782285
0.0875522
0.0493985
0.0366435
0.0474289
0.00890411
0.00517446
0.00462697
0.442712
0.384892
0.0359972
0.0202369
0.0202103
0.143186
0.130978
0.0772316
0.111893
0.101821
0.0535855
0.101964
0.103916
0.0395789
0.0174364
0.0292446
0.498136
0.461166
0.0417118
0.0762401
0.0756091
0.00587689
0.000638155
0.0191848
0.335135
0.256855
0.0021876
0.000749616
0.00578
0.0451311
0.00363222
0.0585752
0.322337
0.232655
0.0214219
0.178373
0.0714346
0.00108978
5.57988e-005
0.00627433
0.392218
0.346872
0.0021043
0.0034196
0.00398099
0.00889817
0.00224349
0.00655689
0.392218
0.391341
0.00425775
0.0101766
0.0090747
0.0346364
0.00324759
0.0226652
0.0896083
0.0649385
0.0754697
0.476844
0.163512
0.00533605
0.000901126
0
0.000441293
0.00905902
0.22556
0.476844
0.333263
0.0137319
0.0074872
0.00961724
0.153721
0.125213
0.0238942
0.0951543
0.0465774
0.0144015
0.0100773
0.0175281
0.00530982
0.00833536
0.0776187
0.413372
0.246199
0.00568508
0.00151069
0.000332936
0.00326733
0.0113434
0.168698
0.375545
0.251157
0.00873112
0.00786186
0.00140371
0.0172307
0.0623994
0.212277
0.354118
0.21718
0.00905429
0.00243895
0.00498899
0.00286816
0.00335102
0.0734562
0.410059
0.242965
0.00815021
0.000239764
5.49598e-005
0.0134855
0.0280309
0.133873
0.410059
0.291371
0.00583681
0.0109401
0.00077436
0.0136166
0.0445644
0.176885
0.337043
0.142133
0.0120729
0.012559
0.00221354
0.0163757
0.0153505
0.137304
0.355402
0.0799655
0.00283943
0
0
0.0239004
0.0305902
0.188519
0.466625
0.21976
0.0138346
0.000902574
0.000379232
0.0304747
0.0224905
0.247399
0.466625
0.224586
0.0342772
0.0289617
0.0306175
0.059113
0.0520759
0.0557689
0.22449
0.058736
0.0489485
0.0381924
0.0390649
0.0929278
0.148446
0.112742
0.145124
0.0463418
0.031617
0.00366188
0.0351421
0.0616575
0.0519418
0.183244
0.532304
0.288694
0.0235404
0.00942067
0.0588635
0.0964185
0.134581
0.252178
0.532304
0.148044
0.102117
0.0675807
0.0853048
0.217373
0.215823
0.19485
0.170555
0.0479337
0.0611231
0.0649528
0.210884
0.303876
0.0999758
0.0626609
0.0639555
0.0143627
0.126819
0.0506969
0.0907882
0.223653
0.146533
0.269719
0.453811
0.10736
0.199815
0.154488
0.18266
0.239309
0.0661523
0.0558525
0.135356
0.0731955
0.213857
0.081078
0.0592492
0.0713162
0.0914034
0.0612221
0.120326
0.107418
0.0768302
0.0071352
0.0604442
0.45711
0.32486
0.038495
0.0766024
0.06092
0.191536
0.073039
0.0544095
0.0800869
0.151597
0.0523865
0.0603672
0.0868693
0.0739928
0.0317741
0.0634985
0.45711
0.45711
0.0266297
0.0333238
0.0457034
0.000848132
7.59826e-005
0.00807959
0.348237
0.275068
0.00242342
0.00354672
0.00235245
0.00119532
0.00171575
0.00313273
0.359852
0.304723
0.00214518
0.000991905
0.00109294
0.000609688
0.00100538
0.00651985
0.37165
0.368827
0.00212054
0.00218159
0.000808303
0.00246018
0.00169478
0.00168542
0.37165
0.362443
0.00843069
0.00228669
0.000903544
0.00909677
0.0299123
0.0424002
0.435071
0.391372
0.0187581
0.00336261
0.0103078
0.029454
0.0455057
0.0832823
0.0417374
0.0145972
0.0297084
0.109664
0.138724
0.0236391
0.0225662
0.0247398
0.542601
0.445794
0.0421861
0.0170556
0.00885314
0.0259532
0.020838
0.0480416
0.0414418
0.0335553
0.0561606
0.0196404
0.0217811
0.0210448
0.0117857
0.0170351
0.0161926
0.00548183
0.0312189
0.289555
0.172714
0.0273254
0.00704221
0.00326618
0.0126932
0.00745894
0.0814212
0.782139
0.38897
0.0115571
0.00706333
0.0141335
0.0147821
0.0211111
0.0293056
0.0195826
0.0229364
0.0715821
0.0281667
0.0180302
0.0108278
0.0153434
0.0208083
0.136167
0.0917965
0.00583518
0.000952751
0.000333921
0.00723516
0.00602442
0.0677247
0.447829
0.160522
0.00761903
0
0
0.00803837
0.00799799
0.195905
0.447829
0.266013
0.0625312
0.0563342
0.00264497
0.00158291
0.00169452
0.0189759
0.166716
0.0812577
0.177033
0.265687
0.0340594
0.000258157
0.000258157
0.15177
0.447829
0.215135
0.0100584
0
0.00455341
0.00741827
0.013491
0.183247
0.405987
0.209836
0.00343756
0.00012962
0.00932913
0.0234042
0.040251
0.210288
0.405987
0.14265
0.0988103
0.217819
0.133493
0.0177472
0.0447219
0.197072
0.327792
0.178587
0.0415857
0.182229
0.142093
0.0467952
0.101338
0.203631
0.313838
0.149295
0.0247309
0.00156867
0.0171092
0.046896
0.0452124
0.172165
0.484481
0.128976
0.117502
0.079526
0.0468152
0.0693052
0.0368962
0.0656488
0.231494
0.102008
0.0585919
0.288019
0.138803
0.0686172
0.0904174
0.19907
0.401816
0.129524
0.126256
0.239222
0.186285
0.129491
0.0723153
0.101168
0.232088
0.192585
0.129575
0.098876
0.0395915
0.0905583
0.0787102
0.0166593
0.037902
0.0977845
0.0320636
0.0428585
0.0677739
0.480824
0.35353
0.0121348
0.0291182
0.0793859
0.241333
0.189011
0.0737278
0.0758248
0.0625957
0.0123692
0.050878
0.182689
0.180591
0.172552
0.135153
0.355421
0.367956
0.0179667
0.0481965
0.193797
0.00041269
0.00235055
0.0100287
0.361071
0.265327
0.00207411
0.00112869
0.00373659
0.00148536
0.000674669
0.00561608
0.362002
0.299003
0.00865735
0.00198879
0.000507032
0.0135204
0.0216205
0.0217734
0.362756
0.369114
0.00667441
0.00261837
0.0161339
0.00790179
0.0073573
0.00700532
0.369114
0.369114
0.00205776
0.00299292
0.00528416
0.0133404
0.00389299
0.0155424
0.242929
0.206301
0.0260895
0.0138117
0.00837308
0.0330862
0.00511458
0.0106626
0.00753961
0.0190002
0.0216753
0.0136778
0.025314
0.101992
0.144426
0.0192153
0.30183
0.260287
0.00803935
0.031922
0.0284186
0.348554
0.71198
0.0209039
0.00423585
0.014546
0.00527119
0.0323032
0.040665
0.0365218
0.0311228
0.00487825
0.00266841
0.00596496
0.00641235
0.00647844
0.0139566
0.157822
0.232154
0.0288475
0.00246326
0.00328018
0.00286417
0.00812703
0.0135911
0.255848
0.53986
0.0176554
0.00535993
0.00241881
0.000442368
0.00328699
0.0131906
0.439055
0.53986
0.149894
0.00570601
0.000258575
0
0.000942644
0.00499081
0.154657
0.275893
0.0308355
0.000481487
0.00049265
0.0012884
0.00725172
0.0114204
0.258226
0.429527
0.0453427
0.00711958
0.00241452
0.0168659
0.0457019
0.0393143
0.285936
0.429527
0.127997
0.000500615
0
0
2.7078e-005
0.0109001
0.337618
0.429527
0.104657
0.0158495
0.0200221
0
0.0265487
0.0747455
0.173942
0.40647
0.136903
0.0436391
0.025901
0.0350939
0.0588117
0.0500314
0.104636
0.395304
0.196247
0.0657369
0.0486007
0.0351757
0.0566856
0.0463797
0.231033
0.381666
0.0802752
0.0655083
0.0555701
0
0.0530656
0.136006
0.252468
0.285235
0.109499
0.0708765
0.0292498
0
0.0330987
0.344272
0.0992738
0.386034
0.171798
0.0395063
0.0256096
0.0321099
0.0513174
0.0518041
0.102036
0.186722
0.164138
0.0494979
0.0214469
0.041145
0.0489961
0.164625
0.277966
0.202512
0.0780882
0.0144199
0.00117227
0.00537206
0.0320808
0.380171
0.408863
0.0562836
0.037763
0.00756405
0.00787789
0.0374324
0.044187
0.454311
0.10364
0.10081
0.0564537
0.138583
0.164331
0.036574
0.020394
0.0568989
0.132047
0.114154
0.0654332
0.22202
0.374405
0.0216349
0.0153215
0.101162
0.0661054
0.0926984
0.0641963
0.279411
0.379459
0.108754
0.0282441
0.0874808
0.0452773
0.0390396
0.0973094
0.427668
0.427668
0.0793295
0.0221575
0.0468141
0.0179162
0.0162803
0.0110665
0.275133
0.368378
0.0138292
0.00303036
0.0247663
0.0740338
0.0888471
0.00506288
0.294109
0.337604
0.020998
0.00367963
0.0333354
0.0252569
0.0164028
0.0238008
0.368378
0.368378
0.0289976
0.0231587
0.0496822
0.191403
0.327164
0.0717337
0.14084
0.254316
0.0436807
0.0334787
0.148504
0.144815
0.273357
0.0177665
0.0664534
0.0734631
0.00584234
0.0069591
0.0276024
0.207981
0.445977
0.0469235
0.0131405
0.000692485
0.000120346
0.0053936
0.0288796
0.241576
0.445977
0.149995
0.0212653
0.0459826
0.0103953
0.00681562
0.0715339
0.235514
0.445977
0.236862
0.0578311
0
0
0.00130109
0.0493832
0.190395
0.421132
0.0558751
0.012264
0.000208223
1.36156e-005
0.000540405
0.00856477
0.247634
0.421132
0.120893
0.00556718
2.38702e-005
0.000117572
0.00213951
0.0268649
0.204003
0.421132
0.143243
0.0353367
0.000154965
0.000294934
0.00324447
0.0173739
0.237545
0.421132
0.0833575
0.0103944
0.0062925
0.00845876
0.0136388
0.0717818
0.312697
0.447761
0.125057
0.00295814
0.000326395
0.000239615
0.00507056
0.0990109
0.447761
0.336439
0.0757503
0.0106363
0.0141457
5.99037e-005
0.0153283
0.221324
0.203414
0.213116
0.0337621
0.0218384
0.015189
0.0250107
0.0301426
0.159224
0.302023
0.0818089
0.0259816
0.0328894
0.0403613
0.016556
0.0482453
0.208802
0.385725
0.116588
0.0373683
0.0212405
0.0293238
0
0.0254538
0.249307
0.405539
0.0522577
0.0150726
0.0179491
0.0130361
0
0.0219446
0.46118
0.27504
0.0705488
0.0400896
0.0460249
0.0516704
0.00484536
0.0324531
0.165556
0.279092
0.118555
0.10798
0.086637
0.0607124
0.0338496
0.0138637
0.337349
0.287397
0.0162099
0.00304397
0.00287012
0.00092368
0.000780236
0.021633
0.455097
0.349935
0.00223508
0
0.00311039
0.00412829
0.00516421
0.0225144
0.460353
0.16781
0.0505532
0.0953601
0.0659546
0.0284289
0.0438726
0.0339206
0.312977
0.178799
0.0182048
0.0318094
0.0459462
0.0299957
0.0301251
0.046356
0.379095
0.0748281
0.0435573
0.0444052
0.125876
0.240743
0.125742
0.0356095
0.221964
0.087694
0.0318961
0.0498595
0.364867
0.349078
0.10925
0.0533119
0.138054
0.126037
0.0382489
0.0294574
0.088344
0.184833
0.153836
0.0817793
0.329717
0.13931
0.0668035
0.0460109
0.115788
0.218091
0.244517
0.193949
0.357382
0.0974994
0.068536
0.0499238
0.330279
0.27001
0.0593424
0.0385661
0.0799095
0.197504
0.380169
0.258804
0.0763401
0.0885539
0.0294263
0.0579076
0.129237
0.193627
0.0903689
0.0584399
0.0768263
0.164061
0.158931
0.14167
0.231801
0.198163
0.175989
0.213644
0.078487
0.248032
0.105832
0.151174
0.253055
0.183873
0.493207
0.282286
0.0130506
0.017385
0.0174412
0.0354517
0.0716057
0.165493
0.493207
0.222074
0.0350445
0.0323223
0.0198956
0.0159723
0.0398229
0.11154
0.211312
0.151647
0.0722671
0.228656
0.134133
0.125851
0.129599
0.0404644
0.144474
0.0439207
0.0491882
0.160966
0.123435
0.0703527
0.0416311
0.298287
0.692584
0.208828
0.0497233
0.040206
0.0307639
0.0274086
0.0302672
0.234647
0.295311
0.0620046
0.0539712
0.0419439
0.060947
0.0446804
0.0868375
0.0382968
0.0821951
0.0399658
0.0567075
0.166016
0.123213
0.0788826
0.0317371
0.0888312
0.0637487
0.027225
0.202979
0.100507
0.0700645
0.0393488
0.0646785
0.125401
0.0918461
0.0430149
0.0763496
0.0702286
0.113552
0.0559659
0.112395
0.20027
0.0853836
0.0659445
0.11581
0.20766
0.101231
0.127166
0.15469
0.270847
0.218973
0.131807
0.28321
0.193643
0.106189
0.0662348
0.125236
0.281093
0.22256
0.293265
0.192173
0.287545
0.163442
0.11547
0.149781
0.164334
0.101324
0.0743125
0.123041
0.193068
0.0392634
0.0843264
0.120623
0.212145
0.309437
0.4172
0.207223
0.150405
0.110884
0.0439226
0.194385
0.134724
0.0562643
0.113729
0.11187
0.146301
0.0928321
0.0741521
0.126345
0.292579
0.149847
0.292059
0.143917
0.082755
0.0720157
0.106784
0.179947
0.104811
0.183849
0.463277
0.166068
0.0594344
0.0913732
0.0293651
0.155122
0.088952
0.082801
0.184554
0.114069
0.0644637
0.0887118
0.0706798
0.183339
0.154871
0.167634
0.449962
0.113129
0.0366443
0.019029
0.0248723
0.0547533
0.148973
0.163821
0.337105
0.116893
0.0913291
0.108385
0.0498612
0.105516