0.131399
0.129335
0.05386
0.0608814
0.205056
0.0411018
0.149259
0.237257
0.0484312
0.231138
0.121032
0.0848862
0.187054
0.152393
0.25479
0.142834
0.0858361
0.0959157
0.201451
0.282086
0.231334
0.0698618
0.0850902
0.0823281
0.017622
0.168672
0.249105
0.388681
0.27353
0.112535
0.11338
0.140088
0.0249816
0.0621954
0.0438555
0.0328111
0.0444814
0.199218
0.227601
0.110965
0.0408364
0.0268686
0.0310988
0.0436383
0.0232604
0.134545
0.160519
0.108154
0.0445411
0.0621637
0.0497245
0.100228
0.0904781
0.277609
0.293368
0.229821
0.0561506
0.0114633
0.0114086
0.0157483
0.0250226
0.442259
0.442259
0.379006
0.0563287
0.0378884
0.0404456
0.0479384
0.0379571
0.051625
0.0716536
0.0855867
0.060242
0.0292052
0.0419464
0.0603922
0.0710345
0.0469154
0.049278
0.0534503
0.0604942
0.0347933
0.0190903
0.0178118
0.0237984
0.471751
0.540431
0.350357
0.0992723
0.0832315
0.024206
0.0324916
0.0823121
0.264332
0.33775
0.215709
0.101116
0.0812956
0.0966403
0.09129
0.197065
0.138294
0.0999534
0.116293
0.131461
0.11109
0.0924477
0.0513377
0.237649
0.165853
0.11404
0.104382
0.235151
0.273845
0.121117
0.064727
0.216663
0.219015
0.255447
0.225594
0.280128
0.24702
0.0870761
0.0386276
0.138903
0.0812121
0.179878
0.248921
0.149831
0.0465524
0.126861
0.123883
0.165304
0.0650883
0.055828
0.0849208
0.322358
0.0539863
0.231499
0.296844
0.4128
0.0799205
0.096983
0.256736
0.163567
0.0892764
0.052484
0.021056
0.0642508
0.0667183
0.14465
0.166786
0.154534
0.0872029
0.128954
0.059119
0.13915
0.150707
0.328793
0.179901
0.123153
0.088787
0.263504
0.226752
0.17534
0.0404643
0.102998
0.128061
0.15379
0.203428
0.356599
0.249106
0.116256
0.0869389
0.20134
0.178085
0.10374
0.0445076
0.165444
0.105541
0.0470636
0.101909
0.216383
0.129769
0.253501
0.129255
0.233518
0.157013
0.0422123
0.0804942
0.199472
0.219484
0.240407
0.215125
0.21227
0.143238
0.134505
0.104827
0.0778147
0.119829
0.278253
0.141948
0.120163
0.279557
0.235781
0.155506
0.229707
0.230271
0.220438
0.189393
0.140889
0.0803434
0.0731291
0.0594887
0.0775362
0.148379
0.218383
0.121568
0.100767
0.098993
0.135321
0.0444276
0.10897
0.281499
0.0279034
0.0522897
0.166891
0.262289
0.229539
0.0500361
0.0444696
0.00334007
0.0200574
0.0238773
0.0927993
0.346038
0.33681
0.0365722
0.0264001
0.032386
0.0236896
0.0404467
0.0942582
0.214465
0.236544
0.187415
0.124157
0.019073
0.00992906
0.00378546
0.0193804
0.427813
0.427813
0.14434
0.0558048
0.00820407
0.056005
0.0108088
0.0139853
0.171379
0.130964
0.0581058
0.0966671
0.135992
0.0606268
0.00159917
0.00572567
0.0484436
0.0188186
0.221743
0.379446
0.298721
0.028947
0.000965065
0.0129515
0.379446
0.379446
0.0186696
0.0396545
0.0872719
0.0555082
0.00175503
0.016465
0.191193
0.15674
0.087558
0.379446
0.27894
0.0238754
0.00265517
0.00134753
0.000873322
0.0106619
0.22799
0.345108
0.181243
0.0221652
0.0137712
0.00226084
0.00725829
0.0589852
0.27119
0.314345
0.157698
0.0354523
0.000438836
0.00233624
0.0090965
0.013264
0.137428
0.390873
0.244838
0.0296805
0
0.000139967
0.00100422
0.0453919
0.266644
0.390873
0.308662
0.0265879
0.0331191
0.00739431
0.0124687
0.0625581
0.173746
0.259422
0.114177
0.0525306
0.0676205
0.021061
0.0100628
0.0207034
0.0461445
0.150704
0.143508
0.0329872
0.0101223
0.00170895
0.00307201
0.0659201
0.300782
0.437897
0.259361
0.0915501
0.0630153
0.0263206
0.0160121
0.0522785
0.369147
0.437897
0.295634
0.0918185
0.0590106
0.0224211
0.00873099
0.0350091
0.0243211
0.0664439
0.224293
0.0822711
0.03681
0.0563911
0.0400024
0.0823064
0.0494275
0.109138
0.167581
0.145937
0.0536364
0.0448794
0.0275491
0.106143
0.349067
0.388355
0.416496
0.119656
0.0397654
0.171684
0.101917
0.213847
0.208867
0.265477
0.346478
0.0906801
0.0409012
0.119545
0.097088
0.0663332
0.0800734
0.138536
0.134207
0.23094
0.151718
0.200126
0.0794635
0.0516858
0.072777
0.102547
0.190546
0.0694136
0.0617236
0.197173
0.146206
0.135776
0.189288
0.289133
0.26069
0.217355
0.206629
0.165649
0.0575797
0.103526
0.185613
0.429573
0.21478
0.151108
0.135172
0.108306
0.0305406
0.0340027
0.0552246
0.141649
0.152673
0.153917
0.060198
0.0957043
0.051418
0.051145
0.0801149
0.175243
0.309095
0.165446
0.220921
0.115108
0.0591817
0.120486
0.142117
0.300718
0.116628
0.160443
0.158823
0.147667
0.139681
0.287124
0.2817
0.219411
0.351011
0.033317
0.0397555
0.01573
0.0904281
0.173998
0.160926
0.0546308
0.0446166
0.0099983
0.018894
0.00288257
0.387659
0.437973
0.096895
0.0196775
0.0149744
0.0859658
0.100087
0.136851
0.171679
0.164992
0.0987616
0.0581415
0.112153
0.0230172
0.0871282
0.138975
0.437973
0.437973
0.0432746
0.0088818
0.0168257
0.00154744
0.00266749
0.00419308
0.390793
0.414247
0.00599745
0.0039973
0.0112318
0.0198008
0.00417916
0.00851412
0.200275
0.232262
0.0202525
0.118851
0.077787
0.000430801
0.00876313
0.0149962
0.414247
0.414247
0.00301788
0.000722745
0
0.00871071
0.00573819
0.00422002
0.266495
0.323488
0.00103868
0.00115771
0.00707451
0.0338794
0.00477743
0.00846413
0.0261412
0.0293045
0.0805971
0.43597
0.22182
0.0452459
0.00446576
0.00748159
0.00304105
0.0173357
0.178468
0.574712
0.452897
0.0153212
0.013156
0.0234203
0.0493631
0.0447783
0.00453719
0.0242848
0.0352708
0.0324437
0.0277238
0.0394276
0.0104852
0.0173586
0.0458776
0.293852
0.160045
0.0313534
0.00205438
0.00112897
0.000156849
0.0119007
0.114908
0.412812
0.221305
0.065805
0.00693606
0.00304402
0.00319804
0.016873
0.271046
0.412812
0.246243
0.0232178
0.00755322
0.00520561
0.000876402
0.0020624
0.0523483
0.31112
0.143381
0.0530098
0.00169388
0.000475418
0.000154173
0.00138355
0.154283
0.412812
0.313797
0.0525026
0.00476817
0.00835339
0.00444561
0.0298238
0.241064
0.316879
0.166914
0.033456
0.0102663
0.0431684
0.0220606
0.08334
0.229318
0.346551
0.165479
0.0546523
0.000174234
2.70055e-005
0
0.0121006
0.173506
0.400658
0.24881
0.0478931
0.00404206
0.00101836
0.000344922
0.0656615
0.260258
0.400658
0.262773
0.0335235
0.0168027
0.035328
0.0312193
0.053888
0.142897
0.287702
0.138409
0.098645
0.0416812
0.031405
0.0636923
0.0395038
0.0822676
0.190126
0.0941668
0.0544307
0.00837983
0.00481658
0.0142541
0.0684317
0.280008
0.450382
0.252583
0.115476
0.0355732
0.0177595
0.0774172
0.0275362
0.329789
0.450382
0.265466
0.115804
0.11689
0.0518113
0.0930323
0.0840251
0.082516
0.138477
0.0540009
0.134159
0.12672
0.0516745
0.0710528
0.178086
0.209018
0.0683512
0.155313
0.125069
0.072719
0.0224996
0.0925401
0.048992
0.345764
0.467203
0.298088
0.225412
0.100481
0.054573
0.060335
0.0673033
0.211788
0.225541
0.308924
0.0865918
0.0910613
0.127918
0.173881
0.12744
0.0700854
0.070455
0.107199
0.013032
0.0395552
0.110745
0.382328
0.409286
0.0629556
0.017622
0.0021912
0.0577957
0.115077
0.0999103
0.186127
0.303237
0.106443
0.0886863
0.0867576
0.0138208
0.0316005
0.0533889
0.409286
0.409286
0.0837997
0.0256038
0.0299378
0.0001256
0.00271742
0.0108131
0.383634
0.410093
0.00815671
0.00264799
5.62187e-005
0.00496274
0.00382719
0.00208261
0.218453
0.256748
0.00396499
0.0021678
0.00281427
0
0
0.00375573
0.410093
0.410093
0.0103125
0.00612408
0.00259757
0.00567834
0.00251225
0.00132853
0.325574
0.294691
0.0109198
0.0212376
0.0133894
0.0653107
0.0648808
0.0892512
0.285868
0.283968
0.0438883
0.0534548
0.0347188
0.0593335
0.112531
0.149093
0.0885568
0.203911
0.109522
0.22521
0.104181
0.107366
0.041654
0.0563202
0.401088
0.263126
0.120304
0.157595
0.133206
0.0877043
0.0813284
0.103294
0.151781
0.165066
0.108728
0.165109
0.0914052
0.0336487
0.0315423
0.0163877
0.0143799
0.0190088
0.0457599
0.147568
0.091185
0.0854192
0.023328
0.00766315
0.00744508
0.0022504
0.137177
0.63679
0.475744
0.0276555
0.0479895
0.0152023
0.0244376
0.0323851
0.0229331
0.0522876
0.032405
0.195015
0.396469
0.0232636
0.0237814
0.0188861
0.00664843
0.0897327
0.091534
0.0294638
0.00345807
0.00118539
0.00141044
0.00272994
0.0690829
0.357268
0.192453
0.0408568
0.057261
0.0108985
0.00275463
0.0368318
0.180846
0.472894
0.233844
0.129389
0.328331
0.0100618
0.00436294
0.00274773
0.00528047
0.0521976
0.0435455
0.210376
0.472894
0.0620269
0.00631424
0.0318354
0.0872011
0.225645
0.0696657
0.0272465
0.0450526
0.0206143
0.0202146
0.0724887
0.161881
0.400527
0.146457
0.0491083
0.0364488
0.0194929
0.0311564
0.0621864
0.264876
0.359003
0.184553
0.114133
0.400527
0.14005
0.0394199
0.0893314
0.0817466
0.140572
0.0458044
0.0995518
0.400527
0.264767
0.0471499
0.0879994
0.078564
0.083166
0.0819974
0.0416929
0.0704251
0.0270854
0.0136105
0.0591878
0.296056
0.334006
0.165543
0.212993
0.102038
0.0375469
0.0156611
0.0453516
0.10832
0.201327
0.194589
0.080988
0.453553
0.292305
0.0172543
0.0801995
0.121329
0.109813
0.0771743
0.246403
0.292002
0.136352
0.0169167
0.0652381
0.0512661
0.0967995
0.222521
0.0564552
0.0666319
0.147233
0.13576
0.199056
0.0638767
0.0726429
0.116333
0.0120339
0.0527928
0.0988082
0.333884
0.396397
0.0195061
0.0222879
0.061759
0.0783237
0.135044
0.222819
0.233329
0.198374
0.0798118
0.0825443
0.178105
0.00549861
0.114282
0.137896
0.396397
0.396397
0.000684207
0.0137816
0.0723317
0.000454375
0.00495366
0.00788277
0.384919
0.402434
0.00236561
0.00492077
0.00708818
0.00377453
0.003346
0.00162043
0.227458
0.257321
0.00941647
0.0189181
0.0176818
0.00419289
0.011144
0.0126285
0.402434
0.402434
0.000301525
0.0023813
0.00851844
0.0406461
0.0459217
0.00437908
0.33226
0.303416
0.0052198
0.0109279
0.0216442
0.0147917
0.00815537
0.0124064
0.0533971
0.0420461
0.0245306
0.0287591
0.0367196
0.0815176
0.0691473
0.023986
0.0147317
0.0100883
0.0137711
0.0162373
0.0195307
0.133382
0.40651
0.0327809
0.0699005
0.0523196
0.0252133
0.0277497
0.0469477
0.409779
0.730278
0.0982587
0.00442459
0.00401514
0.0169145
0.0127793
0.0244916
0.0566197
0.147106
0.00782409
0.00275371
0.00694269
0.00377272
0.00963952
0.00700208
0.130146
0.494649
0.0301866
0.00312556
0.00450514
0.0016502
0.0118132
0.0119246
0.226241
0.494649
0.0631171
0.000599148
0.00216371
0.00142305
0.00348188
0.0151467
0.258034
0.494649
0.22192
0.0410432
0.00965798
0.00210754
0.00231841
0.028235
0.136911
0.41212
0.0405483
0.003284
0.000574092
0.000266388
0.00316241
0.00808717
0.18493
0.41212
0.12773
0.00963865
0.00447874
0.00367425
0.00170937
0.0375713
0.153691
0.41212
0.208549
0.0314859
0.0176164
0.0287365
0.00206595
0.0148325
0.17966
0.41212
0.308247
0.0405847
0.0367302
0.0671553
0.0214205
0.0508464
0.119812
0.402925
0.235704
0.0158914
0.0179197
0.0110136
0.00677355
0.0302714
0.07507
0.402925
0.299491
0.0151614
0.0212433
0.0241651
0.0130848
0.0461678
0.091437
0.402925
0.282882
0.0527754
0.0725209
0.0542457
0.0482137
0.0583599
0.0300267
0.362248
0.187483
0.0725104
0.0663322
0.10916
0.0666912
0.0648405
0.105965
0.561588
0.325706
0.0301157
0.0328918
0.0409636
0.0136477
0.129464
0.168016
0.213011
0.131486
0.0656622
0.0679572
0.0467914
0.0132588
0.251698
0.0818353
0.311982
0.145636
0.12094
0.0478219
0.103696
0.056379
0.154091
0.162212
0.0648418
0.100771
0.114919
0.118692
0.099295
0.0291717
0.259381
0.0695709
0.0880994
0.0669382
0.186588
0.19647
0.0857007
0.0445567
0.0822419
0.00283733
0.0288754
0.0337655
0.388877
0.388877
0.037196
0.020291
0.0470235
0.173079
0.108749
0.0473177
0.179089
0.258807
0.169415
0.0872981
0.162945
0.0879958
0.0105152
0.00296619
0.388877
0.388877
0.109846
0.0675913
0.116466
0.00995718
0.0193991
0.00925841
0.382279
0.382279
0.0289463
0.00165676
0.0215479
0.0983015
0.269359
0.0184368
0.208942
0.214342
0.0349256
0.00412448
0.0287329
0.0563334
0.0724537
0.0137751
0.264859
0.368661
0.0550011
0.00836821
0.108043
0.226877
0.382279
0.132853
0.0559978
0.144525
0.0514287
0.00427111
0.14963
0.100891
0.407203
0.0359598
0.0154747
0.0128391
0.00737697
0.00397224
0.00713816
0.167526
0.429371
0.0754965
0.000212095
0.000173383
0.00229951
0.00109843
0.00641627
0.168906
0.429371
0.211303
0.00457399
0.00580519
0.00602221
0.00269119
0.0237203
0.211395
0.429371
0.268712
0.0427801
0.00298325
0
0.00477065
0.0149891
0.172146
0.419868
0.132287
1.97427e-005
0
2.41206e-005
0.00312565
0.0106569
0.145963
0.419868
0.270933
0.0595574
0.0339689
0.00954592
0.0433245
0.0171851
0.183333
0.419868
0.183204
0.0903802
0.00872884
0
0.0214367
0.0145852
0.145985
0.344806
0.141354
0.083876
0.0622643
0.05298
0.1676
0.0506909
0.109244
0.413907
0.22836
0.0881096
0.0980813
0.0753415
0.0428798
0.0243856
0.209993
0.413907
0.173341
0.0879928
0.134642
0.175581
0.126002
0.0613898
0.100227
0.130757
0.085979
0.128937
0.132719
0.0938983
0.153705
0.0937803
0.199234
0.0989304
0.115937
0.189542
0.254189
0.15969
0.205635
0.187284
0.135807
0.368484
0.165182
0.160777
0.151875
0.121441
0.163837
0.0882853
0.0500074
0.233626
0.136757
0.250135
0.129544
0.134426
0.100581
0.0879269
0.178222
0.0973447
0.113582
0.184274
0.273236
0.126265
0.265441
0.155017
0.195971
0.0677756
0.163425
0.251171
0.15645
0.0636625
0.122499
0.176799
0.14979
0.127602
0.0818994
0.196183
0.106783
0.0726196
0.059187
0.133914
0.184536
0.0377858
0.0682094
0.141599
0.209685
0.102661
0.0789675
0.253922
0.300657
0.043557
0.0885849
0.205837
0.192059
0.0532823
0.0545956
0.256342
0.303162
0.0222488
0.0532191
0.289818
0.267681
0.0958608
0.143265
0.328873
0.134645
0.0682915
0.057324
0.182309
0.234187
0.228784
0.0976899
0.151659
0.0832502
0.0642127
0.0167047
0.272098
0.326776
0.152648
0.139214
0.131257
0.0730327
0.0506476
0.0641877
0.211055
0.246066
0.216062
0.142817
0.175541
0.0984322
0.14006
0.0550762
0.141788
0.274736
0.269341
0.233397
0.204651
0.0642352
0.199396
0.0982363
0.0903651
0.161112
0.0392048
0.0436957
0.0805667
0.182229
0.389322
0.31421
0.00621885
0.0209215
0.00761947
0.00553772
0.0868825
0.155535
0.316953
0.177049
0.065369
0.120145
0.0847281
0.0795015
0.146479
0.257836
0.389322
0.334227
0.0577696
0.046613
0.0149329
0.0275923
0.162227
0.151744
0.425856
0.322264
0.0160965
0.00625147
0.00683609
0.0212353
0.0422567
0.150826
0.425856
0.320671
0.121035
0.015105
0.00900208
0.0407547
0.0572945
0.156715
0.274519
0.212659
0.0985669
0.0429128
0.0137172
0.084348
0.12656
0.0749075
0.101091
0.169396
0.185387
0.0782996
0.0481495
0.170009
0.15476
0.206163
0.40884
0.217035
0.272252
0.0454493
0.0062219
0.0405024
0.0640954
0.180942
0.122175
0.0439477
0.227239
0.154865
0.109192
0.179621
0.11073
0.154811
0.0936601
0.139721
0.201223
0.196703
0.129639
0.110355
0.200818
0.158416
0.0571118
0.0344728
0.202231
0.309624
0.187556
0.0805124
0.144348
0.117111
0.0342107
0.0362618
0.124912
0.192007
0.181511
0.212611
0.173376
0.177854
0.0965319
0.0935332
0.16189
0.242427
0.249001
0.311613
0.22738
0.0877563
0.0227702
0.0208117
0.124018
0.215301
0.202742
0.145327
0.121905
0.213806
0.046993
0.0374685
0.144056
0.193179
0.282969
0.279575
0.102682
0.194183
0.0739954
0.102847
0.119567
0.154372
0.0966852
0.150307
0.0891548
0.261114
0.0610471
0.218798
0.176298
0.131032
0.0861045
0.0667222
0.148029
0.216335
0.127418
0.117411
0.168905
0.119385
0.171155
0.168368
0.0936261
0.249244
0.275375
0.311246
0.220047
0.146474
0.208052
0.213731
0.202951
0.125989
0.0394172
0.167432
0.171942
0.140852
0.0645021
0.0887054
0.199383
0.139082
0.0594719
0.0911263
0.228838
0.133812
0.0375747
0.111163
0.170461
0.134381
0.159901
0.272562
0.297519
0.150803
0.150513
0.278858
0.273497
0.0938401
0.0987609
0.186919
0.36554
0.158176
0.0589037
0.127633
0.157244