0.110867
0.0336576
0.064391
0.0462066
0.0935046
0.0499464
0.101838
0.0907518
0.0991783
0.239459
0.288423
0.121318
0.0492117
0.0448448
0.0447448
0.0891033
0.117777
0.0218551
0.0836679
0.0674903
0.12718
0.0604706
0.0968276
0.066313
0.0398073
0.131107
0.459582
0.57958
0.163589
0.0865393
0.0657505
0.0342373
0.0576756
0.208339
0.169416
0.0521484
0.00589548
0.0105504
0.070024
0.0920075
0.117581
0.0774635
0.0579739
0.0176936
0.0185063
0.195928
0.334055
0.186244
0.0632831
0.10282
0.26912
0.327054
0.0693823
0.0106899
0.0396768
0.0649285
0.133377
0.0535111
0.115224
0.0974157
0.0577526
0.234799
0.490711
0.287284
0.0463549
0.00587742
0.00493383
0.0314642
0.0416529
0.136591
0.219546
0.061276
0.0148738
0.0156339
0.0134755
0.0360365
0.0550285
0.0468674
0.17412
0.0488661
0.0290193
0.00470608
0.00795099
0.00873015
0.0180335
0.228724
0.576663
0.136419
0.00690622
0.000849471
0.00102205
0.0119794
0.0275911
0.268488
0.580113
0.11421
0.0298239
0.0359389
0.0272618
0.0443339
0.0707921
0.0354478
0.123669
0.0757698
0.0349323
0.0449202
0.0578522
0.0653162
0.0740751
0.0464021
0.0569533
0.0593218
0.0365687
0.011208
0.00440774
0.0427707
0.0536939
0.367754
0.715935
0.237334
0.0599042
0.0989049
0.0267149
0.0409823
0.0648604
0.145925
0.206805
0.202935
0.0286652
0.0499673
0.0440159
0.0506221
0.0823006
0.149533
0.0730022
0.0756651
0.0654368
0.0446738
0.0413247
0.0644123
0.101044
0.212735
0.158939
0.201816
0.0618044
0.208202
0.0869711
0.105315
0.0865355
0.108918
0.0815783
0.12023
0.3368
0.239992
0.151174
0.160763
0.134784
0.101962
0.222825
0.5331
0.0529484
0.0810235
0.0807828
0.0627716
0.0306263
0.0468967
0.055067
0.0798684
0.109869
0.200766
0.277316
0.245855
0.0281329
0.0186464
0.0565492
0.0664825
0.22168
0.195241
0.13817
0.105675
0.05587
0.0224013
0.109799
0.294025
0.209792
0.326031
0.259077
0.415292
0.130151
0.0263656
0.0698637
0.208101
0.190643
0.193837
0.150247
0.126223
0.0439562
0.00926909
0.0624638
0.116342
0.356007
0.25631
0.0780246
0.0300894
0.0760639
0.0551339
0.214051
0.305109
0.203261
0.160137
0.109679
0.202826
0.0970008
0.0422093
0.0824249
0.168763
0.338468
0.11762
0.0442248
0.0524802
0.14269
0.114722
0.125399
0.30447
0.0717914
0.0220883
0.0281982
0.0411832
0.0263551
0.0180825
0.0363576
0.0458127
0.0262757
0.0198194
0.172546
0.335727
0.0885305
0.027158
0.0123662
0.0177321
0.265849
0.242521
0.068928
0.202867
0.101221
0.139177
0.179596
0.32333
0.162727
0.0549983
0.152806
0.437491
0.271512
0.176585
0.166358
0.225082
0.0136354
0.0105252
0.134266
0.302647
0.0878754
0.00380561
0.00198901
0.0076279
0.0761211
0.0341414
0.126311
0.197815
0.0831954
0.0537319
0.191933
0.159944
0.0055568
0.00237443
0.0985565
0.467308
0.214207
0.0256331
0.0216711
0.0127252
0.0276469
0.0188874
0.0985633
0.56361
0.264007
0.0279138
0.124751
0.0510496
0.0281773
0.00970177
0.0286484
0.0250072
0.00862669
0.0963253
0.386605
0.107994
0.00220868
0
0
0.0008454
0.00278788
0.216646
0.518963
0.0681376
0.0129291
0.00749394
0.0291956
0.111531
0.0572525
0.0679282
0.363648
0.0464325
0.00489955
0
0.00102016
0.000967443
0.0015712
0.164355
0.518963
0.0536883
0.0161509
0.000948523
0
0.00322676
0.00663454
0.20307
0.363354
0.0903692
0.0623153
0.0572121
0.00362279
0.00276288
0.0276552
0.132467
0.146405
0.135915
0.0238608
0
0
0
0.00557546
0.196436
0.538329
0.0975019
0.0789069
0.0309243
0.000714121
0.000544748
0.066632
0.287374
0.486784
0.173469
0.0570889
0.107783
0.0220859
0.036948
0.0597064
0.118626
0.0349323
0.0846258
0.10601
0.0754442
0.0447597
0.0605894
0.127076
0.102325
0.0871086
0.158538
0.0631492
0.0480884
0.00151832
0.0054901
0.133831
0.466383
0.369096
0.143929
0.0367074
0.0367364
0.015571
0.0350079
0.290104
0.438904
0.329468
0.14757
0.11686
0.0685709
0.0640591
0.0400006
0.0651386
0.0234788
0.0992382
0.199177
0.0932923
0.0867508
0.101772
0.156427
0.0992004
0.0254786
0.0983242
0.230713
0.0760968
0.100541
0.122751
0.0547559
0.227005
0.231977
0.266501
0.280383
0.0952007
0.134053
0.290874
0.195447
0.217354
0.232053
0.268154
0.352326
0.116415
0.113533
0.113198
0.196867
0.10756
0.0369831
0.0511794
0.174059
0.183327
0.108846
0.0793232
0.0891046
0.0662863
0.102974
0.098264
0.206225
0.124205
0.242462
0.419654
0.224476
0.128702
0.0772317
0.090523
0.171542
0.271835
0.248757
0.303701
0.0948546
0.0325875
0.15046
0.0714573
0.200957
0.101573
0.111532
0.040836
0.140344
0.077849
0.153203
0.140785
0.257919
0.0516901
0.0193439
0.0274679
0.191091
0.252446
0.253038
0.162854
0.222278
0.157738
0.0568723
0.0166049
0.0473679
0.0679019
0.133282
0.214362
0.282075
0.0304667
0.00778141
0.0550562
0.342353
0.223526
0.257135
0.281877
0.232031
0.000973988
0
0.0202989
0.31216
0.220122
0.0662305
0.0315827
0.0322805
0.000119516
0.00135056
0.007239
0.407981
0.200611
0.00837457
0.0158588
0.00329662
0
0
0.0518457
0.490409
0.234483
0.0699111
0.0555493
0.0392746
0.000388638
0.000745102
0.00759298
0.490409
0.208357
0.00853575
0.00198257
0.00297448
0.00204787
0.00337335
0.0103499
0.232491
0.140207
0.028441
0.201544
0.0306869
0.00993429
0.0042541
0.00777115
0.00856267
0.00603937
0.118906
0.822323
0.0801302
0.00759432
0.0072033
0.00589411
0.253278
0.144121
0.0188285
0.0190113
0.0166702
0.0219832
0.0147813
0.0116934
0.0118585
0.0327714
0.0355459
0.11745
0.0404087
0.00625613
0.00265552
0.00231506
0.00134446
0.00163182
0.104567
0.486035
0.0482113
0.0109172
0.000895854
0.000439032
0.000231487
0.0184374
0.228531
0.539449
0.0717307
0.00636011
0.00790314
0.00519196
0.00463217
0.00918551
0.0489886
0.178933
0.0256088
0.00194868
0.00390207
0.00377649
0.00393416
0.00628397
0.134197
0.539449
0.0631634
0.00483423
0
0
9.60811e-005
0.0295063
0.211136
0.387481
0.0574277
0.00224305
0.00506932
0.00194974
0.0120826
0.0874298
0.238616
0.284172
0.0947517
0
0.000323396
0.00131944
0.00133668
0.00256975
0.126055
0.502604
0.0715303
0.000179303
4.19557e-005
3.51058e-005
0.00230609
0.00713006
0.248398
0.502604
0.0947117
0.0326206
0.0292886
0.0490089
0.0390938
0.108264
0.227622
0.221238
0.193373
0.10957
0.0480995
0.147812
0.139579
0.146374
0.17145
0.160445
0.211954
0.0183609
0
0.0014172
0.00843806
0.0104434
0.287258
0.498268
0.1145
0.077056
0.00623737
0.0143686
0.0608414
0.048664
0.21449
0.424334
0.171987
0.130494
0.160385
0.189084
0.142347
0.117471
0.0334537
0.0405778
0.0757077
0.261159
0.232795
0.177214
0.154017
0.100107
0.091338
0.0211709
0.147725
0.231998
0.102066
0.0453018
0.123965
0.119233
0.106858
0.19034
0.103173
0.505546
0.219606
0.137743
0.255423
0.178248
0.0885596
0.0491895
0.135412
0.105146
0.0866331
0.0235091
0.0322857
0.0645612
0.0997815
0.159306
0.122061
0.014931
0.019502
0.0460092
0.239983
0.113793
0.167706
0.18578
0.0754834
0.0841485
0.103778
0.0713197
0.0693099
0.220926
0.281559
0.227474
0.191073
0.0243958
0.0165111
0.0135745
0.347873
0.433465
0.388322
0.177336
0.0684644
0
0
0.0423709
0.437883
0.127566
0.0412605
0.033557
0.00957803
0.000704342
0.000639558
0.00603385
0.397026
0.121152
0.0066548
0.000747526
0.000939358
0.00304513
0
0.0121203
0.482799
0.323518
0.0775378
0.0162783
0.00187855
0.00485642
0.00391349
0.00849451
0.450822
0.140083
0.00270513
0.00023849
0.00183168
0.0331149
0.023553
0.0455547
0.533631
0.254268
0.0502761
0.0259415
0.0268987
0.0605589
0.0470047
0.0461001
0.02405
0.0824347
0.058218
0.0520076
0.0520356
0.0705341
0.038873
0.0725234
0.545224
0.245257
0.0404973
0.008355
0.0458471
0.102113
0.0870783
0.068225
0.0287391
0.102244
0.0918983
0.026507
0.0653494
0.0273888
0.043296
0.0229104
0.0256728
0.0697184
0.0776109
0.108066
0.0456579
0.0219016
0.0372893
0.0388607
0.0471774
0.0719854
0.155307
0.793436
0.173735
0.0593398
0.0920499
0.0443563
0.0208202
0.0779238
0.0539115
0.0414901
0.0361915
0.0921532
0.106228
0.0609504
0.0549998
0.0652177
0.0807125
0.0990826
0.0549207
0.00399842
0.00571125
0.00581844
0.00466689
0.00745298
0.101711
0.382935
0.0484982
0.00397168
0.00230233
0.000620751
0
0.00366897
0.253792
0.689901
0.0766317
0.0586278
0.0573898
0.00666992
0.00547984
0.00751409
0.0347452
0.0584142
0.0157295
0.209249
0.220416
0.0162604
0
0.0050564
0.083356
0.329488
0.0807797
0.00366748
5.74635e-005
0
0
0.0156863
0.211589
0.525677
0.0784735
0.0171086
0
0.000502618
0.0059596
0.0488733
0.278134
0.403918
0.143747
0.219806
0.145713
0.0564281
0.0190237
0.0478332
0.148995
0.268002
0.0816206
0.163738
0.0708823
0.0757921
0.0788102
0.157682
0.236541
0.209544
0.0855581
0.12044
0.012039
0.00174828
0.0279958
0.0699204
0.297455
0.358771
0.115002
0.260055
0.0535765
0.0512912
0.121379
0.175266
0.179174
0.195092
0.0926942
0.0915208
0.117406
0.0499636
0.066345
0.0960083
0.223889
0.355581
0.0858529
0.0773362
0.188047
0.11615
0.128964
0.11322
0.204087
0.347186
0.100965
0.0733978
0.0747006
0.0456398
0.0656682
0.239952
0.215113
0.179255
0.168929
0.0422712
0.031259
0.056168
0.389464
0.431233
0.206903
0.136362
0.0892403
0.142533
0.0986162
0.0407992
0.076936
0.177115
0.0835144
0.0655038
0.170277
0.0898451
0.0843565
0.120141
0.382757
0.240243
0.0454143
0.0573291
0.118675
0.00665461
0.0107231
0.0246162
0.500349
0.297311
0.027918
0.0136869
0.0111379
0.00792679
0.00591381
0.00462291
0.35248
0.122434
0.00213881
0.00309887
0.00241505
0.0114571
0.0235246
0.0487572
0.500349
0.231522
0.00215727
0.00913428
0.0195278
0.0153879
0.0215778
0.00252523
0.363
0.17437
0.00583315
0.0124614
0.0081022
0.0310291
0.0171797
0.0129705
0.144091
0.0720821
0.0147212
0.0109882
0.0149692
0.0642255
0.0391598
0.023742
0.0114658
0.0371347
0.0231663
0.00544958
0.0176044
0.145966
0.1817
0.00645079
0.119618
0.0774427
0.0201098
0.0335951
0.043207
0.532482
0.707067
0.0416946
0.0113945
0.0187969
0.00790686
0.0119469
0.0223043
0.0423134
0.0528659
0.0167913
0.00491364
0.00608689
0.00325353
0.00295808
0.00566492
0.149257
0.165179
0.02037
0.00702275
0.00148362
0.00405017
0.00851088
0.0096801
0.258658
0.486827
0.0210087
0.00446293
0.00202612
0.000274488
0
0.0037148
0.493059
0.581772
0.0288684
0.00853987
0.00524772
0
0.000196986
0.0243826
0.14547
0.184971
0.0141227
0.00149395
0.000450994
0.00408192
0.00510577
0.00884155
0.236384
0.355966
0.0297074
0
0.00055386
0.00459044
0.0109841
0.0278738
0.376
0.405064
0.0312912
0.00634972
0.00611592
0
0.0019696
0.0362401
0.397614
0.482313
0.0508342
0.00285201
0.0178735
0.00991332
0.0209249
0.0985824
0.313181
0.31052
0.0653576
0.0219101
0.0140161
0.026492
0.0196916
0.0321072
0.350511
0.204957
0.0859983
0.0743492
0.0642416
0.0499972
0.0211581
0.0342179
0.291315
0.356764
0.0682872
0.0471179
0.0702044
0.0727025
0.0552952
0.0760242
0.355795
0.263776
0.103972
0.169774
0.181017
0.167364
0.134102
0.0602327
0.251814
0.264395
0.111533
0.073134
0.0745915
0.052009
0.0687166
0.0674311
0.170977
0.294633
0.193678
0.118608
0.0806018
0.0852439
0.114616
0.0819417
0.283931
0.1641
0.174837
0.206065
0.289133
0.133532
0.0846286
0.0948262
0.201578
0.107337
0.224626
0.262969
0.257909
0.0846996
0.0624581
0.0710029
0.155544
0.119672
0.0501696
0.0882755
0.125827
0.0972561
0.0817992
0.118015
0.0867706
0.0768959
0.0779327
0.438946
0.261123
0.0193541
0.0258379
0.04416
0.104203
0.100077
0.116017
0.132634
0.169457
0.211855
0.151718
0.113765
0.0410963
0.031274
0.0496157
0.468649
0.40125
0.0989026
0.0765347
0.0335297
0.0249828
0.0117609
0.0177506
0.403549
0.221435
0.0258469
0.00869731
0.0119576
0.128928
0.175249
0.00319291
0.233599
0.157123
0.0355693
0.026367
0.027739
0.126756
0.0329174
0.00599028
0.262479
0.212589
0.0578858
0.0229887
0.0488879
0.453712
0.48884
0.00346005
0.0720075
0.0760343
0.0620187
0.0295326
0.0677988
0.143465
0.230743
0.00267386
0.0161708
0.0137231
0.00500834
0.00889167
0.0217529
0.256036
0.400759
0.0199374
0.00052713
0.000620626
0.000593488
0.00393843
0.0181486
0.317905
0.473371
0.00678679
0.0114471
0.00590111
0.0131394
0.012748
0.0217694
0.29736
0.473371
0.0945524
0.0552846
0.0103729
0.00618802
0.00865601
0.0239749
0.215505
0.366417
0.0158272
0.0020421
7.86295e-005
3.36984e-005
0.000583231
0.0104355
0.270762
0.384618
0.0343352
0.00961534
0.0193147
0.0213053
0.00855877
0.0347677
0.200178
0.38
0.104865
0.0645387
0.0124755
0.00186778
0.0512434
0.0393188
0.374023
0.408939
0.0829601
0.0466399
0.043647
0.0614212
0.133252
0.0772054
0.255108
0.263206
0.0627129
0.00953993
0.0257081
0.0463745
0.010545
0.0588426
0.286464
0.238097
0.0536236
0.0209217
0.0330977
0.0690465
0.0553854
0.16558
0.343242
0.401405
0.133858
0.0380154
0.0720649
0.0925879
0.0539251
0.109042
0.226641
0.313783
0.20384
0.142357
0.184553
0.119848
0.0600285
0.203156
0.147248
0.159558
0.0872346
0.0783147
0.0901596
0.146453
0.119716
0.122825
0.139943
0.111595
0.192497
0.137425
0.13764
0.217653
0.225509
0.0917163
0.093334
0.222008
0.259487
0.206514
0.148436
0.173797
0.108546
0.124246
0.154553
0.13856
0.265285
0.102234
0.0812454
0.316608
0.296983
0.207431
0.0913025
0.0279814
0.144941
0.0989307
0.18174
0.150395
0.105417
0.0761079
0.0598847
0.00553597
0.0987868
0.149329
0.226262
0.138644
0.0671284
0.0290641
0.268957
0.0233807
0.0917975
0.0511143
0.117245
0.27858
0.227325
0.342861
0.32422
0.00724345
0.08542
0.0849639
0.245448
0.173596
0.249113
0.314192
0.122274
0.0948547
0.122617
0.199269
0.210806
0.16651
0.128559
0.15289
0.116525
0.0640433
0.0509836
0.280534
0.31218
0.132187
0.0963585
0.0961663
0.248388
0.0992049
0.105543
0.185018
0.120572
0.155147
0.136531
0.288263
0.228636
0.151611
0.101609
0.192786
0.132189
0.246761
0.167462
0.181435
0.209355
0.101759
0.0138412
0.0816032
0.0895308
0.0288911
0.0269221
0.0508779
0.482453
0.404258
0.0182023
0.0245315
0.0335068
0.0180797
0.0298467
0.0517532
0.224008
0.199309
0.0714805
0.092509
0.10452
0.0620323
0.0478362
0.0704299
0.363279
0.339183
0.0663424
0.169422
0.186385
0.0364716
0.169759
0.0719525
0.332336
0.396744
0.0208963
0.0817656
0.0451552
0.0330432
0.0564703
0.0327524
0.162842
0.299681
0.117764
0.202142
0.0890312
0.0703993
0.0595846
0.0278563
0.191181
0.250567
0.0641352
0.250193
0.147808
0.0701511
0.193042
0.0894396
0.0563203
0.100001
0.0833896
0.278285
0.24913
0.196082
0.125463
0.165977
0.0817426
0.182842
0.132881
0.157026
0.0930941
0.0661953
0.0734186
0.0341411
0.290595
0.296024
0.107253
0.095424
0.0690596
0.148815
0.136865
0.158358
0.0816228
0.0242459
0.0493535
0.111994
0.222899
0.239174
0.118142
0.109175
0.279519
0.0778334
0.0883746
0.246005
0.14945
0.271429
0.152282
0.396529
0.239198
0.300549
0.0628469
0.0413949
0.0408083
0.108592
0.0741246
0.189448
0.160342
0.224431
0.153765
0.114043
0.159212
0.10512
0.0809091
0.14423
0.135884
0.0987383
0.0405818
0.132888
0.0704699
0.232609
0.237769
0.375729
0.124031
0.181654
0.122722
0.139265
0.12966
0.178355
0.241634
0.277248
0.101618
0.141173
0.225466
0.224836
0.126857
0.151486
0.0844968
0.0831415
0.162278
0.0993947
0.142238
0.167139
0.086459
0.231995
0.237783
0.149766
0.133923
0.156498
0.168473
0.327177
0.119207
0.14729
0.0921033
0.192806
0.0931213
0.0939414
0.1692
0.263452
0.118046
0.158558
0.318469
0.124106
0.14629
0.0133391
0.0394946
0.0614954
0.0671838
0.158085
0.233654
0.22933
0.174484
0.0128191
0.161515
0.0931026
0.107749
0.0676857
0.252077
0.275859
0.0445275
0.0433279
0.0876965
0.0663297
0.113517
0.148062
0.396956
0.215249
0.0849078
0.151765
0.226614
0.220394
0.108853
0.0990973
0.25963
0.298649