0.0689879
0.0438097
0.0555235
0.0504922
0.0442152
0.0405479
0.0492192
0.0559221
0.120667
0.361634
0.258355
0.133862
0.0426107
0.00786636
0.0591918
0.159109
0.100976
0.0860466
0.149678
0.277751
0.0800476
0.0348558
0.0193364
0.0728007
0.0647072
0.222275
0.372474
0.544402
0.164538
0.0033972
0.047354
0.125149
0.0975953
0.194072
0.106033
0.0414539
0.031265
0.0134493
0.161349
0.25717
0.0353203
0.0424911
0.0181207
0.00304208
0.014461
0.0581902
0.409462
0.270133
0.0473692
0.107775
0.123504
0.222715
0.0481905
0.00605745
0.223802
0.217967
0.0453299
0.0152027
0.00505312
0.00558112
0.00116276
0.0699721
0.496296
0.343031
0.0534481
0.0792697
0.0128338
0.00203666
0.00351043
0.0743563
0.241734
0.233326
0.240886
0.140055
0.0570583
0.0381372
0.0521619
0.037993
0.0257516
0.215267
0.0619755
0.044758
0.0106033
0
0
0.0741167
0.580414
0.332696
0.195134
0.0677624
0.0218565
0.00587808
0.0321534
0.0323321
0.347401
0.237887
0.296319
0.181327
0.166952
0.22143
0.249463
0.0267407
0.0620109
0.130228
0.114453
0.0535365
0.108267
0.257838
0.300516
0.0109685
0.101082
0.110426
0.294199
0.0604545
0.0551583
0.0999293
0.166491
0.0729011
0.155846
0.171219
0.192717
0.0327051
0.0784175
0.313335
0.254566
0.0439388
0.0639972
0.124641
0.150306
0.0460706
0.041781
0.1569
0.200427
0.00969527
0.0428351
0.17153
0.17612
0.148397
0.0915445
0.104345
0.106923
0.0458499
0.110896
0.108637
0.216398
0.0635406
0.0663728
0.25819
0.284384
0.0068896
0.0394224
0.229107
0.29771
0.248939
0.334234
0.167684
0.178676
0.0431758
0.0860675
0.235951
0.136554
0.109121
0.107295
0.108203
0.0792503
0.0784298
0.181517
0.0994648
0.108672
0.0265189
0.0816311
0.164955
0.328817
0.297136
0.115048
0.0953506
0.221876
0.155125
0.304457
0.166138
0.138636
0.112956
0.1558
0.140404
0.159678
0.0305612
0.0432553
0.142534
0.265115
0.18486
0.153469
0.125712
0.128258
0.0276246
0.104528
0.0803669
0.190898
0.143203
0.0252556
0.0710689
0.209436
0.156872
0.217009
0.100105
0.16944
0.23149
0.0761598
0.151328
0.0664642
0.0141243
0.0337041
0.0374987
0.101261
0.095289
0.0414714
0.0515701
0.0770731
0.0841987
0.0889083
0.0650116
0.19363
0.680706
0.165013
0.0446481
0.0368369
0.0940757
0.120352
0.19608
0.074796
0.0165548
0.000435226
0.0280557
0.015456
0.0177146
0.102581
0.499074
0.26442
0.00595224
0.00332408
0.0226104
0.0239218
0.0885754
0.116603
0.187743
0.156069
0.0227052
0.0169572
0.0389305
0.0111365
0.0275736
0.0598188
0.499074
0.460752
0.0112461
0
0.0200022
0.0294257
0.00744901
0.0398544
0.307247
0.15318
0.00661427
0.0669168
0.0784265
0.0542003
0.00261711
0.0152466
0.0604686
0.0314511
0.0762122
0.466275
0.239219
0.00988684
0
0.0260738
0.498528
0.324327
0.00709211
0.0202639
0.0286619
0.0201848
0.00128276
0.0333552
0.222695
0.13801
0.0657638
0.277064
0.147237
0.01686
0.00103201
0.00258721
0.00288461
0.00110173
0.0623637
0.457635
0.158823
0.0204838
0.00351913
0.00238846
0.00105614
0.00627689
0.0514405
0.478153
0.165522
0.00712295
0.000864852
0.00744053
0.0128065
0.00990583
0.0991547
0.347362
0.150785
0.0136206
0.000153687
0.00048754
0.000411286
0.000411286
0.140067
0.478153
0.229621
0.0448844
0.00595326
0.00413991
0.0117506
0.0198461
0.0394407
0.316609
0.133686
0.0545807
0.0112832
0.011076
0.0501846
0.0447772
0.0173468
0.124362
0.0950071
0.019387
0.00306584
0.00185074
0.000238225
0.000159402
0.0963656
0.574809
0.230399
0.0179997
0.00887053
0.00513163
0.00218607
0.00730176
0.0817074
0.574809
0.240414
0.0819482
0.0341676
0.0267085
0.0747735
0.0829098
0.0106297
0.0385556
0.112422
0.120202
0.0524844
0.104461
0.0614122
0.0494676
0.0402556
0.0122553
0.100386
0.0326603
0.0296671
0.00542022
0.00876179
0.0205493
0.0956591
0.80643
0.249293
0.0478332
0.0429415
0.0141813
0.0368855
0.0343838
0.0534123
0.281459
0.135058
0.262417
0.0749855
0.235659
0.153329
0.152
0.152302
0.0651427
0.167667
0.256296
0.0862065
0.0669961
0.140393
0.267738
0.107267
0.0937407
0.12804
0.0996154
0.110531
0.0878383
0.155069
0.146855
0.105311
0.162761
0.184851
0.120994
0.14529
0.13249
0.18457
0.139502
0.0497748
0.102017
0.160935
0.0594553
0.0335934
0.0504289
0.0669236
0.0862912
0.0430961
0.0318174
0.0261733
0.118168
0.10813
0.0553914
0.205861
0.257071
0.567986
0.181206
0.11318
0.0525027
0.0529991
0.0599155
0.0735652
0.059216
0.0218514
0.0301144
0.0591106
0.150448
0.0694708
0.0473282
0.297409
0.407888
0.0140101
0.0476506
0.14395
0.0273862
0.0451205
0.105855
0.227909
0.0940534
0.0158317
0.0177318
0.0240637
0.0147551
0.0251771
0.059268
0.534102
0.251104
0.00586071
0
0.00608328
0.16015
0.0320465
0.149349
0.349267
0.0719404
0.0218273
0.0438846
0.11876
0.0512293
0.0104163
0.0774247
0.534102
0.177102
0.00784865
0.00596383
0.0228222
0
0
0.0133895
0.528673
0.258187
0.00497999
0.00156844
0.0011994
0.00630378
0.00272344
0.0145971
0.24014
0.142915
0.0198236
0.0489696
0.0309531
0.000753569
0.00147011
0.00995478
0.580727
0.256279
0.00285705
0.000672301
0.00130947
0.00839011
0.00965601
0.00580661
0.289823
0.163921
0.0111398
0.00690868
0.00584873
0.0151756
0.00652369
0.0161772
0.0321692
0.0298599
0.098613
0.249163
0.146414
0.0204052
0.00530891
0.00427773
0.00823426
0.0100332
0.246531
0.783785
0.31164
0.0231915
0.0138877
0.0150436
0.0401798
0.0447116
0.0205711
0.0190072
0.023389
0.028615
0.0216328
0.00724417
0.0205831
0.0328603
0.0578603
0.159196
0.0805626
0.01204
0.00286969
0.00135149
0.00222733
0.00242073
0.0959613
0.452331
0.141217
0.0232564
0.00269881
0.00202724
0.000378638
0.00104815
0.108548
0.55192
0.202058
0.0158618
0.0104006
0.00263162
0.00689351
0.00870445
0.0490276
0.193245
0.0687406
0.0271185
0.00506929
0.0032061
0.00236146
0.00245011
0.130549
0.505684
0.188055
0.0120159
0.00218898
0.000224872
0.000858518
0.00168624
0.0585243
0.451949
0.119772
0.0109592
0.0116248
0.0037297
0.00475655
0.00482365
0.041568
0.383795
0.128694
0.0163042
0.00316038
0.000372963
0
0.000334324
0.100089
0.480098
0.148414
0.0196133
0.0074983
0.000959493
0
0.000112732
0.0967212
0.492223
0.220008
0.00804902
0.0164396
0.010565
0.00848303
0.0114375
0.0282015
0.228117
0.091768
0.0158769
0.0218036
0.0161972
0.0140915
0.0169681
0.0199163
0.109057
0.0439509
0.0196608
0.00768324
0.00287707
0.00036325
0.00300849
0.0940065
0.603414
0.244736
0.0429897
0.0125732
0.00387978
0.00218541
0.0161928
0.0956679
0.603414
0.232624
0.0344202
0.0312434
0.0221853
0.0321632
0.0382825
0.0512208
0.0780458
0.0499459
0.0774277
0.0195428
0.0130495
0.120753
0.15901
0.0263363
0.0335488
0.0781263
0.0936802
0.0160838
0.00375799
0.0154638
0.0520756
0.179229
0.745663
0.27904
0.233917
0.0294712
0.00352111
0.0417157
0.0729169
0.093805
0.172651
0.21221
0.227313
0.0249215
0.0548988
0.168759
0.0446066
0.00752157
0.0623541
0.233629
0.0673352
0.0122634
0.0212729
0.448506
0.116278
0.00340719
0.0191467
0.0560282
0.35435
0.0311185
0.00940434
0.0935997
0.140808
0.0292717
0.089428
0.45148
0.0423366
0.0196031
0.00639398
0.333703
0.289649
0.0230341
0.0568807
0.136354
0.00275114
0.00114508
0.00411174
0.545706
0.19569
0.000989252
0.00319974
0.00580508
0.00302536
0.00581537
0.00388389
0.256982
0.119572
0.016252
0.00996357
0.0091811
0.00230433
0.000162455
0.00403286
0.582467
0.288169
0.00612066
0.00504572
0.00556045
0.00549596
0.00725836
0.00226824
0.284165
0.128196
0.0292938
0.00904921
0.0060688
0.0829594
0.0474559
0.0541455
0.132862
0.158511
0.1651
0.0659022
0.0903987
0.147588
0.136656
0.0771981
0.0635034
0.177944
0.148113
0.0732214
0.0858879
0.0956791
0.0793606
0.0370234
0.124702
0.227152
0.299335
0.10421
0.0811863
0.156312
0.171877
0.22175
0.0740541
0.152412
0.238903
0.092246
0.103055
0.0697453
0.0636608
0.0382295
0.0353317
0.0614793
0.0625897
0.0833626
0.0669845
0.0731318
0.0501085
0.0377766
0.0292154
0.0276293
0.215795
0.636236
0.329597
0.110541
0.0833326
0.0768932
0.0333217
0.0552307
0.047475
0.0264324
0.054882
0.231225
0.274681
0.0582647
0.0554464
0.0576033
0.0321503
0.0481979
0.153388
0.0125927
0.00855863
0.00365881
0.00121546
0.00313332
0.0666698
0.304716
0.10383
0.038749
0.0157365
0.00829015
6.4372e-005
0.000922994
0.0964474
0.632371
0.191078
0.0934941
0.158168
0.0271089
0.00467402
0.00915073
0.00462447
0.0288318
0.0412474
0.270684
0.460124
0.0541615
0.000257488
0.00369198
0.0328204
0.219185
0.0877576
0.0366804
0.0181813
0.00740225
0.0149795
0.0243513
0.0770345
0.440699
0.152798
0.0323344
0.0115343
0.0043191
0.0320786
0.0422981
0.0827755
0.547513
0.20826
0.209914
0.311337
0.0388267
0.0508778
0.0377638
0.0554236
0.173643
0.0777143
0.221147
0.28315
0.0203987
0.0985469
0.0645066
0.0437513
0.150128
0.111096
0.0464424
0.0047241
0.0143743
0.00930312
0.012172
0.0519396
0.452371
0.184872
0.220698
0.0363101
0.041685
0.0191216
0.0108976
0.0296148
0.183635
0.236706
0.199952
0.249599
0.0562925
0.0316979
0.0123768
0.023955
0.24825
0.150839
0.360531
0.14253
0.156504
0.0998694
0.00669213
0.0221759
0.232167
0.352528
0.151763
0.00756543
0.00111801
0.175684
0.191741
0.0322351
0.0622849
0.263243
0.00767105
0.00440937
0.00213518
0.355506
0.301097
0.0216029
0.0420582
0.0657543
0.0137626
0.000706634
0.000367769
0.43464
0.251586
0.00961882
0.0131571
0.0312257
0.000895491
0
0.00179069
0.43464
0.354562
0.00501414
0.00831455
0.00488929
0.00166528
0.000555473
0.0059962
0.496073
0.263907
0.00322929
0.00128051
0.00180426
0.00465762
0.00942143
0.0102114
0.207128
0.102678
0.0175478
0.00999838
0.00608129
0.0102063
0.00207294
0.00978477
0.633642
0.31006
0.00432104
0.00292556
0.00487019
0.0684173
0.0742928
0.0244508
0.213527
0.109407
0.0158384
0.0148994
0.0250333
0.00970507
0.0160166
0.0121313
0.0219448
0.0263736
0.0237251
0.0207312
0.0141564
0.0615736
0.0532629
0.0263265
0.0141112
0.013323
0.0184359
0.0126037
0.025692
0.199617
0.278979
0.0355704
0.0124622
0.0131151
0.0119738
0.017023
0.0337326
0.457453
0.748847
0.0897826
0.00972391
0.00829966
0.0075064
0.00604747
0.0658926
0.0626603
0.0844176
0.017329
0.00342901
0.00358346
0.00420664
0.00231996
0.0142658
0.148496
0.259032
0.0325854
0.00595679
0.0051329
0.00138066
0.00353992
0.0313036
0.280078
0.405539
0.0494014
0.00128628
0.00184459
0.00224824
0.000552658
0.0340918
0.5447
0.5447
0.0476916
0.0012247
0.000839403
0.00032301
0.0026396
0.0346622
0.124239
0.212393
0.0254745
0.00133487
0.00187293
0.000133437
0.00115883
0.0181828
0.228626
0.377307
0.0420203
4.1552e-005
0.000595791
0.00122952
0.00300142
0.0166357
0.39867
0.432944
0.0205887
0.00192097
0.000154524
0.00426916
0.00643176
0.0196375
0.381498
0.44162
0.0977509
0.0049152
0.00069875
0.0184065
0.00805663
0.0174896
0.303446
0.366809
0.0332421
0.0117763
0.00645609
0.00570058
0.00973334
0.0405859
0.33528
0.359228
0.00964925
0.0228285
0.0243359
0.00997869
0.016146
0.0894746
0.325336
0.427504
0.141761
0.0113404
0.019673
0.0191055
0.0263632
0.0394442
0.268495
0.19885
0.0841577
0.0178663
0.0795746
0.0465824
0.0668676
0.166528
0.329958
0.348914
0.0275894
0.019616
0.0211394
0.0257202
0.075974
0.135413
0.385689
0.0999138
0.080144
0.0548343
0.0277113
0.030166
0.16214
0.418278
0.218943
0.100653
0.0414862
0.0234962
0.0813705
0.0516287
0.0736213
0.213733
0.247549
0.0292091
0.0700982
0.0962711
0.102222
0.0226322
0.0663445
0.305555
0.000865657
0.00156794
0.00107618
0.419962
0.158616
0.0016683
0.000644559
0.000314068
0.00264803
0
0.000966217
0.419962
0.229731
0.00063428
0.0035857
0.00460224
0.000137483
0.000818189
0.00215899
0.419962
0.289327
0.00435109
0.00293767
0.00111277
0.0356776
0.00840948
0
0.419962
0.298974
0.00962806
0.00879256
0.0185839
0.039923
0.0344181
0.0187968
0.302015
0.182992
0.00395699
0.0212325
0.0288528
0.166086
0.216766
0.04647
0.0854669
0.0558985
0.0074209
0.0182365
0.0497443
0.214801
0.147944
0.0255487
0.141426
0.137679
0.00811737
0.0336732
0.0796355
0.548247
0.548247
0.0549153
0.0220557
0.0239369
0.00101833
0.0226201
0.0765398
0.131695
0.18435
0.0161772
0.000447572
0.00121858
0.00131923
0.00289009
0.0197315
0.233265
0.391775
0.0197068
0.000374059
0.000305868
0.00017496
0.00128903
0.0254786
0.333642
0.45789
0.0105262
0
0.000104118
0.000290693
0.00275529
0.0227478
0.400117
0.45789
0.00286558
0
0.00054603
0.00144941
0.00235042
0.0491502
0.247308
0.394067
0.0133781
5.86267e-005
0.000108599
9.51086e-005
1.19553e-005
0.0212646
0.401649
0.412279
0.00530657
0.00228838
0.0110094
0.00221248
0.00870824
0.0337797
0.277337
0.412279
0.00119406
0.000631475
0.000310665
0.00345147
0.00203493
0.0463772
0.228338
0.321982
0.000212278
0.00438748
0.0186045
0.0171293
0.0187818
0.0596965
0.497555
0.469888
0.0204401
0.020082
0.0339702
0.0160312
0.0347466
0.0615267
0.357911
0.365095
0.123883
0.0454651
0.0200679
0.0530737
0.0328417
0.0582807
0.191082
0.158507
0.0122884
0.0241831
0.0559697
0.0319415
0.0455939
0.13295
0.235605
0.0696588
0.0690672
0.0640683
0.0420463
0.0624268
0.0324532
0.157143
0.268096
0.304795
0.247362
0.0861172
0.0542183
0.0917418
0.14432
0.0540109
0.167215
0.109257
0.19452
0.0554621
0.111718
0.115352
0.262509
0.361348
0.24663
0.0635489
0.115748
0.120222
0.0407762
0.0877914
0.153769
0.120967
0.170989
0.113719
0.0930116
0.0611812
0.103499
0.0978879
0.244194
0.26979
0.0965346
0.0336638
0.0616081
0.0264316
0.137397
0.108438
0.159242
0.312122
0.126671
0.0292412
0.0695364
0.128401
0.200347
0.0916849
0.135261
0.148918
0.0747607
0.0573991
0.043434
0.0607342
0.277256
0.26161
0.180995
0.188859
0.0713724
0.0223993
0.0443693
0.203054
0.343863
0.355557
0.298883
0.136765
0.0190108
2.95375e-005
0.00302304
0.343351
0.330323
0.0832338
0.0614366
0.0238534
0.243785
0.160971
0.000376612
0.263014
0.277717
0.0848294
0.0856478
0.0739573
0.0665186
0.00187893
0.00952413
0.0866454
0.146804
0.117735
0.146102
0.0938765
0.45236
0.25283
0.00326757
0.0457873
0.106622
0.109288
0.18048
0.246658
0.292288
0.328727
0.00367317
0.0183497
0.0278754
0.00983043
0.014193
0.0375682
0.403891
0.432247
0.00962256
0.000267224
0.00087802
0
0.00420523
0.0223753
0.355184
0.350125
0.0015911
0.0041609
0.00702208
0.0103074
0.0233386
0.0687071
0.234459
0.317198
0.0075957
0.00692893
0.00194304
0.00223471
0.00670488
0.0201412
0.415489
0.564206
0.00411086
0.00095581
0.000680328
0.00111822
0.00724919
0.0244712
0.288293
0.564206
0.00360298
0.00261461
0.00371446
0.00928982
0.00728944
0.0495334
0.134897
0.158333
0.00873145
0.0148208
0.00526573
0.00661082
0.0116402
0.0227871
0.0455142
0.0238707
0.00866856
0.016267
0.00694043
0.0173533
0.0164499
0.028075
0.449835
0.713576
0.00803311
0.00936935
0.00832406
0.035908
0.0204483
0.160022
0.188696
0.169531
0.00330443
0.0179764
0.0444699
0.0923027
0.0530189
0.12
0.0603714
0.0147711
0.0293891
0.0250052
0.019654
0.0428588
0.0370697
0.0824791
0.0409891
0.0203027
0.0192988
0.0485441
0.0610227
0.0517106
0.0273179
0.0573735
0.193012
0.0509939
0.0172014
0.0425105
0.106718
0.153131
0.077685
0.28809
0.484868
0.0489387
0.0738448
0.117678
0.135143
0.184321
0.0504158
0.443979
0.0580629
0.0240104
0.0427071
0.0743802
0.111418
0.0946711
0.0344678
0.0468619
0.0777088
0.0214589
0.0798756
0.131792
0.114026
0.132337
0.0430036
0.0394833
0.215292
0.0216995
0.0453748
0.0721225
0.0688796
0.0926125
0.0796619
0.161835
0.196663
0.0997213
0.0273617
0.225681
0.331073
0.105983
0.13296
0.173228
0.0525404
0.0107377
0.032216
0.0408441
0.0560529
0.0892073
0.0352149
0.0327163
0.104402
0.0931958
0.176169
0.288151
0.479691
0.209798
0.127833
0.141045
0.0807325
0.0499513
0.0176742
0.106485
0.192067
0.166677
0.0630556
0.0708183
0.0771929
0.0989501
0.120743
0.172392
0.215109
0.350735
0.123947
0.109327
0.0851522
0.112803
0.101782
0.159204
0.20513
0.14712
0.126125
0.131875
0.220112
0.367568
0.175345
0.154812
0.251851
0.202166
0.170671
0.232037