0.0305331
0
0.00416525
0.0295137
0.0266263
0.000259234
0.00330793
0.0422199
0.130573
0.0621904
0.207241
0.296171
0.033872
0.000549814
0.0275786
0.106885
0.0576143
0.0118662
0.030806
0.0698726
0.043439
0.0227532
0.027077
0.106748
0.0792266
0.0628506
0.551307
0.61214
0.218148
0.0250268
0.0305797
0.0928854
0.107511
0.0509063
0.103019
0.115657
0.0125448
0.0133856
0.179771
0.171295
0.0460203
0.0141532
0.0173014
0.0130476
0.00825717
0.0399337
0.424321
0.183429
0.0608732
0.0438812
0.220315
0.44832
0.0924615
0.0225639
0.21372
0.13962
0.0757429
0.0213575
0.0200861
0.0631043
0.0179585
0.114543
0.44832
0.288076
0.0462682
0.00374932
0.0019681
0.0130765
0.0171417
0.0225352
0.232451
0.092477
0.126037
0.0307521
0.0400691
0.0247699
0.028057
0.0182151
0.0402608
0.111258
0.0493665
0.00323458
0.000796598
0.0100795
0.00454655
0.11374
0.55441
0.294128
0.100781
0.0729687
0.106894
0.022615
0.02784
0.0707466
0.55441
0.309005
0.149479
0.103432
0.0575825
0.0207837
0.0618414
0.0512645
0.0272751
0.171249
0.211112
0.106618
0.0499613
0.104186
0.231357
0.202959
0.140538
0.241629
0.154041
0.172096
0.116588
0.0208469
0.0670233
0.102311
0.240973
0.314561
0.242267
0.147007
0.0745632
0.143989
0.163264
0.128382
0.222397
0.43745
0.111569
0.037205
0.0771073
0.0822995
0.127814
0.268032
0.223181
0.127063
0.158333
0.0624631
0.1043
0.0807553
0.190805
0.267039
0.25511
0.244342
0.215709
0.0826301
0.0924223
0.124594
0.0648025
0.0791277
0.151871
0.291496
0.221995
0.13259
0.126303
0.103498
0.182661
0.202568
0.277076
0.227327
0.205307
0.0724607
0.0293086
0.0683587
0.132074
0.10714
0.0852567
0.204649
0.415516
0.204253
0.0312301
0.0497036
0.104413
0.0876057
0.11562
0.345724
0.14856
0.0879562
0.0392255
0.0568208
0.126669
0.191
0.201015
0.15077
0.294862
0.259926
0.0495693
0.0559162
0.0706981
0.121681
0.187034
0.305733
0.305322
0.183393
0.113373
0.0478708
0.0668279
0.114838
0.121645
0.191589
0.0882656
0.0819261
0.172189
0.184577
0.156946
0.245205
0.340374
0.099453
0.199851
0.246685
0.195294
0.0662733
0.0582438
0.0902154
0.0764146
0.168672
0.117237
0.105176
0.324348
0.196714
0.184385
0.176085
0.150514
0.107187
0.0762914
0.0218319
0.0242911
0.0406558
0.0259807
0.015552
0.0208052
0.137525
0.0363587
0.0466864
0.132537
0.415273
0.224777
0.019785
0.00827035
0.0441133
0.394128
0.0508379
0.0246467
0.0318358
0.0148063
0.0254408
0.10724
0.415273
0.203283
0.110243
0.0845253
0.415273
0.249576
0.019883
0.111981
0.176047
0.0326272
0.0165624
0.0594618
0.405842
0.15996
0.00555685
0.0240071
0.024338
0.115319
0.0241159
0.00261618
0.21905
0.0490479
0.0795623
0.405842
0.152098
0.0285586
0.0291845
0.0260367
0.405842
0.269076
0.000859848
0.0204564
0.0136167
0.0562688
0.0153082
0.00326529
0.405842
0.199537
0.0535088
0.223906
0.0633961
0.0393179
0.00607311
0
0.0313441
0.00528669
0.0902037
0.42751
0.159444
0.037372
0.0211302
0.0278383
0.00110714
0.00192705
0.089997
0.42751
0.210819
0.0167109
0.00491075
0.00100453
0.0949989
0.0335688
0.106459
0.42751
0.121497
0.0120317
0.000819938
0.000130286
0.000457781
0.000140808
0.214323
0.42751
0.229553
0.0510193
0.0392588
0.0254137
0.000855107
0.00363576
0.0971338
0.389418
0.180784
0.0586865
0.0385193
0.0262753
0.0103751
0.00930647
0.0791796
0.216486
0.201133
0.0179653
0.00077021
0.000416546
6.85593e-005
7.0823e-005
0.216514
0.457456
0.252779
0.0265156
0.00520568
0.00902608
0
0.000283292
0.201224
0.457456
0.293039
0.110064
0.0449935
0.0348026
0.0200248
0.00755303
0.0364401
0.0841432
0.246343
0.25581
0.0835948
0.0581642
0.0389364
0.0242931
0.0721566
0.0790545
0.192646
0.0756299
0.0764291
0.0351889
0.0129183
0.00677347
0.155899
0.470864
0.298244
0.296901
0.362659
0.299607
0.133724
0.0265901
0.10293
0.174466
0.158258
0.277924
0.0748393
0.0278528
0.0181828
0.0139038
0.0727378
0.096016
0.0909251
0.443056
0.103537
0.0137493
0.011827
0.00203857
0.0422416
0.125297
0.234862
0.421468
0.272604
0.155902
0.0742675
0.00718139
0.0352166
0.0620505
0.111055
0.443056
0.144281
0.0380711
0.0283656
0.0246521
0.0145398
0.0468708
0.218265
0.362387
0.087027
0.0648529
0.020687
0.00299454
0.00808859
0.0489174
0.201093
0.42624
0.0505264
0.109531
0.0520444
0.0525171
0.0249073
0.0161621
0.231055
0.42624
0.0527829
0.0383992
0.0097076
0.0163934
0.0028712
0.0189375
0.194551
0.42624
0.0168347
0.0121396
0.00458757
0.00743449
0.000734845
0.00609661
0.329667
0.268403
0.0487304
0.00759094
0.0644104
0.139147
0.0765247
0.144514
0.251168
0.08922
0.0246312
0.0423093
0.378667
0.214734
0.051786
0.102367
0.0784831
0.0625299
0.0320955
0.0254489
0.290726
0.382708
0.0621229
0.0691394
0.0331861
0.00350498
0
0.0700487
0.387771
0.387771
0.0423467
0.0288641
0.00447097
0.00698828
0.00760386
0.0302065
0.438618
0.207424
0.00100515
0.0151737
0.00677811
0.000859854
0.00287686
0.00820257
0.438618
0.189009
0.00688598
0.0305616
0.0114289
0
0
0.0430028
0.438618
0.252964
0.0013505
0.00022877
0.000174942
0.00140496
0.0057898
0.00957284
0.438618
0.199639
0.00263516
0.000807263
0.00290826
0.00349756
0.0151089
0.0092143
0.219959
0.0905812
0.0685222
0.303152
0.0987277
0.0123733
0.0156944
0.00694454
0.00464505
0.00534753
0.305661
0.702762
0.317937
0.00706412
0.0288608
0.0151887
0.207763
0.0743029
0.00547785
0.00597713
0.010022
0.0157913
0.0338391
0.021198
0.0144519
0.0121478
0.0249797
0.145377
0.0699516
0.00643853
0.00181025
0.00195953
0.000253318
0.00112798
0.159729
0.476062
0.165276
0.0105823
0.000471812
0.000951952
0
0
0.208868
0.476062
0.255853
0.00802132
0.00556211
0.00711016
0.00314284
0.00271699
0.0507244
0.220827
0.0662158
0.00753377
0.00342892
0.00490747
0.000652441
7.73169e-005
0.144326
0.476062
0.184848
0.0187742
0.036688
0.0145836
0.0110655
0.00438644
0.12712
0.425701
0.148476
0.0573134
0.134439
0.117935
0.0584519
0.0175458
0.181629
0.374322
0.0762044
0.00338207
0.00595741
0.00405418
0.00304317
0.00114627
0.142163
0.425701
0.153147
0.00898082
0.0089727
0.0103612
0.0112501
0.00427654
0.28058
0.425701
0.182152
0.118297
0.139397
0.0956849
0.0514319
0.00815377
0.127807
0.277093
0.0910026
0.17037
0.0728547
0.0401657
0.0392131
0.0662498
0.0464375
0.115848
0.131835
0.0383031
0.0250661
0.00760498
0.00978736
0.00697398
0.333898
0.430148
0.16951
0.053738
0.0360976
0.0107031
0.010579
0.0729015
0.430148
0.430148
0.1691
0.18159
0.0336415
0.0837139
0.0301589
0.0793659
0.0356607
0.0527807
0.135832
0.284857
0.0236985
0.0697525
0.0385404
0.0507273
0.0186989
0.0158824
0.295546
0.0632921
0.0300023
0.0240482
0.0125672
0.0752493
0.474539
0.459366
0.123783
0.124269
0.0923284
0.214969
0.187135
0.107011
0.219741
0.222195
0.147514
0.00121724
0.00120792
0.0515334
0.368325
0.241152
0.00301056
0.000158959
0.00115913
0
0
0.0798475
0.431692
0.271673
0.00355117
0
0
0.0085162
0.00691175
0.0920886
0.431692
0.198969
0.00701066
0.00181384
0.00897203
0
9.12075e-005
0.0961958
0.431692
0.252898
0.00278217
0
0
0
0
0.0272963
0.417729
0.217252
0.00254564
0
0
0.00125706
0.00356818
0.0033396
0.417729
0.180278
0.00343911
0.000886123
0.00459772
0
0
0.0216726
0.417729
0.326268
0.00292016
0.000196896
0
0.001815
0.00239423
0.00371974
0.417729
0.270369
0.00938726
0.00386047
0.00321366
0.0267102
0.0652109
0.0413065
0.556493
0.232819
0.034463
0.0273322
0.0489882
0.0526283
0.0740159
0.0708415
0.107054
0.0268999
0.0305683
0.0367539
0.0490923
0.0434151
0.0446949
0.0440243
0.463607
0.320747
0.0946086
0.0666735
0.0412446
0.0431894
0.0806194
0.0438742
0.13173
0.0721374
0.109634
0.0513483
0.0380344
0.0382813
0.0227846
0.0277112
0.0380081
0.00599136
0.0236256
0.0737623
0.0554161
0.0408717
0.0246457
0.0298551
0.0125228
0.00281364
0.146612
0.834516
0.24836
0.0351423
0.0371166
0.0193212
0.0525879
0.0224295
0.050371
0.0269734
0.0263515
0.214859
0.123399
0.0273148
0.0182983
0.01591
0.0472192
0.062722
0.0662008
0.00388674
0.00128563
0.00198728
0.00211036
0.000631107
0.0738077
0.400486
0.103979
0.0149701
0.00182777
0.000502791
0.00187189
0.000105347
0.199481
0.485192
0.224751
0.10575
0.114816
0.00683472
0.00331459
0.00185472
0.0100051
0.0326761
0.0292495
0.331881
0.472435
0.0208049
0.00433723
0.000289787
0.0529763
0.27413
0.106071
0.0215763
0.00588567
0.00441878
0.0147265
0.00559739
0.1775
0.383932
0.141365
0.0215444
0.00550304
0.00654619
0.0367648
0.0276776
0.337787
0.383932
0.139241
0.226217
0.357142
0.0386594
0.0590842
0.0105931
0.0822034
0.262271
0.0902708
0.19372
0.243469
0.0675851
0.156241
0.0432802
0.126778
0.237776
0.104809
0.0134303
0.00421331
0.00109272
0.0130805
0.0203787
0.349208
0.404997
0.0931945
0.0216819
0.0454738
0.154926
0.155136
0.0952507
0.19216
0.25518
0.0837357
0.134075
0.208803
0.0569848
0.0700021
0.0472503
0.181828
0.244729
0.0912372
0.0799492
0.168893
0.114747
0.217148
0.360585
0.24165
0.183626
0.0716411
0.0135374
0.0216399
0.115129
0.355814
0.160493
0.0292505
0.00555266
0.0216075
0
0.000137702
0.0623419
0.416991
0.226886
0.00588758
0
0
0.0188216
0.0562845
0.215109
0.416991
0.215761
0.0402947
0.00719687
0.0269806
0
0.00440143
0.0894274
0.416991
0.32754
0.00480184
0
0
0
0
0.00756807
0.414449
0.290863
0.00175005
0.000390117
0
0.00214443
0.000908308
0.00332732
0.328003
0.230741
0.00819461
0.0029825
0.00101297
0.00415389
0.000559688
0.00102609
0.414449
0.364625
0.00757644
0.000730731
0.00202041
0.0618321
0.0581854
0.0028001
0.408375
0.249439
0.0145607
0.00295561
0.0201499
0.0104931
0.00678143
0.00626212
0.0488807
0.0494426
0.0111106
0.00620997
0.00290811
0.0659583
0.0390132
0.00591274
0.00706301
0.0109048
0.0131673
0.00623424
0.00506139
0.256574
0.336861
0.0160444
0.0507707
0.0549992
0.00794052
0.00235122
0.0306777
0.608223
0.608223
0.0239342
0.00267004
0.00392134
0.00437253
0.00779259
0.0432098
0.088688
0.0754305
0.00436364
0.00422423
0.00376309
0.00633768
0.00300359
0.00867348
0.229961
0.292061
0.0154298
0.00147588
0.00294976
0.00503788
0.00513952
0.0350516
0.384543
0.453197
0.0347254
0.00146497
0.000891296
0.00103623
0.0107657
0.051717
0.453197
0.453197
0.13682
0.00265344
0.000720438
0.00056892
0.00710517
0.122217
0.186361
0.308196
0.0166979
0.000432311
0.000769761
0.001837
0.00211799
0.0372636
0.318534
0.380795
0.0644871
0.00781943
9.44355e-005
0.00119789
0.00802498
0.0450822
0.235099
0.380795
0.140681
0.0111779
0.00102006
8.47489e-005
8.44033e-005
0.0887308
0.207833
0.380795
0.380795
0.0606248
0.00375271
0.00464097
0.0156037
0.113491
0.314635
0.397175
0.139354
0.043299
0.0029668
0.00834498
0.0257733
0.045442
0.277642
0.338154
0.205976
0.11543
0.0293741
0.0171403
0.0332568
0.0727504
0.201677
0.27037
0.359035
0.0860182
0.00449162
0.0269327
0.0767032
0.129425
0.206579
0.140771
0.205619
0.101711
0.0722545
0.074719
0.12139
0.104784
0.213278
0.315249
0.149988
0.136516
0.0717743
0.0416979
0.0366197
0.0640555
0.136185
0.200513
0.0697183
0.25844
0.425138
0.185334
0.0646645
0.0466166
0.157323
0.104408
0.0917293
0.137282
0.169771
0.0776427
0.086041
0.0925291
0.119783
0.0682727
0.0299861
0.246461
0.356318
0.153856
0.174266
0.16972
0.03145
0.152098
0.232463
0.335182
0.128698
0.0293962
0.0244023
0.0390071
0.00220737
0.0227071
0.114326
0.431073
0.273588
0.0198008
0
0.00316191
0.013929
0.118913
0.172624
0.212198
0.152155
0.153101
0.197774
0.050582
0.0500428
0.0389739
0.1406
0.431073
0.28341
0.0640632
0.0117786
0.0321248
0.0695174
0.0214069
0.0100807
0.397928
0.229347
0.0632145
0.00028611
0.0129301
0.260272
0.286764
0.00623735
0.229954
0.115727
0.0578982
0.00114444
0.0477358
0.231705
0.100945
0.0418823
0.232259
0.154674
0.0850273
0.00183904
0.0845495
0.397928
0.397928
0.118113
0.0583374
0.0350144
0.0642491
0
0.144574
0.229766
0.352306
0.0146498
0.00935284
0.0095638
0.00350434
0.000292958
0.0442043
0.316734
0.365938
0.0857378
0.000303545
9.44293e-005
0.00017972
0.00340697
0.0535124
0.250037
0.365938
0.162012
0.00227438
0.0047585
0.00557098
0.000502734
0.114092
0.226767
0.363022
0.316782
0.00726395
0.00955486
0.016062
0.0349544
0.138114
0.307134
0.403687
0.142164
0
1.6444e-005
3.12966e-005
0.023426
0.0680791
0.301811
0.403687
0.225105
0.00342575
0.00245767
0.000969419
0.0299488
0.096789
0.168305
0.255831
0.28215
0.00675204
0.0225803
0.0691433
0.134095
0.0923382
0.144341
0.220021
0.15051
0.0178172
0.0419796
0.0881944
0.223374
0.0739103
0.178942
0.477146
0.298277
0.0290908
0.0200542
0.0209936
0.0133158
0.0872338
0.104558
0.366934
0.461273
0.102617
0.0486043
0.0632927
0.0362837
0.1377
0.0763132
0.15165
0.106014
0.0666135
0.113733
0.0777318
0.126667
0.0455892
0.0404206
0.117168
0.156948
0.182874
0.146073
0.135061
0.0420319
0.0530809
0.119776
0.132479
0.265538
0.0774926
0.0311207
0.140321
0.178076
0.204125
0.103661
0.034552
0.0555286
0.0359056
0.0712968
0.215579
0.252
0.156827
0.0415809
0.0712171
0.0940807
0.109418
0.0766023
0.258214
0.248497
0.0993778
0.0358336
0.014891
0.046214
0.0132544
0.20763
0.315709
0.498804
0.144198
0.0789474
0.0284405
0.0238289
0.0452643
0.0860108
0.16556
0.123687
0.0980331
0.0824771
0.0364207
0.0200348
0.167836
0.199008
0.207966
0.151695
0.112574
0.0808322
0.0233312
0.0548753
0.0426783
0.209825
0.325675
0.298978
0.113665
0.0674628
0.0524478
0.025789
0.311674
0.333876
0.443862
0.203407
0.049467
0.00546414
0.0122931
0.0405154
0.138523
0.210035
0.271466
0.231216
0.0472136
0.157791
0.102051
0.0905807
0.245043
0.224957
0.206819
0.0667035
0.0691877
0.0233194
0.00881154
0.0353064
0.223225
0.22505
0.291778
0.130013
0.0953909
0.151077
0.114964
0.0988824
0.166569
0.114917
0.361993
0.301266
0.18258
0.27194
0.261696
0.141605
0.0684653
0.0746006
0.049816
0.0173795
0.102575
0.338437
0.430316
0.325254
0.0152417
0.0185885
0.0160838
0.00710358
0.124937
0.182096
0.229742
0.208689
0.0447326
0.036546
0.0851693
0.141172
0.121095
0.149808
0.222342
0.261169
0.100155
0.0900256
0.0553948
0.0606139
0.0987238
0.194026
0.446702
0.334185
0.0560744
0.0631789
0.0225148
0.00450583
0.122735
0.135728
0.214755
0.298519
0.0823701
0.0936015
0.0803551
0.146374
0.191685
0.0597606
0.120783
0.16362
0.233499
0.205547
0.0602646
0.0260227
0.0469918
0.0209315
0.0788257
0.0566686
0.255649
0.22075
0.202021
0.178462
0.0485032
0.0538562
0.0619264
0.12944
0.033117
0.0980157
0.183952
0.254537
0.094133
0.0246968
0.0266995
0.0272316
0.0430917
0.123372
0.237236
0.388753
0.0295291
0.00526517
0.0223704
0.0176778
0.0833914
0.11506
0.339726
0.305667
0.0615686
0.0143547
0.0206052
0.00518583
0.0718595
0.150852
0.342988
0.44593
0.0541377
0.0153338
0.0268609
0.035705
0.127778
0.189626
0.154979
0.254464
0.0159239
0.0418211
0.119407
0.177994
0.267928
0.240252
0.11492
0.0572227
0.0540403
0.0402333
0.035709
0.0359205
0.15646
0.15968
0.298774
0.36183
0.0375993
0.0908228
0.0502673
0.238885
0.399694
0.247105
0.140783
0.101547
0.0489156
0.0598124
0.0816456
0.108687
0.129765
0.102241
0.1684
0.140123
0.0870584
0.0412972
0.018337
0.0541783
0.0433758
0.23874
0.429389
0.417736
0.0918717
0.0993519
0.086647
0.197925
0.194644
0.136155
0.0703229
0.0510158
0.0445237
0.0800683
0.123649
0.141378
0.100303
0.182846
0.38246
0.221132
0.0407287
0.0494495
0.0230104
0.021322
0.0661961
0.204833
0.304787
0.244233
0.062295
0.0576542
0.0450653
0.02106
0.362726
0.284648
0.23292
0.138165
0.0525437
0.0307196
0.025699
0.0358528
0.0742061
0.129785
0.379766
0.213994
0.052685
0.0292399
0.0176382
0.129007
0.319548
0.189238
0.230323
0.137136
0.0716605