0.0229476
0.0188839
0.0552073
0.144963
0.19447
0.102085
0.0698121
0.0607065
0.0536148
0.0373612
0.109257
0.420713
0.25021
0.0480694
0.0276464
0.0619295
0.11394
0.0970826
0.0505506
0.0747201
0.0755291
0.051734
0.097632
0.123811
0.155646
0.268935
0.544636
0.331132
0.0976268
0.0116334
0.0464463
0.12232
0.0804344
0.0307303
0.0429189
0.119763
0.0896098
0.0304192
0.0183794
0.0706285
0.0874956
0.0423337
0.0147743
0.00986857
0.0305863
0.0661985
0.0766045
0.0860911
0.248547
0.204869
0.363519
0.113374
0.0576827
0.0872249
0.176157
0.173621
0.272382
0.109946
0.104218
0.00647875
0.0276792
0.406527
0.504161
0.21384
0.03864
0.040072
0.0352264
0.0636086
0.0262052
0.0601191
0.0772553
0.0461426
0.0398654
0.0349476
0.0763171
0.0752516
0.0352164
0.0346926
0.036321
0.0412802
0.0852276
0.0516299
0.023225
0.0165269
0.0156611
0.383551
0.715437
0.196099
0.0464316
0.0519045
0.0960063
0.0243984
0.0202718
0.116524
0.354331
0.16304
0.137261
0.0416942
0.0806638
0.0599358
0.109515
0.138648
0.0774375
0.0630613
0.126464
0.0569277
0.0823367
0.134737
0.314037
0.221534
0.166069
0.0694589
0.0593999
0.0732139
0.113312
0.0797311
0.165837
0.234845
0.171493
0.113236
0.178935
0.0561083
0.0613193
0.250086
0.324599
0.29795
0.34783
0.132809
0.0546925
0.0437156
0.0687564
0.125591
0.22332
0.0893758
0.129052
0.0525802
0.0500554
0.0401283
0.0764743
0.207
0.336958
0.328637
0.0843987
0.054258
0.119887
0.0269916
0.0752619
0.208926
0.144126
0.0949921
0.245742
0.113752
0.0425969
0.030198
0.128097
0.258738
0.325438
0.339085
0.16882
0.0973502
0.0138641
0.0144295
0.0402633
0.0756969
0.246195
0.316799
0.0405259
0.0222541
0.0155837
0.0213657
0.0572273
0.0252343
0.311686
0.45319
0.142491
0.0268914
0.0355925
0.0326586
0.0759932
0.0704554
0.274246
0.323129
0.0529524
0.0414312
0.0674843
0.102443
0.150364
0.075223
0.290641
0.301847
0.0399829
0.0383244
0.0139461
0.012583
0.0219537
0.054352
0.252655
0.30815
0.151804
0.0344904
0.0983913
0.0766667
0.110733
0.104245
0.139846
0.108531
0.0845598
0.123808
0.038278
0.0774298
0.147206
0.168073
0.316958
0.165723
0.0660754
0.0224066
0.110157
0.25866
0.489863
0.253679
0.211105
0.0375227
0.0774434
0.0707529
0.106355
0.0813811
0.0262803
0.0278881
0.0493228
0.0320457
0.0489987
0.095951
0.052241
0.159147
0.390004
0.359703
0.129996
0.0153529
0.0323006
0.073725
0.0571756
0.0807587
0.034055
0.0864507
0.1337
0.0669203
0.0711424
0.0786947
0.0122622
0.0544715
0.172316
0.599602
0.350115
0.0671513
0.0143954
0.040578
0.0595402
0.0774642
0.187782
0.152717
0.099086
0.0382683
0.0803751
0.0490532
0.100254
0.0511193
0.0707652
0.045131
0.0601978
0.225022
0.377797
0.146875
0.0151554
0.0319724
0.0828146
0.377797
0.259215
0.0160397
0.017423
0.0126175
0.106048
0.0960266
0.0568923
0.377797
0.232096
0.0829376
0.377797
0.217626
0.0213325
0.00929991
0.00316705
0.00184505
0.00885595
0.197847
0.426854
0.0998853
0.00956139
0.00397272
0.0123126
0.00163563
0.0139572
0.137903
0.337435
0.0948948
0.0445832
0.0256909
0.00985394
0.0793557
0.0356099
0.164289
0.426854
0.211779
0.00252987
1.76687e-005
0.00137855
0.00027571
0.0254608
0.338853
0.426854
0.146404
0.0125131
0.00613463
0.0136598
0.0156
0.0275476
0.109171
0.19337
0.104949
0.0484152
0.00692307
0.00491119
0.0397037
0.043966
0.0918455
0.095463
0.0666789
0.00559435
0
0.00150312
0.00260215
0.0194395
0.421161
0.515715
0.144436
0.0449552
0.00617332
0.00330264
0.0137364
0.0112231
0.311454
0.515715
0.171749
0.0724955
0.00872886
0.0240266
0.0725193
0.0603823
0.0741153
0.136023
0.0856182
0.0242572
0.00960763
0.0427918
0.0714298
0.127853
0.10219
0.146505
0.105387
0.0883505
0.03102
0.0141513
0.0513499
0.0471876
0.279122
0.690056
0.289595
0.0897837
0.0523027
0.0171698
0.0488426
0.0722565
0.173683
0.258764
0.225595
0.0692891
0.0283428
0.0403243
0.0368564
0.210346
0.15746
0.12517
0.173531
0.215745
0.0900695
0.0728889
0.0643276
0.267764
0.120836
0.0663537
0.204143
0.181046
0.0575644
0.0146902
0.0391028
0.0688171
0.125052
0.155597
0.282856
0.503191
0.0843555
0.0558089
0.0785649
0.148111
0.117747
0.100645
0.333807
0.122024
0.114183
0.161471
0.112008
0.199534
0.0486819
0.00972974
0.0418935
0.0670851
0.205012
0.446389
0.189124
0.157165
0.0376241
0.0669762
0.0375145
0.255958
0.170067
0.237326
0.166195
0.143507
0.0785732
0.0216093
0.0953737
0.146999
0.249834
0.326905
0.158338
0.138497
0.118792
0.131459
0.104808
0.0142809
0.0416202
0.0389935
0.0806429
0.0702357
0.0420387
0.0276775
0.0156541
0.00317126
0.0279977
0.100976
0.570654
0.239287
0.0234435
0.000752862
0.00552782
0.043546
0.0567887
0.0366538
0.119533
0.0888307
0.0253298
0.0216961
0.0349159
0.00415051
0.034155
0.0734155
0.570654
0.410345
0.0031109
0.00173099
0.00350307
0.00187068
0.00772745
0.0532247
0.41831
0.194187
0.00329836
0.000218908
0.000631285
0.0364515
0.0262179
0.0219136
0.41831
0.253228
0.00622036
0.12102
0.0736233
0
0.000869011
0.0364679
0.41831
0.222043
0.000284589
0
0
0.0011561
0.000966667
0.010977
0.41831
0.283788
0.00147974
0.00420578
0.00457447
0.0321124
0.0111744
0.00408924
0.183583
0.075397
0.0540167
0.48824
0.150804
0.00178074
0.000226848
0
0
0.00811827
0.247371
0.48824
0.146809
0.00432116
0.00410652
0.00238579
0.237884
0.101473
0.00979519
0.0748515
0.0260672
0.00436704
0.00488761
0.00304517
0.00075817
0.00106711
0.0422069
0.48824
0.11164
2.88662e-005
0
0
0
0.00290037
0.162762
0.433682
0.0580161
0.00502779
0.000888152
0.000232783
0.00116813
0.00201975
0.257493
0.433682
0.0779852
0.000828724
0.000589764
0.000473715
7.77889e-005
0.000469872
0.0651499
0.433682
0.0818077
0.000597085
0
0
0
0.00156833
0.270274
0.433682
0.136055
0.0100124
0.00535326
0.000375147
0.00307959
0.00356257
0.230287
0.386494
0.0670167
0.0234812
0.0107358
0.000662865
0.00434878
0.00480591
0.130781
0.249176
0.0609247
0.00254519
0.000620596
0
0
0.00051029
0.348999
0.416989
0.0969035
0.0112566
0.00266142
0.00014227
0
0.00613311
0.416989
0.416989
0.122726
0.0473145
0.0142787
0.00681103
0.0265734
0.00978455
0.0674313
0.174081
0.076654
0.153332
0.01834
0.0279131
0.0515933
0.0208193
0.0527218
0.0237464
0.0643433
0.0321559
0.0050473
0.00318497
0.0279163
0.0318638
0.493873
0.516635
0.271712
0.184114
0.0189687
0.0243255
0.0824658
0.0322408
0.229046
0.369499
0.224912
0.341446
0.0517473
0.168974
0.145904
0.0603417
0.0959804
0.0465778
0.109457
0.143426
0.0798818
0.151314
0.113896
0.0601594
0.142467
0.180271
0.201774
0.412504
0.0578119
0.112304
0.114485
0.022666
0.193698
0.245953
0.248606
0.121918
0.0271736
0.0884128
0.0803648
0.0330898
0.161991
0.182984
0.323172
0.0183003
0.0257253
0.0151023
0.0778047
0.090738
0.0157862
0.0314948
0.050636
0.000806672
0.0210428
0.0220814
0.497945
0.446674
0.00644802
0.00510918
0.0166891
0.00300355
0.0230426
0.0543915
0.124429
0.0919848
0.0198393
0.0339211
0.0523448
0
0.0269208
0.140696
0.497945
0.426809
0.00399621
0.00482709
0.0190555
0
0.000899234
0.0192663
0.442483
0.210997
0.00101855
0
0
7.88992e-005
0.00137437
0.0227167
0.442483
0.182555
0.000846502
0.000545
0.000532534
0
0.00166411
0.0466871
0.442483
0.242581
0.00067903
0
0
0.000584562
0.000417828
0.0394386
0.442483
0.178153
0.00383585
0.000847852
0.000895211
0.00824851
0.0225554
0.031471
0.637686
0.249449
0.00992473
0.0130097
0.0132596
0.0164079
0.0284211
0.0160311
0.00395253
0.00693991
0.0182726
0.16163
0.089241
0.0174222
0.00873732
0.0485837
0.581179
0.223091
0.019014
0.0105275
0.0166875
0.0331883
0.0201094
0.0218505
0.0171167
0.0392062
0.0283598
0.0427099
0.0361876
0.00526239
0.004397
0.00167878
0.00138738
0.00276781
0.0381338
0.339944
0.102385
0.0141973
0.000448792
0.000488456
0.00141918
0.00503459
0.241987
0.732863
0.32415
0.0315723
0.00589302
0.00503602
0.00625527
0.0159451
0.0162269
0.0273872
0.0237278
0.237999
0.111399
0.0146236
0.0070106
0.0183022
0.0221314
0.112288
0.117789
0.00290442
0
0.000107447
0.000310671
0.000620362
0.144778
0.406829
0.0954325
0.000734043
0
0
0.00275092
0.0305513
0.322234
0.406829
0.159464
0.144948
0.119541
0.0123744
0.00127308
0.00214462
0.0238141
0.1568
0.0594735
0.314589
0.324965
0.0517892
0.0231044
0.0811141
0.116474
0.406829
0.104116
0.00442106
0.000584368
3.37096e-005
0.011386
0.0773227
0.248275
0.366124
0.133645
0.0280157
0.00548131
0.0053396
0.020065
0.0526977
0.227594
0.366124
0.112932
0.177845
0.227463
0.0699941
0.082376
0.191649
0.139652
0.362448
0.071512
0.0984345
0.141428
0.106073
0.0848622
0.11411
0.223337
0.366124
0.0925502
0.0532336
0.0149693
0.0198527
0.0242255
0.0226961
0.249703
0.316283
0.0931467
0.0853341
0.011961
0.0130875
0.0215825
0.01979
0.073088
0.0910485
0.165654
0.0989283
0.19753
0.186816
0.0700009
0.059693
0.354294
0.39679
0.11936
0.203858
0.109125
0.0701938
0.0351349
0.0520343
0.158154
0.226992
0.44726
0.00471607
0.0104458
0.0636978
0.133363
0.06992
0.0143308
0.0195981
0.020627
0.00272921
0.00789355
0.192967
0.549208
0.261066
0
0.00229853
0.00436675
0.0143792
0.0176017
0.0608808
0.239599
0.11437
0.0247428
0.0191313
0.0104056
0.00921793
0.00710213
0.143296
0.549208
0.335715
0.00567179
0.00196193
0.00182423
0
0.000352106
0.0393
0.420422
0.206487
0
0
0
0.000467857
0.000429813
0.0114723
0.420422
0.151931
0.00372177
0.00147948
0.00041049
0.00818922
0.00446204
0.0296465
0.420422
0.301381
0.00109197
0.0112741
0.00640608
0.129047
0.110906
0.0129391
0.420422
0.248908
0.00227124
0.0187832
0.023876
0.014537
0.00321094
0.0084658
0.114674
0.0430656
0.00603656
0.0019425
0.00711237
0.0924287
0.0836771
0.00690005
0.00408709
0.00734727
0.00372956
0.00576475
0.0384952
0.374874
0.404031
0.0513719
0.0795398
0.0463341
0.00402829
0.00588705
0.0436589
0.541685
0.541685
0.0626261
0.00224809
0.000800614
0.000862297
0.00224514
0.0797829
0.110038
0.131346
0.0100833
0.00103652
0.00269655
0.00193984
0.00415688
0.0270818
0.306424
0.356287
0.0360703
0.000879798
0.00209446
0.000920311
0.00169909
0.033871
0.359988
0.426472
0.0652071
0.000151266
0
0.00234887
0.00304931
0.0357736
0.426472
0.426472
0.151009
0
0
0.00939547
0.00595064
0.0242839
0.294349
0.326924
0.046302
0.000992257
0.0019233
0.000215211
0.00401407
0.0177658
0.350607
0.350607
0.116163
0.0270313
0.0249541
0.0228743
0.0336423
0.0117445
0.344277
0.350607
0.123584
0.00259845
0.0054657
0.00238624
0.0014061
0.00870932
0.323457
0.350607
0.143846
0.0292291
0.0220057
0.0145926
0.00147719
0.0107053
0.351848
0.396501
0.17553
0.12837
0.0765872
0.0567221
0.0525312
0.0107388
0.248156
0.313106
0.236996
0.158658
0.0463204
0.0568211
0.0765071
0.0299338
0.287522
0.364817
0.12669
0.0795875
0.0167402
0.0406869
0.00831229
0.0344648
0.207132
0.246639
0.110281
0.0914027
0.0157118
0.0237199
0.0165998
0.0270734
0.212652
0.458913
0.380735
0.134101
0.0284928
0.109952
0.105846
0.0898667
0.199671
0.184831
0.146298
0.0579542
0.0283204
0.107458
0.155593
0.423647
0.184312
0.265435
0.126764
0.0640774
0.0234653
0.0251415
0.0186026
0.0461521
0.118801
0.0770705
0.0605026
0.0224638
0.034394
0.0734314
0.0398706
0.116852
0.00518208
0.00974048
0.0237306
0.20101
0.113514
0.0223098
0.00936971
0.00147078
0.00373894
0.00349388
0.0497041
0.491439
0.254809
0.0131047
0.00881933
0.00065898
0.0194912
0.012097
0.0162618
0.216969
0.189213
0.0536071
0.02686
0.00892302
0.0516314
0.0522975
0.0318786
0.491439
0.449763
0.19897
0.0759249
0.069264
0.0721133
0.0163194
0.0142735
0.371327
0.211849
0.00787039
0.0507345
0.0229222
0.370528
0.300447
0.0374169
0.197533
0.16504
0.00403479
0.0644275
0.0473017
0.175024
0.180491
0.0453776
0.219047
0.156254
0.0616938
0.0682536
0.0764648
0.371327
0.371327
0.150413
0.112137
0.0492191
0.00492545
0.0507015
0.0451021
0.313669
0.343909
0.0671244
0.024883
0.0122419
0.000258871
0.00632387
0.0150248
0.327863
0.343909
0.110177
0.00647692
0.000173754
5.13039e-005
0
0.015713
0.332536
0.343909
0.143513
0.0786829
0.00577992
0
0.00424148
0.0147305
0.307091
0.343909
0.190109
0.0156791
0.000941475
0.0017624
0.00255315
0.02492
0.309379
0.436554
0.17042
0.00134354
0
0.00454371
0.00263057
0.0195202
0.321201
0.436554
0.200369
0.00235788
0
0.0181748
0.0111596
0.020556
0.246735
0.347548
0.168635
0.00390013
0.0048383
0.00485761
0.0046649
0.0263772
0.176992
0.234031
0.0870565
0.0127688
0.0124619
0.0110614
0.0108977
0.0342196
0.413146
0.521568
0.202839
0.00316252
0.00591591
0.00978895
0.00768831
0.0396803
0.332898
0.483343
0.126431
0.0204741
0.0284699
0.0112829
0.0132935
0.0415464
0.182868
0.156939
0.0577768
0.00824248
0.015912
0.0125502
0.0205578
0.0554461
0.123992
0.0853585
0.0509325
0.0104564
0.0298618
0.0152423
0.0399621
0.0756798
0.417336
0.495036
0.0831503
0.0636039
0.0917664
0.0808347
0.0659876
0.150037
0.207065
0.19224
0.0456424
0.0857889
0.110958
0.0894482
0.0911592
0.164126
0.141093
0.0382299
0.0328638
0.0579137
0.178048
0.082378
0.137886
0.189018
0.116546
0.0235729
0.0424757
0.0873911
0.216851
0.117927
0.147015
0.238827
0.127048
0.0937837
0.0460309
0.0894755
0.0801312
0.0792328
0.0927784
0.109609
0.0962481
0.0510063
0.0326654
0.0296024
0.109404
0.275123
0.218317
0.109992
0.0914441
0.0524703
0.055561
0.0701385
0.153351
0.20431
0.246607
0.165854
0.0654462
0.164253
0.0320423
0.0416714
0.174833
0.464811
0.431886
0.0945489
0.0484773
0.0251988
0.0308034
0.154146
0.155699
0.0853443
0.0903028
0.0542922
0.18153
0.107709
0.0395827
0.324694
0.370655
0.363022
0.338298
0.252538
0.0628886
0.0470754
0.0227765
0.0545017
0.0354721
0.0287272
0.104325
0.0989023
0.178384
0.0647168
0.0333287
0.06984
0.0555705
0.0918556
0.269786
0.339109
0.266356
0.365075
0.0832363
0.0707134
0.0909622
0.0949038
0.124692
0.170985
0.423466
0.474902
0.178888
0.0845984
0.0162331
0.0121923
0.0269697
0.0438527
0.192227
0.133911
0.028197
0.0101048
0.0149865
0.0247507
0.117336
0.222837
0.181471
0.195745
0.0268832
0.0015193
0.0208981
0.0382612
0.115753
0.143058
0.45183
0.455168
0.172793
0.0985577
0.0111382
0.0249085
0.0254434
0.0601784
0.37847
0.287189
0.158732
0.011945
0.00575009
0.0544717
0.0577732
0.113539
0.139232
0.118977
0.0178443
0.000620307
0.0132792
0.0718499
0.116763
0.190718
0.153121
0.0989136
0.0202055
0.00477418
0.0124273
0.126383
0.113706
0.260077
0.303808
0.273069
0.124558
0.0100731
0.0412411
0.120399
0.104493
0.104779
0.116153
0.114918
0.0390322
0.0340887
0.0652334
0.0684105
0.0642087
0.135193
0.210835
0.119298
0.0186616
0.0105155
0.0350407
0.223986
0.153731
0.337836
0.250336
0.0838287
0.0112016
0.00920776
0.0228262
0.0911001
0.163333
0.524796
0.0627835
0.056609
0.0497996
0.0220861
0.0287315
0.0330867
0.0418055
0.10023
0.105666
0.0849581
0.0738881
0.0356816
0.0255695
0.0452139
0.107006
0.180717
0.178168
0.0304054
0.0225707
0.0124175
0.00760226
0.0328669
0.125911
0.52509
0.286401
0.0872396
0.0284349
0.0273732
0.00737191
0.0475942
0.257615
0.578218
0.0386947
0.0189301
0.00998281
0.0190118
0.0605483
0.0686568
0.11409
0.130859
0.0334496
0.00839199
0.0175508
0.0463812
0.0874132
0.0856623
0.103494
0.103585
0.171421
0.0442991
0.00337237
0.0079361
0.0267185
0.0447926
0.171612
0.460682
0.198954
0.0116466
0.0260089
0.0361935
0.0443986
0.0520311
0.141417
0.711933
0.0424607
0.0289672
0.0304043
0.0563936
0.0603525
0.10363
0.129724
0.0697567
0.0559974
0.0877346
0.0449696
0.0491766
0.0737152
0.170061
0.157847
0.0552588
0.25106
0.0297823
0.0526621
0.0756439
0.0349455
0.0415567
0.10677
0.596022
0.235328
0.0582028
0.120845
0.150379
0.0750494
0.0585902
0.0969862
0.483916