0.0931052
0.0902366
0.323419
0.235309
0.0851195
0.0512648
0.0386294
0.161052
0.223198
0.165617
0.30929
0.13484
0.0226667
0.00863152
0.0161179
0.0588447
0.0529941
0.0419506
0.287967
0.498324
0.260186
0.071526
0.0762837
0.129561
0.072407
0.0892308
0.129771
0.171402
0.0847199
0.0449464
0.0721522
0.0487438
0.194214
0.21956
0.279374
0.0806175
0.0216716
0.0245705
0.035096
0.0492329
0.0862371
0.111045
0.307152
0.247834
0.121418
0.0871628
0.155317
0.024485
0.103963
0.18814
0.194727
0.0578543
0.0203399
0.0460439
0.0704055
0.119824
0.0418886
0.144404
0.432481
0.244155
0.0544908
0.0341917
0.129142
0.299662
0.102247
0.0400427
0.108358
0.211301
0.155146
0.069511
0.117756
0.136594
0.168225
0.0284694
0.0437262
0.0692213
0.0865948
0.0588792
0.406105
0.533237
0.00635674
0.0275351
0.233312
0.286351
0.104858
0.0513809
0.15353
0.144221
0.0459139
0.0364167
0.104569
0.124883
0.0933828
0.0611587
0.139551
0.0881346
0.309303
0.0229455
0.00718044
0.00617364
0.00480923
0.0165546
0.267709
0.331171
0.68558
0.147289
0.047043
0.0763094
0.0334529
0.0257545
0.0663897
0.175268
0.0651509
0.020431
0.025695
0.0245054
0.0112358
0.0110182
0.0410543
0.0807774
0.0696222
0.0422568
0.131607
0.220834
0.0953829
0.0511549
0.0258009
0.045876
0.221097
0.116047
0.0840891
0.13287
0.0547178
0.0303284
0.00937183
0.0258857
0.137015
0.273942
0.174248
0.128005
0.0667438
0.119328
0.0442242
0.0449767
0.012654
0.0509265
0.158893
0.293972
0.252517
0.0616352
0.00624948
0.00261038
0.147746
0.355588
0.283276
0.286823
0.368698
0.237977
0.0122796
0.0193225
0.205796
0.132404
0.0564031
0.0229115
0.0294163
0.0513454
0.0379598
0.157532
0.36377
0.0184389
0.00141918
0.00141127
0.00429056
0.00144501
0.0110512
0.456529
0.283722
0.195388
0.0835385
0.051684
0.072523
0.110794
0.0101701
0.131019
0.370553
0.022126
0.00094612
0.000352817
0.0015017
0.00613814
0.00521459
0.45718
0.24796
0.00338983
0
0
0
0
0.000878136
0.367512
0.301769
0
0
0
8.10214e-005
0.00470958
0.0139915
0.448277
0.21377
0.0132343
0.00147437
0
0
0
0.0110367
0.371249
0.256089
0.0150842
0.00221155
0
2.02553e-005
0.00117739
0.0227795
0.459865
0.0176866
0.00494129
0.264508
0.517541
0.193727
0.0452594
0.053783
0.0455314
0.0434844
0.0667636
0.0630634
0.118301
0.110426
0.120968
0.118448
0.0703679
0.054851
0.0342382
0.242104
0.522015
0.0912925
0.0216347
0.0149673
0.0724319
0.131526
0.0619111
0.101646
0.0976388
0.15937
0.128333
0.0595282
0.116567
0.0689195
0.0895523
0.158225
0.0576995
0.0286669
0.0666506
0.0737004
0.111214
0.0637261
0.0537795
0.204461
0.0840497
0.016809
0.0258161
0.271663
0.433583
0.0603635
0.0252009
0.272749
0.163368
0.214726
0.0970956
0.0558116
0.0591102
0.0754914
0.0485647
0.32388
0.290828
0.220069
0.0547983
0.241377
0.248911
0.00534202
0.00727615
0.0496172
0.0490523
0.00848783
0.0575403
0.270201
0.167857
0.0116986
0.0164344
0.0266024
0.0287828
0.0151149
0.0840729
0.235689
0.0999922
0.121214
0.0471696
0.0581561
0.0645908
0.0326639
0.109391
0.307395
0.197481
0.182785
0.0212876
0.010009
0.00448213
0.0114163
0.192121
0.581595
0.419137
0.0266823
0.0209143
0.0128943
0.0128913
0.0102145
0.0239193
0.0884491
0.10261
0.0159239
0.0295429
0.083987
0.141274
0.109248
0.0453989
0.026417
0.0301549
0.0670989
0.0162724
0.00810601
0.00277843
0.0180724
0.195102
0.62205
0.328512
0.0129527
0.0363463
0.12647
0.159056
0.0740826
0.227297
0.466003
0.0795712
0.000777283
0.00973629
0.0936531
0.201131
0.199864
0.0735357
0.00321087
0.0013403
0.0242827
0.0535524
0.160013
0.233299
0.311449
0.378693
0.014909
0.0041032
0.000368294
0.00900508
0.161671
0.302098
0.118696
0.098025
0.0863576
0.0142516
0.0121999
0.0113065
0.317124
0.371898
0.248339
0.273064
0.0437745
0.0478184
0.109606
0.0650065
0.085183
0.112577
0.193085
0.417922
0.0485028
0.0605996
0.219288
0.0487307
0.00125893
0.00173495
0.0132952
0.0528375
0.0398652
0.191555
0.0809201
0.00695233
0.181219
0.170115
0.234379
0.359088
0.105605
0.228491
0.340658
0.0635784
0.00446046
0.00693982
0.0220952
0.0793599
0.0806043
0.354928
0.214001
0.121838
0.0122726
0
0
0
0.0225294
0.237266
0.215713
0.109895
0.0139318
0
0
0.00359464
0.0853172
0.372939
0.422362
0.212672
0.0253803
0
0
0
0.00908812
0.229795
0.271145
0.170601
0.0222079
0
0
0.0143785
0.11774
0.432618
0.0565587
0.0506216
0.283418
0.563923
0.0823784
0.0133991
0.00848
0.050602
0.150815
0.0534803
0.0732795
0.116375
0.22978
0.0889143
0.0459342
0.107066
0.00340492
0.0356262
0.189549
0.316673
0.191971
0.062495
0.0225101
0.0131663
0.0649579
0.0781985
0.0179133
0.130048
0.315322
0.097399
0.0654249
0.0301704
0.0172618
0.00494794
0.0566554
0.102853
0.222079
0.0411661
0.0148308
0.00939515
0.0450107
0.0463194
0.158223
0.268925
0.282938
0.0306455
0.0264148
0.0143608
0.0159792
0.026423
0.0178851
0.0947164
0.344613
0.0265484
0.00757248
0.00251655
0.0185296
0.026896
0.126452
0.356586
0.642822
0.0260356
0.00340622
0.00159014
0.152174
0.0677917
0.110034
0.1158
0.0696316
0.0246532
0.0643207
0.115291
0.188079
0.0326293
0.0384377
0.0185824
0.0226762
0.146149
0.415939
0.283323
0.0705491
0.0351393
0.105267
0.264424
0.447295
0.0210628
0.0326268
0.0577337
0.0793705
0.0221981
0.0438762
0.0773221
0.148386
0.170611
0.421911
0.158681
0.0373595
0.00432773
0.000786497
0
0.0188005
0.172559
0.354663
0.116026
0.0185815
0.00960937
0.0149904
0.0242813
0.0248009
0.201178
0.33751
0.0893539
0.0264354
0.00695576
0.000151515
8.05892e-005
0.0134476
0.151547
0.478716
0.16657
0.0285935
0.0215994
0.00567852
0
0.0214881
0.249956
0.478716
0.208416
0.00296819
0.00685778
0.0378833
0.089522
0.0973636
0.213028
0.146524
0.041625
0.0338018
0.0121734
0.0742295
0.115402
0.151973
0.198388
0.0973724
0.147282
0.0079986
0.0388143
0.00868605
0.000721329
0.0775054
0.318304
0.45329
0.159607
0.0313808
0.0327831
0.00217151
0.00108199
0.081307
0.29137
0.462706
0.324601
0.117739
0.00537543
0.0279182
0.0319006
0.0520754
0.0766423
0.0611105
0.307689
0.285889
0.0131009
0.000664477
0.00231127
0.0062263
0.0120434
0.0148576
0.412897
0.112105
0.04149
0
0.00346121
0.021056
0.185377
0.308395
0.351968
0.316166
0.125414
0.00309908
0.00598959
0.0161845
0.0535039
0.0505935
0.429387
0.263843
0.0285737
0.0028084
0.000166992
0.000548689
0
0.00277918
0.261314
0.206239
0.0228688
0.00237044
0
0
0.00174414
0.0176317
0.385326
0.304773
0.0515043
0.00463261
0.00225827
0.00219476
0
0.00771926
0.389767
0.293326
0.00516541
0.00115815
0.000397575
0
0
0.0162515
0.532016
0.00362404
0.0135074
0.0282577
0.153844
0.201293
0.12306
0.0308309
0.0156573
0.0420495
0.109176
0.0296366
0.136463
0.321273
0.151192
0.0672845
0.0255307
0.0823185
0.0629176
0.0126555
0.0982042
0.285311
0.0960018
0.0729322
0.161351
0.0422315
0.0952434
0.0823204
0.12789
0.396839
0.420499
0.182413
0.223271
0.0108273
0.0353486
0.0192404
0.069518
0.22524
0.0464282
0.00388333
0.00108369
0.00581489
0.0169667
0.0398666
0.229591
0.565668
0.0660446
0
0
0.00708858
0.0418862
0.0637599
0.089025
0.217356
0.128056
0.0213708
0.0108543
0.01894
0.0669249
0.0543939
0.293975
0.565668
0.116475
0.00424981
0
0.00640367
0.00415801
0.0175444
0.23884
0.55002
0.0253651
0.00653589
0.00565204
0.0166033
0.0130166
0.00695068
0.080876
0.215636
0.0479734
0.098344
0.054884
0.00790118
0.0196029
0.00594507
0.324211
0.55002
0.0373104
0.000166444
0.00177324
0.035612
0.0302274
0.00699671
0.13149
0.294366
0.00522452
0.0110186
0.0274238
0.0253244
0.0228786
0.00193704
0.000901155
0.00655292
0.0607551
0.312761
0.137736
0.0195824
0.029322
0.0123018
0.000821363
0.00663477
0.184993
0.693661
0.223922
0.0773126
0.0830163
0.00839536
0.00516458
0.0131912
0.00630592
0.027698
0.0397935
0.329561
0.27886
0.0394536
0.00328545
0.00246528
0.0116387
0.172218
0.0995128
0.00414824
0.0242576
0.00732888
0.00767535
0.0124326
0.109621
0.434653
0.18017
0.0040214
0.0160994
0.00551525
0.0405278
0.0100886
0.167968
0.460598
0.228988
0.23326
0.216532
0.0176404
0.0307014
0.0011998
0.038681
0.160456
0.0933643
0.195509
0.357571
0.0324316
0.162111
0.00320984
0.124019
0.258904
0.104891
0.0353116
0.0316381
0.00638692
0.0464292
0.00482297
0.198407
0.477141
0.275213
0.194927
0.122444
0.0156122
0.0156815
0.00599516
0.090801
0.186594
0.326615
0.126905
0.244249
0.08353
0.191371
0.017586
0.105256
0.248197
0.193349
0.125348
0.0531234
0.0707178
0.0834481
0.0818741
0.176979
0.221018
0.211496
0.219561
0.0589197
0.0165947
0.00591377
0.000713221
0.0181675
0.0647806
0.229189
0.271591
0.0183068
0.00414868
0.00142418
0
0.00303731
0.0579055
0.543555
0.143165
0.0336531
0.0286392
0.0195274
0.127014
0.116131
0.119887
0.132716
0.245229
0.0665639
0.0182336
0.00800886
0.0957504
0.0420787
0.0928341
0.543555
0.133721
0.118992
0.0467129
0.118024
0.260186
0.0244531
0.0905833
0.191946
0.0552865
0.0586478
0.0464846
0.0700417
0.23794
0.313069
0.240159
0.325607
0.0445385
0.0426958
0.0551787
0.251832
0.287071
0.0815203
0.0984726
0.0461086
0.0335673
0.042864
0.0704427
0.061359
0.19685
0.184234
0.198442
0.12575
0.00301406
0.0232033
0.054363
0.0794403
0.119593
0.114811
0.0430791
0.0217665
0.00800864
0.0464491
0.0613113
0.310649
0.587646
0.0990707
0.0160592
0
0.00236791
0.0117494
0.0429915
0.0472956
0.105502
0.0979077
0.0319988
0.0125921
0
0.0163815
0.0778598
0.183744
0.525569
0.287247
0.101224
0.0184718
0.00896694
0.0182242
0.00763586
0.23183
0.438113
0.0294843
0.00555357
0.0102065
0.132536
0.114498
0.01432
0.107229
0.169082
0.00875162
0.0133474
0.0398935
0.0793698
0.0608138
0.0289158
0.11894
0.354882
0.169928
0.141258
0.0804606
0.404995
0.460258
0.0852783
0.0515547
0.11253
0.0705694
0.0982512
0.116391
0.192609
0.165423
0.0100669
0.00300876
0.00345016
0.000176236
0.00587142
0.0309207
0.323596
0.394182
0.0447017
0.00460353
0.000378573
0.000270042
0.00735008
0.0323782
0.403063
0.347427
0.0542024
0.00265555
0.000614553
0.0100221
0.00922502
0.092329
0.321889
0.415585
0.180746
0.0294912
0
0.00220276
0.0179306
0.151102
0.321883
0.349983
0.0326484
0.0157313
0.00279567
0.00845729
0.0280829
0.0581245
0.294601
0.399666
0.0206749
0.0506441
0.010702
0.0302652
0.0497216
0.119012
0.194197
0.37795
0.184203
0.0366426
0.00211631
0.00233248
0.0269832
0.0894851
0.256955
0.374808
0.0643662
0.0143048
0.0122903
0.047487
0.0480116
0.127991
0.276196
0.28113
0.0624755
0.0830075
0.0180707
0.0508779
0.104284
0.165585
0.136176
0.0562923
0.0786683
0.10956
0.0907621
0.124478
0.130056
0.148957
0.262917
0.182293
0.0237503
0.0250487
0.0128092
0.118998
0.280742
0.199997
0.224699
0.0338006
0.0301193
0.0714793
0.0341524
0.0838642
0.371235
0.43163
0.0980777
0.0584467
0.0463887
0.0744093
0.284116
0.106875
0.0488658
0.0938153
0.171569
0.194565
0.116161
0.0372422
0.268442
0.101876
0.0794212
0.268916
0.310053
0.135757
0.0365232
0.0760115
0.152917
0.0199679
0.0765991
0.28029
0.215392
0.273064
0.163225
0.0464255
0.189114
0.168338
0.31083
0.157696
0
0
0.0147256
0.112073
0.145683
0.0872886
0.0774877
0.0369109
0.00592197
0.0644012
0.0899162
0.0887064
0.127428
0.176972
0.106856
0.0378634
0.106714
0.023435
0.063903
0.104853
0.126168
0.0923849
0.146725
0.104055
0.12152
0.0614222
0.101983
0.206685
0.426872
0.58845
0.165654
0.0764371
0.00225703
0.0528684
0.0825726
0.0594247
0.116068
0.129612
0.0759868
0.0190408
0.0235012
0.0784631
0.11378
0.107905
0.280709
0.324587
0.271462
0.0599355
0.0283124
0.0483348
0.0746431
0.114691
0.264798
0.35999
0.0995751
0.0688929
0.333356
0.143566
0.114565
0.0577765
0.153886
0.248391
0.244556
0.176844
0.126284
0.0909533
0.0413894
0.0290991
0.117507
0.185225
0.230296
0.131345
0.437125
0.39222
0.110845
0.00526608
0.0296135
0.115283
0.175822
0.183427
0.275687
0.143232
0.0799307
0.0128462
0.0188459
0.0650547
0.0938067
0.0824521
0.362467
0.229276
0.113581
0.0106444
0.0338576
0.0605689
0.143387
0.118315
0.329992
0.340422
0.158181
0.0136605
0.0036275
0.0309578
0.0472367
0.107391
0.175191
0.27296
0.393858
0.150465
0.0653749
0.00981511
0.0228264
0.146428
0.156686
0.166749
0.109872
0.0492804
0.0571045
0.0224859
0.105937
0.0482928
0.0481139
0.0935058
0.212526
0.372242
0.28919
0.0216778
0.0330876
0.0125905
0.121312
0.365542
0.411
0.167909
0.0828115
0.0107144
0.0127436
0.0583846
0.171401
0.348053
0.145968
0.0608143
0.0577367
0.0904958
0.041266
0.0452467
0.00993628
0.0442795
0.213932
0.392024
0.336348
0.0450983
0.00916585
0.00371597
0.00338068
0.0265245
0.0703953
0.128087
0.151278
0.114743
0.0514211
0.0169085
0.101558
0.109902
0.058532
0.0495692
0.051898
0.208605
0.281018
0.131137
0.213186
0.0179572
0.0138436
0.0314012
0.101744
0.144721
0.415006
0.461012
0.000757668
0.00354404
0.0159995
0.0416158
0.110306
0.225188
0.146291
0.0364395
0.0145102
0.00346284
0.00875443
0.0838845
0.24324
0.247268
0.187065
0.0712735
0.380236
0.137725
0.0493689
0.0644946
0.0864008
0.0356127
0.0966188
0.304835
0.252412
0.252274
0.133481
0.0850566
0.0510985
0.132435
0.396141
0.162738
0.0290124
0.0350528
0.0439767
0.157588
0.220656
0.127974
0.118313
0.0673692
0.0633208
0.139368
0.113423
0.164323
0.0898946
0.125531
0.165314
0.134733
0.149046
0.0257057
0.0770655
0.112938
0.124011
0.0307471
0.13653
0.125862
0.220933
0.0634142
0.139237
0.151482
0.33207
0.420177
0.134808
0.0907431
0.0826568
0.012448
0.0475129
0.119122
0.182794
0.0807957
0.140961
0.129577
0.158841
0.101717
0.191236
0.307606
0.180736
0.0825124
0.123827
0.143994
0.0462644
0.0264727
0.0735088
0.151809
0.350025
0.33689
0.0265942
0.047845
0.249299
0.0913351
0.0422601
0.0675987
0.204674
0.188711
0.0761387
0.125846
0.0278582
0.0364943
0.0878268
0.331291
0.359824
0.079246
0.00615829
0.0161346
0.00196006
0.0146759
0.0267168
0.212722
0.3537
0.102214
0.0129603
0.00320881
0.479738
0.194628
0.117965
0.0607658
0.0530003
0.0682516
0.0827511
0.119678
0.38353
0.265527
0.222772
0.103314
0.110945
0.0302235
0.125212
0.105392
0.00756069
0.0321654
0.077784
0.188717
0.150083
0.0646455
0.0311001
0.0126949
0.0196572
0.0874426
0.27183
0.227819
0.074637
0.0322702
0.0211623
0.0144748
0.0436559
0.0439566
0.0564186
0.080965
0.0477034
0.00918292
0.0345352
0.0107401
0.0128695
0.0165455
0.15745
0.508959
0.17255
0.00900689
0.0120276
0.00163916
0.00917353
0.0223428
0.129177
0.135936
0.0172662
0.00169239
0.000659684
0.000723872
0.00466927
0.012444
0.175932
0.693706
0.227836
8.08721e-005
0
3.54118e-005
0.000535198
0.0287242
0.234436
0.469597
0.197667
0.0218894
0.00722733
0.000263747
0.00229742
0.0294068
0.0823278
0.101783
0.0903665
0.104923
0.0576858
0.0115224
0.00418107
0.0335223
0.170174
0.642912
0.276793
0.00367681
0.00545757
0.00130547
0.0171844
0.0451563
0.0923254
0.129023
0.0874251
0.0370237
0.0373955
0.0138197
0.00693414
0.00600896
0.00426201
0.0336118
0.088587
0.227811
0.283844
0.0631139
0.0412303
0.00849478
0.0156108
0.0728219
0.159324
0.243297
0.481532
0.19689
0.0301461
0.0318342
0.0471277
0.0613275
0.0628154
0.0845148
0.208224
0.0688883
0.091476
0.099981
0.0785023
0.117208
0.0412269
0.0959275
0.393821
0.225429
0.0568798
0.0138516
0.0130867
0.0386281
0.0638517
0.0639139
0.149709
0.18081
0.0911677
0.0247318
0.0184654
0.0336832
0.0342172
0.0815317
0.204053
0.510439
0.110876
0.0731127
0.0690319
0.0979747
0.00834617
0.0172357
0.091557
0.208
0.16822
0.0508313
0.0376533
0.0795536
0.0873083
0.0651155
0.194025
0.595161