0.00249501
0.00281811
0.0551155
0.166556
0.196749
0.0305753
0.00522778
0.00406
0.117138
0.00759247
0.0855891
0.0666425
0.0574417
0.0455578
0.0466872
0.117852
0.00374252
0.00902522
0.127057
0.258432
0.254941
0.0552143
0.00388155
0.00374252
0.411229
0.0896147
0.511101
0.333044
0.1375
0.0699087
0.171993
0.194477
0.0840326
0.008324
0.0239239
0.022003
0.00773022
0.0212292
0.05832
0.0951167
0.0353071
0.0186837
0.0474176
0.191812
0.055548
0.0157782
0.0281018
0.0412807
0.31118
0.0495713
0.139719
0.087437
0.0320468
0.165995
0.425103
0.200207
0.0697621
0.0068149
0.0780615
0.170712
0.0397202
0.440185
0.474008
0.147165
0.0124699
0.022356
0.113961
0.499872
0.140223
0.00322418
0.00151918
0.00861503
0.0174501
0.0432545
0.0796558
0.312748
0.107765
0.000550781
0.0217633
0.0189061
0.0195636
0.0375679
0.173643
0.423342
0.108652
0.310291
0.246792
0.0889252
0.100359
0.0930646
0.0955363
0.21298
0.0773281
0.0320053
0.13839
0.0978997
0.0664528
0.117133
0.0622203
0.134287
0.0706802
0.0256094
0.0900053
0.0533511
0.0364537
0.0946361
0.0822709
0.298603
0.354119
0.0872628
0.115945
0.0586634
0.232025
0.161828
0.0540498
0.0852451
0.0591045
0.0315399
0.167641
0.146931
0.101716
0.153959
0.0640544
0.153743
0.311875
0.149225
0.280118
0.202979
0.00403847
0.0381893
0.0574106
0.093607
0.114132
0.0684274
0.026304
0.0168973
0.00315385
0.119128
0.347029
0.233016
0.159436
0.229894
0.0270149
0.012295
0.0236409
0.071807
0.0398583
0.0452533
0.10335
0.130939
0.0736502
0.0294279
0.0282201
0.171385
0.1967
0.267893
0.378455
0.543051
0.079103
0.00673739
0.000321141
0.0792215
0.366955
0.284254
0.173713
0.131064
0.00669011
0.00205404
0.00364625
0.0531724
0.122991
0.134328
0.141397
0.049123
0.0279672
0.010838
0.00817105
0.0894172
0.183653
0.451599
0.344234
0.342256
0.0265215
0.0054662
0.00591214
0.0386659
0.123764
0.232832
0.141203
0.0702021
0.0370711
0.0111788
0.00236892
0.125686
0.140419
0.0678665
0.149356
0.186286
0.148987
0.00939335
0.00282299
0.144824
0.271656
0.186684
0.202871
0.221707
0.197428
0.0213695
0.00634388
0.12754
0.209664
0.189285
0.172092
0.267495
0.092698
0.00790119
0.00698276
0.171408
0.319556
0.256932
0.164428
0.303864
0.0916101
0.0112514
0.00652544
0.0212569
0.0397162
0.16755
0.119738
0.0285814
0.00326614
0.00111105
0.11092
0.0402876
0.180321
0.312688
0.301059
0.0354029
0.0477995
0.026665
0.0320484
0.0699662
0.0230558
0.174338
0.216032
0.0191109
0.00181821
0.00373077
0.0243345
0.0214682
0.0177472
0.395731
0.640373
0.0231807
0.00550976
0.00765785
0.102657
0.0281807
0.0441192
0.0967487
0.105668
0.0664057
0.147198
0.0595523
0.0574436
0.018641
0.0138898
0.0271877
0.0330116
0.287561
0.280698
0.0985898
0.0654199
0.0451966
0.0253422
0.31069
0.4322
0.0160905
0.0477705
0.0754171
0.0927053
0.0619256
0.0312779
0.216422
0.192088
0.163918
0.45765
0.287199
0.0090394
0.00507634
0.0225995
0.0275644
0.0312165
0.207375
0.232609
0.0668433
0.0164122
0.00818361
0.0115505
0.0156091
0.0116526
0.0726432
0.286782
0.077561
0.0147432
0.00832814
0.00474168
0.020304
0.040142
0.242397
0.514833
0.186538
0.000845513
0.000243307
0.000176197
0.00048189
0.0204063
0.324543
0.514833
0.138293
0.0319829
0.00889821
0.0077714
0.00697429
0.00505704
0.0333849
0.199895
0.0685936
0.0372635
0.0258632
0.0260449
0.0290351
0.0248267
0.0166693
0.0417426
0.0430442
0.0164954
0.00196208
0.00403144
0.00330172
0.05982
0.307023
0.673752
0.206011
0.0593137
0.0143852
0.0295856
0.0262189
0.0494858
0.183671
0.419691
0.257951
0.0284952
0.0797202
0.0824194
0.103514
0.0680383
0.0478803
0.0251533
0.0138712
0.0317921
0.288792
0.25086
0.277037
0.249938
0.163062
0.0234997
0.00367899
0.0291584
0.0348272
0.0866113
0.150412
0.145432
0.186039
0.156046
0.0990211
0.011379
0.157271
0.192713
0.332606
0.386594
0.374273
0.0536539
0.0260771
0.0235419
0.224108
0.226142
0.425995
0.2944
0.149689
0.0186937
0.0159754
0.0357102
0.034185
0.0705611
0.203873
0.100199
0.101152
0.0485121
0.0262479
0.0510602
0.184212
0.166485
0.259447
0.309954
0.248858
0.0521453
0.0431385
0.123476
0.200661
0.222705
0.137479
0.0495695
0.0508463
0.0291661
0.0413784
0.0455312
0.134957
0.0956202
0.171971
0.142382
0.279066
0.124799
0.0240091
0.0368876
0.153336
0.151817
0.252971
0.215622
0.320244
0.125688
0.0143689
0.0951076
0.252474
0.270995
0.18834
0.135834
0.0975933
0.077921
0.0178017
0.0697964
0.218312
0.149008
0.186069
0.248004
0.188601
0.152302
0.0137977
0.0144206
0.0244836
0.0153336
0.0841772
0.175971
0.0149131
0.00810625
0.00299413
0.00406678
0.00394323
0.000682385
0.263248
0.575173
0.0135421
0.00456674
0.00199608
0.00187992
0.0359592
0.0273957
0.0789095
0.171808
0.0533099
0.0140658
0.00217639
0
0.0521444
0.0567855
0.352661
0.575173
0.0390074
0.00749021
0.00145093
0.0104074
0.00992677
0.0110404
0.282994
0.39954
0.00186709
0.00404878
0.0191103
0.0189402
0.0158035
0.0181798
0.231094
0.284784
0.025895
0.225494
0.124277
0
0.00401493
0.00775628
0.309943
0.428125
0.00685623
0
0
0.00732536
0.00283948
0.00272818
0.22501
0.428125
0.00166663
0.0226828
0.0286143
0.0104349
0.00406766
0.00428785
0.0315686
0.0445388
0.0950564
0.501131
0.174892
0.00524296
0.000439247
0
0.000604887
0.0159294
0.191748
0.501131
0.209587
0.0293227
0.00977603
0.0023572
0.0328393
0.101973
0.0114814
0.118982
0.0967249
0.0339959
0.014001
0
0.000151222
0.00265436
0.0280374
0.501131
0.187528
0.00153077
0.000119408
0.000187146
0.00163167
0.0337973
0.117016
0.478664
0.100545
0.00620329
0.000261787
0.00220175
0.00298393
0.0258881
0.138028
0.42216
0.0943109
0.0076053
0.00372942
0
0.000407917
0.00809442
0.0401737
0.478664
0.102125
0.00241291
0.00157411
0
0.000271945
0.0243754
0.109708
0.478664
0.0932407
0.00401479
0.00355132
0.0242165
0.0252634
0.0350181
0.127785
0.314195
0.0729309
0.00182418
0.0155186
0.0768902
0.106793
0.128957
0.166097
0.221279
0.055988
0.000790125
0.00302747
0.00966196
0.00327746
0.0609917
0.153566
0.530491
0.10285
0.003602
0.0100602
0.0423041
0.031887
0.0584377
0.265185
0.530491
0.182857
0.0207051
0.0401882
0.0707142
0.0981121
0.120092
0.101918
0.110753
0.0548097
0.0393494
0.1045
0.112512
0.0387127
0.0181858
0.0113419
0.00959734
0.0169161
0.0207491
0.0340044
0.0448128
0.043699
0.0251029
0.259347
0.712452
0.25768
0.0873921
0.110953
0.0735402
0.0503422
0.00459783
0.0358445
0.376426
0.165936
0.0386343
0.151818
0.242058
0.10865
0.116161
0.0941956
0.0457924
0.00199698
0.0189328
0.0747722
0.0934318
0.117006
0.215211
0.22236
0.118381
0.00188607
0.205272
0.269126
0.159792
0.142923
0.0386006
0.0262745
0.0929689
0.120062
0.482031
0.361361
0.11719
0.181384
0.124733
0.0688548
0.0125088
0.0585225
0
0.0328386
0.0368155
0.11772
0.126163
0.0803122
0.00999281
0.000203697
0
0.0492579
0.090311
0.346027
0.519208
0.117447
0.0103986
0.000135798
0.00306702
0.0142592
0.0199248
0.142912
0.138132
0.0827294
0.0120877
0.0116931
0.0603154
0.00825704
0.0400307
0.424417
0.482628
0.150915
0.0161719
0.014509
0
0.00344576
0.0113847
0.202925
0.439294
0.0239992
0.000594406
0
0.00425094
0.00456862
0.0058463
0.143614
0.439294
0.0115716
0.00291475
0.00776537
0.0199666
0.00154959
0.00642566
0.248471
0.439294
0.0319097
0.00230122
0.00135834
0.00185388
0.00451957
0.00703957
0.241216
0.439294
0.0192379
0.00212064
0.0013145
0.0844019
0.0500548
0.0251975
0.1184
0.418714
0.0166976
0.0393624
0.0770938
0.125116
0.071193
0.013691
0.000610369
0
0.0153828
0.262616
0.157769
0.0430611
0.0430909
0.0339525
0.290188
0.649644
0.0379195
0.0413823
0.0273455
0.143258
0.057321
0.0280779
0.00257578
0.0221678
0.0625177
0.0633104
0.0772836
0.0281959
0.0174834
0.00432367
0.000154921
0.00316874
0.0165415
0.320533
0.0861379
0.0185322
0.0150702
0.00258466
0.00210686
0.025515
0.0704797
0.731647
0.181572
0.121684
0.0486438
0.00989643
0.000232382
0.00627554
0.0125629
0.0202204
0.0348149
0.347574
0.278879
0.00931857
0.00316028
0.0107674
0.0139211
0.111229
0.108095
0.00451453
0.00424038
0.00109249
0.000483472
0.0239703
0.0482997
0.413259
0.0892627
0.0365536
0.00103706
0.000810533
0.00661366
0.0207069
0.118471
0.413259
0.280968
0.194559
0.197216
0.00542499
0.000725208
0.00268872
0.0092013
0.136848
0.0680638
0.410307
0.256029
0.0108348
0.0264546
0
0.0342572
0.268673
0.32175
0.0360696
0.00294775
0.00752602
0.0515446
0.00522808
0.122863
0.426054
0.247398
0.0483811
0.0211034
0.0179035
0.0614325
0.00414269
0.0642044
0.36017
0.163568
0.319957
0.144583
0.0240611
0.180037
0.0256143
0.0947306
0.237831
0.299053
0.140501
0.17021
0.0766301
0.201827
0.0492216
0.109223
0.291137
0.148832
0.107772
0.103572
0.038022
0.0239545
0.00130503
0.0424033
0.182103
0.127487
0.330832
0.154025
0.0357515
0.0163936
0.00284743
0.0243482
0.0594357
0.156288
0.112256
0.270285
0.159212
0.131071
0.03335
0.0915525
0.303791
0.150096
0.2971
0.180466
0.135678
0.0910621
0.00630326
0.0418701
0.152756
0.530566
0.0785297
0.0578319
0.054775
0.130998
0.102372
0.0380306
0.0128799
0.0684419
0.164273
0.0383502
0.173064
0.447908
0.405206
0.0894955
0.0125448
0.0861322
0.120405
0.135709
0.0894341
0.0404137
0.0470493
0.0767764
0.0666733
0.0877338
0.113818
0.118844
0.255135
0.30834
0.260177
0.295424
0.0866416
0.103934
0.021896
0.00312524
0.0220866
0.20679
0.377457
0.0178413
0.00325586
0.00745013
0.0106139
0.00671874
0.00407318
0.237485
0.452859
0.00788846
0.00885756
0.00366732
0.00603726
0.0140645
0.0397533
0.209178
0.364357
0.114912
0.0156173
0.0153745
0.179754
0.1241
0.00378822
0.173262
0.452859
0.146787
0.0654087
0.0784724
0.0614826
0.0340175
0.00202934
0.061304
0.155955
0.00391838
0.0128609
0.0129733
0.223635
0.151572
0.00159641
0.000303799
0.00365001
0.00976
0.0117834
0.0203556
0.387561
0.397073
0.00931942
0.0279528
0.157005
0.0466328
0.0371697
0.0621816
0.501026
0.501026
0.0204292
0
0
0.000879812
0.00329999
0.0144132
0.235344
0.175419
0.0016187
0.00160933
0.00225764
0.00379143
0.00456324
0.00990511
0.358757
0.383549
0.00976171
0.00545857
0.00150021
0.00117049
0.00342402
0.0165153
0.33735
0.438328
0.0199512
0.00638106
0.00245425
0.000479391
0.000771149
0.00364344
0.300997
0.438328
0.0654296
0.0247396
0.00856651
0.00469974
0.000105166
0.000458772
0.264558
0.355531
0.0198637
0.00426485
0.000463822
0.000567835
0.00510583
0.0145699
0.370555
0.3971
0.0351191
0.00885316
0
0.00851991
0.0300893
0.0656186
0.183648
0.405298
0.0753864
0.0180176
0.0109615
0.00926013
0
0.00211545
0.299914
0.405298
0.050945
0.0038188
0.00704856
0.00662838
0.00161269
0.0104198
0.366554
0.328297
0.0319472
0.0599806
0.0151273
0.0328911
0.0462417
0.0851659
0.359467
0.362652
0.0616967
0.073455
0.0317275
0.0376046
0.0535459
0.0347448
0.302309
0.408722
0.020766
0.00137593
0.00760694
0.013477
0.00913345
0.0192085
0.309994
0.250446
0.0144168
0.010687
0.0296381
0.0175477
0.0154289
0.0229592
0.333286
0.53897
0.187845
0.126047
0.033378
0.0412691
0.0951889
0.0586256
0.190155
0.201651
0.16867
0.104217
0.0121757
0.0320784
0.0894862
0.391736
0.267865
0.267722
0.043107
0.0261954
0.0313475
0.028635
0.0141719
0.0169457
0.0882849
0.10912
0.0451167
0.031779
0.0558515
0.0552368
0.0430558
0.0508309
0.038436
0.0571463
0.0287189
0.00949517
0.0424091
0.114884
0.0959656
0.077465
0.0297197
0.0631153
0.100936
0.224231
0.438315
0.430309
0.153028
0.0779279
0.0248384
0.0125092
0.00865274
0.0277665
0.0679766
0.0940057
0.081957
0.0406477
0.0999724
0.0348138
0.0943622
0.115306
0.422011
0.318119
0.193626
0.0891805
0.0132029
0.0600864
0.0374247
0.188147
0.295046
0.16991
0.0832542
0.0271379
0.268871
0.358111
0.0666737
0.123293
0.297302
0.158703
0.130477
0.131242
0.15997
0.0946668
0.0616517
0.0665669
0.133603
0.0819874
0.124534
0.0520757
0.321841
0.440471
0.133624
0.0370857
0.0380127
0.0133841
0.0775706
0.0652859
0.293985
0.475599
0.0645298
0.0074268
0.0415708
0.0323784
0.0284992
0.0493555
0.275865
0.503487
0.0653485
0.000937431
0.00128902
0
0.000748033
0.00655326
0.186737
0.340392
0.0869108
0.00698374
0.00429102
0.000236361
0.00560571
0.0168773
0.152162
0.328077
0.0599018
0.0147105
0.010367
0.00385211
0.00306285
0.0101959
0.235523
0.603731
0.0621165
0.0067627
0.0132952
0
0.00352464
0.0147811
0.164234
0.552061
0.135699
0.0611115
0.0636838
0.0573404
0.00234976
0.00600307
0.119429
0.215498
0.0471187
0.0643219
0.049786
0.0053976
0.00663798
0.0223027
0.0806492
0.15197
0.145151
0.125409
0.119541
0.0626714
0.0112689
0.0116631
0.122729
0.445774
0.158143
0.0696845
0.158214
0.149817
0
0.000709018
0.275874
0.420924
0.0751378
0.0360615
0.131417
0.0856012
0.00656881
0.00845778
0.0192745
0.103437
0.244762
0.181791
0.27442
0.165789
0.00583512
0.00201704
0.0162165
0.0541315
0.150068
0.18609
0.284612
0.106238
0.00976247
0.00725652
0.416974
0.531732
0.123895
0.0487756
0.0722244
0.052101
0.0246789
0.0383836
0.193014
0.171814
0.172886
0.096654
0.144949
0.0739222
0.0413312
0.0568211
0.0271277
0.0765979
0.21493
0.149005
0.142202
0.136851
0.0332745
0.0157324
0.0505512
0.086203
0.249202
0.124675
0.0832941
0.156543
0.0606854
0.0419641
0.171104
0.0915118
0.0987097
0.111302
0.115112
0.114324
0.10355
0.0863475
0.216867
0.174798
0.0688294
0.149242
0.186917
0.141939
0.144109
0.0910642
0.139311
0.12406
0.0846373
0.0984639
0.0596069
0.103606
0.210896
0.125703
0.291977
0.245258
0.0382694
0.188724
0.193555
0.143904
0.330793
0.138517
0.0326357
0.0241429
0.0146565
0.0525112
0.10547
0.11363
0.0788713
0.025848
0.205406
0.0988086
0.134362
0.0829266
0.212898
0.207153
0.115137
0.0909237
0.0712831
0.0458135
0.0922261
0.0521403
0.111723
0.130851
0.12707
0.12751
0.237915
0.254928
0.517953
0.153563
0.161796
0.118872
0.0829039
0.230516
0.318153
0.108218
0.124296
0.0492574
0.159683
0.0997062
0.0714807
0.078035
0.501762
0.377857
0.118533
0.0225886
0.123311
0.0523026
0.0344728
0.0680427
0.11773
0.0959794
0.153984
0.0820655
0.179381
0.10328
0.0848446
0.210267
0.0879373
0.105838
0.0443915
0.104378
0.22313
0.156488
0.0849119
0.128073
0.461774
0.503916
0.103757
0.0314772
0.0487581
0.0125842
0.0125654
0.0558701
0.249161
0.263752
0.113676
0.147345
0.0629422
0.0265613
0.0197694
0.0259321
0.151044
0.148051
0.0453693
0.0849386
0.0692372
0.065804
0.0647561
0.103714
0.139633
0.104298
0.082522
0.17058
0.0782513
0.0272391
0.0364342
0.091046
0.0378288
0.0328802
0.0816432
0.21548
0.0789794
0.0153112
0.0108445
0.00839486
0.0287136
0.146469
0.289944
0.335275
0.181661
0.181389
0.0634125
0.00671156
0.0246251
0.0190439
0.0873332
0.235715
0.0968861
0.0207537
0.00915151
0.0137504
0.0351343
0.0842139
0.247813
0.34683
0.270671
0.424081
0.155577
0
0.00528762
0.119395
0.343697
0.1971
0.14647
0.166469
0.0292693
0.00174357
0.00861764
0.0494625
0.226046
0.160235
0.143344
0.0780367
0.0101864
0.00768685
0.0104329
0.0454857
0.20145
0.260325
0.354179
0.417269
0.0888181
0.000203395
0.0142717
0.0172517
0.124085
0.212488
0.28241
0.187913
0.0303098
0.0142717
0.0226944
0.0333838
0.235262
0.176781
0.142262
0.176031
0.0423186
0.0206311
0.0454392
0.0905094
0.214069
0.190146
0.150547
0.203171
0.0772788
0.0438377
0.039337
0.0335952
0.333261
0.259918
0.150952
0.161039
0.0645421
0.0362866
0.0473931
0.119406
0.333786
0.260418
0.156384
0.143468
0.103099
0.0591499
0.0540071
0.0970442
0.0232276
0.0538463
0.0584656
0.0375206
0.0769905
0.0421922
0.122451
0.158722
0.0329483
0.129026
0.0950568
0.0583526
0.127576
0.0349779
0.0521795
0.0896828
0.0503762
0.0754404
0.0948124
0.0642885
0.0676194
0.081554
0.13405
0.259594
0.165137
0.625011
0.422397
0.122131
0.0528381
0.0486669