0.0010824
0.00131264
0.00394608
0.158608
0.114734
0.00452526
0.00254477
0.0010824
0.000534755
0.000106951
0.00192621
0.46759
0.43923
0.00197845
1.41796e-005
0
0.002931
0.00261242
0.00917891
0.227756
0.120649
0.00150386
0.00109381
0.002931
0.000802132
0.000160427
0.00503896
0.46759
0.46759
0.000869379
0
0
0.02263
0.00609572
0.00551996
0.373053
0.284123
0.0108423
0.000303996
0.00787691
0.0613997
0.012023
0.00402567
0.0152891
0.0191415
0.0160015
0.00721335
0.0788724
0.086834
0.0325641
0.0908451
0.504241
0.378871
0.00561712
0
0.0184332
0.286605
0.0661179
0.155799
0.159122
0.065542
0.0824092
0.160066
0.361462
0.0392582
0.0114301
0.00415091
0.00505705
0.0105516
0.0102213
0.0304746
0.104747
0.0151349
0.0122243
0.0119512
0.0139392
0.0105681
0.00876872
0.028594
0.0302133
0.161067
0.0253587
0.0487523
0.0267922
0.0169551
0.264751
0.517975
0.523397
0.0278819
0.0113972
0.00201677
0.0143546
0.0134205
0.15217
0.432696
0.244806
0.00661372
0.00504166
0.0130206
0.124848
0.0545825
0.00382284
0.00509027
0.0051217
0.000760803
0.00115256
0.0260872
0.593525
0.264205
0.00758809
0.000325815
0.000409945
0.0107045
0.00533242
0.00658714
0.106491
0.119488
0.0259312
0.100597
0.0542106
0.000132669
0.000252498
0.0104471
0.366731
0.542095
0.169959
0.00893797
0.00544745
0
0.00160423
0.0465212
0.522126
0.243772
0.0284434
0.000147156
0
0.00506561
0.0320633
0.0679426
0.208907
0.110059
0.0490705
0.00735125
0
0
0.00106949
0.0222428
0.279465
0.508297
0.270203
0.000134398
0
0.00337707
0.0271224
0.0505064
0.125071
0.279999
0.15593
0.00567536
0
0.0276711
0.183769
0.209192
0.247376
0.206598
0.16475
0.061671
0.00811603
0.179171
0.08496
0.105005
0.0833138
0.13328
0.0816122
0.105206
0.112079
0.0255756
0.163132
0.189785
0.200753
0.371377
0.251406
0.0854444
0.0104935
0.128843
0.059417
0.090063
0.0800856
0.116297
0.147444
0.146462
0.114235
0.251263
0.032967
0.0343472
0.0397281
0.0559668
0.0667541
0.136975
0.244063
0.28729
0.276895
0.0535822
0.0256438
0.0408198
0.0596267
0.139683
0.278156
0.167018
0.0190268
0.0374407
0.0694243
0.11163
0.104286
0.125892
0.144481
0.201528
0.253806
0.136119
0.0742521
0.105171
0.0790537
0.117992
0.0948105
0.00150002
0.00102757
0.00467661
0.186875
0.0970958
0.00169933
0.00169933
0.00150002
0.000105947
2.11895e-005
0.00189497
0.466899
0.413326
0
0
0
0.000309701
0.000698176
0.00094244
0.258495
0.133448
0.00275628
0.00275628
0.000309701
0
0
0.000113758
0.466899
0.466899
0
0
0
0.0210272
0.00936607
0.0434135
0.383451
0.264902
0
0
0.0028508
0.117651
0.0612559
0.116173
0.217781
0.12511
0.0590081
0.0872395
0.139636
0
0.000206775
0.00963064
0.398994
0.389846
0.000971118
0
0
0.0654659
0.0767519
0.151697
0.398994
0.32638
0.0204638
0.0202457
0.0713995
0.0817948
0.0491612
0.0400503
0.0377281
0.0201911
0.143967
0.270708
0.212605
0.0213667
0.0131917
0.00575333
0.00147976
0.00381299
0.116579
0.413368
0.17626
0.119032
0.100502
0.150343
0.198216
0.10361
0.077107
0.265552
0.245794
0.0522839
0.0326636
0.045833
0.00928881
0.00778571
0.226549
0.461495
0.28687
0.00397642
0.00267235
0.0048241
0.0143447
0.0476016
0.0539186
0.264715
0.116293
0
0
0
0.0480693
0.229899
0.18888
0.0809592
0.0504936
0.00475674
0.00437898
0.0192964
0.00045185
0.012988
0.252663
0.506505
0.232235
0.0471809
0
0
0.0557784
0.134745
0.367892
0.446611
0.166799
0
0
0.00171584
0.1235
0.385953
0.286783
0.0117143
0.00375889
0
0.00144454
0.0140792
0.152031
0.276345
0.110301
0.00287288
0
0.0541555
0.00468598
0.00222873
0.244482
0.384235
0.338186
0.150883
0.076532
0.00643076
0.00702898
0.0140493
0.22939
0.279882
0.293378
0.0872596
0.0132064
0.00983536
0.0157712
0.0706325
0.234148
0.288566
0.11873
0.028454
0.00726212
0.0531838
0.0132116
0.050428
0.070501
0.09287
0.080113
0.0795999
0.097434
0.00743967
0.00864852
0.0522977
0.279734
0.359061
0.452443
0.201309
0.0712257
0.0486876
0.010206
0.0892644
0.207087
0.232228
0.0737158
0.108958
0.13672
0.120699
0.0118907
0.0263877
0.0684575
0.0944325
0.111168
0.124257
0.193031
0.120941
0.117687
0.174316
0.107601
0.0841083
0.0905762
0.107285
0.0937027
0.173668
0.0399359
0.141161
0.170747
0.167444
0.0560572
0.0880807
0.316135
0.168917
0.11668
0.224352
0.232384
0.159698
0.0590271
0.115457
0.233275
0.000506862
0.00120814
0.00106465
0.210714
0.122183
0.000581532
0.000581532
0.000506862
0
0
5.53069e-005
0.458713
0.396216
0
0
0
0.000603144
0.00186624
0.00130921
0.274326
0.175845
0.00228223
0.00114935
0.000988267
0.0174976
0.00214762
0.00549626
0.458713
0.458713
0.0227755
0
0.00571048
0
1.39516e-005
0.00124169
0.370074
0.243106
0.00121506
0
0
0.0119774
0.0145565
0.0529136
0.388077
0.313259
0.00486025
0.00111449
0.0129307
0.0192416
0.00525601
0.0133611
0.388077
0.245809
0.0197113
0
0.00627966
0.0048104
0.00417547
0.0110825
0.388077
0.388077
0.00491683
0
0.00156991
0.0432921
0.0377815
0.101173
0.360032
0.240746
0.0236764
0.134215
0.0842431
0.0231211
0.0167149
0.031372
0.0408058
0.0334146
0.129737
0.49068
0.172895
0.000670486
0.00479848
0.00984215
0.49068
0.348096
0.00207403
0.0164122
0.00453249
0.0030332
0.00650409
0.00894915
0.0927823
0.0481668
0.0120914
0.236037
0.0583081
0.00234536
0.000710139
0.00438868
0.000156634
0.00365068
0.13234
0.44859
0.130141
0.0253776
0.00467106
0.00108778
0.0146098
0.0525948
0.209408
0.44859
0.199019
0.00254434
0.00127358
0.00128933
0.00113917
0.00271696
0.0268764
0.361679
0.0955586
0.00535093
0.00725665
0.00163619
0.00208401
0.014882
0.186002
0.44859
0.234006
0.0354193
0.0254411
0.00422797
0.0354965
0.101744
0.185198
0.175545
0.118989
0.027128
0.0235835
0.00359556
0.0229831
0.0716294
0.229019
0.173143
0.0655682
0.0236627
0.0315389
0.00611085
0.00315237
0.0252808
0.289557
0.470853
0.231951
0.0389015
0.0254411
0.0040739
0.000760692
0.0868242
0.314349
0.470853
0.274138
0.00525875
0.00231087
0.000886159
0.011039
0.0482622
0.170497
0.215776
0.0752402
0.00465127
0.00084427
0.00695819
0.0230761
0.0380074
0.0890005
0.0967404
0.0439825
0.0440027
0.00154058
0
0.000787743
0.120372
0.345227
0.535992
0.263084
0.0406757
0.000211067
0.00198862
0.00462617
0.067257
0.278198
0.409335
0.314354
0.0344086
0.0171063
0.0348096
0.0340322
0.0411143
0.0518877
0.0620558
0.0586078
0.0374719
0.0433758
0.052036
0.0504534
0.0443824
0.0126355
0.0321135
0.0480879
0.0542263
0.00933904
0.00886115
0.00860871
0.04376
0.336332
0.611927
0.471807
0.186342
0.108784
0.0238238
0.0274112
0.0528304
0.163814
0.210426
0.128568
0.000564877
0.00145037
0.000976676
0.262514
0.139419
0.00426176
0.00204738
0.00144095
0.0451751
0.0130712
0.0145756
0.452563
0.355778
0.0271832
0.00134198
0.0186561
0.000569507
0.00197358
0.00171803
0.346542
0.215107
0.00233004
0.00142837
0.00100014
0.0435224
0.0337452
0.0464873
0.452563
0.388981
0.0171881
0.0130553
0.0617638
0.0498123
0.0226863
0.0315566
0.308425
0.178627
0.0279168
0.00243873
0.022252
0.0116228
0.0130985
0.0186121
0.419984
0.331651
0.00880344
0.00124382
0.00556301
0.0356305
0.0325673
0.0404364
0.347875
0.22979
0.0379896
0.018924
0.0736687
0.00558647
0.010561
0.0097632
0.419984
0.419984
0.0240385
0.00726752
0.0184172
0.00100748
0.00143661
0.00399177
0.54827
0.350278
0.000253281
0.000556532
0.000671886
0.00577904
0.00738549
0.0104778
0.0902676
0.038445
0.001375
0.0186064
0.0102503
0.000788706
0.000530084
0.00190468
0.54827
0.446378
0.000351597
0
0.000104834
0.0160627
0.0115004
0.0127063
0.0966257
0.0508061
0.00131
0.00115416
0.00104739
0.0154677
0.00961311
0.008805
0.0135339
0.00723896
0.00322576
0.142034
0.0740739
0.0364361
0.0178989
0.00241095
0.00583916
0.0105412
0.142025
0.707422
0.246949
0.058706
0.0753069
0.0297626
0.0237957
0.00512614
0.00374879
0.00599727
0.0307948
0.407268
0.334085
0.0225421
0.0112473
0.00827592
0.00338211
0.0355636
0.131167
0.0125722
0.0101277
0.00175954
0.00172836
0.00223643
0.0770029
0.401502
0.109385
0.0530209
0.0200176
0.00644735
0.000929566
0.0284543
0.187768
0.453326
0.17592
0.183731
0.239369
0.0243197
0.00580007
0.00193864
0.00220942
0.0689038
0.0353257
0.318158
0.453326
0.0731422
0.00371827
0.00692944
0.0698005
0.288347
0.0468923
0.0538335
0.0244243
0.0404209
0.0349519
0.0578295
0.197298
0.404847
0.133274
0.0592228
0.0218736
0.0703838
0.0598063
0.0523559
0.155733
0.221708
0.244093
0.238563
0.404847
0.15808
0.058236
0.0384984
0.137131
0.209521
0.046834
0.167766
0.36618
0.217252
0.0984216
0.0434934
0.147012
0.0903796
0.122599
0.0683772
0.0248668
0.0325713
0.0195482
0.0311193
0.225951
0.296276
0.285533
0.160669
0.0728496
0.00477201
0.00167649
0.0312978
0.156979
0.238917
0.115655
0.191591
0.370243
0.15907
0.0654606
0.0430651
0.184289
0.165916
0.212321
0.166796
0.149732
0.170212
0.0694818
0.0433245
0.201491
0.305852
0.235959
0.0004699
0.00148633
0.00115639
0.260487
0.165679
0.00120998
0.00132684
0.0004699
0.0066249
0.0141794
0.029268
0.443335
0.312472
0.00363044
0.00600719
0.0230634
0.000590579
0.00117228
0.00250359
0.341007
0.235712
0.00161652
0.00179181
0.000590579
0
0.00202958
0.00493731
0.443335
0.443335
0
0
0
0.00367069
0.0133691
0.0238374
0.362472
0.177362
0.00996321
0.00833385
0.0284399
0.000353849
0.00250271
0.00345973
0.399657
0.319327
0.00760034
0.00307596
0.00772116
0
0.00250271
0.00608827
0.399657
0.230509
0.00263674
0
0
0.0245328
0.0106334
0.00547891
0.399657
0.396778
0.0469175
0.0288421
0.0128329
0.00903244
0.00847759
0.00119826
0.407924
0.262003
0.00561118
0.00144439
0.00304119
0.0842889
0.100391
0.00799895
0.0416117
0.0304647
0.00461977
0.00112081
0.00221374
0.204933
0.1557
0.024446
0.31211
0.31524
0.0531163
0.0494616
0.0352366
0.456566
0.466
0.0417543
0.0185874
0.0214557
0.00822139
0.0100208
0.0173496
0.113454
0.172765
0.00970196
0.00236508
0.000720205
0.000371148
0.00023352
0.00372839
0.249299
0.443113
0.0148591
0.000871328
0.000113996
0.000119614
0.000119614
0.0182614
0.326988
0.443113
0.0186249
7.72225e-006
0.000283589
9.17524e-005
0
0.00847277
0.390584
0.443113
0.0255474
0
0.00262216
0.00351882
0.00343074
0.0318597
0.268361
0.423789
0.022502
0.00148324
0.000164804
0.00104942
0.00174317
0.0182985
0.248312
0.423789
0.0719486
0.000988827
0.000798427
0.00941006
0.0114279
0.0137669
0.240052
0.423789
0.042018
0.0140145
0.00388685
0.00741914
0.00469237
0.0478611
0.162885
0.423789
0.0923923
0.0210218
0.000971712
0.017049
0.0096294
0.041323
0.231169
0.446225
0.10165
0.0111233
0.00509979
0.0378565
0.0198049
0.00686424
0.197453
0.446225
0.126961
0.0184531
0.00557731
0.0516452
0.020758
0.0131351
0.153556
0.441167
0.0827511
0.00412125
0
0.0122962
0.0102393
0.00994525
0.150415
0.417902
0.0999714
0.00197618
0.00190899
0.00946005
0.0152068
0.00906286
0.284195
0.603565
0.171457
0.0382839
0.0114669
0.0379952
0.0275589
0.0523037
0.156228
0.234136
0.251869
0.0697824
0.0158582
0.066902
0.0719319
0.143869
0.247679
0.380422
0.100366
0.00636469
0.0129166
0.00617631
0.0166521
0.0337914
0.15555
0.138591
0.0856821
0.016225
0.0192609
0.0212905
0.0210926
0.035172
0.000530775
0.00210128
0.00372394
0.270805
0.179443
0.000783166
0.000805327
0.000530775
0
0
0
0.416869
0.393283
0
0
0
0.00173725
0.00207757
0.00389045
0.348911
0.235289
0.000566631
0.000318634
0.00173725
5.75137e-005
0
0.00201681
0.416869
0.416869
0.00640761
0.0032792
0.000977736
0.00144376
0
0
0.395841
0.321455
0.0221802
0.00177621
0.00206809
0.0558661
0.0351336
0.0219815
0.294571
0.332969
0.143889
0.0949815
0.0457151
0.0497079
0.00168358
0.00331206
0.309245
0.385173
0.0658713
0.0260978
0.0483045
0.309447
0.156773
0.0421834
0.0873694
0.191615
0.144333
0.104015
0.118508
0.223059
0.191612
0.0735642
0.0696532
0.115648
0.0735942
0.0757717
0.0606606
0.412647
0.412647
0.0999759
0.00675282
0.00300181
0.00200147
0.00637375
0.0241278
0.29629
0.299278
0.107357
0.00886432
0.0145473
0.0443312
0.0568868
0.0607283
0.362758
0.375925
0.105612
0.00368194
0
0.000124803
0.00260824
0.0288977
0.366187
0.476827
0.0690878
0
0
0
0
0.0166879
0.369124
0.466527
0.0474154
0.032564
0.0194125
0.0165972
0.0161817
0.0611733
0.254781
0.276883
0.0590449
0.00133275
0.00407973
0.00219038
0.00141196
0.0161353
0.1461
0.113803
0.0663682
0.174775
0.0965608
0.0148923
0.0114455
0.0154319
0.182736
0.355058
0.105774
0.120198
0.0377694
0.022336
0.0153691
0.0747342
0.107528
0.501918
0.164033
0.123293
0.0100271
0.0118201
0.00536304
0.0284409
0.0409933
0.0617927
0.192446
0.432751
0.149135
0.0167867
0.00935225
0.0151463
0.0475943
0.141817
0.259008
0.320281
0.0521697
0.00733506
0.00337293
0.00443689
0.170707
0.729336
0.16349
0.03971
0.000299254
0.00656777
0.0150547
0.0210882
0.108351
0.415622
0.113877
0.0104302
0.0237463
0.0106085
0.0684215
0.0364123
0.126823
0.190668
0.169436
0.0922962
0.00506182
0.00391896
0.0188902
0.0354598
0.078141
0.0625043
0.0348819
0.0581023
0.0513611
0.0109775
0.0654463
0.0523214
0.170276
0.27186
0.129295
0.0422501
0.131403
0.0778272
0.2117
0.0919877
0.151046
0.0643906
0.0678284
0.0702714
0.155416
0.162803
0.297289
0.0663943
0.116539
0.02953
0.0412521
0.127908
0.167675
0.0935609
0.232901
0.0888428
0.139957
0.135818
0.154874
0.109438
0.164005
0.178997
0.361366
0.0603445
0.0010051
0.000832962
0.00258292
0.266685
0.236882
0.00175903
5.57913e-005
0.0010051
0.000496905
0
0.00316435
0.403967
0.376471
0.0144745
0.0069958
0.00432819
0.00205997
0.000959158
0.00444959
0.364023
0.282231
0.00183321
0
0.00205997
0.00131819
0.00011294
0.00112079
0.403967
0.389861
0.0116698
0.00477517
0.00387247
0.132128
0.00597566
0.0108742
0.322796
0.346158
0.096507
0.0624158
0.119682
0.622278
0.215888
0.034757
0.0331435
0.0937117
0.0785946
0.0655259
0.186228
0.0650995
0.00405219
0.00649212
0.280001
0.190629
0.0482654
0.0256164
0.0574504
0.202303
0.034019
0.0175973
0.00595576
0.00671889
0.0239225
0.021089
0.0994779
0.577285
0.482774
0.10925
0.000983907
0.00227133
0.0132332
0.0197067
0.0608358
0.355302
0.386756
0.0860152
0.00252207
0.000120327
0.00142116
0.00755428
0.0359811
0.155012
0.0718556
0.0487285
0.00453303
0.00365366
0.00906233
0.0114718
0.0523567
0.0908209
0.0638216
0.0418401
0.0118882
0.0005426
0.00527147
0.0159033
0.0402827
0.164149
0.136772
0.0255677
0.00860057
0.0200084
0.0121939
0.012469
0.0241659
0.0559986
0.0354371
0.0461644
0.354635
0.485148
0.0236737
0.00487634
0.00256495
0.0323637
0.0170709
0.0163555
0.0388725
0.0190863
0.0119355
0.0166531
0.025528
0.00136754
0.00112254
0.0131184
0.312094
0.622501
0.0886059
0.00565741
0.00218733
0.00364923
0.00176102
0.074698
0.303018
0.381521
0.0258022
0
6.07774e-005
0.0131532
0.00946525
0.118531
0.185007
0.196922
0.0588595
0.0268826
0.00755724
0
0
0.00173404
0.158299
0.569629
0.158398
0.000994203
0
0.00237576
0.00430593
0.0114216
0.0644471
0.425518
0.216905
0.039499
0.00586595
0.167499
0.12837
0.222677
0.129801
0.0763732
0.10547
0.160082
0.0998064
0.146453
0.194063
0.110346
0.13387
0.0635183
0.013713
0.0636618
0.082308
0.0863041
0.124167
0.076474
0.104498
0.350387
0.290699
0.276559
0.0985775
0.224091
0.279226
0.171715
0.0759009
0.0391088
0.0169746
0.0937279
0.117255
0.077178
0.0751171
0.107759
0.113696
0.0546722
0.0245957
0.0590578
0.0454274
0.107023
0.153034
0.327531
0.133996
0.0351741
0.0327453
0.0797788
0.0348594
0.0992678
0.185965
0.319021
0.0996569
0.0196776
0.00780048
0.020907
0.0293946
0.0296068
0.267124
0.570305
0.160945
0.0125499
0.00623029
0.0214386
0.00359873