0.0698039
0.0531697
0.043437
0.0880512
0.0982496
0.13383
0.130061
0.0711569
0.153885
0.103803
0.0647585
0.0510128
0.0623962
0.16053
0.232878
0.177635
0.0892154
0.0813826
0.0636776
0.148241
0.180719
0.210442
0.182701
0.0966288
0.154352
0.115635
0.12217
0.0783283
0.0726922
0.172549
0.237912
0.180668
0.119169
0.0890236
0.0617564
0.0355678
0.0388987
0.0654058
0.0947614
0.132956
0.241834
0.0720216
0.0361339
0.0224109
0.0284161
0.124199
0.126893
0.239566
0.113049
0.226174
0.158648
0.0353037
0.021299
0.0606292
0.088478
0.115982
0.25704
0.266976
0.129135
0.0223742
0.0130377
0.0756268
0.254349
0.322794
0.138437
0.0488215
0.0289301
0.00851519
0.0229763
0.149412
0.189646
0.152566
0.0695859
0.0998709
0.0769283
0.0601244
0.0734571
0.13709
0.182336
0.0816439
0.216408
0.16602
0.0527573
0.00655721
0.00655721
0.0553204
0.314823
0.290184
0.133428
0.185374
0.0809332
0.076604
0.0729412
0.145935
0.305274
0.154729
0.057544
0.0841056
0.110947
0.0689685
0.0751649
0.10918
0.08429
0.058746
0.138942
0.129362
0.109825
0.0528081
0.123384
0.29478
0.145703
0.114725
0.0748987
0.0497517
0.119823
0.139186
0.127052
0.226231
0.18455
0.0740255
0.16193
0.113236
0.153219
0.187232
0.186156
0.214182
0.19315
0.154465
0.157773
0.145539
0.0380576
0.012845
0.0499659
0.130483
0.118384
0.140337
0.140703
0.12015
0.0413961
0.00536296
0.00536296
0.0492133
0.376975
0.374455
0.140255
0.159824
0.112624
0.10891
0.103385
0.0720013
0.0597086
0.101873
0.228372
0.179588
0.119594
0.079732
0.0653369
0.0889272
0.157246
0.145827
0.0793432
0.0155873
0.00839737
0.00458101
0.00458101
0.0378479
0.223489
0.304796
0.295689
0.0552023
0.00669689
0.00720544
0.00433534
0.0229515
0.139203
0.548069
0.115138
0.0385783
0.0306178
0.0348486
0.0302522
0.0433949
0.149629
0.124383
0.239622
0.0234278
0.0181335
0.0279057
0.0255919
0.0401139
0.17464
0.281023
0.352714
0.157796
0.056572
0.0310939
0.00187988
0.00215781
0.0215061
0.224456
0.532281
0.171076
0.0866389
0.0508108
0.00773517
0
0
0.22193
0.229409
0.0632918
0.0374991
0.0213596
0.00529251
0.0133579
0.0587058
0.198637
0.262578
0.177488
0.0641858
0.0386098
0.0121654
0.00471937
0.0201896
0.176803
0.111729
0.137797
0.0610147
0.0708933
0.0917949
0.16469
0.144929
0.0848886
0.0661521
0.177688
0.180085
0.0900018
0.0789367
0.131601
0.152275
0.0647699
0.189969
0.139176
0.0672733
0.10089
0.102951
0.115518
0.206712
0.189877
0.11526
0.171712
0.158812
0.14145
0.136256
0.115745
0.217271
0.136547
0.069168
0.196105
0.168694
0.0456856
0.0221428
0.0213085
0.0393028
0.0617855
0.134972
0.207039
0.138818
0.064867
0.0463812
0.0806755
0.172694
0.225196
0.0862521
0.186315
0.147953
0.0735532
0.0637945
0.0219096
0.0450815
0.0711343
0.0836479
0.184803
0.341415
0.338388
0.259813
0.130164
0.0934033
0.136274
0.0522607
0.0918134
0.0461341
0.0372027
0.0176206
0.0510485
0.141621
0.121353
0.0258826
0.0600847
0.0381757
0.0616804
0.0626315
0.143908
0.178649
0.0765084
0.040708
0.130765
0.195633
0.280188
0.138525
0.100883
0.0864372
0.0518232
0.118776
0.177585
0.095893
0.176473
0.106163
0.392973
0.501794
0.115954
0.0132397
0.0130385
0.0656206
0.0893585
0.09198
0.141594
0.0908328
0.0158137
0.0340057
0.0517464
0.0827549
0.105659
0.0967851
0.089282
0.0600324
0.018196
0.0461467
0.0465749
0.0366511
0.0598359
0.0977338
0.457291
0.55455
0.0886306
0.0569499
0.0853008
0.0697296
0.0495123
0.0703294
0.25419
0.278264
0.0678429
0.0539751
0.103476
0.122768
0.171166
0.160161
0.0882382
0.0547551
0.0289392
0.131231
0.109359
0.120812
0.210846
0.193155
0.0991819
0.102515
0.0605245
0.111427
0.210164
0.144918
0.100641
0.102451
0.14383
0.136534
0.0753601
0.100185
0.178971
0.113586
0.279844
0.273006
0.129838
0.112834
0.0513185
0.119621
0.0665752
0.100954
0.156822
0.130842
0.0412612
0.129692
0.109604
0.1766
0.0616598
0.0984231
0.100332
0.0921954
0.0802287
0.207977
0.235895
0.0665142
0.0731718
0.147134
0.254157
0.205415
0.107765
0.116887
0.0510918
0.0787686
0.0453564
0.146196
0.175784
0.184864
0.251941
0.158824
0.0824996
0.226133
0.0770245
0.0601764
0.0289156
0.0334572
0.0683447
0.141766
0.242436
0.317912
0.227857
0.0824691
0.0153235
0.0153235
0.0741672
0.125675
0.260232
0.0813356
0.0570789
0.0634598
0.0975853
0.146269
0.210703
0.120755
0.0842826
0.162479
0.0891417
0.0744879
0.0712553
0.0788846
0.159895
0.158251
0.160619
0.158445
0.0583275
0.064882
0.105777
0.102211
0.0432309
0.148115
0.192958
0.146993
0.0930708
0.112133
0.106165
0.087971
0.0556291
0.150044
0.151359
0.242093
0.11997
0.185225
0.136485
0.11313
0.0694358
0.110236
0.256973
0.211359
0.147805
0.165438
0.143519
0.113235
0.0565076
0.110975
0.174502
0.100731
0.102002
0.0631251
0.0410956
0.0336647
0.0198791
0.0410989
0.0528886
0.0615894
0.098673
0.174278
0.351796
0.26451
0.059478
0.0273864
0.0234718
0.15044
0.114015
0.0548922
0.0751706
0.0601732
0.0109801
0.0617777
0.0796406
0.0886205
0.10565
0.109983
0.412578
0.477472
0.0517073
0.0385165
0.0423893
0.0090838
0.0275521
0.0746922
0.200542
0.0811329
0.0135804
0.00485795
0.000778859
0.0435909
0.0807161
0.11723
0.204716
0.0261495
0.0891317
0.267639
0.0473507
0.00164745
0.0102721
0.084784
0.399154
0.210406
0.0139439
0.000648042
0.00100696
0.017662
0.0505924
0.17352
0.630325
0.146282
0.0281866
0.22631
0.0534571
0.0142438
0.019235
0.0221373
0.0238414
0.00334566
0.0870061
0.335292
0.0447742
0.0148063
0.0106034
0.00447171
0.00078159
0.00232078
0.049441
0.291359
0.0460588
0.00859557
0.0202894
0.0326672
0.101882
0.0201845
0.0572752
0.460225
0.0634657
0.00367312
0.00360316
0.000714406
0.000528944
0.00231087
0.12078
0.686066
0.0485446
0.0267344
0.03302
0.0144093
0.00701656
0.0069206
0.0411894
0.169026
0.0329842
0.0180745
0.0256691
0.0156641
0.0344775
0.0397699
0.0620366
0.0501418
0.0145349
0.0129234
0.00603822
0.00302905
0.00593823
0.0462545
0.220521
0.813035
0.0281524
0.0138537
0.00446418
0.00384517
0.0382188
0.147584
0.245672
0.224918
0.0160121
0.0642351
0.0621594
0.0676258
0.0886467
0.0945494
0.152389
0.126372
0.0662266
0.0619691
0.085062
0.0809881
0.0854442
0.102667
0.180855
0.146093
0.0601438
0.0716312
0.0654649
0.0339717
0.0829175
0.234737
0.402687
0.234257
0.0885942
0.206925
0.152429
0.0951793
0.0484605
0.0759194
0.188548
0.233412
0.229352
0.0687313
0.0419278
0.0282277
0.11143
0.15365
0.196136
0.113964
0.0622886
0.199521
0.0526596
0.0187339
0.0865209
0.095671
0.102305
0.0848903
0.181695
0.185975
0.153527
0.0941875
0.115419
0.129599
0.164893
0.153282
0.176424
0.248911
0.260855
0.143161
0.145338
0.131809
0.0974839
0.0920896
0.175604
0.073106
0.164157
0.251903
0.0914817
0.0693939
0.0694885
0.0715385
0.0820789
0.0919337
0.180616
0.203335
0.102316
0.0878567
0.0319124
0.0460552
0.0850068
0.0297868
0.165444
0.239389
0.118631
0.102851
0.0942649
0.127354
0.0500592
0.0793986
0.266818
0.332551
0.23149
0.182007
0.0223279
0.0523102
0.0593418
0.0634967
0.0759089
0.0625674
0.0585319
0.0518056
0.0116865
0.050467
0.0569957
0.037966
0.0761925
0.110077
0.264829
0.377903
0.0327674
0.0468651
0.0328686
0.0350807
0.100705
0.10184
0.127457
0.118306
0.0260764
0.0403179
0.0310747
0.0226065
0.0806101
0.0855443
0.484809
0.450255
0.033467
0.0365564
0.0138559
0.00104683
0.0051711
0.0305155
0.28195
0.233735
0.009769
0.000867816
0.000604586
0.00915401
0.0106398
0.0370887
0.437896
0.274122
0.0110868
0.0410537
0.0169225
0.00122125
0.00542248
0.00870669
0.372735
0.284562
0.0331679
0.00829793
0.00248048
0.0695569
0.0846627
0.0330377
0.416087
0.32523
0.06505
0.0394103
0.0207663
0.0498342
0.0210752
0.0106607
0.0962958
0.0681491
0.0463295
0.170083
0.0384586
0.0995434
0.0615075
0.0194772
0.00350948
0.00751254
0.161721
0.465644
0.0237406
0.210795
0.256523
0.061001
0.0618144
0.0655458
0.0243026
0.0265974
0.0255355
0.527113
0.451696
0.0622505
0.0051281
0.0049212
0.0502802
0.0448971
0.0141325
0.0461733
0.0753175
0.0581745
0.0533721
0.101018
0.235866
0.413824
0.00414954
0.00557616
0.0267415
0.0393912
0.111165
0.251968
0.179833
0.140751
0.00478013
0.392934
0.425986
0.134301
0.0844232
0.0685069
0.0930767
0.0448966
0.00277786
0.106898
0.181429
0.154767
0.202989
0.180241
0.057128
0.0468355
0.00347425
0.0383157
0.0191067
0.0226845
0.138851
0.315456
0.204305
0.177682
0.0584292
0.164866
0.0821574
0.0704725
0.0347387
0.0457825
0.112656
0.168176
0.197418
0.0484595
0.0945912
0.24109
0.335815
0.25912
0.0573135
0.128492
0.0372206
0.0937195
0.133393
0.248579
0.162437
0.0968124
0.05289
0.0771839
0.0952873
0.156809
0.144913
0.115397
0.0590439
0.0601119
0.0883713
0.114378
0.191793
0.17525
0.243969
0.157781
0.0846758
0.0786195
0.0902456
0.0936367
0.145131
0.104322
0.158232
0.205137
0.160454
0.120072
0.050192
0.0790263
0.117708
0.139379
0.137793
0.0924339
0.120909
0.165974
0.227654
0.237417
0.171965
0.0264077
0.112517
0.135737
0.116232
0.106698
0.0684545
0.100479
0.0352894
0.0449324
0.158876
0.181164
0.263731
0.239156
0.0523459
0.115098
0.0439917
0.0646904
0.135564
0.119915
0.152361
0.148904
0.117889
0.128406
0.0494189
0.0881347
0.260648
0.221962
0.144694
0.139507
0.133523
0.204547
0.0541597
0.0155024
0.0743708
0.0730928
0.175734
0.172186
0.0275202
0.0403859
0.0141625
0.0246701
0.0660708
0.0510385
0.441277
0.418799
0.0526923
0.0331902
0.0118209
0.0474687
0.126698
0.120228
0.100063
0.105698
0.0725967
0.0888539
0.0455484
0.113095
0.126478
0.0800051
0.170526
0.256415
0.183505
0.133054
0.0842669
0.0159847
0.00975119
0.00729456
0.279119
0.301468
0.126147
0.0503198
0.0226489
0.276153
0.242604
0.0594518
0.232074
0.267867
0.184041
0.126313
0.0894477
0.0721897
0.0280713
0.015843
0.0539953
0.14513
0.127162
0.107525
0.0675696
0.457762
0.193682
0.0286729
0.0246942
0.0970369
0.12702
0.144565
0.151722
0.258639
0.40297
0.0801683
0.0177974
0.0199903
0.0228045
0.0261262
0.038
0.411992
0.482422
0.0717423
0.00082475
0
0
0
0.0353734
0.277075
0.250474
0.0467377
0
0.00159637
0.0101336
0.018798
0.051975
0.240114
0.228924
0.0798106
0.00051718
0.00051718
0
0
0.0415213
0.458766
0.485764
0.141249
0.0264907
0.00321843
0.00929336
0.00648781
0.0212363
0.151918
0.229972
0.255338
0.109334
0.0248899
0.0149211
0.0229114
0.00986455
0.264928
0.240779
0.124406
0.0100024
0.00709488
0.00549136
0.00745454
0.0233338
0.102077
0.194828
0.192358
0.0459453
0.0263445
0.014065
0.0382896
0.0185283
0.0655655
0.187322
0.388745
0.214674
0.0722681
0.018646
0.0412082
0.0332698
0.0854831
0.185795
0.237525
0.137369
0.0869655
0.0184865
0.0197903
0.0591926
0.083992
0.221088
0.307762
0.100951
0.0612693
0.0576275
0.0955794
0.0619043
0.126704
0.180623
0.148285
0.06879
0.108628
0.150788
0.0593915
0.0982543
0.0848683
0.109227
0.137216
0.172796
0.139855
0.0261188
0.0322814
0.0622164
0.10657
0.046882
0.0891235
0.231853
0.238813
0.144589
0.126023
0.118576
0.159577
0.0940924
0.0792551
0.0709291
0.115814
0.14191
0.0474779
0.145981
0.209355
0.0426787
0.138072
0.223769
0.221032
0.129526
0.0605923
0.209355
0.103872
0.0873366
0.0787418
0.105759
0.0926923
0.13896
0.130746
0.0682337
0.18651
0.213352
0.174164
0.0641504
0.044551
0.14319
0.204298
0.105286
0.0851196
0.0722966
0.0940144
0.145072
0.131681
0.165034
0.157823
0.0761147
0.197724
0.110864
0.137912
0.0776817
0.0575947
0.187166
0.194719
0.177418
0.0995807
0.115365
0.10401
0.0517673
0.0552099
0.131843
0.162495
0.0892293
0.198855
0.0742942
0.0665049
0.0633599
0.0987077
0.241189
0.254579
0.205545
0.0991816
0.140423
0.142375
0.0296062
0.0271863
0.129159
0.137377
0.0965938
0.175282
0.189999
0.189999
0.0561819
0.0561819
0.154414
0.181362
0.184698
0.185501
0.0350408
0.0352094
0.0183073
0.052309
0.0843765
0.145783
0.204425
0.569586
0.140527
0.0498814
0.00724024
0.0306149
0.042011
0.111712
0.310325
0.140436
0.0838156
0.0757174
0.012387
0.012387
0.0509543
0.0715927
0.148361
0.255761
0.159506
0.0910934
0.00764118
0.00964442
0.0315771
0.0531105
0.213032
0.477554
0.246446
0.0855376
0.0057215
0.0057215
0.00921262
0.0181138
0.13665
0.322824
0.334446
0.201364
0.0161411
0.0161411
0.00523819
0.00438297
0.040978
0.208616
0.13021
0.0599491
0.0236327
0.0269827
0.0361493
0.0411648
0.118231
0.201648
0.187528
0.0934017
0.0408969
0.0417344
0.025246
0.0223693
0.104997
0.250266
0.304218
0.191085
0.0376505
0.03949
0.0244064
0.0459582
0.0509508
0.118039
0.204614
0.12696
0.12583
0.133418
0.119269
0.143464
0.0613755
0.19665
0.273424
0.137001
0.0351544
0.0425127
0.0315026
0.0342001
0.12777
0.130102
0.175308
0.109071
0.0626516
0.122137
0.223117
0.12203
0.106725
0.0857284
0.148336
0.120971
0.0946037
0.093429
0.105458
0.106926
0.0665982
0.123085
0.130471
0.0807103
0.0585833
0.132196
0.240718
0.142332
0.113557
0.133146
0.143494
0.101996
0.0500943
0.0832785
0.154867
0.114071
0.125173
0.194107
0.278531
0.162174
0.0456963
0.0693686
0.146058
0.233621
0.189806
0.104457
0.0408092
0.0337623
0.0198276
0.0733174
0.180947
0.138497
0.126191
0.114184
0.031031
0.0869512
0.207336
0.208946
0.0793427
0.0685852
0.127738
0.163836
0.167745
0.103079
0.0127927
0.0278429
0.157115
0.253996
0.183656
0.119214
0.140538
0.139137
0.186592
0.20778
0.164196
0.187849
0.147005
0.0526808
0.0784466
0.117887
0.174082
0.156995
0.104756
0.103812
0.0526808
0.112762
0.111293
0.169383
0.116971
0.0913408
0.156841
0.144205
0.112762
0.052378
0.0804979
0.105364
0.188623
0.177232
0.0958171
0.0958171
0.052378
0.0439542
0.147264
0.180281
0.222738
0.205651
0.159437
0.151653
0.0439542
0.0615943
0.14042
0.148107
0.0621941
0.0586753
0.0831565
0.07296
0.0615943
0.101536
0.161743
0.157289
0.118178
0.129943
0.127242
0.138274
0.113691
0.0462971
0.0885771
0.091957
0.134641
0.132295
0.16093
0.151524
0.0462971
0.155183
0.152947
0.135133
0.121648
0.139295
0.229684
0.215905
0.155486
0.13008
0.0992322
0.0771945
0.0562307
0.0765199
0.11845
0.124862
0.135654
0.179953
0.16558
0.0928704
0.0463444
0.0844192
0.161633
0.142982
0.167078
0.171689
0.11635
0.0694315
0.061587
0.0971264
0.169045
0.131402
0.158473
0.229426
0.192601
0.139435
0.0565905
0.1236
0.242086
0.12324
0.207186
0.0985989
0.123879
0.088623
0.0468277
0.0617682
0.117417
0.100101
0.0872985
0.148461
0.163316
0.117667
0.0667546
0.0566767
0.0781475
0.0734637
0.113784
0.11643
0.189537
0.193206
0.0629978
0.109122
0.232595
0.09458
0.0990196
0.0612452
0.156216
0.304772
0.155081
0.160307
0.290715
0.134881
0.0550002
0.138446
0.234071
0.128111
0.0317352
0.0291726
0.0433682
0.0555645
0.0872119
0.0939939
0.191586
0.139955
0.0235363
0.0466886
0.0746035
0.0372734
0.07223
0.128471
0.184561
0.21559
0.0897091
0.0659661
0.183073
0.205053
0.114207
0.159554
0.192629
0.125495
0.0653106
0.0815212
0.197195
0.197589
0.137759
0.110264
0.119387
0.10769
0.0430245
0.0542733
0.0401825
0.0630867
0.12455
0.254726
0.229125
0.113791
0.0758463
0.0758463
0.022786
0.142231
0.245317
0.133018
0.101089
0.0938653
0.0952665
0.101268
0.0617434
0.0596589
0.134551
0.23422
0.084113
0.0544168
0.203908
0.203908
0.00456767
0.0318545
0.230312
0.171794
0.229465
0.116997
0.0438645
0.0438645
0.0503446
0.0948546
0.131776
0.073052
0.230147
0.192056
0.111904
0.130103
0.131591
0.110534
0.0638098
0.14922
0.146076
0.0835532
0.141364
0.141364
0.00766057
0.0131974
0.120256
0.131155
0.279808
0.168289
0.148517
0.148517
0.0936394
0.161721
0.115935