0.0114796
0.0157684
0.00991359
0.0110693
0.043874
0.0252934
0.0194215
0.0225564
0.0512927
0.104248
0.0534039
0.138902
0.0420217
0.0277736
0.0302825
0.0191829
0.0188804
0.0199255
0.0107385
0.00871479
0.0227181
0.0320165
0.0487823
0.040903
0.0238224
0.0723347
0.136944
0.870278
0.196798
0.0405455
0.023949
0.0158762
0.0548151
0.0443984
0.0316221
0.0504687
0.00320357
0.0032289
0.0146859
0.0740379
0.068578
0.0282102
0.023339
0.0202903
0.000745342
0.00491305
0.0906515
0.222661
0.0846869
0.10355
0.140413
0.458418
0.0824557
0.00448997
0.0200915
0.122553
0.166234
0.147672
0.136951
0.26135
0.0398425
0.0485671
0.462202
0.498204
0.0188242
0.00183117
0.00635649
0.0383667
0.0154144
0.0115633
0.0576868
0.112656
0.00410231
1.0535e-005
0.0110097
0.32893
0.140061
0.0196692
0.00897004
0.0246933
0.0510462
0.0361273
0.0149425
0.0372444
0.0146441
0.110439
0.495501
0.495501
0.0377718
0.0622964
0.0943989
0.325856
0.0862267
0.068167
0.247173
0.318156
0.0008839
0
0.0106785
0.335183
0.139877
0.00848332
0.00208626
0.000783611
0.000506094
0
0.0165592
0.495467
0.261375
0.0019679
0.00134928
2.97702e-005
0.026203
0.0241922
0.0979369
0.393311
0.0858949
0.0021558
0.0222419
0.0668212
0.00983607
0.00200155
0.0547407
0.495467
0.279869
0
0.00315825
0.0075444
0
0
0.00822013
0.46263
0.294619
4.9841e-005
0
0
0.00101221
0.00106462
0.00546634
0.310735
0.187378
0.00236169
0.00153008
0.000734314
0
0.000679657
0.019389
0.46263
0.35857
0
0
0
0.00490311
0.005061
0.00752181
0.362072
0.21785
0.00169491
0.00205645
0.00516413
0.00163221
0.00492049
0.012728
0.0496877
0.0330568
0.00424962
0.00672326
0.00556593
0.000394033
0.00416775
0.00651327
0.489223
0.523821
0.0251076
0.00712807
0.00585508
0.0154699
0.0114937
0.00988638
0.0432877
0.0333452
0.00545867
0.00842584
0.0163123
0.0206074
0.0218878
0.0126764
0.317573
0.548304
0.123789
0.0203472
0.00824081
0.00862806
0.00519222
0.0168826
0.33014
0.383293
0.0360001
0.00616205
0.00561029
0.0321912
0.0573875
0.117565
0.397033
0.237922
0.0310081
0.00554697
0.00921029
0.0152748
0.0214983
0.0367128
0.180828
0.358119
0.161459
0.056214
0.0283694
0.0211888
0.0594806
0.191805
0.395146
0.24401
0.114369
0.0666497
0.0420963
0.00416923
0.00390663
0.00170897
0.00317205
0.00536544
0.0146992
0.0270179
0.0111984
0.00128515
0.00299533
0.0205425
0.467646
0.227056
0.0175159
0.0141386
0.00385424
0.00678472
0.00631407
0.0045442
0.00965548
0.00954608
0.0112915
0.0145337
0.0120564
0.00274061
0.00284749
0.00129117
0.704529
0.40033
0.00906024
0.00945062
0.0060029
0.0149552
0.0317441
0.0507347
0.400179
0.165557
0.005414
0.00441448
0.0217478
0.107862
0.0692853
0.0958715
0.296146
0.103876
0.0565403
0.219872
0.217763
6.96974e-005
0.00234168
0.0114521
0.41277
0.313113
0.00333121
0.0015766
0.000111658
0.103268
0.0135025
0.140548
0.41277
0.248831
0.0226992
0.085038
0.0705437
0.0631476
0.0201582
0.0280944
0.0379274
0.00666729
0.103528
0.373556
0.27036
0.0347729
0.0323648
0.0557359
0.056687
0.00938217
0.0750036
0.321009
0.336379
0.0907339
0.00929275
0.0949504
0.180845
0.0333085
0.0467811
0.342029
0.19661
0.0265665
0.00570417
0.0198812
0.00586666
0.000880146
0.163272
0.40327
0.316446
0.0416145
0.0280854
0.0934125
0.147639
0.031869
0.0204287
0.149582
0.200089
0.0159915
0.0280876
0.0671943
0.450892
0.167339
0.0188245
0.0288844
0.0536177
0.0260383
0.0115059
0.0350129
0.0237413
0.0174743
0.190304
0.457793
0.298898
0.0143587
0.047378
0.076855
0.284632
0.190472
0.256531
0.262047
0.136981
0.00184852
0.0151073
0.0265531
0.47296
0.271838
0.00775302
0
0.00200862
0.00449912
0.00496113
0.00854222
0.307973
0.182012
0.00946017
0.00106764
0.00380989
0.00306817
0.027591
0.0488139
0.47296
0.323368
0.211302
0.103376
0.0105787
0.0048587
0.00301663
0.0176762
0.25501
0.217745
0.114361
0.115308
0.021354
0.0430733
0.0293012
0.02405
0.0457618
0.0289584
0.00620052
0.0023792
0.0104104
0.224596
0.107734
0.0792873
0.160743
0.167096
0.0456333
0.00659891
0.0314593
0.0448463
0.0527066
0.1038
0.309555
0.0881759
0.0171735
0.033136
0.0181832
0.460781
0.222989
0.380168
0.525467
0.100502
0.00159831
0
0.0536584
0.100809
0.0583673
0.0849798
0.189484
0.219306
0.111203
0.0456008
0.0458042
0.00936196
0.0356736
0.129624
0.299416
0.358331
0.12952
0.0762259
0.0545901
0.282142
0.107456
0.249157
0.336758
0.0829373
0.0086137
0.00573267
0.11573
0.10927
0.0668459
0.114182
0.363733
0.273621
0.0455643
0.0269155
0.207872
0.00531071
0.00592444
0.00627525
0.0106317
0.00813019
0.00749158
0.00444988
0.00649092
0.00221895
0.00402179
0.00189424
0.532281
0.284399
0.00251227
0.00194434
0.00150819
0.00409659
0.00577131
0.00806634
0.0256431
0.0195323
0.00458778
0.00215157
0.00432193
0.00250598
0.00535372
0.00248991
0.638339
0.404753
0.000729887
7.83019e-005
3.3558e-005
9.30512e-005
0.000177097
0.00123357
0.401208
0.220916
4.39914e-005
5.94587e-005
2.94376e-005
0.0143547
0.00257062
0.0435421
0.401208
0.242023
0
0.0124927
0.0135046
0.000122183
0.000232542
6.13909e-005
0.401208
0.276474
0.000242672
0
0
0
0.000403511
0.000924944
0.401208
0.360755
0.000364009
0
0
0.0308666
0.0114799
0.0771424
0.395892
0.139782
0.0155936
0.212525
0.0893233
0.00839173
0.00708974
0.0146026
0.0184188
0.0092744
0.169622
0.533992
0.152753
0.00106985
0.00382554
0.00596986
0.484887
0.271984
0.00414343
0.0185796
0.0064627
0.0115239
0.00797777
0.00502268
0.0330334
0.0257757
0.0309956
0.240394
0.0483183
0.00239943
0.00115616
0.00192125
0
0.00304527
0.140274
0.456684
0.0958362
0.00199759
0.00740837
0.0124456
0.0565182
0.0719055
0.272855
0.456684
0.108699
0.00761378
0.00335181
0.000400566
0.000416803
0.000665902
0.0451128
0.358724
0.0716149
0.00314668
0.00241838
0
0
0.00760528
0.150544
0.456684
0.216313
0.00311262
0.00362586
0.00855103
0.0769053
0.0930127
0.243671
0.29956
0.0462617
0.0114565
0.00617282
0.0111056
0.0471519
0.0532619
0.124661
0.414714
0.0967552
0.011288
0.000284511
0
0
0.00580788
0.230912
0.46459
0.124131
0.0248363
0.00789585
0.00398833
0.00365346
0.00120771
0.217868
0.46459
0.192795
0.0206867
0.0347716
0.0574586
0.234212
0.0530199
0.00956447
0.167301
0.106917
0.089014
0.0928358
0.247752
0.443251
0.121347
0.00237461
0.00525123
0.0286617
0.0360902
0.0468761
0.0318933
0.0931393
0.0387023
0.111691
0.447076
0.323094
0.031147
0.118479
0.160459
0.204331
0.19063
0.0939246
0.230388
0.226987
0.126875
0.0931269
0.371831
0.429715
0.0720736
0.00121263
0.000567305
0.0602943
0.11151
0.0811323
0.125479
0.230113
0.0858296
0.0175419
0.0137025
0.154758
0.0925498
0.11019
0.267856
0.255739
0.159405
0.0566965
0.149238
0.186698
0.211938
0.0319115
0.0813793
0.119709
0.0519804
0.0106234
0.0859058
0.381865
0.00319992
0.00460969
0.00463276
0.0186265
0.0166378
0.0021633
0.00124294
0.00110048
0.00215188
0.00417186
0.00116272
0.563832
0.295303
0.000785016
0.000395375
3.55525e-005
0.00697944
0.00691998
0.00719149
0.0145922
0.0160459
0.0132103
0.00507625
0.00145173
0.00336296
0.00379519
0.0010629
0.609065
0.402821
0.0104986
0.00434941
0.00014221
0.000121764
0.000231744
0.000247059
0.411687
0.218027
0.000865989
1.76782e-005
0
0
0
0.000427122
0.411687
0.287071
0.00127247
0
0
9.56404e-005
0.000182025
0.00158025
0.411687
0.250259
0.000892988
0.000222464
0
0
0
0.0025407
0.411687
0.297862
0.000848311
0
0
0.000961004
0.00170028
0.00361329
0.549916
0.313407
0.0020736
0.00143626
0.00113358
0.0145959
0.00774445
0.00713661
0.04122
0.0366844
0.0106546
0.0203806
0.0204136
0.000389233
0.00125877
0.00769362
0.644486
0.333299
0.00274246
0.00454809
0.00362265
0.025855
0.0086799
0.0120054
0.0418324
0.0376446
0.00778411
0.0216873
0.0219248
0.0297179
0.0162899
0.00502268
0.0073422
0.0106609
0.0247242
0.131975
0.0809405
0.027879
0.0295916
0.00512362
0.00321384
0.00396618
0.126487
0.727008
0.278845
0.0887845
0.0353393
0.00951935
0.0108752
0.0145537
0.0102118
0.0277197
0.0411736
0.313419
0.375262
0.00854161
0.00654869
0.00661084
0.00721455
0.0526581
0.0846206
0.0083994
0.00837085
0.000461642
2.86586e-005
0.000699125
0.101118
0.389819
0.0967953
0.0113443
0.0313974
0.0145588
0.0040678
0.000446978
0.237056
0.472321
0.121186
0.136527
0.262961
0.000692463
0.000114634
0.000114634
0.00916568
0.0561111
0.0396325
0.250793
0.472321
0.0708528
0.0194486
0.00151055
0.107997
0.29682
0.0507741
0.0102092
0.0222735
0.0318193
0.0230036
0.0193605
0.199006
0.407746
0.159963
0.0248308
0.0441938
0.047307
0.0322385
0.072385
0.167834
0.357816
0.20491
0.144509
0.336155
0.132858
0.0804242
0.0253736
0.156526
0.210517
0.0400476
0.128922
0.407746
0.15767
0.0799941
0.0458241
0.14287
0.214199
0.069312
0.111877
0.0800235
0.0391979
0.0193854
0.0440071
0.0603187
0.237481
0.167016
0.210805
0.0718273
0.0824804
0.0565472
0.0320989
0.00263227
0.12501
0.309227
0.233793
0.437689
0.118626
0.0124602
0.0131651
0.0417194
0.190975
0.0978884
0.437689
0.301137
0.163085
0.0844829
0.0166075
0.00142647
0.095235
0.200905
0.00649068
0.00848708
0.00747365
0.0149898
0.0114629
0.00841156
0.00269866
0.000781629
0.00254857
0.00394056
0.00077804
0.568039
0.312211
0.00699583
0.00249716
3.76694e-005
0.00479072
0.00916343
0.00985552
0.0219586
0.0186291
0.00569644
0.00171311
0.00125237
0.00150064
0.00504473
0.00548646
0.568039
0.446517
0.0010945
0.000361187
0.000273629
1.32252e-005
0.000124989
0.000772332
0.42117
0.200716
0.00030317
0.000139675
0
0.000642546
0.000550955
0.00357709
0.42117
0.21191
0
0
3.77969e-005
5.52567e-006
0.000160245
0.000199817
0.42117
0.291641
0.00476254
0.00413187
0.000326494
0.0698797
0.028124
0.00521012
0.42117
0.265267
0.00975911
0.0456276
0.0156408
0.0112974
0.00483794
0.00822699
0.323235
0.140337
0.000466134
0.00265292
0.00686758
0.10167
0.0716426
0.0044134
0.0137288
0.00884533
0.000834215
0.00929062
0.0227178
0.247807
0.292436
0.0200714
0.31437
0.130355
0.00414693
0.041777
0.0261455
0.520243
0.520243
0.0194641
0.00487945
0.0023079
0
0.00288487
0.0229317
0.112875
0.15355
0.000909147
0.000598657
0.0006626
0.000144807
0.00553576
0.0133744
0.226675
0.459671
0.00431045
0.000390873
0.000390873
7.88989e-006
0.0042103
0.0196019
0.363475
0.462032
0.0203917
0.0116794
0.000496403
0
0.000991525
0.0205133
0.26771
0.462032
0.1018
0.107625
0.0227211
0.00050619
0.000633051
0.0231171
0.156938
0.420298
0.0224174
2.56949e-005
2.56949e-005
0.00024086
0.000868988
0.00613748
0.291854
0.420298
0.064471
0.00717464
0.00227757
0.00655573
0.0117178
0.0242668
0.146483
0.420298
0.0920955
0.0492025
0.0199115
0.00131837
8.64248e-005
0.00320256
0.305413
0.420298
0.0875693
0.0281983
0.0265539
0.00787671
0.00285317
0.0345601
0.330948
0.372656
0.0770597
0.039369
0.0107429
0.0265963
0.0412437
0.0828399
0.162907
0.389618
0.151687
0.0846145
0.112117
0.0520132
0.0587714
0.0699078
0.31617
0.199759
0.0276032
0.132682
0.0980206
0.0370503
0.0438237
0.102021
0.0796894
0.0631227
0.0397224
0.392422
0.318352
0.0602103
0.0618815
0.074049
0.175852
0.506028
0.18798
0.103267
0.128198
0.0315378
0.0356804
0.0374
0.402999
0.225842
0.0924546
0.0529097
0.0118503
0.00121166
0.0108737
0.129179
0.0133566
0.0600337
0.0714136
0.436479
0.364607
0.0346465
0.0156625
0.0152055
0.0498363
0.028109
0.0319602
0.0884015
0.072581
0.0138982
0.00360275
0.0407973
0.00301879
0.00273246
0.00654157
0.0147088
0.0177599
0.00315688
0.00302363
0.00454596
0.00119846
0.000978571
0.0181157
0.545114
0.33101
0.000133045
0.000162781
0.00155774
0.00415755
0.00100698
0.00445625
0.0299009
0.0290884
0.0032371
0.00603207
0.0079159
0.0129019
0.00015287
0.0364532
0.545114
0.476172
0.0988528
0.0166514
0.0350661
0.0205244
0.00426943
0.025951
0.390413
0.227494
0.0153265
0.0140213
0.00447716
0.212764
0.100257
0.0230046
0.253623
0.176997
0.0270877
0.0993477
0.0595238
0.119103
0.0817176
0.0787716
0.366
0.255465
0.103944
0.0212513
0.0559046
0.390413
0.390413
0.147004
0.0740702
0.0681293
0.0579588
0.0500801
0.0826572
0.276878
0.30285
0.0144078
0.053461
0.039661
0.00515234
0.0437903
0.0432332
0.318565
0.383732
0.0174148
0.0002032
0.00111108
0.00115702
0.0043978
0.0403662
0.383732
0.383732
0.0509401
0.00173843
0.0202716
0.0124394
0.0383642
0.0873527
0.319018
0.291204
0.00733122
0.00997823
0.0654464
0.0540859
0.0887692
0.160914
0.30444
0.372244
0.0264938
0.0360789
0.0175458
0.00537587
0.0176724
0.0620072
0.13138
0.315496
0.109356
0.346198
0.131067
0.00545555
0.0110449
0.0474283
0.166675
0.108029
0.0056412
0.120499
0.164764
0.0672839
0.0750523
0.108992
0.0501001
0.00873781
0.0175611
0.461726
0.35645
0.0220135
0.0181721
0.0357445
0.0878755
0.43605
0.12785
0.313168
0.160991
0.00774004
0.000112823
0.00752887
0.159355
0.335903
0.056352
0.115179
0.107242
0.00888705
0.00111569
0.0186235
0.00973027
0.0119578
0.0268818
0.509824
0.314051
0.00702974
7.52151e-005
0.00428068
0.00639692
0.0113765
0.0142529
0.237464
0.168275
0.0097264
0.00030086
0.00244747
0.0647551
0.0474384
0.0069102
0.202063
0.188898
0.014105
0.00710335
0.0189343
0.00541286
0
0.00157792
0.429341
0.38147
0.0498591
0.0129768
0.0136623
0.00107637
0.000960335
0.0051857
0.298866
0.244041
0.00251527
8.01237e-005
0.000651798
0.00273733
0.0011818
0.0361183
0.452978
0.422946
0.0661751
0.011582
0.00819372
0.00663798
8.82879e-006
0.00238193
0.437586
0.40663
0.107824
0.0291354
0.0744339
0.0962193
0.00532102
0.00284024
0.0609619
0.0772886
0.0480325
0.0284606
0.182219
0.0365712
0.0211631
0.0677995
0.340236
0.382316
0.204673
0.0804359
0.109157
0.18427
0.0363158
0.0152408
0.0330808
0.0956378
0.108426
0.0925216
0.334411
0.00824047
0.00991461
0.00754017
0.0428701
0.0464435
0.0070942
0.00826592
0.00758186
0.102793
0.00966521
0.0218183
0.462837
0.651708
0.347381
0.0959426
0.215498
0.00913676
0.0214274
0.0352346
0.0290981
0.0214979
0.00440647
0.00608973
0.0131355
0.113946
0.0239798
0.0105336
0.00598134
0.0778834
0.118921
0.0637504
0.187557
0.284107
0.136462
0.0435146
0.149489
0.2213
0.183702
0.0493773
0.205736
0.513845
0.513845
0.138308
0.024629
0.0437192
0.0628994
0.0112219
0.137552
0.162684
0.0302542
0
0.000594481
0.0168646
0.0456914
0.0305382
0.147985
0.222671
0.103671
0.00414695
0.0162282
0.0262472
0.0198292
0.0152217
0.104766
0.316764
0.407243
0.0571247
0.0372723
0.0952682
0.0284442
0.0261046
0.0729813
0.156084
0.0851594
0.000717308
0.157659
0.288019
0.103728
0.102375
0.113654
0.0655156
0.0415021
0.00333126
0.157259
0.168234
0.0153459
0.00335961
0.0202255
0.00631012
0.000884906
0.000223418
0.459993
0.46735
0.0217376
0
0.00402889
0.0179287
0.00726832
0
0.19677
0.189082
0.0436275
0.0301492
0.0226537
0.00123897
0
0
0.451057
0.292108
0.00831333
0.00261291
0.00246455
0
0
0
0.368886
0.271995
0.005941
0
0
0
0
0
0.451057
0.418119
0.000407159
0
0
0.00144379
0.00131964
0.000966615
0.541314
0.275932
0.00219012
8.35273e-005
3.45237e-005
0.002252
0.00197946
0.00174641
0.194381
0.142745
0.00714328
0.000334109
0.000138095
0.000964121
0.0060645
0.00124519
0.541314
0.386285
0.000871165
0.000334109
0
0.00144618
0.00909675
0.00186778
0.184738
0.206647
0.00324911
0.00133644
0
0.00026341
0.000215348
0.00425881
0.254823
0.180923
0.00160016
8.08944e-005
3.34355e-005
0.00865491
0.00388299
0.0581598
0.465236
0.266931
0.0133416
0.0033779
0.00238554
0.000157332
0.00266244
0.00864446
0.220079
0.323277
0.00778423
0.000323578
0
0.00689958
0.0112991
0.0569605
0.465236
0.438005
0.0128639
0
0.000899911
0.104647
0.0541294
0.12167
0.394459
0.217059
0.0471017
0.0221478
0.0231877
0.226064
0.0782374
0.0307335
0.0409179
0.0539623
0.0391476
0.0542184
0.157887
0.0981549
0.051663
0.0991294
0.64259
0.330535
0.00413259
0.00179769
0.00991929
0.193898
0.0563614
0.0394747
0.0993397
0.0456467
0.0017759
0.0300305
0.101786