0.0551139
0.0651606
0.0823119
0.120724
0.180885
0.0816352
0.0324541
0.0397073
0.164194
0.201019
0.202037
0.17544
0.144231
0.0359102
0.0696502
0.105268
0.129491
0.103014
0.164258
0.119896
0.136909
0.0509621
0.0551201
0.0781855
0.0614925
0.120086
0.354601
0.40044
0.445902
0.0420191
0.111766
0.121754
0.0743304
0.0561886
0.0513882
0.0319163
0.0358618
0.0631467
0.180203
0.0996716
0.0176076
0.00567632
0.0188317
0.0395616
0.0564617
0.143667
0.289151
0.0616918
0.0540865
0.0375887
0.10222
0.10537
0.159205
0.076195
0.305722
0.122892
0.0525895
0.0151193
0.0176264
0.0120999
0.0281365
0.224633
0.719465
0.1184
0.0327079
0.0411256
0.0421822
0.0903888
0.0378545
0.0937917
0.167375
0.0481351
0.0402233
0.0766854
0.0696668
0.0943382
0.0387749
0.0401045
0.031308
0.0818273
0.0506959
0.0318002
0.0177676
0.0323815
0.0243818
0.256541
0.719072
0.155318
0.0941636
0.0648114
0.0817755
0.0806086
0.00830471
0.137354
0.292285
0.244417
0.0600696
0.0892498
0.134612
0.0987488
0.0967582
0.0877966
0.135109
0.151276
0.064418
0.106383
0.125222
0.0626592
0.0750327
0.0942074
0.299619
0.146217
0.181934
0.116631
0.164525
0.137635
0.0509494
0.165736
0.251463
0.33728
0.133771
0.112407
0.135276
0.135813
0.125402
0.126649
0.249055
0.159323
0.0461757
0.0978391
0.0950588
0.0669835
0.0608213
0.11789
0.173622
0.0761338
0.137792
0.0884742
0.0551017
0.116569
0.0999968
0.36869
0.224639
0.13161
0.0893434
0.11474
0.108504
0.118901
0.113693
0.111606
0.0968054
0.0740379
0.188881
0.110877
0.212379
0.167882
0.0936263
0.352232
0.245271
0.212248
0.114987
0.0534681
0.0139263
0.056245
0.0534529
0.165474
0.0929225
0.102205
0.0972061
0.06353
0.0167114
0.0332929
0.0723773
0.196572
0.208902
0.104692
0.125273
0.0308637
0.0553966
0.0457122
0.0368309
0.28782
0.213175
0.206218
0.106537
0.0498861
0.0561056
0.0274268
0.0694736
0.545467
0.375549
0.159816
0.122496
0.0893647
0.0279797
0.0407767
0.0593859
0.121434
0.184708
0.0809521
0.221506
0.215508
0.10009
0.0490507
0.0267083
0.05783
0.0844638
0.125143
0.162118
0.144672
0.0994275
0.041238
0.0610911
0.283981
0.341744
0.0691255
0.331713
0.385826
0.174503
0.0513983
0.0210881
0.0604212
0.0808571
0.186881
0.0632288
0.0344993
0.0583489
0.0789828
0.0594129
0.0265265
0.0556814
0.0466962
0.0129432
0.0125681
0.10427
0.398013
0.275448
0.0235273
0.0221782
0.0218487
0.0231559
0.0309241
0.0531894
0.137999
0.10855
0.0819509
0.0950184
0.061325
0.00656112
0.0206484
0.0835977
0.691857
0.320463
0.0128476
0.00620216
0.0101029
0.0598283
0.0304008
0.0610695
0.185605
0.122595
0.0220605
0.0772937
0.0616442
0.0881748
0.0439566
0.0385388
0.0514933
0.0203026
0.0773113
0.450751
0.149398
0.0346065
0.0339669
0.0601734
0.514701
0.187671
0.00247671
0.00741151
0.0313936
0.0654314
0.0576868
0.0722515
0.301846
0.0919727
0.0436146
0.4292
0.133583
0.0140856
0.00627595
0.00308624
0.00255513
0.00597681
0.0843428
0.373017
0.0575665
0.01999
0.00311246
0.00516868
0.00391949
0.00323217
0.087352
0.263548
0.0830106
0.0103861
0.00909208
0.0102502
0.0187076
0.00671063
0.0836829
0.57843
0.0692644
0.00420961
0.000147067
0.000147067
0
0.00730226
0.14463
0.57843
0.0777976
0.0273832
0.0082876
0.00794344
0.00824603
0.00772954
0.0840866
0.19694
0.09475
0.0182018
0.0113367
0.012474
0.0138252
0.0225331
0.0720177
0.130073
0.0397646
0.00456417
0.000356247
0.000356247
0.00538327
0.0121464
0.213385
0.69222
0.101551
0.011056
0.00793711
0.00160161
0.00957707
0.0259381
0.232678
0.496012
0.0826475
0.051096
0.0231296
0.0262208
0.0358461
0.0645179
0.12392
0.0882395
0.0600151
0.240857
0.0818276
0.0986308
0.0371992
0.0377409
0.114512
0.0563533
0.137006
0.0565654
0.0251058
0.00234494
0.00769744
0.048307
0.368102
0.536124
0.0916643
0.365026
0.143926
0.0312932
0.00324861
0.0239219
0.230693
0.194881
0.142263
0.242419
0.0516362
0.0579331
0.0286826
0.0188683
0.149057
0.0891962
0.221671
0.162841
0.0476442
0.0792302
0.0697416
0.0490479
0.370702
0.202494
0.18459
0.406624
0.176842
0.076373
0.0669833
0.00795495
0.045758
0.0415827
0.171072
0.320208
0.108755
0.136719
0.166893
0.0464719
0.0903524
0.0797657
0.17199
0.157899
0.118261
0.103932
0.0499733
0.0250862
0.179616
0.17016
0.062425
0.30038
0.248992
0.0859577
0.0245953
0.0122374
0.0521832
0.0554461
0.239124
0.189663
0.0708353
0.076203
0.0815125
0.0502691
0.172055
0.144676
0.174152
0.285955
0.169012
0.0455065
0.025155
0.0434011
0.15646
0.206502
0.413557
0.00473801
0.0195812
0.022191
0.0968754
0.100067
0.0875016
0.0709649
0.027481
0.00212221
0.01098
0.0204605
0.449778
0.289676
0.0145136
0.0155296
0.00542028
0.041373
0.0520959
0.0366978
0.101646
0.109958
0.13699
0.167727
0.097611
0.0144104
0.0684502
0.042429
0.556858
0.444059
0.0711791
0.0438629
0.0106142
0.00158712
0.00384082
0.0105045
0.432923
0.210073
0
0.000358737
0.00179368
0.00742573
0.0116938
0.0239599
0.301032
0.12249
0.0146596
0.100136
0.0217222
0.00107456
0.00621188
0.00499646
0.556835
0.330011
0.00565963
0.00040414
0
0.00461912
0.00449751
0.0113305
0.370776
0.190289
0.00773024
0.00559625
0.00762682
0.00551158
0.00939758
0.0167577
0.040184
0.017644
0.0434625
0.39283
0.0651955
0.00230259
0.00418388
0.00484077
0
0.00435379
0.109929
0.786503
0.140839
0.0112393
0.0155689
0.0232881
0.0488639
0.0339078
0.0141601
0.0347576
0.0299117
0.0101994
0.0183565
0.0199827
0.00205658
0.00507669
0.0310253
0.302621
0.0968424
0.000207883
0.000457353
0.000229902
0.000927363
0.00201415
0.084975
0.488305
0.0591379
0.00254315
0.00540575
0
0.00139105
0.00377919
0.135191
0.469068
0.0387313
0.0017976
0.00274831
0.00235258
0.000477694
0.00199967
0.0418423
0.357608
0.0574942
0.00162425
0.00135144
0
9.20183e-005
0.00109731
0.119359
0.553303
0.0553167
0.00723014
0.00993398
0
0.000231198
0.002714
0.13035
0.284845
0.0272953
0.0358701
0.0318404
0.0101556
0.00068375
0.00117268
0.100786
0.133897
0.0584855
0.0011377
0.00247597
0
0.00110746
0.00115817
0.152998
0.61894
0.055458
0.00237141
0.0104672
0.00505599
0.00485746
0.00442985
0.191139
0.592574
0.0931545
0.100905
0.144946
0.0688345
0.0275312
0.00727645
0.0504916
0.084273
0.1008
0.120478
0.112783
0.0741296
0.0757918
0.0264797
0.0299788
0.0417226
0.0583505
0.0144144
0.0615903
0.0371931
0.0162565
0.0129417
0.257271
0.697959
0.168025
0.0337267
0.0601278
0.0491522
0.0978861
0.0470414
0.15849
0.372361
0.130242
0.107796
0.0518739
0.0361362
0.0747336
0.0587337
0.154107
0.120747
0.179719
0.174029
0.0867505
0.00674131
0.0358665
0.0844138
0.169547
0.207622
0.446583
0.0795488
0.0873347
0.0524997
0.175281
0.11947
0.212227
0.223224
0.150171
0.124301
0.151079
0.0242994
0.148925
0.263149
0.122697
0.134668
0.204731
0.0527572
0.045592
0.0330985
0.104108
0.0925376
0.109699
0.107984
0.0697356
0.011087
0.0482138
0.0477044
0.444721
0.322615
0.113991
0.0468752
0.00818088
0.052441
0.0787795
0.0367482
0.169066
0.0655026
0.0800715
0.0632433
0.0274949
0.00368659
0.0147978
0.0401887
0.60805
0.346704
0.0917537
0.0440578
0.00930283
0.000703091
0.00473731
0.0074952
0.443848
0.277214
0.0107454
0.00253689
0
0.00312497
0.00298439
0.0112751
0.258539
0.166515
0.00888248
0.00159937
0.00316934
0.00212825
0.00119721
0.00708543
0.55978
0.350713
0.00820912
0.0027139
1.86482e-005
0.0107357
0.0084073
0.0124094
0.310821
0.201035
0.00650775
0.00340858
0.0033721
0.0552532
0.0758103
0.129501
0.22936
0.189508
0.0904706
0.0160252
0.0614807
0.0733935
0.106531
0.114954
0.115839
0.0656675
0.0605828
0.206659
0.146788
0.100369
0.0926842
0.179853
0.285623
0.24402
0.0639987
0.0340696
0.0825367
0.26469
0.219778
0.156436
0.188361
0.103873
0.0627547
0.101868
0.121205
0.0206816
0.0170513
0.00796632
0.0125476
0.0167117
0.0331935
0.161848
0.0489257
0.023979
0.0177903
0.0113873
0.0052174
0.00752726
0.109735
0.79096
0.0816974
0.0696005
0.0958802
0.0253807
0.0293033
0.0148921
0.0326851
0.0314005
0.0134138
0.163812
0.395144
0.0602627
0.02269
0.00570913
0.0369892
0.0845684
0.0103307
0.00677802
0.00973761
0.00303287
0.00176072
0.000823009
0.0703855
0.436728
0.031122
0.00691046
0.0250498
0.0135805
0.0145651
0.0187513
0.168652
0.565174
0.0434352
0.0941771
0.28181
0.0345461
0.00375295
0.000101427
0.0160691
0.0965997
0.0113836
0.155099
0.443945
0.0912357
0.0438354
0.0241017
0.108368
0.229848
0.0232871
0.0115611
0.0168638
0.0183976
0.0415784
0.0515217
0.219679
0.505676
0.0629713
0.0231037
0.00559572
0.0331202
0.0497378
0.0425863
0.180209
0.322903
0.108237
0.15743
0.355006
0.113743
0.137987
0.0740788
0.166134
0.221645
0.0324649
0.238992
0.197377
0.114165
0.0758077
0.0774075
0.17648
0.183549
0.0584111
0.087681
0.0675684
0.0578014
0.0528706
0.0590751
0.189605
0.161437
0.107547
0.177757
0.129988
0.026291
0.0380019
0.0690772
0.0479108
0.0672466
0.160885
0.305318
0.211611
0.23253
0.0898014
0.0929039
0.223937
0.108351
0.0781105
0.380092
0.223267
0.130621
0.0952274
0.0432598
0.064533
0.0979403
0.430909
0.0454232
0.046809
0.0255163
0.0979802
0.0413334
0.0510514
0.0851905
0.0386319
0.00120634
0.0055452
0.0301639
0.479042
0.309566
0.0340598
0.0224958
0.00950014
0.0820727
0.0464512
0.0396776
0.082077
0.091671
0.098721
0.202523
0.222434
0.00263585
0.00983455
0.0636487
0.581064
0.309343
0.0727395
0.0537488
0.0252908
0.00334091
0.00120376
0.00491525
0.442971
0.326503
0.00159813
0.000272504
3.04315e-005
0.0145387
0.00943219
0.00908395
0.245272
0.178995
0.00325386
0.00601882
0.00268609
0.00737047
0.00451492
0.0104607
0.516813
0.370609
0.00522721
0.00586577
0.00177567
0.0970803
0.115611
0.0107658
0.252558
0.228027
0.00598285
0.0188142
0.00325795
0.0201374
0.0211578
0.020441
0.0293383
0.0250993
0.00689475
0.00999828
0.0122153
0.116486
0.124043
0.0203439
0.0106684
0.00757122
0.0109157
0.021389
0.0174738
0.184339
0.376909
0.0358075
0.0206783
0.0234701
0.006411
0.0114077
0.00386323
0.334646
0.773018
0.0492299
0.00365745
0.00271953
0.00480348
0.0129678
0.00652586
0.0907793
0.171682
0.00954176
0.0051973
0.00159121
0.00753792
0.0107261
0.00420518
0.120951
0.440829
0.0275489
0.00510479
0.000865804
0.00431611
0.00528622
0.00077713
0.194685
0.558213
0.0202956
0.000853512
0.000324677
0.0011387
0.00432828
0.0021692
0.183998
0.558213
0.0404435
0.00349617
0.00598408
0.000130334
0.00151982
0.00741641
0.11918
0.447523
0.0526459
0.00133202
0
0.000681403
0.00242991
0.000794919
0.175877
0.48865
0.0865365
0.0139807
0.00476657
0.0159842
0.0200743
0.00889865
0.143415
0.515802
0.0414268
0.0160035
0.00976857
0.00160098
0.00709726
0.0115066
0.210803
0.327185
0.050827
0.0334714
0.0511785
0.0411644
0.0486262
0.0248019
0.234627
0.45036
0.106092
0.0560681
0.0158721
0.0524782
0.0543162
0.0301219
0.287855
0.275883
0.0889536
0.0349568
0.0441082
0.0851323
0.097336
0.0776035
0.196882
0.20846
0.0917848
0.0484734
0.135893
0.128375
0.137144
0.0711394
0.166392
0.134346
0.143014
0.0548336
0.209151
0.141741
0.243612
0.317907
0.192814
0.120247
0.103511
0.0432795
0.0339077
0.0671854
0.142003
0.0853747
0.143908
0.0974112
0.0909673
0.101351
0.0313235
0.0914513
0.16961
0.191608
0.117106
0.0897803
0.103967
0.0865487
0.159369
0.252702
0.289797
0.328514
0.0506926
0.0490304
0.131164
0.220097
0.126071
0.429211
0.2789
0.146444
0.113428
0.221689
0.06062
0.0906774
0.139583
0.0571622
0.139662
0.170083
0.00955672
0.0393489
0.0921867
0.491131
0.248495
0.0634162
0.0576084
0.0229627
0.104518
0.245233
0.122836
0.199519
0.189418
0.026007
0.0493743
0.0317939
0.0402723
0.0590975
0.0704166
0.363315
0.366233
0.0849363
0.0543138
0.0490378
0.0388325
0.0418817
0.022019
0.341021
0.234735
0.0386362
0.0309922
0.0195734
0.238339
0.345338
0.0409778
0.135636
0.130673
0.0230528
0.0356589
0.0180139
0.100214
0.146226
0.0403248
0.146064
0.160716
0.0797559
0.0443432
0.0855606
0.264424
0.59612
0.111868
0.0544866
0.0520941
0.034392
0.0333421
0.0610148
0.184305
0.428748
0.0582944
0.00335719
0.00648306
0.000919095
0.00427083
0.00108474
0.167979
0.583755
0.0783016
0.0100689
0.00392514
0.00288267
0.00139039
0.000424878
0.158273
0.414894
0.105594
0.00843449
0.0124621
0.00247241
0.00137634
0.0196505
0.123374
0.313026
0.118328
0.0770694
0.0577991
0.0137578
0.00202856
0.0180498
0.19954
0.58755
0.0658973
0.00920173
0.00747212
0.0128478
0.00862239
0.00433867
0.163663
0.551413
0.0742471
0.0154044
0.0560179
0.0268393
0.0175607
0.0336331
0.131348
0.231936
0.128602
0.105035
0.0783705
0.0251897
0.0153862
0.0231834
0.124919
0.130147
0.103294
0.0526507
0.146876
0.118343
0.0486378
0.0887936
0.162412
0.451598
0.0656065
0.0955587
0.0892273
0.0477247
0.0564551
0.0629101
0.186263
0.172341
0.0738703
0.154958
0.187195
0.236111
0.185604
0.0600536
0.115384
0.0591713
0.0720556
0.128106
0.190533
0.174709
0.13464
0.106005
0.151747
0.067668
0.125482
0.255633
0.181966
0.280697
0.228913
0.0983941
0.0766756
0.0414045
0.0948816
0.0775931
0.199831
0.199081
0.112299
0.0365747
0.160004
0.206812
0.221755
0.0985159
0.334815
0.11416
0.0975872
0.145745
0.100503
0.0616002
0.104
0.191494
0.159673
0.227433
0.086862
0.0274948
0.148094
0.333444
0.351081
0.230727
0.175203
0.154776
0.0443333
0.0236144
0.141013
0.241615
0.172178
0.116729
0.218077
0.173644
0.0741658
0.163897
0.0937292
0.0861102
0.115362
0.189916
0.120935
0.319343
0.0784316
0.102596
0.145098
0.29425
0.285069
0.135833
0.123266
0.0923079
0.0150647
0.0349743
0.169243
0.130561
0.188269
0.301419
0.193541
0.158878
0.0176249
0.11783
0.0847604
0.122582
0.130904
0.21696
0.220965
0.0258156
0.0649887
0.0919898
0.210037
0.143184
0.0624664
0.228702
0.419014
0.0836008
0.108607
0.123288
0.136239
0.0781549
0.0642597
0.111363
0.127409
0.123681
0.14021
0.147313
0.381837
0.225565
0.101394
0.064953
0.137283
0.114277
0.116244
0.175139
0.185116
0.296467
0.105877
0.0493035
0.0938619
0.0448597
0.0315079
0.0853315
0.186707
0.610154
0.203601
0.0511893
0.0310942
0.0299567
0.0193709
0.0444235
0.261689
0.228078
0.139868
0.0278895
0.0173036
0.0276998
0.035108
0.0512864
0.138666
0.270953
0.16495
0.0469895
0.0897002
0.121953
0.0963002
0.0275418
0.195702
0.389646
0.154733
0.042804
0.0607522
0.0379954
0.0143742
0.0464658
0.163423
0.202926
0.123461
0.247364
0.346944
0.0785067
0.0230947
0.049811
0.106189
0.145982
0.0816971
0.0650652
0.129997
0.12796
0.0838729
0.0203454
0.0904762
0.0919428
0.0978679
0.21608
0.380562
0.19717
0.232836
0.0503807
0.0927124
0.146101
0.112108
0.182264
0.21379
0.0781396
0.0420219
0.0295613
0.139533
0.0737777
0.0850319
0.0623514
0.184843
0.188296
0.120879
0.099626
0.0565426
0.0840996
0.0467419
0.0900147
0.227625
0.301238
0.397903
0.08247
0.148437
0.0737512
0.034637
0.0282965
0.198076
0.326995
0.349188
0.121552
0.0690399
0.0350098
0.042461
0.13579
0.171457
0.148269
0.182463
0.0800014
0.134324
0.0906651
0.102616
0.313399
0.200785
0.144485
0.141681
0.0882778
0.119231
0.0984174
0.0942774
0.111242
0.240177
0.131155
0.196343
0.133444
0.301364
0.251952
0.239721
0.222655
0.212
0.0978701
0.0973324
0.222448
0.0649934
0.0669884
0.147119
0.197904
0.137538
0.124922
0.0331392
0.0317018
0.0390215
0.138328
0.306497
0.313323
0.110084
0.118018
0.0308423
0.0214624
0.127537
0.152402
0.280604
0.265354
0.117682
0.0608865
0.0290792
0.0731725
0.120922
0.120414
0.344554
0.415653
0.174103
0.0408901
0.0136222
0.0533346
0.0489081
0.0649708
0.139344
0.1818
0.0634506
0.0633601
0.0199254
0.0446573
0.1255
0.0493746
0.1998
0.365472
0.186925
0.0509642
0.0184833
0.107553
0.175696
0.118621
0.132943
0.165474
0.105613
0.036424
0.0246429
0.105799
0.343255
0.209187
0.333463
0.284807
0.21624
0.0407713
0.10162
0.287619