0
0
0
0
0
0
0
0
0.00358561
0
0
0
0
0
0
0.00358561
0
0
0
0.000565016
0.000565016
0
0
0
0.0760067
0.145471
0.392662
0.448005
0.0368402
0
0
0.0143424
0.0029812
0
0
0
0
0
0
0.0029812
0.0076185
0
0
0
0
0
0
0.0076185
0.180524
0.111642
0.124114
0.070655
0.00255592
0
0
0.111632
0.382614
0.138242
0.105572
0.0333788
0.000265479
0
0.212445
0.787155
0.00461599
0
0
0
0
0
0
0.00461599
0.000639693
0
0
0
0
0
0
0.000639693
0.141491
0.0229655
0.0100093
0
0
2.48254e-005
0.431399
0.770016
0.0112874
0
0
0
0.000935265
0.00187932
0.24638
0.189015
0
0
0
0
0
0
0
0
0.000332479
0
0
0.00741056
0.00881456
0.00831471
0.00564258
0.000332479
0.0755868
0
0
0
0.00717176
0.0139916
0.298793
0.303486
0.164043
0
0
0.000594645
0.000594645
0
0
0.171558
0.0204809
0.00464481
0
0.0161215
0.0757421
0.0773046
0.0598035
0.0305401
0.152863
0.0965223
0.162471
0.0313425
0.112177
0.119178
0.129296
0.115296
0.140409
0
0
0.00206625
0.00667525
0.0141929
0.0120646
0.153119
0.132446
0.019529
0.0358672
0.0013775
0.008291
0.0214278
0.0348446
0.152743
0.125663
0.169322
0.211073
0.0610241
0.0476621
0.0355573
0.0373468
0.0442299
0.0452587
0.0835413
0.0607693
0.0459101
0.0288031
0.00552109
0.00891015
0.0229066
0.0545674
0.0241997
0.0478748
0
0.00114299
0.00358749
0.0111902
0.0482612
0.023197
0.00925467
0.0139291
0.0206445
0.0206445
0.00537587
0.00537587
0.023197
0.0498936
0.0280557
0.0277153
0.0236359
0.0211428
0.00123399
0.00632861
0.0479602
0.0997586
0.0483224
0.0494709
0.0520438
0.0473317
0.0287519
0.0296129
0.0970305
0.0657213
0.0347008
0.0347008
0.073217
0.073217
0.0137876
0.0615559
0.0657213
0.216944
0.150042
0.0594553
0.189262
0.189262
0.0527719
0.124424
0.206714
0
0
0
0.000515871
0.000515871
0
0
0
0.00610786
0.0168902
0.0927245
0.315334
0.119364
0
0
0.000577928
0
0
0
0.00135487
0.00135487
0
0
0
0
0.0017454
0.0348086
0.703222
0.515906
0
0
0
0.0615065
0.065636
0.0876562
0.183528
0.0565707
0
0
0.0409784
0.158717
0.110107
0.0873015
0.152329
0.0395275
0.000228572
0.210745
0.398233
0.0155474
0.0338459
0.0450357
0.406117
0.31227
0
0
0.0115168
0.115068
0.116313
0.0988685
0.406117
0.280956
0.000914287
0.188268
0.225632
0.0418256
0.0166941
0.00677153
0.0111519
0.00213971
0.000659521
0.363245
0.27554
0.00419563
0
0
0
0.000264039
0.000965568
0.384959
0.14788
0.0792281
0.045577
0.0383692
0.0813751
0.0272936
0.0026118
0.447061
0.243448
0.0163635
0.00418536
0.00285157
0.00259309
9.51453e-005
0.00227956
0.447061
0.314868
0.0241237
0
0
0
0.000233876
0.000456276
0.140048
0.103693
0.0877758
0
0
0
0
0
0.0104029
0.084119
0.117067
0
0
0
5.84689e-005
0.00164056
0.467825
0.466379
0.467825
0.00151557
0
0
0
0.00370833
0.141824
0.467825
0.0627783
0
0
0
0
0
0.00520414
0.0908705
0.0152816
0
0
0
0.000144896
0.00152002
0.0141898
0.0769808
0.415448
0.00254292
0
0
0
0.00619631
0.138606
0.509323
0.0639163
0.000635729
0
0
0.000217344
0.00918214
0.465062
0.509323
0.00284017
0.000452682
0.000586545
0.00138309
0.000559892
0.00222993
0.00723355
0.0348791
0.00794371
0.0026897
0.00216528
0.00386643
0.000681285
0.00224126
0.00297507
0.00684681
0.00493834
0.000679023
0.002475
0.00606412
0.000839838
0.0297228
0.647732
0.613228
0.0122708
0.00648458
0.00929431
0.0178169
0.00713094
0.0507813
0.354456
0.0970432
0.0658235
0.0136512
0.0086049
0.0213109
0.0161213
0.0430168
0.0699652
0.0452352
0.0750143
0.0764769
0.0409874
0.034695
0.0372038
0.022469
0.0473803
0.0599769
0.0918424
0.0435251
0.0392092
0.0524194
0.0623795
0.310639
0.512488
0.15363
0.0906191
0.128186
0.246233
0.0926286
0.0408077
0.130408
0.182555
0.0742776
0.00411666
0
0
0.000827481
0.000827481
0
0
0.00347413
0.00455682
0
0.00518663
0.472251
0.369915
0
0
0.00198668
0.0487052
0.0081238
0.0107118
0.0097957
0.00985699
0.00434358
0.0123649
0.0298818
0.0456626
0.0252472
0.0514442
0.573582
0.45388
0.00668118
0.00682912
0.0207546
0.000192297
0.00131795
0.000775589
0.33077
0.249871
0.000189054
0
3.68692e-005
0.0257945
0.0335148
0.0340596
0.385782
0.293583
0.000981917
0.0224273
0.031649
0.00163774
0.00224398
0.00706157
0.372535
0.337521
0.00110609
1.59428e-005
0.000454575
0.00215861
0.00398954
0.00466943
0.385782
0.385782
0.00302487
0.000661795
0.00247302
0.058192
0.0510214
0.0509638
0.237441
0.118218
0.00191347
0.269314
0.153087
0.0198164
0.0109195
0.00912233
0.0248252
0.00985648
0.00385567
0.486447
0.332014
0.0109785
0.0110176
0.013474
0.382651
0.361895
0.00399471
0.0476328
0.0427172
0.0190071
0.00861704
0.00681664
0.0562912
0.0636282
0.00725202
0.322893
0.186856
0.04925
0
0
0
0.000168457
0.00471962
0.415253
0.294027
0.297055
0.00184475
0
0
0.000168902
0.0191041
0.30752
0.380682
0.0109871
0.00497082
0.000883129
3.62893e-005
0.00100728
0.00585089
0.367846
0.165071
0.028802
0.00293408
0.000529107
0
0.000675608
0.0340275
0.415253
0.179721
0.194679
0.00269946
0
0
0.00055006
0.0306465
0.217474
0.326053
0.0317743
0.000674864
0
0
0.000387637
0.0529708
0.421932
0.421932
0.022504
0.00270484
1.77427e-005
0
0.00220024
0.0525394
0.421932
0.105299
0.00500434
0.0071174
0.00171481
0.000889432
0.00300312
0.120443
0.421932
0.144625
0.000403162
3.32123e-005
0.000396878
0.000773165
4.10781e-005
0.0877345
0.401306
0.198876
0.00109137
0.00101357
0.00163429
0.00243053
0.00540816
0.189355
0.401306
0.0344726
0.00572322
0.00258778
0.00224951
0.00268539
0.00893989
0.18905
0.401306
0.0799062
0.022226
0.00070499
0.000624097
0.00179026
0.16508
0.401306
0.401306
0.0264768
0.00548021
0.0053475
0.00759965
0.00234745
0.0132463
0.201548
0.215508
0.0162532
0.0151809
0.00912671
0.0205688
0.00875193
0.00370408
0.0191096
0.0206029
0.0203914
0.0209598
0.00595275
0.0103416
0.00168017
0.381436
0.671222
0.442831
0.0272398
0.0325786
0.0178043
0.0259155
0.010521
0.0622013
0.172037
0.0966755
0.0769101
0.140929
0.00374235
0.0035731
0.00497715
0.00492143
0.0027587
0.00530108
0.149817
0.247202
0.0559385
0.0339567
0.14158
0.0979448
0.00374658
0.00203358
0.0861855
0.352251
0.018194
0.000649284
0.00620062
0.0039619
0.0232906
0.00960919
0.512305
0.512305
0.206911
0.13316
0.0788605
0.0306768
0.0086139
0.0167961
0.294041
0.0841028
0.0340705
0.0452728
0.284466
0.26643
0.00147953
2.6551e-005
0.00873194
0.00951882
0.00825182
0.0264909
0.397731
0.397731
0.00358745
0
0.000718275
0.225257
0.103576
0.129394
0.249714
0.135195
0.00225509
0.00472303
0.0294727
0.0286186
0.024411
0.0591664
0.397731
0.397731
0.00749557
0
0.0028731
0.00320594
0.00141287
0.00217043
0.404608
0.456084
0.00419354
0.00196426
0.00369273
0.0287873
0.0279263
0.00704182
0.0632382
0.0882446
0.00413705
0.0303669
0.0425714
0.0153486
0.0109735
0.00114764
0.513245
0.5213
0.00474204
0
0.00357691
0.050453
0.0749378
0.021074
0.0844365
0.0958813
0.000861738
0.00125194
0.00912889
0.0662194
0.0680784
0.00899372
0.000185872
0.00268437
0.00619849
0.223481
0.134262
0.0847572
0.0496364
0.00847265
0.00363639
0.000698647
0.0342836
0.83494
0.276756
0.0869634
0.126137
0.0267378
0.00192771
0.00266926
0.00162318
0.0101897
0.020814
0.114108
0.0947863
0.0230873
0.0158416
0.00933113
0.0168057
0.0718913
0.0586545
0.0151647
0.00933025
0.00685144
0.0105916
0.0081521
0.0435879
0.541822
0.107075
2.74586e-005
0.00944226
0.00857643
0.0141079
0.024422
0.116309
0.541822
0.135545
0.044645
0.0213514
0.0177013
0.0377416
0.0329164
0.0706416
0.153847
0.0328967
0.0421761
0.0945097
0.0558859
0.0452421
0.137935
0.203438
0.43351
0.115788
0.0126754
0.0033572
0.00459677
0.00714869
0.0298869
0.116982
0.404236
0.109412
0.0465051
0.000506536
0.00115207
0.013759
0.223381
0.421956
0.35294
0.0577223
0.0159367
0.125509
0.112837
0.0200031
0.0995982
0.116968
0.282316
0.1046
0.0411343
0.204797
0.192032
0.0841107
0.162603
0.238176
0.305929
0.0460776
0.0113175
0.000424237
0.000901398
0.00571619
0.142509
0.363917
0.303566
0.0284928
0.0291868
0.00567454
0.00403354
0.00381776
0.0210739
0.101579
0.266446
0.159339
0.0609567
0.27001
0.0719974
0.0320061
0.0548733
0.178426
0.355343
0.0228977
0.259368
0.280358
0.0411313
0.000660704
0.00198183
0.102282
0.374048
0.257793
0.214644
0.0533329
0.0332495
0.0396256
0.0259265
0.0743677
0.024477
0.483695
0.438738
0.238988
0.157848
0.0805089
0.0828481
0.0368185
0.0614189
0.271248
0.0465397
0.116016
0.0963462
0.0773827
0.0826735
0.0227363
0.0490681
0.0290917
0.319536
0.197163
0.0978483
0.182451
0.105327
0.0654297
0.0903782
0.106094
0.0978258
0.059259
0.0623351
0.191263
0.133869
0.00561409
0.00961927
0.0189826
0.0148064
0.0110405
0.0186525
0.442538
0.436223
0.00613845
0
0.0010932
0.0699218
0.0529432
0.0434828
0.260745
0.16256
0.0220894
0.00864561
0.0158417
0.00615596
0.0121212
0.0226016
0.442538
0.442538
0.0153478
0.000413883
0.0016507
0.0164958
0.00818229
0.000870286
0.385793
0.431792
0.00305717
5.26866e-005
0.00324108
0.0536309
0.0394558
0.0122534
0.0628595
0.0788424
0.0011173
0.00246476
0.0148094
0.0384592
0.0239305
0.000978181
0.448402
0.521518
0.0254119
0.00601118
0.0103344
0.191228
0.267039
0.00307405
0.0644684
0.0958409
0.0143847
0.010005
0.0220831
0.0510438
0.0519214
0.00848368
0.0015417
0.00157314
0.00124512
0.00510203
0.0130819
0.11853
0.198496
0.00480393
0.003889
0.00364825
0.00736437
0.0100238
0.0108775
0.291476
0.461366
0.0190815
0.000385424
0.000511182
0.00135407
0.003274
0.00878856
0.500247
0.576247
0.0434139
9.63561e-005
9.63561e-005
0.00193281
0.00510242
0.036875
0.177685
0.172067
0.00428474
0.0107349
0.0195774
0.0328544
0.0241866
0.019529
0.249841
0.27158
0.068401
0.0129881
0.0886731
0.0924168
0.0471906
0.040245
0.336296
0.472826
0.0217846
0
0.00264253
0.00454703
0.0101157
0.0422031
0.397942
0.472826
0.0708512
0.00191709
0.0278239
0.0104312
0.0216358
0.0303229
0.0661376
0.203311
0.136552
0.0127052
0.0504972
0.0444164
0.0290994
0.0190389
0.0339208
0.322544
0.3956
0.0505202
0.0550099
0.039166
0.0373542
0.00634399
0.131043
0.408454
0.21044
0.00308121
0.01555
0.00204136
0.00459263
0.00975619
0.0335623
0.439041
0.439041
0.0269531
0.00741132
0.00114088
0.000407905
0.0028087
0.0906073
0.445125
0.284514
0.0280247
0.0221407
0.033342
0.0625245
0.00292274
0.32
0.445125
0.0674776
0.00301046
0.00237784
0.0321298
0.0767413
0.11208
0.0239934
0.314039
0.445125
0.0446165
0.00635626
0.00853528
0.00146871
0.00143596
0.069962
0.165219
0.0674386
0.0179486
0.0147763
0.014911
0.00644454
0.0284536
0.0685937
0.0906746
0.0435557
0.073139
0.067048
0.0022439
0.0691297
0.0491026
0.450048
0.162062
0.063573
0.105342
0.100924
0.035841
0.13782
0.132135
0.107653
0.103951
0.0455297
0.0892072
0.0636351
0.0110647
0.130359
0.11177
0.34852
0.132623
0.0244756
0.0729226
0.142016
0.0623017
0.534606
0.304032
0.186501
0.0933372
0.0759137
0.204803
0.124329
0.0319471
0.027391
0.0378518
0.0355078
0.0318512
0.0504106
0.43005
0.456691
0.0836885
0.0361686
0.0168606
0.145167
0.0549249
0.0284865
0.0970539
0.222891
0.0972658
0.211712
0.118555
0.0529027
0.0659266
0.0626749
0.166302
0.431798
0.192804
0.127903
0.0675969
0.110477
0.0918007
0.00176448
0.184947
0.27828
0.0652768
0.0492037
0.0296957
0.240522
0.462177
0.0384131
0.0369898
0.0374542
0.0159543
0.016472
0.0267482
0.156561
0.179244
0.0613552
0.0615823
0.158569
0.0841514
0.091437
0.0669397
0.215646
0.462177
0.266254
0.261572
0.163122
0.00803404
0.0251163
0.0391799
0.207168
0.368949
0.0424442
0.00584533
1.9284e-005
9.64199e-005
0.000781602
0.0132445
0.366074
0.326383
0.0396942
0
0
0
0.0311138
0.178384
0.177325
0.34315
0.198923
0.170982
0.0926078
0.000862674
0.00173873
0.0247946
0.354784
0.184338
0.0710074
0.0383179
0.0224796
0
0.0774866
0.327754
0.203543
0.226183
0.0223937
0
0
0.000340247
0.0599354
0.219121
0.296408
0.405432
0.038321
0.00042472
0.00382248
0.00136099
0.0247399
0.0730505
0.199952
0.142343
0.0118189
0.0124283
0.0185581
0
0.137078
0.405432
0.351688
0.405432
0.0297738
0.0194852
0.0203077
0.00123655
0.0420753
0.141238
0.211218
0.452008
0.136207
0.000333395
0.00300056
0.000480037
0.00157726
0.00462964
0.0522964
0.452008
0.399685
0.0115318
0.000410819
0.00102386
0.00311941
0.00279248
0.253237
0.447037
0.0187156
0.00567772
0.0102156
0.001508
0.000267479
0.0050303
0.0708877
0.225206
0.0230143
0.002236
0.00188433
0.000569008
0.00420605
0.00836771
0.0390855
0.437426
0.790277
0.0905268
0.0152783
0.026017
0.0221302
0.0160818
0.0135657
0.0317341
0.112941
0.0556457
0.0415622
0.0461604
0.0310828
0.0142769
0.0578461
0.141104
0.0562855
0.0123804
0.0050926
0.00875553
0.0280698
0.0371675
0.016363
0.0230847
0.0607744
0.0467621
0.0258633
0.031007
0.0211488
0.0220236
0.0855747
0.104919
0.114658
0.0975228
0.0616755
0.0294493
0.118359
0.102184
0.152879
0.13434
0.0771144
0.06529
0.100205
0.0987909
0.5693
0.302352
0.0613318
0.0728005
0.128141
0.0492036
0.0314263
0.0497549
0.13895
0.198932
0.295396
0.274007
0.146462
0.031357
0.0427372
0.0619302
0.124469
0.20732
0.0321536
0.0234445
0.046178
0.0467495
0.218198
0.167433
0.195524
0.0924484
0.0233517
0.170628
0.135601
0.0661165
0.296976
0.234518
0.152622
0.0734253
0.12255
0.184919
0.244341
0.0395672
0.0756951
0.115229
0.0461139
0.0304133
0.0715085
0.27261
0.568696
0.123147
0.0665162
0.171657
0.075932
0.0333772
0.062148
0.191962
0.099209
0.0245539
0.0529078
0.0366391
0.0425205
0.0302334
0.0899311
0.151625
0.149185
0.342291
0.404656
0.0144076
0.0232729
0.0217044
0.0435861
0.162211
0.184391
0.0632555
0.0271678
0.0255404
0.0196562
0.0126142
0.0386545
0.0634993
0.0209292
0.491499
0.491499
0.0183888
0.014618
0.012672
0.0524668
0.0991936
0.134955
0.400023
0.38684
0.00533309
0.00598589
0.0119954
0.0835441
0.0598406
0.0479831
0.123875
0.11252
0.000203017
0.0330409
0.113485
0.00571524
0.00247774
0.00101
0.486268
0.486268
0.00619747
0.00391714
0.00302259
6.5874e-005
0
0
0.199478
0.208903
0.00108716
0
6.5874e-005
0.135213
0.112444
0.0191759
0.141332
0.190005
7.10522e-005
0.127879
0.352135
0.227403
0.313964
0.0677383
0.223669
0.189299
0.00862757
0.0357667
0.135174
0.00011419
0
0.00193414
0.293351
0.292832
0.000380484
0
0.00011419
0.000197234
0.00461327
0.0357104
0.387339
0.32474
0.00392767
0.000518992
0.000197234
0.419654
0.451904
0.0852703
0.210313
0.211956
0.0371345
0.00839304
0.0239791
0.143761
0.109114
0.0490674
0.0322051
0.0458491
0.0291305
0.0133096
0.0467739
0.0264016
0.0577283
0.131964
0.362113
0.288913
0.0238991
0.00644142
0.0110028
0.053365
0.0857748
0.0787454
0.030309
0.0518216
0.0637632
0.0106661
0.0216429
0.0624969
0.0932664
0.111062
0.0315782
0.0925787
0.0805221
0.0516695
0.0956087
0.0141249
0.0607089
0.190265
0.270425
0.214498
0.134197
0.0749144
0.0700801
0.036143
0.090766
0.138167
0.0499191
0.138297
0.1347
0.0327008
0.0361243
0.0171954
0.0610833
0.164085
0.197716
0.220587
0.113691
0.171622
0.169118