0.00161206
0
0.0017799
0.0547704
0.0205434
0.000893657
0.00349847
0.0065808
0.151216
0.293647
0.157916
0.278665
0.0915808
0
0.0482967
0.109961
0.0230039
0.00279326
0.0273831
0.275814
0.038456
0.0061319
0.0170431
0.0368728
0.0904511
0.206796
0.287572
0.618582
0.315908
3.5272e-005
0.0337693
0.0580168
0.144879
0.157263
0.0627236
0.069484
0.020583
0.0122529
0.207922
0.182481
0.0781582
0.0364322
0.0049701
0.0958641
0.038739
0.0647889
0.38928
0.274543
0.0820357
0.117859
0.0992084
0.38928
0.103707
0.0148653
0.174009
0.166726
0.0732382
0.0450327
0.000991692
0.05757
0.0141771
0.124741
0.38928
0.38928
0.0621893
0.0504458
0.0150201
0.142969
0.128655
0.0717841
0.180448
0.140209
0.120302
0.0788037
0.047404
0.0888923
0.144266
0.0562761
0.094668
0.0785602
0.0591012
0.0448048
0.0110332
0.0684774
0.0743427
0.277461
0.41221
0.358195
0.0558915
0.0239367
0.05133
0.0958817
0.11099
0.268203
0.41221
0.357097
0.130615
0.0753801
0.0435222
0.0554965
0.0691669
0.0484399
0.11857
0.101808
0.204316
0.0590174
0.0274257
0.0574112
0.0635698
0.0603626
0.0899365
0.213668
0.0576639
0.0146512
0.0561454
0.076769
0.0932029
0.193141
0.467763
0.367152
0.284082
0.0717648
0.107843
0.226087
0.124183
0.210057
0.301787
0.269069
0.214021
0.0244874
0.0245336
0.0637732
0.0865256
0.0198022
0.0276258
0.227521
0.305258
0.146409
0.0423387
0.0470664
0.075879
0.0112636
0.0612572
0.234866
0.31678
0.0845728
0.102322
0.259162
0.156367
0.132527
0.0999748
0.306389
0.336757
0.118429
0.155569
0.160645
0.141678
0.128355
0.149202
0.295646
0.192972
0.109651
0.052879
0.00988176
0.0357778
0.0177082
0.053147
0.189654
0.322018
0.141648
0.0599621
0.0253078
0.0373643
0.027381
0.0843962
0.40157
0.222426
0.11534
0.139451
0.084219
0.0535446
0.0442521
0.0671534
0.167583
0.387001
0.236516
0.150772
0.0965344
0.0448739
0.0474406
0.144741
0.421348
0.289955
0.142777
0.0351164
0.0578592
0.0558628
0.0583069
0.0790403
0.219668
0.248322
0.125
0.109421
0.139386
0.0771601
0.122845
0.168779
0.227724
0.225264
0.236278
0.112412
0.121144
0.096394
0.046904
0.164925
0.263838
0.300716
0.149159
0.215558
0.150568
0.107379
0.0722351
0.293155
0.230184
0.0227286
0.00408141
0.0166734
0.227911
0.0399096
0.00259425
0.009545
0.0214451
0.0124632
0.00350676
0.0745609
0.538356
0.213721
0.000500182
0.00205912
0.00700759
0.017769
0.00825916
0.0097668
0.371949
0.10072
0.00258587
0.0173388
0.024763
0.00624418
0.00479241
0.0401519
0.538356
0.330567
0.000687391
0.00170619
0.00539319
0.01881
0.0126396
0.0534232
0.542861
0.198714
0.00533787
0.0251726
0.0493619
0.0657567
0.0202639
0.00479589
0.0796805
0.047768
0.0831332
0.226811
0.278918
0.00595322
0.00270648
0.0591915
0.542861
0.29021
0.00359113
0.00876162
0.00242733
0.0338292
0.00942002
0.0391157
0.196899
0.14684
0.0336493
0.0803626
0.0549077
0.0376466
0.00961273
0.00235391
0.0112776
0.0146252
0.179983
0.347973
0.255501
0.0394071
0.00201927
0.00906367
0.0241343
0.0185558
0.208622
0.468553
0.468553
0.0224086
0.00480434
0.00393471
0.0282164
0.0272907
0.0477907
0.146537
0.0966915
0.0330492
0.00393669
0
0.000638939
0.00162681
0.0946298
0.364659
0.26396
0.0127734
0.00940444
0.0143018
0.0140631
0.0255441
0.113107
0.406515
0.273004
0.107142
0.0599122
0.0596934
0.082369
0.042905
0.133486
0.406515
0.167163
0.0187773
0.00735792
0.00190134
0.000185233
0.00345499
0.0770081
0.35803
0.205405
0.0528946
0.0305138
0.012943
0
0.00490464
0.149347
0.406515
0.315264
0.118999
0.0577772
0.0659353
0.0936896
0.0427244
0.101419
0.205596
0.133732
0.23343
0.0541725
0.0954199
0.0856337
0.0391998
0.0838333
0.0745314
0.1279
0.0879679
0.0563004
0.024806
0.0167951
0.00927684
0.199086
0.39024
0.383544
0.315269
0.12517
0.0895519
0.0441969
0.0415828
0.151019
0.318353
0.39024
0.283667
0.0914166
0.131614
0.0919442
0.0143973
0.055712
0.0511035
0.108581
0.213247
0.247998
0.165188
0.107311
0.0618443
0.0860272
0.160851
0.224832
0.37629
0.0864246
0.114532
0.0702791
0.0516815
0.181571
0.23573
0.262225
0.146891
0.171954
0.160598
0.128746
0.16812
0.218663
0.229765
0.205785
0.15985
0.286097
0.116482
0.0800632
0.0782022
0.0320554
0.141293
0.131688
0.213341
0.240912
0.161266
0.0713947
0.122424
0.0708363
0.25076
0.0915409
0.123971
0.270022
0.163152
0.0964553
0.136565
0.0920085
0.160493
0.0757552
0.24619
0.351201
0.270694
0.154796
0.11549
0.0929241
0.256869
0.0965175
0.00729417
0.0112461
0.00592869
0.300187
0.0794232
0.00273912
0.0126294
0.0177547
0.0018951
0.00709536
0.0134013
0.480472
0.238768
7.9571e-005
0.000211031
0.0030815
0.0164689
0.00690569
0.00375359
0.451125
0.112265
0.0012604
0.00837669
0.0271222
0.00302644
0.00479558
0.00622676
0.480472
0.345131
0
0.000519248
0.00299916
0
0
0.0353413
0.547093
0.267009
0.000655516
0.000596877
0
0.00444182
0.00213224
0.0361608
0.184773
0.152329
0.00447066
0.00890309
0.0122029
0.00203241
0.003233
0.0116603
0.547093
0.356377
0.00194198
0
0.000196848
0.00273333
0.000883925
0.0116668
0.237308
0.178373
0.00993931
0.0130993
0.015539
0.0412756
0.0294761
0.0305922
0.142944
0.137876
0.0634093
0.153388
0.125762
0.0702564
0.0634076
0.00467726
0.0136609
0.0241695
0.213495
0.654836
0.392816
0.0389137
0.01858
0.0214496
0.167677
0.147253
0.0432747
0.072865
0.0720041
0.10078
0.0784052
0.0158379
0.0707259
0.102775
0.0577379
0.0702585
0.115783
0.0316086
0.0128998
0.00304193
0.00175739
0.00268387
0.077203
0.295768
0.203485
0.0441363
0.00742699
0.0063154
0.0017528
0
0.240433
0.656837
0.450246
0.0570319
0.0241962
0.0124451
0.0350505
0.0255374
0.0229416
0.0593921
0.0785877
0.0514989
0.0138689
0.0256777
0.0357928
0.00920221
0.133909
0.204784
0.155424
0.0462654
0.0172527
0.000960373
0.00315627
0.00277674
0.156174
0.344922
0.346421
0.122738
0.0774082
0.0507423
0.00694544
0.0239345
0.125078
0.448715
0.448715
0.0151766
0.00189957
0.00402446
0.00425438
0.000671214
0.0838289
0.148285
0.121135
0.0317359
0.00292476
0.00124989
0.000272388
3.58509e-005
0.0776732
0.355311
0.264506
0.0969722
0.0352763
0.0509935
0.0267521
0.0288566
0.118799
0.387644
0.244441
0.0721547
0.0593267
0.0761279
0.0640918
0.080574
0.226469
0.324659
0.201208
0.0293698
0.00489936
0.00262824
0.00070784
0
0.0673144
0.385857
0.188979
0.0611144
0.0429897
0.0280988
0.0377686
0.0233613
0.161631
0.416472
0.315623
0.108581
0.198708
0.174224
0.0874196
0.107758
0.211035
0.180826
0.126963
0.197991
0.386064
0.338669
0.153244
0.0540437
0.0851023
0.14541
0.108855
0.147102
0.168402
0.164138
0.0862691
0.0519756
0.12497
0.222294
0.279647
0.138182
0.269649
0.234172
0.0554281
0.0232599
0.0363868
0.0184565
0.0693877
0.0228946
0.000597398
0.0395784
0.396463
0.0858556
0.0180473
0.00789929
0.0460141
0.00362208
0.00165907
0.0403106
0.438901
0.242949
0.00427741
0.000601276
0.00552274
0.0182532
0.00342129
0.0976638
0.437529
0.20145
0.0493399
0.0138018
0.0745116
0.00193737
0.00171448
0.104859
0.438901
0.283113
0.0123052
0.00101966
0.00883003
0.00215659
0.00498871
0.0149509
0.567868
0.282524
0.00246537
0.000227817
0.000845768
0.00490951
0.00237599
0.0078361
0.204125
0.130984
0.0145836
0.0177817
0.0213575
0.00101479
0.00404137
0.0357189
0.567868
0.272837
0.00397461
0.001595
0.000992554
0.00645925
0.00894298
0.00944537
0.240349
0.157548
0.00910752
0.0158538
0.0143141
0.068309
0.0291332
0.0225663
0.195829
0.169143
0.107689
0.172183
0.148359
0.197248
0.108652
0.0252022
0.153504
0.242936
0.125581
0.112236
0.114077
0.0889793
0.0660545
0.0329804
0.178818
0.19337
0.0923629
0.175678
0.160749
0.339218
0.158798
0.106706
0.111765
0.196058
0.087272
0.140254
0.21794
0.249677
0.0615222
0.029787
0.23917
0.171537
0.055535
0.0493915
0.170345
0.221587
0.0628876
0.0521353
0.223425
0.0768428
0.0871584
0.129859
0.192961
0.302876
0.0820981
0.0578378
0.201157
0.159097
0.0299436
0.0341523
0.177334
0.339288
0.167681
0.042133
0.209383
0.101177
0.034884
0.132288
0.154078
0.0232215
0.0155836
0.011363
0.0185175
0.00811519
0.0697626
0.130834
0.114701
0.048468
0.0188487
0.018408
0.0147816
0.0112322
0.117855
0.470124
0.311662
0.158328
0.160614
0.0328073
0.0224369
0.0164214
0.0215793
0.0708116
0.0569915
0.467021
0.41398
0.10768
0.0229215
0.0373821
0.010768
0.0564276
0.234323
0.0526922
0.0258966
0.00490989
0.00390567
0.00266215
0.0667536
0.361855
0.159729
0.109425
0.117004
0.0690996
0.095543
0.0638817
0.0889361
0.441721
0.237644
0.298479
0.284787
0.0402761
0.00658217
0.0115256
0.0128146
0.104209
0.1335
0.229106
0.333766
0.1016
0.145238
0.103338
0.105699
0.207592
0.0862187
0.13146
0.207685
0.215053
0.169137
0.138604
0.0485071
0.191056
0.221838
0.232586
0.220927
0.183637
0.0699124
0.0651999
0.0279327
0.0302189
0.152728
0.0805656
0.180797
0.179442
0.261097
0.18618
0.14937
0.115173
0.0541396
0.192454
0.171722
0.119054
0.092065
0.0896912
0.199246
0.297055
0.250511
0.0150271
0.0141738
0.0328452
0.360698
0.250459
0.0202057
0.0148
0.032648
9.2572e-005
0.0039445
0.0328437
0.416792
0.300377
0.00571083
0.00185678
0.00241608
0.0265459
0.0770735
0.118424
0.416792
0.213728
0.0423625
0.0878258
0.0357864
6.17147e-005
0.0426063
0.105033
0.416792
0.244916
0.00947139
0.0124562
0.00124289
0.000736034
0.00303247
0.0327165
0.557015
0.240302
0.00874969
0.00202638
0.000537787
0.00813343
0.00883601
0.0146713
0.221006
0.114443
0.0125577
0.013546
0.00677506
0.01285
0.0121052
0.0653028
0.60227
0.256083
0.0290922
0.00196673
0.00209629
0.0969955
0.0761999
0.037996
0.208393
0.0994653
0.0409586
0.0156534
0.0432498
0.0252446
0.0147798
0.0103188
0.0328705
0.035165
0.0125028
0.0248213
0.0235779
0.090305
0.0491429
0.0354599
0.016375
0.0163878
0.00616276
0.0231678
0.0668392
0.271667
0.275141
0.0329275
0.0151559
0.0295448
0.0197815
0.0167435
0.0888398
0.523113
0.650797
0.0653475
0.00862732
0.00472021
0.00427445
0.00495561
0.168138
0.110878
0.0667308
0.0299691
0.0121819
0.0090099
0.0015402
0.00829539
0.0525949
0.212939
0.21287
0.0479105
0.0129458
0.00704195
0.00204353
0.0244457
0.0835525
0.409126
0.364047
0.0701256
0.000946735
0.000270306
0.00100146
0.0118515
0.116494
0.474128
0.458056
0.124726
0
0
0.00789561
0.0569758
0.203056
0.188096
0.243261
0.0431047
0.00276575
0.00216357
0.00270331
0.0185292
0.0636348
0.326859
0.35431
0.0982903
0.00174841
0.0049349
0.00108051
0.00626759
0.143828
0.236119
0.3852
0.158056
0
0
0.00522622
0.0351589
0.116197
0.249026
0.435419
0.243698
0.0193871
0.0126002
0.0190961
0.0414361
0.136271
0.356786
0.324568
0.0592493
0.00295133
0.00546725
0.000343528
0.0211058
0.191968
0.203207
0.310565
0.0637078
0.131537
0.0722167
0.122272
0.073174
0.127063
0.285578
0.243335
0.108477
0.0697337
0.0121301
0.0354312
0.0818513
0.231331
0.216593
0.196026
0.105632
0.2036
0.0625993
0.207985
0.141464
0.184732
0.0434813
0.133152
0.0613848
0.203997
0.119234
0.265445
0.0874725
0.0398004
0.0478135
0.0740931
0.0604145
0.0706489
0.0607354
0.198517
0.248448
0.123628
0.0846938
0.114828
0.0735996
0.171241
0.133787
0.452162
0.244431
0.0758811
0.0647928
0.074285
0.055148
0.0464182
0.122381
0.323352
0.363844
0.0813274
0.0189919
0.0547638
0.180765
0.310505
0.240877
0.0601062
0.0825452
0.0258703
0.00375401
0.0294918
0.122967
0.385883
0.18768
0.0223025
0.0134405
0.00307769
0.0124386
0.0216512
0.191534
0.385883
0.349712
0.0626742
0.103263
0.0419136
0.0257603
0.0405386
0.0902468
0.375751
0.281995
0.0393878
0.0330198
0.0270389
0.108991
0.0301169
0.0431834
0.368691
0.191963
0.0627814
0.00345565
0.0267062
0.304062
0.229295
0.0518993
0.111518
0.0617416
0.0526692
0.0107488
0.116101
0.264152
0.17884
0.0382192
0.155296
0.134662
0.042822
0.0148156
0.101981
0.442425
0.341101
0.209
0.0832796
0.0224084
0.0615621
0.0213751
0.188703
0.210423
0.187843
0.0367126
0.0145312
0.00418493
0.00436365
0.00374325
0.0603558
0.395333
0.306169
0.0674319
0.0319272
0.0388532
0.000688767
7.36493e-005
0.063983
0.272155
0.206025
0.166377
0.119141
0.00673981
0.0413118
0.0184927
0.0734335
0.493703
0.294518
0.215281
0.155305
0.154098
0.0682627
0.0395721
0.0918053
0.355134
0.32955
0.0652326
0.0309568
0.0611615
0
0.0273438
0.067707
0.255803
0.273478
0.0715036
0.0182859
0.0487877
0.0232495
0.160621
0.157268
0.293968
0.27256
0.140859
0.121359
0.234698
0.0623454
0.109794
0.106102
0.122987
0.169309
0.0703798
0.0795673
0.160585
0.0517629
0.295437
0.221865
0.185793
0.209362
0.187098
0.00453535
0.0274384
0.0275991
0.166704
0.165368
0.183844
0.259103
0.306155
0.0192626
0.0428563
0.0269774
0.126064
0.134484
0.210294
0.106088
0.0954984
0.0316185
0.12038
0.0733394
0.249323
0.25614
0.219516
0.195215
0.233785
0.0239799
0.180537
0.133508
0.243054
0.255127
0.126705
0.103995
0.0920005
0.055908
0.048736
0.0324197
0.121776
0.147747
0.154034
0.162785
0.0742494
0.144514
0.0479842
0.0794742
0.168477
0.140518
0.0938909
0.155363
0.124671
0.0388769
0.187103
0.160129
0.226773
0.197077
0.1945
0.468452
0.120961
0.113335
0.234837
0.292653
0.272611
0.165248
0.111876
0.122483
0.0324983
0.0537956
0.0580736
0.0849405
0.096474
0.0396228
0.111015
0.0453005
0.0551153
0.0152875
0.100718
0.123262
0.169916
0.117275
0.23746
0.325967
0.0551479
0.123978
0.182377
0.161586
0.138275
0.045916
0.352446
0.163785
0.400762
0.264718
0.227746
0.185341
0.19749
0.210952
0.015107
0.118241
0.304931
0.414142
0.282574
0.0628623
0.124659
0.084402
0.0967668
0.162437
0.137277
0.277226
0.243877
0.0616138
0.0757304
0.127314
0.0293123
0.186381
0.190501
0.176505
0.197974
0.207893
0.146334
0.13069
0.114006
0.146807
0.100864
0.116222
0.145606
0.128594
0.0840534
0.148126
0.249846
0.334806
0.0588584
0.0744781
0.0656166
0.0272327
0.0331644
0.172681
0.209857
0.249455
0.245353
0.091147
0.0460603
0.13001
0.0428696
0.182924
0.23775
0.223832
0.0789166
0.126627
0.0769333
0.142661
0.0942949
0.165794
0.188858
0.213605
0.199788
0.107737
0.146718
0.292493
0.0672558
0.207492
0.12105
0.127537
0.149099
0.101383
0.034098
0.202818
0.0717475
0.0856204
0.307572
0.20305
0.113997
0.0974431
0.09422
0.294342
0.129381
0.14462
0.0922067
0.0934987
0.0867575
0.078402
0.0830393
0.28154
0.0906471
0.142751
0.332646
0.128446
0.073377
0.276172
0.0885013
0.306508
0.187838
0.201772
0.18323
0.149167
0.0722979
0.065875
0.169016
0.252933
0.162847
0.146372
0.0814845
0.114218
0.0490039
0.0622926
0.121275
0.131832
0.227096
0.162
0.309232
0.21902
0.0902328
0.281225
0.0614193
0.204985
0.167385
0.193805
0.111159
0.207817
0.155923
0.222805
0.0574539
0.149379
0.251588
0.16585
0.103986
0.0922738
0.0354053
0.0707884
0.0810854
0.088539
0.165207
0.152174
0.139079
0.132657
0.0973708
0.0667235
0.211298
0.189958
0.212097
0.184884
0.0813871
0.108461
0.105463
0.247717
0.0775872
0.111521
0.206392
0.167931
0.328899
0.16497
0.177551
0.337872
0.186454
0.165868
0.271424
0.155457
0.0693745
0.069001
0.0570378
0.0211318
0.0975952
0.155848
0.151997
0.0784862
0.145749
0.164996
0.0706815
0.0640849
0.13463
0.345335
0.232828
0.10505
0.186393
0.0583815
0.0951282
0.137337
0.133894
0.15148
0.187174
0.101171
0.295317
0.0806216
0.110255
0.129281
0.245908
0.385633
0.251094
0.262816
0.179368
0.138401
0.0585364
0.138875
0.137644
0.202869
0.111358
0.0411498
0.241424
0.142135
0.246712
0.286043
0.169764
0.200474
0.111816
0.166804
0.193464
0.0836019
0.112576
0.191273
0.125384
0.23999
0.119085
0.161975
0.173431
0.164835
0.212168
0.272535
0.148675
0.165883
0.0642136
0.192512