0.0166124
0.0177374
0.0220642
0.0129728
0.0054342
0.0217114
0.0188812
0.00518588
0.0523843
0.0883148
0.0773652
0.0976721
0.0598844
0.0101896
0.00551631
0.0144173
0.0202459
0.0297642
0.0175061
0.025848
0.025305
0.0401168
0.0323138
0.00541048
0.208916
0.263636
0.3771
0.705795
0.32572
0.0136078
0.0061156
0.0153371
0.0406239
0.0620299
0.041123
0.17714
0.148008
0.00423035
0.000247741
0.00489484
0.032926
0.0412976
0.053674
0.329873
0.308368
0.043844
0.00248808
0.00198845
0.243386
0.22583
0.235945
0.319852
0.120203
0.0082425
0.0174621
0.159196
0.208813
0.157464
0.16357
0.247281
0.141876
0.0992509
0.213179
0.375505
0.0275121
0.00902871
0.0832798
0.255991
0.214705
0.0724695
0.00913341
0.0137123
0.0138495
0.00493662
0.146224
0.357782
0.187186
0.0199142
0.00451871
0.0151295
0.103552
0.022691
0.088811
0.179126
0.137081
0.193129
0.352445
0.381281
0.0617077
0.00803833
0.0657766
0.264633
0.331005
0.122578
0.0763312
0.144172
0.000173599
0.000234047
0.0328326
0.268612
0.159753
0.00272766
0.000138282
0.000576419
0
0.00518726
0.00954326
0.480625
0.341188
0.000531994
0
0
0.00244284
0.000417717
0.0134911
0.344217
0.187105
0.0354022
0.00507669
0.00813194
0
0.0327196
0.0756125
0.480625
0.336676
0.00786189
0
0
0.00252973
0.0776106
0.0382907
0.275172
0.190118
0.00245969
0.00087438
0.00710571
0.0768916
0.225276
0.0752929
0.0308229
0.0410554
0.0254135
0.0119994
0.0842452
0.00927616
0.356512
0.253548
0.323881
0.199207
0.00374554
0.000128228
0.00403256
0.0662545
0.546165
0.222668
0.131415
0.180193
0.0945638
0.0108663
0.0818866
0.0962216
0.150797
0.0895711
0.111246
0.0874432
0.0669463
0.0375971
0.148664
0.055197
0.0743707
0.18959
0.354413
0.0969424
0.0441489
0.137452
0.148881
0.0602423
0.284286
0.0755282
0.365653
0.385197
0.142776
0.0303023
0.115482
0.171034
0.0902329
0.0542944
0.233521
0.249259
0.0463738
0.128997
0.18793
0.109535
0.0492856
0.0573518
0.107902
0.0192842
0.00724763
0.059227
0.184759
0.210496
0.0205446
0.00261426
0
0
0.00730236
0.0171713
0.336887
0.304698
0.0492406
0.0172818
0.0264653
0.0377414
0.007104
0.0562443
0.290413
0.484655
0.0094816
0
0
0
0
0.00443944
0.5448
0.00204746
0.00564573
0.00498842
0.0142452
0.011771
0.011719
0.00646628
0.00229247
0.032184
0.03451
0.102484
0.553593
0.233193
0.0069401
0.000809833
0.0007659
0.00314782
0.00313385
0.00853285
0.0207093
0.0241671
0.0091659
0.00368968
0.00267646
0.000683923
0.00131788
0.0190932
0.561964
0.502965
0.00539479
0.000357265
0.000101661
0.0763025
0.0567523
0.118435
0.37693
0.132244
0.0067582
0.0173016
0.0859403
0.10656
0.0489404
0.068627
0.121412
0.0400403
0.058929
0.233606
0.289817
0.0167628
0.01272
0.0296631
0.402125
0.335948
0.00183782
0.00559629
0.0144346
0.13185
0.0448391
0.0633163
0.402125
0.139286
0.0342159
0.241459
0.229937
0.0519052
0.00673962
0.00792137
0.00939954
0.00550853
0.0864054
0.309542
0.235585
0.0230794
0.00274081
0.0138278
0.0296597
0.0327449
0.0920824
0.23579
0.135648
0.0845843
0.0164094
0.0243978
0.0694161
0.0143443
0.116314
0.48214
0.308273
0.0132491
0.00434489
0.00712597
0.00294749
0.00805653
0.19895
0.48214
0.281213
0.010028
0.00623605
0.0310575
0.221903
0.105515
0.0580904
0.0818599
0.0464263
0.00418405
0.0224368
0.0927884
0.464661
0.263191
0.044515
0.00797711
0.00458421
0.0395991
0.028858
0.0283733
0.105806
0.0731092
0.117197
0.464661
0.187304
0.0429579
0.0288704
0.0344155
0.279737
0.203309
0.192059
0.366501
0.0696746
0.00665975
0.156238
0.180776
0.181375
0.173013
0.109337
0.0397734
0
0.0180904
0.242161
0.118402
0.189908
0.231861
0.119914
0.0701771
0.0124228
0.00956654
0.00838588
0.0318143
0.106234
0.127555
0.276251
0.420198
0.0624221
0.0739008
0.0143752
0.0723981
0.181924
0.181622
0.177522
0.488101
0.0612905
0.00750485
0.0852685
0.0372051
0.399728
0.407848
0.0734888
0.0245587
0.0135917
0.111813
0.0447534
0.0251462
0.155751
0.239315
0.0399037
0.0606947
0.103137
0.0973153
0.0185191
0.0722449
0.36279
0.369642
0.10439
0.223342
0.051156
0.102538
0.0555568
0.0372456
0.135248
0.231384
0.159561
0.102548
0.108222
0.29014
0.0357272
0.00807509
0.0179027
0.0555663
0.0147219
0.0582801
0.210146
0.494299
0.0213002
0
0
0
0.0170731
0.0247241
0.357844
0.224878
0.0646499
0.0198602
0.0200755
0.0498901
0.053543
0.0913718
0.189542
0.405782
0.0413263
0.000793943
0
0
0.0256096
0.0589889
0.384302
0.00433603
0.00304469
0.00653068
0.0149543
0.0218488
0.0039622
0.00118084
0.00160535
0.00148601
0.000619949
0.00675015
0.51245
0.398394
0.00161022
5.6325e-005
1.13523e-005
0.00407647
0.00767368
0.0119602
0.030362
0.0265595
0.00646984
0.00128743
0.00294501
0.00188251
0.00142241
0.0106926
0.51245
0.51245
0.00438297
0
0
0.00325702
0.0027551
0.00559805
0.386778
0.287975
5.17256e-005
0
0.000514837
0.0414706
0.0112524
0.0359963
0.386778
0.189181
0.00600303
0.0762025
0.058223
0
0
0.000619132
0.386778
0.384563
0.000298707
0
0
0.000635598
0.0023539
0.00528693
0.386778
0.290172
0.000176749
0.00522747
0.00354069
0.0436077
0.00662777
0.0309263
0.143683
0.0688395
0.0642188
0.466916
0.151811
0.00416019
0.00154722
0.00125547
8.0955e-005
0.0118501
0.198141
0.521689
0.251351
0.00689358
0.00657334
0.00906673
0.205092
0.141525
0.0154633
0.0819313
0.0279067
0.00745018
0.00405183
0.00233133
0.00450589
0.0114525
0.0759613
0.447203
0.155888
0.0114604
0.00876268
0.00170466
0.00975958
0.0192601
0.101722
0.438529
0.13176
0.0298975
0.0120172
0.00302233
0.0297421
0.0314155
0.164137
0.438529
0.104034
0.00267123
0.00228416
0.000792042
0.000948125
0.004708
0.0772126
0.438529
0.121015
0.0200762
0.00743079
0.0064678
0.000632083
0.00863919
0.204475
0.438529
0.235164
0.0138246
0.00374366
0.00276037
0.0112431
0.0259645
0.140249
0.373237
0.0943629
0.0453399
0.00737029
0.0128497
0.0232473
0.0373066
0.0974063
0.440608
0.0795947
0.0167253
0.0103575
0.0101247
0
0.0261774
0.205358
0.440608
0.222332
0.020736
0.00992778
0.00278336
0.00118
0.0260217
0.243826
0.440608
0.177903
0.0972308
0.0491711
0.0207036
0.0737559
0.0848917
0.101406
0.270147
0.0763233
0.0712609
0.0739924
0.0377491
0.0695104
0.126323
0.17526
0.058849
0.0530933
0.075817
0.0595559
0.00304465
0.00902562
0.0464417
0.251199
0.546987
0.307981
0.152794
0.108259
0.0183272
0.0274477
0.133346
0.245954
0.297603
0.300933
0.125533
0.0669012
0.0359456
0.0323545
0.0750204
0.113589
0.103535
0.135129
0.220429
0.0247932
0.00279253
0
0
0.00746991
0.0752514
0.445637
0.12944
0.0760878
0.0256973
0.0244329
0.102983
0.192889
0.257709
0.237492
0.223148
0.0212578
0.00481046
0.00202168
0.003492
0.0139105
0.117313
0.590603
0.0040191
0.00732779
0.00745102
0.0314732
0.0235702
0.00449903
0.00317382
0.0041257
0.00176157
0.00175412
0.00596025
0.526844
0.414846
0.00376631
0
0
0.00280342
0.00389452
0.00958717
0.0547973
0.0418232
0.00470448
0.00398227
0.00481437
0.000819347
0.00128902
0.00883936
0.526844
0.4626
0.00101439
1.21887e-005
0.000353474
0
0
0.000350649
0.416516
0.298133
0.000320045
0
0
0.00049519
0.00245511
0.00118628
0.416516
0.190276
0.000650024
0.000474194
0.000342455
0
0
0.000456169
0.416516
0.315386
5.45829e-005
0
0
0.00110832
0.0012336
0.00286303
0.416516
0.200656
0.000433349
0.000316129
0.00103309
0.0152849
0.0249909
0.0101181
0.562442
0.280895
0.0122748
0.00930382
0.0165852
0.017655
0.030473
0.0215707
0.0177684
0.0304542
0.0383381
0.133991
0.0978103
0.0149534
0.0177622
0.0216978
0.624898
0.25462
0.0104911
0.0084501
0.0177931
0.0364055
0.0282093
0.0343959
0.0185899
0.0387666
0.0354925
0.0304969
0.0333161
0.0102398
0.0154092
0.0112843
0.00790239
0.00908657
0.0496018
0.274634
0.0880765
0.0519209
0.0145593
0.00832468
0.0053198
0.00944201
0.198438
0.738916
0.418566
0.032873
0.0193995
0.0190509
0.00915503
0.0108175
0.0155978
0.0254085
0.0199574
0.198677
0.122835
0.0137473
0.00613845
0.0168503
0.0204811
0.0909285
0.102395
0.0131669
0.0039111
0.00309909
0.000168553
0.00530622
0.115719
0.432444
0.159147
0.0185178
0.00303949
0.00563244
0.0102002
0.0224647
0.17799
0.432444
0.156566
0.128942
0.14945
0.00674562
0.000674211
0.00529071
0.0229466
0.158781
0.049746
0.159563
0.432444
0.0654342
0.0421334
0.0452197
0.0535692
0.432444
0.0968528
0.0461719
0.00990416
0.00415022
0.0288514
0.0642394
0.159768
0.441125
0.187582
0.0822415
0.0237129
0.00406289
0.0298047
0.0647804
0.163077
0.340867
0.198391
0.128599
0.353011
0.0973963
0.12083
0.122953
0.0986515
0.312009
0.0942899
0.188507
0.144576
0.14037
0.11112
0.101054
0.133525
0.262712
0.131972
0.0792854
0.031244
0.0129948
0.0253602
0.0728518
0.199139
0.290064
0.154859
0.22875
0.0131964
0.00610606
0.00581435
0.0508722
0.0778489
0.112563
0.291563
0.115859
0.124963
0.207506
0.0816886
0.128724
0.226885
0.320563
0.148474
0.288984
0.0339896
0.0540833
0.0244762
0.0942302
0.18035
0.244536
0.401935
0.00106446
0.00167693
0.00274673
0.0455241
0.04592
0.00610049
0.00226232
0.00313243
0.00017785
0.00044141
0.00218809
0.510461
0.391905
0.00182256
1.66736e-005
0.000483536
0.00212142
0.00260097
0.00386478
0.0755784
0.0650595
0.00695671
0.00199245
0.00427588
0.000531379
0.00115196
0.00136888
0.510461
0.510461
0.00241111
0.000107089
0.000833822
0
0
0.000109376
0.413592
0.285477
0
0
0
0.000703028
0.00148777
0.00265952
0.394059
0.184769
0
0
0.00104285
0.00306531
0
0.000868884
0.413592
0.357784
0.00563529
0
0.00071384
0.0493127
0.0560115
0.0078604
0.413592
0.201154
0.0168615
0
0.0231194
0.00748527
0.0129663
0.0091785
0.153138
0.080477
0.00212829
0.00161372
0.00733032
0.0784924
0.0653049
0.00866131
0.00444596
0.00557279
0.00740456
0.00608808
0.0379705
0.273022
0.318145
0.0372771
0.136003
0.0702889
0.00989947
0.000199279
0.0454935
0.587742
0.587742
0.041702
0.0016061
0.000400752
0.00351566
0.00849286
0.0651711
0.0928431
0.112518
0.0102701
0.0010078
0.00149686
0.0024884
0.00674631
0.0279978
0.256563
0.340096
0.0537129
0.000463496
0.00256662
0.00152704
0.00608408
0.0186509
0.361764
0.440373
0.0323655
0.0141892
0.00491767
0.00242943
0.00971645
0.0762883
0.43947
0.440373
0.159701
0.0209328
0.00726462
0.000565615
0.0125477
0.0651383
0.259847
0.381718
0.0597389
0.000201635
0.00176644
0.000375313
0.00629378
0.0132346
0.259013
0.411498
0.15224
0.0151951
0.0133526
0.00149942
0.0300092
0.0231803
0.278437
0.411498
0.149259
0.0108474
0.000909967
0
0.00763347
0.0192867
0.204624
0.343629
0.219651
0.0405651
0.0158772
0.0245926
0.00716353
0.0193776
0.264844
0.509976
0.209657
0.0607843
0.0469581
0.023637
0.0391652
0.044577
0.354649
0.230203
0.182812
0.0533763
0.0514522
0.060683
0.110414
0.150784
0.182491
0.288706
0.224014
0.0646726
0.0744983
0.0440953
0.0201364
0.0306287
0.179046
0.118295
0.108973
0.0422296
0.121241
0.118535
0.158106
0.126052
0.167824
0.126922
0.174121
0.0330566
0.0536688
0.0777251
0.215282
0.205171
0.227401
0.024563
0.0386311
0.012197
0.0253256
0.0556776
0.155068
0.437031
0.0929956
0.0279148
0.0289736
0.00388504
0.0611674
0.120371
0.272628
0.270618
0.257285
0.0166442
0.00253047
0
0.00140241
0.0122659
0.103815
0.488542
0.00488381
0.00245386
0.00508665
0.0809383
0.0504467
0.00297
0.00282102
0.00333169
0.00158826
0.00173928
0.00323065
0.529897
0.395118
0.00793569
0.000743792
0.000804389
0.00587553
0.00736282
0.00825031
0.114446
0.0727611
0.00648424
0.00661375
0.00368992
0.0357717
0.0149554
0.0063498
0.529897
0.428211
0.1161
0.0479141
0.037692
0.0203856
0.00916055
0.00271593
0.4028
0.232934
0.0282475
0.0101064
0.0224563
0.188188
0.203653
0.00724024
0.220482
0.110804
0.0419235
0.0151596
0.0683071
0.150595
0.131028
0.00609454
0.396713
0.188364
0.0855519
0.055759
0.0803007
0.4028
0.4028
0.00776901
0.0486568
0.0466341
0.0418625
0.0467415
0.120686
0.247903
0.342569
0.0302142
0.0248746
0.0149981
0.00791273
0.0022677
0.0479078
0.330324
0.386163
0.0592846
0
0.00428325
0.00771123
0.0115833
0.0576421
0.381657
0.386163
0.0160304
0.00190482
0.0192266
0.0575125
0.0409317
0.138094
0.287973
0.246707
0.0483156
0.0229774
0.0661018
0.0733968
0.0578374
0.185253
0.314854
0.475395
0.0638156
0.0378154
0.0641898
0.0336226
0.0349418
0.10997
0.254537
0.383046
0.117876
0.0649828
0.0897249
0.0235613
0.0533608
0.092802
0.17299
0.145266
0.0504387
0.160471
0.292779
0.0725661
0.0532678
0.119159
0.0399462
0.105814
0.052982
0.189798
0.324508
0.0564163
0.0492054
0.0586773
0.317246
0.550644
0.182117
0.0453913
0.0374842
0.011415
0.0772518
0.0503945
0.291996
0.358015
0.187509
0.10058
0.067563
0.0512308
0.0275181
0.0322698
0.0681833
0.167251
0.0738423
0.111104
0.235295
0.0659941
0.0679958
0.0614662
0.173752
0.137835
0.0694523
0.0725552
0.161089
0.055194
0.0171127
0.0180527
0.126099
0.190295
0.173725
0.21372
0.224179
0.0831823
0.0276574
0.0167313
0.015321
0.0486186
0.10239
0.238511
0.258694
0.298548
0.162386
0.0450236
0.0986263
0.0729326
0.0983738
0.179103
0.228562
0.0581618
0.00631825
0.004548
0.00722947
0.0375851
0.11673
0.359708
0.374778
0.264787
0.0160174
0.000705311
0.0491385
0.0192998
0.0305568
0.0667831
0.100182
0.285704
0.241633
0.184279
0.328024
0.100794
0.00267463
0.00725951
0.0274842
0.0682586
0.138732
0.364678
0.0848525
0.0844733
0.125536
0.23885
0.212772
0.300773
0.048641
0.0348931
0.294782
0.218051
0.0411942
0.0633426
0.108219
0.120397
0.159482
0.107683
0.00373151
0.00913242
0.00766396
0.101944
0.105293
0.0278142
0.0284177
0.00442679
0.22017
0.0572755
0.0049423
0.606486
0.429687
0.298439
0.245867
0.189274
0.0069642
0.00223173
0.00315736
0.0168774
0.0420306
0.0290279
0.0320683
0.0155191
0.188988
0.0405417
0.0031909
0.0237582
0.112566
0.109304
0.174489
0.159771
0.382165
0.271181
0.00405022
0.175009
0.111029
0.115662
0.111117
0.156349
0.491888
0.491888
0.00710139
0.0119389
0.0304519
0.0335127
0.0345649
0.124741
0.215237
0.109319
0.00695059
0.00366907
0.0223849
0.029507
0.0571265
0.102266
0.182202
0.146426
0.00820965
0.0428197
0.0540848
0.0141053
0.00563475
0.0515006
0.268263
0.375982
0.00410494
0.025253
0.132497
0.134032
0.0498497
0.135363
0.15572
0.0675865
0.00581627
0.123722
0.264367
0.148013
0.0663056
0.133459
0.0385085
0.0335798
0.00401101
0.204495
0.253169
0.0492764
0.00831871
0.0206301
0.00465495
0
0.000923431
0.434253
0.470706
0.0565538
0.0116355
0.00725228
0.0507653
0.0136217
0.0038358
0.293345
0.252568
0.0271935
0.0211089
0.0313904
0.00640734
0.00969823
0.039142
0.329144
0.219557
0.022718
0.0149089
0.0295293
0.00160321
5.52188e-005
0.000773668
0.480581
0.332552
0.00862582
0.00487695
0.00228704
0.00222417
0.000220875
0.0877222
0.480581
0.237409
0.0209976
0.025065
0.0128497
0.0112266
0.0173635
0.0695878
0.223514
0.267862
0.0646529
0.0196777
0.0789762
0.0198306
0.0167328
0.0386635
0.101416
0.189656
0.058541
0.00971093
0.0199468
0.00405859
0.000134788
0.128643
0.483124
0.502075
0.110959
0.0831559
0.0384351
0.00235426
0.0113076
0.0360087
0.136368
0.43236
0.0880893
0.0360224
0.0101215
0.01579
0.0150876
0.0368905
0.111303
0.222472
0.0652102
0.00930178
0.000712643
0.00682954
0.0206927
0.0507399
0.238231
0.424658
0.282039
0.0131052
0.00305423
0.00445586
0.0179406
0.0369891
0.135809
0.265261
0.0563786
0.00232544
0.0013084
0.00407814
0.0125145
0.0208942
0.20034
0.547264
0.274288
0.0175428
0.00490845
0.0409798
0.0377346
0.0778801
0.203844
0.240306
0.290467
0.0635975
0.0527622
0.168107
0.0853041
0.052567
0.0726226
0.119429
0.147536
0.1948
0.15233
0.02044
0.0559895
0.0682453
0.154189
0.421087
0.299268
0.0823261
0.0570475
0.182579
0.148283
0.124089
0.217403
0.208134
0.157058
0.182546
0.160211