0.0897296
0.0238139
0.037638
0.00137364
0.000508638
0
0.0161512
0.0497893
0.20446
0.0866561
0.0855889
0.0207517
0.00374573
0
0.0459565
0.130155
0.351664
0.161553
0.21029
0.0505515
0.0129099
0.000842511
0.0242268
0.170004
0.415167
0.294728
0.380471
0.375
0.0621141
0.00337004
0.0996039
0.278205
0.12492
0.0483862
0.0388769
0.0265547
0.015278
0.0112506
0.119384
0.130252
0.0682157
0.0447943
0.0174171
0.0430527
0.0568806
0.0724444
0.195835
0.171339
0.190185
0.143297
0.145048
0.211772
0.0390064
0.0117217
0.400784
0.27157
0.101636
0.0752278
0.0278513
0.0488721
0.0402318
0.047908
0.466605
0.466605
0.0469238
0.055145
0.0229853
0.058447
0.124092
0.112731
0.116491
0.105227
0.0591148
0.0404676
0.0128833
0.0567302
0.238621
0.221778
0.255477
0.0770257
0.0441194
0.0696143
0.0414567
0.0645823
0.0796507
0.1155
0.468104
0.301167
0.0281053
0.0324892
0.0112552
0.0514896
0.213493
0.268922
0.468104
0.148743
0.0983617
0.0707573
0.0362281
0.0295756
0.139738
0.130364
0.246556
0.0792566
0.179674
0.188769
0.103926
0.0279664
0.0372075
0.102717
0.193032
0.122386
0.0533601
0.0323615
0
0.0215527
0.149922
0.173778
0.477215
0.121568
0.125377
0.0615638
0.00679523
0.0209331
0.103133
0.320942
0.477215
0.166719
0.227952
0.215075
0.117285
0.0606748
0.0266475
0.107326
0.127116
0.086656
0.2257
0.198883
0.0932695
0.107475
0.064796
0.117753
0.224171
0.176971
0.186842
0.0918341
0.0285219
0.0715681
0.198151
0.326089
0.254762
0.0909506
0.150605
0.075954
0.0331358
0.0744266
0.172929
0.321016
0.359555
0.154135
0.144479
0.111204
0.109076
0.0819356
0.0848626
0.120425
0.135875
0.189342
0.136418
0.0570357
0.105269
0.0505927
0.207761
0.398439
0.111226
0.203573
0.191475
0.0422121
0.0357651
0.0565003
0.0808637
0.161277
0.327208
0.254359
0.356826
0.202384
0.131001
0.128381
0.105095
0.111334
0.0861808
0.211544
0.205044
0.0930057
0.068486
0.102116
0.241264
0.32043
0.0948324
0.141869
0.181366
0.125848
0.234619
0.326946
0.256354
0.0944818
0.026074
0.0866211
0.344295
0.220232
0.140948
0.0895023
0.0485456
0.0786201
0.0556999
0.152647
0.177034
0.16588
0.269011
0.143639
0.0571061
0.030632
0.0301525
0.0816893
0.143303
0.0759542
0.161182
0.09666
0.0890326
0.0261141
0.0360112
0.0876489
0.0955732
0.0812988
0.217551
0.448699
0.132884
0.0258225
0.0233447
0.0700135
0.0750888
0.0693054
0.0719876
0.0871679
0.282769
0.131577
0.149919
0.0641475
0.0183011
0.00559113
0.10774
0.448699
0.448699
0.153354
0.0533655
0.0126226
0.073057
0.0427291
0.0915737
0.284433
0.0699289
0.00397573
0.12204
0.0946329
0.125314
0.0345885
0.0417393
0.0622395
0.0200474
0.011289
0.402129
0.317089
0.040941
0.0180135
0.0632385
0.402129
0.283787
0.0164726
0.00191633
0.0126484
0.122447
0.0546357
0.0535773
0.335137
0.164191
0.00766041
0.334892
0.169334
0.0296559
0.0131247
0.0102217
0.00894218
0.00684374
0.0432433
0.454059
0.174128
0
0.00229247
0.00160041
0.00826188
0.0245308
0.0962724
0.454059
0.143427
0.0294825
0.0130757
0.00619205
0.0389649
0.0217637
0.0347988
0.454059
0.143425
0
0
0
0
0
0.0757605
0.454059
0.189338
0.0168049
0.000261351
0
0.00871472
0.0208961
0.0820023
0.417766
0.156205
0.113047
0.00466807
0.00609056
0.0323775
0.0963147
0.21931
0.35257
0.123889
0.0342132
0.00104541
0
0
0
0.0582247
0.417766
0.246076
0.210787
0.0445058
0.0406418
0.0221096
0.0536422
0.132648
0.417766
0.241041
0.137385
0.0155182
0.0577157
0.138466
0.278064
0.327659
0.179751
0.0642115
0.0631809
0.0152912
0.0573055
0.0763277
0.143916
0.214269
0.353245
0.125863
0.232041
0.0825924
0.193991
0.119346
0.159577
0.205737
0.230989
0.169654
0.109926
0.0447456
0.137558
0.0729329
0.0823914
0.1901
0.264852
0.220864
0.144857
0.0538819
0.0345179
0.0425046
0.0506257
0.116234
0.428206
0.254117
0.312495
0.237783
0.098653
0.148717
0.0901512
0.125611
0.141303
0.163949
0.176744
0.145946
0.0755043
0.0260819
0.028651
0.109194
0.237008
0.282171
0.151489
0.148148
0.0882735
0.121604
0.061841
0.205847
0.166631
0.182802
0.338105
0.279657
0.129457
0.180099
0.110053
0.192191
0.132565
0.119716
0.0836159
0.123169
0.161619
0.212727
0.188503
0.10303
0.109407
0.0869892
0.106511
0.0741852
0.116126
0.14787
0.102273
0.263464
0.215827
0.152315
0.0758427
0.160898
0.108455
0.228684
0.152209
0.104176
0.253426
0.124282
0.204124
0.0438387
0.0117501
0.0234745
0.12377
0.0667383
0.0846186
0.263433
0.0794244
0.0440335
0.0558393
0.317947
0.349701
0.087217
0.0419786
0.112706
0.318357
0.0319174
0.0284383
0.0572854
0.040506
0.0300917
0.0445064
0.419343
0.100206
0.0621584
0.0852287
0.419343
0.195335
0.067888
0.0584974
0.176183
0.00753712
0.0131031
0.0261353
0.401803
0.2866
0.0127928
0.00166674
0.00510253
0.0142523
0.0145606
0.00706104
0.374301
0.246574
0.00216661
0.0837699
0.0449822
0.00346392
0.01221
0.0250541
0.401803
0.278232
0.0138824
0.00666696
0.00704334
0
0
0.00140428
0.401803
0.32205
0.00234725
0.00319481
0.00296604
0.00875886
0.00835651
0.00184109
0.108754
0.0912876
0.032716
0.497035
0.127654
0.00149921
0.00125037
0.00013893
0.00137568
0.00137568
0.0870921
0.649554
0.226703
0.000754462
0.00282937
0.00616298
0.145447
0.123085
0.00603236
0.0475459
0.023481
0.0120263
0.00886158
0.00577131
0.00575539
0.0168576
0.00813322
0.348998
0.0939788
0.00887179
0.000561682
2.37857e-005
9.95346e-005
9.95346e-005
0.0475613
0.486769
0.119842
0.0512425
0.0254442
0.0232077
0.00276211
0.00558186
0.105045
0.486769
0.146966
0.00533705
0.00217162
0.00113128
0.00246709
0.00284341
0.0162449
0.390165
0.0695287
0.00172876
0.000331121
0.000437779
0.00217707
0.00133287
0.064328
0.486769
0.162392
0.0363338
0.0227793
0.0467767
0.00882259
0.0197988
0.0982406
0.404077
0.102372
0.0377156
0.0117129
0.0250513
0.00565988
0.0173733
0.145363
0.320583
0.151775
0.00157995
0
7.22066e-006
0.000209399
0.000654988
0.082286
0.512087
0.142517
0.00301983
0.000802632
8.91813e-005
0
0.00344881
0.175521
0.512087
0.172334
0.0689808
0.0530784
0.0187307
0.00260423
0.0072858
0.10751
0.198708
0.182378
0.0599387
0.0531985
0.0363682
0.0224103
0.0116802
0.0759757
0.125142
0.0892485
0.00738776
0.00730994
0.000426494
0
0.0164934
0.296075
0.53843
0.203476
0.021775
0.0158755
0.0133117
0.00633426
0.0135619
0.260682
0.53843
0.196135
0.0510709
0.050938
0.0660912
0.0468045
0.025001
0.0480989
0.0821007
0.0568828
0.0527047
0.179557
0.199956
0.126811
0.0414399
0.0351856
0.103537
0.0345617
0.0733845
0.0639874
0.0541615
0.0374817
0.0123081
0.0955128
0.467183
0.291907
0.082779
0.210531
0.485132
0.376715
0.0389464
0.0268989
0.12357
0.16631
0.16355
0.024068
0.042136
0.103909
0.068493
0.0498991
0.103746
0.178352
0.0258852
0.0212766
0.0760348
0.443535
0.205575
0.0306937
0.0239132
0.0379612
0.0970529
0.0132404
0.0830375
0.354191
0.259316
0.117511
0.197309
0.0794212
0.00204964
0.00360472
0.0456786
0.447888
0.381524
0.0258535
0.00653946
0.00146862
0.000169875
0.00157352
0.0144363
0.408934
0.241827
0.00428223
0.00211963
0.00100618
0
0.000188634
0.00277016
0.381997
0.257542
0.00188854
0.00287568
0.00175709
0
0
0.0122936
0.408934
0.325841
0
0
0
0.000972206
0.0011247
0.00822898
0.408934
0.283609
0.00143886
0.00342252
0.0040182
0.00467751
0.0134489
0.0241634
0.445823
0.373982
0.0186421
0.0426532
0.0444269
0.0460909
0.0492349
0.0276771
0.0239496
0.0814444
0.0236959
0.0760409
0.0869333
0.0265898
0.027945
0.0405401
0.54926
0.36098
0.0286774
0.0555657
0.0675417
0.0391334
0.0755906
0.0274075
0.0493827
0.0648319
0.07319
0.077359
0.0552861
0.0201244
0.0180061
0.0086658
0.0149706
0.0121531
0.0117781
0.150376
0.0676106
0.00729989
0.00721131
0.00894771
0.015107
0.0121605
0.0419796
0.885154
0.23836
0.0170814
0.0323487
0.0140534
0.0142237
0.0143223
0.0307302
0.034179
0.00915391
0.126511
0.106078
0.0240794
0.0155248
0.0115045
0.0213804
0.0661772
0.0380105
0.00172884
0.00163495
0.00211721
0.0012225
0.00194564
0.0199677
0.49531
0.0976118
0.00325363
0.01003
0.00767455
0.000217424
0.00110607
0.0897889
0.49531
0.124749
0.0852762
0.128483
0.00524451
0.00249522
0.00119369
0.00195837
0.0601784
0.0340869
0.214986
0.48302
0.0313757
0.000454506
0
0.0241893
0.336626
0.0605342
0.00103383
0.00975428
0.0158014
0.0136583
0.0187638
0.167116
0.425829
0.0728351
0.00719678
0.00358712
0.0111481
0.0249344
0.0465902
0.22091
0.425829
0.13286
0.121759
0.405054
0.087751
0.0583613
0.0399435
0.0957876
0.294908
0.0321351
0.138691
0.259675
0.0974504
0.11425
0.124641
0.163866
0.214051
0.0739063
0.0233489
0.00939237
0.0180975
0.017008
0.0324029
0.147518
0.406101
0.201052
0.0316247
0.0361019
0.160202
0.250666
0.104909
0.094603
0.159514
0.130489
0.201776
0.164027
0.104292
0.0587271
0.109054
0.153165
0.250264
0.11747
0.100229
0.0740392
0.122022
0.294645
0.411422
0.234329
0.15452
0.0966555
0.0157831
0.0289235
0.148113
0.385389
0.161134
0.0296651
0.0419293
0.0175391
0
0
0.0218203
0.349255
0.319901
0.0076632
0.000772694
0
0.00291243
0.0340326
0.172625
0.42831
0.11693
0.000582486
0.000453051
0.00169298
0
0
0.0227009
0.42831
0.346787
0.000388324
0
0
0
0
0.00335917
0.40151
0.29211
0
0
0
0.000946081
0.00175651
0.00489642
0.377897
0.217496
0.000900369
0.000546714
0.00231215
0.00130263
0
0.00947325
0.405074
0.349092
0
0
0.000754153
0.0388206
0.0349117
0.00340717
0.405074
0.265091
0.0068476
0.00111141
0.00464432
0.0118806
0.0121675
0.0149539
0.128462
0.0762207
0.00305245
0.00389645
0.00989508
0.0568183
0.0510201
0.0203195
0.0206326
0.00700148
0.0088346
0.0129346
0.00615465
0.218574
0.28326
0.0185364
0.109454
0.0818511
0.010315
0.00190635
0.00491812
0.517685
0.696321
0.038661
0.00967001
0.0027872
0.000690767
0.00137264
0.0017999
0.0722197
0.0801017
0.00529027
0.00471742
0.00305393
0.00528199
0.00659646
0.00116073
0.206534
0.321835
0.00416164
0.00312203
0.0014791
0.00236079
0.00585239
0.00524643
0.2895
0.509149
0.0112908
0.002416
0.00127434
0.0006757
0.000629421
0.000905136
0.434337
0.509149
0.0239956
0.000614008
0.000441517
0.00027208
0.000223911
0.000928387
0.171262
0.387572
0.00565775
0.000904005
8.10164e-005
0.000204187
0.00244926
0.00481017
0.224771
0.452758
0.0224783
7.61895e-005
0
0.000976562
0.0108164
0.00379772
0.24773
0.452758
0.0381776
0.00012917
2.00309e-005
0
0
0.00232655
0.184221
0.452758
0.112004
0.00600405
0
0.0022465
0.000906062
0.0120665
0.183225
0.470516
0.0706684
0.0228113
0.0135404
0.0119906
0.0198298
0.0088071
0.220843
0.450229
0.13998
0.0621126
0.0457424
0.0231957
0.0218379
0.0386479
0.156613
0.461059
0.126361
0.0101139
0.00787988
0.0138617
0.00600183
0.0428221
0.217238
0.277954
0.131716
0.0276338
0.033625
0.022297
0.0254586
0.112097
0.26505
0.287468
0.263706
0.0903809
0.0450429
0.0342483
0.0575687
0.045812
0.127698
0.100524
0.191084
0.243811
0.264942
0.31269
0.0862462
0.0777886
0.139906
0.150759
0.260508
0.184349
0.0683097
0.0268442
0.0306534
0.0616394
0.0370633
0.0469647
0.153363
0.31253
0.151215
0.296025
0.0827849
0.0488921
0
0.013358
0.0947828
0.383286
0.0892097
0.0292585
0.0233889
0.00262644
0
0
0.0210427
0.448669
0.267424
0.00469768
0.00354077
0
0
0.0047064
0.0532322
0.313919
0.240743
0.0937976
0.0565863
0.0113235
0.0044541
0.0205459
0.0132493
0.448669
0.376879
0.0321928
0.0177923
0.0100722
0.0276427
0.00508902
0.0127777
0.390259
0.305301
0.00700236
0.0373457
0.0119659
0.198752
0.241359
0.00145606
0.237918
0.217712
0.00827988
0.0509346
0.0273468
0.0969556
0.0860977
0.0171307
0.216429
0.253173
0.0313942
0.093
0.0577685
0.385099
0.427959
0.0343098
0.047637
0.107541
0.0143634
0.106158
0.0740531
0.199416
0.372405
0.0114695
0.0184176
0.0177796
0.0022056
0.00570649
0.00587154
0.230342
0.449481
0.0345423
0.000106008
0
0
0
9.52898e-005
0.241715
0.449481
0.0634881
0.00372844
0.00629084
0.000113779
0.0101262
0.00941371
0.21152
0.449481
0.0895454
0.0023169
0.00721382
0.00479627
0.00179442
0.0187691
0.185221
0.459607
0.0233168
6.92969e-005
0
0
0
9.36138e-005
0.242043
0.459607
0.0714579
0.00359117
0.00126804
0.0013314
0.00597352
0.00199359
0.174003
0.459607
0.0320023
0.000966488
0.00411412
0.00602009
0.00762136
0.0415035
0.165808
0.382641
0.0947176
0.0167367
0.0100223
0.0134782
0.0372504
0.0654993
0.348572
0.560763
0.103196
0.00670724
0.00705127
0.0214503
0.0416303
0.0113855
0.220604
0.428573
0.146263
0.0176789
0.0262757
0.0454647
0.0471724
0.0539803
0.19827
0.220141
0.0947607
0.0309393
0.0631627
0.0838408
0.129469
0.102864
0.114358
0.0608977
0.0363554
0.0270885
0.117365
0.147326
0.174533
0.113526
0.177489
0.334365
0.236771
0.0896931
0.0956633
0.106398
0.0640787
0.126125
0.189103
0.147043
0.12764
0.143531
0.205691
0.16102
0.149407
0.245437
0.0960155
0.0396651
0.106488
0.116221
0.159025
0.16108
0.183208
0.123938
0.0802672
0.0520449
0.0812229
0.216893
0.230429
0.186286
0.270278
0.24174
0.0558858
0.0695167
0.0892635
0.231716
0.186926
0.0972144
0.080905
0.092994
0.0122673
0.031108
0.0584194
0.435959
0.268609
0.171111
0.0596816
0.00597921
0.0691331
0.0855944
0.0755115
0.202516
0.20597
0.128833
0.141456
0.123396
0.0442315
0.0509515
0.144002
0.482324
0.275066
0.0744307
0.0207255
0.0099191
0.00236315
0.0179604
0.0976872
0.382497
0.281485
0.0757326
0.0244467
0.00842113
0.0815488
0.114513
0.0214061
0.35611
0.380638
0.112334
0.0232889
0.0343249
0.0418373
0.0422722
0.131325
0.377738
0.143118
0.0554218
0.0126374
0.0132667
0.282212
0.175953
0.0359493
0.169395
0.19828
0.151373
0.0487399
0.0804849
0.163963
0.280779
0.048991
0.0986511
0.113188
0.0519286
0.0512429
0.0602778
0.314607
0.498852
0.156956
0.0355336
0.0142012
0.00580328
0.0756657
0.0540693
0.297339
0.277575
0.0572459
0.025649
0.0426687
0.0478578
0.054813
0.117444
0.217757
0.270553
0.287193
0.122725
0.0173133
0.00244871
0.0845709
0.112186
0.255948
0.48883
0.183925
0.0292839
0.020622
0.00802249
0.0466398
0.0363731
0.203948
0.505808
0.146518
0.0141289
0.0666736
0.0848151
0.0607831
0.0737243
0.147386
0.120662
0.198006
0.0926445
0.0742714
0.0281236
0.0996427
0.0925567
0.0533228
0.0556643
0.0575449
0.0306087
0.146152
0.254188
0.228039
0.0900342
0.172715
0.377886
0.0554581
0.0276967
0.0892553
0.11456
0.0475057
0.115949
0.0961757
0.230486
0.100659
0.0692872
0.117518
0.0803989
0.0616037
0.137641
0.0194501
0.0203846
0.0321082
0.0495888
0.210441
0.463834
0.215363
0.0521348
0.0322511
0.0804406
0.0649753
0.0801617
0.278683
0.428125
0.0886816
0.0394323
0.0350216
0.107776
0.0663669
0.0650872
0.212949
0.178671
0.117379
0.168399
0.0108745
0.00261642
0.0417402
0.0456423
0.253429
0.298468
0.291779
0.149517
0.0308214
0.0990166
0.0607277
0.0989879
0.284238
0.269936
0.0505534
0.0473
0.0128051
0.0282128
0.0417131
0.0974615
0.274115
0.35053
0.327011
0.0870903
0.0277626
0.00679035
0.0462909
0.0439635
0.0970083
0.198638
0.240222
0.125426
0.0482449
0.0733787
0.0472635
0.0651112
0.159745
0.192651
0.224814
0.172883
0.014226
0.00223449
0.00837612
0.02146
0.081743
0.358858
0.464042
0.153989
0.061927
0.104536
0.0527059
0.0686477
0.0735057
0.21487
0.330997
0.246413
0.0361293
0.0546959
0.0420747
0.0770092
0.238795
0.141077
0.112643
0.0513562
0.0193151
0.0188897
0.100471
0.31254
0.302736
0.0727942
0.0311039
0.00297106
0.0301772
0.0607507
0.0582442
0.175928
0.247923
0.0876453
0.0766592
0.0645945
0.00483766
0.00622037
0.0963056
0.401326
0.561086
0.085315
0.0236135
0