0.111027
0.240799
0.170806
0.0597532
0.0552964
0.0662323
0.0716656
0.114106
0.0870679
0.08498
0.0916654
0.0966887
0.111883
0.135046
0.143667
0.165127
0.109151
0.244122
0.23384
0.140367
0.0888366
0.0381973
0.170019
0.233762
0.0745721
0.130668
0.233781
0.153312
0.125255
0.136153
0.171561
0.135382
0.113653
0.0857198
0.0857198
0.0436987
0.0575145
0.129015
0.17359
0.175148
0.22057
0.155141
0.100948
0.0612617
0.0918581
0.139147
0.193003
0.24098
0.125986
0.103335
0.112726
0.0643195
0.0779563
0.136339
0.156589
0.150176
0.219949
0.122828
0.0753677
0.142971
0.172112
0.11065
0.0704655
0.207366
0.157652
0.148697
0.0624702
0.0619335
0.0702233
0.0814872
0.181208
0.160981
0.22462
0.219332
0.0917686
0.0709887
0.0762543
0.110669
0.162917
0.184918
0.139527
0.0897073
0.0333258
0.0883773
0.11735
0.165244
0.144375
0.129544
0.170004
0.213986
0.132226
0.0465909
0.059535
0.206303
0.231668
0.149687
0.22174
0.174025
0.0820263
0.0316861
0.051268
0.148499
0.116772
0.176151
0.158915
0.125506
0.0986924
0.0446793
0.0577338
0.139783
0.11991
0.146679
0.18171
0.266921
0.176634
0.0493594
0.0515743
0.126263
0.141057
0.142418
0.112439
0.189135
0.165159
0.0788607
0.0788607
0.155149
0.158174
0.101138
0.18292
0.0937065
0.0498251
0.0292417
0.0237477
0.0568287
0.089976
0.141124
0.284341
0.142353
0.0472178
0.0697054
0.0608467
0.0760565
0.166053
0.255554
0.0731675
0.153096
0.12009
0.074272
0.0315083
0.108756
0.127011
0.0549378
0.130241
0.243072
0.197379
0.283757
0.139635
0.110524
0.18782
0.187116
0.17241
0.0654257
0.00728496
0.0412845
0.0499136
0.0535987
0.116247
0.265277
0.232092
0.0627608
0.0224774
0.0703813
0.0656915
0.0325639
0.143563
0.559111
0.0581217
0.0640587
0.0315396
0.123091
0.145524
0.120732
0.188341
0.158055
0.0946361
0.0501951
0.0292021
0.14303
0.180152
0.115916
0.150328
0.127585
0.307073
0.0212196
0.0341359
0.0274925
0.0197944
0.0259496
0.0589899
0.357343
0.456259
0.0228274
0.0433618
0.0305403
0.0254745
0.0562565
0.055229
0.439922
0.113995
0.0428921
0.0625715
0.0697437
0.0603326
0.0486534
0.043964
0.110784
0.157421
0.072377
0.0785748
0.0518837
0.0472448
0.087735
0.115798
0.224685
0.0909234
0.162261
0.171406
0.13244
0.0850095
0.0517236
0.134661
0.127787
0.0924667
0.12969
0.171603
0.147308
0.123601
0.106356
0.132114
0.0958234
0.108979
0.185839
0.0843405
0.0645729
0.0510425
0.20129
0.241082
0.0926131
0.165152
0.222142
0.104311
0.107742
0.126365
0.204974
0.185675
0.143125
0.134788
0.105336
0.062865
0.108316
0.126983
0.0995084
0.112559
0.133724
0.16748
0.0632752
0.0320991
0.163135
0.182478
0.106206
0.0976501
0.165983
0.191041
0.222352
0.106138
0.0857252
0.112479
0.116553
0.106695
0.157371
0.161206
0.175551
0.127435
0.133017
0.134402
0.12829
0.167249
0.158105
0.0589856
0.0298089
0.0249963
0.0538302
0.070785
0.111047
0.0790589
0.0592606
0.0779023
0.112568
0.0946172
0.0295941
0.049195
0.129708
0.132653
0.0942076
0.0566728
0.0767476
0.0936273
0.103356
0.0988526
0.0768705
0.0715126
0.0584122
0.549463
0.279389
0.199648
0.11524
0.0972281
0.0903289
0.141177
0.301688
0.0536605
0.0802725
0.0615865
0.0145481
0.0182062
0.0482049
0.0972938
0.0930918
0.0690208
0.0569883
0.0462108
0.0267351
0.0267351
0.0577292
0.0864377
0.103777
0.40435
0.125533
0.0496761
0.0230796
0.0190585
0.0540221
0.249626
0.390484
0.145373
0.0365858
0.0251386
0.0211424
0.0211424
0.135475
0.44023
0.287461
0.0975123
0.136803
0.0900966
0.0509526
0.0307994
0.0812028
0.0850337
0.0756131
0.0900623
0.20297
0.168815
0.200416
0.133458
0.0691241
0.112051
0.116334
0.109301
0.0791831
0.0606548
0.033142
0.033142
0.18449
0.402057
0.150089
0.155934
0.130002
0.112249
0.117319
0.127846
0.127298
0.247618
0.204681
0.0347918
0.0542716
0.0471199
0.164476
0.219908
0.142294
0.142948
0.124956
0.0265441
0.0328998
0.0486428
0.177341
0.28655
0.207587
0.0874432
0.0541614
0.0620466
0.0515962
0.0437404
0.128193
0.207155
0.191036
0.174011
0.110924
0.0240307
0.0295473
0.0333742
0.131746
0.292115
0.273434
0.194424
0.0677105
0.0508005
0.0895468
0.145546
0.140311
0.140277
0.090688
0.0456545
0.0453209
0.111097
0.158416
0.194911
0.13945
0.109813
0.116784
0.145519
0.15146
0.0132761
0.0642609
0.0685408
0.180884
0.227265
0.124073
0.110826
0.0262082
0.0941416
0.168811
0.0793106
0.281157
0.302756
0.133852
0.113002
0.10779
0.109211
0.226369
0.0928509
0.0420642
0.0120941
0.0984592
0.122408
0.0780557
0.0720845
0.251188
0.155311
0.0933479
0.0720883
0.101535
0.097374
0.0632368
0.154392
0.235984
0.118812
0.168833
0.137289
0.060745
0.0617463
0.086994
0.107881
0.294648
0.223281
0.301116
0.204627
0.0468691
0.075525
0.0686401
0.0822148
0.141341
0.109034
0.0856804
0.0937408
0.073323
0.0668059
0.0753934
0.0825387
0.114969
0.116074
0.139091
0.139091
0.0685555
0.0761946
0.0791478
0.154557
0.193226
0.14668
0.189797
0.11848
0.0805976
0.133377
0.121882
0.170415
0.160429
0.285143
0.282096
0.158287
0.125876
0.107882
0.132412
0.00883126
0.0203248
0.0352112
0.0775833
0.0464034
0.0041701
0.00408273
0.00706641
0.135432
0.121659
0.13683
0.200501
0.0550683
0.00877793
0.0421312
0.111145
0.0141183
0.0211306
0.0720115
0.234563
0.0729058
0.0195028
0.00252397
0.00979222
0.0433796
0.0671046
0.149944
0.804969
0.203152
0.0204529
0.0593572
0.0835356
0.107452
0.05913
0.0471241
0.0537118
0.00832644
0.0426396
0.164284
0.16525
0.0245547
0.0025374
0.00120654
0.00054105
0.00054105
0.073421
0.310577
0.146189
0.0347415
0.032611
0.0549519
0.267786
0.0721296
0.0488989
0.264422
0.166232
0.00694301
0.00131631
0.0011014
0.00615353
0.0051359
0.0918254
0.659913
0.315695
0.0118171
0.00540936
0.00606769
0.00096846
0.00213824
0.0480564
0.25846
0.119415
0.0306666
0.0131179
0.0131337
0.00891729
0.0155734
0.0412977
0.115095
0.075455
0.00178887
0.000317166
0.000317166
0.012823
0.0841738
0.228595
0.691653
0.279549
0.0195882
0.0190553
0.00453907
0.0322111
0.212059
0.237023
0.245363
0.0970934
0.0617952
0.0304281
0.0278806
0.0889553
0.134811
0.163625
0.171733
0.0973014
0.0323483
0.00864936
0.00801251
0.139075
0.206712
0.168833
0.162666
0.0661526
0.0848885
0.0677507
0.028471
0.150891
0.334393
0.1833
0.230734
0.183961
0.169814
0.0462118
0.0231701
0.156799
0.183346
0.114364
0.153464
0.209159
0.0188849
0.0173135
0.0161747
0.198289
0.212588
0.0560304
0.0758137
0.0315642
0.041218
0.0786132
0.0362756
0.29473
0.310486
0.076754
0.0633121
0.0324998
0.166185
0.107147
0.0901635
0.150033
0.143513
0.0477042
0.0743482
0.157625
0.0585259
0.113706
0.13402
0.217532
0.258661
0.205007
0.160354
0.0439546
0.0866467
0.0609458
0.0608157
0.156587
0.141566
0.0585816
0.0691959
0.0745065
0.0951158
0.149683
0.228761
0.34161
0.173152
0.0534459
0.0568154
0.0624623
0.173617
0.123713
0.11406
0.111957
0.0819341
0.0715192
0.0881281
0.110131
0.19484
0.172568
0.307174
0.234558
0.110188
0.092581
0.0606305
0.13479
0.0690033
0.0853723
0.139884
0.18028
0.0752601
0.0639835
0.0722605
0.0484414
0.0612762
0.0903108
0.177444
0.280606
0.159784
0.0980629
0.0681136
0.0433836
0.0589738
0.0858986
0.172838
0.122226
0.0584125
0.0994942
0.14242
0.0782914
0.0377228
0.0729727
0.103679
0.402538
0.376701
0.144444
0.150295
0.0703081
0.00409233
0.015682
0.0589537
0.21087
0.0535826
0.0238472
0.00196798
0.00282516
0.00806718
0.0100119
0.0628916
0.649704
0.177967
0.0220196
0.0121979
0.0159277
0.00206899
0.00929718
0.0705215
0.232911
0.132216
0.0571613
0.0105158
0.0035706
0.0873739
0.0497983
0.097591
0.501564
0.203857
0.128794
0.0243977
0.0451756
0.0384255
0.0136109
0.0146109
0.255698
0.0954007
0.0106578
0.0845526
0.055661
0.0847609
0.0940859
0.00402878
0.0130877
0.00959784
0.0447221
0.323131
0.131572
0.249209
0.197716
0.0225384
0.157811
0.0826407
0.0516057
0.0148297
0.0524461
0.557269
0.493942
0.0274367
0.0075329
0.00520634
0.00795817
0.0455139
0.0302112
0.0411594
0.131149
0.0412451
0.0436052
0.107215
0.156508
0.297023
0.0753394
0.0102186
0.0677147
0.0721608
0.114413
0.254662
0.159036
0.0968874
0.0231473
0.384028
0.518711
0.0901452
0.0401856
0.0503652
0.0257859
0.0444265
0.0206117
0.119648
0.35916
0.165329
0.125369
0.139702
0.0368626
0.0145485
0.010488
0.0314587
0.0406323
0.0625825
0.213416
0.31738
0.10449
0.116431
0.08279
0.134331
0.0561872
0.0168991
0.0646631
0.0679041
0.0516559
0.103576
0.154679
0.155085
0.278232
0.21011
0.234842
0.233544
0.0851903
0.0576231
0.0917451
0.265243
0.0998651
0.0618265
0.0623932
0.0530256
0.0787199
0.156613
0.309426
0.169144
0.120853
0.0626845
0.0208192
0.0183296
0.037272
0.0539539
0.143373
0.111736
0.133413
0.104227
0.0284424
0.0423698
0.124333
0.105701
0.0811577
0.349083
0.202497
0.0411057
0.0106974
0.0100873
0.0478084
0.105524
0.248813
0.441091
0.219271
0.0693745
0.00649712
0.00649712
0.0324385
0.0379752
0.2636
0.214711
0.144665
0.142768
0.0826289
0.0452306
0.0981577
0.115167
0.110686
0.198146
0.121472
0.268294
0.116383
0.0840903
0.178182
0.104616
0.140818
0.134544
0.0666411
0.0866639
0.10948
0.0954513
0.12562
0.13868
0.116618
0.153824
0.0544437
0.0851432
0.105861
0.115929
0.170332
0.154331
0.153955
0.0256064
0.0441008
0.0829023
0.0370893
0.0372954
0.113405
0.148188
0.0541883
0.0154191
0.0286128
0.0321771
0.318629
0.354668
0.142785
0.144816
0.0515688
0.0246335
0.0506271
0.056056
0.0619408
0.0694878
0.100584
0.113974
0.0390236
0.00894954
0.0597239
0.052598
0.296122
0.474003
0.217408
0.110617
0.0224928
0.00191334
0.0014468
0.0524379
0.223398
0.236922
0.157431
0.0845928
0.0185476
0.288778
0.145103
0.0749093
0.266446
0.189813
0.272775
0.192851
0.19737
0.0294391
0.00621586
0.00471728
0.101246
0.190503
0.169525
0.110583
0.0563881
0.307551
0.169488
0.0104043
0.0218137
0.052961
0.141227
0.200063
0.290963
0.297969
0.301778
0.0308721
0.0384253
0.0237635
0.046289
0.0297651
0.0810461
0.455079
0.514081
0.0760897
0.000219011
0.000219011
0
8.378e-005
0.02516
0.230424
0.194575
0.0428772
0.00453039
0.00571677
0.0108025
0.0268425
0.0957288
0.202135
0.306217
0.0749326
0.0134624
0.0134624
0.00248879
0.00248879
0.0287195
0.468031
0.532626
0.0905126
0.00553882
0
0
0
0.0347296
0.226905
0.404079
0.0947154
0.0274492
0.0158714
0.00479524
0.00057984
0.0312065
0.156665
0.272915
0.0601669
0.022559
0.0210504
0.00207792
0.00207792
0.0286273
0.0914445
0.138337
0.0578081
0.0328368
0.0268026
0.00078833
0.00295681
0.030418
0.2931
0.332077
0.169709
0.066981
0.0481926
0.0217959
0.0109592
0.156825
0.250756
0.108128
0.132951
0.0628929
0.0338042
0.0804979
0.135717
0.284551
0.141654
0.14813
0.131109
0.102042
0.085952
0.0103325
0.0254042
0.108582
0.0689566
0.0901335
0.234943
0.178626
0.118344
0.0642115
0.111178
0.0963575
0.248522
0.158419
0.0695242
0.050966
0.0429924
0.0803581
0.157117
0.214883
0.350181
0.153257
0.0559321
0.0638315
0.0638315
0.0210225
0.0346856
0.242224
0.0537875
0.105368
0.175872
0.122802
0.115308
0.1364
0.155023
0.0908085
0.0813067
0.110063
0.0995799
0.0954719
0.166801
0.200599
0.0735705
0.0835317
0.154308
0.0604073
0.0604073
0.0668079
0.0668079
0.0845804
0.0845804
0.154308
0.160474
0.0841799
0.0841799
0.0824225
0.0824225
0.0831625
0.0877547
0.162442
0.252508
0.0700046
0.0648291
0.0850637
0.0850637
0.10917
0.10917
0.249738
0.186897
0.161978
0.162836
0.182001
0.182001
0.107373
0.107373
0.186897
0.0633135
0.122536
0.120284
0.0804503
0.0804503
0.0541752
0.0605881
0.0660619
0.0882808
0.104975
0.0959682
0.150882
0.315883
0.272102
0.147046
0.0989912
0.114448
0.122654
0.122654
0.11658
0.121243
0.0812001
0.0703206
0.114448
0.212746
0.0639484
0.0639484
0.0851808
0.0928129
0.161608
0.159529
0.226158
0.17079
0.0132031
0.00887785
0.0473994
0.135852
0.185602
0.111392
0.182612
0.426478
0.289785
0.01935
0.00750169
0.0221475
0.0744743
0.0896449
0.318825
0.193892
0.0218857
0.0211915
0.0433909
0.0444746
0.0559342
0.0666501
0.199614
0.251865
0.137969
0.0383793
0.0833573
0.0834932
0.0312812
0.0384549
0.193807
0.329843
0.370055
0.0985643
0.0337882
0.0322848
0.0300541
0.0357662
0.1229
0.250095
0.350125
0.117052
0.0951182
0.0891047
0.0529889
0.0529889
0.0734814
0.128259
0.213389
0.125512
0.0605798
0.0545663
0.0324757
0.0324757
0.0702776
0.0851623
0.202679
0.201542
0.100226
0.0761721
0.0812496
0.0812496
0.0577696
0.176119
0.252255
0.0585568
0.140865
0.136955
0.0520402
0.0520402
0.080369
0.0694023
0.107694
0.0955952
0.168959
0.163373
0.0154368
0.029777
0.0565918
0.0925439
0.116609
0.115858
0.216932
0.204911
0.105765
0.105765
0.0828265
0.103684
0.101039
0.119383
0.254171
0.246309
0.0380624
0.0416475
0.105221
0.0269561
0.056169
0.110482
0.14542
0.105984
0.0382642
0.0508047
0.0417282
0.0245254
0.0332893
0.210544
0.250762
0.155066
0.0840249
0.0905036
0.0432636
0.0313944
0.0424995
0.14713
0.236572
0.174471
0.106402
0.0346707
0.0351776
0.0476746
0.0249934
0.227957
0.367556
0.289279
0.227922
0.0464707
0.0501968
0.0499688
0.0765113
0.147584
0.155785
0.141487
0.109641
0.0904767
0.0556806
0.0748499
0.13446
0.112594
0.0824867
0.14346
0.200232
0.0870812
0.0607388
0.0876895
0.0571889
0.151595
0.241047
0.233732
0.158742
0.10522
0.10117
0.173501
0.12335
0.147352
0.169556
0.171115
0.143069
0.169016
0.187632
0.101173
0.089793
0.0661519
0.11423
0.11423
0.0943856
0.103391
0.102781
0.102231
0.108816
0.110046
0.17987
0.17987
0.106139
0.106139
0.102231
0.0880641
0.124535
0.103383
0.0860347
0.117382
0.215498
0.266842
0.151931
0.164554
0.0997349
0.0992068
0.123494
0.128305
0.142371
0.152734
0.171255
0.081754
0.0580301
0.0728558
0.114022
0.118671
0.106867
0.0733841
0.081754
0.122335
0.0884945
0.0846195
0.110999
0.103908
0.106931
0.163068
0.150316
0.079637
0.0414933
0.137616
0.167151
0.144131
0.170337
0.118418
0.085193
0.0765003
0.118859
0.250582
0.281266
0.195701
0.158792
0.241729
0.133129
0.114798
0.0770787
0.0594176
0.0979855
0.0929593
0.0293293
0.163623
0.162833
0.0890691
0.0723844
0.0632171
0.21014
0.21014
0.029062
0.067765
0.101727
0.072018
0.146368
0.173161
0.177193
0.141189
0.0289689
0.202655
0.137215
0.185952
0.120804
0.124446
0.210796
0.202429
0.02704
0.085087
0.202484
0.0569364
0.161452
0.160147
0.0976957
0.0952461
0.0221491
0.0221491
0.0537634
0.0630311
0.236874
0.24754
0.0866324
0.0811582
0.0918165
0.0817261
0.0594719
0.106842
0.162519
0.196644
0.162162
0.147279
0.0305822
0.0423448
0.107033
0.0429406
0.234339
0.298347
0.200471
0.195444
0.148779
0.111358
0.0442009
0.0539608
0.102977
0.104361
0.134864
0.138866
0.140115
0.122904
0.0527351
0.090022
0.0999268
0.105076
0.13985
0.139487
0.124444
0.120142
0.090022
0.0642153
0.105672
0.11495
0.164792
0.190842
0.218057
0.149212
0.0642153
0.127001
0.134025
0.134025
0.105188
0.112564
0.256995
0.239784
0.127001
0.0556943
0.0508556
0.0775562
0.140884
0.150824
0.117238
0.0483532
0.0556943
0.0561482
0.0485278
0.102143
0.242761
0.287541
0.238037
0.0644117
0.0561482
0.120035
0.105813
0.105813
0.128223
0.137481
0.105053
0.103556
0.126944
0.127574
0.0636283
0.0636283
0.198503
0.254532
0.213149
0.169409
0.155211
0.0873558
0.0551172
0.0930056
0.130529
0.157053
0.174076
0.130615
0.110354
0.167606
0.061997
0.116536
0.145628
0.140578
0.108763
0.175221
0.21072
0.126396
0.029972
0.029972
0.0844266
0.121902
0.226268
0.2019
0.149866
0.178018
0.144163
0.156087
0.0770795
0.0808021
0.0940815
0.163763
0.214367