0.0200424
0.0274703
0.02629
0.0367148
0.0302111
0.0322604
0.0194537
0.0241512
0.202423
0.246905
0.0528494
0.0630603
0.0263827
0.0283558
0.0355515
0.0657688
0.0171252
0.0158407
0.0627672
0.177195
0.0832595
0.0617468
0.0341349
0.023901
0.250532
0.554108
0.231671
0.565394
0.152386
0.0581392
0.033904
0.0556261
0.144671
0.109738
0.0259044
0.0164127
0.0126658
0.0330921
0.0657424
0.121501
0.0592895
0.019678
0.0319195
0.016832
0.0318672
0.0560227
0.15196
0.132052
0.229331
0.276335
0.0930193
0.255894
0.0607
0.161581
0.246025
0.14828
0.106629
0.0224278
0.0140471
0.0386389
0.0299792
0.481455
0.481455
0.234171
0.0535509
0.0270105
0.0152934
0.0295751
0.056347
0.0354387
0.0888421
0.0693069
0.0825327
0.0137477
0.019654
0.0708953
0.0341185
0.060437
0.0269688
0.0725132
0.0300472
0.00604418
0.00149334
0.00836835
0.0412701
0.500191
0.60239
0.195193
0.0835594
0.0184369
0.0464977
0.100231
0.0298512
0.188637
0.387535
0.188551
0.173075
0.0180161
0.0563459
0.0850788
0.0259592
0.119419
0.0960908
0.191882
0.173837
0.0419822
0.0762517
0.142392
0.0325396
0.0413391
0.117675
0.279835
0.186786
0.0446222
0.143495
0.163338
0.0158448
0.160812
0.452554
0.222023
0.202936
0.24612
0.176852
0.199951
0.0488162
0.122983
0.273469
0.14868
0.11771
0.0355258
0.053788
0.114612
0.0589203
0.0621631
0.136851
0.188938
0.175516
0.129548
0.118482
0.0504586
0.0961584
0.167258
0.151604
0.243359
0.15894
0.158259
0.176033
0.208328
0.0842461
0.0966235
0.145687
0.155245
0.152476
0.0908922
0.181275
0.358436
0.240406
0.322573
0.170809
0.273308
0.139004
0.23416
0.100722
0.0492963
0.048984
0.158059
0.133948
0.198806
0.233505
0.268866
0.0425191
0.0321272
0.0372461
0.179112
0.234352
0.25903
0.0993824
0.127494
0.1271
0.257647
0.190026
0.213144
0.120304
0.127431
0.289842
0.204377
0.0553689
0.0706649
0.0927939
0.138847
0.201365
0.177557
0.188767
0.151188
0.0603881
0.0521701
0.0754019
0.165005
0.198328
0.294577
0.166111
0.199147
0.192683
0.117728
0.0936802
0.0976349
0.0924991
0.180507
0.29598
0.0972538
0.0342705
0.0359032
0.0921265
0.0916413
0.196666
0.249146
0.320632
0.138942
0.152935
0.0752653
0.196266
0.0823377
0.126074
0.236788
0.00788382
0.00947349
0.0272727
0.14863
0.0936008
0.031043
0.00942793
0.00579402
0.0358924
0.0983264
0.0983637
0.518677
0.264867
0.0217277
0.00567519
0.00407225
0.026439
0.0334363
0.0192018
0.226427
0.148947
0.0108565
0.00737201
0.00620067
0.000177417
0.00366406
0.172716
0.518677
0.425305
0.00421642
0.00356755
0.00123192
0.0612792
0.0698584
0.0538668
0.287907
0.119669
0.0455847
0.0847994
0.0489811
0.0675719
0.0380089
0.0260653
0.0708639
0.0308318
0.218832
0.391766
0.162616
0.0229838
0.0341224
0.104009
0.391766
0.23353
0.00151685
0.0171988
0.0410872
0.0711743
0.0511836
0.0701727
0.38754
0.114033
0.0508454
0.391766
0.214329
0.0127017
0.00490412
0.00264938
0.00290263
0.00225863
0.182674
0.438985
0.0876074
0.0155115
0.00313108
0.00482524
0.0126753
0.00232714
0.150215
0.430864
0.0850609
0.0179022
0.00626753
0.0123157
0.0350345
0.00697344
0.128467
0.438985
0.11706
0.00324209
0
0
0
1.10337e-005
0.272763
0.438985
0.122149
0.0142579
0.00700334
0.0126087
0.0180057
0.00416633
0.121645
0.334805
0.0895613
0.0230427
0.0464781
0.0207126
0.0190445
0.0154267
0.0831241
0.138726
0.0466629
0.00253595
0.000581831
0.000336849
0
0.00119159
0.328604
0.499706
0.168799
0.0184007
0.00978098
0.00296652
0.0027823
0.00756001
0.363636
0.499706
0.119584
0.0474401
0.0748608
0.0620646
0.0881868
0.0817345
0.0985841
0.0888362
0.0396343
0.0276291
0.0237949
0.0848876
0.275978
0.198969
0.10903
0.0476262
0.0554279
0.0457191
0.0503264
0.0188885
0.034358
0.0619324
0.383472
0.640646
0.156572
0.0915166
0.104249
0.120766
0.167693
0.158177
0.120342
0.200007
0.128279
0.0622001
0.0377303
0.125893
0.360541
0.285371
0.140167
0.0863892
0.117214
0.195758
0.0849333
0.0901883
0.0616108
0.128332
0.120159
0.103068
0.158916
0.155588
0.0815292
0.211015
0.290528
0.216084
0.13196
0.148915
0.185467
0.108865
0.0402011
0.154029
0.0948227
0.153303
0.196724
0.201951
0.220108
0.221207
0.0422324
0.0417427
0.0509664
0.0981425
0.0576866
0.0956291
0.157892
0.2753
0.0708773
0.0395589
0.0926232
0.200259
0.0799344
0.150153
0.260034
0.103225
0.0143226
0.0936443
0.0473597
0.163822
0.147849
0.220469
0.304797
0.23923
0.0366417
0.0392653
0.0625183
0.220191
0.142885
0.232744
0.371878
0.02073
0.0196185
0.0113134
0.193314
0.120646
0.0105801
0.0223703
0.0158883
2.46046e-005
0.00180967
0.2033
0.543107
0.287143
0.00232836
0.00661948
0.00409113
0.00694623
0.0371908
0.0251197
0.251895
0.110181
0.0239897
0.0440497
0.0319627
0.00068142
0.0164155
0.0944663
0.543107
0.297449
0.00347879
0.00550361
0.00292825
0.00410282
0.00509318
0.101211
0.434652
0.197522
0
0.00176466
0.00517187
0.0164113
0.00763977
0.0298266
0.434652
0.156916
0.0121916
0.176538
0.066913
0
0
0.0402634
0.434652
0.222847
0
0
0
2.79183e-005
0.000809631
0.00151267
0.434652
0.197463
0.00307212
0.0065995
0.00497546
0.00680333
0.00142306
0.0127436
0.0738446
0.025036
0.0885502
0.531375
0.106398
0.000685478
0.000703616
0.00307334
0.00106294
6.14598e-005
0.235449
0.531375
0.208263
0.00316525
0.00212488
0.00620269
0.0712836
0.0387616
0.0123214
0.0596582
0.0327593
0.00921846
0.0059997
0.00826046
0.00357376
0.000810301
0.0439418
0.480187
0.120175
0.000270348
0.000277501
0.000256357
2.76764e-005
0
0.145378
0.442431
0.0894798
0.00329789
0.000686853
0.000290988
0.000528284
0.00183346
0.276309
0.442431
0.0724742
0.00216262
0.00283496
0.00107539
0.000534533
5.4097e-005
0.0515914
0.442431
0.0846058
0.000318495
0.000434599
1.95905e-005
0
0.000458365
0.166333
0.442431
0.158143
0.00898908
0.00636455
0.000984404
0.00213369
0.00339345
0.224642
0.409446
0.0539844
0.0377431
0.022315
0.0148479
0.00996694
0.00707949
0.144221
0.297317
0.0660235
0.00147782
0.000473792
0
0.00100442
0.00935283
0.257149
0.42189
0.110161
0.0128181
0.00189517
0
0.00150663
0.0135999
0.415891
0.42189
0.116577
0.0447265
0.0145173
0.0230577
0.0232945
0.0140053
0.0805063
0.20298
0.0669375
0.0305037
0.00737562
0.0177327
0.0239857
0.033422
0.0410146
0.0794067
0.042293
0.0274173
0.00446061
0.00152094
0.0044251
0.00790901
0.500791
0.500791
0.128117
0.0518357
0.0110653
0.00377933
0.0159585
0.0200203
0.305988
0.500791
0.124032
0.0732592
0.0164523
0.0350941
0.0356403
0.0737423
0.0734745
0.153754
0.138386
0.105674
0.0347454
0.0438213
0.0352146
0.0825962
0.070708
0.125392
0.170552
0.137168
0.0336239
0.0149284
0.0415504
0.0516906
0.27943
0.70987
0.23431
0.107719
0.062291
0.0766958
0.0666529
0.109648
0.131293
0.194066
0.146486
0.0148685
0.0296734
0.0220565
0.162514
0.0714779
0.0203132
0.0425323
0.0349776
0.00270409
0.0127209
0.0222222
0.49601
0.289031
0.00325851
0.0104436
0.00299646
0.0273066
0.0172901
0.0936362
0.332267
0.0730019
0.0113842
0.0279152
0.0798477
0.0035227
0.0033125
0.121905
0.49601
0.43606
0.00199134
0.0109935
0.00962977
0
0
0.00380329
0.422286
0.236176
0
0
0
0.000488051
0.000582067
0.000514989
0.404871
0.157841
0.00368377
0.00257378
0.00064095
0
0.000446244
0.0117164
0.422286
0.376791
0.000106702
7.63163e-005
0
0.00262172
0.00195992
0.00251233
0.422286
0.190908
0.00322807
0.00231281
0.00235104
0.0400624
0.0285435
0.0175645
0.418267
0.32069
0.0821001
0.0494512
0.0440357
0.10754
0.0627668
0.0286233
0.0214431
0.0415644
0.0693787
0.308849
0.212708
0.0666841
0.0366658
0.0267324
0.394514
0.302764
0.0721105
0.0506097
0.0561688
0.0609722
0.0695734
0.0411858
0.0501185
0.131309
0.0732516
0.0721274
0.0765379
0.0128442
0.0106931
0.00276232
0.00280602
0.00499769
0.0202185
0.296491
0.113341
0.00541216
0.00459626
0.00161116
0.00103153
0.00451034
0.147211
0.791961
0.343469
0.0279371
0.0102224
0.0115219
0.0111113
0.017679
0.00618425
0.00724835
0.0230773
0.153319
0.0906822
0.0139932
0.00762671
0.0110255
0.025854
0.0881482
0.106536
0.000937643
0.000407267
0.000125311
0.000905614
0.00760866
0.106705
0.425743
0.110953
0.00795793
0.000194404
0
0.00115092
0.0108542
0.295918
0.425743
0.152811
0.0939178
0.102119
0.00404159
0.000712158
0.00149572
0.0234068
0.124444
0.0624538
0.221502
0.398201
0.0133495
0
0.0019932
0.135195
0.425743
0.118157
0.0205344
0.000417413
5.31288e-005
0.00514272
0.0110643
0.271905
0.351588
0.0851393
0.0227216
0.00146113
7.96932e-005
0.0100567
0.0196059
0.307673
0.351588
0.0762634
0.115374
0.322812
0.0320766
0.0440504
0.0413124
0.179775
0.351588
0.068679
0.0651863
0.213891
0.0464802
0.0859421
0.0788303
0.229086
0.351588
0.0999453
0.0217107
0.00642425
0.00024987
0.00470361
0.0174068
0.308906
0.429211
0.0851621
0.0529126
0.0323394
0.0311552
0.00606367
0.0176531
0.11342
0.137712
0.128208
0.049414
0.1843
0.0681494
0.105701
0.0680628
0.331178
0.429211
0.139578
0.0815748
0.0902261
0.0964124
0.0944171
0.0888368
0.226469
0.293451
0.260448
0.0190173
0.0228376
0.0871232
0.264421
0.0581139
0.0182581
0.0119024
0.11166
0.00219174
0.00310325
0.0923374
0.472142
0.292849
0.00628318
0.00175303
0.011501
0.0175894
0.0256245
0.0746094
0.376769
0.129081
0.0318414
0.0217481
0.140739
0.00216234
0.00503425
0.0757858
0.472142
0.354794
0.00963486
0.00143349
0.0113331
0
0.000317505
0.00897805
0.440633
0.326367
0.00019903
0.000120846
0
0.00206199
0.00161781
0.00310562
0.345211
0.151498
0.00222679
0.00294187
0.000995198
0.0188245
0.00337321
0.0104399
0.440633
0.358939
0.00366242
3.02114e-005
0.00153992
0.138594
0.107501
0.00586266
0.368453
0.152863
0.0062057
0.00469115
0.0066898
0.0105748
0.00313071
0.00506378
0.0285642
0.0227155
0.00469901
0.00425561
0.00540233
0.0863994
0.0302521
0.00907507
0.00696755
0.00869565
0.00869202
0.00413732
0.0148626
0.390939
0.373023
0.0378084
0.0190639
0.0135947
0.00324004
0.00661508
0.0202578
0.562078
0.562078
0.0781403
0.00447093
0.00143595
0.00421141
0.00187271
0.0412246
0.107434
0.0746488
0.0131102
0.00277088
0.00248529
0.00188389
0.000891759
0.0118381
0.252315
0.326297
0.024745
0.00130649
0.0009837
0.00196643
0.000273678
0.0303777
0.427622
0.427622
0.065692
0.00331542
0.000268631
0.000957724
0.000262462
0.0222987
0.427622
0.427622
0.174128
0.0110638
0
0
0
0.0431823
0.218909
0.334083
0.0210995
0.000219596
0.000272381
0.0014887
0.00208957
0.022502
0.320503
0.362037
0.0568974
0
0.000485567
0.0138232
0.0398264
0.0377176
0.306864
0.362037
0.168958
0.00687007
0
0
1.64586e-005
0.0185703
0.337579
0.362037
0.250067
0.0111092
0
0.00091805
0.00370582
0.0390592
0.250102
0.38627
0.114983
0.0289632
0.0172127
0.0410303
0.0542159
0.0258603
0.185295
0.38627
0.126199
0.0571996
0.0344389
0.0363174
0.061878
0.0643328
0.287167
0.38627
0.241161
0.00480164
0
0.000818448
0.00967149
0.0574208
0.266245
0.337685
0.132625
0.000406699
0
0.000298189
0.0262415
0.143854
0.133428
0.432872
0.141678
0.0839804
0.0503992
0.0585848
0.151377
0.137563
0.0393536
0.114679
0.100729
0.0859939
0.109511
0.108348
0.263242
0.261824
0.183589
0.245576
0.0598237
0
0.00420518
0.0016213
0.12549
0.268176
0.0478578
0.0485318
0.022405
0.00268282
0.0168509
0.00820936
0.302694
0.44381
0.0285179
0.0229559
0.0431888
0.365297
0.127781
0.0313001
0.00962178
0.064552
0.00464913
0.00468533
0.0462217
0.4447
0.277226
0.00679714
0.00443488
0.0246401
0.061345
0.0214951
0.0482843
0.37134
0.24352
0.0750731
0.0174704
0.0373455
0.100532
0.0656665
0.100313
0.4447
0.271703
0.0652089
0.0618995
0.0714951
0.0684381
0.0570801
0.017462
0.363724
0.227071
0.0067326
0.0101907
0.0552546
0.3196
0.363724
0.0332234
0.137816
0.0955162
0.00701877
0.00767279
0.0424995
0.211321
0.171648
0.10642
0.181166
0.135708
0.0130055
0.0314007
0.145261
0.363724
0.363724
0.240395
0.103648
0.0472198
0.00265502
0.0101907
0.0931442
0.289579
0.336212
0.0545526
0.00662519
0.00125781
0.00073101
0.000666766
0.00488082
0.336212
0.336212
0.0946132
0.0217172
0.00180702
1.31556e-005
7.79215e-005
0.00497522
0.336212
0.336212
0.191622
0.0649199
7.82483e-005
0.000148924
8.3062e-005
0.00769342
0.336212
0.336212
0.181342
0.0617277
0.00271052
0
0.00803047
0.0357494
0.380876
0.39361
0.107229
0.0452178
0.00384843
0
0
0.0250411
0.372607
0.39361
0.211346
0.0495687
0.000962108
0
0.00390753
0.0505852
0.238476
0.314919
0.120873
0.0674926
0.00577265
0.00350128
0.0249854
0.094145
0.196508
0.209119
0.104326
0.042892
0.00144316
0.0140051
0.0590493
0.141011
0.328011
0.444374
0.299293
0.0244873
0
0.00276482
0.00715907
0.0445107
0.335097
0.438096
0.266682
0.0165605
0
0.0183657
0.0387103
0.0888213
0.191479
0.169884
0.0646452
0.0118152
0.00646938
0.0239326
0.0881497
0.123818
0.161883
0.0710355
0.0314979
0.00156685
0.00970408
0.0430937
0.103925
0.18678
0.324533
0.367694
0.195957
0.012153
0.000596724
0.0361364
0.089448
0.155968
0.256784
0.167131
0.0816932
0.00339393
0.000895087
0.0327579
0.122637
0.310178
0.186255
0.0228267
0.0185704
0.00352226
0.00307672
0.0553495
0.192397
0.309188
0.304216
0.122541
0.0166456
0.0100492
0.0154178
0.0819068
0.168035
0.319041
0.140088
0.0906286
0.0104235
0
0.00015428
0.00920205
0.167632
0.356468
0.109369
0.036668
0.00255915
0.0107348
0.00412877
0.017827
0.24028
0.522649
0.180665
0.126322
0.0113109
0.0186411
0.0332884
0.0703558
0.142492
0.298529
0.228676
0.082237
0.0195849
0.0258192
0.0535141
0.067966
0.191357
0.367035
0.053783
0.0076913
0.0343077
0.226903
0.225258
0.218901
0.0966022
0.0558406
0.303909
0.26576
0.117039
0.316054
0.17257
0.21406
0.197743
0.145116
0.0525738
0.0146682
0.00238096
0.0544094
0.091875
0.174652
0.132704
0.124506
0.307599
0.249295
0.0268136
0.0681527
0.0888361
0.156687
0.203563
0.249936
0.318239
0.343084
0.169611
0.0895178
0.0340513
0.0234671
0.042363
0.0906375
0.402399
0.402399
0.270221
0.100708
0.0108673
0.0028809
0.00199913
0.0520023
0.278157
0.27928
0.0456129
0.0300364
0.0323263
0.0247664
0.0322306
0.0589689
0.267629
0.204271
0.0425037
0.0265069
0.0359564
0.0230957
0.00147421
0.0248732
0.524322
0.416981
0.274503
0.114762
0.0136088
0.00686231
0.0107392
0.0434123
0.442948
0.26905
0.169759
0.0625715
0.00926884
0.0135789
0.0593007
0.124109
0.191285
0.115349
0.0171794
0.0301812
0.0547828
0.0453892
0.0290208
0.0406575
0.0712265
0.0525933
0.0205615
0.0288036
0.0292564
0.0759738
0.0867882
0.0793171
0.340623
0.234295
0.108789
0.0673541
0.00691066
0.0279766
0.136536
0.369864
0.271132
0.0917717
0.0684921
0.0346865
0.0153239
0.0457898
0.190606
0.512261
0.0915985
0.0995822
0.0779597
0.0590621
0.0168514
0.0698921
0.0996733
0.185681
0.139307
0.0835017
0.0947242
0.0780521
0.106946
0.0344268
0.0844344
0.213273
0.223271
0.0543628
0.0305978
0.00883167
0.0411643
0.041935
0.209538
0.363528
0.31808
0.0335092
0.0329168
0.00367771
0.0464206
0.0528911
0.167941
0.52897
0.148819
0.0418281
0.0984457
0.0442456
0.0973695
0.0216951
0.0831576
0.196043
0.217461
0.0758669
0.0857414
0.0354413
0.0614329
0.035177
0.0403774
0.322068
0.251614
0.0153696
0.00988656
0.000288143
0.00508075
0.0210941
0.171216
0.444237
0.301966
0.0681513
0.00264061
0.00785573
0.0308069
0.12394
0.301211
0.303341
0.137415
0.0645169
0.0388656
0.0270008
0.0199783
0.0234589
0.11513
0.255801
0.105953
0.055393
0.0275129
0.0279534
0.036341
0.11211
0.39449
0.21582
0.154793
0.0616846
0.0145306
0.0267924
0.0455455
0.132748
0.203996
0.144098
0.247847
0.0627213
0.0399191
0.0281809
0.0455522
0.093998
0.232272
0.304195
0.110114
0.0523622
0.0242173
0.0262339
0.0466239
0.145993
0.284162
0.139066
0.165394
0.0255502
0.0355396
0.0418341
0.0346476
0.151329
0.331297
0.530506