0.0954516
0.109069
0.246484
0.0798782
0.103202
0.0624046
0.0947468
0.0550029
0.194639
0.0651792
0.135151
0.0905331
0.24507
0.138602
0.153521
0.0890806
0.0592578
0.136767
0.226752
0.165474
0.100854
0.0602082
0.0734695
0.0803341
0.122486
0.0817622
0.122408
0.119805
0.32896
0.37834
0.187497
0.103492
0.188682
0.063854
0.0683973
0.0727475
0.147243
0.120752
0.0911458
0.0868151
0.248218
0.110807
0.140582
0.112185
0.109914
0.0967369
0.0737972
0.162171
0.171128
0.093914
0.105287
0.124934
0.171905
0.24658
0.186178
0.112004
0.284162
0.160044
0.258467
0.221898
0.0782935
0.0618578
0.148723
0.255482
0.202467
0.0944545
0.189754
0.0921774
0.103768
0.0757854
0.0474597
0.126828
0.235003
0.184916
0.19053
0.113126
0.0813023
0.104586
0.116154
0.0739724
0.231608
0.110959
0.20467
0.122795
0.0570345
0.0620798
0.168102
0.20422
0.234085
0.175313
0.149058
0.0860387
0.0876738
0.228958
0.287358
0.112243
0.197628
0.180415
0.118212
0.0684511
0.0379316
0.0660353
0.136009
0.110605
0.247558
0.20581
0.141112
0.092885
0.0362087
0.0539405
0.112759
0.113263
0.188608
0.218531
0.0835554
0.0422067
0.0662934
0.197472
0.196223
0.145052
0.308126
0.33073
0.0932228
0.056364
0.110932
0.0890143
0.0708712
0.148046
0.0417245
0.0500001
0.057621
0.0597677
0.0324805
0.0206599
0.0219537
0.00849999
0.075344
0.059396
0.0947474
0.132472
0.0951292
0.101355
0.101092
0.0504405
0.114377
0.221076
0.0442357
0.0294243
0.0303237
0.0165869
0.0126369
0.0182741
0.26339
0.809198
0.0822573
0.0630874
0.0656873
0.112861
0.0488914
0.0427993
0.111301
0.0419986
0.0185252
0.0165884
0.0134686
0.027305
0.0361324
0.0560095
0.214735
0.222995
0.0338832
0.00240206
0.000252744
0.0257223
0.0168709
0.0484758
0.184937
0.516791
0.0490918
0.00823086
0.0109052
0.0336802
0.0204432
0.0339027
0.322682
0.630007
0.095445
0
0
0.00460583
0.006196
0.0280799
0.10795
0.16057
0.03967
0.00409106
0.00485208
0.0275235
0.0127297
0.0112845
0.0930138
0.0827665
0.0865271
0.516624
0.13328
0.0191552
0.0191127
0.016318
0.182214
0.42257
0.0646667
0.0182216
0.01088
0.0176206
0.00856196
0.00812787
0.132985
0.155726
0.108927
0.516624
0.245921
0.0430202
0.0169415
0.00951948
0.0485995
0.112577
0.143525
0.0879606
0.045093
0.0310509
0.07059
0.0850782
0.0452267
0.107796
0.172939
0.0491202
0.0963388
0.181355
0.126786
0.156282
0.146347
0.242502
0.305481
0.112211
0.0141063
0.0156042
0.053763
0.116317
0.293241
0.336396
0.348679
0.0871043
0.0304203
0.0436285
0.0447468
0.28438
0.0462665
0.0627092
0.103103
0.0358193
0.0517302
0.116924
0.138472
0.133176
0.198971
0.115116
0.148472
0.048386
0.0302172
0.0726264
0.148058
0.198075
0.261781
0.153237
0.145851
0.0366532
0.0627403
0.0407169
0.0639466
0.24821
0.431966
0.122021
0.160354
0.0915551
0.0598529
0.0716996
0.114163
0.419617
0.10622
0.0542903
0.0284444
0.00828725
0.00546867
0.0191361
0.0623184
0.0694655
0.155635
0.0953233
0.0159269
0.0115928
0.0190346
0.0284581
0.0520291
0.0615167
0.215557
0.119366
0.0465405
0.0193704
0.0031544
0.0208317
0.0546961
0.20648
0.681283
0.502963
0.0364641
0.00512913
0.00445204
0.00527187
0.0290369
0.140679
0.0770482
0.0589374
0.0151646
0.00463626
0.00736542
0.0130436
0.0127048
0.0285573
0.122985
0.229922
0.0298381
0.00197168
0.0121011
0.0098534
0.0041928
0.0218716
0.38268
0.432408
0.0414303
0.00305478
0.00161348
0.000340566
0.00150608
0.0195625
0.35044
0.626928
0.0796622
0.000581689
0.00242046
0.0017596
0.000819943
0.00817272
0.0757684
0.243975
0.0482866
0.00128779
0.00367295
0.00276128
0.000407156
0.0039965
0.107416
0.49752
0.093795
0.00269914
0.00279765
0.00740159
0.000445401
0.00334018
0.16711
0.49752
0.0871406
0
0.000635415
0.000635041
7.43165e-005
0.000779861
0.263539
0.49752
0.123543
0
0
0
2.98166e-005
0.00110325
0.110603
0.378703
0.060248
0.000704041
0.00105185
0.00422032
0.000381795
0.00520704
0.178236
0.461665
0.0570784
0
0
0
9.0619e-005
0.0129119
0.224648
0.461665
0.0440962
0.000112243
0.000112243
0
0.000169327
0.00444548
0.258866
0.461665
0.0284002
0.000598572
0.00671597
0.000943075
0.000182548
0.0121425
0.178098
0.340182
0.0341116
0.0169162
0.0067964
0.00920543
0.0135645
0.00505851
0.12847
0.123406
0.0525733
0.45412
0.230564
0.0190619
0.0203467
0.00100744
0.167273
0.293088
0.019835
0.0417584
0.044042
0.00775174
0.0167472
0.00523186
0.0774843
0.0750708
0.0275336
0.45412
0.416529
0.00948435
0.0259529
0.00106646
0.0930766
0.09146
0.0878547
0.0412773
0.00535139
0.0126195
0.0173397
0.0637739
0.175878
0.144838
0.0837709
0.0269827
0.0124377
0.0150488
0.024415
0.10874
0.129172
0.186306
0.0190487
0.011605
0.017705
0.0375111
0.0613417
0.0878089
0.369976
0.74964
0.08717
0.00557065
0.010246
0.0251176
0.0592268
0.0898381
0.0809385
0.0707358
0.0301594
0.00546455
0.0153346
0.00492298
0.00490331
0.0479
0.134173
0.215494
0.0454338
0.0288644
0.013668
0.0154889
0.0094307
0.0865025
0.171976
0.516285
0.103701
0.000819525
0.00365948
0.00459703
0.0053398
0.0277786
0.265248
0.655136
0.1882
0.037828
0.00304101
0.00796193
0.00156149
0.0308575
0.0849615
0.209389
0.0531238
0.01155
0.000572029
0.0043152
0.00670704
0.0533989
0.212481
0.430177
0.0764734
0.000723658
0
0.000405293
0.00367936
0.0297896
0.178513
0.504346
0.135176
0.0171037
0.000109512
0.00156617
0.00086422
0.00921513
0.275722
0.504346
0.144035
0.00190895
0
0
0.000406646
0.0171885
0.169799
0.346342
0.0506889
0.000181268
0
0
0.000166352
0.00367302
0.191562
0.458927
0.0424942
4.53171e-005
0
0
0
0.00100037
0.205972
0.458927
0.065731
0.00083895
0
0
0.00674906
0.0373584
0.279009
0.458927
0.0461844
0
0
0
0.0264347
0.0636897
0.187157
0.472161
0.0249695
0
0
0
0
0.00343198
0.241777
0.472161
0.0256783
0
0
0.00047592
0.000855578
0.00763912
0.236988
0.472161
0.0157319
0
0
0
0.0107829
0.0513294
0.194635
0.28241
0.00798942
0.0010271
0.000372345
0.00469414
0.0369062
0.106991
0.312699
0.649466
0.0110854
0.00131667
0.000748788
0.000996372
0.00346959
0.0193663
0.208486
0.428378
0.00852272
0.00838191
0.0282568
0.00280529
0.00671894
0.0281247
0.15189
0.1715
0.0386258
0.00887996
0.00271391
0.00930099
0.0621847
0.0889065
0.228702
0.112979
0.0455918
0.0190492
0.0201982
0.0136516
0.0713577
0.219394
0.0445863
0.0670685
0.00946141
0.0674051
0.0750717
0.00402646
0.00488773
0.00655652
0.0080228
0.00628965
0.0269449
0.553932
0.387201
0.00343302
0.00677334
0.000745134
0.0483677
0.0125711
0.0124358
0.114974
0.0933339
0.0125349
0.0571824
0.108389
0.000573777
8.65952e-006
0.0367196
0.553932
0.349383
0.0062602
0.0230064
0.0172675
0.0475782
0.194604
0.0134637
0.0586541
0.0233259
0.0237608
0.0342227
0.0157306
0.152477
0.577921
0.0731687
0.0305494
0.0113101
0.00539253
0.0133312
0.0146942
0.049232
0.198834
0.0344731
0.243018
0.112468
0.146281
0.102997
0.0257551
0.123873
0.448914
0.128133
0.13322
0.08221
0.197668
0.273217
0.116807
0.0950036
0.497223
0.0865427
0.0110001
0.00203004
0.00045112
0.00375824
0.0111121
0.157458
0.509264
0.124954
0.0531552
0.00216358
0
0.00112544
0.010802
0.0682836
0.264787
0.0485471
0.0474057
0.0314378
0.0635132
0.139852
0.113763
0.10087
0.356182
0.114742
0.157396
0.0623716
0.117365
0.214395
0.165823
0.152399
0.439769
0.058957
0.0204772
0.00524911
0.00509809
0.000340847
0.00449227
0.19533
0.439769
0.0909982
0.0436818
0.0289687
0.0175408
0.000479986
0.00728064
0.0993301
0.309454
0.0577354
0.0573454
0.0348394
0.0578772
0.229431
0.140656
0.0974585
0.340169
0.0782271
0.178703
0.142145
0.224869
0.232768
0.124583
0.189948
0.449563
0.0666454
0.0395407
0.0158074
0.0114305
0.0430323
0.0924671
0.180438
0.298625
0.0437744
0.0394919
0.0234009
0.0638121
0.154088
0.180203
0.140655
0.278842
0.0734736
0.153794
0.0771699
0.20086
0.197855
0.146015
0.132545
0.299545
0.182202
0.157968
0.0774042
0.169712
0.230285
0.16704
0.186275
0.24249
0.071598
0.0426901
0.0206578
0.0472637
0.063037
0.114561
0.202056
0.133239
0.0510754
0.0339932
0.0150172
0.0412685
0.219461
0.242212
0.110981
0.237542
0.184737
0.170761
0.0689893
0.210021
0.243162
0.112342
0.21225
0.334443
0.193156
0.0985633
0.0622179
0.135964
0.369731
0.207192
0.0773086
0.103147
0.108579
0.0642113
0.0333223
0.0475787
0.206448
0.0938299
0.222486
0.213495
0.127085
0.0490846
0.029044
0.0579623
0.133194
0.197558
0.0662273
0.270429
0.21925
0.109835
0.140504
0.154441
0.33417
0.091168
0.239238
0.288025
0.162463
0.0733925
0.106203
0.168918
0.350159
0.227965
0.0712492
0.0421849
0.0359408
0.0964312
0.0699742
0.0776669
0.137318
0.133134
0.000456551
0.00201083
0.0356621
0.532108
0.243231
0.0473467
0.055793
0.0204172
0.132508
0.205069
0.113451
0.150079
0.0645518
0.0986644
0.128614
0.095412
0.0181989
0.0772043
0.0991945
0.532108
0.306835
0.0614845
0.0371604
0.00773925
0.0711298
0.0499842
0.0139585
0.124159
0.072287
0.154046
0.171304
0.10495
0.0611094
0.0424348
0.0457421
0.0674057
0.0554565
0.288779
0.656097
0.271634
0.0729756
0.032882
0.0153547
0.012858
0.0288601
0.0344758
0.071763
0.106067
0.0866589
0.0229187
0.01711
0.0154503
0.0212762
0.0752398
0.380056
0.229742
0.0216643
0.0176846
0.00857132
0.0154096
0.017172
0.109665
0.348694
0.158383
0.0439936
0.034843
0.0281508
0.0460264
0.0365669
0.165369
0.437031
0.250831
0.0371998
0.00740182
0.00456499
0.00350163
0.00353764
0.0630549
0.32629
0.167182
0.054209
0.00523963
0.000713304
0
0
0.174949
0.494696
0.290216
0.0253692
0.0294256
0.0155658
0.0181595
0.0188481
0.0697337
0.347249
0.193409
0.0155928
0.021279
0.00850495
0.0563285
0.0655174
0.165815
0.43212
0.227035
0.0175302
0.000473476
3.17746e-005
0.000452528
0.00407275
0.106464
0.43212
0.211618
0.00905787
0
0
0.000678791
0.00892439
0.0738174
0.43212
0.287154
0.081042
0.0839397
0.0167035
0.0427558
0.032194
0.141399
0.352672
0.174065
0.123274
0.229199
0.104462
0.042413
0.0207321
0.0629824
0.247807
0.142709
0.0375592
0.0130731
0.000618409
9.72792e-005
0.0041638
0.043712
0.446018
0.264347
0.0598452
0.0405761
0.00655646
2.34932e-005
0.0040258
0.0188323
0.446018
0.347797
0.0764894
0.108944
0.0761301
0.0468687
0.020357
0.100975
0.262069
0.134698
0.200593
0.227763
0.106812
0.0260248
0.0196801
0.0586281
0.193349
0.161951
0.051991
0.0193837
0.0044705
4.49994e-005
0.0043412
0.0110423
0.491839
0.340837
0.113405
0.0439436
0.0171257
0.00798846
0.00445581
0.012762
0.425097
0.315095
0.14247
0.360977
0.175491
0.036793
0.0816515
0.107839
0.236632
0.130921
0.353009
0.214304
0.0554224
0.0239093
0.0620183
0.11284
0.382859
0.331816
0.0924259
0.0680119
0.0348393
0.0148942
0.0223637
0.0133631
0.279216
0.230362
0.136296
0.0385378
0.0116567
0.0251192
0.0360265
0.00889662
0.096536
0.173433
0.145823
0.149837
0.0459232
0.132491
0.0248067
0.024955
0.0471023
0.0782939
0.0327173
0.0719404
0.0562923
0.516944
0.259318
0.0249811
0.00904136
0.0112435
0.0467941
0.0183987
0.00371723
0.160917
0.0848219
0.0094466
0.0115097
0.0362308
0.0149051
0.033724
0.0191786
0.516944
0.473007
0.0274418
0.0125309
0.02268
0.118622
0.129655
0.11616
0.113748
0.111376
0.0625504
0.0260475
0.0897572
0.239779
0.136495
0.0641434
0.0570197
0.0734716
0.0643318
0.142428
0.208866
0.287737
0.28739
0.104272
0.089322
0.0338181
0.0507298
0.172108
0.13671
0.38598
0.300672
0.0432145
0.106814
0.0446215
0.0657659
0.168832
0.195889
0.110219
0.0448642
0.0171166
0.018617
0.0172631
0.0163289
0.157459
0.187998
0.12158
0.0329011
0.014247
0.0106962
0.00988625
0.130335
0.648516
0.485377
0.107844
0.0725847
0.0176911
0.0933634
0.0195563
0.010548
0.0538841
0.0991092
0.129288
0.0430632
0.0314408
0.0841025
0.0198764
0.029008
0.0647813
0.250321
0.0292219
0.00162044
0.00180738
0.00164232
0.00299935
0.0774162
0.437645
0.262716
0.0367322
0.00760148
0
0.000182409
0.00424231
0.0863443
0.631791
0.353753
0.0560451
0.0142683
0.0082839
0.00740858
0.00377058
0.0250828
0.0693321
0.118912
0.122872
0.0715182
0.00286501
0.000682168
0.00390094
0.0322332
0.230102
0.199849
0.0131436
0.00478762
0
1.62454e-005
0.00594635
0.0707379
0.44865
0.209575
0.00491696
0.000651235
0
3.92331e-006
0.00827619
0.0986658
0.48421
0.301296
0.0710886
0.0353888
0.000586995
0.00137718
0.00429631
0.0497732
0.227647
0.123573
0.038652
0.0185809
0.00525501
0.00535274
0.00528467
0.115631
0.48421
0.202499
0.0103841
0.000380065
0
4.60541e-006
0.00125403
0.0406589
0.410223
0.216253
0.0176706
0.00121595
0.00179583
0.00191928
0.000990475
0.0315881
0.43537
0.278585
0.0141001
0.00324099
0.00257083
0.00138037
0.000562765
0.0746605
0.410531
0.188969
0.0150838
0
0
0
0
0.113766
0.43537
0.242681
0.0115742
0.0020699
0.0033892
0.00253235
0.00441659
0.0135522
0.360795
0.205472
0.0121075
0.00695783
0.00421432
0.00957894
0.00850935
0.00163083
0.261602
0.169985
0.00549768
0.00021105
0
0
0
0.0709337
0.470492
0.253805
0.00768462
0.00391902
0.00542736
0.00272299
0.00250416
0.0199553
0.470492
0.412701
0.00300568
0.00872134
0.0103575
0.103519
0.0776128
0.0057168
0.0658712
0.0670606
0.00164948
0.0375249
0.0422461
0.440693
0.368382
0.0135931
0.012852
0.0217595
0.00635151
0.00891005
0.0475296
0.17139
0.147658
0.0392227
0.291099
0.252289
0.0105739
0.0227529
0.203987
0.440693
0.374419
0.0582833
0.0778214
0.0842852
0.173898
0.153671
0.0613253
0.0749764
0.0182393
0.0498043
0.253144
0.201953
0.189461
0.152974
0.0351772
0.0634861
0.0455538
0.0852367
0.102447
0.113381
0.29706
0.12075
0.266994
0.284214
0.0554156
0.102488
0.296401
0.278409
0.163932
0.166824
0.183255
0.155054
0.0814739
0.1111
0.0999606
0.11724
0.223193
0.107134
0.027165
0.103508
0.0324973
0.0477276
0.0447181
0.0975039
0.361193
0.103425
0.0182204
0.0784378
0.0155027
0.0391965
0.0443032
0.279041
0.280547
0.190064
0.220178
0.112324
0.0529672
0.0442454
0.0207487
0.098458
0.397167
0.31427
0.161938
0.0787666
0.0337956
0.0312459
0.0505477
0.217637
0.232392
0.100362
0.0284391
0.0200474
0.0143735
0.0845366
0.110127
0.23952
0.379547
0.238755
0.0479238
0.0130585
0.00720784
0.0598961
0.126223
0.224891
0.275647
0.176088
0.052863
0.066759
0.0477315
0.0539765
0.108678
0.216995
0.338303
0.134899
0.0910133
0.0445397
0.0803024
0.0706182
0.154676
0.22713
0.288286
0.12729
0.0116324
0.0102164
0.00046446
0.02104
0.129385
0.170773
0.268818
0.117775
0.0371285
0.0354439
0
0.0663253
0.496888
0.41082
0.19811
0.116132
0.038023
0.033766
0.0564143
0.0256331
0.0786722
0.13795
0.232856
0.146259
0.0480785
0.0635573
0.056701
0.0325001
0.0790287
0.182152
0.0794943
0.0224591
0.0126514
0.00511726
0
0.0441747
0.38703
0.213646
0.0690295
0.0107557
0.00942726
0
0
0.166778
0.755445
0.210795
0.085376
0.0451155
0.0230804
0.0155018
0.0141685
0.00846708
0.0394558
0.0511885
0.0883427
0.0415325
0.0421083
0.0273332
0.0120331
0.0290757
0.195957
0.0870769
0.0127187
0.00259628
0.00143318
0
0
0.0788558
0.487445
0.147881
0.0109526
0.00812258
0.0146652
0.000407208
0.00793602
0.0426713
0.49987
0.3393
0.0254557
0.0126154
0.0133451
0.0105692
0.0032957
0.0214231
0.1977
0.109293
0.0313248
0.0255234
0.0229687
0.0590612
0.087329
0.0663587
0.413714
0.275796
0.00578359
0.0150616
0.0924139
0.216552
0.0982365
0.0414964
0.20359
0.152167
0.0237479
0.0508969
0.177568
0.427094
0.165756
0.0485864
0.0477815
0.0524218
0.00915078
0.0252364
0.175869
0.393232
0.176699
0.083965
0.141456
0.0976728
0.0708603
0.0993903
0.299209
0.427094
0.170537
0.0515459
0.0236156
0.0296218