0.264139
0.136452
0.0762815
0.0245867
0.0324712
0.0424195
0.133635
0.097822
0.402756
0.120007
0.114902
0.00900865
0.0244097
0.0619306
0.200184
0.269487
0.0865005
0.0860397
0.0648581
0.0811379
0.0697451
0.0829286
0.216124
0.120631
0.19742
0.178202
0.0584119
0.0851523
0.0989351
0.10974
0.205849
0.235639
0.281997
0.0933388
0.149215
0.0231211
0.0357984
0.113512
0.100361
0.213806
0.109716
0.106233
0.0683723
0.100068
0.229504
0.214184
0.163526
0.15048
0.13371
0.128783
0.117027
0.107446
0.134742
0.111589
0.0747512
0.126557
0.0768051
0.285837
0.213174
0.169222
0.252905
0.103564
0.0426098
0.0631743
0.0525133
0.0601457
0.0293016
0.0912725
0.296619
0.193592
0.10431
0.0479427
0.080908
0.0428878
0.140215
0.122796
0.177629
0.190113
0.110966
0.0977273
0.0545885
0.185432
0.115375
0.129865
0.283901
0.174554
0.0489333
0.0575639
0.199193
0.126705
0.167298
0.146835
0.206013
0.233512
0.166694
0.199006
0.0476063
0.0362901
0.106029
0.11353
0.124162
0.141285
0.0766385
0.0421325
0.0335685
0.0684458
0.160804
0.143353
0.286225
0.196355
0.0636159
0
0.159184
0.113157
0.208456
0.12316
0.0912597
0.134364
0.0731244
0.0909948
0.0561002
0.0692737
0.198059
0.243703
0.44735
0.283185
0.0487399
0.00671537
0.0883608
0.071579
0.161686
0.157452
0.127682
0.0670924
0.0313898
0.0190098
0.230303
0.127804
0.142789
0.164741
0.0401215
0.105638
0.104896
0.0460605
0.109257
0.0672576
0.0956455
0.258397
0.308541
0.132124
0.0366137
0.0152873
0.431309
0.259198
0.129081
0.220325
0.104128
0.0212751
0.0815534
0.0621114
0.0688009
0.0646479
0.0421562
0.0598504
0.0192743
0.0761358
0.103838
0.0345371
0.05846
0.130212
0.047418
0.0548407
0.0271511
0.0374049
0.0955342
0.0535928
0.46032
0.188552
0.0309482
0.0375651
0.0200923
0.0277866
0.0791683
0.0845876
0.536666
0.307737
0.0386848
0.0200705
0.0163465
0.108019
0.20148
0.240467
0.0664176
0.251698
0.109737
0.05312
0.020209
0.0268545
0.0572892
0.0393393
0.160465
0.27264
0.128062
0.0477057
0.0186963
0.0506252
0.0742451
0.204563
0.211256
0.294781
0.10724
0.0300054
0.062491
0.22804
0.276502
0.183552
0.126701
0.20605
0.148773
0.0769847
0.153112
0.21129
0.16806
0.195705
0.042035
0.0342839
0.036249
0.083853
0.0813835
0.0323172
0.0604916
0.0531916
0.110069
0.106514
0.0549356
0.0466044
0.0397903
0.0226194
0.0390702
0.0828322
0.40902
0.119432
0.060315
0.0748216
0.0695513
0.0263761
0.0181613
0.210963
0.620699
0.328868
0.100233
0.028605
0.0163567
0.00899091
0.0226901
0.119592
0.0545581
0.0931082
0.0888347
0.0702301
0.0379558
0.0139704
0.00677165
0.0405037
0.0200808
0.183787
0.172718
0.0960324
0.0379636
0.0196992
0.0210401
0.03901
0.402976
0.330992
0.0991392
0.0546384
0.00678948
0
0.00812795
0.167524
0.291961
0.216096
0.110281
0.0966871
0.0373197
0.0318255
0.0376184
0.501915
0.012768
0.104666
0.0825954
0.0512399
0.0414499
0.0425328
0.0459356
0.0563606
0.0795552
0.103085
0.125508
0.0655839
0.0700038
0.0495692
0.048989
0.0975486
0.20172
0.0445149
0.0345839
0.033227
0.0467202
0.056485
0.0610709
0.412958
0.428253
0.0778048
0.0653938
0.0265035
0.0810577
0.0446869
0.0419426
0.56823
0.047262
0.0861535
0.110628
0.029582
0.0224567
0.0167423
0.00967305
0.0289869
0.0562478
0.06594
0.133633
0.0700055
0.094877
0.037356
0.0295012
0.0195733
0.32852
0.200678
0.106572
0.00869787
0.0213125
0.00682156
0.00577835
0.192784
0.496782
0.570484
0.207005
0.0164848
0.00870018
0.00265491
0.0364205
0.0993951
0.0739015
0.0403872
0.0352854
0.0295718
0.0327895
0.0116911
0.0257024
0.0123209
0.166664
0.205493
0.110865
0.0195487
0.00785511
0.00291044
0.0172789
0.0108521
0.266978
0.334973
0.0678064
0.00927041
0.00276346
0.00163504
0.0320089
0.0530699
0.392347
0.669256
0.187066
0.00595173
0
0.00109003
0.0187072
0.102736
0.29679
0.188825
0.0663235
0.00922745
0.00193241
0.0016407
0.00605436
0.0203343
0.316161
0.112827
0.046907
0.0105139
0.0219645
0.0598562
0.103722
0.111088
0.359587
0.435324
0.119336
0.028062
0.0280182
0.0689006
0.0915377
0.161509
0.220367
0.101087
0.100789
0.0965805
0.253092
0.272965
0.221069
0.142993
0.0983883
0.0432699
0.0383548
0.0102905
0.0854779
0.220505
0.216249
0.104827
0.0297948
0.0233988
0.0419137
0.0302897
0.091219
0.145395
0.109362
0.0397725
0.0420126
0.0153989
0.055137
0.23226
0.531773
0.364699
0.199064
0.0584355
0.0802908
0.0592117
0.0216453
0.21281
0.352927
0.140961
0.0833892
0.0537655
0.418489
0.102357
0.0199157
0.00837065
0.00906444
0.00567889
0.0142074
0.242512
0.494931
0.220171
0.0409781
0.0178474
0.0244755
0.0173132
0.0357136
0.0924533
0.322565
0.11431
0.035739
0.00501889
0.0121247
0.0503633
0.0706051
0.205588
0.265236
0.138119
0.0594904
0.0765648
0.0638023
0.0424948
0.143187
0.114153
0.263543
0.167955
0.0420778
0.0182314
0.0140102
0.0148948
0.0161047
0.102211
0.239619
0.101301
0.0257428
0.0139573
0.00888418
0.00812286
0.0499501
0.372486
0.113295
0.135993
0.164469
0.0894919
0.0415553
0.0281252
0.0471023
0.0434653
0.436208
0.487732
0.199026
0.043832
0.0088445
0.00447675
0.0428274
0.102491
0.137274
0.0444728
0.00760908
0.00135981
0.0041892
0.00391592
0.016716
0.154375
0.366181
0.11014
0.0115293
0
0.00444605
0.00241776
0.0103525
0.185412
0.266084
0.295023
0.0799559
0.0254797
0
0
0.010404
0.0512597
0.537012
0.453344
0.170702
0.036622
0.00491619
0.00456858
0.0329913
0.108368
0.209943
0.159508
0.0190206
0
0.00101634
0.000246637
0.00659104
0.0592347
0.222764
0.366711
0.056096
0
0
0.000103075
0.0139343
0.0440418
0.294826
0.364146
0.0969474
0.00327517
0.00484649
0.00473768
0.0388968
0.0523138
0.332324
0.566233
0.106504
0
0.00121162
0.00143455
0.0378609
0.0655279
0.172256
0.296923
0.0358935
0.0029158
0
0.000133276
0.00718914
0.0416745
0.238073
0.474501
0.0578319
0.0061894
0.00105119
0.00502537
0.0103393
0.060058
0.229379
0.474501
0.0347785
0.00235414
0.000180576
2.43129e-005
0.0108385
0.0700632
0.287075
0.414195
0.0208936
0.0332942
0.0160545
0.0093371
0.0120225
0.0568069
0.138473
0.256129
0.0267332
0.0551108
0.0830049
0.0757572
0.0696802
0.0993773
0.0347071
0.0244373
0.0132633
0.212837
0.27179
0.164858
0.088444
0.0570442
0.114608
0.152444
0.0158827
0.273609
0.208513
0.0473679
0.0302256
0.040489
0.012223
0.00981284
0.00641266
0.506462
0.504428
0.0549461
0.0212756
0.0152442
0.00235855
0.00472147
0.014207
0.316481
0.29607
0.0921194
0.02884
0.00238263
0.046291
0.0339092
0.0245248
0.204424
0.155049
0.0166117
0.0365765
0.0362401
0.00576322
0.0139899
0.0274513
0.57664
0.421227
0.0209341
0.00849027
0
0.148151
0.0688361
0.0492555
0.298965
0.171322
0.0187708
0.0477376
0.074685
0.17382
0.0212552
0.00906968
0.00984565
0.0137595
0.0345011
0.145356
0.246604
0.0706232
0.076176
0.0631843
0.13912
0.0529567
0.0517392
0.211465
0.0959504
0.223375
0.190331
0.189866
0.11411
0.0370831
0.0380473
0.172121
0.241633
0.15067
0.13223
0.24012
0.527534
0.172909
0.135329
0.180692
0.0948443
0.0564722
0.148095
0.153854
0.107262
0.0303981
0.0154348
0.0414736
0.00750336
0.25794
0.375019
0.205314
0.0826094
0.0608482
0.000333464
0.025404
0.0204239
0.0728444
0.146009
0.131605
0.308701
0.166377
0.120917
0.100609
0.0194965
0.146738
0.239444
0.183723
0.214415
0.342333
0.168715
0.29788
0.113854
0.174599
0.207021
0.0974901
0.07899
0.0418361
0
0.0099081
0.0356999
0.263742
0.35771
0.161372
0.0861592
0.116807
0.0108184
0.0205306
0.0882503
0.0895421
0.116003
0.101104
0.168207
0.216519
0.128484
0.202578
0.102233
0.16312
0.225125
0.0777144
0.193473
0.39385
0.155381
0.237622
0.261388
0.149337
0.276613
0.0987081
0.0206033
0.0738435
0.0145761
0.0689336
0.104713
0.302003
0.395796
0.0462563
0.0107858
0.021714
0.0170133
0.0819501
0.202357
0.100283
0.210523
0.0531459
0.0742945
0.229108
0.117991
0.11532
0.198325
0.28106
0.190619
0.0495538
0.0469815
0.0786823
0.0940024
0.138195
0.43319
0.249986
0.285896
0.0149233
0.0187735
0.0175851
0.00888728
0.0891271
0.232261
0.310697
0.148434
0.028211
0.0426139
0.0251036
0.00765789
0.0951976
0.17424
0.285958
0.0865201
0.0650811
0.0760251
0.123374
0.0577266
0.159251
0.351478
0.334831
0.165268
0.109118
0.0910878
0.17259
0.0704169
0.216998
0.261306
0.110306
0.0476485
0.0259868
0.221528
0.121965
0.0141641
0.0418825
0.0573145
0.00720187
0.00984555
0.0186654
0.463512
0.33838
0.00889009
0.0200416
0.0113235
0.145768
0.0867772
0.0459905
0.211771
0.172511
0.0528879
0.110808
0.114801
0.0166855
0.016162
0.0251528
0.463512
0.432686
0.0295609
0.0366753
0.0149598
0.00384463
0.0132633
0.0421589
0.414841
0.335413
0.00631078
0.000912182
0
0.135418
0.0824309
0.0564371
0.2076
0.154838
0.0120486
0.00835143
0.0311142
0.00022434
0.00306932
0.0282493
0.495012
0.427001
0.0153741
0.000681663
0
0.043142
0.0362939
0.0466503
0.245985
0.228283
0.0718567
0.0666972
0.0283947
0.151872
0.371743
0.139429
0.0495735
0.00716546
0.00918243
0.0328526
0.0654894
0.182613
0.126924
0.100717
0.151974
0.0808693
0.0475722
0.0728103
0.103279
0.2886
0.43397
0.0706243
0.0274234
0.000150494
0.00194597
0.0632721
0.232193
0.378808
0.124416
0.0423318
0.0186424
0.0187445
0.00836741
0.143972
0.342042
0.0742992
0.0682337
0.0725009
0.150356
0.170736
0.0963308
0.0776498
0.0454065
0.0582382
0.0886876
0.0669012
0.0825032
0.199402
0.155869
0.32583
0.194624
0.225451
0.110452
0.0996696
0.0366773
0.0535789
0.0178583
0.0861649
0.342532
0.335638
0.183899
0.0734165
0.0223576
0.0475971
0.0368289
0.137429
0.481145
0.0343453
0.0270257
0.0226483
0.050155
0.0950739
0.115755
0.291412
0.156586
0.0475559
0.0316429
0.00718886
0.0689545
0.148373
0.159102
0.426254
0.288615
0.165585
0.0511012
0.00496933
0.00226397
0.0143755
0.0182107
0.169677
0.32665
0.128433
0.0382185
0.00740245
0.0193117
0.0236972
0.0811961
0.355596
0.408919
0.0629125
0.0975259
0.0369358
0.0491776
0.101219
0.161687
0.245094
0.151311
0.137325
0.118723
0.0608305
0.0302416
0.040455
0.1156
0.297665
0.33776
0.0480456
0.0301333
0.0186253
0.0331209
0.0364052
0.119316
0.360563
0.164949
0.0543334
0.017481
0.0195542
0.0173547
0.0248172
0.141822
0.554009
0.210886
0.16298
0.0521167
0.0385769
0.0235095
0.0659617
0.0556881
0.168455
0.207373
0.178247
0.0779242
0.0468683
0.0457014
0.115074
0.0817985
0.135851
0.21602
0.0655798
0.0101946
0.00612403
0.00425203
0.0130592
0.0967843
0.541091
0.216398
0.0924852
0.0201606
0.00885388
0.0315435
0.0327742
0.049329
0.443782
0.38105
0.100144
0.0480806
0.0310384
0.143393
0.192408
0.0382837
0.0517595
0.0978859
0.0210124
0.0133957
0.0187249
0.37612
0.411216
0.0178343
0.00693451
0.0039768
0.0614587
0.0207003
0.0261011
0.247632
0.19432
0.0152164
0.100229
0.122454
0.0168429
0.00740888
0.0251249
0.468619
0.455235
0.00711839
0.0063092
0.00353857
0
0.00119201
0.00665328
0.383935
0.397137
0.0160653
0.00103849
0
0.028395
0.0255329
0.0341885
0.159493
0.205362
0.0633679
0.0532224
0.0223905
0.0189448
0.00178801
0.0181468
0.500832
0.443068
0.0172649
0.0129509
0.000212861
0.0610853
0.0421666
0.0630613
0.179418
0.214558
0.0535724
0.119189
0.05507
0.2593
0.0656624
0.00897107
0.0114507
0
0
0.030855
0.310851
0.365392
0.0217979
0.00665386
0
0
0
0.0501083
0.373036
0.246582
0.0261013
0.000382155
0
0
0.0027136
0.0201382
0.312672
0.392703
0.0121655
0
0
0
0.00629698
0.0283098
0.417372
0.194566
0.0200425
0.0138569
0.00055134
0
0
0.0285601
0.325751
0.245617
0.0374072
0.011703
0.00220536
0.00103249
8.70777e-005
0.0256721
0.471774
0.260865
0.00461782
0.000612749
0
0
0.0011478
0.0100423
0.355798
0.256097
0.0129768
0.00258224
0
0
0.000951414
0.0292585
0.501599
0.20873
0.0214685
0.00166273
0.000757522
0.00390939
0.000329708
0.0660251
0.433606
0.211604
0.0529646
0.0218851
0.0104912
0.00922599
0.0179094
0.166654
0.472059
0.195327
0.0193525
0.00406842
0.00073045
0
0.00274162
0.0463639
0.403915
0.232774
0.058648
0.0306045
0.00479524
0.0164898
0.00750464
0.0910469
0.362888
0.079535
0.0496762
0.0319783
0.0200253
0.0406685
0.0675481
0.26249
0.171523
0.0584549
0.0524463
0.0512451
0.0933781
0.0832532
0.137715
0.450721
0.107405
0.0996869
0.0617288
0.0416177
0.082231
0.14568
0.0569164
0.135551
0.101191
0.0358294
0.0721231
0.109968
0.421074
0.51687
0.114783
0.11489
0.049049
0.0399758
0.0224721
0.0414377
0.0517702
0.0254535
0.0640677
0.345031
0.156708
0.0532083
0.0169094
0.0192157
0.0226268
0.0191474
0.0336982
0.47928
0.301979
0.0490077
0.0483875
0.0848794
0.194335
0.203255
0.0414326
0.155843
0.1274
0.0683553
0.0314822
0.0287711
0.0297422
0.032794
0.049844
0.514589
0.242621
0.0865787
0.0597469
0.0742311
0.231817
0.0895579
0.0146027
0.238958
0.160677
0.0505874
0.0564467
0.0985673
0.558278
0.268081
0.00245131
0.0238911
0.0209438
0.100876
0.101972
0.0686052
0.0728835
0.0189623
0.035964
0.331811
0.189862
0.060861
0.143205
0.13371
0.362064
0.12376
0.0178133
0.108597
0.0668385
0.0159089
0.00977241
0.0463501
0.541386
0.266395
0.011022
0.0149131
0.000167336
0.0500538
0.0181608
0.0371986
0.235113
0.117574
0.0404973
0.137442
0.0810954
0.00152386
0.0562789
0.101731
0.502039
0.304523
0.0242563
0.0274279
0.00667987
0.0152786
0.0151629
0.0325424
0.225375
0.206813
0.043239
0.0845883
0.0314301
0.243005
0.0562791
0.00210248
0
0
0.010141
0.0340354
0.23618
0.405833
0.018978
0
0
0
0.0274614
0.0670248
0.360927
0.318005
0.0451019
0.00140165
0
0
0.00729314
0.052745
0.255435
0.404582
0.0507288
0
0
0
0.023096
0.0735391
0.375593
0.30893
0.00660468
0.00392362
0
0
0.00644988
0.0353341
0.378078
0.277449
0.0380941
0.0165349
0
0
0.00609219
0.0551876
0.466127
0.248734
0.0220368
0.00261574
0
0
0.00760916
0.0471758
0.331473
0.264129
0.0305985
0.0110232
0.000937624
0.000937624
0.00702834
0.0457182
0.351597
0.294781
0.0815944
0.0159109
0.00124156
0
0.023081
0.0517668
0.404419
0.357745
0.0854091
0.0318123
0.0184777
0.0371697
0.0541741
0.0627065
0.283058
0.315709
0.068835
0.00751425
0.00466762
0.00466762
0.0170516
0.0300366
0.312287
0.312992
0.0613069
0.0116623
0.0201674
0.0814241
0.116195
0.0562002
0.247706
0.0512274
0.017842
0.0199972
0.0861212
0.14157
0.0331752
0.0161217
0.0259486
0.010907
0.0141684
0.0600462
0.315667
0.587198
0.0706285
0.0112761
0.0139095
0.0369829
0.00780594
0.00972
0.047147
0.155115
0.131314
0.0339033
0.0350519
0.00934634
0.00271214
0.145462
0.334879
0.472405
0.213772
0.0765291
0.00882053
0.0270302
0.0227369
0.0419562
0.187286
0.460285
0.0587739
0.131486
0.0754528
0.030472
0.0209195
0.00951708
0.0214107
0.0638881
0.0448542
0.531368
0.208074
0.00691031
0.00689542
0.127606
0.329368
0.364049
0.0786614
0.060017
0.00926999
0.0282817
0.0311625
0.0335622
0.0776437
0.0793094
0.0226477
0.187325
0.0971709
0.0292601
0.0352916
0.0139759
0.0113304
0.00974772
0.025892
0.518113
0.263245
0.0914683
0.164322
0.120039
0.126034
0.0778079
0.0205297
0.274215
0.217487
0.035383
0.0189024
0.00965797
0.00554418
0.00216986
0.0135626
0.337816
0.215658
0.219919
0.143863
0.0554126
0.0149161
0.00841456
0.0115583
0.247951
0.313431
0.101238
0.231067
0.279508
0.364579
0.293338
0.0290583
0.0575722
0.0837503
0.0153683
0.041497
0.116724
0.229242
0.272396
0.0405427
0.0668333
0.0317484
0.347133
0.275565
0.168284
0.0700668
0.0380356
0.00886939
0.0391624
0.207136
0.136141
0.140525
0.128897
0.140918
0.100202
0.0234808
0.00560349
0.086453