0.0433997
0.0174109
0.123302
0.119208
0.126735
0.122759
0.131357
0.189844
0.0778435
0.0427074
0.197385
0.130532
0.171025
0.109959
0.134193
0.138937
0.0807976
0.05426
0.312582
0.212253
0.118402
0.125744
0.154316
0.437641
0.131094
0.0940379
0.398491
0.21104
0.134117
0.0968031
0.0951418
0.14379
0.0892262
0.1508
0.18929
0.0466885
0.0774019
0.0705794
0.149848
0.117367
0.102254
0.245047
0.106063
0.0610494
0.0361597
0.0939939
0.171887
0.0513717
0.0994984
0.0922338
0.192384
0.0388106
0.0781062
0.121441
0.264631
0.24457
0.0483798
0.0690154
0.0404495
0.0232655
0.181426
0.383286
0.492032
0.235895
0.0957435
0.161155
0.0913007
0.0743405
0.0553522
0.0913088
0.113113
0.0427767
0.0905907
0.113487
0.0831218
0.0700332
0.0689337
0.0391138
0.0740086
0.0469338
0.0446415
0.05865
0.024791
0.0172951
0.161528
0.429885
0.542339
0.127225
0.0312662
0.047946
0.0292576
0.0199972
0.0542642
0.324534
0.383462
0.0501881
0.0806774
0.137586
0.0953462
0.119785
0.154293
0.10055
0.134453
0.113323
0.0398923
0.0876762
0.0875801
0.104795
0.206511
0.229244
0.211329
0.117687
0.13555
0.0890902
0.0650032
0.0772385
0.15455
0.331714
0.210344
0.190252
0.197527
0.282601
0.164545
0.0911075
0.194078
0.118803
0.0538539
0.198974
0.0103025
0.0135879
0.0431431
0.0868102
0.210612
0.158338
0.111361
0.0206252
0.00194286
0.00336736
0.0807975
0.250038
0.405973
0.219717
0.0626784
0.0125877
0.0292201
0.10165
0.174471
0.237152
0.14722
0.0558338
0.00469863
0.0133206
0.0245198
0.151572
0.291104
0.425976
0.307567
0.103857
0.00157253
0.0222597
0.00337782
0.0125183
0.131061
0.292677
0.141098
0.0686646
0.0131584
0.00430926
0.039477
0.0297709
0.136042
0.280988
0.0941612
0.00752272
0.0301967
0.0267151
0.154038
0.160991
0.150613
0.212916
0.162061
0.0525052
0.0391812
0.140357
0.49408
0.127156
0.0656816
0.16252
0.0914727
0.0401485
0.125082
0.422938
0.0563422
0.0284479
0.0392153
0.100875
0.0986497
0.0997709
0.0695486
0.061226
0.0301873
0.0556998
0.0970923
0.119852
0.0877036
0.241199
0.0882188
0.0573793
0.329018
0.0525471
0.0119374
0.116452
0.259404
0.207387
0.205182
0.337925
0.0477737
0.0661187
0.154255
0.356091
0.337063
0.209192
0.108444
0.0497029
0.0283325
0.150481
0.493123
0.139394
0.0445614
0.0288655
0.0326445
0.109907
0.111412
0.070792
0.264552
0.0995526
0.045806
0.037277
0.0355897
0.0909068
0.232203
0.178097
0.325901
0.0592881
0.0231197
0.0213841
0.0582508
0.231825
0.485943
0.0551745
0.0959203
0.0328318
0.0184798
0.0264832
0.0567104
0.174553
0.0828798
0.0442652
0.046949
0.0265236
0.0483546
0.0705695
0.109307
0.144733
0.0157106
0.00468456
0.00479833
0.0683036
0.248374
0.276079
0.215636
0.114705
0.523051
0.0522398
0.00673135
0.018525
0.0248341
0.0333938
0.036335
0.140631
0.55288
0.0387845
0
0.053001
0.124844
0.21551
0.0836401
0.111615
0.000707292
0
0
0.0288653
0.214128
0.333656
0.235321
0.048441
0.00257027
0.00103789
0.00389303
0.0138976
0.192157
0.346994
0.173955
0.0165774
0.373907
0.147611
0.0191607
0.02481
0.156646
0.280693
0.0876059
0.0677379
0.162544
0.237758
0.125353
0.0485289
0.294207
0.249527
0.0523747
0.0340597
0.0339638
0.00940281
0.0100517
0.0186383
0.148336
0.165083
0.0487728
0.022217
0.0850738
0.136161
0.0561441
0.0273911
0.0501375
0.0423781
0.0183668
0.0281899
0.193338
0.211013
0.135044
0.0438422
0.179168
0.167298
0.050288
0.0200754
0.410181
0.677246
0.205616
0.0401922
0.0269928
0.0580282
0.0345198
0.0306826
0.022547
0.151689
0.114371
0.0645558
0.0301656
0.00668519
0.000718824
0.00222075
0.0595088
0.279098
0.148813
0.0928216
0.0361214
0.00395839
0.000126575
0.00699586
0.179033
0.523819
0.213993
0.0194834
0.0117236
0.0115851
0.000854862
0.00618845
0.297372
0.541444
0.227819
0.0141113
0.0193928
0.0261448
0.00178687
0.0601448
0.123483
0.292833
0.088585
0.0294673
0.0238455
0.00646043
0.00657449
0.0667064
0.192385
0.182961
0.0487718
0.0449647
0.0789794
0.0334437
0.0502697
0.211026
0.398777
0.471948
0.0817606
0.0136555
0.043993
0.0719281
0.0345788
0.180039
0.156953
0.204778
0.0655691
0.180429
0.276783
0.192165
0.0586285
0.212364
0.0786504
0.0314524
0.0201409
0.172951
0.198825
0.0778656
0.0697878
0.128118
0.00378802
0.00949439
0.0518371
0.266164
0.196534
0.0550066
0.0272782
0.0114603
0.00905988
0.0239898
0.0417463
0.469319
0.414212
0.0759308
0.0210519
0.0506568
0.00498939
0.0051516
0.0513784
0.450437
0.31833
0.0133182
0.00711484
0.00588284
0.250167
0.0650834
0.0432211
0.0154208
0.0336234
0.0110777
0.0609404
0.294472
0.464964
0.0174754
0.00433258
0.0103554
0.0221869
0.0296294
0.0854393
0.266367
0.0729342
0.0307097
0.0417254
0.0149953
0.0548895
0.259322
0.336003
0.246261
0.189556
0.0268022
0.0424425
0.0299112
0.0900732
0.185689
0.176619
0.355954
0.443282
0.0120214
0.000321542
0.00856793
0.0188915
0.0618005
0.0950026
0.184946
0.556907
0.0548352
0.00118917
0.00902618
0.0164284
0.0790783
0.0836802
0.153502
0.226731
0.0357189
0.0058962
0.0302107
0.0829421
0.175731
0.0975826
0.198596
0.341394
0.222243
0.0658609
0.0699924
0.0303016
0.0863706
0.0828454
0.140939
0.322151
0.161276
0.012298
0.00313664
0.0150105
0.0395986
0.0377212
0.0584331
0.239802
0.371405
0.105531
0.0174584
0.0406083
0.024422
0.0237223
0.0232737
0.315386
0.280676
0.089281
0.0449413
0.00439805
0.0058344
0.0314244
0.0596547
0.377324
0.47602
0.189873
0.041619
0.00965115
0.00573383
0.0143909
0.0351684
0.172885
0.267715
0.0910642
0.0183822
0.0149096
0.0144479
0.00713035
0.0113014
0.246929
0.379773
0.131813
0.0431959
0.000697737
0.0102563
0.0036378
0.0157335
0.204968
0.460413
0.149305
0.0186653
0.00508463
0.0043215
0.00316681
0.0339382
0.302175
0.475378
0.127245
0.0283739
0.000117574
0.00443012
0.00217696
0.0725551
0.188345
0.41019
0.0987073
0.0174583
0.00216028
0.0104809
7.18261e-005
0.00378418
0.283624
0.451081
0.088133
0.00396506
0.0110436
0.0176276
0.00355414
0.0408705
0.262316
0.437469
0.0531191
0.0118108
0.000170486
0.0049441
0.000641797
0.0543647
0.261601
0.325844
0.0387089
0.0163924
0.0067238
0.00377072
0.00596292
0.0712485
0.305753
0.205516
0.0219238
0.069106
0.10401
0.0601197
0.0341522
0.0893515
0.0943634
0.0345037
0.0125416
0.235842
0.302568
0.113516
0.0398829
0.0710754
0.16455
0.0886591
0.0185713
0.232995
0.182191
0.0170148
0.0218612
0.0817503
0.0310191
0.001395
0.00861825
0.501427
0.474385
0.0192703
0.0159686
0.0250751
0.000546614
0.0011205
0.0108573
0.337608
0.309832
0.0344094
0.00563871
0.0109904
0.00475522
0.00254202
0.0113086
0.261547
0.236807
0.00956336
0.00552613
0.00405539
0
0
0.00199211
0.520221
0.347783
0.0031553
0.00168486
0
0.0120442
0.0104011
0.0143655
0.405146
0.219228
0.0110347
0.00675121
0.0153838
0.0248186
0.00879659
0.0203053
0.00612639
0.0190109
0.270481
0.32088
0.286199
0.152527
0.0397663
0.033962
0.0474342
0.0312289
0.106811
0.197237
0.48322
0.0759199
0.172285
0.0328373
0.00427032
0.00926903
0.0836215
0.136355
0.234862
0.152282
0.158705
0.089508
0.138872
0.0401109
0.0178406
0.153437
0.401458
0.350223
0.0729604
0.0150305
0.0757956
0.0386442
0.0618822
0.0501287
0.225644
0.460627
0.2084
0.110431
0.116898
0.0476668
0.0289571
0.00908246
0.0862419
0.25373
0.0663206
0.0785912
0.218644
0.083835
0.0194351
0.145265
0.224095
0.363745
0.0916665
0.0865141
0.130748
0.151
0.0915874
0.200576
0.149168
0.28933
0.161718
0.151656
0.0910602
0.0512177
0.0172352
0.0047123
0.0446518
0.337255
0.216765
0.187293
0.0686711
0.0815277
0.0415019
0.0134193
0.0714699
0.205706
0.0496268
0.1265
0.0734507
0.17629
0.136815
0.269308
0.102884
0.214496
0.0628918
0.153026
0.0946496
0.255448
0.138546
0.416836
0.221784
0.144406
0.227464
0.141101
0.0281338
0.0426847
0.0250692
0.0389954
0.1219
0.231525
0.282937
0.0810182
0.0204462
0.00718666
0.00341228
0.0466348
0.272592
0.158159
0.0462626
0.113413
0.0709802
0.135176
0.0421071
0.226881
0.270944
0.461699
0.0346516
0.0597242
0.0762976
0.0287466
0.00799858
0.123469
0.441789
0.229087
0.156714
0.0253162
0.00904629
0.0048246
0.000560356
0.0195159
0.261301
0.246079
0.105239
0.0679701
0.0364302
0.0292383
0.0117913
0.0293984
0.213686
0.466179
0.0485156
0.0290297
0.0264688
0.0192984
0.00287898
0.0306857
0.391294
0.322246
0.0787176
0.110493
0.045279
0.110556
0.0645673
0.139943
0.377759
0.153436
0.043691
0.0720799
0.19754
0.116662
0.0258524
0.0476159
0.154837
0.0272432
0
0.0492252
0.449378
0.339603
0.0151446
0.027959
0.053833
0.20003
0.0887963
0.12042
0.147894
0.151164
0.132372
0.129704
0.203487
0.0550136
0.0427018
0.0832629
0.394783
0.382881
0.111967
0.0306398
0.0482634
0
0
0.00877773
0.429107
0.251459
0.00200666
0.00245381
0
0.0355788
0.0369848
0.0179448
0.332307
0.158051
0.0146392
0.0136
0.0250068
0
0
0.0157861
0.398945
0.406231
0.0168717
0.00163587
0
0.0269483
0.0371645
0.0213934
0.339173
0.326694
0.051535
0.0312815
0.0213353
0.27598
0.125984
0.0131775
0.000817944
0.000809412
0.00116077
0.00630469
0.123949
0.238551
0.075624
0.0322349
0.0414175
0.0200758
0.00783225
0.0272604
0.276358
0.453232
0.0741511
0.0120493
0.0108434
0.00551702
0.0131495
0.00108327
0.277185
0.453232
0.0333456
0.0177787
0.0249715
0.0116631
0.013397
0.056493
0.453232
0.127642
0.014934
0.0258878
0.0542523
0.0376664
0.0164267
0.116165
0.32989
0.0700867
0.00646706
0.0143506
0.0201009
0.0388795
0.0999066
0.268216
0.269293
0.208081
0.00964566
0.0106402
0.0614945
0.0541997
0.100665
0.185533
0.471892
0.0545938
0
0.00101865
0.0561596
0.0834745
0.259978
0.304074
0.396357
0.0299629
0.00634279
0.02431
0.00871253
0.0465417
0.142567
0.330397
0.154039
0.0278154
0.00271962
0.0372364
0.0257646
0.0788334
0.127881
0.472934
0.173669
0.0145841
0
0.000720713
0.0139266
0.0425348
0.271413
0.284736
0.180446
0.0852
0.0029648
0.00138071
0.00388072
0.0454882
0.26568
0.470541
0.161825
0.0822567
0.0129022
0.0384356
0.0235456
0.0459391
0.0695102
0.383149
0.140352
0.291404
0.0207676
0.0207907
0.021769
0.0082414
0.0639768
0.30921
0.246205
0.130533
0.015049
0.00423087
0.00607057
0.024797
0.157428
0.416596
0.0787227
0.101272
0.0418201
0.011234
0.00436238
0.0171684
0.196034
0.457523
0.207485
0.282072
0.0172841
0.00653078
0.00688268
0.006376
0.015502
0.12176
0.255993
0.193178
0.0217557
0.0186818
0.0157337
0.0402525
0.0389048
0.132082
0.24739
0.0547883
0.0272964
0.0070966
0.00977444
0.00847946
0.105192
0.495887
0.28416
0.0518211
0.00463719
0.000588948
0.0362152
0.0203661
0.0472644
0.471777
0.315188
0.123863
0.0407232
0.0213304
0.133315
0.120453
0.090786
0.0791754
0.120418
0.0456578
0.0267072
0.0231152
0.366636
0.310322
0.0903267
0.00437945
0.0182799
0.0501875
0.00781643
0.0144153
0.237233
0.188317
0.0253389
0.133077
0.198192
0.0344716
0.0180368
0.0458053
0.512064
0.45607
0.0233779
0.0073894
0.0393687
0
0
0.0144015
0.281246
0.389282
0.0163185
0.00107337
0
0.0135233
0.00836496
0.0105484
0.178521
0.311565
0.0390443
0.0337648
0.0326255
0.0103599
0.00800241
0.03238
0.473988
0.397602
0.00731636
0.00161006
0
0.0204487
0.0182307
0.0428477
0.357259
0.244921
0.00561467
0.00959578
0.0192174
0.338925
0.0471745
0.0314211
0.0296643
0.0193405
0.0281046
0.0372542
0.169257
0.34668
0.0605948
0.0394004
0.0545823
0.040738
0.00924169
0.0393641
0.278535
0.243914
0.0452565
0.0329212
0.0223841
0.0169918
0.0131339
0.0971032
0.35638
0.443528
0.0473712
0.0166104
0.0273836
0.0273296
0
0.00810011
0.442591
0.147901
0.0522869
0.0229683
0.145018
0.173174
0.108159
0.0948912
0.223551
0.0260698
0.0201422
0.00427025
0.140105
0.275358
0.275436
0.0910853
0.110837
0.354498
0.105099
0.0126263
0.0758286
0.129326
0.0223367
0.0107154
0.376576
0.102968
0.0726584
0.00987722
0.0858673
0.268247
0.146392
0.189464
0.393004
0.0181084
0.0030788
0.00628347
0.0560818
0.158331
0.314541
0.114248
0.0751284
0.132749
0.00481135
0.00721279
0.0284507
0.0720037
0.293219
0.289107
0.16591
0.0200527
0.0123152
0.0187083
0.0453228
0.226202
0.207118
0.358404
0.251676
0.0283388
0.00757264
0.0263701
0.0424823
0.136005
0.228286
0.435128
0.13868
0.225992
0.022517
0.00741302
0.0531881
0.0665116
0.203166
0.289463
0.145322
0.174345
0.104932
0.0449686
0.0353055
0.0765176
0.23777
0.401029
0.296988
0.0597413
0.00952017
0.013647
0.0576029
0.0755774
0.141046
0.338718
0.148804
0.109537
0.0468776
0.0349178
0.0290248
0.0798345
0.214259
0.256926
0.254341
0.0443296
0.0435055
0.0163234
0.0365381
0.02349
0.136069
0.334892
0.19767
0.0249537
0.00646212
0.00419646
0.0508884
0.018671
0.0972228
0.532194
0.375901
0.0539643
0.0184297
0.0091867
0.0296779
0.0336059
0.222845
0.14225
0.131565
0.0719297
0.0327891
0.0117214
0.051924
0.0317319
0.164618
0.275604
0.358379
0.0784499
0.0516916
0.0436828
0.124849
0.11245
0.0139037
0.274272
0.372592
0.102324
0.117598
0.107305
0.314336
0.327836
0.0240431
0.034667
0.12415
0.0929346
0.0910758
0.0538006
0.041499
0.0319311
0.0428014
0.286637
0.389075
0.158655
0.180622
0.130343
0.118006
0.119375
0.0854854
0.171237
0.180646
0.0227725
0.0357445
0.0437984
0.431742
0.287216
0.0385908
0.00797826
0.0013944
0.00932299
0.010039
0.0293078
0.393765
0.191645
0.0135469
0.0012797
0.00326243
0.0630466
0.0822885
0.0930296
0.353298
0.271692
0.0829182
0.0413048
0.0231915
0.00460188
0.0118688
0.0501373
0.410999
0.256636
0.0236069
0.00191955
0.00180555
0.241623
0.103025
0.0623719
0.0740674
0.0824903
0.00575504
0.057122
0.391054
0.367082
0.0560366
0.0242472
0.0107419
0.00121551
0
0.00670256
0.603161
0.0586104
0.0750706
0.0647077
0.218263
0.244438
0.0412319
0.0101113
0.0809124
0.0704968
0.147525
0.0872817
0.0466087
0.0208408
0.0150827
0.000384885
0.174853
0.21721
0.0536809
0.0201482
0.0102876
0.0119033
0.000331464
0.0103453
0.538317
0.116482
0.0864635
0.0356368
0.0458059
0.0583938
0.0584314
0.235806
0.567959
0.0471221
0.102721
0.09189
0.0447889
0.00701818
0
0.0017668
0.162367
0.0634163
0.117246
0.150314
0.249238
0.10334
0.0312708
0.0618635
0.16242
0.0214999
0.0490156
0.0356582
0.113589
0.132776
0.129981
0.297667
0.211668
0.000677074
0.00960831
0.0264695
0.166398
0.181
0.150126
0.244859
0.0420408
0.0213192
0.0710256
0.0778373
0.395326
0.323711
0.0631996
0.0637403
0.0448339
0.00201814
0.0125141
0.0319913
0.363627
0.430295
0.114902
0.036437
0.0118943
0.0172128
0.00273522
0.0219501
0.149997
0.17664
0.133817
0.341018
0.119911
0.0868904
0.00822347
0.0172177
0.0363889
0.118617
0.214521
0.26118
0.281864
0.0132968
0.00350374
0.0260044
0.22906
0.344998
0.221976
0.10598
0.0842299
0.0517028
0.00407869
0.056429
0.116233
0.160459
0.189493
0.297181
0.24463
0.112404
0.0157855
0.0262673
0.0632049
0.0611248
0.216327
0.168452
0.198444
0.184891
0.116665
0.0592377
0.218992
0.131588
0.149925
0.217647
0.403815
0.0428003
0.0272641
0.113712
0.150724
0.115964
0.0572807
0.175197
0.12205
0.0475655
0.057328
0.115798
0.266605
0.427014
0.189783
0.0678889
0.0536564
0.0874588
0.0714554
0.0321867
0.0672839
0.0631693
0.0612195
0.296619
0.372625
0.237518
0.103822
0.0932977
0.0422699
0.0575834
0.0643858
0.279142
0.437565
0.066398
0.0209425
0.0188726
0.0744544
0.243689
0.13575
0.081453
0.149353
0.184735
0.100859
0.0877925
0.035862
0.0803566
0.0350088
0.0723115
0.357772
0.240973
0.179095
0.222312
0.312274
0.17106
0.0438643
0.0642587
0.20686
0.0308911
0.0671756
0.177821
0.473738
0.20422
0.0230766
0.00794514
0.0156655
0.19057
0.182403
0.186349
0.125776
0.073397
0.0103377
0.0127552
0.210654
0.0333383
0.0669133
0.119326
0.221208
0.168633
0.0252695
0.0111577
0.0234983