0.150986
0.00064156
0.014232
0.0192562
0.0103725
0.00662627
0.0567465
0.276173
0.249592
0.0739579
0.0482838
0.0248241
0.0250013
0.0112484
0.035772
0.260148
0.231948
0.0003416
0.000945461
0.00225944
0.00763976
0.011098
0.0362091
0.50174
0.369858
0.0859458
0.0209695
0.00630565
0.014581
0.0118146
0.0416239
0.462162
0.283694
0.114792
0.0548775
0.0147155
0.0294103
0.0242234
0.0234295
0.184064
0.334607
0.0653916
0.0276542
0.0103124
0.0148896
0.0229615
0.0234003
0.245096
0.364936
0.118136
0.0235087
0.00832158
0.010938
0.00727459
0.0337253
0.3427
0.402874
0.0467957
0.00470017
0.00761372
0.00996518
0.0143498
0.0214355
0.37565
0.196763
0.0411542
0.0156646
0.0182274
0.0194742
0.0102678
0.0398073
0.272909
0.225115
0.0971537
0.035991
0.0211786
0.0352924
0.0340767
0.0293742
0.26297
0.283421
0.0226187
0.000819036
0.0188302
0.0281034
0.0204766
0.0307796
0.402038
0.385435
0.0613501
0.0141561
0.0374231
0.0489294
0.0263289
0.0393578
0.475474
0.203508
0.0702145
0.0706073
0.0206719
0.0444528
0.0355734
0.0060883
0.166019
0.172874
0.0110765
0.0634446
0.0516891
0.0489435
0.044478
0.0274844
0.242725
0.338328
0.0488849
0.0338355
0.0280479
0.028851
0.0158127
0.0383658
0.372685
0.385622
0.130436
0.0548629
0.0500952
0.0128312
0.0157733
0.038581
0.500063
0.0806619
0.0104863
0.0183019
0.0252401
0.0203035
0.0222644
0.0185071
0.0939077
0.183927
0.0376161
0.0486873
0.0671511
0.0174766
0.00957782
0.0142337
0.131383
0.255534
0.172065
0.0447413
0.0176181
0.00547701
0.00845116
0.0124303
0.184776
0.559471
0.59923
0.0604442
0.0102391
0.00325125
0.00242457
0.0049691
0.187549
0.146235
0.0624142
0.0282819
0.0277711
0.0149866
0.0048841
0.00508689
0.0682888
0.262709
0.201611
0.0361033
0.0107857
0.0126639
0.0135201
0.0205053
0.0766507
0.385379
0.432538
0.0614637
0.00353252
0.00183337
0.00080479
0.00633513
0.0812049
0.375917
0.527821
0.106842
0.0184105
0.0338984
0.0448793
0.0332281
0.0925825
0.247232
0.132802
0.0232377
0.00829359
0.00509276
0.086452
0.176626
0.175552
0.158568
0.0116494
0.0189621
0.0162811
0.0181847
0.115111
0.232388
0.141441
0.237171
0.28492
0.0599942
0.154424
0.144398
0.222081
0.222034
0.157937
0.220657
0.00843519
0.0786127
0.244811
0.11643
0.23868
0.329491
0.226048
0.150983
0.00131593
0.00131593
0
0.0404626
0.104411
0.107933
0.321763
0.154682
0.0412271
0.0196191
0.0139688
0.0452207
0.0902037
0.0979216
0.307476
0.119715
0.0345456
0.00403583
0.000738597
0.0674042
0.159561
0.286599
0.243448
0.195717
0.0527708
0.034983
0.0141934
0.0313105
0.101692
0.195759
0.537664
0.0987616
0.0372231
0.0160282
0.0202737
0.0116672
0.0206425
0.0475738
0.20078
0.129176
0.043381
0.0116704
0.0122554
0.0160456
0.0309569
0.0263032
0.198401
0.204068
0.0422822
0.0233028
0.0146281
0.0040731
0.0164617
0.067905
0.48792
0.29896
0.160057
0.0617442
0.00618156
0.00672047
0.018387
0.0428306
0.587627
0.0777274
0.0163677
0.00226445
0.0118397
0.0244944
0.0357094
0.0152307
0.121434
0.136548
0.0435434
0.00347771
0.0227769
0.0342545
0.0328304
0.0370393
0.134823
0.123107
0.275304
0.120913
0.00562755
0.00921755
0.0255468
0.0324959
0.246431
0.209361
0.700935
0.341435
0.0055974
0.0103956
0.0251362
0.0564859
0.0873256
0.0703104
0.0778225
0.00543645
0.00651323
0.00736134
0.00617564
0.0218725
0.048337
0.140467
0.294622
0.0409506
0.0103606
0.00193211
0.00154039
0.0125553
0.0594972
0.158428
0.493796
0.122458
0.000272026
0.00152974
0.00383507
0.0135161
0.0131314
0.283443
0.655648
0.114239
0
0
0.000221221
0.00565377
0.0437193
0.114962
0.235137
0.0480874
0.00367072
0.000215313
0.000105906
0.000968886
0.0223622
0.178713
0.455663
0.0570251
3.28506e-005
0
0
0.000145817
0.0133067
0.182704
0.517794
0.0572181
0
0
0
0.000186475
0.0214015
0.244147
0.517794
0.0401114
0.000301021
7.63102e-006
0.0002213
0
0.00342361
0.214186
0.389852
0.0373427
6.85095e-005
0.0060974
0.00872553
0.00929424
0.0237687
0.177507
0.212236
0.0370996
0.0358365
0.131917
0.069144
0.0393643
0.0665221
0.252544
0.488135
0.0106284
0.0298097
0.056888
0.0238016
0.00863809
0.0302956
0.168493
0.113771
0.00195607
0.292924
0.44363
0.0851831
0.0345524
0.0643454
0.037014
0.0520946
0.0215668
0.178004
0.23139
0.0746779
0.0330773
0.0302315
0.051072
0.0141834
0.0582998
0.260647
0.17826
0.0425698
0.0325564
0.0482542
0.0191779
0.00165158
0.00323643
0.396907
0.517725
0.0413402
0.0128623
0.017448
0.0304619
0.0194794
0.055813
0.356583
0.420337
0.0083547
0.00564016
0.0144776
0.171304
0.0376152
0.00190685
0.000320627
0.0150281
0.0258408
0.0688564
0.264257
0.211025
0.068655
0.0414414
0.0125641
0.00108388
0.0102032
0.0493747
0.369321
0.131143
0.0624912
0.0986639
0.0491643
0.000331483
0.0241376
0.11099
0.325708
0.177962
0.434682
0.420217
0.0525206
0.000220989
0.00269355
0.0315047
0.226908
0.157128
0.0601508
0.0268957
0.00432099
0
0.000584539
0.0094743
0.131353
0.232203
0.271817
0.0652068
0.000223175
9.06996e-006
0.000263029
0.00589047
0.131307
0.204151
0.324244
0.183878
0.0125298
0.00355164
0
0.00056692
0.0545861
0.340432
0.640127
0.175452
0.00532745
0.00532745
0
0.000709502
0.0318943
0.0843998
0.273255
0.0669157
0.000619038
0.000142175
0.000631292
0.0029454
0.0361262
0.120888
0.43299
0.12421
0.000514337
0.000367216
0.000897451
0.00466484
0.00786354
0.175194
0.512229
0.0674301
0.000583442
0.00936383
0
6.44138e-005
0.00230159
0.254158
0.512229
0.130173
0.00777896
0.0133203
0.018984
0.0260962
0.0364816
0.138161
0.387984
0.0665642
2.20226e-005
0.000123844
0.000242504
0.00086757
0.000397239
0.199112
0.461359
0.0323968
0
0
0.000230056
0.00106355
0.0126012
0.175097
0.438387
0.0631351
0.0045665
0.00259798
0.0380635
0.0692498
0.0549478
0.258296
0.461359
0.0179025
0
0.00149197
0.0228815
0.0644983
0.0770885
0.224649
0.558394
0.0207944
0
0.000169343
0.00092783
0.00311089
0.0173672
0.216396
0.544962
0.00870121
0.00225659
0.00134781
0.00256928
0.00189862
0.00484646
0.222811
0.287452
0.0110776
0
0.000539601
0.0117854
0.111371
0.151169
0.174041
0.12393
0.0208385
0.0036321
0.00250389
0.0140847
0.10583
0.112719
0.0931301
0.184827
0.00242911
0.0665099
0.0700081
0.0123635
0.00125975
0.0108787
0.0339386
0.0273213
0.00305285
0.432733
0.428976
0.0215614
0.0043847
0.0120998
0.0931665
0.0476688
0.0222399
0.0955562
0.0694114
0.00575626
0.0416822
0.0790158
0.0158286
0.00631311
0.0266762
0.514311
0.469755
0.00429176
0.0398788
0.0420763
0.00159557
0
0.00779359
0.339026
0.358073
0.0101291
0.00129231
0.00117985
0.0347793
0.00944966
0.0301882
0.218948
0.291888
0.0327049
0.0232272
0.0170847
0
0.00246444
0.02857
0.48351
0.349099
0.00416761
0.00394563
0.000869458
0.0191831
0.00718822
0.0724172
0.386505
0.213303
0.110507
0.024396
0.0102199
0.0238245
0.0935313
0.148312
0.188447
0.0269853
0.058231
0.0668117
0.0633986
0.0638238
0.399986
0.344111
0.118382
0.0421518
0.0507685
0.0545127
0.0227562
0.154744
0.124128
0.159331
0.2352
0.0589392
0.178622
0.102702
0.0877761
0.240405
0.203952
0.129358
0.134952
0.0774289
0.294735
0.351803
0.110727
0.0820075
0.256136
0.135826
0.0511262
0.0404636
0.0142899
0.0214386
0.0110021
0.130297
0.572402
0.115045
0.0757728
0.116018
0.0312997
0.0527653
0.00911453
0.116537
0.0911941
0.053613
0.0787133
0.0574738
0.0837814
0.185626
0.125898
0.066494
0.175792
0.050984
0.12003
0.169006
0.156698
0.497117
0.149537
0.108535
0.431844
0.050593
0.0400151
0.0921588
0.02073
0.0342598
0.00719394
0.179508
0.386274
0.125721
0.0818208
0.134464
0.0588116
0.0669911
0.0754253
0.0259001
0.114019
0.0259567
0.0796329
0.116039
0.102907
0.380198
0.12505
0.10972
0.132227
0.0813938
0.144272
0.173481
0.208311
0.357346
0.203661
0.111296
0.245488
0.0990034
0.0704741
0.0947099
0.121991
0.165218
0.141103
0.191758
0.296246
0.083878
0.0699703
0.0921403
0.117227
0.162986
0.148554
0.158119
0.224224
0.167241
0.114622
0.136531
0.174847
0.261787
0.128728
0.1618
0.260986
0.172131
0.119916
0.132393
0.223745
0.307617
0.169231
0.152501
0.16499
0.0493808
0.0579633
0.0497581
0.0475158
0.214124
0.19029
0.185487
0.164603
0.13193
0.0762034
0.0653008
0.0415287
0.202308
0.168495
0.189447
0.330613
0.0787102
0.0918146
0.0965148
0.11416
0.223722
0.165949
0.189444
0.363344
0.174531
0.124296
0.229816
0.129585
0.258306
0.176793
0.130095
0.0738623
0.0703148
0.069666
0.0532319
0.0389964
0.115284
0.151422
0.0216607
0.00551094
0.0361558
0.394023
0.303101
0.0509347
0.113028
0.0775007
0.165486
0.19204
0.133678
0.0897649
0.126963
0.0805178
0.164993
0.170051
0.0568771
0.138085
0.0986122
0.458319
0.426397
0.0740625
0.0760213
0.0577271
0
0.00351008
0.0137794
0.354097
0.251319
0.0103821
0.0129526
0.00213059
0.000885589
0.0015919
0.0289671
0.332527
0.244501
0.0658278
0.00509312
0.000223058
0
0.0116358
0.0113962
0.376281
0.401871
0.0194118
0.0104315
0.00164794
0.00953005
0.000378885
6.67678e-005
0.268384
0.457189
0.0410161
0.0114062
0.0222408
0.198871
0.059801
0.0252882
0.0209604
0.00768077
0.0559261
0.0702813
0.159125
0.302465
0.0535418
0.0164019
0.0144857
0.00847046
0.0876423
0.117433
0.211137
0.330839
0.037239
0
0
0
0.0217794
0.0555806
0.354454
0.445628
0.0240759
0.00296205
0.00267622
0
0.0145196
0.0270582
0.515787
0.215796
0.0370622
0.0187945
0.0237184
0.00758815
0.0402098
0.120697
0.187554
0.136631
0.012171
0.00476399
0.0257209
0.0221989
0.116636
0.364609
0.20212
0.386344
0.0137461
0.00460524
0.00846924
0
0.003299
0.0234454
0.377026
0.34613
0.00815751
0.00144893
0.00564616
0.000480952
0.0504096
0.111129
0.460151
0.0305923
0.000873323
0
0.0196644
0.01886
0.110797
0.383245
0.170825
0.0538402
0.0274001
0.0226959
0.0334904
0.0340448
0.174283
0.539029
0.182748
0.136253
0.00130998
0.00759443
0.00555943
0.0015702
0.0824667
0.197971
0.248296
0.0863804
0.0165482
0.0341821
0.0223689
0.0161352
0.116422
0.487304
0.0951633
0.072984
0.071653
0.0591748
0.0171043
0.0194888
0.0795489
0.388513
0.0723966
0.0833191
0.0724902
0.0482061
0.0172344
0.0146421
0.0695003
0.365869
0.154124
0.0360902
0.0133394
0.0144151
0.00607682
0.00927334
0.0879696
0.495501
0.0900297
0.0204427
0.00791762
0.00327048
4.31295e-005
0.000298712
0.0840633
0.525321
0.216419
0.138341
0.160608
0.0211089
0.0145372
0.0219407
0.0488607
0.17752
0.149014
0.129528
0.173435
0.0311222
0.020954
0.0777997
0.0748719
0.172389
0.172044
0.030507
0.012689
0.00271176
0
0
0.040132
0.600644
0.228489
0.0410669
0.0135124
0.00373689
0.00146097
0.00148632
0.0153102
0.492353
0.243304
0.111286
0.123224
0.0384566
0.0644358
0.0821034
0.0255018
0.0790006
0.11448
0.0474
0.115635
0.0418478
0.408602
0.395874
0.0107291
0.00371978
0.0203778
0.0322608
0.0190215
0.00232699
0.0863022
0.0931662
0.00248418
0.11268
0.099185
0.0128675
0.0182829
0.0053188
0.503827
0.503827
0.000383657
0.011515
0.0175755
0
0.00955682
0.00567359
0.33621
0.352989
0.00456644
0.000709998
0.00019
0.0189388
0.00207735
0.000163811
0.216862
0.301687
0.0256817
0.0109859
0.0320054
0.000280735
0.00143866
0.00334828
0.457984
0.399078
0
0
0
0.0431975
0.0135518
0.00225402
0.372964
0.24744
0.0103939
0.00541745
0.0308626
0.288773
0.00299625
0
0
0
0.00309506
0.0132672
0.365511
0.366856
0.00034199
0
0
0
0.00206338
0.0125445
0.431333
0.227782
0.00584283
0
0
0
0.000496664
0.0260896
0.33951
0.329494
0.0161187
0.00284052
0
0
0.000124166
0.0271836
0.357257
0.322344
0.000663172
0
0
0
0
0.00707423
0.332536
0.381589
0.000897198
0
0
0
0.00450665
0.0115343
0.412542
0.280791
0.0126869
0.00938478
0
0
0
0.0159166
0.276421
0.405495
0.0121112
0.00625652
0
0
0
0.011372
0.30371
0.347184
0.000266737
0.00828231
0.00872245
0
0.0308168
0.0699981
0.354534
0.265862
0.0165775
0.0331292
0.0373815
0.0325226
0.0809015
0.236142
0.24105
0.361655
0.0171755
0.000282893
0.00141446
0
0.00720616
0.0345617
0.370259
0.205939
0.0375568
0.0438405
0.0990044
0.0500554
0.078681
0.160669
0.351859
0.082558
0.0210176
0.0141082
0.0261074
0.0507574
0.0752379
0.202297
0.10856
0.0738853
0.0265399
0.020763
0.046282
0.109916
0.107101
0.454774
0.192455
0.0576969
0.0182687
0.0478787
0.165113
0.203344
0.0628887
0.082967
0.0805072
0.0859721
0.0392208
0.123887
0.452005
0.504113
0.0910683
0.110521
0.0770418
0.0182622
0.0115107
0.00870588
0.0160759
0.0628675
0.0473087
0.438017
0.122971
0.00563968
0.00663718
0.00150559
0.00135458
0.0154026
0.0184195
0.503903
0.178108
0.0247796
0.0354646
0.0717184
0.21682
0.212302
0.0540502
0.22082
0.0740221
0.0231262
0.0146585
0.0129515
0.0158326
0.0255081
0.0518347
0.503903
0.187861
0.0104369
0.0189393
0.0157084
0.0617207
0.0456816
0.0115301
0.347329
0.149952
0.0083353
0.0451995
0.0650825
0.432193
0.328989
0.00421505
0.105392
0.0566399
0.0351413
0.0433006
0.0213193
0.0175018
0.0045603
0.0703341
0.490742
0.175449
0.040673
0.150176
0.110048
0.29181
0.103976
0.0835255
0.228732
0.102175
0.00100712
0.0112129
0.0215286
0.383868
0.313296
0
0.00421533
0.00327452
0.02467
0.0152547
0.00493663
0.320704
0.259416
0.00132282
0.00230317
0.0116478
0.0122993
0.0454885
0.0436206
0.386438
0.271137
0.0302725
0.0177972
0.0166091
0.00454822
0.00551723
0.00877003
0.42133
0.352951
0.00660012
0.00877639
0.00264357
0.237576
0.0158731
0
0
0
0.000467806
0.0196271
0.289316
0.293817
0.0193445
0.00267548
0
0
0.000116951
0.0362898
0.327544
0.329182
0.0174114
0
0
0
0.000863976
0.0386163
0.366733
0.299121
0.0032802
0
0
0
0
0.0719671
0.502747
0.259609
0.0140237
0.00936937
0
0
0
0.0283344
0.264621
0.40064
0.0206947
0.00624625
0
0
0.000364484
0.0206393
0.264041
0.242734
0.00166684
0
0
0
0.0018772
0.0336677
0.41794
0.410029
0.010117
0
0
0
0.00805554
0.0268308
0.389836
0.276919
0.0335111
0.000694464
0
0
0.00869614
0.0571559
0.347474
0.139335
0.119745
0.107084
0.140876
0.0419159
0.0634916
0.0894537
0.280425
0.387631
0.0181628
0.0010417
0
0
0.00542002
0.0358562
0.409727
0.276801
0.071212
0.0548685
0.0828488
0.0689725
0.0462727
0.0935563
0.348155
0.0144642
0.0209605
0.0435927
0.132498
0.164155
0.0481588
0.0269417
0.0180834
0.0113884
0.00779148
0.0541219
0.508834
0.391797
0.0587459
0.0498074
0.00855683
0.0314793
0.0131786
0.0247436
0.0793074
0.202166
0.0502032
0.061826
0.0319499
0.00484904
0.00155721
0.012011
0.508834
0.366646
0.0589538
0.156277
0.00943855
0.0222645
0.0183749
0.0505105
0.472291
0.215792
0.0253363
0.120438
0.086999
0.0442294
0.0104754
0.0107641
0.0440017
0.0144074
0.0319189
0.344921
0.278281
0.0171288
0.0102731
0.0129589
0.588039
0.179857
0.0173987
0.0835592
0.0436414
0.0323946
0.0196387
0.0149589
0.0607618
0.028734
0.0136842
0.140878
0.174571
0.0330889
0.0189165
0.00361623
0
0.0030367
0.0888379
0.439892
0.168684
0.0475485
0.0865809
0.0315715
0.0835215
0.05424
0.204299
0.322729
0.156011
0.0166874
0.0102107
0.0047737
0.00533218
0.00470375
0.0319638
0.338708
0.180408
0.04024
0.0478475
0.00571678
0.0139645
0.0286494
0.120448
0.4402
0.392546
0.0393365
0.0754784
0.0743088
0.330024
0.189162
0.0992195
0.0615589
0.109159
0.0128366
0.0394361
0.0839814
0.512214
0.294753
0.0130049
0.0087641
0.0157058
0.0620144
0.177318
0.148259
0.15186
0.0436207
0.0743907
0.143886
0.314923
0.0703441
0.142463
0.217715
0.302484
0.0862573
0.0180281
0.0212662
0.107236