0
0
0
0
0
0
0
0
0.000440664
0
0
0.168447
0.168447
0
0
0.000440664
0
0
0
0.000377935
0.000377935
0
0
0
0.14007
0.280873
0.618278
0.399393
0.226744
0
0
0.0425272
5.50114e-005
0
0.0133662
0.18522
0.282181
0.0020413
0
5.50114e-005
0.0296857
0.0113457
0.022382
0.378722
0.414294
0.0133582
0.00411936
0.0329375
0.0531449
0.142446
0.188512
0.209218
0.205067
0.000226481
0
0.005309
0.0570262
0.158001
0.179404
0.403678
0.398806
0.00685996
0.00692074
0.00445842
0.259241
0.055364
0.0160836
0.285693
0.336593
0.0395716
0.0288435
0.165638
0.253923
0.0459713
0.0035889
0.0644115
0.308764
0.160815
0.0702107
0.118478
0.0749762
0.082514
0.0919241
0.321049
0.290443
0.0457851
0.0239898
0.0308382
0.0489731
0.0298821
0.0437168
0.0606542
0.359769
0.236298
0.018933
0.0301752
0.051773
0.0197509
0.0129046
0.0958474
0.361447
0.175082
0.0647026
0.0372149
0.0515338
0.0903855
0.0654578
0.104333
0.174408
0.0883406
0.0313236
0.021951
0.0132275
0.0102108
0.0151293
0.0769748
0.525545
0.357859
0.0315842
0.00446428
0.0934717
0.141881
0.0314895
0.075991
0.323248
0.318748
0.113001
0.0481888
0.0320178
0.0360694
0.0383643
0.0572699
0.110035
0.0460961
0.0119124
0.00767179
0.124788
0.0848928
0.0252406
0.0721009
0.171626
0.152693
0.0380758
0.0326711
0.138443
0.329453
0.0340234
0.0172554
0.0792318
0.0585897
0.0816489
0.0302072
0.399888
0.701413
0.110692
0.0160441
0.0575126
0.0572617
0.0681433
0.0599417
0.100713
0.179243
0.0263229
0.0213316
0.0387227
0.0748942
0.0297409
0.0211868
0.150131
0.458441
0.0630223
0.00472337
0.0333541
0.0447915
0.0197933
0.028159
0.236656
0.5019
0.0977292
0.00380293
0.00708197
0.0206114
0.0145952
0.0310777
0.254396
0.5019
0.122074
0.0102482
0.0223333
0.0265458
0.0217592
0.0716927
0.187864
0.278505
0.0369598
0.00992457
0.0525875
0.0905547
0.0850651
0.0960735
0.0922364
0.0391041
0.0240477
0.101781
0.149764
0.204426
0.200737
0.0991781
0.158189
0.244561
0.0568225
0.132048
0.163851
0.0966356
0.0452408
0.0624189
0.0493
0.0241389
0.0172229
0.439869
0.539025
0.170566
0.0719167
0.0225863
0
0
0
0.00071515
0.00071515
0
0
0
0.0178486
0.0561051
0.250581
0.246631
0.188267
0.0217775
0
0.00533236
0
0
0
0.00176216
0.00176216
0
0
0
0
0.121898
0.356233
0.54131
0.574556
0.0326662
0.0667423
0.0208008
0.0589898
0.17762
0.298357
0.223849
0.193274
0.0267268
0
0.00390164
0.0791342
0.203255
0.197356
0.204943
0.219359
0.0361173
0.00909613
0.00401482
0.0146683
0.144435
0.314745
0.362204
0.376132
0.0641143
0.0743057
0.034317
0.0576819
0.137326
0.141039
0.196842
0.269053
0.0853011
0.0456198
0.0302895
0.0759736
0.0809734
0.0645779
0.115287
0.104208
0.0469258
0.0182253
0.0212204
0.0723648
0.0464297
0.0393696
0.0289604
0.143932
0.117662
0.0280054
0.03607
0.206258
0.259921
0.0837534
0.0865261
0.146752
0.0525612
0.0111865
0.0290045
0.359792
0.737385
0.077948
0.0262411
0.050377
0.024668
0.0309032
0.048553
0.044211
0.0459484
0.0139662
0.0153366
0.154199
0.134063
0.0255507
0.00751701
0.139349
0.250197
0.0349226
0.0123725
0.0962724
0.118799
0.0502751
0.0358513
0.176698
0.534304
0.0779235
0.00805885
0.0551412
0.0289023
0.0203928
0.0109922
0.306406
0.591819
0.105954
0.00435604
0.0251038
0.0227245
0.0146225
0.0126832
0.0979129
0.300531
0.0389074
0.000914632
0.010594
0.0154206
0.0227048
0.0206236
0.164014
0.483693
0.0720716
0.000195694
0.00176125
0.000405249
0.00906085
0.0113865
0.199628
0.483693
0.0413531
0.000102406
0.000266256
0.00216346
0.00296756
0.0142596
0.269139
0.483693
0.0281278
0.000291717
0.000328637
0.00124875
0.00171424
0.017527
0.189489
0.444819
0.053847
0.000848914
0.00197526
0.000539674
0.00583498
0.0072584
0.205815
0.293637
0.0308361
0.092327
0.10915
0.0655297
0.0416113
0.0614027
0.220364
0.434336
0.00697352
0.0158923
0.0157972
0.00401496
0.00900219
0.00577951
0.13931
0.168182
0.00178752
0.422928
0.302284
0.0471423
0.0354671
0.0132881
0.0523688
0.0449693
0.00702488
0.210117
0.189205
0.0499958
0.0223864
0.0401956
0.00805008
0.0014366
0.00112651
0.420252
0.301594
0.0116056
0.00287353
0.00904202
0.020266
0.0147762
0.00416739
0.470528
0.31719
0.0289283
0.0124381
0.00723766
0.00696659
0.00101105
0.00953651
0.470528
0.225002
0.00558745
0.00426295
0.018737
0
0
0
0.000500536
0.000500536
0
0
0
0.021685
0.0887981
0.108992
0.24074
0.343991
0.0216084
0.163287
0.0602452
0.164594
0.194965
0.0519088
0
0
0
0
0.0703927
0.427102
0.642193
0.115484
0.0515659
0.0819327
0.0274272
0.110478
0.0792818
0.0228673
0.11866
0.14243
0.160492
0.250394
0.066262
0.217259
0.0942697
0.061981
0.167095
0.122048
0.105315
0.172531
0.0713309
0.126164
0.0734038
0.177794
0.46725
0.177018
0.0683462
0.0839665
0.0661582
0.148023
0.073944
0.162484
0.46725
0.240285
0.101106
0.0744275
0.0546844
0.0862322
0.0518929
0.110972
0.264493
0.0445369
0.0234624
0.0500061
0.00935294
0.00734768
0.0102203
0.174812
0.493925
0.0252007
0.00124027
0.00118252
0
0.00127857
0.00387451
0.184089
0.493925
0.0639295
0.0324969
0.021155
0.0069673
0.0127121
0.00841341
0.212628
0.493925
0.0687813
0.0132509
0.00761527
0.0136162
0.0364887
0.0954652
0.149704
0.442783
0.0292967
0.000284512
0.00168519
0
0.000828229
0.00146914
0.200951
0.442783
0.0223908
7.1128e-005
0.00146031
0.000950585
0.000195008
0.00652746
0.157059
0.442783
0.0426531
0.00171309
0.00398206
0.0451619
0.0732517
0.131822
0.247531
0.415233
0.0420588
0
0.00630997
0.0475615
0.0642053
0.103276
0.220004
0.566649
0.00766894
0.00145838
0.00619327
0.00308997
0.00382504
0.0253349
0.199847
0.415805
0.00483011
0.00542605
0.0107452
0.00613288
0.0106541
0.0359893
0.257197
0.257492
0.0375528
0.0147474
0.0111912
0.0465987
0.148854
0.205571
0.233779
0.151861
0.131859
0.0622655
0.0165589
0.0542446
0.15291
0.181831
0.0807993
0.101389
0.00333833
0.0260015
0.0280688
0.00704758
0.00695136
0.013585
0.0250009
0.0188471
0.00253759
0.491272
0.315004
0.00514611
0.0075859
0.00621862
0.194904
0.0835388
0.0522033
0.0395871
0.0608503
0.0445983
0.0665992
0.199488
0.0514091
0.00698129
0.00137531
0.491272
0.463083
0.0716086
0.0759529
0.150528
0.000993437
0.000763718
0.00310256
0.399481
0.24586
0.000315841
0.00121458
0.000384467
0.00604907
0.00302622
0.0148405
0.404361
0.21721
0.00545617
0.00392742
0.0135614
0.000554119
0.00020446
0.0109161
0.423415
0.325848
0.010629
0.00743557
0.00574848
0.015907
0.0225873
0.0635511
0.376231
0.304576
0.0443805
0.00168204
0.00303407
0.263273
0.249829
0.0906252
0.0093339
0.0133702
0.00604555
0.0327459
0.239747
0.311723
0.439338
0.103329
0.016761
0.0253006
0.0202265
0.0440247
0.0388098
0.240098
0.159129
0.0602402
0.0140008
0.0200553
0.0438628
0.169478
0.303589
0.141795
0.25847
0.0502495
0.0240832
0.0357247
0.146701
0.35269
0.0700004
0.207758
0.46259
0.0988535
0.0315899
0.0546382
0.0236598
0.0292065
0.0183029
0.123683
0.46259
0.12131
0.0407459
0.0658371
0.0503314
0.0918733
0.0172428
0.0701041
0.101637
0.0189223
0.0236217
0.0666054
0.113413
0.321215
0.0819135
0.0331795
0.132113
0.033995
0.0224921
0.0803681
0.120532
0.46259
0.147682
0.0906513
0.395536
0.0445166
0.0499349
0.068749
0.0267915
0.0701058
0.0166679
0.129986
0.397613
0.112049
0.0687782
0.120411
0.0509028
0.0811117
0.10694
0.0228786
0.0871736
0.0207078
0.059963
0.0972748
0.0696406
0.421045
0.133504
0.132017
0.112847
0.0747616
0.0915943
0.180031
0.116852
0.421045
0.24926
0.108126
0.235691
0.118495
0.0461269
0.0487736
0.153693
0.137108
0.168702
0.162605
0.297284
0.166762
0.0385253
0.0504484
0.196409
0.157067
0.10308
0.222685
0.214027
0.160742
0.0699259
0.0657918
0.145618
0.248191
0.175875
0.184496
0.239053
0.195398
0.0585639
0.0602778
0.22278
0.34482
0.167619
0.167644
0.18611
0.110854
0.0460989
0.0291966
0.126766
0.206218
0.120568
0.154923
0.169117
0.235015
0.148604
0.0664043
0.204956
0.199543
0.121356
0.235274
0.26748
0.139405
0.0455794
0.0419942
0.13913
0.222334
0.160791
0.168467
0.237101
0.19819
0.114121
0.106499
0.284015
0.208917
0.230551
0.156212
0.11538
0.129031
0.0552049
0.0860178
0.110622
0.0814882
0.163963
0.0501783
0.0351099
0.0695092
0.383785
0.338902
0.112009
0.0736134
0.108402
0.184613
0.133296
0.121846
0.0567079
0.0911409
0.131074
0.101125
0.23783
0.128099
0.126094
0.120039
0.447165
0.355087
0.0731055
0.0161423
0.0649086
0.000153685
0.00253655
0.0211557
0.375338
0.25697
0.0203541
0.00813918
0.00344944
0.0308132
0.0180626
0.0500586
0.318731
0.206787
0.0334185
0.00500928
0.00948054
0.00388614
0.0121919
0.0210809
0.418705
0.354417
0.0173239
0.00205122
0.000147274
0.0308109
0.0179565
0.0445683
0.418705
0.346577
0.0193338
0.00751391
0.0197579
0.198789
0.0209287
0.00117574
0.00174574
0.00250065
0.0214172
0.0627688
0.184256
0.173237
0.00561508
0.000207733
0.00289732
0.00423238
0.0935848
0.209655
0.206726
0.43368
0.00411287
8.62009e-005
0
0
0.000446588
0.0011939
0.43368
0.43368
0.000345319
0
0.000568056
0.000568056
0.0127878
0.027821
0.43368
0.0956036
0.00733221
0.00254632
0.00366246
0.00664946
0.0960751
0.245119
0.16762
0.039847
0.0148678
0.0134718
0.0101751
0.0082803
0.103165
0.397195
0.165984
0.380613
0.00948958
0.00381947
0.0167865
0.0234986
0.0688681
0.0822228
0.397195
0.152045
0.0330652
0.0287924
0.0894643
0.251371
0.23202
0.274491
0.339712
0.0134659
0.00503638
0.0059788
0.0121577
0.0143063
0.0713398
0.447613
0.15057
0.061317
0.0195043
0.00429826
0.0161308
0.028586
0.081746
0.447613
0.232494
0.0260809
0.0165035
0.0161675
0.0487522
0.162695
0.145159
0.379512
0.136424
0.0136638
0
0.00146961
0.00199266
0.00345425
0.115161
0.447613
0.181937
0.0944724
0.0615828
0.0289201
0.0119084
0.0105896
0.0555438
0.402023
0.156176
0.0856711
0.0542558
0.0317661
0.00781756
0.0065249
0.0522304
0.348657
0.178394
0.00339657
0.000149867
0.00055779
0.00101322
0.0010705
0.0956331
0.484578
0.18607
0.00591219
0.000705417
0.000517939
0.000395678
0.00029733
0.0643317
0.484578
0.253228
0.175931
0.110801
0.0354623
0.00695945
0.0102201
0.0363453
0.185811
0.190207
0.124259
0.107225
0.0416014
0.0139845
0.0284346
0.0687797
0.0920243
0.186494
0.0196729
0.00119369
0.00388684
0.0014064
0.00345076
0.0383112
0.599082
0.278239
0.0284022
0.00136328
0.00678836
0.0135434
0.0083057
0.0239239
0.499651
0.239041
0.103631
0.0462716
0.0199459
0.0454256
0.0507472
0.0320556
0.0436052
0.151632
0.0803054
0.0515344
0.0253063
0.508233
0.345904
0.0145028
0.00145782
0.0391024
0.0140535
0.00229039
0.00480099
0.08089
0.0618025
0.0131418
0.0984269
0.0773809
0.00635233
0.00185571
0.00364002
0.508233
0.480972
0.00785173
0.00923522
0.0164789
0.00304737
0.00452565
0.00355693
0.376112
0.292806
0.0102179
0.000174254
0.000219495
0.0573527
0.0250069
0.0320193
0.256135
0.303934
0.0325478
0.00178941
0.0412606
0.014092
0.0163632
0.0143823
0.4146
0.348901
0.0114892
0
0.00105126
0.209167
0.0886221
0.185891
0.222616
0.322983
0.0698838
0.115754
0.114851
0.218939
0
0
0
0
0
0
0.226014
0.280475
0
0
0.000829558
0.000829558
0
0
0.298138
0.416011
0
0
0
0
0
0.000205223
0.416011
0.416011
0.000462273
5.19404e-006
0.000207389
0.000207389
0
0.000802008
0.416011
0.188908
0.00859931
0.00256812
0.032672
0.0428317
0.026411
0.00682636
0.236119
0.0872862
0.0317703
0.0188995
0.189729
0.384004
0.116334
0.0423292
0.139559
0.384004
0.0335554
0.0083316
0.0249825
0.0187507
0.00179499
0.000233212
0.384004
0.384004
0.202433
0.0625718
0.244697
0.241339
0.0105898
0
0.178551
0.0337302
0.0252001
0.02646
0.204
0.478636
0.101544
0.168972
0.0754531
0.0427687
0.0114779
0.0119179
0.017017
0.0184609
0.112065
0.503188
0.106083
0.22551
0.19729
0.0983709
0.31831
0.289856
0.00970404
0.00869591
0.0622176
0.179318
0.048406
0.0296157
0.0336358
0.0175473
0.0216421
0.0832621
0.128348
0.0263484
0.00321672
0.00179335
0.000304592
0.000981258
0.109012
0.475569
0.114127
0.00900269
0.000331159
0.00068792
0.000361449
0
0.10792
0.515549
0.223947
0.0974248
0.012993
0.00290925
0.00210075
0.00157769
0.0405683
0.152045
0.164756
0.0733058
0.00420331
0.00105797
0.000804118
0.000563152
0.0892987
0.468239
0.27469
0.00153721
9.14365e-005
0.00172285
0.000908195
0.000485183
0.0473275
0.458408
0.152751
0.00765063
0.000448816
0.00181787
0.00283855
0.00146533
0.0397064
0.458408
0.196522
0.0172887
0.00287043
0.00145865
0.000774636
0.000502469
0.0917539
0.4304
0.147334
0.00180957
0.00142311
0.000776245
0.000485103
0.00140805
0.128257
0.458408
0.162119
0.0146732
0.00165268
0.0142007
0.0472934
0.029017
0.0207787
0.362077
0.13873
0.028229
0.00383861
0.0508095
0.447641
0.274226
0.00697715
0.126857
0.0565165
0.0305608
0.000376522
0.0180859
0.0153315
0.00726633
0.0830366
0.465691
0.187831
0.118118
0.0102415
0.0788831
0.254171
0.142541
0.0372985
0.324235
0.170509
0.0395776
0.0237602
0.0212355
0.343337
0.250142
0.00836388
0.00607625
0.00554873
0.173105
0.0933866
0.140774
0.251078
0.261666
0.0813239
0.119492
0.0579523
0.106314
0.0358329
0.0305333
0.33847
0.257839
0.0121273
0.0242205
0.0272938
0.337857
0.111233
0.0846573
0.36276
0.271106
0.0728339
0.122665
0.091851
0.32909
0.000921984
0.000188968
0.000158856
0.000206818
0.0013909
0.00135756
0.303329
0.378968
0.00301525
0.000772415
0.000238283
0.000238283
0.00131149
0.00429342
0.338964
0.311564
0.00138298
0.000283452
0.000238283
0.000310227
0.00208636
0.00206491
0.354776
0.370133
0.00329598
0.00114484
0.000357425
0.000357425
0.00196723
0.00512489
0.378968
0.40532
0.0202301
0.00349165
0.00411845
0.00068145
0.00129719
0.00277444
0.34085
0.356013
0.132522
0.0329606
0.0663072
0.0194921
0.000834057
0.00117732
0.178477
0.337205
0.00407263
0.000455567
0.000963591
0.000963591
0.0023916
0.0177896
0.419341
0.198858
0.00515379
0.00388877
0.00676784
0.0203867
0.0437283
0.116593
0.387452
0.427873
0.286141
0.127174
0.1932
0.0580667
0.00319437
0.00515307
0.132641
0.22944
0.0635616
0.0476777
0.0318975
0.0125334
0.00800236
0.0278616
0.154365
0.200299
0.02931
0.0190773
0.0263702
0.102957
0.125079
0.24428
0.459095
0.236322
0.0615568
0.0141984
0.0122514
0.0429891
0.0165413
0.0292237
0.266687
0.192298
0.0377776
0.015455
0.0167359
0.0121122
0.0133142
0.0571757
0.267182
0.202878
0.0324881
0.0145474
0.0102244
0.016215
0.0571059
0.303434
0.458773
0.267401
0.0433952
0.0248245
0.0149461
0.0233246
0.0152591
0.0302914
0.276233
0.303635
0.0344711
0.0325928
0.0168469
0.0202972
0.021529
0.0687015
0.399763
0.0415813
0.0158674
0.00489732
0.00382597
0.00811175
0.0695605
0.32516
0.155902
0.0211877
0.00929066
0.00279533
0.0100085
0.0116089
0.179024
0.727771
0.187873
0.105602
0.0148074
0.0113235
0.00509322
0.0121189
0.00939281
0.0394718
0.161115
0.149909
0.00636677
0.0101326
0.0152081
0.0239244
0.0374945
0.195676
0.302363
0.0237939
0.000625719
0.00339096
0.00260938
0.00323995
0.136724
0.518203
0.133558
0.0726413
0.0121912
0.0272297
0.0680777
0.037046
0.157662
0.451228
0.16145
0.0798789
0.00042481
0.000911244
0.00366682
0.0110504
0.0717583
0.240665
0.189
0.104821
0.0308821
0.0435247
0.0326473
0.00505088
0.175858
0.445111
0.164932
0.0947654
0.0692632
0.0933576
0.249931
0.152877
0.047747
0.13601
0.0562524
0.278995
0.158516
0.147571
0.300517
0.20545
0.0271628
0.109707
0.117089
0.183627
0.115979
0.160192
0.079344
0.0262211
0.0706904
0.221636
0.170297
0.290731
0.13468
0.154132
0.0887873
0.0896962
0.0385337
0.0840316
0.466689