0.0585173
0.0399592
0.0219081
0.0533851
0.0800905
0.17358
0.114122
0.121085
0.120774
0.0935804
0.318845
0.100269
0.0319121
0.0674936
0.0619211
0.103428
0.147129
0.0963986
0.10412
0.187907
0.184913
0.174177
0.0349279
0.0970559
0.169675
0.26043
0.6067
0.226197
0.0389495
0.0253408
0.0323907
0.0814829
0.0507833
0.0968947
0.33372
0.0650747
0.00614793
0.0102565
0.00982323
0.0384576
0.0583185
0.157543
0.200993
0.0682388
0.0335614
0.0393049
0.0198073
0.070632
0.0400323
0.253276
0.524284
0.122512
0
0.00221978
0.00655738
0.0244404
0.0591827
0.381714
0.444592
0.0752698
0.00766494
0.0426048
0.0319078
0.0400341
0.0621029
0.117446
0.0667348
0.0637936
0.140721
0.0982458
0.0487429
0.0737989
0.0187527
0.0273548
0.217267
0.289278
0.249979
0.199946
0.139474
0.0317718
0.0671527
0.187231
0.261028
0.075533
0.0559008
0.117023
0.0678213
0.0620148
0.0571141
0.10477
0.473453
0.324464
0.0841455
0.12288
0.262393
0.104923
0.0044458
0.0270884
0.136562
0.262947
0.15825
0.140396
0.0465822
0.00386076
0.0257539
0.0997273
0.127837
0.145302
0.214842
0.320142
0.14016
0.0594105
0.0175206
0.132225
0.26703
0.273595
0.0757305
0.131646
0.126244
0.0432888
0.0439584
0.261317
0.262108
0.171349
0.231765
0.357959
0.13319
0.0137255
0.0819665
0.0659273
0.114308
0.0827908
0.129783
0.18351
0.136322
0.114377
0.159094
0.079824
0.19872
0.258992
0.22397
0.108024
0.0883581
0.111322
0.0586627
0.112244
0.128936
0.0804411
0.230691
0.211905
0.190112
0.12242
0.139059
0.0960925
0.156475
0.189272
0.331693
0.185954
0.309092
0.272985
0.0748453
0.0742506
0.188552
0.251426
0.199438
0.138827
0.123584
0.0937317
0.0413542
0.0509739
0.122213
0.19602
0.132029
0.197396
0.173364
0.0985343
0.173581
0.141196
0.230387
0.201232
0.252394
0.230327
0.217859
0.106751
0.209652
0.182473
0.226727
0.130664
0.0891498
0.127965
0.167585
0.223887
0.0542715
0.0546678
0.0828708
0.104234
0.0783008
0.142617
0.0940139
0.0624134
0.103529
0.110587
0.21295
0.10424
0.0205384
0.0911004
0.0898011
0.110376
0.295047
0.0646248
0.0785158
0.0681858
0.0688442
0.083739
0.159971
0.333476
0.418264
0.108705
0.176507
0.0907538
0.0748311
0.0903424
0.130179
0.482819
0.140736
0.112881
0.114106
0.184199
0.123164
0.0959799
0.0476093
0.0674367
0.127569
0.256404
0.352331
0.219329
0.0656945
0.023846
0.0968412
0.0710088
0.0851588
0.160858
0.177665
0.11618
0.14703
0.152086
0.142406
0.101712
0.0607483
0.315576
0.278776
0.16328
0.183031
0.124566
0.261638
0.182357
0.0444143
0.261736
0.271798
0.156401
0.0378104
0.00797386
0.0253588
0.00700203
0.0928822
0.455617
0.30128
0.134685
0.0298115
0.0156537
0.0416419
0.0145119
0.0700808
0.174942
0.0914987
0.112543
0.0911372
0.153929
0.164491
0.0753862
0.224031
0.392754
0.146183
0.172878
0.102993
0.144012
0.0894662
0.058102
0.0795374
0.243124
0.233828
0.0910685
0.0168337
0.0397267
0.0865183
0.0577358
0.101165
0.160003
0.215833
0.114815
0.0241424
0.172635
0.244423
0.14083
0.223166
0.284861
0.20405
0.118605
0.0562476
0.0425721
0.0657518
0.205669
0.259824
0.144561
0.19133
0.218744
0.0360579
0.214066
0.140759
0.287831
0.0342187
0.110642
0.132211
0.137529
0.0528384
0.191488
0.127005
0.0629266
0.0628475
0.152388
0.130703
0.178684
0.152088
0.346186
0.0599184
0.0586614
0.157307
0.0562475
0.0953372
0.150231
0.0698282
0.220852
0.0965976
0.155081
0.246678
0.247886
0.380096
0.147431
0.145811
0.315122
0.0556072
0.175575
0.0515208
0.0280753
0.0232403
0.049466
0.0758393
0.0853924
0.0734951
0.0766277
0.136063
0.077091
0.055041
0.0273052
0.0504032
0.0326292
0.152831
0.126959
0.263564
0.228201
0.328406
0.0924539
0.0375953
0.0637864
0.0296424
0.145909
0.53805
0.254639
0.180261
0.0731471
0.0992603
0.147053
0.139761
0.368885
0.147282
0.144249
0.101657
0.0237862
0.0306449
0.0431115
0.0950164
0.0725087
0.126505
0.145759
0.124645
0.0198615
0.0313441
0.0949985
0.046979
0.106912
0.378697
0.210856
0.105121
0.0701306
0.134435
0.150841
0.166852
0.332757
0.124404
0.24239
0.234562
0.245314
0.308998
0.274271
0.15528
0.161154
0.210285
0.0664621
0.0713299
0.036541
0.0637447
0.0882179
0.0528335
0.20896
0.221382
0.0711112
0.0952308
0.10276
0.127813
0.0949474
0.055605
0.284475
0.114832
0.139239
0.190469
0.317678
0.354441
0.206035
0.0667772
0.0766922
0.0922581
0.110088
0.137372
0.22798
0.369895
0.198885
0.0699356
0.105707
0.051248
0.0862519
0.107261
0.112808
0.157084
0.0935332
0.104295
0.0872947
0.115403
0.0963379
0.0923274
0.0373227
0.142247
0.12047
0.180889
0.320891
0.185962
0.0729986
0.159887
0.267117
0.139926
0.0889073
0.104843
0.0984236
0.395816
0.162112
0.0591493
0.145327
0.133616
0.0859558
0.129091
0.437004
0.0944035
0.0732946
0.038235
0.0433313
0.116755
0.193238
0.155983
0.231847
0.136182
0.150929
0.0971075
0.157249
0.268882
0.208221
0.0900582
0.0804797
0.215416
0.115233
0.039948
0.0852344
0.173715
0.139151
0.13958
0.359272
0.0955555
0.0517666
0.106827
0.164237
0.350164
0.181857
0.23576
0.177197
0.0875642
0.057142
0.0573248
0.086039
0.0566149
0.0339377
0.0245659
0.0970084
0.170125
0.106618
0.0568684
0.121622
0.0125608
0.0252819
0.0354713
0.142263
0.0576995
0.111218
0.136556
0.117188
0.0857215
0.0891724
0.102365
0.0647879
0.336292
0.609897
0.469607
0.153613
0.0650119
0.0426474
0.0397925
0.0918673
0.107575
0.0896083
0.091137
0.0539863
0.0123452
0.0162836
0.0259386
0.0435221
0.0795841
0.212532
0.468659
0.0810799
0.027409
0.0211037
0.0164608
0.0296607
0.289823
0.342474
0.238573
0.0638033
0.0540905
0.00147207
0.00890016
0.0659559
0.175117
0.286823
0.468659
0.179974
0.0402147
0.000543998
0.00258087
0.0599085
0.0784791
0.177641
0.40921
0.154306
0.0120597
0.0161426
0.00439675
0.0331123
0.20113
0.184351
0.190413
0.169371
0.0943578
0.122565
0.0789301
0.172401
0.113233
0.200249
0.40921
0.220142
0.0134669
0.00302692
0.000336324
0.033188
0.129313
0.299428
0.321497
0.193403
0.0432836
0.0539619
0.0477483
0.0734788
0.177571
0.0777624
0.0358839
0.0436955
0.0978641
0.156349
0.194279
0.210239
0.081126
0.0723826
0.0728014
0.126463
0.146359
0.196296
0.293696
0.107393
0.104704
0.114146
0.087374
0.0260461
0.196089
0.201209
0.187049
0.120841
0.0536298
0.0256839
0.0153259
0.0497434
0.41797
0.383925
0.342124
0.0694042
0.0483971
0.0721349
0.113108
0.243692
0.224088
0.177452
0.153517
0.0196463
0.0108525
0.0261874
0.0695524
0.130348
0.193905
0.158937
0.10517
0.0282243
0.0368909
0.0370402
0.0593747
0.227559
0.497013
0.365403
0.207072
0.0203017
0.0272704
0.030495
0.145798
0.292591
0.197111
0.156203
0.0708495
0.0328269
0.0845475
0.0589443
0.162142
0.29856
0.0729399
0.0873312
0.0462694
0.0269297
0.187839
0.18025
0.132749
0.248416
0.107239
0.0452123
0.0485373
0.106008
0.0827193
0.156818
0.216056
0.411804
0.0510161
0.0567338
0.0206778
0.0457736
0.0852444
0.265056
0.425037
0.280796
0.0674127
0.0544974
0.0426762
0.0688795
0.0692403
0.0709164
0.0508058
0.0936411
0.0668502
0.0373533
0.0345467
0.0695645
0.103291
0.138693
0.1088
0.0776087
0.0609074
0.030413
0.0593403
0.0960947
0.144319
0.241248
0.379969
0.117973
0.0471353
0.0366363
0.0196588
0.0446057
0.383743
0.465777
0.444541
0.116012
0.0703029
0.0697987
0.0199647
0.143013
0.125288
0.157275
0.144548
0.0461696
0.0223473
0.0244957
0.0325696
0.0650654
0.160901
0.306477
0.432687
0.165278
0.0876321
0.0180504
0.0339631
0.108397
0.214201
0.212084
0.230512
0.0957455
0.0457415
0.0384539
0.0268884
0.138662
0.23163
0.280361
0.304649
0.203307
0.126784
0.0241119
0.0645036
0.25982
0.180589
0.21951
0.30231
0.113824
0.117778
0.00372849
0.0207245
0.0746282
0.199282
0.226519
0.429904
0.131321
0.0604064
0.000717229
0.0031915
0.0417197
0.174674
0.258396
0.307761
0.122963
0.108962
0.00800303
0.0399113
0.122744
0.215853
0.220145
0.296221
0.0871611
0.0416145
0.00485071
0.0468894
0.154562
0.316264
0.364244
0.495974
0.16207
0.0067794
0
0.00240222
0.0662196
0.171236
0.324902
0.26923
0.0661779
0.024667
0.0138192
0.0139477
0.05597
0.155983
0.141626
0.186136
0.0947504
0.0123346
0.0228556
0.079638
0.198579
0.149638
0.0790268
0.0894965
0.113182
0.0612174
0.0433412
0.0428141
0.143743
0.0196952
0.043211
0.0445688
0.0156724
0.267575
0.097047
0.0297562
0.0227214
0.00493628
0
0
0.0621343
0.516775
0.300323
0.098726
0.00964781
0.0861863
0.0169766
0.0329993
0.12969
0.228811
0.0405188
0.0239281
0.0755321
0.0229306
0.00930187
0.0277437
0.325891
0.516775
0.166817
0.0479587
0.0210143
0.0100168
0.00761456
0.00948264
0.117906
0.463128
0.239998
0.0582676
0.00175881
0.0493039
0.0276557
0.0461165
0.130166
0.212581
0.133076
0.0416657
0.0408479
0.00608353
0.0203976
0.0583673
0.205429
0.424859
0.32118
0.063513
0.00129495
0.0721545
0.0305266
0.0462924
0.0855328
0.234643
0.361523
0.167058
0.11401
0.124794
0.0748687
0.0564022
0.0503579
0.00606186
0.02214
0.0143496
0.0531739
0.0987008
0.106387
0.269749
0.0839356
0.0279458
0.0230064
0.0129448
0.0313188
0.47757
0.0443877
0.0266506
0.00360288
0.00132547
0.0162981
0.0172344
0.410522
0.47757
0.0832099
0.193059
0.0590474
0.0409335
0.0181496
0.0192345
0.375551
0.0763535
0.15439
0.394114
0.101189
0.0674559
0.0305917
0.0637893
0.0369823
0.148051
0.183336
0.21633
0.0873206
0.174787
0.150857
0.0971667
0.130857
0.332891
0.0982365
0.205878
0.108135
0.136205
0.0405544
0.103012
0.265223
0.162693
0.101976
0.067969
0.117523
0.266017
0.167213
0.170022
0.321488
0.103905
0.0904808
0.0821835
0.148774
0.153752
0.119309
0.064213
0.146138
0.231588
0.206631
0.0858972
0.159441
0.103831
0.0678771
0.0807544
0.22651
0.0862154
0.0405093
0.00673523
0.108225
0.149612
0.134545
0.189857
0.403117
0.101256
0.0350841
0.0213513
0.104863
0.0593119
0.20629
0.324584
0.453732
0.202898
0.175775
0.126568
0.0859945
0.113093
0.0324727
0.0809597
0.179769
0.217869
0.0690214
0.0670782
0.13938
0.0647594
0.0145312
0.104603
0.265325
0.153139
0.0214827
0.0549068
0.077759
0.0786993
0.137672
0.233668
0.393338
0.240413
0.016646
0.0379793
0.115881
0.0939745
0.0335817
0.236556
0.485436
0.187678
0.0543799
0.0459308
0.203292
0.0528979
0.0561506
0.138329
0.286376
0.159984
0.0738274
0.12654
0.278168
0.203745
0.144471
0.0884835
0.177114
0.293697
0.0782551
0.0402306
0.144724
0.120405
0.074573
0.345536
0.334817
0.187019
0.0742725
0.0561309
0.100627
0.123417
0.131409
0.128025
0.180396
0.0948577
0.0258812
0.0515843
0.184136
0.213869
0.0417611
0.0289521
0.0903438
0.0251474
0.0165936
0.0484412
0.370201
0.500628
0.0845689
0.0430145
0.0453506
0.0725945
0.0265412
0.0272609
0.115597
0.18899
0.0287981
0.0210027
0.0819844
0.0207771
0.0171135
0.0350359
0.290044
0.513906
0.0897378
0.130942
0.0734595
0.00740277
0.019001
0.0756581
0.153363
0.267557
0.1676
0.048967
0.0220968
0.0779493
0.0280276
0.077902
0.0696236
0.198371
0.21802
0.109372
0.120253
0.0381289
0.0306623
0.0404166
0.106986
0.297381
0.191991
0.17635
0.114796
0.452817
0.0510709
0.0462113
0.0389716
0.181991
0.176032
0.162542
0.452817
0.381418
0.00719491
0.000691223
0
0
0.00026615
0.00346784
0.346173
0.381418
0.0133459
0.0106151
0.00490178
0.00531358
0.00805324
0.0217335
0.381418
0.334536
0.0496148
0.0270354
0.0319485
0.00951575
0.0217661
0.0235973
0.232714
0.345188
0.0552605
0.0322227
0.025662
0.00415501
0.126284
0.101999
0.288657
0.362393
0.0350773
0.0078794
0.0158235
0.0250531
0.011797
0.0244043
0.324236
0.330522
0.0525816
0.00631048
0.0335743
0.0414341
0.0205074
0.0309264
0.382715
0.303369
0.0723229
0.0291557
0.00764626
0.00726835
0.0801108
0.0540463
0.254149
0.364176
0.0679392
0.0302369
0.0263811
0.0387509
0.025879
0.0184933
0.382715
0.187799
0.0146324
0.00293308
0.0136137
0.0118733
0.014555
0.0821132
0.424634
0.0891791
0
0.0390744
0.0326785
0.00118013
0.085091
0.243757
0.424634
0.198439
0.00620028
0.0239684
0.0234106
0.0309183
0.0300092
0.0445547
0.424634
0.154345
0.00774879
0.0440277
0.0404788
0.0367621
0.108494
0.178295
0.424634
0.0781063
0.0072965
0.0864654
0.0673053
0.017891
0.123409
0.203456
0.326319
0.135875
0.0334594
0.0465679
0.0790632
0.144606
0.106419
0.221058
0.275259
0.0631546
0.0165048
0.0618364
0.0659704
0.0487734
0.292214
0.302527
0.255491
0.13199
0.0969555
0.0596728
0.109049
0.19406
0.312148
0.300631
0.259789
0.11403
0.0365318
0.0208959
0.0388575
0.135928
0.116643
0.210481
0.167846
0.0959271
0.0248735
0.0105437
0.00144016
0.0232355
0.102689
0.131748
0.236523
0.151844
0.177417
0.0785852
0.120693
0.196444
0.226666
0.159086
0.321227
0.094501
0.128341
0.134853
0.13936
0.148513
0.434165
0.222065
0.34741
0.0352416
0.0122378
0.0110407
0.0574173
0.0845319
0.0367937
0.0834455
0.0975865
0.00548714
0.0116486
0.0439352
0.297869
0.320585
0.0411592
0.104515
0.0291758
0.0631405
0.125043
0.128445
0.11566
0.101533
0.281803
0.255483
0.133268
0.0796358
0.362514
0.322104
0.403286
0.265104
0.0609001
0.115827
0.0171802
0.0610523
0.057516
0.0609631
0.160225
0.118251
0.0629599
0.102182
0.0510757
0.414206
0.0919398
0.0575268
0.0744922
0.0497343
0.0719284
0.140832
0.297258
0.0527614
0.133973
0.206276
0.372048
0.21528
0.0489011
0.0290903
0.00231755
0.220118
0.0654884
0.101952
0.382102
0.274973
0.157718
0.142521
0.0751104
0.20234
0.108859
0.125039
0.121873
0.0399878
0.0662249
0.076262
0.128724
0.245157
0.14381
0.159739
0.0954307
0.012915
0.287645
0.209827
0.150056
0.235792
0.166407
0.0686847
0.157261
0.139635
0.0303226
0.0631092
0.125316
0.525419
0.242872
0.129511
0.0726054
0.0990732
0.0949796
0.163309
0.0997787
0.234228
0.175732
0.150382
0.0696399
0.0321846
0.201033
0.144226
0.13209
0.230087
0.151472
0.213784
0.229993
0.127636
0.105963
0.0428944
0.136502
0.247635
0.211899
0.166628
0.0927405
0.0943206
0.110083
0.187591
0.070751
0.152393
0.25221
0.299003
0.32896
0.0765083
0.120358
0.0856457
0.0649045
0.087854
0.0333839
0.123307
0.131334
0.107236
0.193064
0.101841
0.180646
0.203413
0.0782762
0.0718213
0.130003
0.11058
0.287416
0.18918
0.254012
0.130789
0.184744
0.19479
0.181682
0.0446613
0.251521
0.163563
0.0887416
0.219198
0.263962
0.160629
0.122419
0.0418826
0.314456
0.198643
0.0892869
0.0964918
0.0379017
0.0525049
0.151962
0.0626391
0.274779
0.208855
0.10717
0.125875
0.0856933
0.068778
0.118557
0.10369
0.303765
0.308827
0.522555
0.157793
0.127334
0.12033
0.121816
0.0548682
0.138462
0.0621009
0.0323612
0.115027
0.044372
0.0739042
0.0998029
0.116593
0.192337
0.176243
0.211034
0.056609
0.088601
0.0328111
0.0546928
0.0684971
0.202763
0.153967
0.287748
0.0427509
0.0858685
0.147193
0.0960064
0.119527
0.419984
0.258558
0.151346
0.0424786
0.0223286
0.0308018
0.0394399
0.0273164
0.117698
0.198755
0.170868
0.0975171
0.0359641
0.0682072
0.0217431
0.0307252
0.191204
0.468371
0.323814
0.0811301
0.0993104
0.141348
0.0909235
0.0748038
0.183996
0.142699
0.102805
0.111224
0.349662
0.233783
0.169374
0.128899
0.051972
0.0554842
0.161719
0.114573
0.0243069
0.0672331
0.0605868
0.0361275
0.161759
0.282678
0.275037
0.183445
0.172872
0.106694
0.0953048
0.0940742
0.374488
0.172559
0.328557
0.0600546
0.166171
0.197163
0.241419
0.220279
0.0565044
0.0242738
0.0736134
0.0238301
0.0302336
0.123126
0.34666
0.336826
0.1287
0.0558257
0.00197805
0.204923
0.188202
0.227098
0.179268
0.17392
0.165358
0.0596951
0.158469
0.0748259
0.100545
0.276056
0.297157
0.26014
0.062819
0.0247787
0.0306594