0.182218
0.0619596
0.0344114
0.0169306
0.0255043
0.0259295
0.0708713
0.186151
0.221193
0.113874
0.0621461
0.0298558
0.0306781
0.0611664
0.170149
0.177788
0.38371
0.0264596
0.0035096
0.00827749
0.0180078
0.0878286
0.21047
0.404905
0.228986
0.0747594
0.0906099
0.00403396
0.0116226
0.170585
0.408673
0.304172
0.121683
0.0635884
0.026177
0.0110951
0.0486452
0.0966069
0.253341
0.221895
0.184938
0.0215727
0.0335879
0.0525538
0.240647
0.347398
0.255691
0.249849
0.154015
0.105793
0.144761
0.0198049
0.0268072
0.0925716
0.210804
0.25812
0.278694
0.0959226
0.15395
0.0930298
0.0654288
0.104693
0.13236
0.336279
0.104112
0.00131741
0.0292334
0.0836273
0.26669
0.333232
0.184435
0.146682
0.0615234
0.0245354
0.0641912
0.0992867
0.228268
0.296391
0.29318
0.146844
0.224067
0.0563651
0.11485
0.0640409
0.0679998
0.0851969
0.118007
0.207169
0.153718
0.0283477
0.0744082
0.108504
0.194696
0.193634
0.27472
0.277904
0.104082
0.0497059
0.106135
0.150518
0.106764
0.13518
0.150188
0.201564
0.118041
0.16758
0.144576
0.287155
0.19135
0.104418
0.0595486
0.149249
0.225851
0.0439789
0.135487
0.101361
0.132584
0.153267
0.232417
0.26139
0.287305
0.259628
0.179145
0.148461
0.15872
0.200389
0.188576
0.133884
0.0372371
0.140312
0.083522
0.15036
0.104239
0.105459
0.0737769
0.0580457
0.103143
0.176499
0.0882014
0.141426
0.124825
0.219852
0.109695
0.0786492
0.176386
0.21611
0.0828157
0.104148
0.126693
0.130827
0.121704
0.0273141
0.437615
0.545146
0.122279
0.0974012
0.094369
0.131878
0.119965
0.0392594
0.101857
0.101969
0.110986
0.0765523
0.0395323
0.0729377
0.0443192
0.052202
0.251829
0.167452
0.116109
0.107852
0.0546486
0.100777
0.072757
0.0708438
0.311145
0.407415
0.139974
0.0453128
0.0266086
0.0379201
0.037543
0.0247345
0.514243
0.403966
0.100888
0.0401321
0.0492277
0.0378399
0.112739
0.118695
0.18932
0.1319
0.0508275
0.146342
0.135738
0.0707587
0.0581302
0.0854167
0.150487
0.131495
0.0988806
0.149353
0.167391
0.0571357
0.0836877
0.176956
0.44093
0.15046
0.00628048
0.116788
0.176341
0.0573121
0.145937
0.184067
0.125734
0.0626605
0.0812684
0.21526
0.370387
0.211227
0.171962
0.304554
0.180247
0.0271345
0.0119974
0.0571556
0.0702287
0.15589
0.219864
0.200793
0.0596713
0.0614748
0.0892393
0.0294155
0.0824186
0.349765
0.417414
0.168506
0.00104007
0.0340406
0.00868981
0.0660178
0.174885
0.304952
0.187493
0.07144
0.0401489
0.0542184
0.0179419
0.0342694
0.181647
0.323491
0.289547
0.118728
0.0943116
0.124095
0.152965
0.0564123
0.0935109
0.183871
0.139985
0.115831
0.346417
0.107277
0.207375
0.179241
0.10193
0.158284
0.0809245
0.214935
0.0787197
0.127488
0.0482939
0.0538415
0.126386
0.17577
0.213349
0.103868
0.360339
0.316241
0.144613
0.111509
0.124157
0.126008
0.0787938
0.244841
0.192291
0.0709704
0.129251
0.0690717
0.047659
0.0444483
0.0531674
0.115004
0.0864181
0.0708097
0.105319
0.149408
0.277671
0.071314
0.100188
0.106313
0.285092
0.320196
0.106282
0.0259843
0.0374899
0.021642
0.0206343
0.11267
0.298989
0.55164
0.160085
0.167919
0.21475
0.0256656
0.0245498
0.0288161
0.0667846
0.0311891
0.0891135
0.104116
0.153877
0.0683336
0.0930979
0.0402887
0.147091
0.155585
0.115509
0.121564
0.092533
0.109702
0.130748
0.0387661
0.152818
0.422369
0.142467
0.1118
0.127278
0.0389636
0.0483523
0.0259756
0.391634
0.54035
0.209609
0.0778339
0.0417831
0.0374756
0.0895299
0.0943097
0.154682
0.173814
0.031276
0.0358502
0.0340612
0.0241385
0.0255025
0.012841
0.268475
0.426384
0.0272578
0.00941473
0.00671213
0.00356082
0.00878275
0.00619531
0.306081
0.426384
0.0600558
0.0196617
0.00764752
0.00340924
0.011331
0.0190927
0.426384
0.426384
0.0173855
0.00163049
0.000821336
9.09442e-005
0.00116479
0.00318346
0.265185
0.405448
0.0338667
0.0078055
0.00190209
0.000379569
0.0104468
0.00817702
0.367608
0.236853
0.0252451
0.0842727
0.0731368
0.00758958
0.0808153
0.0792437
0.294712
0.405448
0.0151809
0.0458073
0.0123101
2.81285e-005
0.0147711
0.023002
0.197681
0.144371
0.0219443
0.405448
0.13669
0.00505972
0.074236
0.055628
0.162289
0.0408257
0.00736652
0.190745
0.192295
0.026519
0.071708
0.0904045
0.0365506
0.0180389
0.0141399
0.210592
0.415559
0.15497
0.0661686
0.0983562
0.0415685
0.00782335
0.0285071
0.4446
0.215184
0.0161697
0.0369462
0.0265445
0.0203782
0.0435776
0.0342791
0.336643
0.4446
0.131911
0.0479457
0.0231697
0.00308189
0.00654998
0.00460927
0.0409496
0.152213
0.339384
0.201375
0.0449786
0.049933
0.0829522
0.0874003
0.0332633
0.0587595
0.162409
0.156492
0.0678176
0.00937036
0.0524154
0.258661
0.262391
0.29977
0.346685
0.201506
0.0233902
0.0548867
0.237237
0.246517
0.128415
0.109834
0.286606
0.214864
0.0219639
0.0531408
0.146448
0.0984161
0.0281074
0.0234835
0.0359137
0.0728774
0.0410788
0.164234
0.349512
0.181384
0.019733
0.0340296
0.028676
0.0247179
0.0451427
0.0921725
0.327286
0.214243
0.0778056
0.0303238
0.0997325
0.0965579
0.0142264
0.274856
0.524854
0.34678
0.0523957
0.122794
0.177882
0.0833617
0.00837095
0.128916
0.306939
0.0638093
0.00198758
0.00559921
0.00304594
0.00147616
0.0170656
0.191778
0.448606
0.0433803
0.0169928
0.0111624
0.00122052
0.00175307
0.0134664
0.212491
0.432097
0.113205
0.0285126
0.0694938
0.0946328
0.0357697
0.0333293
0.288731
0.448606
0.0790273
0.133553
0.108899
0.0523989
0.0459715
0.113222
0.131576
0.403047
0.0409431
0.0115852
0.00824228
0.00357981
0.00971603
0.02502
0.305217
0.403047
0.0477148
0.00172273
0.00127685
0.00327863
0.0152525
0.0402577
0.196456
0.403047
0.0482926
0.0624375
0.0452318
0.0893556
0.131839
0.132904
0.304812
0.335025
0.0607306
0.0125425
0.0217877
0.114848
0.144144
0.148975
0.370897
0.455285
0.0259457
0.000885306
0
0.000451336
0.00833663
0.0427372
0.292289
0.384154
0.00940386
0.00322774
0.000730131
0.000423039
0.00977703
0.0342409
0.297431
0.186635
0.0734374
0.00927345
0.00663735
0.0870297
0.173466
0.189192
0.217101
0.133145
0.105338
0.0220313
0.000486754
0.0840214
0.217618
0.200141
0.143292
0.146269
0.012468
0.100818
0.0422984
0.000137393
0.0093515
0.0284638
0.033773
0.0289411
0.0199266
0.576209
0.170928
0
0.0132611
0.0191652
0.128097
0.0617651
0.0644886
0.16781
0.050304
0.0542224
0.176005
0.181165
0.0175736
0.00111862
0.0480864
0.576209
0.234432
0.0419431
0.0898216
0.0537399
0.00175504
0.000787219
0.0359265
0.544798
0.134714
0.00532459
0.00323183
0.00215194
0.00676012
0.0171645
0.041949
0.291677
0.28162
0.12542
0.0668363
0.0305115
0.00555097
0.00553988
0.0321503
0.544798
0.190551
0.0362689
0.0228752
0.0215633
0.0159665
0.0194622
0.0315757
0.189421
0.190684
0.121366
0.0961396
0.0894511
0.0192705
0.0649138
0.253686
0.170183
0.137013
0.0914708
0.0625125
0.0616926
0.00981042
0.0819989
0.0940134
0.098961
0.132929
0.356283
0.275355
0.0136834
0.131391
0.0463414
0.10837
0.133472
0.125333
0.0285435
0.149734
0.294857
0.0921788
0.0299575
0.0818193
0.242964
0.233359
0.352423
0.347128
0.0938655
0.0230288
0.0788184
0.0469224
0.0266216
0.0246864
0.240233
0.209437
0.0107226
0.0567015
0.117459
0.0915829
0.0218967
0.106781
0.338337
0.321768
0.0240755
0.045561
0.0242375
0.0192404
0.0325685
0.028915
0.27683
0.370553
0.0479638
0.0401914
0.0397822
0.0127701
0.00881046
0.0271943
0.3555
0.478587
0.0641555
0.0661265
0.127045
0.0467044
0.0363464
0.0813959
0.231751
0.235445
0.0466132
0.127583
0.202625
0.0523895
0.208391
0.147131
0.161902
0.199797
0.140176
0.00952999
0.01375
0.00134388
0.0197894
0.0350912
0.306944
0.423054
0.0399528
0.0486141
0.059992
0.00456407
0.0784533
0.107982
0.334598
0.423054
0.117607
0.192145
0.179901
0.0639844
0.131682
0.0912134
0.156001
0.156964
0.166552
0.246699
0.161191
0.114112
0.0492363
0.0496127
0.171943
0.15299
0.204267
0.191034
0.122654
0.0181264
0.0530967
0.0674586
0.166285
0.428191
0.153646
0.243968
0.101786
0.0411248
0.0328242
0.0208641
0.101938
0.353442
0.283201
0.201855
0.0922039
0.127456
0.0303554
0.0342415
0.126485
0.166991
0.221828
0.201239
0.14146
0.239695
0.079882
0.105721
0.15692
0.230723
0.210997
0.240779
0.0373103
0.0502156
0.0199582
0.0355716
0.0920727
0.131134
0.312102
0.306759
0.0940178
0.126847
0.0662561
0.162515
0.237599
0.164007
0.341074
0.10757
0.0816207
0.107834
0.174178
0.0854307
0.120095
0.186821
0.152645
0.0258302
0.0181732
0.0588154
0.483437
0.150591
0.0859099
0.0894221
0.0464209
0.223019
0.160281
0.0904193
0.268804
0.138539
0.117354
0.111796
0.167737
0.0731791
0.107836
0.110053
0.483437
0.195145
0.0489889
0.0227479
0.0218602
0.0164904
0.0204273
0.0582738
0.500701
0.154566
0.0616686
0.0221627
0.0384026
0.0412227
0.0390317
0.062149
0.10095
0.154547
0.128984
0.0609761
0.0797715
0.137496
0.072023
0.196007
0.530677
0.137324
0.0344322
0.020922
0.0441272
0.331725
0.079902
0.149103
0.118689
0.109294
0.132392
0.126499
0.174739
0.156653
0.00449171
0.0214965
0.0267705
0.0234158
0.0164906
0.162662
0.292943
0.107955
0.0257777
0.0511698
0.0735878
0.0624023
0.0954887
0.153523
0.122828
0.200941
0.00105364
0.00476562
0.000580416
0.0123566
0.133749
0.273398
0.451186
0.0886785
0.0357413
0.0339782
0.0353266
0.134798
0.451186
0.366415
0.200587
0.128292
0.0922086
0.0403656
0.0472316
0.0458797
0.12121
0.195546
0.0802519
0.143662
0.131605
0.023964
0.0622712
0.115594
0.138942
0.459696
0.101791
0.0916867
0.138245
0.063716
0.0528946
0.179997
0.371156
0.173956
0.152416
0.212083
0.237378
0.0979044
0.110939
0.24184
0.0924725
0.195046
0.2747
0.0270301
0.0232394
0.00268777
0.0580099
0.0902128
0.18759
0.351141
0.0532356
0.0115606
0.0140582
0.00010042
0.016004
0.0515966
0.250919
0.482739
0.0745814
0.115417
0.0848467
0.0313956
0.0868836
0.117527
0.0754508
0.228964
0.209936
0.0525622
0.0213326
0.0159996
0.0330625
0.0201972
0.155217
0.464612
0.288798
0.0329013
0.015886
0.000107565
0.00103199
0.0099624
0.121174
0.453669
0.0418948
0.0478832
0.0108864
2.68912e-005
0
0
0.157483
0.453669
0.0856711
0.016213
0.00306422
0.00826215
0.0144386
0.00664376
0.172827
0.412875
0.0750151
0.00166749
1.86374e-005
0.000336413
0.00403824
0.00975677
0.276216
0.453669
0.0480779
0.07473
0.00562623
0
0
0.00476319
0.0968024
0.343549
0.121921
0.13845
0.0326436
0.000467222
0.0106245
0.0303626
0.0884563
0.132374
0.184531
0.00314802
0.000136954
0
0.000321862
0.00370536
0.214444
0.564698
0.0572196
0.0195136
0.00509472
0.00656354
0.0186998
0.0186782
0.155186
0.564698
0.058953
0.122528
0.0730201
0.0124269
0.254569
0.0740236
0.023188
0.0324095
0.0886933
0.0403199
0.0510203
0.0526464
0.528566
0.16359
0.00311341
0.000107926
0.00554844
0.0216944
0.00998961
0.0265723
0.382968
0.0992935
0.0454062
0.19043
0.0261023
0.00788411
0.00556704
0.0403223
0.528566
0.236619
0.0205605
0.00907732
0.0040633
0.0911723
0.0354192
0.122492
0.484642
0.129791
0.0251679
0.0256658
0.0488911
0.274265
0.0414692
0.0921225
0.157683
0.0689866
0.163259
0.163541
0.14761
0.0421663
0.00353478
0.0489053
0.484642
0.209298
0.0840391
0.0181941
0.0932847
0.170004
0.00620869
0.044748
0.147752
0.102824
0.165873
0.182227
0.242653
0.060289
0.00575139
0.0182836
0.018891
0.0389826
0.100843
0.0881547
0.160837
0.0138594
0.0355734
0.0865605
0.133221
0.350791
0.462133
0.155819
0.0544479
0.0203579
0.0164127
0.0533246
0.139401
0.12686
0.0256367
0.00248012
0.0471075
2.44918e-005
0.032217
0.226653
0.462879
0.444707
0.0873229
0.000703647
0.00228901
0.0151212
0.0769406
0.0960678
0.123286
0.345545
0.258644
0.0947367
0.0606295
0.10874
0.208829
0.0994332
0.0515556
0.212334
0.0711833
0.16225
0.198648
0.0163227
0.0222157
0.155479
0.445719
0.343849
0.074727
0.0379262
0.0440639
0.0774433
0.0807498
0.113056
0.164651
0.187721
0.109476
0.212053
0.203083
0.197133
0.189251
0.0372437
0.0446835
0.0909486
0.046434
0.179527
0.302544
0.212714
0.144891
0.0793742
0.0670902
0.0135446
0.134418
0.18152
0.355404
0.220824
0.158493
0.105025
0.0786597
0.0793725
0.136595
0.184585
0.244311
0.292051
0.177649
0.106218
0.0590136
0.0462635
0.309034
0.105914
0.168066
0.0786343
0.027657
0.0479083
0.0503883
0.0256394
0.187243
0.201888
0.133
0.010696
0
0.00194696
0.0226126
0.051684
0.252025
0.515382
0.156448
0.100292
0.0302088
0.0600784
0.0373751
0.0302253
0.210289
0.145646
0.128116
0.0299303
0
0.00484295
0.021372
0.0501985
0.192985
0.505541
0.301357
0
0
0
0.00862244
0.0145797
0.145267
0.449106
0.0481069
0.0111906
0.00481435
0.00717134
0.00740416
0.00769994
0.232298
0.449106
0.0402
0.00196033
0
0
0.0127618
0.0228667
0.124924
0.369896
0.133522
0.0171217
0.00310748
0.00179284
0.00391007
0.0103928
0.304634
0.449106
0.0820425
0.0359162
0.0251649
0.0711541
0.191528
0.0430142
0.100018
0.365606
0.0773165
0.0249969
0.0313848
0.114338
0.445245
0.116579
0.0173205
0.0431451
0.0417605
0.0667702
0.0247023
0.0591116
0.0464824
0.0130156
0.155854
0.433987
0.169131
0.0686682
0.0587797
0.183048
0.445245
0.0964577
0.0231136
0.117242
0.121418
0.0258674
0.0353524
0.0704506
0.415059
0.0813133
0.0532216
0.0340465
0.0570564
0.068742
0.0265737
0.0226543
0.0562384
0.0241327
0.0544552
0.13425
0.213837
0.0447909
0.119179
0.189672
0.496285
0.0877199
0.0232342
0.0991555
0.144056
0.0791569
0.0825256
0.0551888
0.0794969
0.0120884
0.0189768
0.273894
0.496285
0.0244384
0.0184981
0.0497481
0.174945
0.134608
0.0303335
0.0108005
0.0337841
8.17744e-006
0.00708472
0.13483
0.49197
0.305415
0.17952
0.0728474
0.000727782
0.0146867
0.00962488
0.0236588
0.105797
0.111982
0.0886115
0.0341174
0.00923885
0.016973
0.00156471
0.0331385
0.22865
0.365973
0.49197
0.206279
0.01097
0.00609232
0.00588842
0.05691
0.263382
0.161002
0.127883
0.0494312
0.0143455
0.0367048
0.0146595
0.0580896
0.104195
0.0795594
0.0791875
0.106133
0.0711421
0.124726
0.0134367
0.0187485
0.117115
0.229503
0.462291
0.149067
0.137664
0.408634
0.0249572
0.0151242
0.0372169
0.0516805
0.154078
0.212784
0.462291
0.100591
0.0415165
0.0665615
0.0554197
0.0368566
0.0914978
0.210091
0.127049
0.0911522
0.0440206
0.0251531
0.0266545
0.0545424
0.24513
0.191912
0.107112
0.224943
0.0104122
0.00202308
0.014451
0.0324353
0.102705
0.44915
0.433573
0.0509061
0.0268599
0.0152823
0.0528918
0.0857521
0.174836
0.450509
0.185992
0.0598146
0.00897698
0.0250811
0.0268785
0.0619651
0.294232
0.172779
0.11098
0.0694762
0.000417743
0.0157396
0.0135443
0.0579285
0.176183
0.361507
0.277122
0.174476
0.0870151
0.0535369
0.0784178
0.118031
0.139905
0.203856
0.224524
0.369747
0.0951704
0.0597264
0.0396643
0.120989
0.107746
0.169758
0.410088
0.0243706
0.000236701
0.00854113
0.032841
0.0491809
0.0991644
0.341312
0.193223
0.01583
0
0.023947
0.0926872
0.077581
0.331146
0.512262
0.133363
0.159533
0.0224655
0.0193618
0.0613436
0.0781796
0.0931287
0.174838
0.283099
0.113297
0.0198411
0.0359204
0.166886
0.152896
0.200557
0.157707
0.281629
0.0658641
0.0087179
0.0257359
0.0359687
0.0521025
0.151414
0.318276
0.164159
0.177625
0.0899124
0.167214
0.512056
0.135209
0.0559551
0.195594
0.146175
0.130818
0.0171885
0.0156379
0.0496047
0.0861052
0.13437
0.168505
0.244697
0.197757
0.113815
0.105277
0.158089
0.19695
0.153424
0.250816
0.173559
0.166576
0.0809956
0.127779
0.382184
0.110019
0.0404707
0.0685597
0.150311
0.18937
0.0320487
0.0355721
0.0705971
0.0228918
0.0354592
0.22794
0.485542
0.229302
0.0952942
0.0697017
0.148903
0.151389
0.0670443
0.061609
0.0960541
0.267159
0.0580692
0.0551906
0.142457
0.150344
0.0805335
0.170271
0.310449