0.1889
0.160019
0.105263
0.0308355
0.0743783
0.0453322
0.104098
0.231834
0.165767
0.0739055
0.0222252
0.0350449
0.0669422
0.069284
0.0899938
0.145122
0.323265
0.162945
0.0643989
0.0274369
0.0351355
0.128372
0.280374
0.429256
0.218165
0.074624
0.0380639
0.0466839
0.0808361
0.155734
0.162407
0.206837
0.16691
0.143395
0.0619529
0.0894412
0.0592468
0.0433031
0.0730415
0.144031
0.152744
0.154169
0.0285399
0.0616443
0.0378108
0.136518
0.270231
0.184684
0.228478
0.0759209
0.0518889
0.112626
0.154123
0.105236
0.115116
0.221764
0.140196
0.0664094
0.0360331
0.173468
0.168159
0.149815
0.289409
0.2126
0.104321
0.0627426
0.000529778
0.0174688
0.0208192
0.118748
0.223939
0.13098
0.173758
0.0353968
0.00958473
0.0407309
0.0541327
0.0935271
0.136311
0.204916
0.0388628
0.0178527
0.00795463
0.0748309
0.077754
0.145346
0.340615
0.164608
0.153553
0.0560358
0.0197541
0.0772831
0.0832711
0.175332
0.33189
0.401817
0.10539
0.0788167
0.0448142
0.0415465
0.0456951
0.0620853
0.109262
0.131413
0.13004
0.21922
0.130129
0.108156
0.0706089
0.0484073
0.133115
0.214822
0.194415
0.163677
0.117867
0.108017
0.0660767
0.0782876
0.128202
0.254014
0.23016
0.307781
0.170096
0.132381
0.11557
0.0515877
0.107993
0.302516
0.109273
0.0982987
0.0784815
0.0674015
0.0500627
0.131251
0.212022
0.186946
0.203641
0.119931
0.0488282
0.0378516
0.0373798
0.188878
0.242571
0.119031
0.21482
0.198534
0.119139
0.0806242
0.088934
0.092899
0.118171
0.191706
0.182285
0.240022
0.245456
0.096757
0.0435116
0.168175
0.184878
0.0943193
0.118561
0.0752277
0.0239772
0.0419423
0.0677428
0.0786326
0.0435884
0.0512088
0.124582
0.134662
0.0842781
0.0629539
0.0654686
0.0723729
0.0523545
0.0748413
0.215228
0.213996
0.169536
0.0680051
0.0670583
0.0883587
0.0514338
0.0493058
0.53837
0.302434
0.120302
0.0481128
0.0653233
0.0913823
0.0653635
0.357468
0.0902507
0.124471
0.173312
0.138329
0.0611403
0.0373941
0.0347518
0.0720425
0.0736872
0.0637709
0.21277
0.15883
0.104309
0.133351
0.0710098
0.0745711
0.282567
0.166958
0.139348
0.0942787
0.122741
0.168041
0.106145
0.363513
0.115139
0.0897536
0.195457
0.130646
0.177442
0.238063
0.172819
0.132276
0.245337
0.0659845
0.0160458
0.0225118
0.0297595
0.0901481
0.163122
0.252129
0.171763
0.0585089
0.0224828
0.0200677
0.0627261
0.126653
0.143926
0.132082
0.244702
0.0610502
0.00265789
0.00562795
0.00743988
0.0502683
0.227342
0.365197
0.220334
0.0540807
0.0106316
0.00847612
0.0191407
0.106775
0.177054
0.474866
0.162477
0.0581173
0.0508836
0.0430689
0.0986953
0.131945
0.166253
0.133124
0.0766988
0.10183
0.153634
0.129863
0.0996536
0.0906744
0.12038
0.0686093
0.19557
0.0680873
0.0557959
0.0503454
0.0682701
0.131891
0.227326
0.498956
0.171755
0.173242
0.204911
0.102891
0.0689088
0.105387
0.116618
0.132954
0.036138
0.067898
0.0761239
0.0861655
0.0669898
0.0676304
0.161242
0.0803018
0.211799
0.12893
0.0387699
0.0754441
0.0665228
0.0724274
0.175597
0.214433
0.213043
0.170362
0.130013
0.0792029
0.0395855
0.0586741
0.0685219
0.0912603
0.432454
0.365454
0.087989
0.0526772
0.041649
0.0648197
0.169272
0.148917
0.134601
0.0814346
0.0340637
0.0328501
0.0183604
0.0102017
0.0378367
0.098331
0.242792
0.149465
0.0348778
0.032713
0.0245997
0.00894931
0.0452951
0.159259
0.269573
0.269856
0.0599624
0.00432537
0.00432537
0.00678579
0.0626627
0.0876783
0.548924
0.43452
0.148973
0.0512416
0.00186567
0
0.0476967
0.158493
0.157584
0.112838
0.0362554
0.0264778
0.0125251
0.00635583
0.0131167
0.0542432
0.120949
0.192394
0.0958012
0.0412444
0.0066451
0.0173919
0.0170462
0.0287834
0.342032
0.278961
0.127927
0.0358514
0.00304867
0
0.00832465
0.0630304
0.563814
0.475078
0.149353
0.028082
0.00426346
0.0104578
0.00360474
0.0495363
0.138054
0.187173
0.108175
0.0468286
0.0142714
0.0171574
0.0161477
0.06318
0.214009
0.0922706
0.070721
0.0409943
0.0541773
0.0625354
0.0520145
0.223608
0.517561
0.330123
0.0657278
0.0933038
0.0912498
0.0883814
0.0211823
0.13084
0.160174
0.0779001
0.0558764
0.236394
0.309975
0.197366
0.0471148
0.175703
0.146153
0.0305761
0.0429323
0.116279
0.190925
0.133452
0.0888099
0.210737
0.0650003
0.0553119
0.105598
0.131544
0.165246
0.0846503
0.0642871
0.0689628
0.033426
0.0150449
0.0479446
0.405769
0.428958
0.185354
0.0509654
0.0637001
0.0416914
0.083693
0.0753396
0.27964
0.252351
0.153792
0.086204
0.0605386
0.0956202
0.043346
0.020801
0.0334954
0.0381986
0.0436113
0.174734
0.311641
0.179391
0.0315259
0.00335626
0.0157167
0.0248797
0.0426621
0.0731189
0.437782
0.0497929
0.0900108
0.118963
0.0862479
0.0917011
0.257366
0.280274
0.239324
0.292359
0.156034
0.0623632
0.0461149
0.0639272
0.123227
0.0698888
0.324111
0.142337
0.037682
0.00919027
0.0282601
0.0671599
0.0520875
0.0859596
0.319646
0.141466
0.0976296
0.0369915
0.0501651
0.0904621
0.0653271
0.0713355
0.113969
0.31698
0.269538
0.0480881
0.0621843
0.0869345
0.0416057
0.0461528
0.288222
0.289873
0.432615
0.125696
0.131829
0.125348
0.0529976
0.0512473
0.181439
0.128944
0.102055
0.0311162
0.0324317
0.0256734
0.0120597
0.01245
0.062193
0.247658
0.177089
0.0594079
0.0646094
0.00720059
0.00811251
0.0312693
0.0902575
0.264088
0.243154
0.116148
0.0784801
0.051507
0.00719734
0.0093465
0.114006
0.467532
0.472712
0.254516
0.144829
0.0117067
0.00155564
0.0353108
0.211935
0.15333
0.162608
0.05195
0.0218461
0.000151866
0.00137095
0.0120715
0.0496887
0.286991
0.333245
0.0820224
0.021995
0
0
0.00297039
0.0488485
0.301336
0.34726
0.0910525
0.0404548
5.70567e-005
0.00311295
0.0280637
0.123867
0.47676
0.422829
0.0470483
0.00999576
0
0.0020753
0.0162352
0.124489
0.311945
0.32027
0.0835045
0.0120656
0
0
0.000894334
0.0241398
0.415005
0.3535
0.0693633
0.0209503
0.00492339
0.00944088
0.00437655
0.026237
0.42235
0.245995
0.0208552
0
0
0
0.00735058
0.12914
0.293861
0.182878
0.0319032
0.0486898
0.0158783
0.00236022
0.0230377
0.13883
0.271274
0.135975
0.0198191
0.151637
0.123389
0.0552221
0.0110091
0.0385506
0.0548985
0.0179055
0.0218723
0.273659
0.314696
0.0890607
0.0158499
0.0289208
0.101175
0.0627564
0.0388257
0.349612
0.154385
0.00812692
0.0234309
0.0500792
0.00738814
0.0191518
0.0410063
0.560895
0.321238
0.0250553
0.0100803
0.00197353
0.0209965
0.0156948
0.0437843
0.286348
0.363057
0.12594
0.0156263
0.0148542
0.112513
0.0927285
0.0507815
0.125929
0.146189
0.139622
0.0568845
0.0586205
0.0291724
0.0555937
0.145285
0.47082
0.293894
0.0536481
0.0146555
0.0120876
0.164344
0.203093
0.226068
0.17183
0.0953328
0.049398
0.0333874
0.0694293
0.108229
0.138964
0.0920986
0.045436
0.0313791
0.113288
0.10149
0.103913
0.133574
0.102423
0.0582997
0.0238227
0.0351441
0.0760205
0.111033
0.156263
0.345472
0.374264
0.0752262
0.0514523
0.0212
0.0437189
0.235738
0.222157
0.181598
0.213622
0.0480205
0.0777959
0.0395164
0.208173
0.337039
0.379627
0.0885278
0.142435
0.039894
0.0193538
0.032825
0.0552546
0.124283
0.0918313
0.106666
0.185445
0.087969
0.0345392
0.0750108
0.145687
0.0764059
0.0491995
0.0589582
0.101932
0.0252163
0.0494795
0.047879
0.274073
0.488
0.125069
0.0734117
0.0885792
0.0427415
0.0130748
0.105044
0.389981
0.484571
0.0466397
0.22447
0.199221
0.0844088
0.0657044
0.0652705
0.0988657
0.0328883
0.0268499
0.233316
0.373842
0.135939
0.175408
0.0742824
0.0246768
0.0755131
0.149103
0.142428
0.102575
0.0270423
0.0550037
0.0907236
0.282487
0.319191
0.0977994
0.183817
0.18066
0.0561599
0.192899
0.146435
0.151144
0.284126
0.208286
0.197716
0.31011
0.0904187
0.0777043
0.0678866
0.0333108
0.117053
0.220751
0.360201
0.220259
0.0357843
0.0329262
0.0647968
0.0305324
0.0849232
0.221236
0.140475
0.155847
0.11577
0.105927
0.134549
0.102489
0.205066
0.206144
0.221833
0.101949
0.0681653
0.0700421
0.104343
0.0713097
0.125883
0.392571
0.276724
0.0921241
0.0287117
0.0218987
0.0239338
0.00424996
0.0344307
0.234166
0.298924
0.0980571
0.0656988
0.0632054
0.0284837
0.0322675
0.0618404
0.28791
0.231074
0.0722646
0.0396968
0.0549223
0.0578613
0.0651137
0.0560597
0.32623
0.344013
0.0946849
0.0787663
0.127112
0.0981446
0.135238
0.0879672
0.438022
0.118037
0.0434875
0.0524398
0.306198
0.0776482
0.0572229
0.0716968
0.109517
0.00704389
0.0154994
0.0510031
0.530366
0.17376
0.0299308
0.0220752
0.00271295
0.173802
0.0381283
0.0425842
0.269402
0.127628
0.142133
0.116169
0.223825
0.0118488
0.0107026
0.0593804
0.405911
0.237599
0.0978775
0.0545946
0.0160961
0.0113251
0.0324787
0.0989958
0.477448
0.240954
0.0242159
0.0190389
0.0133324
0.0951069
0.115093
0.119842
0.178894
0.120455
0.0471135
0.074946
0.12316
0.0128527
0.0127319
0.0644628
0.364412
0.363155
0.0928492
0.0268141
0.018687
0.12693
0.0513403
0.0320361
0.141115
0.181116
0.106441
0.111116
0.168676
0.272783
0.151232
0.0228597
0.0334889
0.0132909
0.0167756
0.158151
0.229054
0.275974
0.162261
0.0182114
0.0736836
0.0219854
0.0996689
0.138959
0.255775
0.352543
0.0540729
0.00422065
0.00837223
0.00332274
0.00393567
0.075885
0.303891
0.470254
0.135561
0.00680445
0.0184209
0.00549634
0.00981986
0.0696877
0.28985
0.261684
0.156849
0.0108459
0.0596299
0.0342211
0.157264
0.202443
0.112912
0.158631
0.0566993
0
0.0181141
0.0580728
0.192753
0.308458
0.11025
0.534007
0.177939
0.00857733
0.0159313
0.00926807
0.0126242
0.0289657
0.181685
0.313046
0.0709914
0.0127703
0.0100773
0.0259012
0.0449127
0.0846462
0.315758
0.0654684
0.0103948
0
0.0170807
0.0584964
0.195461
0.280887
0.172162
0.0776272
0.0228491
0.012098
0.0324226
0.105248
0.191227
0.356051
0.228873
0.126099
0.0134354
0.00907807
0.0104155
0.043005
0.0917228
0.199358
0.322631
0.0470151
0.00436447
0.0143404
0.00527236
0.0987848
0.201279
0.490169
0.207714
0.0646185
0.0359651
0.021623
0.0136639
0.055594
0.0957467
0.267861
0.157916
0.0913023
0.0217037
0.0167501
0.0186418
0.018719
0.0900595
0.235193
0.281602
0.0425956
0.00486805
0.015995
0.00452067
0.0540437
0.15214
0.39452
0.134564
0.0345984
0.00121701
0.00671401
0.0118784
0.031746
0.184429
0.568576
0.296051
0.107986
0.0129961
0.0117038
0.0183892
0.0186588
0.0780791
0.109716
0.257289
0.206396
0.0384185
0.0233381
0.0593348
0.0526717
0.0944852
0.075027
0.275859
0.0107483
0.0025183
0.00481642
0.00552056
0.0132035
0.199377
0.550191
0.286129
0.0850882
0.0251972
0.036611
0.0969436
0.0293502
0.160385
0.362183
0.246825
0.123205
0.0358694
0.0238006
0.225081
0.145847
0.0721169
0.0584095
0.133746
0.010806
0.0154736
0.0982725
0.315376
0.198644
0.0569517
0.0274781
0.0259487
0.0592316
0.0290879
0.0517011
0.462924
0.135653
0.040991
0.0930157
0.107009
0.00489878
0.0104543
0.11237
0.546598
0.226206
0.086859
0.0206304
0.0308816
0.0185417
0.0519556
0.217558
0.295479
0.19977
0.0761287
0.013193
0.0231718
0.114138
0.11844
0.0945217
0.113375
0.110772
0.0975889
0.0645023
0.0968292
0.0204442
0.0434138
0.288252
0.470922
0.271564
0.113467
0.031521
0.0359419
0.107135
0.102396
0.135649
0.194933
0.130752
0.100716
0.0989863
0.122622
0.290577
0.0372513
0
0
0.00187046
0.0149596
0.0621716
0.245861
0.436282
0.13672
0.0271372
0.0280818
0.00748185
0.0159351
0.043642
0.172062
0.279626
0.0183891
0
0.000170397
0.00765225
0.0644891
0.136138
0.334621
0.463843
0.105443
0.0401866
0.0421227
0.0299274
0.0666024
0.0969573
0.229341
0.403535
0.14734
0.0447525
0.0361223
0.0022898
0.001868
0.0163271
0.118797
0.275235
0.112452
0.0366571
0.0209221
0.0121761
0.00194858
0.0544132
0.324561
0.453513
0.175542
0.0598256
0.0541835
0.00915921
0.00909313
0.0138713
0.123294
0.305861
0.165473
0.0353904
0.0309418
0.0178227
0.00323083
0.0642123
0.33871
0.207824
0.0387605
0.0289022
0.0260462
0.0374183
0.0441452
0.185346
0.361163
0.104811
0.0294208
0.0613174
0.0553907
0.106056
0.206914
0.387363
0.150919
0.25566
0.0745699
0.0434051
0.0448707
0.0430321
0.0277784
0.108109
0.41111
0.208774
0.111741
0.146846
0.178838
0.0917859
0.0748706
0.0861749
0.112768
0.0762414
0.0232627
0.0461252
0.02333
0.0694518
0.186223
0.313179
0.109826
0.0471397
0.0117292
0.00987331
0.00793737
0.037924
0.25539
0.578094
0.273313
0.0940125
0.0878344
0.0946419
0.0950923
0.0546846
0.0583264
0.0911816
0.0682892
0.051862
0.0688255
0.0344621
0.0200417
0.030076
0.221513
0.29407
0.183394
0.000232479
0.00060175
0
0.000658581
0.0120881
0.140209
0.422694
0.150034
0.0323978
0.00914209
0.0170945
0.049084
0.0171176
0.10006
0.472185
0.263885
0.00372917
0.00684048
0.00281347
0.00421458
0.034902
0.127999
0.281672
0.122811
0.0243748
0.00512887
0.00634851
0.0603972
0.0535561
0.120552
0.456124
0.205329
0.0762391
0.0335082
0.0671966
0.34541
0.074721
0.0385654
0.253796
0.189201
0.0340844
0.0215937
0.093552
0.430339
0.251079
0.0811778
0.0333312
0.0285344
0.127073
0.0315981
0.049186
0.140262
0.0487903
0.121258
0.372266
0.14938
0.122362
0.0552806
0.173064
0.235624
0.189929
0.0982261
0.11018
0.0460859
0.0158259
0.00314977
0.0815815
0.255241
0.41777
0.120412
0.0290134
0.0205508
0.0648655
0.0168145
0.0331848
0.0891405
0.172708
0.143564
0.0793268
0.0766088
0.0661225
0.024079
0.280636
0.339931
0.373315
0.103468
0.0361429
0.0457301
0.135609
0.0321609
0.114501
0.127433
0.147165
0.13298
0.110299
0.119676
0.272762
0.0482205
0.00740852
0.0132039
0.0184726
0.0688033
0.199033
0.432785
0.502809
0.122516
0.0310268
0.0152249
0.0246924
0.070235
0.143787
0.327503
0.0797413
0.124436
0.0954233
0.0604431
0.0566733
0.0361758
0.100041
0.10955
0.108289
0.093892
0.101053
0.0352637
0.0320549
0.0442478
0.082637
0.108806
0.509966
0.163711
0.0523937
0.0192668
0.0137197
0.0323312
0.0552889
0.205739
0.343805
0.166169
0.0633312
0.0155373
0.02972
0.0382183
0.0999059
0.409891
0.0664182
0.108844
0.129387
0.0256888
0.039386
0.0685949
0.0723329
0.0788546
0.0917077
0.153296
0.148495
0.0412524
0.0726326
0.100857
0.0491189
0.0991155
0.235385
0.0941051
0.0571277
0.0216962
0.0182767
0.0371024
0.090413
0.410804
0.273926
0.122054
0.131485
0.14988
0.028215
0.0436162
0.0553884
0.206025
0.14515
0.189901
0.0999489
0.037699
0.0406297
0.0461773
0.0292201
0.120907
0.399503
0.294325
0.0768884
0.0371566
0.0272652
0.0400035
0.0491228
0.160118
0.190318
0.147068
0.138052
0.190085
0.0945674
0.0455269
0.0418311
0.0918082
0.14524
0.149843
0.0765022
0.123769
0.129554
0.177061
0.180871
0.136512
0.362954
0.242936
0.0629544
0.0708218
0.100262
0.0845369
0.0906497
0.146463
0.167791
0.202401
0.0820306
0.147127
0.195789
0.13395
0.107463
0.081778
0.0522189
0.0508552
0.0204591
0.0394496
0.0617218
0.141872
0.228714
0.141668
0.0744334
0.0214034
0.0117148
0.091978
0.0587688
0.221352
0.55939
0.27978
0.156009
0.176668
0.0652768
0.0442404
0.0563145
0.0392571
0.0289347
0.0608859
0.233538
0.130224
0.0455267
0.014751
0.0273674
0.0862386
0.213679
0.215667
0.129864
0.0163189
0.0178151
0.0594606
0.0206131
0.192004
0.38604
0.192853
0.212168
0.123203
0.286589
0.155184
0.0659978
0.0914905
0.179865
0.150205
0.171536
0.0490844
0.0277018
0.00900867
0.00822004
0.0841005
0.194774
0.256626
0.272716
0.20485
0.16125
0.0525727
0.0105675
0.0414854
0.109043
0.242562
0.111481
0.105818
0.458254
0.336158
0.125747
0.0348358
0.0643987
0.0910096
0.157562
0.0383869
0.143752
0.146024
0.0781184
0.0592782
0.0938863
0.176305
0.137295
0.204643
0.234657
0.141832
0.0760627
0.0410199
0.0957573
0.128416
0.0881023
0.130046
0.15519
0.112768
0.0986366
0.067343
0.0818443
0.13933