0.222612
0.240437
0.177693
0.318863
0.130921
0.0320894
0.0450544
0.0358912
0.0970104
0.158452
0.185276
0.157055
0.136119
0.0436931
0.103106
0.130031
0.232898
0.184149
0.0890106
0.126392
0.194369
0.317908
0.239881
0.0576902
0.085096
0.0892503
0.124933
0.136655
0.193952
0.206725
0.191291
0.0952319
0.10145
0.107745
0.131492
0.0959489
0.143666
0.0969442
0.10032
0.163158
0.154144
0.0914779
0.170574
0.191269
0.160175
0.167426
0.0780676
0.111163
0.194737
0.254636
0.12675
0.118504
0.130261
0.148423
0.102879
0.127225
0.210428
0.388961
0.275873
0.184162
0.0938233
0.221714
0.089129
0.0935409
0.0442189
0.0526101
0.118805
0.174778
0.13655
0.217536
0.0807826
0.0134839
0.0406777
0.0754053
0.122949
0.115343
0.235833
0.319337
0.169897
0.0894215
0.0959346
0.226957
0.24692
0.204641
0.103284
0.201108
0.0620369
0.0469056
0.069826
0.208763
0.261222
0.220791
0.155122
0.219162
0.178177
0.203443
0.048435
0.0226528
0.0512977
0.0378745
0.106515
0.087487
0.184798
0.134714
0.0669683
0.112348
0.203144
0.133654
0.0892122
0.0246146
0.120523
0.132218
0.0465161
0.126763
0.133302
0.115434
0.0935515
0.0426507
0.0956688
0.127738
0.195066
0.446774
0.448555
0.414866
0.14034
0.0405597
0.0305956
0.0676624
0.0170261
0.059841
0.150714
0.135809
0.051964
0.0193141
0.0072087
0.0187874
0.0534882
0.0809516
0.173491
0.189334
0.0984099
0.0484869
0.0214956
0.0405214
0.20161
0.244845
0.21292
0.163028
0.0368722
0.0563593
0.030211
0.0793362
0.420649
0.315437
0.473238
0.256426
0.0240534
0.110939
0.11031
0.19547
0.0924634
0.0988081
0.172967
0.0661475
0.0234934
0.015978
0.0131397
0.0356326
0.202401
0.106904
0.242314
0.0430414
0.0345014
0.028923
0.0503922
0.127717
0.190556
0.241163
0.42563
0.154117
0.00641573
0.064733
0.0794074
0.130556
0.35025
0.260862
0.42563
0.102652
0.14441
0.100232
0.0877256
0.145631
0.12039
0.036847
0.103855
0.0625571
0.15007
0.0860009
0.0894095
0.134634
0.0127468
0.0287632
0.0766186
0.160761
0.211607
0.0569689
0.0558705
0.03398
0.267717
0.0970138
0.221418
0.18666
0.47297
0.212686
0.130015
0.069226
0.0363322
0.0212628
0.0544356
0.275501
0.422868
0.148157
0.183313
0.105254
0.0854981
0.0421416
0.028813
0.0606552
0.177034
0.401449
0.185773
0.0570885
0.0901939
0.0619738
0.0764587
0.150298
0.149941
0.156731
0.098977
0.0450154
0.212833
0.139135
0.0711631
0.0870359
0.165112
0.22581
0.105474
0.0799348
0.182451
0.181439
0.487364
0.263403
0.0752724
0.0412386
0.0535296
0.0707722
0.10072
0.101323
0.0614932
0.0543727
0.0364824
0.0282145
0.017171
0.0416836
0.272134
0.254961
0.0763872
0.0204548
0.0177225
0.0435745
0.0373431
0.0656407
0.146799
0.264962
0.385892
0.140823
0.0103246
0.00613984
0.018568
0.039506
0.480647
0.391538
0.182229
0.141785
0.0316231
0.0399602
0.186159
0.132872
0.138545
0.163404
0.0580499
0.0276017
0.01103
0.0421873
0.0624139
0.0463002
0.0803828
0.0955536
0.084931
0.0467876
0.0249286
0.106225
0.134753
0.064086
0.277966
0.177191
0.103482
0.147491
0.0411062
0.0336303
0.178201
0.121352
0.342936
0.391748
0.499413
0.254927
0.0370733
0.0973707
0.165167
0.121952
0.0558205
0.0576218
0.0956572
0.0203205
0.0177416
0.0234584
0.0275783
0.0290607
0.16692
0.203085
0.232341
0.104855
0.0386809
0.00716398
0.00122619
0.0269158
0.240803
0.228521
0.408041
0.11531
0.0369315
0.0253953
0.0323751
0.0368623
0.316081
0.440185
0.440185
0.126224
0.0575779
0
0
0.023288
0.16641
0.182665
0.120066
0.0876448
0.0212058
0.0190561
0.0247076
0.0441819
0.247014
0.349561
0.267129
0.0886107
0.00775586
0.0300148
0.0530066
0.0846159
0.170387
0.433855
0.239484
0.0601449
0.0142105
0
0.0138661
0.014468
0.321969
0.433855
0.15781
0.0216333
0.00452793
0
0.0207992
0.0254735
0.12905
0.308651
0.265249
0.0567273
0.0239112
0.041691
0.0559219
0.131482
0.135704
0.186669
0.230657
0.112195
0.190277
0.0859579
0.0504673
0.149982
0.213974
0.380614
0.0806079
0.0628508
0.141072
0.029719
0.0266572
0.0775124
0.0604801
0.164919
0.0139699
0.37815
0.380614
0.0844209
0.0356517
0.102364
0.0958863
0.0499418
0.0686003
0.266928
0.36874
0.0786301
0.0256575
0.034695
0.03533
0.0109547
0.0213582
0.2437
0.295899
0.0639038
0.0525313
0.0611556
0.0184431
0.00923667
0.0024162
0.417653
0.417653
0.0365945
0.00617503
0.0213424
0.0539182
0.016094
0.022959
0.289355
0.353258
0.0340512
0.00218438
0.0561233
0.093693
0.0566932
0.0544057
0.0665016
0.0402892
0.0353795
0.00461446
0.0419574
0.0763533
0.0958388
0.354888
0.191188
0.021994
0.0263948
0.00352614
0.0275631
0.0842932
0.0405181
0.127847
0.116619
0.0760309
0.0562602
0.025437
0.0613697
0.141404
0.321497
0.628824
0.36226
0.119563
0.132205
0.0088181
0.0264475
0.0597037
0.0916171
0.258901
0.106381
0.00391352
0.0032948
0.009396
0.0177969
0.147307
0.135015
0.166797
0.102342
0.0183496
0.0214339
0.119534
0.148735
0.162073
0.261358
0.436606
0.126561
0.0168234
0.0185177
0.0022626
0.0184213
0.198602
0.436606
0.436606
0.0683896
0.00706208
0.0211714
0.0698424
0.133099
0.116113
0.0783127
0.0953684
0.110465
0.0344735
0.0233558
0.0771247
0.09623
0.192609
0.308477
0.337672
0.167549
0.0225066
0.0135617
0.0242416
0.0590783
0.0922185
0.413378
0.2542
0.0778685
0.0182662
0.0345204
0.0524482
0.0855059
0.233475
0.413378
0.336939
0.10726
0.0120677
0.0253023
0.0259654
0.0926054
0.165745
0.329726
0.267604
0.0824166
0.013323
0.00279523
0.00510409
0.0165917
0.228171
0.389684
0.285045
0.0496287
0.0196371
0
0.000110641
0.00986477
0.164911
0.389684
0.171538
0.0291392
0
0.0210027
0.0585117
0.0877664
0.24917
0.389684
0.0817776
0.00671282
0.00150525
0.0263121
0.070697
0.104702
0.182738
0.473869
0.180071
0.0272219
0.00403206
0
0.000746792
0.0133804
0.245141
0.473869
0.037211
0.00634675
0.00116642
0
0.00192166
0.0214355
0.201771
0.426967
0.0500523
0.00101731
0.00796716
0.0572096
0.0538477
0.130775
0.19587
0.243169
0.0377311
0.00251472
0.0116008
0.0507915
0.052907
0.148448
0.117216
0.192808
0.00760638
0.120836
0.160002
0.00761152
0.00480818
0.0164979
0.013934
0.0373233
0.00138316
0.438561
0.438561
0.0194725
0.0056713
0.0105224
0.0904723
0.0689864
0.0177936
0.155704
0.176991
0.0297195
0.0452505
0.13564
0.00471015
0.00408474
0.0143643
0.438561
0.438561
0.0310731
0.0220109
0.0422738
0
0.00114349
0.00653334
0.408571
0.408571
0.00662848
0.000757998
0.000991227
0.0318567
0.0123051
0.031925
0.249056
0.22397
0.00792244
0
0.0398757
0
0.00528855
0.015282
0.408571
0.408571
0.0109683
0.00178848
0.00339618
0.0689501
0.0488276
0.064458
0.285902
0.281339
0.00859515
0.0221273
0.0507557
0.0266535
0.0320658
0.138889
0.103545
0.0879169
0.0180766
0.0327721
0.0308496
0.0602685
0.224363
0.481175
0.213064
0.131
0.0475107
0.0803564
0.032714
0.013556
0.0298351
0.136866
0.116588
0.129774
0.0608629
0.0836749
0.0441333
0.0427827
0.109464
0.383213
0.149365
0.174619
0.0988981
0.481175
0.187398
0.0875742
0.213478
0.362632
0.0827637
0.0331351
0.0143591
0.0431195
0.0369548
0.0985921
0.397176
0.28033
0.103582
0.0674201
0.0411585
0.0786941
0.0374726
0.0359824
0.075701
0.147102
0.0660151
0.0612137
0.0646764
0.397176
0.107707
0.0240059
0.150663
0.0984177
0.138814
0.157495
0.201746
0.397176
0.0902525
0.0501002
0.375939
0.135521
0.0681872
0.0508935
0.056228
0.0702849
0.0281816
0.153043
0.375939
0.0820171
0.113339
0.0663137
0.108873
0.0779492
0.108169
0.022574
0.140378
0.0393207
0.0720096
0.100483
0.160109
0.375939
0.133417
0.113236
0.138039
0.0190331
0.0909761
0.120986
0.237317
0.375939
0.302415
0.164911
0.28232
0.0908577
0.0456614
0.0257236
0.0803361
0.1663
0.193208
0.178855
0.268964
0.0834221
0.0272895
0.0150819
0.0797072
0.189421
0.169134
0.204651
0.236373
0.0722694
0.0426105
0.0476519
0.173344
0.341145
0.233878
0.210534
0.251824
0.0986008
0.0409342
0.0176669
0.102566
0.337018
0.198273
0.117814
0.199936
0.0821738
0.0642867
0.0717694
0.13924
0.10203
0.14106
0.165556
0.341564
0.113698
0.114077
0.115793
0.117208
0.15068
0.164903
0.1699
0.163405
0.113208
0.0960093
0.086093
0.137056
0.212832
0.175178
0.199233
0.227355
0.132673
0.170691
0.14555
0.121419
0.284757
0.39684
0.0821088
0.111493
0.051184
0.14473
0.164997
0.0666963
0.098943
0.12964
0.00655562
0.00161405
0.0340836
0.41071
0.41071
0.0522863
0.0316345
0.0349933
0.168835
0.0912287
0.0974965
0.197086
0.186678
0.057207
0.114195
0.177988
0.0489327
0.0233528
0.0620459
0.41071
0.41071
0.0478454
0.0144614
0.0118235
0
0.00303425
0.0071121
0.399883
0.408826
0.0192162
0.0104141
0.00730933
0.100398
0.0495691
0.0194165
0.161169
0.246902
0.0562543
0.0696618
0.0649061
0
0
0.000752911
0.408826
0.408826
0.0314379
0.0227084
0.0101406
0.0527991
0.0284831
0.00951014
0.166209
0.32789
0.126233
0.144119
0.0916685
0.0435501
0.0462404
0.0861585
0.0606436
0.0714054
0.0941643
0.0835701
0.0711671
0.0782069
0.101605
0.114956
0.0637013
0.0613651
0.146218
0.50636
0.227371
0.115901
0.231201
0.258637
0.222275
0.0686438
0.0596495
0.0251644
0.03369
0.193845
0.340088
0.20547
0.26287
0.0472507
0.14297
0.202739
0.118071
0.0309832
0.0876114
0.0404495
0.0522283
0.0712478
0.144821
0.471656
0.104465
0.0215367
0.112392
0.0318937
0.0776513
0.168493
0.336279
0.481823
0.102334
0.107558
0.168603
0.042656
0.11333
0.0750288
0.123418
0.13836
0.093716
0.0869638
0.180832
0.0596542
0.198453
0.192476
0.17467
0.114413
0.0918467
0.0187879
0.0301523
0.0237082
0.0286086
0.0592167
0.174598
0.410829
0.103122
0.0520329
0.0362561
0.0209409
0.0128925
0.0544288
0.27745
0.410829
0.272062
0.118518
0.0606322
0.0427127
0.0690642
0.0732438
0.102231
0.202149
0.0734532
0.130211
0.0521077
0.0397988
0.0377042
0.0493605
0.307926
0.410829
0.202044
0.0541175
0.0711781
0.0124055
0.00247279
0.0225233
0.150243
0.366642
0.180668
0.0560751
0.0669887
0.0115007
0.00426332
0.0128568
0.0969459
0.366642
0.22844
0.0168435
0.0161982
0.010133
0.0303239
0.0472848
0.2051
0.366642
0.227958
0.0122772
0.00280895
0.00153847
0.0085624
0.0572874
0.265895
0.366642
0.347144
0.0754747
0.0437035
0.0186134
0.0109705
0.0102696
0.0692939
0.284136
0.2009
0.103116
0.0357278
0.0222597
0.0210637
0.0152712
0.0249965
0.117389
0.254146
0.0185755
0.000730261
0
0.000914052
0.0199133
0.262441
0.442711
0.334117
0.0333302
0.00195445
0.00258732
0.00181762
0.00140044
0.201293
0.442711
0.339388
0.105324
0.0266872
0.0308137
0.12696
0.118938
0.00965397
0.0296064
0.111574
0.0336452
0.0162508
0.0203675
0.438985
0.438985
0.00869194
0.000953755
0.00639852
0.0286481
0.000965385
0.0254015
0.135085
0.114402
0.0448495
0.215156
0.198952
0.0109237
0.000145069
0.0429857
0.438985
0.438985
0.00287645
0.0492277
0.0479453
0
0
0
0.3518
0.405358
0.0255342
0.0114874
0.00254515
0.0137112
0.0112781
0.0119294
0.130471
0.288993
0.0732787
0.065328
0.0472277
0
0
0.00844256
0.405358
0.405358
0.00913833
0.00326083
0.000576575
0.0127272
0.016156
0.0141315
0.340419
0.333641
0.0271141
0.00836301
0.0267511
0.115119
0.335585
0.244214
0.164887
0.0702688
0.0883446
0.0222148
0.0193271
0.13021
0.238912
0.125854
0.208653
0.113544
0.160966
0.196618
0.089656
0.125059
0.304738
0.309503
0.103514
0.107047
0.143767
0.115591
0.0869435
0.127477
0.125793
0.113892
0.123284
0.16305
0.218967
0.284407
0.120949
0.133804
0.113794
0.042601
0.128006
0.113994
0.0898975
0.18314
0.143891
0.149455
0.155436
0.0920859
0.246299
0.182442
0.125933
0.114369
0.169805
0.0709375
0.0998757
0.13119
0.15551
0.204384
0.100962
0.206966
0.100673
0.0954928
0.157185
0.155841
0.235491
0.301063
0.297018
0.288679
0.260025
0.193604
0.135872
0.040625
0.107804
0.0873085
0.105139
0.123971
0.111697
0.235923
0.0980613
0.0248523
0.078787
0.0839569
0.290922
0.306911
0.213975
0.0661568
0.0882521
0.0355043
0.119193
0.171631
0.345672
0.261513
0.155998
0.0700562
0.0790286
0.0309584
0.153343
0.228966
0.257769
0.305585
0.0965639
0.0466549
0.0108115
0.0186079
0.0516133
0.0624565
0.212077
0.344744
0.211254
0.0296538
0.000876844
0.0111387
0.0295319
0.0926023
0.318711
0.460393
0.367559
0.0254884
0.0380149
0.0661831
0.11431
0.160394
0.0805513
0.174895
0.0623389
0.0216496
0.0644813
0.10091
0.18377
0.159016
0.149488
0.272619
0.144835
0.0108883
1.72085e-005
0.000224274
0.00562757
0.0286111
0.232819
0.423864
0.185563
0.0106982
6.8834e-005
0.000499261
0.000218852
0.0061427
0.239906
0.423864
0.288873
0.0189428
0.0353466
0.0207131
0.0431657
0.0335725
0.119114
0.226651
0.148601
0.0232572
0.0112615
0.00296793
0.0181149
0.0135521
0.19066
0.423864
0.241061
0.0156473
0.0114845
0.0349561
0.065831
0.0377777
0.0741966
0.381257
0.234034
0.0250733
0.0464447
0.110078
0.381257
0.331164
0.0184439
0.192773
0.075579
0.0178788
0.0231081
0.0230546
0.0164172
0.0175607
0.127016
0.381257
0.172342
0.0436098
0.100876
0.117123
0.19785
0.112301
0.0782579
0.381257
0.117948
0.00712771
0.0170008
0.0435562
0.39371
0.39371
0
0.0132104
0.00352
0.00988199
0.0131001
0.0170524
0.291764
0.292075
0.0129438
0.0021943
0.0124491
0.0236575
0.0677642
0.0993997
0.312464
0.377569
0.0316909
0.083935
0.0223791
0.0240773
0.0322761
0.048531
0.232272
0.39371
0.0204615
0.00852641
0.00759696
0.0859292
0.0798507
0.175816
0.164376
0.0998772
0.073717
0.125253
0.0937396
0.154347
0.0665596
0.0734042
0.0894767
0.0733021
0.135585
0.299421
0.198229
0.0481516
0.00936566
0.119376
0.185418
0.182428
0.124302
0.205702
0.0799485
0.208513
0.175119
0.123767
0.120366
0.12989
0.150343
0.319059
0.488896
0.0610374
0.119574
0.109087
0.113439
0.134195
0.0807755
0.102437
0.0802578
0.0384042
0.148571
0.144326
0.179291
0.27461
0.162398
0.184984
0.135113
0.16335
0.218795
0.100574
0.159801
0.111914
0.0625898
0.127107
0.33684
0.124163
0.224351
0.289995
0.289922
0.239946
0.0744302
0.113368
0.250636
0.0198335
0.0455826
0.0404324
0.138609
0.263628
0.233069
0.183656
0.108494
0.0503668
0.105309
0.0564099
0.181351
0.315125
0.23477
0.197546
0.0628618
0.0494145
0.0888829
0.148415
0.16913
0.297432
0.145649
0.0637102
0.149176
0.20324
0.213684
0.0810686
0.169543
0.326661
0.223881
0.0664562
0.166779
0.063694
0.162107
0.198146
0.243318
0.22826
0.1296
0.108382
0.0228391
0.118084
0.171796
0.273204
0.35517
0.16391
0.0452577
0.0557981
0.0517963
0.23283
0.279412
0.166926
0.163145
0.149292
0.186895
0.0594339
0.0916026
0.202597
0.15964
0.226894
0.199487
0.117836
0.0824334
0.0347563
0.0888817
0.158936
0.136669
0.0932308
0.122772
0.0341749
0.0456837
0.108535
0.170124
0.14263
0.128774
0.0820384
0.117819
0.0354713
0.290372
0.426493
0.312206
0.254844
0.157026
0.10955
0.117757
0.0706079
0.034901
0.0500693
0.136678
0.256994
0.225378
0.113782
0.213547
0.145762
0.153918
0.111022
0.155242
0.0647419
0.0576725
0.0473109
0.0360728
0.0238808
0.177561
0.369034
0.184642
0.0798285
0.112131
0.0747927
0.0626094
0.063291
0.121024
0.504153
0.29151
0.11562
0.141486
0.0854214
0.0996447
0.0603114
0.0975978
0.111126
0.080673
0.156124
0.27506
0.127939
0.0393507
0.038096
0.0660992
0.281036
0.255229
0.102102
0.225305
0.14913
0.194439
0.262264
0.0695145
0.228252
0.132825
0.0868351
0.225252
0.151766
0.221152
0.392793
0.057888
0.00519539
0.0069633
0.158564
0.304743
0.173723
0.0220315
0.0931815
0.0780967
0.153147
0.166683
0.0851052
0.269285
0.168238
0.0623161
0.231064
0.101103
0.00450409
0.0154467