0.0911432
0.101328
0.164481
0.184601
0.0668316
0.0590315
0.00257354
0.0163366
0.218939
0.146905
0.110474
0.193205
0.068498
0.0790819
0.0415128
0.0279572
0.329469
0.151506
0.104156
0.112957
0.0519051
0.0545991
0.031002
0.263401
0.495403
0.189999
0.124214
0.0818843
0.040689
0.0897024
0.100068
0.327529
0.183748
0.147307
0.123169
0.20915
0.0788947
0.0694573
0.0584209
0.0329606
0.111197
0.170467
0.196853
0.151562
0.116227
0.139578
0.0480633
0.035545
0.326127
0.175321
0.101917
0.0497005
0.0842323
0.12448
0.127939
0.29228
0.342665
0.151159
0.138522
0.169688
0.141545
0.245468
0.0909241
0.177027
0.0769998
0.113742
0.192105
0.120921
0.0839583
0.0778018
0.0186758
0.0487042
0.146648
0.286264
0.268965
0.0898102
0.0435654
0.0242818
0.0186345
0.139839
0.191654
0.0975751
0.175489
0.221384
0.165626
0.129215
0.117063
0.0905467
0.216608
0.17916
0.251555
0.152982
0.161921
0.0732213
0.218296
0.375407
0.0663515
0.221852
0.183338
0.0552362
0.0175538
0.0167016
0.0102049
0.0503872
0.044289
0.176001
0.182402
0.115529
0.0300344
0.0138736
0.00254378
0.0124891
0.236447
0.147649
0.105997
0.0504322
0.0332634
0.013028
0.0481632
0.340721
0.576687
0.19641
0.0759797
0.0482158
0.0116193
0.0159057
0.0355835
0.349471
0.0212369
0.0404838
0.040747
0.0404484
0.0279405
0.0172268
0.00327706
0.0144284
0.0601874
0.0984178
0.0491821
0.0166974
0.032154
0.0253538
0.0362277
0.025515
0.309244
0.224173
0.034159
0.0197773
0.0134496
0.0114246
0.0281428
0.118212
0.377269
0.763399
0.0769644
0.0132892
0.0136361
0.0115047
0.0220912
0.065194
0.0610159
0.139965
0.0651735
0.0137616
0.0133181
0.0150011
0.0170401
0.00963733
0.0753956
0.163893
0.295575
0.281311
0.0903097
0.0538631
0.0107365
0.00592174
0.251949
0.540392
0.0944112
0.00273918
0.00110535
0.00297638
0.0158324
0.0190392
0.271647
0.397787
0.308898
0.0794191
0.0342804
0.055032
0.0429121
0.0312823
0.102399
0.0678313
0.287896
0.413978
0.260988
0.178833
0.0889761
0.0174155
0.0666249
0.0108133
0.0255756
0.0800927
0.183014
0.15842
0.15635
0.12519
0.253118
0.163495
0.312446
0.21106
0.191855
0.215367
0.0761242
0.0504956
0.0728403
0.0259674
0.0744228
0.172724
0.196355
0.120426
0.0806091
0.0358683
0.421411
0.0581322
0.0177815
0.022212
0.00744043
0.00683545
0.0381726
0.329676
0.496709
0.0828549
0.0300695
0.0108206
0.00818873
0.0214968
0.0593038
0.354003
0.263305
0.0267309
0.00221933
0
0.0046149
0.115823
0.0732596
0.199922
0.175442
0.0379161
0.00839457
0
0.0198894
0.118893
0.130474
0.145911
0.316603
0.0906946
0.049133
0.00353081
0.0184148
0.0402427
0.0778522
0.393175
0.422339
0.166905
0.0684015
0.0490439
0.0237348
0.0903834
0.0862411
0.288751
0.177437
0.0489083
0.023481
0
0.0133492
0.0410381
0.104719
0.200071
0.293734
0.222065
0.0532615
0.0121722
0.0153787
0.0225439
0.0589145
0.206125
0.121626
0.0812594
0.0429107
0.0464727
0.0391364
0.0463002
0.0978711
0.120454
0.161027
0.0628049
0.0363514
0.0292555
0.0515853
0.038833
0.174176
0.416289
0.137005
0.209494
0.0651498
0.00569033
0.008676
0.0276347
0.0400363
0.0888866
0.317655
0.599367
0.16693
0.00441558
0.00279441
0.0184782
0.0573324
0.21686
0.161552
0.0505207
0.00910594
0.00464908
0.00456581
0.00279827
0.0199901
0.211394
0.410326
0.179703
0.0149688
0.00337906
0.000649777
0.00149317
0.00732207
0.171093
0.215356
0.328569
0.0680008
0.00565385
0
0.000293637
0.010574
0.0958338
0.401513
0.552069
0.057967
0.00376923
0.00728873
0.00675064
0.00731806
0.0604274
0.268453
0.194297
0.0215921
0.00781538
0.000960624
0.000901185
0.00781543
0.0487802
0.24905
0.436104
0.034684
0.0107921
0.00118263
0.000411401
0.0021614
0.0202978
0.252284
0.464366
0.0441599
0.00955043
0.00369437
0.00338838
0.00111858
0.0144135
0.282568
0.472658
0.0369807
0.0150884
0.00102853
0.0016577
0.00174628
0.0119485
0.229086
0.389369
0.036343
0.00627257
0.0119892
0.00857533
0.0205631
0.0283799
0.166473
0.171664
0.0593784
0.0987377
0.12684
0.0603897
0.0771082
0.0398321
0.250295
0.385445
0.00731029
0.0652754
0.0833426
0.0275684
0.0200544
0.0251712
0.118352
0.0896581
0.00469335
0.402864
0.475469
0.0807132
0.0542547
0.0299406
0.054419
0.0469966
0.070099
0.226708
0.183133
0.0985776
0.035166
0.0174503
0.0637533
0.0463497
0.0621059
0.17918
0.0857571
0.0328898
0.0256723
0.0578687
0.0104547
0.013558
0.0311637
0.55898
0.490572
0.0867463
0.0197109
0.00617588
0.0935248
0.0701573
0.0813692
0.378789
0.209697
0.0324698
0.0173592
0.0730314
0.195072
0.0492538
0.00890943
0
0.00531279
0.114835
0.0567208
0.203442
0.150005
0.0946016
0.0174937
0
0.0193464
0.096685
0.0974136
0.127828
0.156398
0.0495502
0.101485
0.0604947
0.0302057
0.0713532
0.117239
0.417999
0.348087
0.460429
0.292968
0.0574898
0.0215616
0.0404619
0.0531421
0.23392
0.11397
0.0681166
0.00831504
0
0.0032228
0.00742857
0.0270044
0.0415509
0.142816
0.274317
0.0635062
0.0120153
0.00669165
0.00197475
0.00735307
0.0264662
0.272761
0.341484
0.116252
0.00828806
0.00768785
0.000666919
0.00771503
0.0338191
0.365291
0.67037
0.153386
0.0285273
0.0122781
0
0.00150942
0.00746274
0.0730066
0.22117
0.0800738
0.00908203
0.00336524
0.0023965
0.00140273
0.00529576
0.142779
0.416911
0.110505
0.00291058
0.000337903
0.00160476
0.00180262
0.00566196
0.178908
0.535392
0.0985066
0.0236443
0.00869909
0
0
0.00690938
0.196318
0.535392
0.121153
0.0459627
0.010502
0.0147093
0.0542814
0.0751269
0.115449
0.369041
0.0521343
0.00289743
0
0.000117513
0.0059171
0.00253712
0.200671
0.468058
0.0249805
0.00193162
0.00373525
0.00351114
0.00834641
0.00125178
0.116668
0.460537
0.040391
0.0111107
0.00119911
0.0267853
0.115405
0.0925301
0.253699
0.460165
0.0158592
0
0
0.0177544
0.100946
0.0667109
0.266871
0.57065
0.0234004
0.00217078
0.0056011
0.00437718
0.00361379
0.00809045
0.216811
0.435419
0.0229991
0.00978444
0.0138429
0.00570002
0.00818245
0.0157463
0.306962
0.28807
0.0120021
0.000677282
0.0053573
0.026066
0.0964061
0.125355
0.241967
0.14675
0.0221498
0.0127556
0.021247
0.0337111
0.0979857
0.102356
0.0790321
0.107189
0.00333731
0.0935795
0.0982699
0.0111751
0.00494438
0.00618542
0.0232886
0.0133758
0.0018656
0.431268
0.439019
0.0192268
0.0040143
0.00336215
0.127706
0.0468494
0.00670708
0.136626
0.0964071
0.00812354
0.0498628
0.0591697
0.0284805
0.00104536
0.000784988
0.504446
0.472839
0.0113754
0.0351915
0.0347023
0.00196336
0.0109381
0.0080988
0.366773
0.405138
0.0263314
0.00059775
0.000473132
0.0276072
0.0353163
0.0173804
0.210696
0.25667
0.0391176
0.0163875
0.0427606
0.00559164
0.0401582
0.0244632
0.419724
0.430802
0.0375024
0.00872124
0.00180209
0.0252884
0.0646385
0.0572319
0.231888
0.301436
0.0916867
0.0438475
0.0458988
0.0373535
0.089992
0.166339
0.151417
0.061325
0.0527794
0.0562555
0.111293
0.131498
0.320537
0.288056
0.135589
0.0734832
0.155053
0.0428095
0.0608771
0.109808
0.150409
0.181215
0.214343
0.12857
0.074717
0.0684443
0.098983
0.0747588
0.123832
0.129779
0.143771
0.147614
0.404671
0.38733
0.174248
0.131131
0.227138
0.104078
0.0303219
0.0475012
0.0686212
0.0239854
0.0176044
0.177984
0.452162
0.133378
0.0655393
0.0832023
0.101036
0.0960809
0.0136316
0.0661739
0.0600636
0.0240174
0.027417
0.0607057
0.221183
0.247145
0.0912217
0.0668711
0.110059
0.0604839
0.0521041
0.109148
0.269607
0.56539
0.0978112
0.135142
0.352965
0.0582486
0.0517004
0.0571795
0.0453777
0.0737313
0.0214334
0.127706
0.359298
0.093231
0.129062
0.1056
0.0740102
0.0947661
0.112028
0.0626565
0.0768153
0.0261047
0.0428916
0.0704608
0.134894
0.448498
0.0997921
0.142427
0.0846714
0.0426321
0.0985975
0.143095
0.186663
0.453233
0.189115
0.0744626
0.24977
0.0761498
0.0669184
0.028533
0.117828
0.217081
0.163309
0.175584
0.317724
0.0764356
0.0260516
0.00878816
0.106559
0.256007
0.110291
0.204797
0.186905
0.0627876
0.0673259
0.0425465
0.155782
0.320633
0.159993
0.222475
0.234097
0.0800381
0.0390773
0.0143327
0.135413
0.390902
0.170131
0.186583
0.201399
0.0738658
0.0583551
0.0219577
0.0985121
0.195452
0.140892
0.218929
0.242727
0.135092
0.110825
0.0433613
0.115004
0.169551
0.123957
0.253818
0.207599
0.0970339
0.0892742
0.0415405
0.119763
0.233849
0.173306
0.253127
0.25642
0.198612
0.164852
0.108569
0.241423
0.234414
0.209315
0.134063
0.0933346
0.0533684
0.0990671
0.0820005
0.0448504
0.111156
0.0946544
0.0266885
0.00387615
0.0160854
0.399619
0.34651
0.0298523
0.0796719
0.0465727
0.159713
0.118513
0.117243
0.101728
0.14941
0.1099
0.127718
0.136471
0.0520342
0.0459638
0.0634181
0.444565
0.496689
0.0514674
0.0409714
0.0272054
0.00202123
0.0115455
0.0247638
0.369175
0.275924
0.0166961
0.00820776
0.00434233
0.00858997
0.0187561
0.0654489
0.287339
0.211215
0.0529041
0.0224604
0.0133027
0.0016545
0
0.013985
0.466793
0.390479
0.0242121
0.0057797
0.00823526
0.00999451
0.000169206
0.0371831
0.352528
0.307384
0.0594915
0.0436785
0.045635
0.0916872
0.121376
0.0489544
0.114836
0.0861628
0.05109
0.0764653
0.120284
0.186649
0.05642
0.0407622
0.0598737
0.0524717
0.16977
0.318254
0.222039
0.130387
0.125405
0.0343328
0.154117
0.25568
0.052302
0.0854873
0.196111
0.305292
0.141012
0.156857
0.277768
0.39349
0.0378709
0.0973333
0.253485
0.0922792
0.0310545
0.00814177
0.00583329
0.0202046
0.134053
0.248543
0.113478
0.0639742
0.0324624
0.00837002
0.0024923
0.0484852
0.162945
0.452069
0.165638
0.259134
0.0724697
0.0477577
0.0567239
0.0682622
0.037557
0.0994205
0.246366
0.289699
0.0575777
0.012555
0
0.029341
0.0534019
0.203168
0.529817
0.0231828
0.0063792
0.00170969
0.00457007
0.0298277
0.0875884
0.332388
0.135599
0.0549585
0.0132043
0.000285961
0.00877354
0.0461784
0.122797
0.494487
0.161273
0.0660569
0.0094985
0.00256454
0.00212356
0.0268029
0.0355715
0.185543
0.37573
0.0199505
0.00062994
0
0.00318533
0.0431723
0.0881403
0.50447
0.273073
0.0824011
0.0452173
0.00402476
0.00596618
0.00967437
0.0733793
0.397277
0.0919635
0.092128
0.0463346
0.00699872
0.00448884
0.00475624
0.0437757
0.417212
0.143049
0.00220739
0
0
0.00139106
0.0231298
0.0978338
0.487567
0.120279
0.00236832
0.000881237
0.000263896
0.00391462
0.0220085
0.0849139
0.50825
0.183471
0.128834
0.0601873
0.016927
0.0141049
0.0134386
0.038491
0.222957
0.131835
0.132705
0.0677664
0.0329314
0.0254181
0.036023
0.103671
0.15246
0.159515
0.00895062
0.00708074
0.0011889
0.00229707
0.0178017
0.0425454
0.597508
0.23553
0.0318519
0.0086859
0.00080977
0.00223123
0.0222146
0.047959
0.536656
0.245707
0.101526
0.0505747
0.0283414
0.0802866
0.112893
0.0484445
0.0617956
0.0913381
0.0389909
0.0316093
0.0198536
0.395297
0.441082
0.0201927
0.00336039
0.0108121
0.0276495
0.00943624
0.00165349
0.144542
0.111721
0.0227043
0.148443
0.0854241
0.0104134
0.0104646
0.00247521
0.521612
0.458076
0.00557539
0.021286
0.0138127
0.000518588
0
0.00905616
0.366446
0.364719
0.015999
0.00634217
0.00298619
0.0178563
0.00389885
0.0281066
0.230307
0.236964
0.04651
0.0468739
0.0353398
0
0.00148817
0.0176893
0.522409
0.388173
0.00687316
0.00195592
0.000189828
0.0231512
0.0170703
0.0552417
0.2946
0.211341
0.053047
0.0280163
0.0111258
0.0466848
0.0331285
0.0176115
0.133925
0.172983
0.0319511
0.0219461
0.0372326
0.0594991
0.045082
0.0546637
0.25813
0.377011
0.0136522
0.0104137
0.0503552
0.0302532
0.0311329
0.0476525
0.291854
0.204496
0.0328051
0.0285221
0.00455735
0.028457
0.040354
0.082216
0.518517
0.507905
0.0171509
0.00403
0.00210957
0.25028
0.107416
0.0602558
0.168762
0.270671
0.0289536
0.0292772
0.168788
0.321044
0.0688855
0.00754427
0.0021659
0.0398279
0.0300094
0.135009
0.409658
0.0904837
0.0908832
0.142923
0.403026
0.404492
0.0326918
0.00668996
0.0149252
0.110835
0.0712315
0.0472123
0.0480631
0.0477532
0.0432467
0.0756071
0.0882239
0.117789
0.0213051
0.0012699
0.00294217
0.0131599
0.020486
0.179083
0.379064
0.0464025
0.007437
0.000150225
0.00560887
0.0248586
0.0712348
0.679999
0.38517
0.0757565
0.0316088
0.0182366
0.0184791
0.0177843
0.030646
0.0787326
0.0664564
0.0492506
0.0299671
0.0347619
0.0371203
0.0358385
0.0345163
0.252089
0.149121
0.000874292
0
0
0.00150201
0.0195618
0.0888235
0.446094
0.143257
0.00010603
0
0
0.00331144
0.0381602
0.120221
0.55814
0.169026
0.0100144
0.0281146
0.0297003
0.0161791
0.0176121
0.0552975
0.257732
0.0890072
0.0484085
0.0511479
0.0228692
0.0157734
0.0281676
0.0881754
0.481431
0.185657
0.00337255
0.00349036
0
0.000786106
0.0347418
0.0382044
0.368871
0.1498
0.0150494
0.00563001
0
0.000256999
0.0166469
0.0371864
0.492092
0.18927
0.0274777
0.0159133
0.00232017
0.0016825
0.0237952
0.0311272
0.425787
0.168696
0.0237487
0.00714673
0.00022717
0
0.00905706
0.0428464
0.502162
0.205715
0.0270568
0.0254885
0.017344
0.100339
0.0587997
0.0233983
0.350566
0.154505
0.0214608
0.0459219
0.0536249
0.491162
0.316067
0.00732288
0.0867891
0.0672168
0.0478262
0.0301659
0.0207657
0.0231611
0.0269232
0.0806466
0.4646
0.189626
0.057289
0.0883145
0.0833388
0.2278
0.210774
0.0944908
0.161903
0.105723
0.00209765
0.00931486
0.0231836
0.465279
0.309984
0.00037101
0
0.00608156
0.0140274
0.0134395
0.0275758
0.291882
0.193879
0.0296094
0.017416
0.00469726
0.0117647
0.0294942
0.0457798
0.424519
0.316636
0.0215951
0.0213284
0.0123792
0.0148124
0.00804828
0.0391986
0.397791
0.244992
0.0073705
0.0138717
0.0036305
0.0224643
0.0229656
0.0531098
0.236949
0.172783
0.020472
0.0241876
0.0158132
0.0393032
0.0276845
0.0439857
0.533687
0.348675
0.00911094
0.0169658
0.0220626
0.0502614
0.0150683
0.0622967
0.160901
0.163494
0.0923524
0.0249569
0.0630991
0.0393305
0.0172012
0.0620751
0.52307
0.27584
0.0692736
0.0174838
0.0885617
0.106265
0.0806741
0.115046
0.520356
0.291209
0.0105669
0.00915051
0.0173447
0.0913613
0.0686893
0.104822
0.0826111
0.029374
0.053529
0.0548306
0.0594897
0.062494
0.108999
0.13194
0.489018
0.26177
0.057466
0.00566596
0.0322791
0.0936945
0.136733
0.249165
0.150856
0.0617009
0.0590203
0.0277898
0.0552329
0.175199
0.0622212
0.114018
0.054964
0.0552098
0.108887
0.138359
0.118075
0.168156
0.142327
0.158079
0.101031
0.0792507
0.100109
0.145606
0.121231
0.193317
0.220467
0.287365
0.158164
0.0930477
0.11099
0.136448
0.14646
0.255532
0.253908
0.192024
0.149698
0.0704452
0.25732
0.171457
0.17358
0.0575768
0.212229
0.169015
0.0586083
0.0292766
0.0678368
0.112857
0.0932743
0.169207
0.327179
0.149599
0.0390514
0.0160515
0.0742268
0.39734
0.240473
0.145087
0.225651
0.245793
0.113128
0.0230647
0.115492
0.0545941
0.103732
0.144933
0.326773
0.237409
0.058494
0.0192446
0.0399743
0.0397638
0.070008
0.0558516
0.0577864
0.019481
0.00299004
0.00183699
0.0142536
0.365373
0.157556
0.0266522
0.0240002
0.00545566
0.00254198
0.00254198
0.0238503
0.732976
0.334638
0.0450329
0.0750577
0.0474392
0.0118018
0.0107706
0.00574831
0.0475487
0.0349005
0.0321932
0.0655741
0.0403632
0.027908
0.0226848
0.00475314
0.244127
0.17314
0.0184343
0.0102834
0.00247983
0.00256175
0.0206008
0.0548625
0.477826
0.209025
0.0493513
0.0598024
0.040436
0.061261
0.0897713
0.095849
0.321468
0.18991
0.015047
0.0345916
0.0141337
0.00982491
0.0149057
0.0181035
0.324996
0.180928
0.058989
0.0471222
0.0270827
0.0144607
0.018777
0.0346676
0.466396
0.362044
0.0748025
0.0918968
0.125285
0.38644
0.214975
0.0443356
0.103138
0.0972738
0.0445881
0.0403184
0.132511
0.475022
0.21456
0.00836135
0.00539465
0.00339751
0.136635
0.117998
0.113159
0.168244
0.0710513
0.0210448
0.220864
0.334981
0.0983741
0.102111
0.14451
0.285233
0.117839
0.012807
0.00924691
0.0556986