0.0804757
0.247408
0.133984
0.246423
0.0860689
0.086058
0.067034
0.0853138
0.0956844
0.15255
0.120548
0.212935
0.112321
0.160983
0.174651
0.0637927
0.0722019
0.124288
0.0429091
0.247676
0.260128
0.24363
0.0552872
0.0368962
0.151997
0.0875737
0.164489
0.211467
0.149807
0.300975
0.13198
0.0702562
0.0900719
0.0862311
0.0856067
0.140177
0.143063
0.148053
0.172895
0.0947334
0.0858555
0.129629
0.127406
0.183629
0.181477
0.160152
0.134113
0.0538461
0.146563
0.149296
0.204431
0.161608
0.113174
0.170975
0.138391
0.0990788
0.126657
0.184742
0.204124
0.206515
0.190342
0.24143
0.112265
0.104713
0.0299659
0.0917243
0.05957
0.0995603
0.125718
0.160401
0.1261
0.0549993
0.0454975
0.151564
0.0436203
0.129701
0.144247
0.330676
0.282381
0.1012
0.126342
0.112898
0.0701011
0.145213
0.119433
0.17283
0.115794
0.0574905
0.222113
0.262801
0.123532
0.286482
0.128755
0.197113
0.259299
0.0817027
0.0620364
0.0834402
0.0346209
0.13482
0.109274
0.192505
0.16748
0.0548415
0.0661383
0.0814828
0.0655761
0.0902054
0.0625863
0.0904323
0.181372
0.0750115
0.124126
0.207488
0.149549
0.288286
0.137811
0.10224
0.137065
0.0740607
0.253987
0.473547
0.133587
0.117087
0.163682
0.0866462
0.124066
0.0871787
0.0491346
0.0395202
0.0227458
0.00961818
0.00865477
0.0160183
0.039533
0.0265317
0.107916
0.0781938
0.0282071
0.00901091
0.0216681
0.063563
0.0494594
0.0317516
0.129682
0.363835
0.0565517
0.00776532
0.0219146
0.00926635
0.0195941
0.023584
0.321822
0.782899
0.115646
0.00512811
0.00542508
0.0176314
0.0177836
0.0338775
0.0665778
0.133629
0.031935
0.0173946
0.0209556
0.0397801
0.021646
0.0106434
0.177637
0.279001
0.0352077
0.0194713
0.0187839
0.0209421
0.0396724
0.0233882
0.230828
0.539691
0.114478
0.00804885
0.00468843
0.0113449
0.00982214
0.0223558
0.296064
0.570752
0.108144
0.0325951
0.0247171
0.0299786
0.0354268
0.0823597
0.188084
0.190211
0.0196805
0.00966792
0.0314025
0.0987524
0.167867
0.0968847
0.0401575
0.0198015
0.0210655
0.0325829
0.124792
0.196867
0.177546
0.101991
0.192981
0.328106
0.0786613
0.160923
0.223599
0.159272
0.139745
0.0810335
0.0194409
0.0296029
0.124465
0.277696
0.462987
0.269248
0.168079
0.0435171
0.0745773
0.0873648
0.0585132
0.278352
0.159886
0.157751
0.066326
0.0595909
0.237941
0.163744
0.137372
0.140207
0.0892955
0.215789
0.0870344
0.0734494
0.0794697
0.0978849
0.105316
0.159279
0.0780093
0.215949
0.231377
0.118614
0.174875
0.251491
0.184072
0.184458
0.119388
0.194182
0.126367
0.0868827
0.134238
0.133062
0.105495
0.0761266
0.0498292
0.0995971
0.0910141
0.063197
0.120947
0.118994
0.105443
0.0803357
0.0980757
0.203846
0.13206
0.134688
0.11537
0.153437
0.219174
0.186824
0.135821
0.080706
0.0699264
0.0577136
0.267109
0.271487
0.183262
0.115726
0.174074
0.194922
0.334462
0.206418
0.053332
0.0226168
0.0171101
0.0259418
0.0353373
0.0518006
0.0313079
0.0308727
0.125286
0.122337
0.0305553
0.0497915
0.0174463
0.0260617
0.0474167
0.0385875
0.13082
0.227165
0.0248791
0.0132898
0.0510076
0.0443921
0.0982928
0.0635145
0.309106
0.819336
0.0595426
0.026933
0.0136129
0.0136427
0.0378839
0.0551558
0.0605215
0.131449
0.0288422
0.0232965
0.00613059
0.0048597
0.0105487
0.017088
0.123576
0.333827
0.0657479
0.00809813
0.0159705
0.00640592
0.00455637
0.00983606
0.164112
0.536263
0.0579859
0.00880431
0.000368286
0.00208316
0.00302347
0.0173485
0.262202
0.621623
0.105072
0.000738336
0.000805412
0.00105323
0.00297645
0.00526466
0.0822714
0.296063
0.0614473
0.000915049
0.00577178
0.00152965
0.00318484
0.00421001
0.137972
0.452852
0.0717524
0.00159398
0.00159398
0
0.00509943
0.0185209
0.171008
0.506046
0.0571851
0
0.000172147
0.000225115
0.00841477
0.00326836
0.27419
0.506046
0.0427645
0.00106265
0.00142918
0.000157084
0.0102833
0.0161896
0.182291
0.376295
0.0602633
0.00361299
0.00685628
0.00224259
0.0151925
0.0308923
0.177107
0.226248
0.0313452
0.0623143
0.121463
0.044286
0.0677179
0.0948927
0.262421
0.455433
0.0340865
0.0243356
0.0341148
0.00362927
0.0174133
0.0225864
0.155596
0.158112
0.0130398
0.287338
0.480504
0.0344544
0.0714819
0.0478117
0.0416268
0.049791
0.015037
0.162245
0.236077
0.053094
0.0387275
0.0406807
0.0108408
0.00276981
0.0390597
0.196351
0.285321
0.0679951
0.01882
0.0129495
0.0218452
0.00970741
0.00315944
0.365298
0.542329
0.0287822
0.0291588
0.0169071
0.0136606
0.00997891
0.0146363
0.320813
0.434618
0.0543132
0.00852081
0.00822948
0.0311688
0.0300944
0.0146175
0.0199709
0.0203238
0.095622
0.0628213
0.0343594
0.0377113
0.103401
0.0445231
0.0605438
0.0464986
0.0961159
0.0372403
0.0387106
0.237181
0.142389
0.0895492
0.014368
0.0253908
0.0434371
0.0366985
0.0829268
0.372815
0.758114
0.150621
0.0291358
0.0334386
0.0541099
0.0269151
0.0735441
0.0288679
0.105056
0.0480199
0.0367129
0.0219376
0.0183398
0.00205524
0.0123772
0.097419
0.289517
0.0702409
0.021046
0.0166692
0.0114825
0.0314644
0.0299775
0.117265
0.542808
0.0858048
0.0175139
0.00751552
0.0124102
0.00251569
0.026213
0.153939
0.675234
0.136899
0.0119471
0.00294031
0.00293086
0.00286337
0.0248983
0.0953099
0.227854
0.039309
0.00766093
0.00563924
0.00373248
0.0249205
0.0244387
0.154158
0.447298
0.0602937
0.00986923
0.00107148
0.000689688
0.0059661
0.01591
0.148189
0.527149
0.0639385
0.0114463
0.00227283
0
0.00194827
0.00914462
0.247997
0.527149
0.0989631
0.0155722
0.0113528
0.00970574
0.0309839
0.038486
0.105784
0.4068
0.0369283
0.00166818
0
0.000135762
0.000163419
0.00335752
0.171846
0.47327
0.030963
0
0
0
0.00059869
0.00262209
0.138153
0.46694
0.0420243
0.00180985
0.0157137
0.0215579
0.0666426
0.0474647
0.206164
0.47327
0.018655
0
0.00734407
0.0158921
0.0548015
0.0652446
0.22042
0.590019
0.0146088
0.000539242
0
0
0.00318306
0.0072048
0.24029
0.479318
0.00936731
0.00250523
0.00386039
0.00266948
0.00299663
0.00484684
0.221784
0.310693
0.00973307
0.000808863
0
0.0108387
0.121195
0.126056
0.175226
0.153717
0.0468059
0.00375785
0.00698801
0.0175111
0.1198
0.0974523
0.111802
0.15199
0.0112103
0.0415209
0.0371132
0.00259613
0.0023888
0.00460616
0.0329703
0.0302391
0.00762633
0.38279
0.452061
0.00220265
0.0084378
0.00545955
0.130565
0.0612558
0.0354995
0.0452383
0.0394164
0.0149571
0.0424052
0.0939298
0.0361693
0.00481278
0.0250184
0.507843
0.501335
0.0205034
0.0432612
0.0670995
0.00144175
0.00101466
0.00312621
0.324403
0.363571
0.00211327
0.00223771
0.00062908
0.00806368
0.0107622
0.0115407
0.266897
0.264828
0.0123222
0.00210283
0.000413694
0.000725907
5.45549e-006
0.0101783
0.444005
0.417824
0.00966723
0.00432489
0.00268919
0.00224865
0.00501273
0.0321777
0.319728
0.308353
0.02887
2.64839e-005
0
0.115962
0.110066
0.168644
0.138596
0.0546884
0.00985366
0.0100056
0.0619298
0.252347
0.493945
0.205136
0.0808652
0.0350883
0.0220946
0.0300888
0.0212733
0.0527036
0.0725664
0.146707
0.276886
0.105527
0.0984086
0.0939287
0.0696313
0.10971
0.15876
0.126469
0.138516
0.0746796
0.179641
0.468642
0.0829167
0.111872
0.324907
0.0799921
0.0421689
0.0428899
0.0133645
0.0220125
0.0249033
0.11963
0.560982
0.108237
0.0846668
0.0971614
0.0294715
0.0541406
0.0290112
0.0603555
0.0744687
0.0457111
0.0513069
0.078748
0.0964988
0.266199
0.0544055
0.0753381
0.168416
0.0558834
0.109367
0.172884
0.168411
0.475811
0.107212
0.119242
0.414437
0.0543582
0.0733062
0.0675838
0.0154024
0.0306843
0.0103889
0.207978
0.410111
0.126055
0.107553
0.0858652
0.0407474
0.0901299
0.0686827
0.0680829
0.108397
0.0243618
0.101127
0.117647
0.0906123
0.356179
0.130869
0.155394
0.160151
0.0917253
0.150301
0.152741
0.207827
0.304229
0.233681
0.118886
0.242834
0.0855553
0.0441331
0.0798487
0.066402
0.206744
0.119149
0.153037
0.341286
0.0582236
0.0375499
0.103997
0.0692079
0.187212
0.12563
0.151423
0.262801
0.167291
0.0644951
0.111402
0.115533
0.267615
0.140881
0.14239
0.2744
0.148761
0.0563248
0.146218
0.0895067
0.397308
0.187202
0.143907
0.196422
0.0457717
0.0478156
0.0593037
0.0408812
0.225056
0.149544
0.152528
0.21471
0.212792
0.0865
0.0459739
0.0762443
0.206344
0.10983
0.2006
0.238154
0.109044
0.0731568
0.103327
0.0539142
0.25807
0.208409
0.174536
0.270637
0.294525
0.135378
0.124231
0.192153
0.275782
0.201533
0.141278
0.108818
0.09927
0.0476798
0.0426487
0.0685754
0.0894487
0.109649
0.0384138
0.0122595
0.0392414
0.336294
0.356362
0.07982
0.0836855
0.0731877
0.150724
0.182231
0.14342
0.0853644
0.0712206
0.125218
0.143153
0.179122
0.0748519
0.131123
0.0903301
0.432633
0.479927
0.0862059
0.0455549
0.0526477
0.000483011
7.32891e-007
0.0173274
0.311275
0.356479
0.0184227
0.00771027
0.00203732
0
0.00764136
0.0604782
0.233109
0.25548
0.0241121
0.00259777
0
0.000789077
0.0107096
0.0201987
0.357131
0.500551
0.0218047
0.00291557
0.000112571
0.00241632
0.0124185
0.0425488
0.229521
0.408488
0.0347189
0.0126069
0.00241632
0.0896176
0.0370449
0.0679264
0.128842
0.0641536
0.113355
0.138622
0.0811819
0.0962366
0.0320511
0.0228915
0.0435398
0.0332609
0.20181
0.722263
0.192495
0.0686177
0.0507594
0.112001
0.103189
0.0468346
0.0440874
0.0667185
0.0443999
0.0986616
0.057596
0.0441035
0.0300854
0.0203053
0.0932297
0.319445
0.186035
0.022067
0.0182005
0.00532352
0.00739495
0.0192865
0.103411
0.372289
0.0924996
0.029926
0.0202113
0.0026611
0.0148792
0.0425072
0.160871
0.516217
0.143788
0.0148652
0.0122647
0.0137974
0.00639112
0.00777614
0.0529803
0.254743
0.12548
0.00647614
0.00739311
0.00442502
0.00252349
0.00601924
0.0962488
0.583325
0.165426
0.0163463
0.0047456
0
0.0184379
0.0298932
0.0865914
0.355728
0.143778
0.0608306
0.0468139
0.0193123
0.0266297
0.0580747
0.147795
0.439839
0.214617
0.00342824
0.00182529
0
0.00254735
0.00737213
0.0745605
0.393837
0.121706
0.0117819
0.00281869
0.00196777
0.0035074
0.0232663
0.11403
0.545722
0.176501
0.0751646
0.102965
0.0544513
0.00815946
0.0262621
0.0504085
0.356767
0.0987643
0.0833273
0.077567
0.0448065
0.00661506
0.0171726
0.0239831
0.395132
0.16546
0.0226191
0.00462978
0.00294098
0.000616621
0.00800128
0.0881348
0.481913
0.129
0.0253652
0.00237111
0.0011817
0
0.000253066
0.0748081
0.524926
0.224071
0.155448
0.0859441
0.0309228
0.0102744
0.0177112
0.0201018
0.189438
0.165033
0.140948
0.0986327
0.0575115
0.0233689
0.0319122
0.0693841
0.173333
0.163546
0.0339701
0.00640878
0.000505069
0
0
0.0378564
0.59541
0.245232
0.0710814
0.0200562
0.0123612
0.00517421
0
0.00724417
0.514419
0.247438
0.119075
0.110356
0.0393472
0.0439674
0.0326396
0.035995
0.0851651
0.139983
0.0722406
0.115161
0.0399421
0.400512
0.399207
0.0173374
0.0020329
0.0295246
0.051247
0.0372791
0.0189626
0.0461661
0.0266488
0.000868122
0.150796
0.10087
0.0196163
0.0318946
0.0184547
0.534774
0.46708
0.00190773
0.0237226
0.0239363
0.00126396
0.00959674
0.00867083
0.305525
0.378115
0.00950471
0
0
0.00156329
0.00233809
0.00684078
0.189393
0.322306
0.0206544
0.00629216
0.00156329
0.00054109
0.00211563
0.00754287
0.417587
0.428124
0.00932343
0.00053057
0.000833754
0.000825365
0.000477681
0.00993719
0.275143
0.374984
0.0242042
0.000870003
0.000825365
0.125228
0.166818
0.246367
0.154557
0.0671624
0.0165335
0.0490783
0.0729431
0.187533
0.131929
0.183614
0.0769694
0.0343702
0.104131
0.132611
0.189166
0.145907
0.221002
0.252803
0.15272
0.0887326
0.0125129
0.0225921
0.0842199
0.138924
0.223187
0.321987
0.323911
0.0729983
0.0770173
0.0712405
0.0938334
0.0630269
0.0339595
0.0657296
0.038375
0.0208313
0.0798801
0.178045
0.146983
0.0436162
0.0622357
0.029004
0.0298566
0.0166544
0.133174
0.736892
0.19342
0.107277
0.0689754
0.0948811
0.149802
0.0137164
0.0807063
0.0671284
0.0984315
0.13147
0.11803
0.0896383
0.117283
0.0493611
0.0765257
0.0921779
0.123801
0.025679
0.0240557
0.0126318
0.00858848
0.00548724
0.0590816
0.384056
0.169744
0.033264
0.00597434
0.00747403
0.00542741
0.0149037
0.124321
0.693676
0.331357
0.0484983
0.0494455
0.0629545
0.0402357
0.0323949
0.0206996
0.0417246
0.0621548
0.0664095
0.019203
0.052886
0.0386747
0.0601451
0.0843828
0.245747
0.147217
0.0220031
0.000327154
9.49448e-005
0.000813094
0.00722829
0.11208
0.405397
0.141207
0.0145212
0
0
0.000172286
0.00127242
0.147924
0.616762
0.209506
0.0159576
0.00457019
0.0143877
0.0179073
0.0379491
0.0686473
0.234292
0.0905393
0.0276036
0.00821005
0.0148683
0.00440822
0.0180901
0.0886407
0.4104
0.210685
0.00171796
0.00039592
4.39911e-005
0
0.000714814
0.0665846
0.422305
0.142284
0.017653
0.00389437
0.00271247
0.000550769
0.0101779
0.0355614
0.507734
0.219667
0.0132207
0.00244374
0.00457127
0
0.00389508
0.0673028
0.310332
0.143419
0.0128053
0
0
0
0.0407116
0.0905181
0.507734
0.222862
0.0245259
0.0104618
0.00859936
0.0241259
0.0200816
0.00843709
0.404766
0.162124
0.0390761
0.0217398
0.075777
0.351597
0.294639
0.000797429
0.164473
0.0964039
0.0340575
0.000513346
0.00176931
0.00617325
0.027012
0.0597139
0.504088
0.214256
0.08679
0.0806515
0.118509
0.15794
0.0998716
0.0697193
0.308846
0.179911
0.0117027
0.0107191
0.05227
0.363565
0.384104
0.0115395
0.0114298
0.0154771
0.000680564
0.000393877
0.0063523
0.261588
0.40163
0.0344872
0.000927484
0.000978858
0.0335183
0.0577203
0.098872
0.257701
0.240242
0.0411232
0.0480311
0.0406662
0.00502969
0.00117815
0.0243364
0.393394
0.361953
0.0227205
0.00750379
0.00272395
0.134618
0.160324
0.146456
0.14296
0.0928218
0.0129264
0.0197689
0.0617957
0.173274
0.299719
0.168248
0.317111
0.0797154
0.0199711
0.0365741
0.0680697
0.132971
0.115322
0.130071
0.138999
0.0997324
0.0740801
0.124107
0.0831482
0.252921
0.302174
0.141506
0.255304
0.163442
0.0895111
0.0351534
0.102722
0.197878
0.152098
0.095956
0.166074
0.0278836
0.0217051
0.0634946
0.109797
0.185504
0.112607
0.190842
0.214826
0.0760496
0.0226855
0.0816392
0.156299
0.239629
0.16674
0.0962472
0.255737
0.105498
0.0505995
0.0620864
0.147628
0.230275
0.0546571
0.152663
0.350285
0.140936
0.073423
0.114782
0.227047
0.0833902
0.0769573
0.25071
0.217885
0.104512
0.0253333
0.0444176
0.0813634
0.116691
0.124816
0.190173
0.184127
0.209118
0.115379
0.143151
0.101505
0.137194
0.0491505
0.187125
0.298786
0.0820717
0.0476526
0.0895896
0.195142
0.100165
0.232089
0.158943
0.22917
0.133692
0.0660223
0.17855
0.221023
0.0785897
0.0918362
0.0829695
0.0900075
0.147971
0.113115
0.186564
0.112582
0.214923
0.129984
0.110852
0.0415424
0.104414
0.0610209
0.454546
0.35697
0.0742096
0.15161
0.141881
0.119862
0.0978231
0.0557352
0.101769
0.115802
0.133103
0.170797
0.144733
0.0946618
0.159231
0.0943934
0.198694
0.0881238
0.0572561
0.0250898
0.0195042
0.00688682
0.0138178
0.0246784
0.31349
0.202952
0.0324775
0.00704776
0.00667731
0.00592243
0.0344058
0.0737427
0.696768
0.390993
0.0403602
0.0333753
0.0122777
0.0172616
0.0391274
0.0404761
0.0851004
0.0556062
0.0421892
0.0205901
0.0111859
0.030136
0.0385322
0.0382647
0.251238
0.179442
0.023632
0.00151449
0.00133603
0.00233396
0.0132501
0.0602066
0.461884
0.20811
0.0502011
0.0480018
0.0386432
0.0259237
0.0177427
0.15449
0.449379
0.185936
0.0200798
0.0143308
0.00458437
0.0112676
0.0160704
0.0225669
0.270117
0.136651
0.0421615
0.00774095
0.011203
0.00406168
0.00322399
0.0604058
0.48353
0.267042
0.0760807
0.0590373
0.0950745
0.150049
0.136776
0.117634
0.22333
0.0939612
0.0450963
0.0362913
0.156489
0.513315
0.256665
0.0274392
0.0287363
0.0251603
0.157888
0.110664
0.0917879
0.056367
0.0201355
0.048193
0.321401
0.246331
0.130187
0.176382
0.267916
0.278173
0.0427632
0.0118027
0.0696336
0.0945917