0.0740833
0.206445
0.161315
0.199111
0.298172
0.0393541
0.00988275
0.041932
0.0413312
0.160482
0.243161
0.192797
0.207419
0.0636663
0.00770196
0
0.0854579
0.237897
0.26012
0.301838
0.275668
0.0259342
0.010457
0.0215343
0.0326723
0.165899
0.308174
0.212054
0.0913223
0.0923863
0.015416
0.00789527
0.0151425
0.0411468
0.121752
0.312582
0.218971
0.0525018
0.00602004
0
0.0491445
0.0238445
0.0645494
0.480271
0.220673
0.0516356
0.0167591
0.0124066
0.0156269
0.0384921
0.144428
0.338444
0.147864
0.0799689
0.014658
0.00649162
0.169965
0.123898
0.163799
0.393598
0.180316
0.0479458
0.0248205
0.0134845
0.0851364
0.0412815
0.0230109
0.111719
0.0750133
0.0580285
0.0248516
0.0207338
0.0718366
0.168029
0.236793
0.124029
0.0349249
0.02946
0.0319202
0.0162106
0.400329
0.217602
0.0950216
0.0594817
0.0506415
0.0331898
0.0120807
0.0290232
0.328423
0.551891
0.295462
0.0379612
0.0164988
0.0120749
0.00373624
0.0190971
0.100655
0.147221
0.339818
0.262192
0.0136035
0.00184698
0.0125866
0.0311029
0.183036
0.0504252
0.16965
0.233747
0.0335313
0.0422322
0.0910567
0.172835
0.143052
0.371456
0.341513
0.0802198
0.0194619
0.0103888
0.0139246
0.0417462
0.257253
0.0645747
0.108074
0.0630524
0.01353
0.018265
0.143106
0.279932
0.276347
0.116841
0.123318
0.0808621
0.0165727
0.0368392
0.0795014
0.23703
0.405378
0.199908
0.0589
0.0308605
0.0319848
0.0162435
0.0796524
0.181041
0.227544
0.094717
0.148464
0.0774821
0.0202388
0.033568
0.199985
0.28603
0.259352
0.172804
0.149731
0.140929
0.093488
0.0529267
0.115093
0.087224
0.23406
0.101413
0.0367901
0.0302512
0.0492029
0.0447769
0.0758966
0.0945923
0.17653
0.110358
0.0692882
0.0618993
0.131127
0.125164
0.133485
0.15796
0.17944
0.121444
0.0778278
0.120822
0.0798012
0.0765337
0.0911937
0.119262
0.199214
0.103574
0.0574315
0.0467653
0.0783613
0.243207
0.345339
0.489168
0.135045
0.0547523
0.0195465
0.0578661
0.130234
0.165748
0.157335
0.166341
0.103929
0.0809049
0.0380295
0.0534454
0.175508
0.260231
0.155
0.13016
0.23884
0.117417
0.016576
0.0311049
0.0746966
0.167079
0.232822
0.344801
0.22798
0.315213
0.0509702
0.0532142
0.0778973
0.15002
0.167418
0.190749
0.0104355
0.0362209
0.130295
0.335273
0.258328
0.126827
0.0554235
0.00299979
0.00906769
0.0401742
0.147546
0.193274
0.134434
0.133119
0.0363097
0.0194096
0.0618634
0.104885
0.166795
0.297127
0.328369
0.174851
0.0811466
0.0260155
0.00929053
0.10213
0.301602
0.338699
0.163278
0.125257
0.0483964
0.0148515
0.0179532
0.0596301
0.148773
0.21807
0.092544
0.0941129
0.0126808
0.0146429
0.113495
0.282345
0.288387
0.21218
0.088684
0.0695095
0.00959616
0.00670898
0.00973932
0.145479
0.27397
0.178885
0.0497381
0.0863076
0.0136145
0.00850916
0.0604347
0.446061
0.372106
0.144493
0.144682
0.0807523
0.00593759
0.000713772
0.230108
0.308306
0.186363
0.0328539
0.0110218
0.0099269
0.00331271
0.0108738
0.268523
0.431401
0.166199
0.0176166
0.0216076
0.0179475
0.00384044
0.01126
0.0914615
0.410417
0.208208
0.0550331
0.0617669
0.0118574
0.0145264
0.00572238
0.127262
0.332468
0.154711
0.101172
0.0334544
0.0381362
0.0255793
0.0264609
0.102072
0.241305
0.158287
0.0418637
0.0562375
0.0640805
0.0255057
0.0318116
0.153055
0.0668351
0.0826991
0.0375719
0.0590243
0.0915018
0.194631
0.216223
0.151888
0.223966
0.129001
0.0921255
0.059911
0.0795631
0.0589297
0.126503
0.317158
0.273561
0.178116
0.0318662
0.0703237
0.101209
0.252772
0.420081
0.099742
0.0831546
0.0616283
0.0185957
0.0183847
0.0198146
0.0988386
0.0906355
0.183149
0.122522
0.0725032
0.0501385
0.0422079
0.0301932
0.0403812
0.034194
0.191263
0.29905
0.155709
0.011117
0.0243237
0.0123919
0.0682828
0.129854
0.492236
0.567562
0.141815
0.0223566
0.0991347
0.11349
0.0836745
0.110567
0.108167
0.077039
0.037225
0.0519727
0.0353718
0.0349699
0.0289125
0.0466055
0.106442
0.0565272
0.0383321
0.0499951
0.0648155
0.0851897
0.134587
0.180625
0.387199
0.285294
0.0496959
0.0319495
0.169102
0.239054
0.230872
0.110509
0.20107
0.14555
0.0814722
0.233299
0.403534
0.243628
0.217233
0.139142
0.0726375
0.032881
0.0241631
0.0588148
0.0815389
0.0767565
0.11671
0.114568
0.06798
0.136526
0.0361259
0.0535656
0.0493763
0.0564522
0.101329
0.0457718
0.0628707
0.0895701
0.0800677
0.304102
0.450282
0.09703
0.0802979
0.042584
0.315079
0.468711
0.25784
0.198253
0.179797
0.0704991
0.101069
0.0472577
0.137953
0.0861818
0.0488484
0.0481904
0.0429885
0.0282021
0.0428218
0.152447
0.0440535
0.0612403
0.0893795
0.0818739
0.0222355
0.0278609
0.044359
0.114882
0.342891
0.0793596
0.00850029
0.00267736
0.00368534
0.0179409
0.228856
0.499064
0.06631
0.0275596
0.011442
0.00718479
0.0387193
0.0702279
0.458425
0.426859
0.0242106
0.0723311
0.138719
0.0775808
0.07439
0.110683
0.0524683
0.0974827
0.0413749
0.158111
0.143824
0.0700877
0.253003
0.139366
0.0706743
0.0314628
0.0691933
0.0200849
0.0258543
0.0377725
0.130612
0.212944
0.343651
0.426702
0.150014
0.0911669
0.0382654
0.0883702
0.277309
0.331103
0.168796
0.204827
0.0754952
0.112978
0.0431168
0.0298259
0.0891545
0.0390938
0.0563277
0.0230046
0.151911
0.167278
0.0471483
0.0886601
0.0099381
0.0232264
0.0302233
0.0465051
0.200972
0.0962246
0.0551156
0.0613694
0.112095
0.109875
0.115801
0.161767
0.618752
0.338296
0.15776
0.185741
0.044513
0.0269058
0.0651763
0.334676
0.0549235
0.10052
0.0353753
0.0293263
0.00798445
0.0174885
0.0195634
0.0471738
0.150983
0.32791
0.0526773
0.00380952
0.0199862
0.0198026
0.0341621
0.0915606
0.228349
0.301095
0.161007
0.0567787
0.0432265
0.0443474
0.0315678
0.109454
0.215563
0.6778
0.222009
0.00736645
0.0696791
0.0670377
0.0869308
0.10401
0.134712
0.295723
0.0369345
0.00318015
0.0101436
0.00248182
0.00744337
0.02715
0.255309
0.429468
0.0287306
0.0172166
0.0357527
0.0288764
0.031015
0.0177349
0.239632
0.491795
0.0313786
0.000756531
0.0121473
0.00835447
0.0325223
0.0750609
0.332141
0.391331
0.0198957
0.093002
0.0410556
0.011709
0.0234754
0.0857728
0.209978
0.204363
0.00885752
0.0907989
0.145457
0.123697
0.103973
0.0279623
0.062549
0.0306878
0.0177154
0.197316
0.24938
0.13328
0.070705
0.0300052
0.155503
0.135155
0.0333567
0.477863
0.192706
0.0502911
0.0402815
0.0399292
0.0192449
0.00648055
0.0929958
0.548298
0.213231
0.052502
0.0314091
0.00642817
0.014567
0.0278457
0.0428446
0.217438
0.238694
0.0428461
0.0137066
0.00724367
0.129733
0.152403
0.263365
0.309401
0.129275
0.0233353
0.0175604
0.0250335
0.0119642
0.011658
0.132447
0.357888
0.182359
0.0365749
0.0129639
0.00682519
0.0499479
0.0786916
0.258422
0.479789
0.312596
0.0940038
0.098296
0.0428346
0.152599
0.0407512
0.0615395
0.00702632
0.0102189
0.0333065
0.158015
0.200315
0.0272738
0.0810142
0.141886
0.00603604
0.0903561
0.100755
0.310153
0.152759
0.294467
0.124312
0.192078
0.0193556
0.0103451
0.0276998
0.0378508
0.261578
0.14047
0.327684
0.562323
0.0576948
0.0786626
0.0592309
0.0687267
0.04801
0.0524726
0.12131
0.146537
0.0707036
0.13925
0.145562
0.192401
0.151332
0.109146
0.135124
0.13099
0.20648
0.127797
0.109071
0.0734186
0.118209
0.206564
0.337608
0.435313
0.103343
0.113286
0.0760104
0.134893
0.0798503
0.119077
0.138415
0.151856
0.241609
0.151242
0.145582
0.191517
0.13906
0.0749473
0.0723612
0.0830207
0.110314
0.113504
0.0418366
0.0562263
0.0820396
0.340071
0.180976
0.173854
0.170531
0.169325
0.0832045
0.078502
0.172959
0.0151576
0.0445907
0.0609266
0.103998
0.148584
0.136113
0.174749
0.0925772
0.15082
0.0733198
0.107387
0.15265
0.229526
0.288772
0.504244
0.227813
0.245315
0.169605
0.147607
0.11088
0.12378
0.0536014
0.0485222
0.133352
0.133101
0.323842
0.145201
0.119741
0.104391
0.0601188
0.161319
0.180304
0.19912
0.0611223
0.0729486
0.148417
0.144823
0.221717
0.294599
0.167781
0.324713
0.0628864
0.0641119
0.203842
0.103291
0.200126
0.239047
0.177817
0.168758
0.252432
0.0348362
0.0762176
0.0662275
0.0314125
0.122621
0.222255
0.286145
0.162243
0.053485
0.159112
0.0833843
0.038879
0.0622539
0.269616
0.221313
0.0290355
0.0244174
0.123421
0.135502
0.198839
0.144153
0.209098
0.233391
0.237498
0.0409535
0.158166
0.258127
0.262381
0.122598
0.26235
0.0787378
0.0447344
0.0430031
0.396381
0.0830199
0.0204122
0.0214252
0.0820666
0.00868185
0.0110344
0.114289
0.465076
0.103547
0.0107531
0.0121968
0.00812323
0.0824355
0.117779
0.0239327
0.360895
0.194948
0.0885193
0.0359573
0.0713108
0.0177209
0.0307475
0.0498345
0.453693
0.333052
0.0459354
0.0121519
0.0127665
0.0253158
0.0215681
0.222417
0.287557
0.157804
0.0872629
0.0159209
0.0256632
0.102182
0.111228
0.130863
0.177457
0.253152
0.20777
0.141857
0.111435
0.0163167
0.0200441
0.0898007
0.263291
0.459944
0.221436
0.0370877
0.0215034
0.0614508
0.0369607
0.0583963
0.0362722
0.226651
0.359292
0.0824781
0.0544558
0.395249
0.147098
0.123103
0.0259767
0.0316062
0.037157
0.0494591
0.47815
0.182222
0.250608
0.374707
0.116873
0.0874273
0.0885366
0.0745736
0.106604
0.207161
0.081824
0.0424208
0.0211995
0.105387
0.132263
0.0476468
0.212805
0.0980683
0.111696
0.0581428
0.0691846
0.0988672
0.15268
0.0517799
0.0804306
0.258525
0.23149
0.289226
0.0927458
0.0699656
0.0869575
0.169806
0.121202
0.156105
0.0700456
0.0551958
0.0680184
0.111685
0.297132
0.283812
0.166004
0.188917
0.170933
0.115497
0.0693334
0.0514167
0.0953296
0.0796639
0.132481
0.13691
0.0799369
0.05821
0.0184029
0.106021
0.26189
0.256839
0.221648
0.0126019
0.00414972
0.00546089
0.0195921
0.0732248
0.220664
0.184295
0.0653703
0.0283858
0.00222111
0.00421995
0.0435648
0.120025
0.379782
0.532002
0.14181
0.0449245
0.0101594
0.00956267
0.00993177
0.0769499
0.174697
0.140598
0.0980222
0.0651643
0.00237768
0.00151307
0.0269517
0.0802211
0.247296
0.39881
0.248185
0.0479406
0.00582311
0.00594286
0.0490629
0.0595903
0.275297
0.281731
0.0684229
0.129723
0.0129039
0.0185123
0.0544598
0.0386511
0.338011
0.429547
0.0868878
0.0392505
0
0
0.0210711
0.0344847
0.14617
0.20467
0.198398
0.0639783
0.00724463
0.00492982
0.0195741
0.0337791
0.23011
0.497927
0.187611
0.0647999
0.00392151
0.00565239
0.0155208
0.0271067
0.176102
0.319286
0.0827196
0.0730598
0.0765348
0.0199036
0.112886
0.138095
0.152717
0.164421
0.114807
0.0155123
0.0146385
0.00621793
0.00493487
0.0152845
0.194656
0.526778
0.0497126
0.143715
0.0835438
0.106973
0.148602
0.0604125
0.217213
0.508602
0.0823224
0.0387701
0.0575092
0.0197835
0.321646
0.252712
0.0564645
0.0226788
0.0317687
0.00669757
0.0193778
0.0149032
0.31647
0.394992
0.0394955
0.0134471
0.0108783
0.10227
0.0932179
0.176119
0.392587
0.146759
0.0467405
0.0710918
0.0362447
0.00565654
0.0418687
0.181496
0.387634
0.305731
0.0190846
0.0237081
0.00368484
0.00380166
0.0103552
0.0117411
0.193099
0.535794
0.158369
0.0356845
0.00641862
0.00168817
0.00235886
0.0136061
0.0694496
0.227281
0.253914
0.0807571
0.0221971
0.00498745
0.0173938
0.162859
0.341146
0.455846
0.0960385
0.0239061
0.00231948
0.0621328
0.00556735
0.0345012
0.164473
0.169702
0.115809
0.0558859
0.0575669
0.179755
0.0833363
0.0344124
0.0130038
0.103829
0.153047
0.0213361
0.134631
0.118814
0.144594
0.0541043
0.0291836
0.046476
0.0874982
0.041037
0.20964
0.371723
0.0521534
0.0104377
0.000175442
0.0277659
0.0683225
0.0176633
0.353419
0.512317
0.109223
0.0083952
0
0.011044
0.0228214
0.0729964
0.377186
0.134356
0.104077
0.0523297
0.0217885
0.0256916
0.0413371
0.0511653
0.141074
0.210875
0.118107
0.0469638
0.0121825
0.0599725
0.0766759
0.0808758
0.143826
0.403347
0.105216
0.00485101
0
0.00900823
0.0168225
0.0671045
0.338722
0.375822
0.204727
0.0236392
0.0257248
0.023552
0.0120477
0.0649617
0.489624
0.132158
0.103044
0.045466
0.0349201
0.120802
0.0949805
0.0789695
0.128543
0.103192
0.0252937
0.00943684
0.0684717
0.156127
0.108737
0.389178
0.333789
0.150623
0.169545
0.0535898
0.201064
0.145326
0.0329194
0.0698282
0.208145
0.0338233
0.0375087
0.0398045
0.357402
0.369816
0.0685909
0.183776
0.0961898
0.0576523
0
0
0.0128917
0.0290587
0.0492689
0.266185
0.333445
0.0594341
0.0135297
0.00661598
0.0113462
0.0304014
0.230801
0.502108
0.310865
0.0247465
0.00290062
0.00472509
0.0613115
0.0834978
0.0342318
0.165663
0.13565
0.0202262
0.00402507
0.00141741
0.0035475
0.00946795
0.128712
0.444272
0.19876
0.01613
0.040847
0.00898321
0.00432944
0.0298575
0.167237
0.445518
0.0629132
0.290202
0.158233
0.09493
0.0507508
0.0277357
0.158833
0.437154
0.135594
0.00877966
0.0281043
0.00475154
0.000684505
0.0149948
0.056468
0.323272
0.119701
0.139468
0.088598
0.0308918
0.00772014
0.0169379
0.0204115
0.334722
0.288611
0.25503
0.184523
0.233422
0.211564
0.040882
0.0352787
0.0950396
0.102611
0.0245759
0.0877938
0.444132
0.33238
0.102629
0.00798816
0.0226752
0.00922041
0.178471
0.0852258
0.14466
0.0798167
0.00939472
0.00190612
0.13162
0.222983
0.0688804
0.0731215
0.416536
0.249159
0.0276441
0.0090267
0.0138511
0.0433362
0.019922
0.0454482
0.548711
0.393349
0.170346
0.057887
0.0276504
0.00319218
0.162825
0.0312661
0.111574
0.128459
0.0697861
0.0644691
0.0311363
0.0724135
0.0217037
0.0542481
0.447804
0.250117
0.0602428
0.0462911
0.0510391
0.0063247
0.0722056
0.052323
0.112271
0.0418094
0.0379311
0.0441222
0.0885553
0.0316556
0.330221
0.0373832
0.00140835
0
0.000610076
0.00489327
0.0302934
0.346268
0.538558
0.0603379
0
0
0
0
0.0637415
0.295456
0.1423
0.047141
0.00331558
0.0120988
0.0126953
0.0468959
0.12833
0.237424
0.179031
0.0298479
0.0111413
0.00806587
0.0092032
0.0377286
0.188292
0.301691
0.39293
0.0499082
0
0
0
0
0.0342565
0.306248
0.260609
0.168535
0.0684657
0.0223918
0.0400075
0.00538145
0.0417023
0.466998
0.237804
0.0464245
0.0165346
0.00128046
0.00241977
0.0101556
0.0899141
0.240038
0.27591
0.207212
0.129933
0.0225635
0.0268819
0.016157
0.030478
0.196965
0.0695177
0.127466
0.13255
0.232271
0.115006
0.0153855
0.0602383
0.201098
0.0119862
0.0358695
0.139623
0.473003
0.169665
0.0181557
0.0471562
0.0285545
0.0969842
0.191825
0.236886
0.194074
0.0648879
0.0366864
0.0394275
0.0663155
0.0318634
0.122267
0.271277
0.422301
0.0666652
0.0662389
0.0847213
0.0233237
0.0429644
0.0573166
0.0895916
0.270718
0.12484
0.0415933
0.129339
0.0925731
0.0472577
0.0357746
0.01225
0.0289095
0.0404881
0.139064
0.404261
0.19407
0.0917158
0.136999
0.194871
0.252365
0.0876444
0.0922235
0.112464
0.0822112
0.111896
0.105707
0.0344256
0.0270181
0.111809
0.140269
0.347735
0.24467
0.0188146
0.014502
0.00237235
0.00931426
0.014099
0.0575021
0.305276
0.204875
0.0944492
0.0350818
0.0156311
0.0150682
0.0152248
0.0433786
0.511015
0.540709
0.0499452
0.0361464
0.00279709
0.0126185
0.025373
0.0596962
0.186075
0.1299
0.151592
0.0516552
0
0.0212462
0.0307043
0.0559595
0.14005
0.19355
0.278962
0.0795941
0.140337
0.0490916
0.0082893
0.0173438
0.261647
0.411667
0.241672
0.130017
0.354218
0.233514
0.0298802
0.0391236
0.0568658
0.132932
0.207666
0.0565508
0.0104529
0.0156471
0.0186232
0.0377511
0.110164
0.234749
0.147941
0.122026
0.0923848
0.0739754
0.0169848
0.0592086
0.127181
0.198011
0.0553962
0.119639
0.248007
0.244797
0.0564482
0.123217
0.124891
0.026168
0.056988
0.13628
0.121763
0.0767546
0.0304099
0.0978386
0.168999
0.0596375
0.107356
0.251635
0.211364
0.176315
0.0805803
0.0755819
0.101777
0.081046
0.353553
0.381368
0.136811
0.105095
0.060909
0.0395982
0.0749814
0.069534