0.00190655
0.000963277
0.0146337
0.0783473
0.22812
0.0236401
0.00455882
0.00164409
0
0.00382605
0.0428832
0.253041
0.339189
0.0535811
0.0412419
0.00396732
0.00437629
0.0026843
0.00812861
0.0803239
0.239315
0.0559171
0.00286186
0.00437629
0.00047754
0
0.00828709
0.579265
0.526188
0.0449481
0.00660416
0.00047754
0.0191167
0.0339013
0.155524
0.329052
0.137159
0.0184562
0.0181596
0.00292194
0.0845834
0.0834266
0.173375
0.169724
0.0374395
0.059742
0.0792817
0.0877668
0.00250094
0.00355017
0.10144
0.621905
0.299441
0.0215602
0.00435035
0.000140998
0.0214652
0.0149186
0.154119
0.365159
0.197768
0.0920962
0.0195714
0.0197638
0.0954572
0.0767185
0.0622867
0.0082847
0.0197821
0.173788
0.223504
0.308053
0.0708818
0.0954198
0.200871
0.17033
0.207404
0.203723
0.166413
0.327464
0.0213207
0.0593508
0.19304
0.100638
0.0899349
0.080334
0.0759991
0.151056
0.0593697
0.148824
0.350376
0.250065
0.156861
0.0438294
0.145901
0.257024
0.0142748
0.0235097
0.148722
0.308903
0.303143
0.101314
0.0324532
0.056475
0
8.33591e-005
0.0493329
0.389384
0.28107
0.0743538
0.0298254
0.00198346
0.0419884
0.0418825
0.101759
0.318346
0.29177
0.0472401
0.0658757
0.0997122
0.0232101
0.00309428
0.0316911
0.292141
0.318502
0.131666
0.160986
0.0914817
0
0
0.00163701
0.262099
0.230381
0.0238687
0.010343
0.00039305
0
0.00929792
0.0358537
0.378011
0.406821
0.0204866
0.000694667
1.37958e-005
0.00428092
0.00136464
0.039422
0.281647
0.291556
0.0737489
0.0587127
0.0150148
0.0658741
0.0874967
0.102599
0.393839
0.386154
0.0781371
0.0205847
0.0120842
0.00737526
0.0226783
0.0710386
0.169757
0.234482
0.0438031
0.0110911
0.00541835
0.0334546
0.158847
0.266354
0.131745
0.0825314
0.0459083
0.040906
0.0215158
0.101185
0.0927076
0.112667
0.214888
0.212871
0.0758311
0.0297554
0.0256931
0.0669853
0.103354
0.541216
0.478022
0.207716
0.0561976
0.0589139
0.0200824
0.0274782
0.125011
0.127161
0.112232
0.144934
0.0516017
0.0555556
0.0176918
0.0117397
0.0306824
0.0514564
0.179057
0.234445
0.0447079
0.0358262
0.008635
0.0243989
0.0838454
0.255666
0.494479
0.282734
0.024928
0.0365753
0.00737406
0.00528687
0.0203977
0.0520609
0.536531
0.296982
0.0201103
0.0124425
0.00270221
0.00247516
0.0022835
0.00581959
0.0601146
0.130409
0.0230005
0.00177821
0.00247516
0.000553914
0
0.00160049
0.384281
0.419951
0.0129995
0
0.000553914
0.00457542
0.00301759
0.00485884
0.058233
0.146473
0.0169611
0.00723448
0.00548548
0.000487881
0
0.000787483
0.448841
0.604695
0.013046
0.000494675
0.000487881
0
0
0.0207011
0.379986
0.275272
0.00467404
0.000180191
0
0.000250687
0.000981345
0.0393579
0.217893
0.246369
0.0207511
0.000763639
0.000508359
0
0.00124143
0.00196733
0.436637
0.435078
0.00573282
0.00168771
0
0.00232663
0.0223755
0.0132268
0.30849
0.382663
0.00643697
0.00253157
0
0.0005654
0.0253457
0.152202
0.166841
0.124834
0.0128917
0.00253069
0.00511591
0.0236037
0.0895276
0.265679
0.279837
0.156163
0.0372821
0.0280134
0.0399159
0.00418412
0.0470277
0.10445
0.444264
0.252515
0.00292971
0.000517974
0
0.118138
0.118511
0.166276
0.51816
0.278817
0.0730431
0.046631
0.050838
0.0357768
0.0380939
0.0526167
0.163275
0.161149
0.0326881
0.0248264
0.049369
0.0848928
0.182252
0.0785578
0.0804905
0.112887
0.0551262
0.0473725
0.0624465
0.314447
0.224458
0.0376141
0.14383
0.18758
0.0665318
0.04896
0.0722533
0.514962
0.553539
0.0967754
0.0356644
0.0626009
0.0292012
0.0257427
0.0437026
0.0499446
0.153577
0.146899
0.126458
0.114274
0.0387686
0.0209166
0.0114022
0.112795
0.147612
0.196482
0.160565
0.0931703
0.0303137
0.0144495
0.0221462
0.277572
0.506175
0.170777
0.0398401
0.0152194
0.0033695
0.00162902
0.00748899
0.308645
0.506175
0.209561
0.0444682
0.00769838
0.000218977
0.0066434
0.0161189
0.121709
0.137793
0.0973857
0.0909795
0.043093
0.0218224
0.0196468
0.0276175
0.039977
0.0806342
0.211548
0.430604
0.153369
0.0157601
0.0256607
0.00931282
0.192757
0.488053
0.122939
0.0479426
0.00793003
0.001579
0.0118168
0.0166868
0.0426788
0.281754
0.236465
0.433037
0.126131
0.0023685
0.00531308
0.00376552
0.00587395
0.0122431
0.0908092
0.488281
0.189429
0.00175408
0.0144392
0.00201725
0.00122349
0.00176701
0.0128599
0.391169
0.14137
0.00587365
0.00439554
0.000436605
0.0013414
0.0292015
0.0674633
0.488281
0.208763
0.00137179
0.000357819
0.000478548
0.00121313
0.00175151
0.0107734
0.429003
0.154712
0.00935068
0.000839942
0.00121313
0.00326055
0.00310317
0.00294717
0.0348473
0.127546
0.0304701
0.0155616
0.00530289
0.000283288
0.000301126
0.0190385
0.513512
0.477146
0.0323554
0.00744191
0.00311124
0.0250441
0.0654601
0.0637531
0.0392343
0.0971036
0.0343585
0.0270285
0.0052172
0.0998074
0.137614
0.211414
0.500878
0.249419
0.0304733
0.0301073
0.0852105
0.017977
0.0202083
0.00878309
0.345555
0.268908
0.0108679
0.014666
0.01484
0.061572
0.243809
0.0237767
0.197995
0.184243
0.0115379
0.0143238
0.0182272
0.250123
0.134746
0.0451309
0.242107
0.130664
0.00630051
0.0418205
0.0793665
0.451736
0.49005
0.0210919
0.0589301
0.0578544
0.00524102
0.0300165
0.0442486
0.0604145
0.267567
0.0672953
0.178209
0.0652196
0.0021148
0.00113945
0.00208868
0.145717
0.301171
0.0862801
0.148529
0.0563305
0.0190744
0.0160357
0.0199285
0.248983
0.519436
0.0605847
0.0243715
0.0012527
0.000729737
0.000759631
0.00358652
0.256173
0.519436
0.121197
0.0166199
0.000449934
0
0.00401291
0.0282641
0.237776
0.285917
0.0180557
0.0188929
0.027001
0.0167469
0.0140866
0.0262207
0.312958
0.443185
0.0199368
0.000841178
0.00600602
0.00534993
0.00427768
0.00940195
0.214184
0.443185
0.0299817
0.00116141
1.13352e-005
0
0.0201502
0.0522078
0.27337
0.443185
0.0121092
0
0
0
0.0209647
0.0482882
0.27074
0.537419
0.0426102
0
0
0
0
0.00466363
0.293967
0.472985
0.0383446
0.000418577
0.00241289
0.00142941
0.00104833
0.0120169
0.294098
0.302958
0.0233538
0
0
0.000952347
0.0150329
0.0789998
0.201374
0.156105
0.0110229
0.000627866
0.00361934
0.00841534
0.0378339
0.139355
0.165289
0.358272
0.0591566
0.0442209
0.0173029
0.00494592
0.00199224
0.00846419
0.0293281
0.179486
0.131241
0.427259
0.127285
0.0106904
0.000517309
0.00160151
0.106364
0.080941
0.0195001
0.0587438
0.034872
0.0961373
0.0569581
0.124583
0.0251062
0.0279806
0.0294052
0.629784
0.189818
0.18773
0.0544568
0.0569906
0.00390691
0.0157895
0.0283742
0.519171
0.168854
0.0045789
0
0.000840476
0.000870424
0.00125672
0.00744884
0.336343
0.152309
0.00753723
0
0.000870424
0.00430357
0.00801175
0.00921572
0.519171
0.176393
0.0305528
0.00418539
0.000415246
0
0
0.00515838
0.424333
0.176834
0.00696114
0
0
0.0555907
0.109725
0.107859
0.120686
0.0618732
0.0474123
0.0358287
0.0211078
0.248211
0.372493
0.227474
0.228492
0.0696779
0.0475859
0.0217214
0.107668
0.0510013
0.0473463
0.0756726
0.199269
0.149797
0.22808
0.127966
0.0526534
0.22984
0.229698
0.0471503
0.1531
0.0995238
0.403793
0.250973
0.178102
0.245855
0.211759
0.0504034
0.0892526
0.0406913
0.0133054
0.0176322
0.0570254
0.390153
0.51281
0.0897384
0.0533801
0.0298404
0.0444499
0.0208099
0.0189863
0.119375
0.102972
0.0294661
0.0725664
0.0681508
0.103448
0.124564
0.124214
0.113774
0.177716
0.123549
0.0796166
0.0862619
0.286169
0.397561
0.0873712
0.237175
0.401537
0.0646511
0.0253912
0.0291296
0.0188485
0.0167096
0.0122677
0.23866
0.413636
0.140484
0.0637852
0.0788249
0.0122459
0.0318345
0.0912156
0.111108
0.110065
0.0788872
0.0474732
0.0947333
0.135494
0.340325
0.0762504
0.150952
0.0998586
0.121228
0.116997
0.301798
0.118783
0.255235
0.218011
0.223731
0.271579
0.0728363
0.0412456
0.0373782
0.0420056
0.121195
0.202308
0.323891
0.211335
0.0601143
0.0213191
0.028926
0.0644464
0.103459
0.149579
0.197588
0.179019
0.117741
0.114632
0.143135
0.131217
0.216115
0.316451
0.227796
0.212584
0.169692
0.0852763
0.0845526
0.183036
0.241495
0.22707
0.35309
0.124617
0.0551454
0.00449859
0.0206315
0.0396147
0.0585265
0.166899
0.220635
0.153269
0.0406085
0.0521125
0.0237582
0.0772804
0.16438
0.246604
0.291009
0.172746
0.171103
0.0179943
0.0705908
0.122084
0.191674
0.198767
0.25558
0.264154
0.242106
0.0837413
0.0391886
0.190964
0.29155
0.176039
0.115158
0.130128
0.0169442
0.0648895
0.0518768
0.149389
0.116177
0.159144
0.0645708
0.0751406
0.0226473
0.424999
0.119551
0.31757
0.0938696
0.126199
0.190848
0.226196
0.104726
0.0780347
0.0650621
0.152827
0.223891
0.121873
0.202722
0.227496
0.110198
0.246062
0.218768
0.22888
0.116023
0.198255
0.0193514
0.0303427
0.0248729
0.562094
0.137008
0.0772655
0.0140253
0.0287526
0
0
0.0103317
0.35203
0.15071
0.00267925
0
0
0.0451336
0.0499457
0.0426598
0.428627
0.328226
0.0747005
0.0343684
0.0962647
0
0
0.0116581
0.278142
0.250419
0.0123451
0.00236179
0
0.0315303
0.0106929
0.015849
0.0267
0.0577203
0.092118
0.0888327
0.0322426
0.0956136
0.0284788
0.0322493
0.164661
0.195781
0.186923
0.153823
0.130412
0.0281469
0.0161676
0.0105422
0.0132605
0.072491
0.0317129
0.0446592
0.030938
0.0506339
0.0212715
0.0539692
0.607564
0.607564
0.0618462
0.0443353
0.0689863
0.0806052
0.0187954
0.0314156
0.0896214
0.0799526
0.0523715
0.176956
0.202803
0.027075
0.00673753
0.0208863
0.0198594
0.0311603
0.135085
0.465816
0.212895
0.0442296
0.0180854
0.0561651
0.362363
0.284443
0.0180759
0.146412
0.156972
0.0156908
0.00733759
0.0278548
0.107386
0.167429
0.109727
0.465816
0.199137
0.0037739
0.0034428
0.0156897
0.0109125
0.0323697
0.0912002
0.463546
0.112174
0.0665617
0.0171099
0.0194306
0.0230731
0.099379
0.0848176
0.469064
0.161539
0.00437055
0.00296861
0.00288412
0.0554947
0.0939124
0.106754
0.392929
0.111805
0.0242207
0.00619202
0.000593869
0.0185074
0.0167447
0.0596991
0.47742
0.15436
0.145839
0.0821502
0.0281748
0.0253902
0.0407776
0.0647249
0.310089
0.169037
0.112053
0.0812419
0.0464884
0.0216339
0.0188391
0.0642421
0.270225
0.217191
0.0429095
0.00685904
0
0.00192427
0.00342539
0.0245617
0.516847
0.16318
0.0324355
0.00414054
0
0
0
0.0126686
0.516847
0.279034
0.185263
0.0837365
0.0672733
0.0060706
0.0215179
0.0514
0.194785
0.266469
0.22904
0.180343
0.12142
0.0168396
0.0105253
0.0692983
0.116504
0.131112
0.0594875
0.00738084
0.000548312
0.00104356
0
0.00809883
0.61411
0.314225
0.0806939
0.0325378
0.0161332
0.0126506
0.0115554
0.0225058
0.355295
0.177494
0.126294
0.125264
0.113951
0.0281664
0.014375
0.0422689
0.0987055
0.0740408
0.107555
0.130709
0.192771
0.291023
0.239207
0.0505319
0.0609883
0.0924918
0.0232962
0.0336524
0.160066
0.0571838
0.0287236
0.0310399
0.0942181
0.0489464
0.00633524
0.042067
0.282896
0.591238
0.42521
0.0217176
0.0144959
0.00645965
0.0140968
0.0196838
0.0411093
0.366346
0.31684
0.0280349
0.0237731
0.0383925
0
0.000206954
0.0166349
0.232891
0.179397
0.0106189
0.0032631
0
0
0.00787259
0.0509962
0.534413
0.427907
0.00731993
0.00361277
0
0
0.000669839
0.0302471
0.331597
0.195987
0.00623047
0.000815775
0
0.00775108
0.00899593
0.0186123
0.0221365
0.0446223
0.00955366
0.0133294
0.0121655
0.00391945
0.00603899
0.0306877
0.457241
0.487575
0.0118721
0.004146
0.00791773
0.00561731
0.0108535
0.0220854
0.045953
0.0320851
0.00973562
0.0114072
0.00958663
0.00218771
0.00397291
0.032935
0.449654
0.536814
0.00693214
0.0054926
0.00185258
0.00759105
0.0121163
0.0655735
0.380817
0.361221
0.00676617
0.0245539
0.0235881
0.00618951
0.0134067
0.105519
0.192816
0.237959
0.0560715
0.094617
0.0274387
0.000410488
0.00557546
0.0661313
0.332059
0.502142
0.0214936
0.0152415
0
0.00478889
0.0253575
0.26534
0.239082
0.219484
0.0834643
0.017396
0.00442542
0.0234336
0.0223926
0.0723789
0.211638
0.224964
0.081005
0.161311
0.0639427
0.0330986
0.0221548
0.012897
0.0828599
0.1162
0.0917988
0.523162
0.21907
0.0328069
0.0578179
0.315692
0.243599
0.157711
0.137447
0.0760333
0.0341906
0.030812
0.0392809
0.0619683
0.0843251
0.138025
0.326414
0.278064
0.110437
0.00700719
0.00546201
0.000128144
0.00932898
0.0441427
0.0323559
0.403779
0.172459
0.00311069
0.00273536
0
0.000758138
0.00541784
0.0188197
0.507667
0.205963
0.00259115
0.00835053
0.000973494
0.0142116
0.0827054
0.194659
0.265555
0.11651
0.0319472
0.00278152
0
0.00334599
0.036235
0.128979
0.507667
0.218101
0.00110221
0
9.86657e-005
0.000187783
0.000112377
0.0108297
0.460919
0.122976
0.00178094
0.00136872
0.00408868
0.0042923
0.0155314
0.0391555
0.429192
0.156692
0.0262055
0.00365236
0
0.00656659
0.011744
0.0761962
0.460919
0.146044
0.0204113
0.00684346
0.0237986
0.0269871
0.0521611
0.132067
0.460919
0.203346
0.000440789
0.00698153
0.0454344
0.0337612
0.0921748
0.093522
0.174815
0.0667196
0.000108584
0.0115286
0.072808
0.360029
0.349212
0.0555177
0.0191566
0
0.0198197
0.00670565
0.0451753
0.115745
0.271994
0.137574
0.205451
0.108034
0.00456107
0.00165623
0.0278383
0.48327
0.48327
0.0734684
0.0183304
0.00120312
0
0.00305611
0.0174983
0.458428
0.352252
0.00558252
0.00305697
0
0
0.00114434
0.0230799
0.221619
0.147953
0.0100458
0.00458546
0
0.0136649
0.00269353
0.0131525
0.474766
0.497771
0.010089
0.0208931
0.0211071
0.084816
0.0742115
0.0558414
0.134381
0.183342
0.0180753
0.0313396
0.0354743
0.00649852
0.00408339
0.00502788
0.0325908
0.0298022
0.00683906
0.00694489
0.00990094
0.00281714
0.00245828
0.00659202
0.35505
0.52707
0.00749829
0.00971791
0.00472745
0.015414
0.0138693
0.0182647
0.0269008
0.0293097
0.00423699
0.00690624
0.0119928
0.0114465
0.00994799
0.0342769
0.498257
0.536803
0.0101472
0.0124074
0.00917326
0
0.00696904
0.0170428
0.265409
0.407622
0.0431309
0.0258703
0.000139791
0.00136632
0.0139325
0.119808
0.149691
0.24222
0.21705
0.0233115
0.00201089
0.0345497
0.0429641
0.0363145
0.450501
0.421748
0.034089
0.0249147
0.00310459
0.122797
0.15939
0.127855
0.218732
0.19867
0.19001
0.0211457
0.00627253
0.0111181
0.0205206
0.142561
0.111395
0.200985
0.270598
0.0660904
0.0184266
0.0429421
0.0267795
0.044497
0.0441442
0.0662947
0.190881
0.250629
0.115159
0.101528
0.134118
0.110028
0.14297
0.238716
0.315056
0.0781244
0.0896106
0.368628
0.0640404
0.0286947
0.0381488
0.100582
0.160545
0.222395
0.456742
0.0307336
0.0186583
0.00195849
0.010681
0.0372772
0.130298
0.200371
0.176942
0.0774694
0.0279369
0
0.00420118
0.0322415
0.113153
0.234742
0.360813
0.370642
0.0402018
0.0016087
0.00248278
0.00497253
0.0162398
0.140043
0.399861
0.395536
0.13352
0.00465888
0.00100343
0.00395549
0.0198213
0.0913801
0.385033
0.137295
0.0463243
0
0.0198714
0.0310035
0.121578
0.330894
0.312952
0.127841
0.0364833
0.0425889
0.0573739
0.0610446
0.169766
0.408769
0.28634
0.349199
0.174389
0.00702512
0.0187534
0.00697848
0.0160934
0.042158
0.264751
0.300671
0.082727
0.011949
0.040285
0.0148272
0.030462
0.121792
0.205796
0.0554333
0.0132967
0.0624085
0.153763
0.188869
0.0647315
0.115846
0.127673
0.0421859
0.0471674
0.107918
0.454336
0.490383
0.0429856
0.0223549
0.0570729
0.230417
0.0175655
0.0183762
0.0395214
0.0570536
0.0470511
0.105575
0.113951
0.433047
0.168557
0.102319
0.128908
0.157068
0.0475135
0.0631614
0.136062
0.0759589
0.0456533
0.0688034
0.340507
0.480947
0.0109487
0.0177396
0.0762782
0.313889
0.150384
0.033211
0.0538456
0.174857
0.00766511
0.0223299
0.110475
0.309375
0.1981
0.100019
0.123009
0.184862
0.0114034
0.00824226
0.0860287
0.392095
0.160141
0.031576
0.0265706
0.0764983
0.003812
0.000997438
0.134444