0.199586
0.0658094
0.000267459
0
0.00382658
0.066332
0.200501
0.34482
0.206299
0.0773182
0.00684481
0.000153817
0.0365575
0.106443
0.364765
0.315343
0.357924
0.128007
0.00168144
0.000801739
0.0094159
0.0283984
0.0879114
0.245424
0.273015
0.135757
0.00417478
0.00061527
0.0291913
0.0507802
0.179668
0.223317
0.186653
0.074
0.040053
0.00325137
0.0383282
0.201446
0.261918
0.268008
0.325381
0.226728
0.144991
0.0310012
0.0551685
0.180851
0.0795789
0.291155
0.142637
0.0591343
0.0136586
0.00246413
0.026873
0.066109
0.191821
0.238176
0.230958
0.0720967
0.038375
0.0117477
0.0393587
0.0762988
0.11901
0.375577
0.263789
0.151068
0.0920856
0.0500901
0.0598857
0.109084
0.0595897
0.200589
0.313651
0.0607501
0.0387404
0.0303261
0.0684306
0.182982
0.164472
0.298089
0.178366
0.0402159
0.0156208
0.00821212
0.0589523
0.117059
0.119924
0.294381
0.161052
0.0729722
0.00406524
0.00313131
0.0477409
0.188287
0.324854
0.344069
0.101403
0.0207437
0.0130427
0.0118358
0.0215617
0.0665193
0.107955
0.158156
0.0881449
0.0210776
0.0115614
0.0399565
0.0404426
0.0601857
0.155693
0.205393
0.159975
0.0974289
0.0317824
0.0121461
0.0104748
0.0439953
0.131862
0.221917
0.418282
0.641255
0.110667
0.036673
0.0559618
0.0185839
0.108973
0.254337
0.056759
0.0521749
0.0190975
0.0298704
0.0184866
0.0117777
0.0606602
0.073157
0.224521
0.179585
0.051435
0.0416647
0.0298296
0.0169472
0.0489865
0.0919693
0.2011
0.517741
0.104131
0.0704513
0.0416492
0.00383511
0.0437412
0.0639494
0.322691
0.547198
0.278828
0.102666
0.0543271
0.0184298
0.0444105
0.0328482
0.143307
0.0732028
0.0425688
0.020921
0.00874495
0.0158717
0.041464
0.144668
0.228902
0.127567
0.070426
0.0568124
0.000621555
0.011467
0.110563
0.252954
0.302289
0.445618
0.127988
0.0347552
0.0131174
0.0178507
0.0345512
0.0365718
0.445618
0.445618
0.118929
0.102631
0.00467623
0.011602
0.0567914
0.125854
0.278206
0.110254
0.0410027
0.0171838
0.0149121
0.0175296
0.132977
0.22731
0.187524
0.0224657
0.00852923
0.000248141
0.0220847
0.151299
0.234619
0.249421
0.377184
0.296869
0.0732427
0.161062
0.136236
0.0241695
0.0963743
0.160237
0.175759
0.115463
0.0590362
0.255195
0.208959
0.197224
0.288249
0.16839
0.205129
0.0848369
0.00533628
0.00240567
0.0117919
0.00738901
0.0299391
0.0925816
0.137041
0.0757047
0.025336
0.00016748
0.0058044
0.0200073
0.0739742
0.106484
0.144838
0.0312604
0.00435823
0.00160378
0.00744297
0.00656243
0.138356
0.541169
0.185245
0.0774226
0.0328016
0
0.0021964
0.0447716
0.138143
0.635306
0.0347695
0.0195685
0.0110138
0.000446529
0.0033975
0.00868543
0.0414064
0.0504053
0.0827253
0.0422608
0.0152503
0.00653097
0.00825633
0.00703781
0.021043
0.0724551
0.225117
0.115191
0.0285437
0.000668239
0.00337044
0.0157778
0.0288084
0.215334
0.610573
0.610573
0.154541
0.00409206
0.00572958
0.00542837
0.00626299
0.19309
0.0645582
0.0292883
0.00437879
0.0022941
0.00820341
0.00885573
0.00931214
0.0368882
0.126387
0.187217
0.00890114
0.000834799
0.00938258
0.0155438
0.039346
0.0522217
0.363305
0.48543
0.1062
0.000966401
0.00196465
0.00188158
0.00461773
0.0559612
0.476074
0.48543
0.196148
0.0002087
0.00210627
0.00323206
0.0171744
0.0809198
0.112333
0.212304
0.0410704
0.000953331
0.00149696
0.00362584
0.023004
0.0331369
0.17966
0.419438
0.109126
0.00247581
0.00377801
0.000473916
0.0056445
0.0337483
0.324043
0.419438
0.120419
4.17689e-005
0.0002474
0.00127382
0.0108799
0.0463824
0.419438
0.419438
0.150217
0
0
0.000274617
0.00256671
0.0635381
0.144695
0.38893
0.0811378
0.00791268
0.00483844
3.77118e-005
0.00150728
0.0210408
0.235178
0.38893
0.109907
0.0107619
0.00433706
0.000761438
0.0018518
0.0103084
0.335467
0.38893
0.0699333
0
0
0
0
0.0525542
0.369976
0.38893
0.0340425
0
0
0
0
0.050029
0.321454
0.364894
0.0532459
0.00568918
0.00190876
0.00130829
0.00396275
0.0179966
0.364894
0.317809
0.0155328
0.0761583
0.059472
0.026097
0.0290967
0.132487
0.301499
0.364894
0.008553
0.0170629
0.0118798
0
0.00359878
0.0366349
0.199307
0.114077
0.00194025
0.364894
0.193893
0.0276527
0.0254944
0.102637
0.147292
0.0877179
0.0166485
0.284007
0.177154
0.0376498
0.0322453
0.108094
0.0475835
0.0548042
0.0426155
0.441328
0.22863
0.0344261
0.048137
0.0330093
0.0407663
0.00544491
0.00801068
0.441328
0.278192
0.032042
0.0146437
0.0569568
0.000538868
0.000548914
0.0104034
0.441328
0.261696
0.00408212
0
0.00120823
0.0540066
0.0610726
0.0194575
0.0101206
0.00011761
0.000301517
0.0590248
0.180928
0.170007
0.355505
0.0298933
0.00253014
4.40151e-005
0.00368788
0.0327283
0.271366
0.061306
0.205503
0.216726
0.141526
0.0323808
0.081446
0.0867443
0.0952201
0.253425
0.517913
0.352354
0.0875128
0.0457388
0.0723957
0.198868
0.161889
0.172566
0.283713
0.019748
7.35162e-005
0.00016661
0.00139077
0.00662152
0.0965781
0.346164
0.406383
0.0728061
0.000294065
0.000245897
0.000260873
0.00226287
0.0635931
0.180494
0.406383
0.0798038
0.0555653
0.0169901
0.0234359
0.0924539
0.0749684
0.370949
0.406383
0.0641331
0.0940685
0.0154535
0.0151848
0.0633763
0.0550205
0.262796
0.362852
0.079079
7.32487e-005
2.75216e-005
2.51794e-005
0.000847581
0.0285341
0.314068
0.362852
0.118089
0
0
0
0.000858812
0.0673256
0.284397
0.362852
0.0439327
0.0461195
0.0244987
0.00477139
0.0185533
0.0447716
0.348906
0.362852
0.0998138
0.0542396
0.0440216
0.0474327
0.0500025
0.122111
0.364846
0.384563
0.0829928
0
0
0
0.000738521
0.0762493
0.384563
0.384563
0.068145
0
0
0
0.000161437
0.0696013
0.302519
0.30056
0.0704487
0.0371429
0.0448315
0.0989635
0.0880404
0.12017
0.270594
0.200841
0.0690791
0.0389587
0.0467412
0.0734872
0.0557347
0.101054
0.456996
0.50631
0.0475281
0
0
0
0
0.0997863
0.280991
0.359324
0.0105526
0
0
0
0
0.0812782
0.236448
0.128546
0.0514188
0.0388364
0.0511831
0.12889
0.121019
0.179631
0.147504
0.180113
0.0638905
0.0256063
0.0250106
0.0886006
0.0952071
0.196486
0.0981252
0.108136
0.000184446
0.0458092
0.0299403
0
0.000868713
0.024843
0.0281532
0.017381
0.00194712
0.556076
0.3117
0.00455045
0.00347485
0.0143651
0.0925482
0.0857908
0.017551
0.0953604
0.0556359
0.0636356
0.072214
0.146015
0.0109447
0
0.0209327
0.556076
0.370845
0.0584119
0.0341791
0.0403103
0.00107505
0.000142633
0.00882427
0.456164
0.197609
0.00200775
0.000688898
0.00230701
2.64167e-005
0
0.00969043
0.456164
0.139306
0
0
2.64167e-005
0.000424033
0
0.0415966
0.456164
0.205635
0.0117173
0.00515561
0.00438333
0.000957094
0
0.0369451
0.456164
0.135449
0.00268263
0.0012889
0.00194692
0.0110785
0.0623888
0.117022
0.0816479
0.0391002
0.162382
0.24162
0.0643088
0.0548206
0.255785
0.168259
0.0683286
0.0557454
0.186826
0.492856
0.0783477
0.0439794
0.0466156
0.0818207
0.0210626
0.0232768
0.103716
0.31524
0.0919135
0.0304927
0.0206319
0.00672087
0.0106083
0.0164696
0.2494
0.492856
0.103945
0.0532176
0.1631
0.0445041
0.0791623
0.0359952
0.0981657
0.319667
0.0519525
0.127328
0.245909
0.0315727
0.140058
0.0385551
0.0965606
0.37897
0.0475318
0.0101506
0.00714615
0.000529475
0.0184958
0.0164512
0.219118
0.444809
0.0358752
0.0101565
0.00805848
0.00248244
0.0352502
0.0208174
0.315389
0.444809
0.0378391
0.11379
0.215862
0.0365012
0.0931226
0.0769828
0.061314
0.263556
0.054267
0.207475
0.207994
0.142095
0.117499
0.138246
0.160261
0.174393
0.140258
0.00653264
0.00579001
0.00861045
0.028675
0.0510654
0.235146
0.442557
0.0479594
0.123586
0.0740412
0.0580094
0.0420077
0.0894033
0.259611
0.442557
0.187732
0.194076
0.180107
0.174496
0.142136
0.11332
0.226759
0.148551
0.139278
0.185529
0.19587
0.147358
0.158769
0.154909
0.206169
0.140923
0.138319
0.154149
0.143657
0.116666
0.0835695
0.0472734
0.163568
0.430569
0.218089
0.181026
0.101989
0.0826958
0.0965732
0.0821368
0.146649
0.195432
0.230224
0.151475
0.140811
0.10523
0.104467
0.162872
0.176621
0.136641
0.148319
0.146261
0.316412
0.19521
0.10291
0.159679
0.228854
0.154278
0.183173
0.182957
0.0963425
0.0843547
0.0725071
0.135408
0.101493
0.0912132
0.1913
0.226973
0.195443
0.162158
0.0961984
0.187922
0.266141
0.201586
0.294098
0.0912734
0.162296
0.0670907
0.153203
0.0893402
0.159367
0.127812
0.124141
0.013331
0.0161198
0.054523
0.485499
0.223325
0.0860824
0.0466744
0.0332344
0.201372
0.158619
0.0869868
0.270997
0.104167
0.141159
0.114671
0.154462
0.0584792
0.0532784
0.0754271
0.485499
0.245393
0.0405938
0.0178396
0.0155023
0.00156667
0
0.0440563
0.451686
0.190318
0.00990452
0.00855898
0.00951996
0.00178382
0
0.0208561
0.421573
0.148772
0.00200109
0.00317772
0.00472178
0.00104445
0
0.0251332
0.451686
0.254488
0.000673312
0.00213974
0.00407721
0.00140552
0.000681462
0.0022472
0.451686
0.197691
0.000136649
0.00209189
0.00323011
0.149814
0.0885025
0.0995772
0.0302345
0.0468985
0.0508558
0.207053
0.165832
0.0800615
0.0424933
0.0174455
0.0122708
0.0575044
0.226593
0.655219
0.170988
0.107893
0.101231
0.125276
0.135979
0.115018
0.0838445
0.113495
0.146926
0.067783
0.143209
0.0962633
0.160347
0.181499
0.177717
0.24067
0.063936
0.0017216
0.0222843
0.00544257
0.0204727
0.0259356
0.192129
0.485524
0.0458391
0.00783278
0.0255104
0.00816386
0.0238683
0.0360699
0.421515
0.485524
0.0416523
0.0339638
0.164922
0.0326002
0.0584446
0.0666692
0.0904847
0.14718
0.0313844
0.0793749
0.156211
0.0458085
0.0484646
0.0729312
0.198529
0.324242
0.0689145
0.00436564
0.00404247
0.000751139
0.0020773
0.00894378
0.211583
0.447985
0.0325546
0.0273839
0.0113537
0.00138347
0
0.00302161
0.210297
0.447985
0.0697011
0.029614
0.022354
0.00652491
0.00780037
0.0183836
0.177152
0.349755
0.0641052
0.0174506
0.00197232
0
0
0
0.290413
0.447985
0.115866
0.024579
0.0127272
0.00445155
0
0.000396311
0.0978811
0.468684
0.0603405
0.0331063
0.00683389
0.00428096
0
0
0.0501695
0.392384
0.0685059
0.00654238
0
0
0
0
0.220747
0.468684
0.0783794
0.00147383
0
0
0
0
0.248285
0.468684
0.0421832
0.0573822
0.0124461
0.00862539
0.00169514
0.0092973
0.030654
0.210582
0.0905264
0.106792
0.0213949
0.0121733
0.0104509
0.027037
0.052563
0.0711814
0.167028
0.00383725
0
0
0
0
0.222225
0.611309
0.110492
0.00826367
0.00104582
0
0.0102038
0.00858103
0.0853427
0.611309
0.132658
0.103109
0.031463
0.0158862
0.224677
0.0512312
0.0162619
0.0221022
0.0845869
0.0333337
0.0170168
0.024845
0.556735
0.210927
0
0
0.00771002
0.00979318
0.00266736
0.00714501
0.314434
0.0937611
0.012608
0.117748
0.0288855
0.00563247
0.00177824
0.0466058
0.556735
0.284213
0.00741356
0.00471234
0.0025668
0
0
0.00893741
0.484715
0.19691
0
0
0
0.00153627
0.000928772
0.000442577
0.39352
0.135775
0.000484816
0.000225167
0.000702303
0
0
0.0231919
0.484715
0.198104
0.00451839
0.000169054
0
0.00450509
0.00203446
0.00525493
0.462269
0.128525
0.00032321
0
0.00137112
0.0840018
0.143201
0.138525
0.163709
0.0853088
0.047624
0.0605808
0.120839
0.0722791
0.195401
0.184913
0.194398
0.10395
0.0866132
0.0590361
0.0538859
0.315242
0.135432
0.0658751
0.077537
0.0420028
0.028294
0.115362
0.475287
0.238368
0.227169
0.145762
0.081743
0.0404368
0.0277901
0.0592295
0.420072
0.118141
0.30735
0.0965494
0.105185
0.0796671
0.048954
0.0744831
0.0414211
0.259106
0.329029
0.0818397
0.0407834
0.0591425
0.0349998
0.172268
0.193474
0.194553
0.292886
0.0901623
0.0628715
0.0498081
0.00901908
0.0483199
0.161708
0.263874
0.474992
0.120688
0.0551455
0.0227772
0.00183356
0.06258
0.192912
0.129941
0.0534632
0.010415
0.00759853
0.0144263
0.0935341
0.233152
0.167652
0.165107
0.00741159
0
0.00144283
0.00144283
0.23694
0.5438
0.431058
0.178239
0.0938443
0.0204212
0.0171143
0.00930652
0.0036018
0.0576346
0.192576
0.197592
0.0184808
0.0106863
0.043451
0.0315849
0.0126373
0.187958
0.332221
0.0290081
0
0
0.00115523
0.00115523
0.154629
0.4734
0.166007
1.7738e-005
0
0
0.000288807
0.000288807
0.303843
0.4734
0.0383194
0.0362096
0.00446202
0.00917378
0.0165448
0.0107801
0.0433161
0.269327
0.110471
0.00653612
0.00133469
0.00967209
0.00366189
0.00523767
0.208064
0.4734
0.0538914
0.000281081
0
0
0
0
0.161259
0.443359
0.0286292
0.00708854
0.00161821
0
0.00319384
0.0020656
0.111717
0.443359
0.079742
9.54619e-005
0.000129522
0.00150625
0.00141028
0.0107368
0.216222
0.443359
0.0243129
0.0126715
0.00107881
0
0.00066959
0.00912706
0.257992
0.443359
0.09944
0.0471701
0.0321475
0.0303828
0.154453
0.0426709
0.035345
0.347459
0.111176
0.0498066
0.0424415
0.0835509
0.430104
0.147117
0.00648111
0.0337134
0.059705
0.104598
0.0424415
0.0300923
0.0393703
0.0110733
0.138401
0.430104
0.217094
0.144335
0.0769159
0.094285
0.430104
0.113047
0.0386124
0.207056
0.162028
0.00673047
0.00695229
0.0321498
0.51056
0.171573
0.00590137
0.000656714
0.00413434
0.00158762
0.00109577
0.0126248
0.397567
0.106468
0.00335595
0
0.000483189
0.047566
0.0260049
0.0406604
0.51056
0.204018
0.00944704
0.019894
0.0600612
0.0452175
0.000118659
0.00860459
0.377475
0.13161
0.0145786
0.00228388
0.12495
0.240474
0.0475293
0.00943872
0.0113346
0.0420739
0.0443856
0.109833
0.403222
0.187127
0.0744229
0.0274664
0.00669048
0.00606165
0.0220945
0.0952091
0.50454
0.166849
0.138481
0.0200803
0.00751039
0.0346424
0.0437096
0.137996
0.205708
0.306919
0.194365
0.0366951
0.00359489
0
0.0442476
0.168584
0.329321
0.152804
0.150828
0.0820554
0.024154
0.0138605
0.0241965
0.0695603
0.254572
0.110526
0.295277
0.227189
0.067972
0.0325901
0.0320346
0.0303517
0.111265
0.284381
0.348952
0.205407
0.0256848
0.000703397
0.0458492
0.115432
0.172881
0.21681
0.349758
0.366417
0.0655659
0.0478288
0.0726857
0.0809597
0.0963676
0.172716
0.195434
0.12988
0.0533944
0.109841
0.0863209
0.0554963
0.289403
0.177714
0.0669273
0.0792187
0.125853
0.182719
0.0801496
0.0855112
0.243148
0.165688
0.174018
0.175908
0.0332726
0.19408
0.174945
0.213424
0.264658
0.279193
0.131845
0.07963
0.0497684
0.159134
0.126909
0.187286
0.25566
0.0522377
0.0259573
0.064516
0.0706467
0.0581919
0.0378215
0.131903
0.0685975
0.0298699
0.0218299
0.080507
0.0534191
0.0769279
0.230018
0.807128
0.0903215
0.10281
0.14415
0.0806638
0.0583171
0.0344015
0.0244994
0.0351695
0.0653376
0.0542915
0.149346
0.117499
0.132952
0.162835
0.0852092
0.07859
0.036866
0.0108367
0.00234108
0.00902426
0.0116425
0.0811592
0.266545
0.424395
0.0317327
0.0645513
0.00585826
0.000659812
0.00179431
0.0608739
0.363529
0.511885
0.170291
0.0264899
0.0167111
0.0409823
0.0517141
0.0976152
0.120153
0.120726
0.036976
0.114636
0.0425138
0.0492218
0.0483463
0.0569751
0.13519
0.371969
0.185612
0.0507624
0.0076787
0.00238822
8.23523e-005
0.00545243
0.117703
0.396843
0.122003
0.10739
0.0984831
0.0244761
0.259417
0.0420347
0.054093
0.378802
0.160839
0.0472254
0.0158654
0.00956376
0.0115392
0.0077105
0.03927
0.396843
0.173106
0.197297
0.133914
0.0122188
0.0424069
0.00484811
0.0261753
0.356812
0.360619
0.115197
0.153781
0.0324592
0.40741
0.0831231
0.0107044
0.05582
0.160051
0.184671
0.0649372
0.00922623
0.137191
0.0574316
0.0102619
0.00695343
0.421207
0.255048
0.294039
0.0280966
0.0618024
0.0115386
0.0142075
0.0687021
0.248025
0.239005
0.148223
0.0125566
0.0136482
0.00961317
0.0228738
0.0189883
0.421207