0.0330511
0.0609111
0.241236
0.150225
0.0552223
0.0386607
0.00934628
0.0231551
0.0470867
0.103909
0.255283
0.320504
0.0753344
0.0357913
0.00610901
0.029921
0.0279565
0.102152
0.461144
0.144967
0.0327645
0.0158972
0.0048612
0.0200607
0.0376755
0.253821
0.493021
0.18274
0.0171115
0.00178807
0.000990853
0.0199413
0.0696903
0.253794
0.224025
0.197121
0.0766671
0.045067
0.00208014
0.0441913
0.0494157
0.212772
0.20607
0.126355
0.0803974
0.0432493
0.0343265
0.086887
0.0536823
0.389501
0.416384
0.148784
0.0126768
0.00613729
0.0115443
0.0303929
0.0789713
0.223223
0.252873
0.0933581
0.11076
0.0670561
0.0568032
0.126913
0.0984554
0.115283
0.102984
0.0884852
0.0613494
0.0794404
0.0938685
0.196836
0.138558
0.167673
0.1435
0.0754395
0.0559323
0.103673
0.108922
0.164279
0.0963316
0.137314
0.175259
0.0959429
0.161602
0.156385
0.168479
0.208761
0.201147
0.340854
0.254892
0.0990742
0.10173
0.161734
0.205519
0.132491
0.105761
0.100441
0.182262
0.195519
0.0332046
0.0683687
0.0770012
0.106169
0.162317
0.0981685
0.176903
0.221888
0.0709689
0.0457428
0.166044
0.158048
0.18549
0.188601
0.178664
0.135706
0.0518235
0.125029
0.159481
0.12588
0.223315
0.107122
0.138194
0.152669
0.0824716
0.107553
0.280674
0.221105
0.0687882
0.0272055
0.0278536
0.0269453
0.0525249
0.0244446
0.0933437
0.0879699
0.084024
0.0368409
0.0336367
0.0400041
0.0883216
0.0596247
0.0864415
0.0819897
0.205068
0.119118
0.0554271
0.0285736
0.0554078
0.0403394
0.0838813
0.0806617
0.555421
0.604899
0.140126
0.0404055
0.0862909
0.0395114
0.0408975
0.0557011
0.070076
0.0447464
0.0213146
0.0411957
0.0437962
0.0206336
0.0239108
0.0327075
0.156429
0.0682921
0.0111532
0.0416927
0.0315418
0.0438479
0.0561209
0.0909306
0.32363
0.52378
0.0919473
0.0300109
0.0398314
0.0102055
0.00689335
0.0308754
0.403645
0.415225
0.0401163
0.0374838
0.0487341
0.217846
0.17208
0.197494
0.122304
0.0451256
0.0115979
0.0381411
0.0353453
0.0944346
0.0816867
0.089264
0.0896472
0.0623874
0.0287599
0.0714967
0.0420995
0.0936932
0.0441596
0.0432868
0.170634
0.0908105
0.0112438
0.0681589
0.203486
0.640973
0.257241
0.165655
0.0711074
0.0900065
0.0328549
0.102771
0.242351
0.33712
0.0973046
0.0334349
0.041237
0.0936554
0.285526
0.22379
0.0939454
0.0121477
0.00660588
0.0248691
0.0447704
0.269794
0.40928
0.127607
0.0319763
0.00415304
0.0100402
0.0223573
0.0687999
0.223181
0.238628
0.185584
0.0788593
0.00602472
0.0306715
0.0704854
0.114147
0.306213
0.3623
0.144043
0.0766597
0.0141958
0.0409957
0.0761953
0.0658858
0.285654
0.332413
0.109368
0.0302552
0.019199
0.0551932
0.0531955
0.101164
0.141959
0.18849
0.0927164
0.117934
0.0658921
0.125876
0.114749
0.18944
0.187203
0.220503
0.148968
0.130942
0.0802574
0.118119
0.178075
0.16958
0.136373
0.228404
0.145831
0.143042
0.135244
0.16234
0.168538
0.0614478
0.0601748
0.078067
0.0736647
0.0898513
0.0465673
0.0688203
0.0496373
0.125981
0.113179
0.104462
0.10858
0.112329
0.047843
0.10375
0.0822906
0.102502
0.15407
0.134741
0.116789
0.103703
0.057341
0.0817164
0.0863865
0.239873
0.59565
0.341096
0.15924
0.192101
0.0957446
0.134188
0.0866662
0.052619
0.0554733
0.0265278
0.0225882
0.0300286
0.0173546
0.035003
0.0227469
0.143348
0.180808
0.0471522
0.0186467
0.0158512
0.0139477
0.0227959
0.017524
0.245896
0.296094
0.128623
0.0211299
0.045662
0.0229058
0.0387778
0.0159947
0.483189
0.657661
0.147673
0.00962287
0.0155071
0.00446416
0.0076294
0.0135583
0.127606
0.14623
0.0513167
0.00326276
0.00307758
0.00418016
0.00539468
0.00978346
0.212178
0.316706
0.0886838
0.0014761
0.00227562
0.00125741
0.00160309
0.0200158
0.240678
0.463535
0.0899832
0.000827081
0.000181624
0
0
0.00428364
0.36364
0.571325
0.0950436
0.00183087
0.00402473
0.00123526
0.00765235
0.0309234
0.185932
0.32285
0.0813048
0.00109727
0.00767733
0.0091619
0.0147331
0.0608742
0.113305
0.181529
0.0383963
0.0561066
0.101147
0.111738
0.0685545
0.0853188
0.331265
0.430046
0.049373
0.0510445
0.149189
0.0615494
0.0788876
0.127385
0.104614
0.0646778
0.0244133
0.261991
0.489825
0.11072
0.0997905
0.107081
0.0231257
0.0271099
0.00740722
0.142778
0.261731
0.24283
0.0582335
0.0304669
0.0185244
0.0263735
0.011262
0.115502
0.225309
0.122039
0.0193457
0.0112347
0.000860822
0.00461251
0.0138764
0.415333
0.565034
0.0560844
0.017574
0.00978417
0.0143666
0.0168624
0.0366416
0.278363
0.340432
0.0302299
0.0133185
0.0135881
0.0205079
0.121724
0.132158
0.129624
0.0785496
0.0254352
0.0387392
0.0425323
0.0609412
0.133298
0.135852
0.134674
0.159863
0.0401132
0.0574547
0.0653229
0.0699055
0.106251
0.0621312
0.0968097
0.169977
0.0859031
0.0706574
0.0784422
0.310647
0.66413
0.117483
0.0643698
0.167452
0.0834048
0.0840652
0.164163
0.0349192
0.0522045
0.0222994
0.0421393
0.0434317
0.02204
0.0273254
0.0311167
0.111942
0.193913
0.0406878
0.033219
0.0219287
0.0300469
0.0231373
0.0252649
0.163243
0.436796
0.06875
0.0162877
0.0279022
0.0143581
0.0219387
0.0356053
0.301133
0.720969
0.16423
0.0150971
0.00380359
0.0110742
0.0109682
0.0187136
0.0975965
0.174409
0.0564734
0.0108569
0.00888568
0.0105548
0.00899544
0.0127501
0.102992
0.366521
0.146033
0.0124628
0.010985
0.0101888
0.010633
0.00589096
0.199897
0.492788
0.139971
0.00609981
0.00238431
0.00795506
0.00112712
0.00282243
0.205776
0.585055
0.204231
0.00537759
0.00223073
0.0211394
0.0443386
0.0239102
0.10047
0.284274
0.079962
0.00479552
0.0037671
0.00375143
0.00436721
0.00548092
0.213236
0.459641
0.05054
0.00094496
0.000968115
0.000502286
0.000719491
0.0136106
0.109115
0.497121
0.0669432
0.00249089
0.000220837
0.00768547
0.0549466
0.0282118
0.268521
0.497121
0.0180073
0.000622721
0
0.0026321
0.0384927
0.0747042
0.207664
0.521889
0.0292861
0
0
0.000220141
0.00123815
0.00616495
0.25904
0.534573
0.0171541
0.00983891
0.0132695
0.00275683
0.00858672
0.0131063
0.227159
0.368416
0.0110618
0.000537392
0
0.0109734
0.0529839
0.0933545
0.168685
0.199758
0.0139686
0.018192
0.0191365
0.0124448
0.0435522
0.082332
0.131658
0.168043
0.00388742
0.118646
0.176743
0.0263729
0.0274774
0.0320667
0.0274513
0.00946826
0.00252825
0.290344
0.438061
0.0352942
0.0263759
0.0216759
0.0657773
0.0431576
0.00775237
0.213684
0.226635
0.0068575
0.0171865
0.0617046
0.00470014
0.00676816
0.0135075
0.46462
0.503676
0.00431597
0.00626718
0.0116354
1.21646e-005
0
0.00509871
0.273539
0.454662
0.0155709
0.00336267
0.00108264
0.00415134
0.00368195
0.0218659
0.154185
0.267472
0.0493659
0.0129181
0.00773716
0.00185238
0.00258293
0.0109285
0.384755
0.510658
0.00940341
0
0
0.0365089
0.0224022
0.00463599
0.21
0.307645
0.0760455
0.0119052
0.00874453
0.0557949
0.104707
0.0646084
0.0594582
0.0750364
0.0269225
0.0224965
0.0485746
0.16355
0.584201
0.144529
0.0396316
0.0383826
0.0160476
0.0194893
0.0444783
0.0207591
0.0840185
0.117135
0.179202
0.193426
0.123284
0.0830039
0.0358488
0.0593732
0.354236
0.162891
0.109438
0.111962
0.257683
0.365308
0.0349697
0.124786
0.382434
0.0836255
0.0287255
0.0178929
0.00888215
0.00721366
0.0304716
0.174217
0.531992
0.170005
0.0679383
0.0257304
0.0409748
0.02406
0.0285609
0.0564402
0.161716
0.053969
0.0650215
0.0306839
0.130305
0.200417
0.0661624
0.07515
0.222392
0.113187
0.131124
0.0542857
0.229057
0.405603
0.120185
0.129592
0.384918
0.111339
0.0459036
0.0278252
0.034382
0.0169914
0.0108411
0.180873
0.427367
0.151021
0.0683848
0.045425
0.0924565
0.0818423
0.0699444
0.087289
0.194324
0.0682479
0.0806215
0.0715088
0.11221
0.347646
0.0966226
0.165017
0.240749
0.145819
0.129048
0.113477
0.208858
0.255981
0.231196
0.116735
0.359147
0.0719685
0.03213
0.0280417
0.0789831
0.162213
0.087007
0.246254
0.345973
0.0525317
0.03151
0.0337518
0.0393173
0.147108
0.138519
0.138843
0.271035
0.125524
0.0866405
0.0503989
0.140552
0.19722
0.196234
0.223265
0.256655
0.098032
0.0701898
0.0506277
0.0533822
0.254451
0.337228
0.176209
0.168768
0.0708493
0.0302428
0.06993
0.0532525
0.140483
0.147315
0.221102
0.183261
0.0865309
0.0570263
0.0809093
0.0565441
0.111214
0.178858
0.21142
0.233736
0.121088
0.0701869
0.163438
0.085155
0.166052
0.230178
0.287122
0.260717
0.14333
0.160508
0.258992
0.112085
0.214695
0.354197
0.10184
0.0515313
0.0149558
0.169911
0.145752
0.0541033
0.0664678
0.12132
0.00528292
0.0100546
0.0152291
0.376902
0.336906
0.0355092
0.0243792
0.0190002
0.159811
0.118645
0.0579943
0.245434
0.22277
0.0810601
0.0962458
0.180396
0.0187739
0.0368188
0.0354776
0.444737
0.448716
0.0565878
0.0218946
0.00803788
0.00474888
0.00684559
0.0152922
0.449498
0.30555
0.00387671
0
0
0.0764114
0.0542287
0.00137845
0.268283
0.152675
0.020124
0.00841189
0.00504434
0.00245885
0.0151779
0.031272
0.446295
0.448748
0.0194263
0.000545977
0
0.0486863
0.0851625
0.0497519
0.245405
0.231311
0.0365428
0.0222229
0.0317759
0.00811223
0.0606991
0.0668536
0.0858348
0.117043
0.155624
0.155399
0.012725
0.009783
0.0380236
0.0404824
0.0496645
0.0696547
0.424666
0.662224
0.0363213
0.0420491
0.0860765
0.0321581
0.0104904
0.0329904
0.0669215
0.142614
0.0551616
0.0329124
0.108497
0.0540003
0.0356455
0.0277887
0.186483
0.305694
0.0744914
0.00982556
0.0118407
0.0068118
0.0196729
0.00925896
0.157853
0.362648
0.10806
0.0110509
0.0127509
0.0132941
0.0307118
0.0137571
0.165834
0.57398
0.1917
0.0145268
0.0220603
0.00950067
0.0109316
0.0163973
0.0762104
0.224641
0.127511
0.014114
0.00728028
0.0047311
0.00508164
0.0187656
0.136327
0.487233
0.194469
0.0224802
0.0176592
0.00738005
0.0160294
0.0199736
0.0980243
0.409465
0.106876
0.0538019
0.0751676
0.068668
0.0302165
0.0310881
0.14454
0.427021
0.211259
0.00733117
0.00226979
0.0010075
0.00312766
0.0051998
0.10507
0.358216
0.122563
0.00396306
0.00127743
0.0125209
0.00265992
0.00293801
0.13393
0.518268
0.228768
0.0586662
0.103298
0.0660851
0.0215831
0.00829557
0.0650923
0.321945
0.143166
0.115738
0.0803658
0.0247516
0.0141292
0.00621255
0.0250863
0.359079
0.22738
0.00473701
0.0150869
0.0135501
0.00058131
0.00295691
0.100495
0.48159
0.150555
0.019886
0.0245709
0.00527312
0.00489794
0.000739227
0.0754675
0.538761
0.187967
0.133128
0.091753
0.0226505
0.0160489
0.0422392
0.0351711
0.168426
0.180407
0.168626
0.100456
0.0316803
0.0467265
0.089832
0.0454782
0.128223
0.284163
0.0277813
0.0105513
0.000823272
0.00428913
0.000346311
0.0433253
0.580723
0.234775
0.0776058
0.0153576
0.00862149
0.00922278
0.0142242
0.0211887
0.443576
0.322358
0.121656
0.0742393
0.0317452
0.170331
0.181633
0.0151158
0.0325878
0.114963
0.0242878
0.029789
0.020631
0.355116
0.408187
0.0171467
0.00298678
0.000884691
0.061937
0.0237612
0.0268263
0.194567
0.191866
0.00547538
0.112914
0.0968011
0.0157737
0.0173729
0.0266264
0.488429
0.464431
0.00512866
0.0102582
0.00941846
0
0.00719657
0.0164992
0.274656
0.407425
0.0264244
0.00212738
0
0.0336005
0.0413809
0.054663
0.167803
0.239805
0.0410064
0.00994264
0.018467
0
0.00405319
0.0106615
0.492952
0.43254
0.0117717
0.00322159
0
0.0313428
0.0237188
0.0668311
0.306125
0.258123
0.0359001
0.0147096
0.00101995
0.0632654
0.286654
0.145862
0.0481094
0.0976812
0.1055
0.130142
0.111766
0.102978
0.251448
0.1901
0.0810153
0.0959978
0.147068
0.128526
0.153767
0.0564974
0.301894
0.254974
0.132686
0.121121
0.126509
0.0700156
0.104549
0.186878
0.0674405
0.143219
0.0903993
0.13643
0.192659
0.165111
0.224449
0.0653508
0.0682194
0.0821985
0.0427596
0.0865341
0.091787
0.120563
0.132353
0.0867822
0.0545447
0.0796419
0.0609303
0.192366
0.251936
0.419474
0.319452
0.107849
0.0320197
0.147736
0.0732661
0.0895335
0.0752933
0.0596659
0.109619
0.204613
0.093909
0.175843
0.150874
0.193715
0.107416
0.139917
0.347271
0.0327456
0.0199268
0.0185626
0.0263295
0.0550562
0.0968344
0.285435
0.240452
0.014844
0.0113966
0.00541545
0.0130703
0.0238249
0.0902073
0.575944
0.507536
0.0784089
0.0394424
0.0347478
0.0552367
0.0991808
0.0534317
0.0669216
0.157035
0.0324584
0.035394
0.0146174
0.0418141
0.0805253
0.0480889
0.191493
0.233562
0.002622
0.01987
0.00204167
0
0.0030802
0.0543368
0.345503
0.221833
0.000328335
0.028481
0.00467155
0.021729
0.000662114
0.0780613
0.61197
0.200211
0.00718247
0.00837988
0.00466389
0.00778825
0.00935812
0.0174259
0.204238
0.142584
0.0104524
0.0113779
0.00481313
0.015594
0.0041396
0.0404934
0.499928
0.176264
0.00140945
0.00297101
0.00114356
0.0103658
0.00189925
0.0523769
0.434246
0.129041
0.0279343
0.00543554
0.00348986
0.00281885
0.00969601
0.0454837
0.491652
0.229685
0.00762893
0.00346686
0.00152937
0.00688587
0.00333552
0.0356013
0.354136
0.13991
0.0130292
0.00116653
0
0.0024712
0.0136448
0.0516564
0.491652
0.23397
0.0885767
0.0559167
0.0613915
0.145609
0.0932592
0.0236555
0.330649
0.198467
0.0753098
0.0745252
0.118483
0.41172
0.311178
0.0230243
0.0352549
0.069305
0.0912421
0.041239
0.0442001
0.039374
0.0201653
0.0773297
0.445154
0.262321
0.133913
0.0858459
0.169752
0.187077
0.133938
0.100199
0.167815
0.129752
0.00852725
0.014685
0.0376102
0.391821
0.384807
0.0262883
0.00190363
0
0.00359172
0.00838702
0.0392666
0.245924
0.25372
0.0326775
0.0362417
0.00604038
0.0348879
0.0316659
0.11
0.433562
0.317153
0.0598844
0.0373307
0.0148892
0.00321753
0.00997572
0.0602204
0.352302
0.237312
0.0542568
0.0311641
0.00710903
0.105677
0.187528
0.235235
0.129054
0.0822052
0.0500716
0.0776264
0.110042
0.179222
0.10223
0.127938
0.0873335
0.106088
0.0686624
0.129054
0.150871
0.248871
0.298261
0.142392
0.0934745
0.106329
0.169189
0.118443
0.133965
0.185107
0.138921
0.13245
0.174995
0.207656
0.188112
0.177855
0.0847308
0.127131
0.0460214
0.133303
0.0908675
0.103767
0.039876
0.0340166
0.0979193
0.212099
0.144311
0.226674
0.217433
0.108531
0.0303086
0.0654773
0.282505
0.194567
0.0635319
0.102085
0.188902
0.168564
0.0811066
0.0553935
0.0869057
0.238257
0.286958
0.242
0.211392
0.210065
0.0500885
0.0362186
0.140027
0.151459
0.174051
0.122891
0.200553
0.165438
0.0320086
0.0911201
0.210272
0.0657404
0.122381
0.0596055
0.183153
0.224397
0.074924
0.133944
0.0944234
0.0789657
0.347707
0.23413
0.204406
0.150356
0.0283996
0.0652086
0.0765934
0.0275647
0.167795
0.152355
0.211796
0.218514
0.057296
0.139218
0.120473
0.0151138
0.0317888
0.0524497
0.0694659
0.0762991
0.0759798
0.210139
0.106521
0.0568215
0.0856278
0.0638811
0.0130223
0.0240411
0.0886794
0.604575
0.390645
0.0167774
0.0736913
0.100985
0.109762
0.121584
0.045893
0.10198
0.113547
0.0631496
0.175094
0.0945666
0.110416
0.0972011
0.0572429
0.113611
0.195042
0.0304829
0.0253666
0.0131858
0.000666468
0.00310321
0.0165081
0.322295
0.216503
0.0328682
0.00467433
0.00297894
0.00195222
0.00557994
0.0368083
0.709127
0.39463
0.0404861
0.0433616
0.0234278
0.0239258
0.032533
0.0249091
0.0428446
0.0739349
0.0661023
0.0252639
0.0146063
0.0227785
0.0382144
0.0466504
0.202984
0.18594
0.0301132
0.00610179
0.00671125
0.00485389
0.00562506
0.0583943
0.495874
0.280078
0.118244
0.0635733
0.110463
0.0946006
0.038756
0.0673451
0.346434
0.277862
0.0468006
0.0156777
0.0100417
0.0101813
0.00619551
0.01462
0.26008
0.203565
0.159183
0.0888329
0.0639057
0.0363665
0.00572133
0.00419239
0.224734
0.391809
0.104629
0.118501
0.25584
0.473187
0.12054
0.0309875
0.0920844
0.128169
0.0117033
0.0407708
0.148091
0.418584
0.139289
0.0606557
0.0267423
0.00875023
0.199658
0.234525
0.247216
0.119949
0.0157637
0.00855093
0.0754511
0.227495
0.0639244
0.105022
0.208933
0.144033
0.0866653
0.0346079
0.063413
0.0226634