0.226068
0.0608621
0.0796975
0.192646
0.156701
0.0912084
0.0807066
0.221416
0.093035
0.0905699
0.120039
0.125666
0.170746
0.160169
0.204792
0.177982
0.185243
0.152605
0.137887
0.278543
0.230449
0.10208
0.0968435
0.239932
0.219665
0.207553
0.127374
0.20103
0.220662
0.121747
0.223747
0.217661
0.0779265
0.077593
0.0821417
0.0802958
0.157944
0.216268
0.15992
0.103006
0.128652
0.133592
0.15177
0.102566
0.0996978
0.211572
0.316898
0.215842
0.139663
0.119902
0.0862547
0.15248
0.239328
0.156445
0.172515
0.154166
0.128816
0.140876
0.0846426
0.158455
0.185666
0.12993
0.281067
0.388568
0.196016
0.232369
0.119281
0.0572447
0.0447695
0.10133
0.276939
0.206504
0.355287
0.338036
0.164048
0.0695289
0.0720243
0.0917257
0.205388
0.227863
0.137551
0.0932054
0.0388207
0.0654541
0.0926952
0.0645542
0.236526
0.332
0.132582
0.0399478
0.0550321
0.0629847
0.164521
0.0557954
0.116933
0.223018
0.291895
0.188243
0.0908106
0.0315304
0.0425805
0.0961726
0.171565
0.218563
0.303488
0.293887
0.157188
0.0478053
0.0897168
0.171631
0.121915
0.182389
0.112828
0.0741366
0.0440395
0.0557499
0.0795064
0.0300728
0.0363089
0.0816903
0.255849
0.387312
0.298214
0.297233
0.0255596
0.039606
0.0448594
0.0967189
0.135411
0.0936998
0.0557014
0.0228792
0.086284
0.105653
0.0361472
0.110055
0.190718
0.112884
0.0431221
0.019916
0.0847453
0.107885
0.0648466
0.259465
0.197708
0.289202
0.215537
0.110306
0.0118307
0.0224901
0.0450594
0.199363
0.371464
0.371464
0.359394
0.0112156
0.00750219
0.0216815
0.0317198
0.357975
0.108829
0.174532
0.0979743
0.0349849
0.0257917
0.0652531
0.0675297
0.154653
0.182088
0.192464
0.176701
0.0514134
0.0104324
0.0578503
0.114211
0.298229
0.280354
0.337347
0.314398
0.00399587
0.00142434
0.0142555
0.0133885
0.138698
0.337347
0.337347
0.255456
0.0274305
0.0220265
0.04008
0.0464624
0.248526
0.253652
0.11811
0.0820433
0.0552494
0.0367205
0.0606303
0.11973
0.330624
0.262207
0.112619
0.0778819
0.0845267
0.0926719
0.17449
0.16129
0.232232
0.275519
0.175224
0.0723127
0.162224
0.15705
0.101205
0.0798615
0.230904
0.131225
0.0587327
0.0651678
0.328975
0.287473
0.192585
0.155006
0.158632
0.203979
0.14601
0.0880326
0.147695
0.127008
0.10016
0.114455
0.139631
0.265974
0.188957
0.105803
0.115717
0.261852
0.129152
0.114623
0.225606
0.209208
0.167775
0.152068
0.132371
0.0674272
0.122716
0.165579
0.0809919
0.295761
0.178986
0.172573
0.204155
0.357348
0.110787
0.0625111
0.141165
0.117265
0.0969748
0.111458
0.0928342
0.212555
0.0769509
0.0813078
0.110212
0.0553155
0.15187
0.169257
0.106026
0.18411
0.0743189
0.252461
0.234859
0.224095
0.108315
0.145064
0.130626
0.218284
0.107517
0.0570842
0.141349
0.263496
0.262673
0.270571
0.132178
0.213849
0.249965
0.249753
0.187677
0.0203874
0.0713911
0.0583897
0.0527467
0.104305
0.0496835
0.165167
0.1818
0.0645272
0.0730418
0.0484711
0.0282904
0.145922
0.0527126
0.0734483
0.107422
0.285835
0.276129
0.197617
0.0550999
0.146831
0.114739
0.138017
0.184396
0.413926
0.413926
0.354834
0.0193305
0.123111
0.0425049
0.0717575
0.202789
0.0828075
0.14479
0.0738566
0.0156721
0.0286286
0.0115307
0.0101581
0.0223067
0.183752
0.322842
0.261814
0.144227
0.00179707
0.00266084
0.00722783
0.0459492
0.283529
0.363731
0.241355
0.00671584
0.0200444
0.00464257
0.00808242
0.0950777
0.354945
0.363731
0.362456
0.0419505
0
0
0.000346465
0.165634
0.161061
0.281666
0.223431
0.108984
0.000797035
0.00500416
0.0170376
0.0911423
0.280645
0.340438
0.264314
0.0176441
0
0.00333611
0.0111103
0.138539
0.272584
0.340438
0.241558
0.0401421
0
0
0
0.113198
0.307411
0.340438
0.156107
0.00819426
0
0
0
0.0926045
0.296847
0.354396
0.260719
0.0019537
0.000517595
0.00104159
0.00270813
0.104613
0.26356
0.32979
0.139974
0.122306
0.0962376
0.0427148
0.0638072
0.126193
0.243786
0.315112
0.0960019
0.00452084
0.00416181
0.00156238
0.0040622
0.063708
0.110531
0.149045
0.044202
0.332612
0.323252
0.0265658
0.0512925
0.0382927
0.0798913
0.0620025
0.0186794
0.279467
0.241625
0.0419119
0.0383529
0.0482796
0.0449074
0.0165102
0.0631579
0.366813
0.299154
0.0510127
0.0370097
0.0622343
0.0136534
0.0195502
0.0038735
0.366813
0.366813
0.0139978
0.0255948
0.00835517
0.0434057
0.0877682
0.0694995
0.366813
0.366813
0.0426093
0.0598982
0.115483
0.110822
0.0732507
0.120427
0.0898494
0.0696447
0.0699105
0.0473233
0.0710933
0.199556
0.177622
0.184266
0.114763
0.0831728
0.0202162
0.0418262
0.102624
0.124601
0.104075
0.204935
0.139905
0.142943
0.087103
0.0633042
0.122672
0.380248
0.451949
0.451949
0.177295
0.0641743
0.0676058
0.0980492
0.148703
0.159678
0.175278
0.0785663
0.023886
0.0303775
0.0258913
0.0324035
0.0688675
0.217959
0.360941
0.211986
0.01595
0.0448874
0.087347
0.0531881
0.0573721
0.267459
0.360941
0.272536
0.0326766
0.0096578
0.0141275
0.042607
0.0663126
0.318213
0.360941
0.360941
0.0145215
0.0148482
0.018228
0.0140415
0.0932942
0.24393
0.281085
0.198688
0.00620854
0.0294908
0.0396309
0.0197099
0.0558721
0.321219
0.329754
0.225381
0.00113963
0.00863311
0.00706242
0.0105766
0.101074
0.245961
0.329754
0.226517
0.011217
0.00962153
0.00683612
0.00259929
0.0872768
0.329754
0.329754
0.190766
0.0312647
0.0298866
0.0229389
0.0066447
0.159399
0.30836
0.369513
0.18736
0.000591444
0.00218806
0.000399403
0.00221008
0.107349
0.319518
0.369513
0.17798
0
0
0
0
0.146088
0.306028
0.339967
0.108606
0.0232297
0.0522867
0.0538547
0.0307046
0.204213
0.225836
0.174981
0.0832734
0.0340683
0.0604433
0.0622002
0.0254942
0.160447
0.380109
0.500696
0.244804
0
0
0
0
0.163644
0.231771
0.347694
0.115785
0
0
0
0
0.0972745
0.263426
0.0842509
0.0925746
0.0498176
0.0868236
0.0883629
0.0298082
0.222171
0.16925
0.093171
0.0189371
0.1097
0.105189
0.0527865
0.0416224
0.229675
0.0778332
0.0885813
0.0219501
0.0082853
0.0082853
0.000346346
0.000900501
0.0246161
0.0205534
0.0107859
0.00560206
0.479182
0.43099
0.00138538
0.003602
0.00439984
0.107498
0.0477678
0.00865892
0.0466084
0.0393081
0.0526899
0.0606572
0.173258
0.0244357
0
0
0.479182
0.479182
0.0565284
0.0404381
0.0528184
0.00347768
0
0
0.360278
0.344854
0.000227876
0.000592479
0.00401667
0.0526563
0.128611
0.0859213
0.265349
0.285838
0.0411698
0.0155493
0.0854155
0.00472558
0
0
0.360278
0.360278
0.00302566
0.00708868
0.0121049
0.0303535
0.0725728
0.138835
0.360278
0.326739
0.0438822
0.0283547
0.0540489
0.0374696
0.0509277
0.203062
0.0900655
0.151745
0.077342
0.0582047
0.0546906
0.144925
0.253558
0.346914
0.139629
0.138739
0.183487
0.269687
0.110529
0.0581323
0.0287273
0.150004
0.0921208
0.154304
0.0644265
0.103933
0.178989
0.12793
0.0311411
0.104136
0.0510373
0.124
0.244943
0.385937
0.385937
0.138287
0.180688
0.146023
0.0592205
0.033849
0.0874817
0.243711
0.0885253
0.150741
0.262283
0.149207
0.0504862
0.0504862
0.0911311
0.243626
0.0947621
0.0689958
0.00863363
0.00855171
0.0240398
0.0349885
0.206933
0.414484
0.257786
0.0193927
0.0302843
0.0160829
0.0336575
0.036539
0.324345
0.414484
0.205032
0.134389
0.240171
0.102969
0.0366674
0.0367437
0.0665979
0.158633
0.0995504
0.188556
0.221806
0.110356
0.0883591
0.112077
0.13477
0.127501
0.170657
0.0173735
0.0244541
0.0103005
0.0209421
0.0251914
0.27761
0.406923
0.181938
0.0834373
0.0343361
0.0186281
0.0453224
0.0779284
0.308989
0.406923
0.30793
0.195865
0.172103
0.104143
0.0946665
0.185042
0.183126
0.162124
0.225299
0.143087
0.0602352
0.135395
0.135708
0.196216
0.237143
0.100641
0.151242
0.163732
0.0988402
0.0676416
0.0712471
0.109512
0.223173
0.411489
0.317521
0.128476
0.0756142
0.086626
0.101032
0.106384
0.202389
0.200505
0.16579
0.155689
0.0513175
0.0975505
0.140802
0.190276
0.214141
0.104121
0.153916
0.167637
0.16619
0.0590993
0.301598
0.270685
0.168396
0.12722
0.303673
0.127899
0.0769762
0.048322
0.112617
0.11502
0.158011
0.123793
0.130781
0.150436
0.109506
0.0510554
0.227566
0.197553
0.155564
0.12168
0.38297
0.116774
0.101221
0.02207
0.121429
0.0752785
0.146133
0.100166
0.240244
0.042982
0.0334242
0
0.403567
0.375894
0.110573
0.0499255
0.0673341
0.162939
0.0892374
0.0153652
0.119268
0.0631701
0.120928
0.0626032
0.281293
0.107864
0.0551833
0
0.403567
0.403567
0.0640595
0.0164576
0.0660567
0.00189475
0.000987495
0
0.349262
0.311124
0.00634598
0.00430787
0.00300734
0.0038293
0.00621998
0.0499547
0.349262
0.348486
0.032076
0.0172315
0.0119333
0.0119598
0.00394998
0
0.349262
0.349262
0.00332464
0
0.010151
0.0331529
0.012877
0.00124872
0.32684
0.349262
0.141155
0.0505502
0.0477992
0.0867992
0.0579096
0.0776756
0.0870985
0.0993014
0.0609356
0.113836
0.214138
0.134509
0.0650001
0.0536312
0.0376761
0.132056
0.105596
0.25843
0.38417
0.159696
0.0735379
0.0377594
0.176391
0.157603
0.225014
0.231574
0.241053
0.262465
0.156681
0.0899232
0.160816
0.241227
0.161771
0.160408
0.323814
0.0681453
0.021854
0.0111887
0.00436004
0.100686
0.140866
0.391938
0.245514
0.0238379
0.00756099
0.00361612
0.0142781
0.0350686
0.36891
0.425346
0.220466
0.148852
0.106326
0.0561417
0.0281655
0.19059
0.0709435
0.0758258
0.134685
0.195614
0.0896474
0.0584128
0.069364
0.104909
0.195905
0.335951
0.147172
0.00959765
0.00533827
0.000231756
0.00513458
0.0040469
0.253418
0.38241
0.119808
0.0255652
0.00340358
0.000629699
0.0010093
0.00331627
0.275865
0.38241
0.247518
0.0713598
0.0431105
0.0456225
0.0735299
0.0491804
0.16705
0.351118
0.0838684
0.0218394
0.0180903
0.040575
0.06291
0.0612271
0.310142
0.38241
0.158756
0.0408882
0.00727311
0.00464432
0.00309891
0.00117771
0.180884
0.405348
0.180333
0.0482657
0.00637125
0.0053789
0.00446598
0.000746177
0.118342
0.394417
0.115613
0.005371
0.0101356
0.0165697
0.0112968
0.019028
0.28371
0.405348
0.127489
0.0211697
0.00460504
0.00536966
0.00120681
0.00330535
0.29355
0.405348
0.174011
0.049261
0.00771567
0.00287886
0.00602462
0.00264804
0.0715603
0.213596
0.114504
0.0383359
0.00817417
0.00210297
0.00963377
0.00862159
0.0244978
0.0440858
0.114897
0.031711
0
0.000325999
0.000249293
0.00128939
0.342941
0.464251
0.282266
0.0242505
0
0
0
0
0.306595
0.464251
0.382532
0.0593269
0.0138355
0.000196443
0.0204269
0.0124139
0.00909274
0.00734783
0.08836
0.0406289
0.0108952
0
0.450787
0.422126
0.000697302
0
0.0194704
0.0202316
0
0
0.0116991
0.0116991
0.14372
0.260847
0.228854
0.0190752
0.00696128
0.0412322
0.450787
0.450787
0.0421017
0.0624378
0.0608271
0.0100479
0.00117684
0
0.322172
0.322374
0.00123782
0
0.0102672
0.0387191
0.00383653
0.0122113
0.200737
0.294286
0.154636
0.169824
0.074512
0.00504252
0.00249492
0.0147776
0.344666
0.344666
0.0153566
0.00220659
0.00450006
0.0256416
0
0.073264
0.344666
0.344666
0.160466
0.241579
0.0721725
0.140079
0.0749784
0.0470112
0.077163
0.117188
0.225433
0.276617
0.21565
0.209457
0.120802
0.129945
0.11914
0.146058
0.16375
0.178363
0.32783
0.115183
0.0968404
0.10735
0.129105
0.193814
0.181854
0.240248
0.144622
0.0641005
0.126905
0.132412
0.226503
0.250081
0.16705
0.197744
0.203636
0.22447
0.214095
0.095459
0.0614101
0.194635
0.067099
0.0664146
0.175636
0.32439
0.209275
0.175359
0.0819328
0.149632
0.107588
0.0709519
0.124181
0.112968
0.19241
0.0857559
0.156139
0.211311
0.142998
0.186418
0.152436
0.221304
0.227662
0.312051
0.159926
0.188145
0.164961
0.162631
0.102548
0.122992
0.0834078
0.160026
0.158669
0.10917
0.0966365
0.12638
0.0904092
0.0509176
0.0855516
0.142596
0.193317
0.183053
0.184021
0.362211
0.0992952
0.123827
0.126167
0.274763
0.159367
0.139252
0.127586
0.10753
0.122747
0.0733468
0.11411
0.141423
0.209759
0.315609
0.142568
0.319684
0.255236
0.0134529
0.0491886
0.0599199
0.0329074
0.0785191
0.167857
0.347145
0.105802
0.0311594
0.0292124
0.0252706
0.00947671
0.0287312
0.321161
0.403129
0.253372
0.0344877
0.101632
0.0493874
0.0847457
0.191474
0.119961
0.232329
0.166241
0.0815441
0.0893449
0.0267742
0.100811
0.184224
0.247148
0.296011
0.302625
0.0211874
0.00169664
0.000799647
0.000797314
0.00389367
0.21863
0.37797
0.199836
0.00994833
0
0
0
0
0.259643
0.37797
0.277394
0.047507
0.0296618
0.0156398
0.0469075
0.0413878
0.149474
0.247868
0.259936
0.0166737
0.0479957
0.0219779
0.0329511
0.0117248
0.240333
0.37797
0.283941
0.0142431
0
0
0.00269339
0.00269339
0.165498
0.375413
0.195074
0.0614047
0.0276021
0.0744427
0.170222
0.195715
0.0683425
0.182773
0.145389
0.00788749
0.0166797
0.00411431
0.0135727
0.00850969
0.252844
0.375413
0.278465
0.0801524
0.0325867
0.0496285
0.0796639
0.0626616
0.226936
0.375413
0.352091
0.0303454
0.0186245
0.0502302
0.322496
0.340957
0.0120976
0.0162314
0.0286205
0.0115644
0.0006234
0.0561047
0.340957
0.340957
0.065937
0.127209
0.0346205
0.076389
0.0280139
0.0587514
0.277762
0.236617
0.0725544
0.207918
0.139878
0.0367981
0.0440164
0.129166
0.340957
0.340957
0.0494299
0.125732
0.0374586
0.114424
0.148094
0.123468
0.244363
0.129058
0.0789594
0.168306
0.120254
0.0520973
0.163028
0.142974
0.28446
0.19153
0.0858875
0.14597
0.0764299
0.146698
0.218513
0.226198
0.259501
0.118831
0.159196
0.169076
0.150663
0.129511
0.246718
0.266879
0.204879
0.18282
0.204511
0.172733
0.0517632
0.0822383
0.0924408
0.0469934
0.147044
0.1309
0.119711
0.131606
0.0763281
0.172921
0.171877
0.13299
0.162393
0.211881
0.140191
0.164445
0.101139
0.154019
0.21234
0.21403
0.138586
0.139259
0.107278
0.0997737
0.033794
0.125589
0.318986
0.338237
0.158568
0.415632
0.179663
0.123875
0.0532426
0.110351
0.126267
0.100796
0.0880639
0.167896
0.18156
0.168319
0.120132
0.0712816
0.0926828
0.0739966
0.121776
0.210844
0.234012
0.268207
0.191065
0.0818704
0.201072
0.236386
0.101908
0.264526
0.235553
0.172067
0.0593263
0.136788
0.212176
0.225308
0.198516
0.132698
0.284237
0.191883
0.0824213
0.0740491
0.123056
0.037254
0.119316
0.173001
0.14956
0.233766
0.142299
0.0694058
0.0846158
0.0282046
0.146755
0.270873
0.200435
0.241908
0.195148
0.093532
0.141183
0.10724
0.186134
0.125538
0.159729
0.228255
0.166733
0.0699072
0.0824414
0.103193
0.142239
0.255847
0.224946
0.296659
0.32647
0.0658001
0.0777852
0.0831545
0.132034
0.120841
0.128053
0.180889
0.210067
0.0798977
0.135925
0.073165
0.194324
0.0776479
0.249406
0.434311
0.210673
0.123331
0.0647831
0.164641
0.0926784
0.186314
0.188259
0.139312
0.164929
0.178529
0.0915239
0.130664
0.246932
0.185199
0.287686
0.164124
0.0803198
0.0430803
0.0427124
0.00907279
0.0650523
0.0601571
0.190795
0.387065
0.206624
0.062463
0.0271494
0.0157028
0.0457426
0.0447431
0.350137
0.398818
0.334396
0.0907537
0.0660439
0.0463914
0.143652
0.101108
0.124133
0.123532
0.0507177
0.0998425
0.140733
0.109495
0.119002
0.0716055
0.293546
0.282328
0.108417
0.15118
0.093608
0.114345
0.130525
0.0802501
0.1789
0.369545
0.18507
0.108743
0.169016
0.289566
0.218697
0.240793
0.077167
0.112159
0.0973313
0.147342
0.214298
0.141944
0.0739596
0.0172888
0.211567
0.231173
0.0995958
0.137059
0.21234
0.229591
0.0576821
0.0600069
0.155481
0.186532
0.224024