0
0
0
0
0
0
0
0
0
0
0
0
0
0
0
0
0
0
0
0
0
0
0
0
0
0
0
0
0
0
0
0
0
0
0
0
0
0
0
0
0
0
0
0
0
0
0
0
0
0
0
0
0
0
0
0
0
0
0
0
0
0
0
0
0
0
0
0
0
0
0
0
0
0
0
0
0
0
0
0
0
0
0
0
0
0
0
0
0.00599617
0.00256979
0
0.00315591
0.00315591
0
0
0
0.000526884
0.000601126
0.00328949
0.00289952
0.00241089
0
0
0.000526884
0.0122079
0.0893117
0.09323
0.0399997
0.0198684
0
0
0.00465776
0.0210933
0.0301921
0.00699861
0.0246468
0.0146295
0
0
0.01933
0.10229
0.825182
0.327609
0.27922
0.0893216
0
0
0.0299511
0.0167693
0.107656
0.122874
0.0353436
0.0074746
0.00170486
0
0.00675871
0.167091
0.180771
0.221084
0.0760091
0.0037145
0.00681944
0
0.0683325
0.121565
0.541356
0.200325
0.103126
0.0171285
0.00255729
0
0.00182817
0.354317
0.541356
0.125482
0.0651411
0.00481699
0.0108151
0
0.0253587
0.161379
0.165445
0.093111
0.0462804
0.00624533
0.0125705
0.00683258
0.0738816
0.226066
0.432873
0.0470436
0.0868611
0.0176428
0.0164432
0.0160813
0.0818881
0.264977
0.46772
0.0255342
0.0164362
0.0039738
0.00897559
0.000231079
0.0558154
0.318061
0.46772
0.0198081
0.0217935
0.0369181
0.00902988
0.00990247
0.112308
0.275879
0.359916
0.044902
0.0802398
0.0234266
0.0259837
0.110765
0.118389
0.278228
0.065019
0.091187
0.0921698
0.0417112
0.0475322
0.171288
0.157342
0.239638
0.398054
0.00768078
0.139485
0.136883
0.0367408
0.116166
0.10609
0.143748
0.0613961
0.0537864
0.319186
0.306218
0.0837676
0.186536
0.0804676
0
0
0
0
0
0
0
0
0
0
0
0
0
0
0
0
0
0
0
0
0
0
0
0
0.0873093
0
0
0
0
0
0
0.0873093
0
0
0
0
0
0
0
0
0
0
0
0
0
0
0
0
0.0865571
0.0322919
0.0186953
0
0
0
0
0.0375859
0.59445
0.684434
0.129405
0
0
0
0
0.187639
0.00515253
0
0
0
0
0
0
0.00515253
0.0555347
0.0939622
0.0248534
6.54902e-005
6.54902e-005
0
0
0.0418874
0.245865
0.46859
0.0653137
0
0
0
0
0.0922314
0.519524
0.553723
0.168803
1.63725e-005
1.63725e-005
0.000377848
0.000377848
0.182341
0.0798333
0.209717
0.0150346
0.00519291
0.0026521
0
0
0.0406966
0.142914
0.457474
0.056921
0.0398016
0.012373
0
0.000201877
0.0350632
0.309437
0.457474
0.0666348
0.000847898
0.00114101
0.00113641
0.000802409
0.104044
0.347147
0.457474
0.0725874
0.0026545
0.00444814
0.00187095
0.00134245
0.105797
0.166495
0.410723
0.073065
0.0294214
0.00498697
0.000219722
0.000301622
0.0120595
0.287285
0.410723
0.0620525
0.00724342
0.00264591
0.00181661
7.54054e-005
0.0188459
0.267481
0.410723
0.0966447
0.000731827
0.00133479
0.00046802
0.00132007
0.0717232
0.288864
0.368421
0.139549
0.000501412
0.00208036
0.00247135
0.000857765
0.0876108
0.282797
0.437071
0.0740317
0.00873722
0.0147734
0.00204827
0.000286142
0.0747641
0.215724
0.257068
0.0497818
0.101861
0.174186
0.000716146
0.00301069
0.147238
0.21236
0.255365
0.11631
0.0431259
0.0430786
0.002706
0.00191012
0.0928984
0.107056
0.0922441
0.0465025
0.394615
0.419416
0.000339136
0.00207648
0.0832615
0.0617781
0.0534588
0.00733214
0.215691
0.244236
0.00821866
0.0123504
0.0555158
0.00810445
0.00995148
0.00492054
0.260439
0.353184
0.0505881
0.0214176
0.00217248
0.0201297
0.00663463
0.00569053
0.417927
0.441218
0.00677692
0.000791509
0.022537
0.000614437
0.00489349
0.000559894
0.324209
0.400313
0.0560661
0.00666409
6.66088e-005
0.0184167
0.00139831
0
0
0
0
0
0.00837434
0.129039
0.140021
0.0288924
0
0
0
0
0.0295315
0.163972
0.321212
0.0748979
0.0992566
0.0666369
0.0634439
0.00273339
0.0382503
0.595447
0.595447
0.155172
0.0429694
0.0227841
0.0632525
0.0058054
0.0889527
0.147634
0.180733
0.0379065
0
0
0
0
0.0262546
0.313916
0.40144
0.0731215
0.000672218
0
0
0
0.0575351
0.353827
0.40144
0.0716007
0.00554811
0.0102895
0.0033028
0.000883186
0.0354095
0.397767
0.40144
0.119661
0.0105964
0.0185103
2.84183e-005
0
0.0910763
0.253804
0.398423
0.0549581
0.00044001
0
0
0
0.0631986
0.282636
0.398423
0.0826439
0
0
0.000335828
0.000335828
0.0928771
0.241417
0.398423
0.117943
0.0221789
0.0170153
0
0
0.0940382
0.188362
0.398423
0.161061
0.0324006
0.0286574
0.00584124
0.0623534
0.098947
0.274662
0.434219
0.0934675
0.000125459
0.000860982
0.00218409
0.00220637
0.0982002
0.26456
0.434219
0.112986
0.000501837
0.00344393
0.00363556
0.00250695
0.105442
0.161035
0.369563
0.120558
0.0170833
0.0183228
0.0458733
0.194092
0.0886893
0.240366
0.24
0.102298
0.0158608
0.0139419
0.052263
0.113502
0.158139
0.297066
0.473677
0.151002
0.000591402
0.00190739
0.00195512
0.00232431
0.136142
0.195731
0.290995
0.115492
0.00244784
0.00460135
0.0107625
0.00260637
0.125893
0.302944
0.16701
0.0744098
0.0154174
0.007879
0.0847295
0.10981
0.318824
0.239191
0.0930716
0.129168
0.0455123
0.00557966
0.108685
0.122382
0.27551
0.0464041
0.0632717
0.0292781
0.0541875
0.0484651
0.00650078
0.00169423
0.0351107
0.0111748
0.011329
0.00899071
0.455411
0.415396
0.00157376
0.00133749
0.0090796
0.164524
0.041695
0.0392262
0.0719864
0.0540003
0.0505508
0.086963
0.133758
0.0616792
0.00297667
0.00226791
0.487684
0.487684
0.0470772
0.0854029
0.0492272
0.000841298
0.000227695
0.00312201
0.314343
0.31552
0.00301845
8.96024e-005
0.000570495
0
0.00556705
0.00263592
0.2936
0.248803
0.0136355
0.00109459
0
0.00188463
5.69237e-005
0.00287948
0.390206
0.404886
0.00568314
0.00706313
0.00157693
0
0.00139176
0.0174639
0.461687
0.279018
0.000251621
0
0
0.0610736
0.181434
0.0633355
0.102701
0.0799591
0.195466
0.0966313
0.0275164
0.204431
0.456017
0.0663656
0.0444754
0.0327895
0.208466
0.359727
0.0944286
0.0137691
0.0174611
0.0134724
0.0329717
0.0347652
0.182538
0.158141
0.0463885
0.0358412
0.032147
0.00912299
0.0134284
0.0169409
0.273209
0.456017
0.247227
0.164387
0.266309
0.0246328
0.0209826
0.0399788
0.0265458
0.181118
0.0662742
0.162039
0.22006
0.0909352
0.0323472
0.0738493
0.03747
0.113818
0.126097
0.0335738
0.00937707
0.00194569
0.0135648
0.026229
0.13356
0.482938
0.257583
0.0733209
0.0261772
0.0169981
0.0208074
0.0504262
0.162927
0.482938
0.324779
0.141002
0.195998
0.114783
0.0701807
0.0758124
0.0486803
0.125265
0.116614
0.138951
0.2812
0.141093
0.112247
0.127984
0.0596944
0.168572
0.130532
0.082828
0.0173728
0.0144406
0.0432353
0.0591775
0.154974
0.448506
0.233634
0.132262
0.049422
0.0255178
0.0702306
0.0955893
0.212013
0.448506
0.26888
0.118141
0.22052
0.120308
0.0642754
0.0677243
0.114354
0.242961
0.107463
0.165324
0.222477
0.172934
0.0593908
0.0419753
0.191059
0.217484
0.136035
0.182261
0.162205
0.0834545
0.0419273
0.0444851
0.165651
0.350311
0.241484
0.144437
0.179852
0.132083
0.0395246
0.0255912
0.249428
0.314106
0.236827
0.153359
0.178316
0.117909
0.0279154
0.025236
0.180289
0.178818
0.194054
0.155057
0.185398
0.227037
0.092691
0.0795656
0.219169
0.17306
0.170501
0.123997
0.248477
0.147585
0.0169819
0.03437
0.180539
0.182986
0.252498
0.175449
0.259019
0.199591
0.0616111
0.154545
0.259419
0.134079
0.252511
0.154178
0.0682669
0.0839035
0.0950818
0.0552232
0.109303
0.143404
0.113356
0.0605189
0.0147294
0.0237607
0.390399
0.333116
0.0907654
0.134364
0.0396983
0.223923
0.068909
0.0877067
0.1025
0.0864886
0.116272
0.08999
0.218855
0.126519
0.0554038
0.0753738
0.460554
0.408265
0.0453363
0.0480597
0.088684
0.00121568
0.00176434
0.00409609
0.300851
0.308239
0.0115206
0.0124067
0.0010172
0
0
0.0124345
0.328874
0.268469
0.00624474
0
0
0.00422795
0.00705734
0.00994533
0.377251
0.375377
0.00695114
0.00490397
0.00445258
0
0
0.00333271
0.31692
0.452705
0.0103316
0
0
0.0139266
0
0
0.000157569
0.000157569
0.0464301
0.0863024
0.0402499
0.0417264
0
0
3.93922e-005
3.93922e-005
0.172874
0.851444
0.38255
0
0
0
0
0
0
0
0
0.00352267
0
0
0
0
0
0.00430727
0.0160699
0.0185204
0
0
0
0
0.0996236
0.514548
0.20568
0.0470154
0
0
0
0.0010426
0.1871
0.514548
0.359831
0.00545272
0
0
4.2823e-005
4.2823e-005
0.00938842
0.041239
0.036383
0.0307158
0
0
0.000339076
0.000339076
0.0620642
0.41373
0.145979
0.0325894
0
0
0.00141463
0.00303452
0.0886573
0.439277
0.174707
0.0544696
0.00741936
0.000961442
0.00212194
0.00329158
0.112308
0.439277
0.191157
0.0234625
0
0
0.000580322
0.000580322
0.0583682
0.439277
0.122201
0.0338779
0.00122081
0.000287456
0.00130233
0.000794434
0.133785
0.439277
0.234753
0.0623344
0.0240336
0.00612769
0.000354003
0.000991136
0.122621
0.313847
0.196174
0.0723963
0.0230888
0.00944859
0.000448069
0.00195287
0.135188
0.219885
0.204493
0.0408786
0.00129987
0.00052863
0.000676578
0.000377906
0.163183
0.468478
0.277573
0.0679776
0.00160042
0.000503713
0.000298467
0.000681612
0.182118
0.468478
0.317466
0.109783
0.0646043
0.0309549
0.00125135
0.00724127
0.0891959
0.172084
0.191605
0.112864
0.0651767
0.0331557
0.00809568
0.0354558
0.0644744
0.0596618
0.156052
0.106237
0.00519154
0.000927946
0.00191743
0.00194351
0.206332
0.543091
0.288899
0.107347
0.00365658
0.0039586
0.00707136
0.00772076
0.175218
0.539395
0.194463
0.121496
0.0188283
0.0194697
0.0567889
0.0515195
0.0274212
0.0239863
0.137373
0.069038
0.0185794
0.0232109
0.444292
0.398485
0.00107912
0.00544886
0.0615734
0.0422184
0.000701657
0.00461658
0.0639163
0.0536912
0.0665623
0.172458
0.091908
0.0103026
9.86944e-006
0.00260773
0.494671
0.494671
0.0122758
0.0368187
0.0387824
0.00291284
0.00218471
0.00293164
0.324846
0.292902
0.000199353
0.000433378
0.00354101
0
0
0.000927643
0.285844
0.338666
0.00524642
0.000278418
0.0010404
0.000535251
0
0.00271798
0.400723
0.368522
4.09941e-006
0.00138032
0.00323235
0.00316325
0.00166205
0.0198217
0.425566
0.297975
0.00951432
0.00111367
0.00416162
0
0
0
0
0
0
0
0
0
0
0
0
0
0
0
0
0
0
0
0
0
0
0
0
0
0
0
0
0
0
0
0
0.00113707
0
0
0.00202768
0.00202768
0
0
0.00113707
0.154864
0
0
0.0251468
0.0251468
0.0202794
0.496775
0.304522
0
0
0
0.00108921
0.00108921
0
0
0
0.0194807
0.00534194
0.00891366
0.0434581
0.040383
0
0
0.0175874
0.0238786
0.000284315
0
0.00463551
0.00495563
0.0277539
0.218238
0.0902933
0.0527557
0.00423555
0.00387756
0.022342
0.010002
0.236061
0.811896
0.372691
0.00643002
0.00377907
0.000625752
0.00714799
0.00865968
0.00320888
0.00229498
0.00193721
0.0207891
0.0166711
0.00364448
0.042555
0.0272504
0.0236826
0.025711
0.0371
0.0205075
0.00204519
0.00212073
0.00691623
0.00336504
0.119391
0.495814
0.195426
0.0350443
0.000552018
0.000512318
0.00288817
0.00251431
0.140378
0.495814
0.305351
0.00863516
0.00586153
0.00401858
0.0160782
0.0112815
0.0260233
0.0830595
0.0532846
0.0108061
0.00574893
0.00740187
0.0118453
0.00833644
0.0683052
0.495814
0.174386
0.0279048
0.000143445
0
0.00114023
0.0010799
0.0685971
0.451475
0.157921
0.044572
0.000441674
0.00085119
0.00146486
0.00169332
0.0907856
0.451475
0.152462
0.0115008
0.00176557
0.00340585
0.00399301
0.00287945
0.0418754
0.451475
0.138599
0.0258431
0.000648204
0.00221825
0.00247977
0.00109917
0.083158
0.451475
0.217736
0.0432418
0.00069183
0.00273892
0.0308007
0.0166016
0.0901713
0.291606
0.158366
0.0254824
0.000172958
0.00985732
0.307325
0.202952
0.0377848
0.106289
0.129867
0.0394105
0.00106698
0.00125148
0.0110389
0.00225413
0.149335
0.456271
0.308994
0.0670215
0.00334785
0.0106906
0.151996
0.0554176
0.093155
0.438535
0.328854
0.00719425
0
0.00840273
0.369386
0.281043
0.00309776
0.0122614
0.033611
0.00527733
0.00277284
0.0280971
0.427541
0.247257
0.00474272
0.000469445
0.00140176
0.0468082
0.0196005
0.0106249
0.263053
0.204563
0.0145171
0.122448
0.112153
0.0103112
0.035557
0.0144312
0.405456
0.425812
0.0267814
0.02082
0.00293814
0
0
0
0
0
0
0
0
0
0
0
0
0
0
0
0
0
0
0
0
0
0
0
0
0
0
0
0.00271785
0.00271785
0
0
0
0.00107944
0
0
0.00557702
0.00557702
0
0
0.00107944
0.038381
0.0284839
0.0577813
0.0791069
0.0696246
0.0335137
0.0190127
0.0336498
0.0184233
0
0
0.0207232
0.0207232
0.00472472
0.00447901
0.0184233
0.0726447
0.126357
0.0987545
0.154309
0.173165
0.0919812
0.0614456
0.0661257
0.0499335
0.0728516
0.0681828
0.0509653
0.0673056
0.0250539
0.0167553
0.0234313
0.123963
0.160534
0.094823
0.216792
0.24309
0.0908769
0.0422017
0.0336716
0.0386884
0.118129
0.153714
0.0844737
0.14566
0.107448
0.0299269
0.0224349
0.123296
0.206611
0.28877
0.224029
0.227234
0.16053
0.0676636
0.0335629
0.0514414
0.0768337
0.0629513
0.138809
0.157169
0.0871907
0.0169144
0.0364537
0.0672678
0.0996593
0.129763
0.152072
0.145762
0.10751
0.478156
0.266969
0.0713278
0.0976069
0.145539
0.156302
0.155709
0.0597866
0.03603
0.0140576
0.126761
0.0945037
0.20294
0.240693
0.186721
0.0607324
0.025834
0.0605478
0.013221
0.00886314
0.0154341
0.0176038
0.022442
0.0223546
0.354979
0.104325
0.0321029
0.00585048
0.0183769
0.0256215
0.0138997
0.177069
0.773945
0.362225
0.0104265
0.0096845
0.017828
0.0356059
0.0346
0.00846289
0.0100413
0.00952647
0.00736113
0.00960614
0.029225
0.0718145
0.0537456
0.0432262
0.046258
0.0727925
0.0149178
0.000763898
0.00435499
0.00796267
0.00183336
0.136956
0.463767
0.232705
0.0456471
0.00392043
0.0025638
0.0154617
0.00707499
0.127111
0.463767
0.334495
0.00535586
0.00151833
0.0133771
0.0288017
0.0173023
0.0428964
0.121447
0.0866268
0.0304012
0.0285671
0.0562657
0.0556117
0.0164164
0.0926758
0.463767
0.250947
0.114571
0.0546826
0.00631747
0.057468
0.0648909
0.0410252
0.407169
0.220607
0.100446
0.119753
0.0177625
0.130135
0.181815
0.0540318
0.170928
0.137411
0.13632
0.0941196
0.0946556
0.0504314
0.0136769
0.0512151
0.443315
0.319297
0.148502
0.138153
0.0557315
0.0439355
0.0408343
0.0467306
0.327149
0.305379