0.0467769
0.0799637
0.0830112
0.0521308
0.0610066
0.1696
0.127455
0.038451
0.115959
0.159774
0.0930666
0.0699244
0.0954992
0.123538
0.110587
0.0963879
0.209525
0.17217
0.109378
0.0336233
0.0239979
0.146197
0.211675
0.224349
0.245662
0.21579
0.182258
0.0822946
0.0500868
0.109897
0.180909
0.265718
0.107859
0.116601
0.0578138
0.0351701
0.0600135
0.103178
0.119141
0.116856
0.177764
0.110722
0.0341284
0.04952
0.0858997
0.160308
0.227141
0.238709
0.204798
0.144
0.103804
0.0715281
0.0733334
0.0747634
0.0901683
0.16816
0.254411
0.151228
0.043367
0.0764313
0.137658
0.217208
0.186159
0.209689
0.143984
0.0671844
0.0238232
0.035151
0.0655911
0.103695
0.162423
0.223857
0.164136
0.122082
0.0397548
0.0383336
0.055055
0.083165
0.178315
0.198602
0.181097
0.142395
0.0469913
0.0370286
0.0857114
0.195716
0.169638
0.168897
0.293933
0.177833
0.0353781
0.0470047
0.0862265
0.188548
0.218344
0.180632
0.206791
0.144986
0.0616959
0.0313459
0.0336081
0.0334298
0.0560851
0.139459
0.215712
0.111232
0.101557
0.0402131
0.0423702
0.0497777
0.0533112
0.198959
0.297694
0.204284
0.0289779
0.0404589
0.0538576
0.11915
0.121338
0.112943
0.339393
0.154226
0.0347641
0.064359
0.064359
0.0816113
0.0888492
0.248306
0.106694
0.0530965
0.0558942
0.0490461
0.058299
0.0353087
0.0467665
0.110634
0.144066
0.0850857
0.0375195
0.0866088
0.108368
0.110388
0.108188
0.113241
0.281469
0.0828202
0.0343412
0.0490628
0.0502795
0.0159058
0.0324128
0.207698
0.456894
0.354376
0.0409142
0.0424519
0.0473187
0.0756692
0.142562
0.241742
0.0476068
0.0339261
0.0108723
0.0304521
0.0353655
0.0460465
0.0465717
0.0372098
0.115332
0.0633655
0.0150658
0.033011
0.0348335
0.0285427
0.0309289
0.0460008
0.261692
0.320421
0.0306571
0.00856288
0.00923401
0.0389798
0.0727996
0.0966248
0.453669
0.613911
0.104275
0.0180446
0.0608831
0.0891208
0.053154
0.0825617
0.139643
0.0858766
0.0340403
0.0268404
0.0250785
0.0431059
0.0497844
0.0653194
0.064771
0.129479
0.167556
0.168834
0.0464508
0.0529096
0.0407373
0.0408532
0.331512
0.306323
0.0647985
0.0417015
0.155297
0.34241
0.0989006
0.0774201
0.0657654
0.0473332
0.113757
0.216473
0.280097
0.377734
0.106663
0.0433971
0.160986
0.121806
0.0846427
0.00701354
0.010727
0.0704765
0.130512
0.216533
0.177515
0.175468
0.131869
0.0436225
0.0235878
0.0764045
0.147469
0.182741
0.284751
0.118133
0.0762454
0.00225503
0.0185679
0.0820631
0.148495
0.256362
0.324762
0.222434
0.122087
0.0337044
0.0237354
0.0746019
0.165502
0.215193
0.152818
0.146525
0.0790801
0.0559557
0.0532548
0.0747076
0.0731557
0.0890653
0.195586
0.134216
0.0413238
0.0716843
0.0836465
0.102942
0.120329
0.126503
0.245032
0.180557
0.110139
0.0504088
0.034007
0.0726039
0.125267
0.212982
0.36499
0.120695
0.0647081
0.0528303
0.0561122
0.0928613
0.160522
0.343128
0.0996259
0.090379
0.0312559
0.0243745
0.0304235
0.0633796
0.11107
0.090081
0.195056
0.0853698
0.0213023
0.0318115
0.0495996
0.0727354
0.112017
0.159939
0.306187
0.103064
0.0430913
0.0237863
0.0244401
0.0324511
0.111209
0.202932
0.381375
0.444376
0.21025
0.0301086
0.0289267
0.0247706
0.102152
0.238055
0.0742591
0.0411026
0.00670092
0.00734071
0.0117602
0.0267028
0.0387474
0.0516167
0.169026
0.102329
0.00317736
0.0103051
0.0103051
0.0231924
0.0435059
0.0695197
0.127199
0.321867
0.0936602
0.00444559
0.005431
0.00852006
0.0363582
0.0781511
0.540891
0.615205
0.076141
0.00500314
0.00500314
0.00703109
0.0340269
0.0671236
0.0954317
0.0850235
0.00338573
0.00345771
0.00345771
0.00194396
0.00733289
0.0235587
0.132869
0.221451
0.0251887
0.00365154
0.00120064
0.00154323
0.0107168
0.0220039
0.236184
0.423962
0.0175181
0.001529
0.001529
0.000682088
0.00329681
0.00897602
0.319406
0.710617
0.0469954
0.0098036
0.000735158
0.000803546
0.000729156
0.00613938
0.159936
0.267918
0.0352028
0.00240997
0.000567511
0.00247614
0.013358
0.0288955
0.169354
0.262718
0.0672893
0.0301046
0.0517566
0.0287898
0.0337962
0.0524272
0.411626
0.516292
0.0401048
0.023666
0.0542486
0.028539
0.0196191
0.0953678
0.233807
0.186961
0.0313018
0.198318
0.297869
0.104078
0.0774989
0.167067
0.0867076
0.116635
0.0491712
0.0979289
0.171048
0.165992
0.0622451
0.0384001
0.0115813
0.00881259
0.0397784
0.0794533
0.190792
0.238286
0.0827469
0.0254103
0.0383294
0.0494417
0.0598233
0.469246
0.455864
0.11299
0.0589487
0.0572213
0.0204445
0.0742514
0.121825
0.329257
0.225162
0.185187
0.0990197
0.0813841
0.203989
0.0857631
0.0272176
0.00203454
0.0297582
0.0765821
0.0890564
0.178437
0.228398
0.124769
0.083679
0.0330391
0.0409515
0.0318013
0.0789999
0.170232
0.0762424
0.104862
0.0517858
0.0132159
0.0748222
0.150442
0.194568
0.246956
0.326812
0.349756
0.22477
0.0362405
0.0690649
0.0601822
0.123512
0.208709
0.0534027
0.0315
0.0355358
0.0149824
0.0105907
0.0100359
0.0337764
0.0600119
0.101449
0.133874
0.0481404
0.0218272
0.0251084
0.0254
0.0340796
0.0952028
0.212781
0.215279
0.100632
0.01224
0.00605687
0.00509949
0.0404643
0.0388165
0.342433
0.74263
0.194028
0.0123705
0.0110944
0.00899021
0.0328401
0.0622036
0.0966277
0.0992386
0.0240952
0.00676483
0.00697225
0.00345588
0.00622026
0.0354778
0.115392
0.247792
0.0985672
0.00514875
0.000957481
0.000173685
0.00605261
0.0227985
0.16978
0.450626
0.0680622
0.00376205
0.00482879
0.000978887
0.00219947
0.0236446
0.235456
0.711755
0.153162
0.0063262
0.0188762
0.00510982
0.00427091
0.029128
0.0449189
0.236145
0.0496599
0.00244948
0
0
0.0027712
0.00664868
0.159519
0.437468
0.0239413
0.000977284
0
0
0.0011811
0.00337841
0.129126
0.503529
0.0724311
0.00383539
0.0143261
0.0117206
0.0166203
0.0256054
0.262899
0.564081
0.0116305
0.00149954
0.00365022
0.00781374
0.0211336
0.0442445
0.20265
0.472159
0.0124312
0
0
0
0.000370592
0.00249192
0.256538
0.546267
0.0145647
0.0058775
0.00514767
0.0023922
0.000314531
0.0107382
0.247821
0.398218
0.00451546
0
0
0.00118059
0.0231456
0.0560296
0.185544
0.223236
0.01704
0.0108437
0.011274
0.010945
0.0227098
0.060511
0.209995
0.223173
0.00790694
0.0542634
0.108325
0.0259252
0.00541845
0.0486741
0.0761701
0.0353849
0.00306832
0.271465
0.361798
0.0566438
0.016744
0.0597202
0.0738762
0.0513609
0.0130012
0.154212
0.16619
0.0185017
0.0128749
0.0541966
0.0084069
0.00133025
0.00561314
0.541137
0.503499
0.0108165
0.00776185
0.0187991
0.00375887
0.00587573
0.0151053
0.32444
0.355283
0.0275592
0.00704933
0.0106976
0.00848328
0.0228148
0.0553806
0.229537
0.174264
0.0595455
0.0324628
0.0250908
0.00221204
0.000456011
0.0128685
0.448294
0.507278
0.0170665
0.00746916
0.00468977
0.0784917
0.00182404
0.0255878
0.192266
0.290325
0.0595023
0.0525764
0.0933926
0.0291242
0.0550484
0.0617208
0.011437
0.037903
0.0916929
0.141097
0.235853
0.192218
0.279835
0.186136
0.0124648
0.0478428
0.085802
0.0713589
0.0948944
0.358125
0.123082
0.13208
0.033976
0.0878193
0.108059
0.123731
0.286454
0.209735
0.206909
0.211751
0.0440811
0.179684
0.223761
0.211144
0.19423
0.162927
0.179518
0.0634865
0.0178772
0.022163
0.014117
0.0226737
0.015158
0.22302
0.446024
0.138488
0.0675279
0.0400645
0.0542517
0.0261663
0.0222729
0.0774676
0.098257
0.0598365
0.041469
0.0716445
0.0747765
0.211905
0.0898963
0.0742811
0.206076
0.134654
0.113335
0.121552
0.299578
0.547713
0.0847611
0.124208
0.380407
0.0633067
0.0340559
0.0140494
0.0313094
0.0217927
0.0109869
0.145853
0.444182
0.124715
0.0694226
0.048284
0.0488882
0.0382559
0.0622242
0.0552975
0.176586
0.059706
0.061475
0.0379804
0.15611
0.399568
0.0739429
0.104521
0.167003
0.0903058
0.112755
0.0804089
0.178234
0.37737
0.225978
0.109312
0.307236
0.0832029
0.0219297
0.0335327
0.0636301
0.0944682
0.122689
0.284917
0.311737
0.00660949
0.000296613
0.00807513
0.0475447
0.112004
0.164893
0.200013
0.177757
0.0597043
0.0313843
0.0295149
0.124344
0.223928
0.249714
0.352477
0.234741
0.0135438
1.49597e-005
0.00398894
0.057331
0.201044
0.383842
0.214264
0.177501
0.0147338
0.00453537
0.0214655
0.0614172
0.121891
0.165644
0.191879
0.186388
0.0311384
0.0449753
0.0470926
0.0770799
0.114008
0.163612
0.25477
0.224203
0.0453236
0.0185234
0.0695818
0.152987
0.189658
0.278293
0.277329
0.279482
0.0617422
0.16018
0.159442
0.254944
0.234446
0.303303
0.0818857
0.0531253
0.0111617
0.145277
0.100587
0.0366914
0.0705356
0.131637
0.00294842
3.61229e-005
0.00801542
0.457361
0.31775
0.0218366
0.0481785
0.0414753
0.186124
0.121575
0.0307128
0.183559
0.171595
0.0874799
0.121558
0.192229
0.0397309
0.0407493
0.0263847
0.448287
0.418643
0.0555501
0.0668808
0.0299769
0.00568663
0.000718352
0.060507
0.425247
0.310833
0.00860097
0.00692465
0.0147325
0.096335
0.00287341
0.0799676
0.147237
0.138532
0.0184646
0.0325429
0.19993
0.00466755
0.000179588
0.0717726
0.501314
0.359226
0.0563752
0.0141573
0.0189331
0.121187
0.00554288
0.0878838
0.215502
0.14829
0.0750255
0.0564193
0.235045
0.41596
0.0812815
0.0309204
0.0128913
0.0284898
0.0201986
0.0209142
0.27833
0.257489
0.078509
0.0280227
0.0315053
0.0783494
0.0978284
0.106413
0.319479
0.285257
0.0692066
0.0211052
0.0213083
0.0160108
0.0123248
0.0355937
0.26092
0.298406
0.0610109
0.0263323
0.0234909
0.0190013
0.0378579
0.036195
0.372099
0.0644774
0.0171959
0.00882895
0.0229846
0.0362573
0.0504476
0.203901
0.193177
0.0176383
0.0114387
0.0191463
0.0243946
0.0408354
0.18821
0.676128
0.235464
0.107348
0.0276641
0.0129737
0.00782164
0.00627591
0.0152969
0.0493627
0.202163
0.0583779
0.0166109
0.0151632
0.00434548
0.000937623
0.0453546
0.341669
0.300583
0.00353146
0.00727321
0.00785551
0.01088
0.00982428
0.0976032
0.419837
0.0968592
0.0307714
0.0314185
0.0136294
0.0182384
0.0196565
0.130118
0.546454
0.163787
0.00734805
0.000449515
0.00154363
0.000468908
0
0.0322022
0.291794
0.118553
0.00446855
0.00359971
0.000551562
0
0.00312866
0.0877264
0.522491
0.140421
0.102143
0.0730667
0.00958642
0.00394396
0.00623428
0.0758154
0.324072
0.150835
0.157483
0.0738731
0.00605395
0
0.000538486
0.0260147
0.276239
0.25242
0.0089503
0.0058535
0.000748688
0
0.00424683
0.0816367
0.469481
0.132059
0.0176076
0.00442524
0.00163523
0
0.00106171
0.0634117
0.580532
0.190611
0.120768
0.0717621
0.0139004
0.00553674
0.0168208
0.0579201
0.162048
0.160027
0.138639
0.0708818
0.0154158
0.0450884
0.0451932
0.0998565
0.134386
0.225626
0.018933
0.00496324
0.00265149
0.000695245
0.000695245
0.0350422
0.645629
0.190091
0.0356507
0.0142706
0.00284675
0.0157204
0.008503
0.00760658
0.474894
0.267476
0.133744
0.0563554
0.0161062
0.127286
0.137708
0.0338224
0.0497254
0.125797
0.0421382
0.0322223
0.0176109
0.36304
0.374125
0.027009
0.0146272
0.00628679
0.0350701
0.0229765
0.0152448
0.212825
0.129286
0.00224262
0.108696
0.115597
0.0123758
0.0124727
0.0214539
0.591491
0.387136
0.00568847
0.00438779
0.0135039
0.000566054
0
0.0224526
0.310253
0.318012
0.0672731
0.0118531
0.00839806
0.083177
0.0126664
0.0506177
0.135543
0.166406
0.108444
0.0581242
0.0976311
0.00323301
0.000688221
0.0197937
0.586738
0.329785
0.0199908
0.00705855
0.0156
0.0405971
0.00984916
0.0543672
0.33762
0.181147
0.134345
0.103561
0.112427
0.181983
0.0985388
0.135237
0.0843176
0.0571197
0.0411146
0.119172
0.163324
0.315802
0.120876
0.132959
0.0888343
0.0650509
0.0627534
0.111858
0.247885
0.0878915
0.124922
0.158172
0.0620258
0.0684274
0.0964854
0.156363
0.112612
0.166516
0.150433
0.193475
0.140411
0.12453
0.138988
0.288452
0.0881246
0.247702
0.111092
0.0805994
0.0351892
0.0354445
0.0501839
0.0438313
0.195313
0.183531
0.0655076
0.0916918
0.0273122
0.0165327
0.083216
0.327363
0.343163
0.178604
0.127738
0.122835
0.0742447
0.171671
0.147276
0.0844105
0.0608834
0.159646
0.0827735
0.0693598
0.024149
0.170655
0.232417
0.146982
0.159221
0.0495768
0.00324416
0.00858895
0.00370726
0.00316958
0.0230609
0.300536
0.210905
0.0395989
0.00886534
0.00886534
0.00704823
0.0107624
0.0599441
0.681315
0.407248
0.0575401
0.0171873
0.0292619
0.0203191
0.0279105
0.0493653
0.0556079
0.0845261
0.0568951
0.0428499
0.0631381
0.0369103
0.0293336
0.025638
0.137834
0.16762
0.00329171
0.00245199
0.00245199
0.00135449
0.00328634
0.0479518
0.372816
0.120695
0
0.000194695
0.000194695
0
0.000482963
0.0833717
0.725403
0.141852
0.00638097
0.0138011
0.0147134
0.00718663
0.00679568
0.0165982
0.151314
0.0691878
0.00879025
0.00729343
0.00729343
0.00359908
0.00359908
0.053199
0.414468
0.120977
0.00149006
5.2065e-005
0
0
0
0.0417432
0.449399
0.101384
0.010512
0.00723108
0.00100677
0.00461468
0.00106365
0.0232665
0.547302
0.193147
0.00871047
0.000804049
0.000804049
0.000510911
0.000510911
0.046685
0.31015
0.0863682
0.0191503
0.000946077
0
0
0
0.0628032
0.51049
0.153759
0.0575019
0.0400699
0.0531089
0.15021
0.0528499
0.0102685
0.333238
0.199839
0.0592766
0.0392915
0.112099
0.511977
0.210593
0.00188074
0.0403438
0.0732101
0.105867
0.0253515
0.0414669
0.0259827
0.00527935
0.0737092
0.459075
0.207274
0.124671
0.039596
0.139394
0.223965
0.0826107
0.0347494
0.158546
0.159328
0.0103166
0.0067694
0.0350377
0.528109
0.220594
0.00142424
0.00112064
0.0100542
0.0170675
0.00596623
0.0146069
0.332044
0.161397
0.0761144
0.04367
0.0590717
0.0235349
0.0139575
0.0891238
0.476621
0.191309
0.00584862
0.0181686
0.0306554
0.011319
0.00704172
0.0806066
0.373451
0.167607
0.0267042
0.00429097
0.0116929
0.0429793
0.0454115
0.0351396
0.0213851
0.0261537
0.0407158
0.0367039
0.0385746
0.0502156
0.0562877
0.0634638
0.0349045
0.032994
0.050619
0.0812911
0.0388321
0.319378
0.0402045
0.0197239
0.0153466
0.0133643
0.0519517
0.0498181
0.415676
0.46791
0.0469356
0.0223048
0.0118101
0.012681
0.0348672
0.0555074
0.542355
0.0615258
0.0448113
0.0456415
0.0245226
0.050847
0.0500706
0.0287837
0.0288132
0.102465
0.0525342
0.0301723
0.00976371
0.0534011
0.0692104
0.0616213
0.0570825
0.434079
0.0368514
0.017048
0.00993685
0.0120701
0.0134415
0.0157047
0.347437
0.592402
0.046537
0.0155689
0.00521017
0.00800952
0.00831707
0.0548423
0.36789
0.0643238
0.0323717
0.0331982
0.019491
0.0238792
0.0422594
0.0759114
0.0557311
0.0379946
0.0413204
0.0520678
0.0241785
0.0208274
0.0599255
0.0929319
0.049055
0.374601
0.0207003
0.00826395
0.00594148
0.010281
0.0179718
0.116905
0.385941
0.356891
0.0387775
0.0112721
0.00474874
0.0114292
0.0492857
0.120575
0.591689
0.0184434
0.0340937
0.0283224
0.0162335
0.0162129
0.0396933
0.0839857
0.0379233
0.038084
0.0286167
0.0196329
0.0239401
0.0239401
0.0455104
0.255193
0.0982012
0.273963
0.0450877
0.0107019
0.00634505
0.00733151
0.0258937
0.0686654
0.460277
0.475069
0.0640852
0.00827105
0.017062
0.017062
0.0116546
0.0556136
0.47329
0.0241923
0.00419368
0.00182738
0.00724995
0.00724995
0.0342498
0.293903
0.108968
0.0264954
0
0
0.00414771
0.00414771
0.0751438
0.560219
0.235865
0.243774
0.013662
0.000361012
0.00812369
0.00812369
0.00887277
0.0480579
0.270309
0.26203
0
0
0.00622156
0.00622156
0.0162536
0.125491
0.443863
0.0479138
0.00396171
0.00354129
0.00059258
0.000470467
0.0715348
0.391627
0.226111
0.0971415
0.0363393
0.0712726
0.0907691
0.0298598
0.0520565
0.243204
0.279655
0.182522
0
0
0.000705701
0.000705701
0.0120544
0.1262
0.368141
0.262563
0.040478
0.0277125
0.00727797
0.00648226
0.0174164
0.126772
0.50707
0.0782093
0.0798345
0.222595
0.376829
0.13574
0.0139303
0.0501959
0.118135
0.0196708
0.0368945
0.246124
0.372803
0.176446
0.0120183
0.0140887
0.00763097
0.230489
0.129712
0.15192
0.0650295
0.0471426
0.0254894
0.140473
0.358441
0.167917
0.157001
0.188803
0.126741
0.102006
0.0185466
0.142718
0.161367