0.274269
0.112416
0.05109
0.00240836
0.0291307
0.0296188
0.0499454
0.194082
0.127741
0.039199
0.0659322
0.010523
0.0880158
0.130918
0.212965
0.239175
0.402902
0.288919
0.162405
0.0218846
0.0187629
0.0264158
0.0526343
0.210392
0.260152
0.139181
0.16427
0.0567884
0.0657828
0.102834
0.174656
0.362232
0.0350064
0.00242862
0.0150707
0.00733158
0.0511081
0.140106
0.294366
0.246422
0.0705045
0.00624941
0.00914614
0.0117137
0.0422627
0.0772024
0.578939
0.469791
0.0409034
0.0401128
0.0715996
0.0739954
0.0568182
0.0955475
0.0991876
0.113913
0.0659853
0.00857063
0.0468619
0.0984845
0.0399814
0.0715904
0.218884
0.239542
0.0167729
0.00188307
0.00437831
0.0127911
0.0396042
0.0263066
0.359876
0.214114
0.0393228
0.00782853
0.0128845
0.0182611
0.0384237
0.0196247
0.330584
0.341437
0.0331538
0.00588029
0.0210825
0.0211685
0.0074799
0.0318406
0.232497
0.21806
0.0602323
0.00998706
0.010182
0.00915308
0.00598003
0.0204135
0.306944
0.576202
0.0560222
0.00651125
0.0212456
0.0127234
0.0302437
0.018919
0.0877265
0.279448
0.0788372
0.00929405
0.0267539
0.0458067
0.074209
0.036223
0.0424967
0.16318
0.0908014
0.0239619
0.00860009
0.00454871
0.00453159
0.00237844
0.146045
0.572811
0.254324
0.108427
0.0336179
0.0202636
0.0239716
0.0241789
0.206606
0.572811
0.024779
0.00408988
0.0135803
0.0807327
0.173039
0.0285446
0.0274122
0.0319781
0.00256835
0.00158496
0.00816166
0.248911
0.483197
0.0159111
0.0112808
0.00465169
0.143557
0.0955014
0.105423
0.119789
0.133373
0.082322
0.153795
0.220649
0.171317
0.248148
0.150108
0.468964
0.334083
0.0998505
0.0718439
0.0376135
0.0138727
0.0132338
0.00855768
0.110351
0.170931
0.0034528
0
0.00538948
0.129599
0.101438
0.0487399
0.035718
0.0571994
0.0163788
0.016846
0.0281137
0.375711
0.373019
0.0656665
0.177329
0.116605
0.0173096
0.00574196
0.0307854
0.496838
0.496838
0.177095
0.04927
0.0410402
0.0181739
0.0577583
0.099665
0.124124
0.0594886
0.0532157
0.0779601
0.0972166
0.0505271
0.051513
0.0593801
0.041354
0.0142968
0.0582706
0.418612
0.21414
0.0676483
0.0617224
0.0478163
0.28899
0.271328
0.0891971
0.162855
0.206467
0.0809326
0.133232
0.11936
0.193014
0.0194063
0.0185537
0.335937
0.358906
0.159504
0.194201
0.244698
0.2846
0.306154
0.207403
0.0377147
0.030416
0.0332232
0.0261385
0.0853775
0.226532
0.128618
0.0978664
0.0800665
0.107481
0.114788
0.0935011
0.143537
0.441816
0.30115
0.189877
0.044586
0.0372686
0.029672
0.01516
0.0912975
0.333254
0.245129
0.13802
0.106925
0.101833
0.0555422
0.0438414
0.0644067
0.0402788
0.0836483
0.0737266
0.10518
0.108266
0.0819829
0.0445037
0.0365592
0.0614767
0.0970553
0.0991438
0.0891825
0.044179
0.0322137
0.0288805
0.0427694
0.122068
0.252888
0.133809
0.116613
0.123793
0.0324381
0.0421997
0.0247506
0.291282
0.704035
0.254576
0.140166
0.0718973
0.0183079
0.150788
0.060553
0.0302075
0.0326562
0.0428889
0.0171401
0.00848379
0.0112309
0.0201309
0.0381462
0.114167
0.109768
0.0253948
0.0138418
0.00404052
0.00848008
0.0393003
0.136162
0.2791
0.437985
0.0890776
0.0202309
0.0190453
0.00165519
0.0276931
0.0360601
0.535604
0.552527
0.133299
0.00847893
0.00438454
0
0.00403185
0.0520498
0.116666
0.12923
0.013708
0.00138362
0.000244067
0.000464516
0.0263105
0.111016
0.226942
0.348915
0.0495521
0.00511624
0.000987312
0.00526187
0.045601
0.149814
0.3492
0.453442
0.0743642
0.00117649
0
0
0.00321567
0.0213449
0.392586
0.453442
0.133651
0.0101403
0
0
0.00113182
0.0111529
0.146696
0.279598
0.131579
0.0412764
0.020442
0.0265487
0.0382755
0.0656816
0.193609
0.389121
0.161763
0.12226
0.0411622
0.0461602
0.0278114
0.0272989
0.269213
0.417131
0.15274
0.0152601
0
0.00198832
0.00118007
0.01449
0.366711
0.417131
0.131777
0.0224958
0
0.00795328
0.00460453
0.0326786
0.325552
0.354202
0.0589131
0.052752
0.0169596
0.0118032
0.0164817
0.0242064
0.304486
0.333448
0.0620276
0.0639127
0.0807725
0.0259188
0.0852921
0.0675245
0.343468
0.311238
0.031969
0.0364613
0.0413321
0.00718912
0.0194409
0.0315608
0.18705
0.0969669
0.00894263
0.350511
0.307958
0.0425121
0.0904338
0.0507251
0.0922458
0.112089
0.052562
0.281033
0.223954
0.0356112
0.0801221
0.0530975
0.100713
0.0139984
0.0177687
0.358929
0.227868
0.0403356
0.0650708
0.124828
0.0211286
0.00706511
0.00934317
0.432665
0.382689
0.028157
0.0446155
0.0144967
0.0114973
0.0035901
0.0109197
0.432665
0.23695
0.00229898
0.000353822
0.00551027
0.137124
0.0627789
0.0251587
0.0144584
0.004714
0.00296433
0.0198698
0.0629992
0.257809
0.192578
0.0474913
0.0316191
0.0150223
6.95001e-006
0.0226239
0.0316338
0.0480825
0.0474596
0.102097
0.166844
0.0347347
0.00316112
0.0295003
0.0357105
0.351487
0.563202
0.43168
0.353953
0.0635864
0.00573553
0.0670417
0.028616
0.126667
0.178426
0.0425662
0.0159859
0.0159187
0.00071057
0.00954972
0.00621662
0.190318
0.440729
0.119801
0.0231527
0.013202
0.00167249
0.0308575
0.0152891
0.245663
0.440729
0.167091
0.0747266
0.0191453
0.0111277
0.0447123
0.0290551
0.31369
0.440729
0.215675
0.13748
0.0362972
0.0352116
0.0352829
0.0779374
0.17669
0.405475
0.0817961
0.00530916
0.00353186
0.000288666
0.0102183
0.00893522
0.261741
0.405475
0.0953818
0.000651685
0.000673116
0.000941657
5.53914e-005
0.0100011
0.183431
0.405475
0.140102
0.0722313
0.0160321
0.0259535
0.016493
0.0184513
0.319981
0.405475
0.108576
0.0644507
0.052774
0.0151528
0.0315996
0.0632424
0.237743
0.410375
0.0789072
0.000126244
0
0.00355439
0.000209081
0.00738341
0.279685
0.410375
0.0966732
0.0052461
0
0.00236959
0.000139387
0.0219416
0.268683
0.410375
0.066136
0.081375
0.0614955
0.0246247
0.0957536
0.149047
0.245923
0.276565
0.0698205
0.091887
0.049809
0.0277818
0.0818013
0.15516
0.325251
0.502918
0.121923
0.00840336
0
0
0
0.0439269
0.295263
0.415404
0.0391522
0.00353382
0
0
0
0.0505972
0.254245
0.168236
0.0825683
0.0601041
0.0337096
0.0551271
0.0668472
0.230277
0.234822
0.0766546
0.041083
0.0529489
0.0159004
0.0657867
0.0964687
0.257824
0.122912
0.0957098
0.00490598
0.0684052
0.0653948
0.00189428
0.00391948
0.0182706
0.0413634
0.0152139
0.00538058
0.477343
0.402123
0.0134537
0.0136966
0.0112127
0.125819
0.0227296
0.0122911
0.130004
0.088849
0.0351421
0.058595
0.142951
0.019968
0.0228809
0.0392497
0.477343
0.477343
0.0230084
0.0291726
0.0354618
0.00103111
0.00468191
0.00704109
0.420969
0.294031
0.00675763
0.00321351
0.00094525
0.00179995
0.00291224
0.00510867
0.408209
0.184141
0.00258389
0.000266898
0.0010408
0
0.0279243
0.0631006
0.420969
0.304039
0.00103188
0
0
0.00158838
0.0115728
0.0348546
0.420969
0.202425
0.00130941
0.000124453
0
0.0206752
0.0156646
0.060629
0.162467
0.0643864
0.0383826
0.0416227
0.0681361
0.0623811
0.188389
0.274527
0.363808
0.17537
0.207313
0.227343
0.0715148
0.0286741
0.00972834
0.0129379
0.0446395
0.0421959
0.069239
0.0903097
0.188233
0.00812395
0.00669948
0.0416837
0.0937189
0.141384
0.45276
0.476614
0.12151
0.0523491
0.209576
0.116178
0.0966764
0.0519517
0.123398
0.204512
0.0568897
0.0843998
0.245416
0.0976873
0.166739
0.0767186
0.177732
0.257749
0.106104
0.000131878
0.0028119
0.0183839
0.0280792
0.0419077
0.29294
0.402406
0.112371
0.00221456
0.00368255
0.0142781
0.0466108
0.0436451
0.381287
0.405141
0.174523
0.0891478
0.189753
0.0698288
0.113603
0.0544882
0.144378
0.180831
0.0378283
0.207072
0.255656
0.083178
0.16853
0.206239
0.0998936
0.17789
0.115675
0.00674265
0.0026451
0.0104255
0.0383188
0.0369009
0.321523
0.407597
0.0602842
0.089493
0.0847967
0.0181479
0.0985177
0.148893
0.298233
0.407597
0.142327
0.207511
0.204894
0.0585927
0.27081
0.191625
0.0483178
0.174645
0.198508
0.14207
0.107503
0.0931302
0.320588
0.158948
0.0612024
0.117198
0.144671
0.161512
0.183077
0.0230445
0.184281
0.125989
0.122271
0.378195
0.195489
0.148074
0.116952
0.0455019
0.22624
0.127979
0.0883253
0.196431
0.164646
0.171033
0.0623138
0.12285
0.165552
0.137438
0.108195
0.0651641
0.160361
0.253493
0.159175
0.108416
0.169746
0.221588
0.142473
0.153675
0.210712
0.232681
0.0684347
0.0868776
0.11297
0.144851
0.0914695
0.0760772
0.158401
0.349525
0.145007
0.104171
0.129334
0.331271
0.139804
0.266947
0.204274
0.137062
0.0642905
0.0362663
0.177369
0.13896
0.0994214
0.108435
0.141423
0.0202713
0.0178622
0.0276398
0.445434
0.324014
0.0550691
0.0396077
0.0356804
0.241454
0.0929018
0.0632818
0.282282
0.17827
0.0850981
0.13681
0.12636
0.0683577
0.0416605
0.0356982
0.445434
0.310151
0.0354965
0.0138897
0.0218152
0
0.0134334
0.0431447
0.443223
0.287276
0.000446323
0
0
0.000234238
0.00472698
0.0254158
0.339046
0.19083
0.00346527
0.000203839
0
0
0
0.00436485
0.443223
0.325722
0.000111581
0
0
0
0
0.0070189
0.410907
0.227142
0.00754095
0.000305758
0
0.107819
0.0394081
0.0291693
0.00231234
0.0103538
0.0516549
0.149321
0.297699
0.0828815
0.0357696
0.0727263
0.0099625
0.0338934
0.380799
0.481414
0.180158
0.12968
0.0525661
0.0468052
0.0173268
0.0297434
0.0356394
0.134233
0.262375
0.24623
0.127854
0.155065
0.0788227
0.0534908
0.0334852
0.233017
0.279031
0.0139113
0.0048459
0.00938551
0.00436506
0.0109777
0.208754
0.326609
0.149104
0.00563451
0.00086537
0
0.001476
0.00289116
0.363825
0.54943
0.219998
0.0638403
0.0284809
0.0235676
0.047851
0.0541148
0.0374534
0.139772
0.0953714
0.0267276
0.00442694
0.0117688
0.0469104
0.0465445
0.121288
0.452967
0.156122
0.000310789
0.0029032
0.000322578
0.000871166
0.000763389
0.22733
0.430366
0.0550518
0.0182286
0.0276764
0.00134987
0.00348466
0.00291574
0.283078
0.430366
0.0710192
0.004843
0.00526896
0.00313225
0.00771287
0.00306451
0.100917
0.387954
0.0687097
0.00216308
0.0180777
0.00193547
0.000437042
0.000328897
0.300085
0.430366
0.0695217
0.0278601
0.0257508
0.00152549
0.00369537
0.00302089
0.154483
0.397231
0.0613809
0.0371727
0.0147145
0.00285051
0.00521791
0.00971128
0.123129
0.397231
0.0874151
0.000183967
0.00450119
0.000498408
0
0.00150955
0.326961
0.397231
0.0554696
0.0016315
0
0
0
0.00740777
0.394258
0.397231
0.101854
0.0851327
0.0139245
0.00932658
0.00185161
0.0164202
0.0736258
0.264567
0.123377
0.149992
0.0193784
0.0138297
0.00504571
0.0525968
0.0255519
0.131776
0.131233
0.00967307
0
0
0
0.00699978
0.388306
0.532423
0.156425
0.0123413
0
0
0.00238537
0.00238537
0.165788
0.532423
0.133935
0.131767
0.0242414
0.0181032
0.200524
0.101326
0.00807764
0.0421328
0.0717724
0.0423714
0.0158776
0.0156104
0.479726
0.277093
0
0
0.00978689
0.00397345
0.00311494
0.0102348
0.218509
0.15079
0.0224927
0.187861
0.06012
0.000827757
0.00467241
0.0214397
0.479726
0.475746
0.00858132
0.0181563
0.0129544
0
0
0.00523625
0.468733
0.211533
0
0
0
0.000412592
0.00206296
0.00537879
0.389127
0.127089
0.00965394
0.00090193
0
0
0.000662093
0.00710372
0.468733
0.323841
0.00576588
0
0
0.00570796
0.0162013
0.017638
0.420051
0.140248
0.0103058
0.00128433
0
0.151054
0.125197
0.0632966
0.0594922
0.0814762
0.0466387
0.133504
0.188793
0.232386
0.154627
0.176143
0.193224
0.11248
0.0197841
0.156262
0.245412
0.247273
0.193003
0.142797
0.229359
0.302606
0.103893
0.0833132
0.0854924
0.141327
0.110036
0.15979
0.223916
0.324639
0.0516012
0.0501704
0.0976205
0.195056
0.0830538
0.135955
0.223956
0.192392
0.0768405
0.18141
0.185926
0.128848
0.0430992
0.121224
0.165676
0.188815
0.149512
0.288843
0.243158
0.104175
0.119053
0.165546
0.144228
0.206106
0.0703258
0.103377
0.117218
0.14551
0.12689
0.282532
0.149792
0.108982
0.0993293
0.188821
0.189001
0.0420961
0.0354794
0.0145225
0.0217485
0.0140822
0.0611012
0.293301
0.0671996
0.0704831
0.0376313
0.0042827
0.00191807
0.00327552
0.327797
0.712042
0.131346
0.0713533
0.0812271
0.100458
0.0615145
0.0327362
0.0441876
0.048421
0.0604158
0.155302
0.109946
0.0745574
0.0260299
0.0312824
0.14855
0.248011
0.17936
0.0168466
0.00276136
0.000307585
0
0.00211407
0.232769
0.453175
0.0866893
0.00319865
0.00025634
0
0
0.00762285
0.368412
0.453175
0.149086
0.0430432
0.0193595
0.00559164
0.00319143
0.00775564
0.100726
0.203754
0.094715
0.0153148
0.0157439
0.00447956
0
0.0141515
0.207468
0.453175
0.111221
0.000840802
0
0
0
0.00276299
0.229058
0.419937
0.0571856
0.00263337
0
0
0.000472386
0.0064334
0.200894
0.419937
0.06926
0.00508124
0.00319991
0.0010591
0.00247126
0.00508814
0.192224
0.419937
0.0569823
0.00874249
0
0.000127824
0.00370689
0.00969661
0.317126
0.419937
0.105297
0.0500186
0.00899689
0.0371881
0.0951078
0.0698746
0.0636841
0.383466
0.0905433
0.0700423
0.0148857
0.08812
0.392172
0.253911
0.0074545
0.0700297
0.0464927
0.115332
0.0117828
0.0326902
0.0221769
0.0156219
0.263327
0.392172
0.145422
0.173934
0.0660018
0.0961778
0.366221
0.149367
0.100723
0.243249
0.128667
0.0127283
0.00330953
0.0317327
0.465069
0.299887
0.00418322
0
0.00385927
0.00363079
0.00845748
0.026354
0.329191
0.15818
0.0115875
0.00466568
0.0039518
0.0761026
0.0553489
0.056411
0.465069
0.27073
0.0311011
0.0539182
0.0725645
0.177603
0.0192116
0.0300555
0.298236
0.150508
0.039475
0.0187317
0.234899
0.19172
0.162051
0.0701655
0.0872171
0.0881735
0.0492254
0.0220635
0.0398112
0.150236
0.142278
0.0941648
0.0728805
0.112509
0.0413886
0.0784681
0.0554227
0.305315
0.485932
0.166356
0.00932681
0.0241401
0.0596897
0.0641389
0.0781879
0.337036
0.305051
0.0669585
0.0107119
0.0352369
0.0871926
0.273752
0.25953
0.0949114
0.0831524
0.0617753
0.0446274
0.0806503
0.0604555
0.178184
0.116337
0.155516
0.0645135
0.111773
0.147815
0.0418407
0.0545718
0.202869
0.168591
0.300864
0.0763301
0.0122279
0.015077
0.0380715
0.0900235
0.340018
0.367982
0.266025
0.103268
0.194891
0.176926
0.0490772
0.0459877
0.275565
0.283201
0.0684505
0.037976
0.0935629
0.12148
0.101522
0.0650248
0.0677121
0.0913658
0.102703
0.096439
0.106145
0.0895424
0.281416
0.23975
0.155145
0.201966
0.0582903
0.0325772
0.126462
0.130399
0.116934
0.0733643
0.0894562
0.0719085
0.0451643
0.0259803
0.070316
0.206365
0.506971
0.451796
0.167338
0.105376
0.066538
0.0554768
0.0466472
0.0853994
0.148787
0.242421
0.162284
0.177313
0.0787188
0.052036
0.0307386
0.0589774
0.153221
0.275501
0.402651
0.122394
0.0310629
0.0329975
0.105951
0.276904
0.282533
0.294656
0.101287
0.0799913
0.125096
0.0628929
0.139588
0.317555
0.198048
0.101531
0.0687771
0.0999566
0.0478459
0.0153296
0.00554819
0.0257986
0.0384896
0.166231
0.337577
0.0947932
0.0169242
0.00217162
0.000926487
0.0332625
0.0171387
0.429989
0.56604
0.192657
0.0918136
0.0442461
0.0277942
0.0766437
0.0493837
0.0681475
0.0705077
0.072577
0.0398871
0.0299435
0.0114584
0.0501372
0.0459301
0.203078
0.38846
0.105251
0.0312341
0.00424107
0.00228755
0.00271779
0.00795502
0.288294
0.40578
0.115613
0.111245
0.0960117
0.0510497
0.155612
0.0693888
0.156648
0.393
0.166244
0.0137972
0.00943317
0.00625439
0.00814617
0.015638
0.123773
0.384446
0.0945159
0.180889
0.0916098
0.054668
0.0203154
0.00648846
0.0835706
0.369994
0.276867
0.134983
0.139098
0.142957
0.290536
0.0957403
0.0441716
0.101576
0.127993
0.41717
0.0899133
0.0945081
0.123471
0.0377019
0.0276443
0.0185536
0.430379
0.212524
0.20443
0.199125
0.0629645
0.0125984
0.0221315
0.0848712
0.15494
0.32337
0.162192
0.171248
0.0759635
0.0395796
0.021417
0.00620499
0.229514