0.0866268
0.115784
0.0977986
0.0663222
0.118713
0.0957528
0.166072
0.129415
0.172761
0.140884
0.149994
0.0486133
0.0561294
0.0924782
0.18444
0.148209
0.182617
0.0644891
0.0422413
0.0222943
0.0578397
0.0883648
0.2019
0.332307
0.35263
0.128348
0.1054
0.0329863
0.0164264
0.0677804
0.146404
0.349367
0.0862609
0.0379086
0.050382
0.013073
0.0157675
0.141594
0.25859
0.0952965
0.120621
0.0343612
0.0437678
0.0595625
0.0381788
0.20443
0.266511
0.0985614
0.182275
0.0647485
0.0557192
0.0215844
0.00581912
0.129612
0.171402
0.176107
0.407232
0.0711232
0.0982329
0.0425207
0.0228197
0.15258
0.241848
0.393128
0.0574006
0.0805861
0.0723549
0.0971152
0.0322242
0.0738666
0.0782087
0.0730661
0.147363
0.123225
0.106898
0.0899515
0.0170825
0.063691
0.0723056
0.169642
0.173875
0.0316956
0.0420952
0.0535434
0.0290887
0.0560517
0.199971
0.357473
0.232535
0.0603142
0.0312188
0.042544
0.0186561
0.0532225
0.196296
0.639324
0.142894
0.0983347
0.0739125
0.0421665
0.00181342
0.056697
0.119078
0.150734
0.112211
0.0865297
0.0934397
0.0479741
0.0482436
0.107246
0.151715
0.135694
0.251542
0.0745309
0.0748494
0.037417
0.00120895
0.0716479
0.19685
0.470796
0.14875
0.0887959
0.101437
0.0566545
0.0823267
0.276654
0.33213
0.305747
0.0252196
0.0112878
0.0207988
0.0321505
0.0511235
0.0392607
0.0285346
0.0373191
0.0204615
0.00834105
0.0185749
0.534473
0.408387
0.0175994
0.00953922
0.0283942
0.0299478
0.0570424
0.047192
0.0584546
0.0399897
0.0595146
0.0523163
0.0304618
0.0430214
0.0600962
0.06447
0.458133
0.463425
0.0735145
0.0420695
0.0536739
0.00993988
0.0252646
0.0473879
0.362087
0.221209
0.00762327
0.0012144
0.00606589
0.113721
0.162794
0.362521
0.266209
0.110808
0.00809171
0.00152159
0.0498272
0.0690138
0.077767
0.0167933
0.206493
0.289749
0.0514752
0.0294571
0.0642483
0.0783872
0.291364
0.430731
0.227803
0.172657
0.0386951
0.028905
0.0666038
0.1154
0.208462
0.271628
0.109667
0.032757
0.0127515
0.00613971
0.092746
0.148032
0.137498
0.0926759
0.183685
0.247368
0.073913
0.0721811
0.2329
0.0495301
0.136133
0.303461
0.219246
0.0822762
0.0660044
0.0435427
0.0904779
0.158393
0.0895563
0.0965936
0.44891
0.360764
0.11705
0.050436
0.145583
0.164839
0.0194055
0.00635229
0.0320183
0.0473137
0.059052
0.0895302
0.294104
0.260341
0.0549391
0.0368263
0.069083
0.0329351
0.0626307
0.0835214
0.251131
0.255555
0.0697744
0.0379125
0.095228
0.0816782
0.0888351
0.091113
0.411241
0.138059
0.101071
0.0847104
0.125713
0.0688406
0.212626
0.228043
0.114352
0.148119
0.0683981
0.0541301
0.0358867
0.0117729
0.0936739
0.0874566
0.114345
0.354769
0.0960016
0.135018
0.0114845
0.021782
0.128509
0.16625
0.33413
0.0869993
0.0651408
0.0602462
0.0463702
0.027278
0.204237
0.225475
0.0841583
0.352905
0.167747
0.065214
0.033215
0.0393143
0.164533
0.188565
0.233995
0.248629
0.0263507
0.0334007
0.00106755
0.00678355
0.0196221
0.120248
0.295195
0.270317
0.0959529
0.0375856
0.0133615
0.00202652
0.00497374
0.13235
0.403915
0.314852
0.1207
0.0135568
0.00270406
0.00504344
0.0173966
0.0427259
0.162972
0.393322
0.293659
0.118762
0.0176778
0
0
0.0254873
0.143351
0.149628
0.125924
0.118266
0.065935
0.00116336
0.0232843
0.101363
0.198491
0.127569
0.152971
0.139624
0.100911
0.0722575
0.182528
0.164702
0.0989235
0.224395
0.320497
0.169489
0.08814
0.0505446
0.0130523
0.0553304
0.0538088
0.425293
0.320142
0.12737
0.1433
0.167432
0.08109
0.206216
0.0545378
0.0904108
0.0871408
0.0415567
0.0302869
0.0263957
0.0432533
0.0406009
0.017662
0.15784
0.147632
0.061564
0.110587
0.150373
0.0788253
0.0438834
0.0973195
0.271776
0.224597
0.0631575
0.0185466
0.0356338
0.0182841
0.054649
0.0368613
0.402355
0.692081
0.116281
0.00283206
0.00562598
0.0164017
0.0326897
0.085463
0.194328
0.172761
0.0205119
0.0450879
0.118929
0.0665298
0.0645898
0.149243
0.152925
0.363272
0.26424
0.196051
0.133133
0.0422851
0.0973383
0.144134
0.271079
0.330076
0.0285068
0.0200173
0.037951
0.0889368
0.122029
0.133058
0.112832
0.0966654
0.0614427
0.300564
0.303253
0.177573
0.160839
0.112441
0.0875372
0.114249
0.173957
0.173935
0.133102
0.0547663
0.0872744
0.163909
0.328115
0.13735
0.0730982
0.284689
0.197464
0.0711981
0.0983455
0.262742
0.0742487
0.0952597
0.0633003
0.234858
0.296538
0.0430091
0.0432813
0.0537345
0.41412
0.248215
0.0750146
0.0784872
0.122538
0.0234279
0.0806555
0.191053
0.0786602
0.0243877
0.0102598
0.0153045
0.0147434
0.134497
0.161771
0.229562
0.0241174
0.05799
0.0356668
0.0182783
0.0108005
0.104793
0.124356
0.0442756
0.0448634
0.0255449
0.0372136
0.0222523
0.0535958
0.365579
0.48545
0.194897
0.0794214
0.0748869
0.0290756
0.0176782
0.0492375
0.201766
0.498493
0.181277
0.0573118
0.066086
0.0531084
0.0376879
0.0207993
0.119903
0.125399
0.040039
0.222515
0.158187
0.0929291
0.047076
0.0273027
0.0759755
0.0876321
0.0795764
0.148678
0.175097
0.140874
0.0970284
0.0551324
0.123687
0.276597
0.143222
0.451555
0.296399
0.315045
0.194219
0.0976761
0.073469
0.0593449
0.208408
0.1409
0.14541
0.0644217
0.0126498
0.00418791
0.00817058
0.0185305
0.049505
0.194204
0.263825
0.131898
0.033262
0.00636421
0.00467435
0.0127278
0.0679326
0.205014
0.316327
0.210733
0.114645
0.047144
0.0434563
0.0155456
0.103644
0.230497
0.518778
0.344829
0.113425
0.0915549
0.0546003
0.0501321
0.193663
0.112591
0.202457
0.130403
0.0270254
0.0156146
0.00215344
0.0125589
0.0372647
0.29258
0.395229
0.13607
0.033842
0.0383711
0.0127456
0.042547
0.034798
0.116285
0.249588
0.261028
0.043848
0.0422849
0.0566844
0.0915685
0.114474
0.267931
0.473553
0.266084
0.0514581
0.0196339
0.0978574
0.142203
0.106047
0.349869
0.306598
0.0424121
0.00619252
0.0116721
0.00584669
0.0274678
0.0372736
0.318614
0.476408
0.059763
0.00480159
0.00907176
0.00570909
0.0262577
0.0524823
0.312503
0.254409
0.0397647
0.0203442
0.0206639
0.0441327
0.0992941
0.119347
0.321056
0.170696
0.0381756
0.0311052
0.0287695
0.0458376
0.0984951
0.193799
0.146315
0.174173
0.021788
0.0885495
0.109966
0.0707476
0.0696327
0.0574989
0.0398637
0.00875579
0.0360794
0.365158
0.371698
0.125229
0.0641399
0.0334587
0.126935
0.0582169
0.12706
0.176713
0.136677
0.0334667
0.0346331
0.128153
0.0132264
0.0161438
0.197578
0.449912
0.444485
0.0660957
0.0329166
0.0579228
0.0248612
0.065059
0.0569652
0.339028
0.326617
0.0364386
0.0121719
0.00317649
0.227383
0.197101
0.0969379
0.163115
0.137622
0.0150655
0.0296548
0.0795846
0.0260839
0.00510613
0.0549147
0.295327
0.35435
0.078621
0.105082
0.0998463
0.284464
0.0193541
0.0354104
0.128659
0.151432
0.0547255
0.13984
0.399865
0.10591
0.184337
0.225709
0.0302679
0.0678954
0.120268
0.199366
0.0339231
0.225106
0.135821
0.0522936
0.0322946
0.0829084
0.126746
0.268141
0.13391
0.244709
0.438321
0.385593
0.0127522
0.0188311
0.00686211
0.00263475
0.00874183
0.262866
0.221361
0.115184
0.024129
0.040271
0.0454796
0.0462974
0.0934984
0.118438
0.077772
0.0498994
0.115416
0.130143
0.132611
0.170874
0.106516
0.157502
0.0833147
0.128738
0.204037
0.212608
0.217966
0.184026
0.147888
0.1104
0.0478289
0.00268381
0.075766
0.136096
0.109279
0.123785
0.09554
0.0260698
0.00514757
0.00899656
0.088079
0.219581
0.426511
0.426652
0.122833
0.0680785
0.120797
0.0982551
0.093976
0.0932463
0.166218
0.108201
0.0644394
0.0977044
0.204627
0.149192
0.0701483
0.17044
0.204521
0.160317
0.0933262
0.0232934
0.0113997
0.0151096
0.0284665
0.0874303
0.278392
0.263309
0.134475
0.0381474
0.0294965
0.0322114
0.0355172
0.151837
0.350001
0.50926
0.248161
0.0488411
0.100154
0.122623
0.041333
0.120092
0.0989192
0.112952
0.0861331
0.0944038
0.179435
0.118222
0.074311
0.0671056
0.130644
0.19901
0.0858934
0.0139067
0.0955399
0.0920912
0.0272993
0.0951227
0.203289
0.412178
0.149959
0.0294035
0.202866
0.140555
0.0450348
0.0476508
0.203292
0.58269
0.114205
0.151089
0.146975
0.0387344
0.0887444
0.0906646
0.103752
0.204061
0.117456
0.244483
0.133911
0.124704
0.119195
0.0834666
0.147074
0.230878
0.176185
0.117584
0.131135
0.0514503
0.065745
0.0589055
0.0930777
0.38283
0.214729
0.194362
0.120694
0.114056
0.103754
0.078094
0.130395
0.4152
0.221332
0.109626
0.0633939
0.203534
0.199627
0.0975026
0.0711451
0.094235
0.107219
0.0161545
0.0274639
0.231909
0.382716
0.236504
0.0652373
0.0656956
0.0639921
0.106657
0.0528622
0.159187
0.200824
0.268541
0.0880693
0.19247
0.0744757
0.0366978
0.055551
0.195579
0.336703
0.391798
0.0739962
0.0488986
0.022377
0.0833857
0.00894934
0.0524785
0.149568
0.15541
0.0864919
0.167488
0.181644
0.52227
0.0268207
0.0136341
0.0230748
0.0458243
0.0353975
0.134926
0.514386
0.093311
0.0900887
0.118752
0.094813
0.0869658
0.0365673
0.0657676
0.0802278
0.321473
0.144094
0.123416
0.00899746
0.00548655
0.00669583
0.0362092
0.179688
0.234366
0.283184
0.232806
0.0178711
0.0157049
0.0135513
0.00707227
0.0309867
0.134164
0.110874
0.0853038
0.0181019
0.0160097
0.033524
0.0491073
0.0815435
0.338313
0.0474108
0.054937
0.0114557
0.0104699
0.0076862
0.034537
0.418903
0.336199
0.0431777
0.044937
0.0238468
0.0121959
0.0151659
0.0440229
0.418111
0.0631023
0.0413619
0.0260842
0.0306137
0.0497569
0.0450744
0.0906135
0.0508548
0.0528902
0.0304454
0.02466
0.0174295
0.08213
0.222178
0.378282
0.139774
0.298783
0.0387767
0.0544693
0.0377637
0.0276995
0.0187015
0.0276122
0.302101
0.298582
0.116949
0.072637
0.0192835
0.0220703
0.0341739
0.129563
0.505421
0.029468
0.0133089
0.00773525
0.0037642
0.0503208
0.141436
0.264083
0.157453
0.0204356
0.0250627
0.0103053
0.0151608
0.134834
0.271828
0.509202
0.251586
0.0954485
0.158019
0.0541367
0.00486775
0.0155152
0.0316084
0.14433
0.137446
0.0376371
0.1379
0.030689
0.00527194
0.058227
0.111209
0.462583
0.16099
0.0119866
0.0362899
0.0245572
0.00423328
0.0244646
0.149308
0.308588
0.0869725
0.0212876
0.0515844
0.0411811
0.00464118
0.0111464
0.172899
0.634628
0.0904556
0.013817
0.0225154
0.0066241
0.00242551
0.0184897
0.0971167
0.238861
0.0918083
0.0293221
0.0241224
0.00929059
0.00696177
0.0505452
0.165925
0.481381
0.137621
0.028585
0.0198546
0.0109461
0.0029122
0.00516983
0.0815222
0.390255
0.130496
0.0551812
0.0290933
0.0217558
0.0327145
0.0168584
0.060252
0.237445
0.149222
0.0261355
0.0112084
0.00501181
0.00204533
0.0198736
0.151244
0.472646
0.158408
0.0651409
0.020066
0.0184057
0.038039
0.0047455
0.115872
0.479375
0.386293
0.0534944
0.0271022
0.101692
0.184859
0.212021
0.0531433
0.124486
0.0691291
0.0177381
0.0578647
0.178741
0.209789
0.36859
0.0986395
0.045905
0.00712417
0.136733
0.0903728
0.136599
0.296876
0.0613822
0.0260703
0.256746
0.313819
0.132034
0.144246
0.230649
0.372023
0.182101
0.0878015
0.0506837
0.04657
0.0516909
0.184636
0.257549
0.140806
0.313392
0.119004
0.0616791
0.0100986
0.119626
0.226743
0.225895
0.0463386
0.057363
0.0411821
0.0356972
0.0587299
0.147226
0.169468
0.165672
0.262177
0.374417
0.221956
0.0836466
0.00540662
0.180543
0.136695
0.0697656
0.067432
0.180111
0.118236
0.0619411
0.0740238
0.316854
0.0174518
0.00863241
0.00792062
0.0132987
0.0132971
0.0755142
0.439457
0.360547
0.0328289
0.0191309
0.0128037
0.0115999
0.0129394
0.116607
0.47679
0.133317
0.0637673
0.0212502
0.0145157
0.0514264
0.0633532
0.0727249
0.139939
0.159313
0.0733126
0.0447676
0.0294709
0.07927
0.0820133
0.111677
0.176849
0.330708
0.0346209
0.014241
0.0152891
0.0119319
0.00438612
0.043906
0.349065
0.320139
0.0740931
0.0232886
0.00928697
0.00931539
0.0053594
0.0705896
0.561776
0.148315
0.0675364
0.0255619
0.0350882
0.0410298
0.0209974
0.0610622
0.147236
0.13137
0.0309026
0.00858885
0.0347712
0.0347712
0.03076
0.143186
0.250358
0.292873
0.228677
0.056273
0.00674706
0.00399129
0.0109275
0.09016
0.28902
0.22986
0.184207
0.0389614
0.00607033
0.00771624
0.0404099
0.457027
0.260931
0.158212
0.0453416
0.0278579
0.0346567
0.0300807
0.04385
0.10612
0.157441
0.233941
0.0391982
0.0535014
0.0585016
0.0865356
0.0750303
0.154685
0.169421
0.0649199
0.0140864
0.00313855
0.0039638
0.0170239
0.0892576
0.346418
0.194955
0.0921619
0.0409529
0.00353987
0.00408004
0.0449553
0.152888
0.450428
0.476644
0.0957105
0.0263667
0.012261
0.0213607
0.0558174
0.049116
0.128659
0.121157
0.111491
0.0897461
0.0107871
0.00959319
0.0187873
0.0254159
0.178297
0.366537
0.0785745
0.0251296
0.0179008
0.000387693
0.00998861
0.0693528
0.231334
0.288707
0.157209
0.0165144
0.0278402
0.0101411
0.00115639
0.0477323
0.313962
0.597217
0.0794832
0.0236382
0.0143888
0.00173824
0.00173824
0.00226121
0.0809157
0.255287
0.194746
0.00584139
0.0214237
0.00362896
0.00362896
0.00183214
0.0488685
0.40314
0.238016
0.0894178
0.049971
0.0983916
0.00424727
0.00382992
0.154486
0.444852
0.360813
0.205793
0.086023
0.157111
0.0215956
0.0321003
0.0184783
0.118035
0.25101
0.0229124
0.00633952
0.00292342
0.00292342
0.00199174
0.010999
0.325202
0.414067
0.176116
0.00952666
0.0048453
0.00690203
0.00441237
0.00137777
0.146256
0.38298
0.167678
0.0368456
0.0798699
0.0591047
0.0498656
0.00973813
0.044865
0.355864
0.0926746
0.0199566
0.0172568
0.0491106
0.0258259
0.0139903
0.115388
0.489285
0.183249
0.0100919
0.00871764
0.0134594
0.0134073
0.00642473
0.0876484
0.454732
0.0465545
0.0126429
0.0218619
0.0230474
0.0132556
0.0180445
0.203932
0.169282
0.096521
0.0494055
0.0252725
0.0777856
0.15898
0.159177
0.164686
0.189861
0.195353
0.122907
0.0642223
0.135587
0.165852
0.14794
0.160669
0.163401
0.0317885
0.0449208
0.0560988
0.0579599
0.120066
0.177475
0.194113
0.207274
0.136391
0.130743
0.100479
0.0851435
0.113016
0.135705
0.18755
0.180973
0.154011
0.0850959
0.0478667
0.0518566
0.0497467
0.0726578
0.148598
0.136767
0.0518307
0.0381657
0.0670567
0.0657271
0.0928308
0.25144
0.247216
0.183682
0.144703
0.123323
0.0888206
0.0779287
0.0867599
0.0563418
0.139033
0.176709
0.125165
0.146166
0.121649
0.136846
0.139768
0.197112
0.25181
0.0725644
0.0346481
0.0592218
0.0771128
0.0645151
0.0840447
0.184108
0.143648
0.169292
0.0400015
0.0948082
0.115239
0.139093
0.109008
0.175937
0.187907
0.0927807
0.104499
0.107563
0.0804201
0.0811085
0.103137
0.224467
0.165826
0.236727
0.0750524
0.0648168
0.0579884
0.0527717
0.163273
0.274183
0.270788
0.155307
0.0630234
0.0567669
0.0798766
0.142134
0.121085
0.14088
0.143287
0.229324
0.243463
0.0872098
0.0427626
0.0587053
0.0912861
0.125584
0.204825
0.163035
0.0262995
0.0520765
0.0973543
0.100875
0.121465
0.142108
0.183753
0.234019
0.201492
0.168864
0.106479
0.0883497
0.123926
0.120953
0.182759
0.171223
0.10494
0.0361963
0.0127705
0.0206095
0.0352633
0.158099
0.255432
0.319366
0.0559537
0.0495873
0.038766
0.0489604
0.049392
0.144457
0.430259
0.183206
0.146228
0.116438
0.0306738
0.0225476
0.0451379
0.127006
0.155206
0.159926
0.102581
0.115277
0.0421102
0.0494475
0.112099
0.187789
0.187421
0.324826
0.0413935
0.0366969
0.0514064
0.0600011
0.0435843
0.0331693
0.320131
0.464895
0.234667
0.0677752
0.0782805
0.1005
0.0679569
0.0256685
0.181178
0.0696288
0.0413879
0.0359785
0.0570149
0.0869269
0.160735
0.134376
0.112012
0.0539079
0.0575866
0.065003
0.10781
0.127155
0.145866
0.111299
0.0667748
0.37672
0.228913
0.0679824
0.0646003
0.0987983
0.0967671
0.0556483
0.109297
0.324189
0.0618871
0.0473601
0.109926
0.118476
0.104515
0.128435
0.224905
0.0774731
0.109811
0.127698
0.0886842
0.0956821
0.0827832
0.0685608
0.084321
0.140147
0.0884461
0.132394
0.122904
0.107735
0.0983142
0.114038
0.150419