0.0579184
0.18042
0.0733342
0.0848821
0.161051
0.145691
0.154751
0.0544798
0.150822
0.18869
0.0527302
0.0591684
0.0857666
0.173841
0.229533
0.0692705
0.121681
0.213203
0.137524
0.158566
0.223726
0.090625
0.0861987
0.123861
0.216217
0.21453
0.133328
0.102497
0.142848
0.148952
0.165489
0.211251
0.141609
0.13243
0.0801197
0.116734
0.0521317
0.0530801
0.0921684
0.0451112
0.164244
0.201483
0.208631
0.220212
0.0566666
0.0322791
0.0948524
0.0338888
0.158551
0.140039
0.159121
0.231822
0.0742292
0.0918234
0.0702125
0.066941
0.245017
0.223626
0.204888
0.357377
0.101154
0.198669
0.0580188
0.0304919
0.0718089
0.120825
0.125775
0.128164
0.0558413
0.0614709
0.100725
0.0420271
0.126135
0.245203
0.174535
0.0631016
0.0391836
0.134947
0.152012
0.0666115
0.180289
0.154517
0.114812
0.150239
0.0735943
0.175796
0.065103
0.0955986
0.381275
0.320565
0.191551
0.0885631
0.0235341
0.10095
0.045337
0.312425
0.117617
0.168709
0.130803
0.0288111
0.0265466
0.0868984
0.0865954
0.107203
0.107604
0.137417
0.0870221
0.0348639
0.0530975
0.0676725
0.116779
0.175324
0.375635
0.158194
0.149769
0.0944496
0.0250888
0.0169631
0.0541518
0.337678
0.230408
0.0647083
0.0507598
0.207224
0.0916745
0.0448756
0.145868
0.360907
0.0535373
0.076788
0.0636697
0.0351566
0.0827092
0.0882925
0.0936569
0.0938473
0.0670692
0.0494282
0.0711019
0.0523637
0.17363
0.271253
0.19173
0.070338
0.0810527
0.121377
0.0241799
0.0723186
0.0894542
0.111573
0.141887
0.136278
0.317126
0.491354
0.14755
0.108255
0.213969
0.199882
0.181878
0.0559745
0.0489488
0.0244291
0.0171147
0.0242448
0.0551854
0.0960532
0.0864273
0.0313395
0.0658501
0.0193688
0.00422551
0.025902
0.0704464
0.0825812
0.074926
0.065596
0.324925
0.415945
0.0653437
0.058354
0.062767
0.0549808
0.0437358
0.0613725
0.429222
0.243052
0.0180482
0.0401109
0.0341986
0.0566895
0.132314
0.501632
0.0845835
0.0301073
0.00791314
0.0303225
0.102773
0.117505
0.0964768
0.0895654
0.108425
0.0732575
0.0389255
0.0646729
0.0961127
0.100139
0.127106
0.114104
0.273304
0.0477976
0.0145668
0.0827441
0.0743887
0.131643
0.220446
0.581779
0.213077
0.17247
0.0454348
0.108562
0.121409
0.135223
0.171519
0.214161
0.119167
0.0925288
0.120186
0.0941301
0.0883608
0.0539851
0.146107
0.145937
0.214608
0.107256
0.114862
0.0926209
0.119735
0.104608
0.150125
0.212347
0.213144
0.142668
0.167918
0.100058
0.0325578
0.0275336
0.128447
0.159045
0.329451
0.230296
0.217131
0.188374
0.111304
0.0542934
0.118274
0.152034
0.138232
0.0786973
0.104228
0.18116
0.118988
0.119793
0.0740481
0.060113
0.196772
0.0933589
0.135122
0.227932
0.186164
0.205195
0.0602418
0.0385135
0.170593
0.113613
0.135633
0.209745
0.126832
0.0947212
0.127498
0.105919
0.144539
0.200862
0.0981194
0.236843
0.290884
0.131261
0.119105
0.166309
0.172914
0.122637
0.124537
0.0800616
0.0988545
0.119378
0.0353285
0.0635644
0.259257
0.229634
0.175344
0.0495503
0.0290422
0.0672419
0.0544734
0.191907
0.127123
0.151193
0.110718
0.169122
0.21087
0.0736489
0.0467846
0.0714569
0.382047
0.350251
0.171621
0.115365
0.0988885
0.0536138
0.0904612
0.0997316
0.10031
0.0357393
0.035183
0.0233854
0.0128651
0.00898935
0.0182757
0.0605113
0.103761
0.0770819
0.0258974
0.0464924
0.0252131
0.016257
0.0196672
0.0745312
0.184714
0.257469
0.049108
0.014012
0.0228396
0.00987119
0.0391634
0.0437588
0.361718
0.758379
0.193573
0.0288862
0.0131462
0.00874488
0.0250312
0.0805378
0.0804652
0.0771656
0.0161036
0.00936742
0.00837429
0.0107826
0.0154502
0.038056
0.173036
0.282839
0.114594
0.00974287
0.0116104
0.00790818
0.0173065
0.0254761
0.24469
0.354054
0.106313
0.023314
0.000795815
0.00506212
0.0229639
0.0650864
0.474599
0.566165
0.209755
0.0178691
0.00146829
0.00986197
0.0430315
0.078456
0.221414
0.334753
0.0776634
0.0100666
0.0063453
0.00396495
0.015598
0.0462972
0.20584
0.138892
0.00569528
0.0332808
0.0439447
0.049812
0.118955
0.186475
0.393755
0.452773
0.113278
0.0327565
0.0689948
0.0754587
0.0955117
0.138418
0.146858
0.0957533
0.00583362
0.147819
0.331566
0.173963
0.159082
0.125237
0.0765312
0.0140774
0.0211172
0.11762
0.150199
0.130566
0.149153
0.202239
0.0570496
0.0528752
0.0381642
0.104079
0.119528
0.13112
0.0760288
0.0753146
0.0394809
0.00548555
0.0254559
0.265739
0.657882
0.154452
0.0830319
0.0591741
0.0598943
0.0406241
0.0494567
0.149992
0.319442
0.152978
0.113298
0.0934644
0.120863
0.172429
0.201932
0.0968126
0.0336995
0.0142038
0.0292276
0.076801
0.15542
0.251466
0.242202
0.0963299
0.0465275
0.0176481
0.033394
0.0475835
0.0851817
0.16482
0.200714
0.0511822
0.112265
0.175361
0.230894
0.132104
0.171318
0.295213
0.342859
0.0745311
0.0551871
0.102242
0.168265
0.0878869
0.0360302
0.0420619
0.0506336
0.0481048
0.0297261
0.0126559
0.0218933
0.0287585
0.067528
0.0890227
0.0352726
0.0515266
0.0653562
0.0314552
0.0276874
0.0702645
0.110867
0.263539
0.11155
0.0286893
0.0229353
0.0148751
0.0269884
0.0524065
0.295054
0.75063
0.299692
0.0145149
0.0316854
0.0147343
0.0227945
0.0800348
0.0567784
0.0670348
0.0290274
0.0149558
0.0257062
0.0153078
0.015792
0.0274284
0.189432
0.270819
0.0637009
0.0082994
0.0106726
0.00657299
0.0156184
0.020684
0.258017
0.321298
0.129705
0.00471898
0.00700341
0.00483673
0.0110799
0.0459955
0.377222
0.655055
0.220785
0.0155513
0.00167227
0.00562063
0.0110866
0.0346981
0.126991
0.229923
0.0302115
0.00130352
0.00237736
0.000618644
0.00752267
0.0187415
0.167674
0.439905
0.0775555
0.0143254
0.00116276
0.000388244
0.00441936
0.0252022
0.153174
0.519875
0.131498
0.00312889
0
0.00389215
0.0136569
0.0255254
0.192263
0.535339
0.104853
0.00354219
0
0.00151537
0.014494
0.0412045
0.181785
0.392815
0.0702857
0.0233683
0.000215263
0.00130937
0.00775552
0.0306809
0.305711
0.450474
0.0886099
0.0220171
0.00999056
0.012283
0.0263618
0.0413053
0.194328
0.50972
0.0348206
0.0113145
0.00109836
0.00183952
0.01498
0.0342597
0.216689
0.306343
0.0420216
0.0536451
0.0342616
0.00877127
0.0284885
0.0252269
0.189284
0.215011
0.0313915
0.100791
0.135763
0.0589525
0.0614724
0.0465118
0.041864
0.0195788
0.00102461
0.211488
0.341674
0.0832981
0.0517283
0.0271059
0.0819907
0.077687
0.0249932
0.271395
0.275085
0.0227867
0.0335854
0.0120913
0.00579116
0.00109329
0.00381748
0.462048
0.524154
0.0180923
0.0125219
0.00167665
0.0158886
0.00165707
0.0332547
0.245552
0.399791
0.0374057
0.00887271
0.00828695
0.0451643
0.0317333
0.0747744
0.120073
0.161977
0.0265734
0.0305525
0.0271453
0.00790072
0.00200078
0.0342702
0.47613
0.548014
0.00675436
0.000378665
0.00323223
0.044958
0.0221188
0.0759377
0.242774
0.237318
0.0226821
0.0216292
0.0183035
0.02386
0.023229
0.0255537
0.00484221
0.044834
0.0646171
0.2216
0.158745
0.100835
0.143943
0.132531
0.0637966
0.0816195
0.0486962
0.124545
0.0751227
0.0426544
0.123797
0.180695
0.103014
0.0946485
0.0651468
0.280076
0.200906
0.0612353
0.210527
0.225416
0.349974
0.481121
0.1762
0.190302
0.0728902
0.119201
0.268656
0.0821939
0.0255295
0.0132772
0.00392975
0.0151116
0.0252357
0.206369
0.570547
0.194854
0.0432857
0.0408996
0.0188786
0.00307738
0.0143659
0.109177
0.203716
0.103766
0.102594
0.139724
0.0921975
0.106975
0.0345359
0.19972
0.325487
0.105051
0.230959
0.144393
0.168786
0.20498
0.0767259
0.161122
0.31096
0.109565
0.0305253
0.0203091
0.00756385
0.000842357
0.0130978
0.239566
0.476074
0.175311
0.0640488
0.012285
0.0131069
0.0216239
0.0343704
0.101073
0.220278
0.0797056
0.138496
0.0710667
0.0741649
0.202733
0.101139
0.183984
0.337282
0.148214
0.225703
0.0667987
0.138816
0.258772
0.182813
0.111325
0.360893
0.138779
0.0313207
0.0155005
0.025869
0.0939402
0.0621136
0.201805
0.405027
0.0716765
0.0134349
0.0326836
0.0210106
0.114864
0.106641
0.163962
0.267776
0.0897103
0.116908
0.0727955
0.129413
0.219826
0.159149
0.285715
0.257879
0.0400417
0.0537398
0.130734
0.0569222
0.24602
0.297629
0.166429
0.270064
0.0211402
0.0301831
0.0280596
0.0312602
0.0954926
0.118894
0.225893
0.188032
0.0504055
0.0607978
0.0317931
0.0364579
0.122956
0.068953
0.24483
0.218846
0.0731496
0.101916
0.177054
0.0993403
0.177085
0.238706
0.354767
0.29354
0.180426
0.123367
0.199495
0.225479
0.18818
0.250776
0.0964595
0.0496902
0.0311633
0.196551
0.170851
0.0210526
0.0794605
0.0293245
0
0.00948648
0.0144878
0.36435
0.37011
0.0067582
0.0196238
0.00539357
0.176268
0.108742
0.108636
0.234587
0.228285
0.0990067
0.11415
0.118455
0.00873007
0.033492
0.0345314
0.464845
0.416921
0.024514
0.0241616
0.00704904
0.00363239
0.0012869
0.00808157
0.382426
0.415137
0.000923977
0
0.00301276
0.0249109
0.00721471
0.0270655
0.178287
0.208165
0.0151457
0.0334878
0.0286192
0.00376009
0.00407593
0.0124822
0.524654
0.403906
0.00100183
0.0126622
0.00788955
0.0339247
0.0179409
0.0321504
0.208042
0.183508
0.00699706
0.0472147
0.117458
0.0362064
0.205407
0.364716
0.213753
0.0456019
0.0214127
0.0618565
0.0425437
0.0384515
0.158086
0.176175
0.254856
0.289181
0.214172
0.214129
0.0630633
0.053626
0.324385
0.342195
0.157733
0.00621926
0.00193832
0.0136966
0.0229663
0.08461
0.10806
0.117083
0.0931899
0.0411789
0.0733213
0.157408
0.0980477
0.0275241
0.0283398
0.0244027
0.0399547
0.0752247
0.110862
0.242674
0.0684743
0.0470773
0.0279223
0.0156026
0.0839335
0.0463861
0.205687
0.502161
0.111894
0.0268567
0.00714453
0.0108797
0.0170583
0.0250279
0.0457485
0.188484
0.0969964
0.0154578
0.00340194
0.00908978
0.0109343
0.01795
0.137581
0.66328
0.137162
0.0229936
0.0245662
0.0129261
0.0494592
0.0256117
0.0897511
0.335329
0.111349
0.0708396
0.0608378
0.0213562
0.0664744
0.038855
0.127831
0.473313
0.153498
0.00901309
0.00149105
0.00234758
0.00203894
0.00788173
0.0722481
0.448243
0.0940073
0.0247082
0.00137116
0
0.000221585
0.0243632
0.0866576
0.528267
0.169179
0.103841
0.118299
0.0161861
0.0334419
0.0280236
0.10264
0.348825
0.0928847
0.140536
0.135399
0.0154792
0.0153724
0.0373969
0.0488047
0.336342
0.224709
0.0276811
0.00789769
0.0120513
0.0077267
0.0196223
0.0746772
0.492249
0.108985
0.0254672
0.0122759
0.018348
0.0126028
0.00966521
0.0688216
0.515607
0.205432
0.118143
0.0929854
0.0315124
0.0268872
0.0688775
0.0633007
0.164532
0.185939
0.167851
0.120579
0.0744395
0.0506307
0.113309
0.127642
0.10376
0.270795
0.0174985
0.0152892
0.00382792
0.00564076
0.000208803
0.0466419
0.540502
0.244486
0.0564227
0.0508367
0.00733454
0.0229348
0.0308436
0.0299372
0.483826
0.301593
0.119965
0.0883111
0.0566919
0.170465
0.215395
0.0436625
0.0367385
0.12296
0.016973
0.03462
0.0146008
0.327154
0.420185
0.00894235
0.00354301
0.000848966
0.0497672
0.0659304
0.0272824
0.18633
0.265961
0.0099144
0.111065
0.10522
0.00826475
0.0242275
0.0275483
0.397669
0.499914
0.002397
0.00335967
0.00313267
0.00408587
0.00118419
0.00577222
0.335735
0.407985
0.00144976
0.00941316
0.00732642
0.0354008
0.00964363
0.0104258
0.143974
0.160055
0.00306224
0.029643
0.107482
0.00141657
0.000946856
0.00649888
0.407449
0.567646
0.00597721
0.00277534
0.00217502
0.0182271
0.0187387
0.0136905
0.179513
0.264624
0.0228191
0.0215097
0.0334448
0.12011
0.397927
0.292123
0.0681597
0.0558462
0.0289255
0.0217524
0.076839
0.147589
0.125344
0.177269
0.166501
0.137304
0.0419126
0.092471
0.136983
0.132645
0.117266
0.154778
0.0776052
0.110206
0.0783229
0.0410077
0.168407
0.206272
0.14884
0.208906
0.12157
0.136884
0.113677
0.092886
0.195269
0.110728
0.0150646
0.0506018
0.0764601
0.0963772
0.053299
0.101583
0.168844
0.0983168
0.0269602
0.0797735
0.0695118
0.0711518
0.177475
0.643499
0.202166
0.163396
0.0502434
0.0936824
0.0384029
0.0935554
0.180313
0.0936467
0.113726
0.123437
0.0736513
0.192456
0.0809993
0.085016
0.196156
0.0870701
0.0624383
0.0184454
0.00832674
0.0151612
0.0141759
0.0205734
0.071557
0.423611
0.10704
0.0380802
0.0118657
0.00213339
0.0018848
0.0281385
0.0949047
0.714738
0.337625
0.0258201
0.026899
0.0457662
0.0403045
0.0348011
0.0400181
0.0426289
0.0344144
0.0623331
0.0715878
0.0320142
0.046974
0.0536861
0.0585721
0.181204
0.117
0.0116704
0.00372096
0.0134461
0.00994149
0.0183096
0.0512316
0.380237
0.152086
0.0143832
0.000307186
0.021319
0.0196239
0.00907852
0.0668752
0.610949
0.206699
0.0261516
0.032767
0.0133773
0.0116763
0.0124756
0.0267295
0.169116
0.110395
0.0221417
0.0125579
0.00928104
0.0077114
0.00140329
0.0435428
0.515381
0.187386
0.00537253
0
0.00456348
0.0116795
0
0.0471759
0.462198
0.120614
0.0140953
0.0216186
0.0112302
0.0128798
0.0078653
0.0604334
0.487476
0.158373
0.00681272
0.00111161
0.00275474
0.00733829
0.000622048
0.0425224
0.43476
0.0669966
0.0241457
0.0254782
0.00702891
0.00466257
0.00999094
0.0805318
0.487476
0.113713
0.065631
0.0901297
0.106239
0.150994
0.138168
0.0782586
0.34403
0.112508
0.0466862
0.0605082
0.148986
0.379716
0.373125
0.018213
0.0235875
0.016003
0.141314
0.100133
0.0841834
0.041766
0.027104
0.126827
0.438649
0.160085
0.133603
0.0801912
0.162579
0.257215
0.130043
0.0587192
0.0692502
0.0979166
0.0017848
0.00475134
0.0335009
0.343879
0.471367
0.0192373
0.00435044
0.000119398
0.00741067
0.0214555
0.0174886
0.139729
0.265568
0.0486496
0.0192171
0.00710923
0.0171234
0.0175542
0.0742824
0.508725
0.305774
0.0225549
0.00814636
0.0188712
0.0209792
0.0220594
0.0269972
0.292009
0.203476
0.043628
0.0107008
0.0157032
0.0708601
0.0681721
0.088814
0.0776536
0.0885402
0.100405
0.0587129
0.231278
0.0758934
0.0656414
0.0920065
0.0689715
0.11897
0.18988
0.141776
0.243831
0.0971854
0.0757803
0.131308
0.167326
0.136344
0.128597
0.105346
0.233589
0.0547171
0.0664001
0.128354
0.103089
0.273509
0.406276
0.151343
0.186766
0.0450723
0.0435296
0.102397
0.0747076
0.148629
0.229498
0.128811
0.0654842
0.0454527
0.105542
0.156002
0.102507
0.172162
0.237007
0.0895921
0.0236701
0.00671012
0.0268309
0.0822352
0.156599
0.324183
0.317018
0.0844453
0.0360656
0.060003
0.064196
0.0682454
0.178126
0.342503
0.263635
0.135594
0.119687
0.0768058
0.140839
0.101736
0.119012
0.110956
0.0990045
0.067142
0.0319208
0.185328
0.304942
0.186529
0.178949
0.123473
0.0701002
0.106628
0.081833
0.147937
0.137998
0.0373009
0.108301
0.14369
0.133515
0.140572
0.150908
0.226491
0.266733
0.220423
0.098246
0.138403
0.115686
0.196737
0.153004
0.128695
0.154531
0.0935312
0.0476912
0.0249837
0.0208417
0.0777423
0.164647
0.127192
0.089158
0.0633274
0.0161119
0.00905011
0.0379832
0.630219
0.295465
0.151397
0.129578
0.11972
0.026567
0.0453478
0.0545334
0.129298
0.137181
0.145425
0.126111
0.100281
0.0150715
0.0833817
0.129189
0.165109
0.150406
0.0298299
0.0156527
0.00943998
0.00126956
0.0019288
0.0184253
0.416801
0.0806717
0.0299164
0.0155156
0.00331174
3.13897e-005
0.0139198
0.037499
0.716894
0.29865
0.0355396
0.0260486
0.0248648
0.00205649
0.0142663
0.0507448
0.108593
0.0521705
0.028249
0.00872491
0.0164469
0.0138259
0.0165885
0.0399614
0.253226
0.22726
0.0538366
0.0230698
0.0105072
0.000760704
0.0204371
0.0459325
0.39484
0.379092
0.13777
0.08705
0.0784551
0.163673
0.0528755
0.0346116
0.148685
0.350021
0.025695
0.015999
0.0130819
0.01515
0.014784
0.00927543
0.206571
0.330018
0.187419
0.0971295
0.0431789
0.0639911
0.0123778
0.028966
0.149726
0.431764
0.109916
0.119739
0.13665
0.558025
0.122196
0.0113832
0.0243496
0.131564
0.0750106
0.059912
0.0743983
0.343387
0.0926637
0.0235076
0.0182098
0.041105
0.229687
0.177676
0.108962
0.256241
0.0180221
0.0820565
0.0773657
0.247951
0.133134
0.0993932
0.128857
0.247174
0.0759689
0.0807167
0.0614784
0.091659