0.102243
0.0856299
0.111791
0.123658
0.0318234
0.0426693
0.0471015
0.0349415
0.18754
0.303097
0.149447
0.0575377
0.0192252
0.0153176
0.0243679
0.0484859
0.171529
0.0733353
0.136648
0.118692
0.0667077
0.223594
0.275216
0.295929
0.355401
0.233812
0.103229
0.05349
0.0310655
0.043548
0.119341
0.439648
0.163472
0.196697
0.0595413
0.0457833
0.0199408
0.0130182
0.0167656
0.0377668
0.143522
0.138151
0.155368
0.161714
0.0738586
0.0180631
0.00968288
0.0483229
0.163498
0.185176
0.0541895
0.0958127
0.0760849
0.0434431
0.0666334
0.109074
0.149954
0.286597
0.2998
0.607723
0.260272
0.0679979
0.0515546
0.0687759
0.0367557
0.0719237
0.171258
0.187476
0.0865901
0.0334887
0.00389165
0.0185667
0.0103884
0.0329615
0.166204
0.309218
0.280913
0.122104
0.0110936
0.00975806
0.0940258
0.153294
0.187184
0.270382
0.183805
0.0882948
0.0408326
0.101703
0.0300171
0.0407475
0.059192
0.236206
0.585753
0.195437
0.0447346
0.0677613
0
0
0.0665326
0.260909
0.328087
0.0981953
0.00778352
0
0
0
0
0.00162786
0.00162786
0
0
0
0
0
0.00212894
0.291517
0.763863
0.146229
0.0229
0
0
0
0
0.00940378
0.0139833
0.00275345
0.0021961
0
0
0
0
0.0006034
0.0006034
0
0
0
0
0
0.00294707
0.457349
0.447571
0.0445292
0.000536263
0
0.00186954
0
0
0.00700433
0.00700433
0
0
0.000929012
0.0320283
0.00392661
0.0199315
0.473394
0.50713
0.150142
0.00322079
0.0213884
0
0.00161366
0.0114321
0.268827
0.324911
0.0579202
0.00070018
0
0
0.024143
0.112985
0.286261
0.290879
0.0805965
0.00792062
0.0405038
0.0427254
0.0166217
0.0261079
0.203359
0.354313
0.190551
0.00420528
0.0424908
0.296884
0.148837
0.0385636
0.139003
0.311447
0.230228
0.0297257
0.309923
0.00842038
0.0356989
0.0884366
0.159922
0.110647
0.0619355
0.0368346
0.0914583
0.044677
0.0747346
0.0830399
0.120347
0.0726246
0.0437891
0.0467091
0.0966283
0.288952
0.106298
0.0176918
0.0660755
0.101764
0.151733
0.167146
0.451726
0.195093
0.0836433
0.0921418
0.0833453
0.10203
0.337521
0.305613
0.451726
0.0631406
0.0252604
0.0252372
0.0181208
0.0266644
0.109415
0.303006
0.34909
0.161511
0.065464
0.00879256
0.00526205
0.0060449
0.023512
0.234823
0.555237
0.0999549
0.0910908
0.0554647
0.0828579
0.0164496
0.0157564
0.136116
0.221913
0.0768413
0.0414854
0.0365548
0.0862892
0.0521367
0.0335168
0.213929
0.363408
0.052681
0.0409361
0.00698797
0.0216725
0.041992
0.0457235
0.131122
0.15766
0.0279125
0.079423
0.0991982
0.307667
0.285766
0.185946
0.105952
0.0546254
0.0242583
0.0128999
0.0112711
0.0386061
0.052676
0.0844307
0.170041
0.172878
0.115496
0.0651636
0.0208898
0.1236
0.361728
0.550753
0.251
0.226323
0.0245974
0.110093
0.115393
0.194008
0.193731
0.0964416
0.0449101
0.0365086
0.0118102
0.0631985
0.0625103
0.115412
0.3439
0.14009
0.0450754
0.034535
0.255462
0.213376
0.0914985
0.0883965
0.190212
0.234499
0.147566
0.186148
0.212153
0.234053
0.141596
0.0802134
0.196413
0.266647
0.399388
0.0828911
0.00131789
0.00458225
0.0084996
0.0776711
0.260801
0.124668
0.0310188
0.0056592
0.0117426
0
0
0.00802514
0.0163204
0.013265
0.00570869
0.00777824
0.071551
0.0870192
0.0642455
0.124197
0.221871
0.446299
0.397567
0.074546
0.308833
0.497499
0.133791
0.041225
0.0488017
0.13504
0.0945085
0.107099
0.0167174
0.0309381
0.00771834
0.00277025
0.00277025
1.28931e-005
1.28931e-005
0.00781676
0.0994918
0.211027
0.0594794
0.0621392
0.103275
0.033829
0.000855882
0.0202403
0.334843
0.481537
0.0944626
0.0122012
0.00279568
5.15724e-005
0.00501658
0.0325714
0.442863
0.518996
0.229718
0.0160104
0.0153998
0.00561867
0.000152554
0.020173
0.123651
0.19042
0.0761326
0.0397533
0.0973607
0.0657681
0.00206687
0.0376176
0.322753
0.27442
0.0929874
0.0188022
0.0511994
0.0677049
0.0312113
0.15147
0.355122
0.399339
0.128268
0.003226
0.00967033
0.0102929
0.00728655
0.0299595
0.358257
0.398961
0.0778118
0.0675246
0.123701
0.127463
0.102448
0.152786
0.293381
0.11927
0.0359937
0.0895492
0.061169
0.0842943
0.106933
0.182264
0.236114
0.0432621
0.0716657
0.149141
0.125792
0.208827
0.207684
0.311529
0.129026
0.0756673
0.0329354
0.322722
0.256647
0.105358
0.094536
0.0803604
0.10357
0.0303957
0.0503068
0.398671
0.32172
0.0312986
0.0457252
0.105527
0.247917
0.175938
0.0506361
0.0798786
0.0457843
0.0541996
0.0587685
0.155529
0.0514993
0.0699589
0.0968072
0.115307
0.106868
0.0740245
0.0869155
0.111269
0.343956
0.207336
0.0638378
0.0845611
0.0928146
0.0845693
0.0675134
0.301916
0.186243
0.464691
0.320288
0.17543
0.13489
0.109718
0.0501483
0.0971097
0.0423428
0.022245
0.0273202
0.0348156
0.024789
0.0236963
0.0305564
0.0278222
0.183943
0.114154
0.0322289
0.0212376
0.0571185
0.166415
0.0726705
0.176287
0.17806
0.434742
0.135721
0.0350004
0.0116018
0.00692818
0.00563557
0.0181885
0.513688
0.513688
0.208324
0.0177307
0.00965963
0
0.015386
0.117475
0.205664
0.174924
0.0376935
0.00595007
0.0196637
0.054371
0.0431788
0.125204
0.224523
0.300873
0.140002
0.0482705
0.050326
0.0687438
0.147576
0.0501977
0.293994
0.406242
0.182462
0.00782691
0.00714093
1.40837e-005
0.00618252
0.0532241
0.369785
0.406242
0.28148
0.0189662
0.0134003
0.0162872
0.00524485
0.0235147
0.116743
0.189704
0.120339
0.0765677
0.0451689
0.108868
0.104679
0.0559448
0.210958
0.414702
0.133563
0.0317623
0.00970922
0.0482537
0.0339279
0.0679985
0.263297
0.414702
0.232462
0.0311861
0.0108254
0.0231973
0.0186067
0.0796869
0.328677
0.414702
0.141567
0.0281162
0.00945675
0.0178606
0.0256574
0.109186
0.292039
0.429335
0.116635
0.015534
0.000854003
1.20524e-005
0.00420418
0.0166494
0.337587
0.429335
0.0971071
0.016416
8.53057e-005
0
0
0.0122781
0.258022
0.429335
0.0835225
0.0125051
0.00598192
0.0112849
0.0153735
0.0521871
0.211398
0.237766
0.0259365
0.00539257
0.0119327
0.0169817
0.0178139
0.0423908
0.301735
0.442618
0.052502
0.0119288
0.00808948
0.00786081
0.00582325
0.0233782
0.190177
0.173039
0.00568547
0.272975
0.310054
0.119923
0.0514252
0.0809689
0.0976436
0.0837139
0.00805704
0.0277827
0.0243759
0.00714155
0.00929876
0.0315497
0.0266837
0.0121116
0.00633424
0.442618
0.434792
0.0100774
0.00751682
0.0132514
0.0173415
0.00905349
0.00263552
0.39995
0.278723
0.0530621
0.0241869
0.024512
0.00069076
0.00363972
0.00266257
0.420274
0.201009
0.00156493
0.00313358
0.0025991
0.000763602
5.23801e-005
0.0128402
0.420274
0.336601
0.0023814
0.000576839
0.000142525
0.00164567
0.000453288
0.00973002
0.420274
0.180198
0.000111423
0
0.000570734
0.13096
0.0548078
0.0198528
0.0483958
0.0317396
0.0146862
0.0288356
0.120634
0.156673
0.427169
0.257438
0.192295
0.173688
0.0825153
0.0153826
0.0332646
0.0887153
0.026761
0.0189863
0.032535
0.0370675
0.0157454
0.0522214
0.0823356
0.0669921
0.169093
0.169384
0.177576
0.327863
0.451972
0.339878
0.0848576
0.105887
0.3316
0.16294
0.0433891
0.0413034
0.0574179
0.0273812
0.00837295
0.310677
0.399384
0.168075
0.0413244
0.0671209
0.0825011
0.08976
0.0720776
0.0489598
0.0939393
0.110549
0.0459724
0.0960756
0.254558
0.300833
0.0423643
0.101694
0.0786297
0.0890863
0.0583343
0.116062
0.278295
0.399384
0.155935
0.175013
0.322459
0.139287
0.0411161
0.103857
0.0454127
0.0329471
0.0399808
0.247848
0.36716
0.157355
0.0858221
0.0799988
0.0806625
0.00838488
0.0203242
0.0403204
0.077934
0.0429489
0.0700915
0.183923
0.206067
0.353347
0.128552
0.0726271
0.140979
0.0656784
0.165674
0.149583
0.290197
0.318215
0.231835
0.197191
0.372181
0.138745
0.0794471
0.0921231
0.0667274
0.0592152
0.105387
0.192259
0.249972
0.111702
0.0416452
0.17535
0.0445653
0.077683
0.136933
0.114133
0.191822
0.0925479
0.148343
0.147574
0.221031
0.231919
0.297617
0.177127
0.18887
0.113802
0.0970016
0.274731
0.0780896
0.141934
0.277338
0.23112
0.122542
0.147248
0.0449101
0.128308
0.0791576
0.048175
0.0829621
0.172238
0.126783
0.10438
0.078173
0.103907
0.109659
0.0639349
0.0817442
0.263382
0.0985785
0.154018
0.140302
0.246764
0.0772037
0.0776536
0.25868
0.246767
0.249859
0.19161
0.336259
0.254065
0.233336
0.1463
0.235852
0.0703952
0.0781361
0.0449237
0.043752
0.0500605
0.0397922
0.0685463
0.0844678
0.0205324
0.0120595
0.0499463
0.443857
0.291267
0.0351899
0.0626404
0.0520385
0.136881
0.2276
0.14292
0.160801
0.170383
0.134552
0.196184
0.161607
0.0641295
0.0977204
0.131448
0.443857
0.390314
0.0673634
0.114842
0.0763711
0.000105905
5.91138e-005
0.0476209
0.417737
0.253716
0.0036685
0.00409332
0.000105905
0.00184918
0.00142684
0.0263089
0.417737
0.159491
0.00115566
0.000121578
0.000140644
0.0015931
0.00180103
0.0499157
0.417737
0.319613
0.00573865
0.00443959
2.64763e-005
0.000427134
0.00166735
0.0177122
0.417737
0.250604
0.00436173
0.000486312
0
0.076685
0.0178233
0.0262018
0.00735562
0.0122068
0.00767648
0.109456
0.260921
0.0879153
0.0242547
0.0421081
0.030768
0.103781
0.364307
0.521615
0.188812
0.108108
0.0148755
0.00433692
0.0176856
0.0299933
0.0359098
0.175608
0.368077
0.199026
0.0500605
0.0480461
0.0342086
0.0383579
0.0890776
0.332241
0.142996
0.0501832
0.00934102
0.00978578
0.00802675
0.0342277
0.186445
0.457684
0.071469
0.0405075
0.00249418
0.00629475
0.0150976
0.0353155
0.230479
0.532077
0.137666
0.104573
0.0318189
0.0159862
0.00329875
0.00355713
0.0466269
0.160555
0.0424437
0.0857066
0.0229977
0.00344263
0.000397315
9.24997e-005
0.137781
0.514302
0.0501979
0.0033789
0.000363159
0.00378865
0.0286954
0.0489082
0.178472
0.40487
0.0925415
0.0021642
0.00650513
0.0126622
0.0533894
0.0492692
0.304196
0.40487
0.210095
0.020923
0.00323662
0.00416472
0.0110795
0.00245545
0.143426
0.400225
0.0518898
0.00585329
0.000145707
0.00602054
0.0166192
0.021968
0.280225
0.40487
0.137664
0.0397715
0.0357276
0.0169788
0.0274256
0.0261315
0.235758
0.372411
0.17669
0.0928677
0.0572027
0.0177352
0.0228808
0.0405663
0.137432
0.285915
0.2027
0.0267393
0.00151556
0.000751772
0.0020752
0.0310535
0.272417
0.400054
0.092032
0.04714
0.00227333
0
0
0.044714
0.354043
0.400054
0.200482
0.135367
0.0434561
0.0176616
0.0401336
0.0500185
0.0470709
0.154705
0.236881
0.148759
0.0790292
0.0369018
0.104445
0.0943817
0.0982241
0.0943475
0.218799
0.0369811
0.000521976
0
0.00269027
0.0240276
0.312636
0.500874
0.262773
0.0395965
0
0
0.00473644
0.00531669
0.169635
0.500874
0.163641
0.140473
0.113517
0.0579985
0.120738
0.108388
0.0707871
0.0939936
0.162971
0.0883589
0.0766677
0.0613718
0.507849
0.312431
0.0170802
0.0333079
0.0533579
0.043379
0.0042639
0.003124
0.116752
0.0815647
0.0404459
0.118649
0.0995282
0.0310627
0.00666215
0.00873223
0.507849
0.403141
0.00247912
0.0102588
0.0219134
0.00889596
0.00306978
0.0170247
0.445728
0.240574
0.00134444
0.000463183
0
0.00157458
0.00189677
0.0101379
0.379069
0.202835
0.00464469
0.000179057
0
0.0100969
0.00103559
0.0118148
0.445728
0.273694
0.000513777
0
0
0.00286061
0.00466216
0.0137018
0.445728
0.203092
0.00784254
0.000147487
0.0023913
0.138073
0.0233008
0.00186319
0.0369254
0.0498026
0.15909
0.243534
0.249916
0.114181
0.030256
0.0448861
0.059724
0.0581753
0.197148
0.260707
0.119377
0.048489
0.0155637
0.06814
0.086153
0.0793593
0.327066
0.315202
0.156431
0.11507
0.0564351
0.0344176
0.017084
0.0342855
0.3304
0.376477
0.220854
0.167542
0.0922862
0.0773484
0.0288121
0.0313041
0.166142
0.176844
0.147932
0.24135
0.112244
0.0756663
0.0223085
0.0417987
0.192495
0.383892
0.174616
0.186847
0.1688
0.0686942
0.0335599
0.0567317
0.234477
0.179007
0.229737
0.227953
0.183251
0.141517
0.108585
0.168542
0.127642
0.160594
0.198259
0.0812726
0.013426
0.0107463
0.0051312
0.00391239
0.0872423
0.323513
0.0900375
0.0332785
0.00150906
0.00218469
0.00509762
0.0239976
0.222578
0.692985
0.260785
0.0948434
0.0244295
0.0347535
0.0164582
0.0184012
0.0247653
0.0961287
0.0851456
0.0584029
0.00718234
0.0173212
0.0138244
0.0166347
0.0704076
0.318326
0.25701
0.0208469
0.00254746
0.000131742
0.000307398
0.0303566
0.137943
0.444841
0.133315
0.030224
0.0038212
0
0
0.0677964
0.350172
0.444841
0.205637
0.019971
0.00177367
0.00252592
0.00323535
0.0104966
0.0403759
0.230924
0.143924
0.0225086
0.000975021
8.5168e-005
0.00246987
0.0254323
0.184517
0.444841
0.20581
0.00412693
0.000388806
0
0.00512533
0.0200405
0.224297
0.403243
0.10296
0.00135524
0.000700269
0.00147298
0.00780916
0.00729872
0.239846
0.403243
0.105407
0.00369828
9.72016e-005
1.92862e-005
0.00397619
0.00967372
0.160182
0.403243
0.0955051
0.000239054
0.00280107
0.00589191
0.00512533
0.00880929
0.358621
0.403243
0.126068
0.0102995
0.0123748
0.0131709
0.057598
0.0458612
0.129054
0.292434
0.127573
0.0459924
0.0446445
0.0228607
0.403059
0.271758
0.0063407
0.0755891
0.0797132
0.0371057
0.0311109
0.0199445
0.0224405
0.027567
0.291496
0.403059
0.214524
0.192659
0.1168
0.0365303
0.294831
0.187149
0.119966
0.238042
0.200494
0.0223329
0.0154153
0.00787154
0.443907
0.25968
7.52451e-005
0.000837498
0.0095097
0.00115106
0.00837105
0.00823502
0.40066
0.148513
0.00218734
0.00229917
0.00181112
0.101435
0.045826
0.015605
0.443907
0.288205
0.0638918
0.0638978
0.0652759
0.0377779
0.00421226
0.00608795
0.375005
0.190264
0.025786
0.0518366
0.145432
0.0643107
0.112805
0.222643
0.131528
0.0507471
0.149135
0.176097
0.0680516
0.161552
0.115879
0.0695029
0.0458127
0.0302452
0.201306
0.307265
0.123417
0.0948003
0.148105
0.255297
0.211129
0.150617
0.215376
0.178004
0.0262
0.144341
0.10461
0.0808286
0.105431
0.0783675
0.270802
0.333335
0.216049
0.228891
0.21403
0.0416182
0.0737069
0.0371847
0.121735
0.139177
0.116173
0.205057
0.172969
0.108916
0.107902
0.208384
0.082904
0.152783
0.154767
0.206554
0.161378
0.031887
0.100935
0.0414961
0.101288
0.198301
0.290942
0.121939
0.228045
0.120938
0.115289
0.182141
0.0782804
0.311488
0.221382
0.149509
0.0570447
0.10832
0.0523633
0.0966281
0.048869
0.108202
0.158322
0.124128
0.0476992
0.127809
0.0856699
0.0768484
0.103635
0.187994
0.30275
0.0585394
0.0842282
0.109886
0.101593
0.147516
0.112105
0.265687
0.17993
0.27217
0.0654688
0.154544
0.265623
0.178371
0.263502
0.273459
0.295508
0.0667654
0.0423475
0.0310199
0.0355821
0.0297944
0.0496042
0.169647
0.167135
0.069591
0.0451433
0.00821962
0.0394918
0.0258581
0.139442
0.650636
0.252159
0.182899
0.106641
0.0396435
0.103948
0.0678143
0.142239
0.201817
0.144469
0.141953
0.146413
0.0312777
0.0670463
0.0831417
0.122222
0.244555
0.24079
0.013956
0.00283469
0.00105378
0.00412883
0.00550865
0.083953
0.50371
0.07479
0.0103188
0.00160474
0.00337549
0
0.00829735
0.326262
0.533844
0.140962
0.0342516
0.0176874
0.0164678
0.00737156
0.0363349
0.0508114
0.132968
0.0857349
0.0565757
0.0275767
0.0247933
0.00184213
0.0274353
0.11274
0.4315
0.18503
0.0138397
0.0100824
0.00396452
0.00512897
0.0109122
0.220206
0.405793
0.123535
0.121156
0.0643147
0.027912
0.101676
0.0822499
0.173323
0.375769
0.18233
0.0174847
0.0100498
0.00678497
0
0.00739218
0.0886726
0.405793
0.134001
0.249497
0.0493949
0.0494366
0.028608
0.0208379
0.0675839
0.405793
0.247302
0.116601
0.0928939
0.0572012
0.214328
0.170098
0.0797738
0.154084
0.153773
0.147668
0.113856
0.0458284
0.122237
0.105687
0.0353188
0.10063
0.415655
0.323579
0.186827
0.143697
0.0757904
0.0431921
0.0313715
0.163037
0.190815
0.261908
0.247582
0.11427
0.0483022
0.0267976
0.0181083
0.0817532
0.415655