0.122715
0.0665998
0.147425
0.0792107
0.0543869
0.120843
0.15714
0.074382
0.10777
0.0475263
0.106893
0.0789018
0.0797936
0.142075
0.154394
0.12692
0.144933
0.133605
0.125216
0.0488381
0.0599979
0.223766
0.333417
0.187222
0.137032
0.215177
0.169701
0.0816803
0.0397024
0.0850526
0.28683
0.252683
0.0941817
0.047549
0.0755796
0.0693297
0.0515207
0.0826465
0.108401
0.125312
0.255044
0.231404
0.255551
0.230686
0.101047
0.0940147
0.0607231
0.173228
0.0721124
0.146687
0.197963
0.0979719
0.0284845
0.0613289
0.131513
0.0881552
0.272487
0.287571
0.322828
0.122717
0.0110342
0.0819074
0.088395
0.112738
0.115474
0.124505
0.086354
0.104578
0.0893271
0.0863616
0.0170552
0.0681551
0.0393731
0.0395258
0.0573658
0.410724
0.315331
0.0738198
0.00667318
0.0281309
0.161817
0.13283
0.0547269
0.127534
0.0392583
0.0938404
0.0616085
0.0898782
0.118399
0.0847078
0.0307713
0.562269
0.238741
0.0950628
0.0336612
0.06518
0.00312439
0.0150132
0.0790699
0.315355
0.287829
0.0651702
0.00272574
0.011867
0.00147428
0.0738619
0.208919
0.27302
0.232334
0.116939
0.0072708
0.0132686
0.0474764
0.0534245
0.025683
0.264183
0.263541
0.137654
0.0196185
0.0968086
0.0534919
0.147312
0.190238
0.247935
0.376369
0.145753
0.027727
0.119232
0.00355188
0.02461
0.0618353
0.298491
0.128372
0.0147283
0.000906785
0.00422473
0.0863618
0.0929865
0.155238
0.42689
0.184911
0.0493636
0.00205225
0.0762606
0.0216874
0.0241736
0.0605021
0.297428
0.316169
0.0304651
0.011077
0.0167386
0.212266
0.0769444
0.238128
0.327446
0.346712
0.0709706
0.0510645
0.124952
0.141692
0.0674804
0.0753781
0.0620478
0.0348657
0.0265413
0.0112881
0.18656
0.255142
0.0495032
0.0163044
0.0079635
0.0035445
0.00578486
0.0427565
0.427842
0.232086
0.14404
0.154459
0.0559665
0.049657
0.0224455
0.0405625
0.163095
0.432857
0.278987
0.311862
0.0166708
0.0108084
0.0382844
0.0615791
0.354713
0.243915
0.0225739
0.00157422
0.00312171
0.00127968
0.00458597
0.0280551
0.294603
0.220891
0.00949007
0.000105143
0.000824051
0.0194547
0.0436319
0.0786755
0.324244
0.378574
0.0938294
0.150649
0.084447
0.110601
0.150993
0.0434897
0.331619
0.198073
0.00634655
0.018181
0.278176
0.265891
0.204296
0.0950024
0.270052
0.0606845
0.0342675
0.00683075
0.00656349
0.0241084
0.0832213
0.160586
0.181842
0.0708978
0.0845088
0.0274375
0.0128627
0.0273751
0.0575032
0.19205
0.220043
0.131809
0.0354641
0.0142283
0.00900669
0.0209534
0.0571983
0.237452
0.399307
0.179045
0.0195043
0.015191
0.0134449
0.0430983
0.106792
0.319362
0.52734
0.0771284
0.146707
0.054293
0.0371407
0.0344511
0.0465202
0.104711
0.083469
0.286756
0.230406
0.071625
0.0458787
0.0155463
0.0310205
0.047864
0.088971
0.149384
0.0826443
0.0138935
0.0304767
0.0646135
0.158955
0.256476
0.318786
0.426451
0.340766
0.0553444
0.0388488
0.0459805
0.107248
0.14718
0.247585
0.212771
0.107123
0.0242958
0.0404373
0.00480159
0.0326652
0.0739383
0.141818
0.189633
0.0841302
0.0165505
0.166705
0.0721051
0.0405162
0.0710551
0.163736
0.326255
0.279207
0.0704546
0.00859088
0.00461451
0.0307151
0.0823195
0.186412
0.30714
0.137384
0.025597
0.0119415
0.0117676
0.0610173
0.150122
0.527697
0.0900083
0.0771899
0.00730764
0.08172
0.0736856
0.0596971
0.0441248
0.131456
0.0599575
0.0851499
0.0703276
0.226096
0.261029
0.0882806
0.0520356
0.101082
0.186522
0.155887
0.0340556
0.0321009
0.0182448
0.0237247
0.0923714
0.395834
0.315076
0.232126
0.220908
0.331777
0.116649
0.0282583
0.0462924
0.297836
0.058843
0.0109979
0.0235618
0.117461
0.24455
0.045712
0.0403452
0.0330925
0.389519
0.0535966
0.0480345
0.0735413
0.229803
0.0684759
0.0734676
0.178959
0.17141
0.197984
0.103243
0.09007
0.0657703
0.0175143
0.0327733
0.0835178
0.545561
0.350301
0.0451169
0.0102381
0.0646504
0.0568655
0.0912021
0.223746
0.335031
0.140498
0.081682
0.0204243
0.0419171
0.0257855
0.038593
0.157817
0.326696
0.280375
0.411313
0.0314027
0.100919
0.0576408
0.0541645
0.173048
0.284718
0.112068
0.0289275
0.0215868
0.0849692
0.104079
0.07258
0.156991
0.224152
0.104172
0.174215
0.117295
0.201721
0.125144
0.162427
0.200037
0.122238
0.0693176
0.145997
0.182537
0.194426
0.104198
0.0228423
0.129913
0.0360257
0.0110276
0.0597397
0.490591
0.260121
0.0946624
0.0133683
0.0503876
0.13894
0.128209
0.115153
0.20458
0.171799
0.0291348
0.0632688
0.139697
0.0568837
0.121656
0.163481
0.490591
0.232992
0.0134429
0.00419582
0.0378203
0.0815808
0.0221866
0.0160134
0.0141447
0.0446838
0.1125
0.195254
0.19517
0.107151
0.00471999
0.039178
0.0429493
0.0794004
0.0830204
0.186686
0.213361
0.0381904
0.0327137
0.0546228
0.0380167
0.100089
0.402302
0.439727
0.19642
0.0967242
0.0683917
0.0648516
0.0783207
0.11499
0.229626
0.353271
0.186326
0.0802748
0.0155157
0.0190106
0.0237254
0.0283453
0.068396
0.184032
0.183656
0.24434
0.135006
0.0525607
0.0323876
0.0104346
0.0449928
0.110773
0.248434
0.269264
0.152886
0.0621767
0.0338356
0.0317182
0.0980953
0.147097
0.108982
0.584925
0.290681
0.133939
0.100126
0.0828341
0.0398272
0.0463117
0.185971
0.1697
0.15142
0.10095
0.0474159
0.00732832
0.00875485
0.016443
0.0936139
0.15061
0.164431
0.121986
0.0436908
0.0189264
0.054444
0.0536664
0.209802
0.398616
0.180441
0.200788
0.121264
0.0919284
0.0248447
0.00144777
0.114571
0.381985
0.35515
0.31301
0.128079
0.163525
0.108224
0.0392512
0.117418
0.0579421
0.200177
0.122463
0.0142642
0.0120892
0.021499
0.0366388
0.102414
0.285838
0.324217
0.138264
0.0396277
0.00864071
0.000851584
0.012617
0.129202
0.0931639
0.359476
0.239277
0.0350712
0.105536
0.0929548
0.03633
0.0549014
0.371164
0.438566
0.149094
0.00971109
0.0427016
0.0500361
0.0288325
0.230339
0.309351
0.320664
0.077575
0.0270669
0.00523737
0
0.00225244
0.0849893
0.26437
0.365851
0.0577453
0.068211
0.107346
0.0621362
0.049493
0.11197
0.391667
0.206818
0.0254759
0.0107156
0.00169882
0.00560968
0.0202704
0.257446
0.245759
0.198576
0.082927
0.25182
0.0922507
0.021916
0.0123633
0.172694
0.0901689
0.0724445
0.026826
0.136209
0.244715
0.110022
0.0575691
0.0738738
0.12954
0.0955928
0.0934146
0.260894
0.25068
0.100904
0.0760432
0.146024
0.0558837
0.073973
0.0874797
0.437373
0.224767
0.0232788
0.00345756
0.0283959
0.0907092
0.154718
0.269273
0.413818
0.261126
0.0467893
0.0162919
0.0932254
0.218663
0.138146
0.100099
0.135591
0.0852855
0.0224984
0.0525836
0.201735
0.289322
0.215923
0.17663
0.319042
0.137636
0.00510808
0.0175958
0.113427
0.251872
0.103323
0.136123
0.0905969
0.0636767
0.02234
0.0336582
0.225657
0.517665
0.127925
0.060066
0.0364712
0.0173536
0.000790267
0.0236754
0.22472
0.032427
0.237626
0.240682
0.0653863
0.0878026
0.198033
0.175753
0.0915522
0.0747562
0.133616
0.0943938
0.176827
0.056253
0.213679
0.198947
0.124181
0.0858861
0.349591
0.367516
0.118492
0.0706043
0.0925756
0.115119
0.0903226
0.107068
0.221941
0.0794198
0.175574
0.0873891
0.176837
0.200858
0.0948788
0.128349
0.0952432
0.0729979
0.0856857
0.021852
0.137898
0.13673
0.0483172
0.260924
0.132601
0.0968833
0.150502
0.154721
0.17815
0.138171
0.0752417
0.0159303
0.0325469
0.0355068
0.0964395
0.0624739
0.188736
0.299188
0.089768
0.010161
0.0114387
0.0237976
0.089288
0.126267
0.474628
0.442883
0.162757
0.196136
0.0829984
0.110507
0.122776
0.146384
0.126893
0.0680368
0.0846389
0.259126
0.124105
0.126123
0.134716
0.224916
0.117961
0.0873207
0.103474
0.0150503
0.0167212
0.0231493
0.0661105
0.097065
0.338584
0.300766
0.123049
0.121735
0.0466535
0.0160302
0.0887702
0.163773
0.305343
0.421604
0.179662
0.18531
0.129232
0.0757533
0.0517206
0.169207
0.0968345
0.0593201
0.0660212
0.270431
0.129383
0.0304515
0.00584783
0.0792273
0.083328
0.112545
0.32879
0.208821
0.0825795
0.00469875
0.0330825
0.103107
0.192993
0.364614
0.100187
0.226645
0.0892977
0.00820755
0.00225583
0.0401405
0.149407
0.366331
0.360037
0.235769
0.0361362
0.00419698
0.00338634
0.005544
0.0183069
0.0706033
0.365758
0.297151
0.0801725
0.050632
0.154859
0.0268127
0.00889349
0.0180905
0.307339
0.195583
0.0203941
0.00374917
0.00305809
0.00813559
0.0442932
0.145731
0.432766
0.258013
0.0231994
0.0177922
0.152471
0.192202
0.115297
0.0740125
0.346024
0.0951037
0.0539134
0.0903423
0.362401
0.122945
0.0385481
0.00582765
0.0679951
0.0389132
0.0454868
0.180058
0.317663
0.27049
0.174056
0.074689
0.0657511
0.0793417
0.0127771
0.0284248
0.327397
0.293025
0.146366
0.032929
0.0712963
0.072128
0.0112705
0.0162037
0.186339
0.243948
0.350743
0.137713
0.174317
0.132566
0.0287358
0.0746506
0.0605562
0.078745
0.0674916
0.0624845
0.167628
0.291159
0.0148807
0.00459608
0.00667507
0.010237
0.00216319
0.018108
0.292171
0.185612
0.016512
0.00998751
0.0148448
0.047902
0.108187
0.0913678
0.339188
0.302225
0.011077
0.00722063
0.00265289
0.00255924
0.00144213
0.0240919
0.655523
0.232828
0.158737
0.127265
0.085859
0.0670422
0.0829916
0.145732
0.217775
0.255521
0.165245
0.0157652
0.0289244
0.039886
0.0974649
0.269845
0.243855
0.273303
0.130322
0.0181327
0.0148522
0.0296366
0.043929
0.0685619
0.230526
0.292276
0.100722
0
0.00248654
0.00994782
0.0302982
0.168329
0.34629
0.0473707
0.025739
0.00440369
0.0156305
0.0341485
0.0987803
0.292267
0.215025
0.0412554
0.00722036
0.000633899
0.0025593
0.0416336
0.264907
0.454773
0.354166
0.127054
0.0391935
0
0
0.0179032
0.0388542
0.156035
0.215865
0.131144
0.0350796
0
0.00541139
0.0187146
0.0365219
0.298078
0.332061
0.00922074
0.0064807
0.000608151
0.00596021
0.0178059
0.161269
0.291548
0.151825
0.0345929
0.0254717
0.0024326
0.0750402
0.0620108
0.217668
0.445336
0.203655
0.0358824
0.00794529
0.000152038
0.00545815
0.00836742
0.0650319
0.268714
0.170795
0.0468318
0.00652629
0.000608151
0.0485292
0.0464746
0.128675
0.509074
0.289283
0.0338568
0.0164167
0.00133069
0.0242267
0.0173821
0.159211
0.366333
0.0793371
0.0487338
0.0193075
0.00413316
0
0
0.176701
0.451245
0.180144
0.0320189
0.00634173
0.00218104
0.015893
0.0131223
0.0921447
0.317515
0.14126
0.0360831
0.0221162
0.00842675
0
0
0.131886
0.458909
0.372475
0.0473812
0.0190907
0.0052791
0.00450746
0.00576601
0.0472411
0.226016
0.252929
0.0355547
0.0276266
0.0130556
0.222081
0.165752
0.0769018
0.0945882
0.140611
0.0360118
0.0177845
0.0056511
0.00168636
0.0014415
0.0584194
0.447065
0.423925
0.10302
0.0825214
0.0488282
0.270378
0.0507768
0.040491
0.40926
0.228149
0.019249
0.0135461
0.0221634
0.448299
0.2891
0.0975672
0.0264766
0.0367561
0.0687046
0.0535915
0.082734
0.186628
0.0988118
0.153645
0.0519195
0.133602
0.164493
0.139406
0.143106
0.50236
0.0988903
0.0140104
0.103878
0.0828038
0.14789
0.231668
0.240309
0.166319
0.0292758
0.00945235
0.00407644
0.0443702
0.182336
0.0842831
0.101631
0.0307115
0.00935439
0.0574875
0.0384099
0.268986
0.232947
0.0570091
0.0564098
0.0163752
0.00823721
0.00949166
0.0179486
0.758398
0.0955936
0.185922
0.160218
0.027032
0.00127033
0.00755423
0.0107077
0.0796094
0.114427
0.0703221
0.0501163
0.0380109
0.0336307
0.0200228
0.021935
0.196786
0.244217
0.126416
0.0239788
0.0198528
0.0324958
0.0399127
0.0750554
0.219156
0.325827
0.0853096
0.000981378
0.0172224
0.0211128
0.0360917
0.134071
0.405064
0.101825
0.108859
0.0864093
0.040263
0.0384923
0.0659737
0.100836
0.115729
0.276809
0.0697975
0.0238579
0.0415228
0.0415228
0.0373035
0.122897
0.33933
0.289701
0.053858
0.00275472
0.0188931
0.0320572
0.0486521
0.150363
0.276398
0.23739
0.0637526
0.0140644
0.0327984
0.0415745
0.0447804
0.351051
0.302786
0.264984
0.0734308
0.0264436
0.0439917
0.0439917
0.0111455
0.0756431
0.246876
0.130042
0.102613
0.0633922
0.0856416
0.0856416
0.0598916
0.152603
0.116668
0.122133
0.0329672
0.0107232
0.00752879
0.00825662
0.0313801
0.218208
0.211605
0.135444
0.0306701
0.0135136
0.00544522
0.0157371
0.0484251
0.56631
0.508531
0.0765179
0.0529908
0.033897
0.0209525
0.0209525
0.0383299
0.0777215
0.0718742
0.137231
0.1319
0.0467201
0.0185397
0.0185397
0.01956
0.133783
0.151855
0.054939
0.0138423
0.00594145
0.00156326
0.00455656
0.0202133
0.310466
0.265253
0.133093
0.0311399
0.0122069
0
0
0.0333128
0.306492
0.626411
0.0633323
0.0429208
0.0119763
0.0069158
0.0069158
0.0171227
0.105185
0.131001
0.140619
0.0109739
0.00370386
0.00965073
0.00965073
0.0241679
0.0882766
0.391879
0.14919
0.00835316
0.00297572
0
0
0.0344101
0.266681
0.439676
0.363297
0.0881776
0.0386011
0.087619
0.00450386
0.0305857
0.366775
0.344195
0.145669
0.0078837
0.00296108
0.00826434
0.00801554
0.00372663
0.0276442
0.256045
0.290855
0.0393763
0.0195301
0.00729606
0.010343
0.011787
0.0388297
0.216374
0.485741
0.183826
0.103472
0.163757
0.00774959
0.00376602
0.104178
0.178001
0.429768
0.217111
0.147655
0.0516056
0.0021449
0.00174269
0.00521904
0.0683294
0.367551
0.0632685
0.0184507
0.00981538
0.0176946
0.0220806
0.0274214
0.13625
0.32523
0.0524348
0.0307428
0.025702
0.0218887
0.015902
0.0240172
0.0861567
0.352379
0.226803
0.120315
0.0068245
0.00390435
0.00312943
0.0155773
0.21975
0.313531
0.056537
0.00844397
0.0284516
0.0300668
0.012572
0.0492786
0.434715
0.292579
0.0705732
0.0488196
0.0384776
0.0312797
0.0114268
0.0187334
0.154846
0.232243
0.0561756
0.0350975
0.0220584
0.0366529
0.0728579
0.0841042
0.30303
0.0929813
0.123102
0.0962457
0.0714781
0.0980609
0.142477
0.0793361
0.0740983
0.264512
0.223632
0.0485641
0.0684205
0.0684205
0.0255086
0.064579
0.193716
0.159986
0.165148
0.081095
0.0523457
0.091172
0.130453
0.0475809
0.110231
0.310394
0.30506
0.0968036
0.047165
0.0409674
0.0083076
0.0083076
0.177245
0.253456
0.216001
0.0618337
0.0412876
0.0412876
0.00587721
0.0436011
0.13984
0.117745
0.137819
0.0677227
0.111084
0.111084
0.0960565
0.12147
0.0562047
0.298555
0.326203
0.126313
0.0307033
0.0266281
0.0138439
0.0131992
0.13554
0.190023
0.198522
0.106892
0.115914
0.115914
0.0724064
0.0714394
0.107989
0.0435821
0.085078
0.0529476
0.0597887
0.0597887
0.134227
0.149051
0.044113
0.226657
0.39802
0.113473
0.050198
0.050198
0.0678554
0.0993583
0.123077
0.0624749
0.106116
0.0720378
0.0828353
0.0828353
0.106486
0.106352
0.0596516
0.138223
0.351864
0.153166
0.083453
0.083453
0.106151
0.105162
0.0865473
0.231706
0.204966
0.0462936
0.0332692
0.0332692
0.0709264
0.104439
0.143646
0.255273
0.0613449
0.0202297
0.0419372
0.0616256
0.106034
0.178203
0.354486
0.145392
0.203816
0.120633
0.0397337
0.0397337
0.066011
0.0748194
0.0903296
0.17027
0.11718
0.0991111
0.108589
0.187342
0.114811
0.136701
0.172653
0.202592
0.0861127
0.0484982
0.0494852
0.0548033
0.0308093
0.0693058
0.276015
0.233033
0.16642
0.157774
0.0627213
0.0611041
0.0870733
0.0677861
0.165423
0.151273
0.118904
0.13326
0.10625
0.135241
0.09804
0.0968428
0.139897
0.120639
0.238684
0.323937
0.106073
0.0523998
0.0817248
0.135117
0.123066
0.211623
0.153772
0.0999722
0.0454057
0.07322
0.105073
0.0958922
0.121653
0.208448
0.159584
0.142837
0.0850987
0.0765644
0.0578467
0.0811421
0.158402
0.117557
0.223055
0.154271
0.0738381
0.0716366
0.0603321
0.152714
0.116495
0.232931
0.281144
0.142892
0.0747183
0.0932034
0.0432633
0.0956513
0.203822
0.134816
0.149009
0.11553
0.0564957
0.0453413
0.0301062
0.056315
0.108882
0.107907
0.147037
0.114815
0.0433158
0.0918825
0.229316
0.161058
0.125026
0.186281
0.219043
0.122095
0.0249732
0.0296317
0.0306203
0.1432
0.190484
0.11892
0.206363
0.141433
0.0348718
0.0759595
0.189814
0.309416
0.169647