0.0469733
0.0465486
0.0758613
0.0646373
0.017289
0.0969986
0.290891
0.304929
0.0964916
0.161285
0.356648
0.0575671
0.0233888
0.0360249
0.207429
0.229996
0.071137
0.0388924
0.00568951
0.00473524
0.0189427
0.137462
0.339499
0.310573
0.203097
0.191288
0.147043
0.0479351
0.0703916
0.101294
0.230241
0.241675
0.163739
0.266831
0.440753
0.0528923
0.0204727
0.0143946
0.0368561
0.0947739
0.426513
0.269137
0.214339
0.082009
0.065624
0.0375723
0.065338
0.121822
0.216147
0.203365
0.194495
0.0627845
0.0540392
0.0568646
0.0413071
0.0902795
0.278973
0.120242
0.108234
0.107697
0.053055
0.0417801
0.0770466
0.149424
0.360187
0.187669
0.046681
0.135265
0.142377
0.129179
0.0792535
0.132183
0.151532
0.180088
0.0875396
0.108429
0.11187
0.113018
0.0776436
0.107425
0.286625
0.142069
0.0373296
0.115259
0.0400138
0.0404373
0.155101
0.313471
0.285264
0.209739
0.047261
0.0809088
0.0751486
0.148286
0.181092
0.316732
0.0751363
0.137227
0.0770344
0.0870887
0.0776222
0.0568273
0.0700561
0.115565
0.148112
0.178098
0.0348789
0.0736092
0.0518986
0.0616894
0.0768814
0.20662
0.174463
0.106783
0.0712625
0.0874925
0.0907442
0.15288
0.131347
0.220157
0.390812
0.533435
0.0852426
0.0427572
0.0373982
0.0570692
0.170753
0.300381
0.0752411
0.0422162
0.00710342
0.0126547
0.00432612
0.0149937
0.0270435
0.0689827
0.111677
0.0249739
0.0175983
0.00855302
0.00749173
0.0160327
0.0523086
0.140285
0.289169
0.316498
0.0356812
0.00146318
0.000182385
0.00360475
0.0312
0.133731
0.538997
0.538997
0.054
0
0
0.00458978
0.056464
0.325785
0.0821354
0.0365933
0.0083667
0.0037543
0.00419988
0.00551838
0.0341935
0.0907005
0.19775
0.217153
0.0205498
0.00552328
0.00224042
0.00383476
0.0538252
0.130237
0.35781
0.460216
0.0657369
0.0111532
0
0.00411195
0.0380384
0.143021
0.460216
0.460216
0.159041
0.0358407
0.00269634
0.00541443
0.0240904
0.115409
0.159243
0.178429
0.0230303
0.00532176
0.000222752
0.00582009
0.12281
0.159114
0.0809195
0.0549295
0.00744804
0.00294553
0
0.0978442
0.382662
0.257801
0.354356
0.382662
0.0879456
0.0878391
0.0695331
0.0165243
0.101832
0.12343
0.117684
0.136346
0.0376435
0.134061
0.155963
0.207144
0.382662
0.219465
0.285076
0.154148
0.0551325
0.00868845
0.0332645
0.129635
0.232189
0.297259
0.302002
0.274839
0.0456483
0.0295691
0.0892082
0.165652
0.244822
0.217794
0.274549
0.120569
0.0758922
0.0262959
0.0713101
0.0567069
0.0967219
0.111989
0.192666
0.101965
0.0434754
0.055832
0.0807028
0.0594339
0.174259
0.230938
0.186269
0.148111
0.0344132
0.025631
0.039202
0.0596894
0.0717049
0.097372
0.143987
0.0370667
0.0411078
0.0633764
0.0321837
0.0522212
0.152336
0.219967
0.166145
0.0891457
0.01726
0.019948
0.0151251
0.0218932
0.117189
0.198008
0.479173
0.554193
0.0942694
0.0351099
0.00766988
0.0255691
0.126373
0.244892
0.0269121
0.00557731
0.00389166
0.0127449
0.00500514
0.0164961
0.0716986
0.11013
0.0883668
0.0428692
0.0196528
0.00573519
0.00849285
0.0490035
0.0975714
0.13333
0.1827
0.455734
0.055887
0.00747256
0.00954936
0.0216165
0.033088
0.0843313
0.461608
0.606899
0.171614
0.00150186
0.0100179
0.0277822
0.0396749
0.124785
0.0783205
0.062303
0.0380644
0.00682846
0.00384568
0.0215225
0.0318881
0.0580335
0.123204
0.300844
0.147816
0.0134333
0.0010069
0.0043783
0.0198494
0.0384408
0.345556
0.445879
0.132493
0.00645129
0.000483701
0.00433001
0.0123248
0.0556952
0.431428
0.445879
0.290637
0.0213088
0
0.00042373
0.00619874
0.0306592
0.12163
0.319034
0.0865693
0.00294622
0
6.49612e-005
0.00320881
0.0289024
0.241191
0.408131
0.0590349
0
0
0.000109342
0.0038281
0.0728982
0.276877
0.408131
0.131536
0.00494864
0
0
0.000634746
0.0163304
0.408131
0.408131
0.0676312
0
0
0
0
0.0507947
0.239899
0.358866
0.0529653
0.00508895
0
0.00035837
0.00385132
0.0446457
0.358866
0.358866
0.0692136
0.0225558
0.0462564
0.0128227
0.0466312
0.123453
0.351654
0.358866
0.0460793
0.0022065
0.00311845
0
0
0.0413975
0.267594
0.220563
0.0136239
0.242706
0.190001
0.0248567
0.0620401
0.12026
0.206204
0.149243
0.032302
0.150412
0.174035
0.0224742
0.0623004
0.110892
0.063372
0.0623881
0.0391345
0.312942
0.286699
0.0507602
0.144734
0.0737236
0.070489
0.0277218
0.00253291
0.400776
0.353415
0.0316984
0.0523993
0.0761341
0.0112387
0.01006
0.0151494
0.400776
0.380046
0.00566097
0.000567421
0.00203218
0.0369505
0.00570308
0.00452403
0.00400201
0.012425
0.00633285
0.0399699
0.101357
0.151797
0.1154
0.0190274
0.00724073
0.0164902
0.0115688
0.0326556
0.12516
0.121737
0.144801
0.0476066
0.0492009
0.0312867
0.0182641
0.0854381
0.280577
0.471882
0.585867
0.331925
0.0582098
0.071959
0.0726525
0.0539112
0.232836
0.119354
0.154611
0.0163464
0.00175171
0.00260378
0.00433327
0.0167959
0.0469957
0.235786
0.401712
0.121819
0.00915105
0.000505283
0.00149076
0.0178086
0.0312235
0.268493
0.434717
0.139418
0.0083679
0.0206109
0.0240608
0.0364542
0.0627618
0.385121
0.434717
0.233267
0.0208638
0.0470195
0.0104132
0.0250862
0.0306084
0.152493
0.372841
0.103606
0.00434004
0.00102882
0.00188128
0.00376116
0.0273101
0.229632
0.392469
0.102329
7.90018e-005
0.00105456
0.00149833
0.000632384
0.054147
0.277396
0.392469
0.1323
0.0156479
0.0207896
0.0013735
0.0017434
0.0378718
0.362478
0.392469
0.126113
0.0293685
0.00846447
0.00610405
0.0089347
0.119205
0.280533
0.374359
0.0885854
0.00102594
0.000117882
0.000190375
0.000135988
0.0328101
0.337877
0.374359
0.0745317
0.00363687
9.20098e-005
0
0
0.0282639
0.30311
0.374359
0.0855082
0.0133435
0.0259716
0.0322601
0.0341841
0.132968
0.30079
0.327074
0.0409248
0.00810013
0.0297304
0.0323185
0.0344907
0.109942
0.36092
0.455512
0.0477713
0.00179143
4.57129e-005
0
0
0.0294129
0.443804
0.455512
0.0224719
0
0
0
0
0.0320196
0.265334
0.234954
0.0184075
0.00343325
0.0153196
0.0221359
0.0681683
0.154543
0.166973
0.0772611
0.0209481
0
0.0150529
0.0206576
0.0656474
0.11669
0.269575
0.191633
0.0217083
0.0130195
0.014168
0
0
0.0269281
0.0934786
0.0677245
0.00634329
0.54231
0.275271
0.0109407
0.01546
0.0295917
0.137212
0.0326571
0.00819167
0.0365657
0.0366787
0.0188793
0.0321023
0.103532
0.0347526
0
0.0124595
0.54231
0.34195
0.024806
0.019056
0.0543028
0.00740418
0.00297662
0.00257425
0.440013
0.222172
0.00616162
0.00637859
0.00628629
0
0
0.00171617
0.440013
0.209461
0.00094074
0
0
0.000280283
0
0.0421129
0.440013
0.225126
0.00206633
2.32175e-005
0.00120357
7.68625e-005
0
0.0428626
0.440013
0.185239
0
0
7.68625e-005
0.0533715
0.0826384
0.041567
0.0592932
0.0789326
0.0833473
0.111179
0.107568
0.131846
0.384321
0.253265
0.0758147
0.13669
0.27521
0.27829
0.0927648
0.0688845
0.0261434
0.0307531
0.0620584
0.08888
0.105624
0.194845
0.094883
0.0536639
0.0344792
0.0583327
0.0486193
0.115266
0.39443
0.470715
0.0973736
0.0966027
0.274396
0.112344
0.018295
0.0535788
0.125384
0.192369
0.0799979
0.130032
0.369373
0.0841398
0.0317526
0.141971
0.0789724
0.214645
0.0612908
0.0207292
0.0151799
0.0223129
0.0158371
0.0512432
0.277774
0.396637
0.0831163
0.0266847
0.0365635
0.0106882
0.0209159
0.102871
0.372882
0.396637
0.0923553
0.141892
0.335273
0.0477691
0.0464999
0.0889822
0.0390655
0.166376
0.0238383
0.213585
0.313564
0.159896
0.123473
0.0683522
0.11887
0.106288
0.0999149
0.0158887
0.0347983
0.0104088
0.0371265
0.0714779
0.249782
0.405963
0.0384896
0.0879992
0.0429033
0.0787984
0.0988556
0.0875216
0.334797
0.405963
0.115945
0.209452
0.186814
0.172267
0.10906
0.129692
0.158888
0.0974587
0.184897
0.215945
0.174825
0.125854
0.0941053
0.15078
0.14351
0.117187
0.154758
0.190501
0.0929005
0.153311
0.118378
0.105111
0.234208
0.376091
0.20415
0.174527
0.130794
0.145478
0.11747
0.122458
0.147801
0.266911
0.223488
0.186542
0.136027
0.0922727
0.0670265
0.0675801
0.103971
0.148754
0.187013
0.209157
0.190735
0.14779
0.154123
0.0869204
0.103005
0.153758
0.154016
0.204327
0.195805
0.0992276
0.0925475
0.0761312
0.111155
0.178731
0.220327
0.210431
0.296169
0.169939
0.231184
0.148417
0.182585
0.303415
0.262743
0.174297
0.109188
0.0558586
0.0851784
0.0839369
0.0893771
0.0888847
0.127411
0.0454841
0.0186652
0.0340969
0.450093
0.24029
0.0804143
0.0459463
0.0673855
0.184413
0.236303
0.0949611
0.188329
0.129238
0.133428
0.183643
0.229547
0.0846948
0.134937
0.101042
0.450093
0.286007
0.0775293
0.0338474
0.0651621
0.000461301
0
0.0677104
0.444053
0.188216
0.0087293
8.50432e-005
0.00198089
0.000281539
0.000172506
0.0565633
0.444053
0.14908
0.00045073
4.88751e-005
0.000281539
0.00181525
0.00495194
0.0571624
0.444053
0.241982
0.0149124
5.66954e-005
0.000495222
0.000243966
0.000258759
0.0195187
0.444053
0.198434
0.003109
0.00042492
0.000680604
0.149404
0.0696494
0.0420939
0.0903513
0.101355
0.126034
0.180125
0.106662
0.130575
0.0656729
0.0731777
0.0813045
0.0896964
0.209011
0.461649
0.0928656
0.138575
0.0706463
0.0497585
0.0622451
0.12507
0.245081
0.338226
0.217969
0.198948
0.126455
0.143885
0.0943788
0.142214
0.187953
0.280726
0.217036
0.0425634
0.0188063
0.0254441
0.0376818
0.0725191
0.219221
0.279199
0.0718834
0.080332
0.00889173
0.013893
0.0228814
0.0301055
0.43555
0.43555
0.130828
0.188892
0.0444095
0.0485501
0.04163
0.100581
0.0814022
0.0467434
0.198467
0.398803
0.0609491
0.0610587
0.0748732
0.0329378
0.142806
0.150863
0.308515
0.0218553
0.000102652
0.0046181
0.00824882
0.00585066
0.246604
0.405651
0.0723037
0.0265829
0.00547275
0.00307417
0.00465675
0.0110156
0.280198
0.405651
0.0966516
0.100062
0.0253863
0.0318458
0.0312042
0.00354611
0.1676
0.29424
0.127397
0.00807954
0.00331399
0.00383373
0.00286617
0.00145411
0.3952
0.405651
0.104715
0.0494693
0.0169832
0.0128266
0.00876246
0.00566677
0.162565
0.426152
0.0932758
0.0506007
0.0180108
0.0134688
0.0103948
0.00675669
0.0803304
0.36389
0.101963
0.000815819
0
0
0.00176022
0.00746174
0.34987
0.426152
0.0773421
0.00726288
0
0
0.00704088
0.016195
0.277378
0.426152
0.129023
0.102975
0.0651192
0.0123932
0.0145786
0.0130102
0.0330227
0.232636
0.133977
0.103884
0.0861574
0.0225514
0.0384233
0.0386541
0.0508595
0.167037
0.185523
0.0160992
0
0
0.00424434
0.00744947
0.245322
0.561178
0.203754
0.0147909
0
0
0.000489892
0.000489892
0.110518
0.561178
0.158815
0.102798
0.0920552
0.0212477
0.148196
0.0593792
0.0275502
0.077764
0.143318
0.0592841
0.0750451
0.0442168
0.515342
0.285505
0.0124181
0.0013463
0.0324594
0.0110941
0
0
0.185485
0.0938703
0.0125663
0.0935158
0.0479599
0.00446142
0
0.00957151
0.515342
0.443961
0.00243968
0.00388021
0.00676113
0.00115991
0.00337888
0.0217713
0.441362
0.212691
0.00935671
0
0
0.00165186
0.000185934
0.00441879
0.428319
0.129916
0.00253612
0.00021648
0.00119835
0
0
0.00775055
0.441362
0.305708
0.00198336
0
0
0.00453729
0.00459481
0.00781578
0.441362
0.179293
0.000495839
0
0.00124381
0.0677835
0.0410921
0.0336166
0.0402237
0.121255
0.192349
0.236971
0.225842
0.16086
0.0867025
0.0903478
0.0843827
0.20606
0.161353
0.209677
0.183785
0.255543
0.0807181
0.0315883
0.0343782
0.0758495
0.111068
0.248762
0.438059
0.259925
0.135844
0.0685775
0.0720248
0.168682
0.0887955
0.143033
0.272536
0.312
0.064827
0.0539257
0.0811243
0.12502
0.0672307
0.0697325
0.253215
0.559223
0.118284
0.0819805
0.14141
0.0456569
0.036549
0.0616803
0.394073
0.130667
0.0864721
0.0348225
0.108299
0.114307
0.0783349
0.115104
0.117573
0.211798
0.149496
0.0450002
0.148763
0.0597201
0.0946859
0.11222
0.11561
0.14567
0.0703274
0.0591385
0.065072
0.0101129
0.0932711
0.247721
0.144999
0.0441698
0.0204671
0.0134757
0.0157679
0.00715872
0.442319
0.585115
0.174978
0.206122
0.157165
0.0443422
0.0623131
0.0108545
0.0293327
0.0551141
0.0523644
0.206922
0.103839
0.0403036
0.0501388
0.0151275
0.0912479
0.268904
0.16548
0.00849932
0.000385463
0
0.00134428
0.00574396
0.253016
0.426598
0.0849599
0.00883472
0
0
0.00537712
0.0112239
0.347895
0.426598
0.115138
0.041698
0.00800835
0.0126933
0.0176534
0.0117479
0.083954
0.24547
0.116769
0.0439601
0.00381781
0.00557901
0.00389912
0.0391273
0.327402
0.426598
0.109115
0.0105039
0
0
0.00128585
0.00203065
0.186662
0.4105
0.0769557
0.00659148
0
0
8.98026e-005
8.98026e-005
0.13887
0.4105
0.0823225
0.0236384
0.000691357
0
0
0.0158421
0.266184
0.4105
0.0753512
0.00776385
0.00325836
0
0
0.0078066
0.36602
0.4105
0.0830567
0.0101124
0.0199592
0.0128677
0.105974
0.0493736
0.0646467
0.357424
0.0551043
0.0146033
0.0356562
0.0477694
0.41453
0.23125
0.0111857
0.0671952
0.0191994
0.072161
0.0487663
0.0291772
0.0472878
0.0119849
0.26225
0.41453
0.128513
0.126313
0.0958517
0.10552
0.41453
0.138273
0.104878
0.236759
0.115577
0.0023877
0.00767776
0.018277
0.449811
0.263661
0
0
0.00166689
0.0022137
0.00690841
0.00955969
0.38715
0.175502
0
0
0.000180759
0.0351535
0.028503
0.0371234
0.449811
0.23177
0.0388614
0.0164817
0.0347704
0.0345969
0.00360932
0.00638752
0.449811
0.171892
0.0248629
0.00278065
0.0789181
0.313988
0.0901371
0.0156322
0.0132614
0.00582023
0.0279566
0.153236
0.361195
0.344078
0.132734
0.0159187
0.0111379
0.0250408
0.0422202
0.0849106
0.229892
0.309588
0.0949945
0.00646121
0.0227803
0.00829541
0.0456221
0.135327
0.36212
0.3369
0.12663
0.00588016
0.00396621
0.0116421
0.0207312
0.0986665
0.286778
0.282544
0.114557
0.0184898
0.0495364
0.0629189
0.0897289
0.115783
0.162884
0.314121
0.142671
0.0197284
0.076071
0.0680138
0.0797031
0.169009
0.27655
0.302498
0.104806
0.0663563
0.0505833
0.0888758
0.0458436
0.0879323
0.270749
0.39701
0.105725
0.0925325
0.114154
0.173544
0.0820923
0.118822
0.288135
0.400543
0.268892
0.0459229
0.049441
0.0273561
0.0575918
0.0936184
0.228581
0.27868
0.183422
0.103376
0.147151
0.0244876
0.10919
0.180529
0.220001
0.282688
0.0821299
0.0334044
0.0677662
0.105866
0.168061
0.147054
0.246104
0.149135
0.065419
0.0720257
0.155186
0.0718359
0.154108
0.176432
0.190514
0.0964881
0.0397538
0.0762768
0.1113
0.069249
0.0823266
0.169334
0.224886
0.280444
0.079198
0.0486799
0.0589277
0.198601
0.433293
0.407984
0.317717
0.0684731
0.0674931
0.0837312
0.124579
0.0598555
0.0398941
0.0615696
0.0706867
0.210597
0.161665
0.135237
0.187829
0.141861
0.105099
0.0306169
0.1045
0.0924275
0.0359859
0.00579811
0.0194904
0.0299964
0.206132
0.344855
0.14628
0.0271689
0.0177882
0.00416625
0.0128861
0.012565
0.428644
0.50268
0.148317
0.0997558
0.0641318
0.0494112
0.0909336
0.0668939
0.0860462
0.0697868
0.102253
0.0701417
0.0390555
0.142158
0.114721
0.0383902
0.178343
0.383727
0.155762
0.0424322
0.0147519
0.0073815
0.00412863
0.00134995
0.25226
0.387468
0.0950986
0.0976718
0.0749719
0.0286564
0.170973
0.0554582
0.225982
0.340231
0.165335
0.0324652
0.0182374
0.0522875
0.0323179
0.00189498
0.151799
0.387468
0.102017
0.0811827
0.0697697
0.0247481
0.0515836
0.030371
0.230199
0.387468
0.294531
0.089759
0.090653
0.0519656
0.402993
0.113897
0.0897368
0.0625542
0.138254
0.200636
0.0387343
0.0490607
0.240718
0.062989
0.0376521
0.0042332
0.358513
0.148056
0.156796
0.122658
0.123353
0.0609637
0.0791162
0.197595
0.261913
0.335516
0.110201
0.115839
0.055639
0.0182434
0.0104214
0.0132426
0.402993