0.184606
0.144848
0.109138
0.0822951
0.0205725
0.111462
0.13211
0.109141
0.191124
0.122696
0.141049
0.118321
0.0495316
0.135671
0.219605
0.195105
0.057421
0.0993215
0.194785
0.084313
0.0506523
0.114938
0.181417
0.0928401
0.0971322
0.11411
0.126633
0.0995837
0.0800724
0.148998
0.33634
0.164613
0.159039
0.0823353
0.0641316
0.0500086
0.0511618
0.100917
0.160223
0.242769
0.166024
0.126652
0.0562441
0.0436245
0.0619784
0.102665
0.152962
0.291209
0.130956
0.0987406
0.0574399
0.0447274
0.0418848
0.134453
0.272868
0.17856
0.185006
0.111324
0.0897081
0.0649974
0.0594344
0.224452
0.197383
0.195481
0.150218
0.12415
0.084697
0.0572328
0.066243
0.0801603
0.133775
0.201271
0.185576
0.170878
0.148691
0.112112
0.09778
0.0758657
0.118712
0.125842
0.150499
0.137495
0.136022
0.0725643
0.0687836
0.145033
0.133476
0.156303
0.0950985
0.198622
0.169794
0.121154
0.11104
0.170553
0.19108
0.0954276
0.0790881
0.112258
0.107642
0.0930259
0.0791685
0.0689328
0.124632
0.0829162
0.0874876
0.139354
0.148549
0.0907225
0.0700132
0.0625332
0.15585
0.120504
0.0795194
0.254237
0.140221
0.0631843
0.0557897
0.106714
0.131255
0.0557184
0.318562
0.307365
0.14586
0.0201655
0.06148
0.127536
0.17589
0.185998
0.0395608
0.0509434
0.0553376
0.0366034
0.0301869
0.0417029
0.059651
0.0459373
0.101248
0.0479383
0.0526129
0.0483721
0.0433115
0.107824
0.118276
0.16622
0.29185
0.13296
0.0253735
0.00841691
0.0387272
0.0551767
0.0892608
0.115472
0.3993
0.580571
0.183999
0.0143276
0.015636
0.0473729
0.110198
0.177892
0.133596
0.0354004
0.0295438
0.0337294
0.0167253
0.0371797
0.0757086
0.190709
0.129359
0.0329167
0.0280404
0.0377264
0.0147203
0.0220493
0.0784531
0.162956
0.246315
0.421702
0.14298
0.0167544
0.0394807
0.107141
0.122325
0.265919
0.117855
0.0979464
0.0476844
0.0478992
0.116295
0.362032
0.296657
0.271421
0.079858
0.0415323
0.0928722
0.0839797
0.0409295
0.084222
0.109297
0.0760664
0.0706244
0.0422187
0.149845
0.148332
0.176185
0.196334
0.224157
0.0502075
0.0378729
0.0803964
0.212652
0.170907
0.118809
0.243238
0.155123
0.0738126
0.0214683
0.0889373
0.297379
0.236814
0.36973
0.120042
0.181868
0.0521169
0.119869
0.0422901
0.082706
0.0622004
0.0567402
0.0515437
0.0951945
0.147414
0.119633
0.0790884
0.0466488
0.0259533
0.0300949
0.103748
0.221394
0.155042
0.349969
0.040136
0.0138106
0.0306791
0.0322825
0.014817
0.0815095
0.392087
0.280936
0.127474
0.04126
0.0128793
0.0484972
0.127983
0.18049
0.266019
0.0691569
0.0598412
0.0272639
0.0164519
0.0157797
0.136822
0.201759
0.0845038
0.0675469
0.0649849
0.0545972
0.0495847
0.0496726
0.203442
0.233507
0.0998017
0.17156
0.153411
0.0342208
0.018776
0.040961
0.139797
0.160441
0.112827
0.387512
0.176989
0.0537414
0.0324798
0.0324798
0.119712
0.274711
0.300069
0.0342208
0.0292555
0.0297659
0.0148345
0.0148477
0.0605057
0.0828116
0.0450711
0.0698356
0.0925327
0.0651801
0.0167257
0.00905988
0.0537023
0.0715951
0.0337056
0.249715
0.123795
0.0178715
0.00707642
0.00707642
0.0517565
0.123879
0.156857
0.469541
0.637852
0.126979
0.0086762
0.00195536
0.0240225
0.0704142
0.105981
0.0564824
0.0730172
0.0221678
0.00332115
0.00125034
0.012046
0.013536
0.00604113
0.128654
0.18633
0.0322728
0
0.00485241
0.0124168
0.0118755
0.014355
0.172057
0.38433
0.0795433
0.00234864
0
0.00289676
0.00676624
0.0203855
0.244135
0.775463
0.088186
0.000242025
0
0.00152647
0.00403821
0.0254486
0.128603
0.13899
0.0377701
0.00267672
0.00576639
0.00563361
0.00783141
0.0210085
0.170747
0.203106
0.0939546
0.015059
0.00345045
0.0040253
0.0336578
0.0494084
0.251665
0.571345
0.0705627
0.00401508
0
0.000615043
0.00136028
0.0208151
0.480356
0.35569
0.0778955
0.0576446
0.12252
0.0592785
0.0765252
0.146747
0.0996457
0.175892
0.073311
0.0483015
0.0466833
0.0429847
0.0682737
0.0930699
0.0231511
0.0378586
0.0162613
0.110996
0.180267
0.143739
0.0961748
0.0619501
0.214127
0.0894658
0.040818
0.211694
0.404817
0.0908017
0.128306
0.157472
0.00472765
0.0099005
0.0142311
0.328219
0.574312
0.108574
0.0498839
0.0258005
0.00463923
0.0247079
0.0664048
0.171086
0.257334
0.129397
0.0512667
0.0162796
0.0160989
0.0493095
0.122408
0.132041
0.127868
0.016538
0.0292529
0.0273488
0.0543375
0.0544085
0.0400403
0.264826
0.61682
0.182742
0.0229446
0.00530115
0.267168
0.225243
0.0891509
0.140826
0.129856
0.0594303
0.0183959
0.117419
0.187618
0.0479007
0.00193801
0.0028357
0.0028357
0.00303418
0.0575824
0.200243
0.232951
0.163533
0.0329092
0.00803481
0.0191972
0.0442791
0.0571794
0.111039
0.168539
0.0924466
0.0637441
0.00726032
0.00550118
0.0100467
0.123057
0.221867
0.303165
0.5727
0.293665
0.0165529
0.0109568
0.0209581
0.0715786
0.0889642
0.0731744
0.0940497
0.0333613
0.0131042
0.00589519
0.0150012
0.0152042
0.0253878
0.18705
0.149057
0.0435356
0.0114403
0.000605781
0.00507157
0.0200446
0.0751852
0.136611
0.413127
0.133714
0.0228276
0.012729
0.00595928
0.00767886
0.0114631
0.358678
0.671792
0.180813
0.0281112
0.0107845
0.0044707
0.0100336
0.0328291
0.129355
0.131371
0.00949821
0.000461946
7.05536e-005
0.00240621
0.00805207
0.0389274
0.157056
0.376843
0.0400698
0.00149133
0
0.000690098
0.00387759
0.0204149
0.209322
0.40434
0.0800167
0.0154137
0.00537981
0.00288318
0.0112353
0.0456657
0.177941
0.657866
0.162145
0.0202795
0.00358654
0.000720796
0.0691663
0.13699
0.124299
0.341981
0.0502285
0.00179986
0
0
0.00147176
0.0119959
0.200531
0.522336
0.0409713
0.000529399
0
0
0.00197356
0.0149714
0.214539
0.443849
0.0559408
0.00406082
0
0
0.0402049
0.0786815
0.315118
0.355913
0.0188743
0.000617712
0
0.00909786
0.0405187
0.108651
0.25397
0.532943
0.0290847
0.00170416
0.00278197
0.00199901
0.00251085
0.00873236
0.307595
0.229705
0.015268
0.154638
0.221836
0.0687892
0.0262839
0.0750055
0.217883
0.226359
0.0234538
0.00407108
0.00556753
0.00982527
0.0420338
0.14176
0.112315
0.101195
0.0529753
0.340258
0.262406
0.016863
0.0430752
0.121655
0.0643621
0.0172869
0.00520595
0.231883
0.351174
0.0465873
0.0225668
0.0411225
0.000258154
0
0.0233485
0.255973
0.288493
0.0372538
0.0095405
0.00171052
0.00936289
0.0149928
0.0287202
0.439881
0.383952
0.00775541
0.013215
0.0192524
0.00198118
0
0.0538389
0.427574
0.270274
0.00671759
0.00567931
0.00238935
0.0484124
0.040893
0.0786302
0.286438
0.272698
0.158217
0.0584005
0.00660492
0.257865
0.155025
0.0343234
0.118182
0.0619375
0.114477
0.10229
0.191226
0.0286513
0.0123499
0.150653
0.49947
0.190265
0.111304
0.0912998
0.0340627
0.18046
0.0764209
0.0744967
0.104836
0.0516449
0.168997
0.191559
0.220532
0.0852293
0.0735736
0.0709037
0.00661758
0.0814171
0.0391452
0.120814
0.160813
0.105736
0.477533
0.245906
0.0516555
0.130127
0.0437016
0.0665207
0.0563344
0.23815
0.148193
0.0285476
0.0170169
0.161434
0.0848113
0.0890935
0.0901653
0.0860281
0.219899
0.0968993
0.0861173
0.262463
0.189555
0.316636
0.21081
0.0682576
0.276229
0.137998
0.0563895
0.0832191
0.0225755
0.01518
0.0113586
0.196367
0.471189
0.223225
0.109203
0.115757
0.0672546
0.0536066
0.0345972
0.0342948
0.0914372
0.0834652
0.074498
0.109267
0.122614
0.175265
0.102561
0.0942779
0.155715
0.136445
0.147503
0.153068
0.230777
0.378519
0.288762
0.163706
0.28361
0.104866
0.0958411
0.0860982
0.0309842
0.0532797
0.0762269
0.161154
0.267776
0.162406
0.075774
0.0723831
0.00758143
0.185001
0.248959
0.123524
0.0788278
0.0596168
0.147641
0.115171
0.10265
0.312671
0.185169
0.301196
0.200438
0.0876414
0.118846
0.100119
0.0730173
0.398139
0.1705
0.23335
0.22076
0.0846432
0.0265024
0.0111696
0.00991342
0.155282
0.203868
0.266095
0.167912
0.0529468
0.059873
0.0256187
0.0696656
0.123672
0.215728
0.317358
0.163925
0.066753
0.0388567
0.0202216
0.0328811
0.243743
0.270071
0.370929
0.160034
0.0524631
0.0896044
0.0512053
0.125299
0.153573
0.309031
0.141619
0.108564
0.068187
0.0783546
0.0236999
0.0732355
0.0989331
0.238812
0.0791444
0.0824411
0.111499
0.259309
0.16098
0.0700053
0.136579
0.270052
0.233961
0.131343
0.0783229
0.115707
0.0516051
0.19545
0.16922
0.249845
0.195667
0.077599
0.193151
0.257735
0.27437
0.19783
0.178236
0.275868
0.00376354
0.0146442
0.0503468
0.373638
0.242894
0.0192206
0.0425089
0.0473574
0.00109098
0
0.0465245
0.354754
0.211775
0.0132466
0.00188889
0.00177973
0.0326881
0.0145897
0.0713089
0.422707
0.350968
0.0571641
0.0410567
0.0379489
0.000736751
0
0.0323769
0.360058
0.323128
0.0649364
0.000350451
0.000908938
0.0222691
0.0146727
0.101639
0.395121
0.259587
0.0851846
0.0402995
0.0350831
0.0783456
0.0826388
0.0874824
0.0547316
0.0815448
0.135775
0.111609
0.18498
0.0432699
0.0191015
0.100344
0.377998
0.418115
0.179159
0.0220811
0.0294029
0.125152
0.073181
0.0494736
0.102424
0.0862368
0.107563
0.137447
0.253782
0.234146
0.0984892
0.00511329
0.00675821
0.0589581
0.0599719
0.0999032
0.0735637
0.131861
0.0592816
0.0127539
0.0211217
0.131101
0.222654
0.373955
0.173168
0.375041
0.188001
0.0142394
0.00238394
0.0106518
0.0329665
0.065024
0.153235
0.377333
0.10985
0.0176822
0.0152289
0.0531572
0.103068
0.169822
0.23567
0.030747
0.015221
0.00669291
0.0140896
0.042458
0.170776
0.241772
0.111505
0.0457968
0.00718265
0.0070681
0.0297509
0.0483957
0.216119
0.475154
0.404599
0.109539
0.0207504
0.00403764
0.0040544
0.0221115
0.0785736
0.111775
0.155033
0.11834
0.0106812
0.00346669
0.00147913
0.0256194
0.0784187
0.217979
0.47578
0.0343325
0.00629934
0.00486294
0.0308142
0.0279616
0.103013
0.31067
0.142044
0.107543
0.0854331
0.0110612
0.0296386
0.0208982
0.120694
0.576076
0.0910332
0.0154208
0.000735337
0.000735337
0.000464558
0.0199949
0.0649733
0.185305
0.21968
0
0.000366382
0.000366382
0.000101896
0.0144162
0.120941
0.538961
0.190201
0.0876286
0.0412226
0.00603151
0.00471824
0.00547066
0.0249523
0.36304
0.124236
0.138617
0.0253947
0.00320886
0.00820001
0.00868427
0.0328825
0.280366
0.174011
0.00278521
0.000146005
0
0
0.00813126
0.0696499
0.499849
0.117457
0.0109735
0.000338321
0
0
0.0112026
0.141783
0.57256
0.198796
0.135341
0.0275
0.00871066
0.0149438
0.012237
0.0572781
0.160347
0.148421
0.140396
0.0284138
0.0411229
0.243585
0.238055
0.0574719
0.0561576
0.105988
0.0347488
0.00142149
0
0.00332447
0.0065918
0.0904094
0.550084
0.268594
0.0808968
0.0265849
0.0352611
0.414687
0.191689
0.0203459
0.258062
0.200883
0.0269833
0.00761054
0.0168006
0.377443
0.314781
0.0229187
0.00780017
0.0100903
0.00492187
0.00311736
0.0126312
0.232016
0.286027
0.0754311
0.00346899
0.0023994
0.0230788
0.0198561
0.0285113
0.532332
0.309326
0.0153491
0.0283069
0.0269851
0.00761447
0.0288976
0.0605172
0.294598
0.272924
0.0674427
0.0200671
0.00349575
0.106335
0.0227283
0.0382316
0.135544
0.253
0.15298
0.0176338
0.0318595
0.306447
0.0372173
0.0173211
0.0476557
0.0319335
0.0353888
0.0562695
0.171228
0.128353
0.0640507
0.106161
0.170087
0.168628
0.190768
0.125708
0.108181
0.414739
0.023012
0.0323352
0.0465465
0.0148489
0.06924
0.132991
0.531552
0.313996
0.305419
0.0319702
0.0117052
0.0259107
0.0344582
0.0464144
0.154457
0.265878
0.168942
0.0419403
0.0436683
0.0527016
0.0522712
0.133646
0.248109
0.154584
0.150411
0.0395195
0.0189412
0.0343543
0.062414
0.162171
0.204691
0.200355
0.153976
0.0450939
0.0259874
0.0428384
0.0968367
0.215209
0.222107
0.174787
0.091915
0.0405127
0.0272617
0.0283352
0.0244421
0.108509
0.240652
0.233233
0.0824906
0.0690045
0.027075
0.0248853
0.00780788
0.128617
0.586523
0.129523
0.144132
0.0497803
0.0236072
0.0368213
0.0818542
0.13492
0.1626
0.118498
0.126988
0.111785
0.0634278
0.0577591
0.0927169
0.134677
0.166126
0.0379709
0.0202913
0.0221836
0.00708772
0.0133638
0.0260727
0.171371
0.345576
0.0101066
0.0133326
0.0133326
0.000987772
0.00966582
0.109333
0.672732
0.364877
0.0340038
0.0371028
0.0397492
0.020895
0.0258869
0.0404909
0.0666929
0.0609512
0.0373569
0.0437074
0.0534597
0.01104
0.0146001
0.0399078
0.225677
0.156995
0.00306602
0.000938885
0.00217382
0.00052926
0.00694912
0.0713182
0.385656
0.120604
0.00174041
2.66205e-005
0.00185241
0.00079389
0.0221014
0.183226
0.668223
0.219154
0.0156447
0.00719566
0.0164837
0.0111805
0.0115148
0.019944
0.161819
0.0871321
0.0209025
0.00245826
0.0171718
0.0150843
0.019397
0.0476306
0.399878
0.164461
0.0100602
0.000464769
0.000202114
0.000523614
0.00838189
0.079821
0.488783
0.213019
0.127219
0.050253
0.0534481
0.182935
0.0493353
0.0271751
0.39558
0.208597
0.0169359
0.00224892
0.00365747
0.00211426
0.00593774
0.030415
0.382587
0.138703
0.134279
0.0248225
0.0188639
0.0197992
0.0185187
0.0633243
0.40184
0.180313
0.131509
0.0779262
0.0938672
0.440601
0.208418
0.0460533
0.104974
0.0850954
0.0146209
0.0437176
0.0828778
0.396279
0.308434
0.0491358
0.0295679
0.00517178
0.184786
0.0967195
0.0859006
0.0978612
0.0630602
0.0674467
0.173751
0.146597
0.0432625
0.115627
0.277094
0.306185
0.211969
0.0189591
0.0228565
0.0216947
0.0378554
0.0510999
0.0857014
0.291219
0.192296
0.0990302
0.180273
0.116646
0.21767
0.0192845
0.031929
0.0447544
0.017482
0.0680996
0.208211
0.496295
0.0135732
0.0502169
0.249462
0.378055
0.230105
0.024767
0.0699139
0.0252258
0.0910723
0.0428127
0.0670644
0.0801601
0.0457113
0.0514975
0.112292
0.111402
0.0572136
0.0253921
0.00438036
0.00511711
0.00661486
0.0156023
0.070701
0.0661695
0.0773819
0.0348232
0.0037186
0.00736834
0.0130554
0.0262035
0.0775363
0.0741834
0.308906
0.0181261
0.000203663
0.00157902
0.00157902
0.00630121
0.102758
0.488392
0.481284
0.0559617
0.000938321
0.00487615
0.00691951
0.00989555
0.107799
0.509509
0.0719208
0.0507995
0.0129588
0.0101034
0.0173523
0.0305363
0.0414519
0.057439
0.0795543
0.0352354
0.026144
0.0193623
0.022806
0.0366672
0.0636271
0.0725622
0.447313
0.0638425
0.00943858
0.00815939
0.0109806
0.0087438
0.0241265
0.365058
0.449277
0.0258563
0.0136261
0.00883646
0.010122
0.00648892
0.0369112
0.551332
0.045675
0.011519
0.011791
0.0167496
0.0249239
0.0302254
0.0406161
0.0673028
0.0784272
0.0192164
0.0347129
0.0172652
0.0174845
0.0274017
0.0271932
0.0863359
0.339965
0.00688515
0.00383167
0.0083934
0.0112429
0.00804459
0.0258385
0.43505
0.529028
0.0102681
0.0148946
0.0104108
0.0086081
0.0101752
0.0126337
0.523972
0.0631132
0.00928354
0.0229911
0.0163999
0.018086
0.0220647
0.0311711
0.0691593
0.0724472
0.0176628
0.0207051
0.0173782
0.0168103
0.0156088
0.153722
0.146493
0.402711
0.00542183
0.00996992
0.00403697
0.00412457
0.00814939
0.02212
0.419558
0.464209
0.0157991
0.0089781
0.00150801
0.00332032
0.00612269
0.0560181
0.518738
0.0575929
0.0138402
0.00922727
0.00258689
0.00471752
0.0141652
0.218245
0.151866
0.0989542
0.0118613
0.00157578
0.00289199
0.0156494
0.0581336
0.349112
0.230796
0.318118
0.0164275
0.00654585
0.000178101
0.0031488
0.0082272
0.0308998
0.3875
0.410456
0.0267642
0.0015082
0
0.0075996
0.0251442
0.0711938
0.459011
0.141119
0.0856815
0.0536901
0.016509
0.0118287
0.0369241
0.164802
0.183952
0.0939241
0.169367
0.323949
0.107445
0.0470779
0.0163611
0.0369288
0.0489095
0.299459
0.0380869
0.0175024
0.000273877
0.00208871
0.0374293
0.134034
0.480195
0.184288
0.14903
0.100608
0.017137
0.0125624
0.062911
0.256103
0.401771
0.02896
0.122712
0.273767
0.158179
0.0739452
0.025386
0.028267
0.00937657
0.0713604
0.0927965
0.0610756
0.0450114
0.0215303
0.0477797
0.0587442
0.0524845
0.212302
0.34951
0.114082
0.0414827
0.0206593
0.0278092
0.141352
0.263912
0.300273
0.221787
0.0381001
0.0175588
0.00333313
0.0439695
0.0958919
0.51636