0.0237867
0.0138115
0.0342822
0.0457485
0.055214
0.0417144
0.0512323
0.0251067
0.0272187
0.0154473
0.0370267
0.466672
0.244661
0.0493901
0.0166882
0.0244525
0.0292544
0.0744478
0.0676008
0.0519436
0.0585756
0.0444036
0.0392318
0.0231002
0.0183287
0.0250958
0.048511
0.555511
0.4644
0.0836677
0.0260863
0.0154904
0.000754294
0.00861558
0.0517156
0.365868
0.0864233
0.00385472
0
0.000754294
0.00423994
0.060203
0.141596
0.39106
0.0690044
0.0319343
0.0611183
0.0152395
0.000630365
0.00173202
0.0107122
0.447655
0.272504
0.0115309
0.00137177
0.000524906
0
0.00326075
0.0270297
0.476304
0.34145
0.0494888
0.0300411
0.00458643
0.0576724
0.0852915
0.123041
0.139927
0.0873187
0.123629
0.208927
0.149998
0.111798
0.154646
0.212322
0.109198
0.0460034
0.0531789
0.0917246
0.170143
0.0481976
0.0410039
0.0944047
0.44423
0.32493
0.100803
0.0953249
0.0551812
0.187491
0.17083
0.210378
0.399327
0.126844
0.0463914
0.0934525
0.103423
0.0308225
0.0984282
0.130359
0.0767631
0.086219
0.0524255
0.00918456
0.0212648
0.00557434
0.0216634
0.0274253
0.313356
0.418112
0.154912
0.00686964
0.000281376
0.0553185
0.10052
0.110624
0.174284
0.0869027
0.0691042
0.0805623
0.077037
0.00957912
0.0449897
0.0315538
0.379705
0.539992
0.218386
0.117306
0.0752964
0.000510418
0.000175218
4.04391e-005
0.373367
0.336601
0.0383157
0.000629746
0
0.00321359
0.0116949
0.0289081
0.271822
0.202819
0.0209721
0.00248899
0.000433616
0.0284403
0.0114479
0
0.444629
0.450167
0.0655617
0.0197753
0.0209404
0.115201
0.198699
0.0586833
0.267127
0.193667
0.0105018
0.000426533
0.0214671
0.0438388
0.0623158
0.0554414
0.14517
0.121054
0.0740664
0.0244895
0.0108429
0.124866
0.0814024
0.022606
0.0189112
0.0304553
0.0443167
0.0491396
0.0946008
0.292895
0.518156
0.120974
0.0694368
0.104287
0.0470588
0.00331374
0.0450406
0.426351
0.324293
0.0943489
0.0317196
0.186819
0.0751744
0.0316743
0.27926
0.0596756
0.0345935
0.0186803
0.0172769
0.0717678
0.0310091
0.0323101
0.0709042
0.0190018
0.0297271
0.027758
0.367679
0.280757
0.0342185
0.0247363
0.0381479
0.161499
0.0664638
0.0483181
0.0602953
0.205421
0.127125
0.0443802
0.144993
0.0358728
0.000247692
0.0279978
0.629978
0.381846
0.13057
0.0263109
0.0354261
0.0329829
0.0610129
0.0479396
0.0315891
0.0282187
0.0400575
0.0288552
0.0214679
0.0156231
0.0248407
0.0734188
0.448224
0.377915
0.0853293
0.0433672
0.0122508
0.0518722
0.0268877
0.0248949
0.0164205
0.0161166
0.0570448
0.0761624
0.0551888
0.0952227
0.0536466
0.0947686
0.445935
0.456707
0.0792688
0.0729058
0.0879934
0.000271219
0.000656622
0.00535654
0.272555
0.230947
0.00872491
0.00208193
0.000229312
0
0
0.00128875
0.37707
0.345243
0.01517
0.00069918
0
0.00519808
0.00343272
0.0135123
0.312469
0.307295
0.00701822
0.00272433
0.00511947
0
8.62832e-005
0.00983339
0.433207
0.433207
0.0020885
0
0
0.0109057
0.0134779
0.0252364
0.291048
0.193603
0.013347
0.00134669
0
0.0465461
0.0675662
0.0749943
0.37787
0.147702
0.0177012
0.0173349
0.00673314
0.00402527
0.00284222
0.0185736
0.466397
0.27805
0.00232554
0.00146571
0
0.0656644
0.0302328
0.0418943
0.46559
0.348375
0.0565623
0.0608925
0.0466006
0.0341415
0.0786113
0.0782925
0.209147
0.0921903
0.0433396
0.0380666
0.0576015
0.028992
0.0606361
0.070325
0.18732
0.307235
0.149274
0.0641917
0.0755364
0.236794
0.196547
0.0447873
0.199726
0.193961
0.0719942
0.0912997
0.0922765
0.349362
0.525977
0.190016
0.193703
0.167689
0.0600948
0.0365897
0.0549778
0.0542532
0.0242656
0.0444027
0.242152
0.434989
0.0785794
0.018156
0.0322162
0.193384
0.194344
0.0581116
0.103631
0.164728
0.0102088
8.91098e-005
0.0486909
0.177136
0.362889
0.20648
0.182736
0.246141
0.0325865
0.00262174
0.030572
0.346539
0.286048
0.0793475
0.0577258
0.153583
0.0644786
0.0136177
0.150153
0.202919
0.268692
0.0677707
0.0169949
0.0917895
0.0203057
4.01981e-005
0.0454589
0.158314
0.132507
0.0942932
0.0575339
0.317269
0.100983
0.0229938
0.080979
0.317682
0.177929
0.0433903
0.100428
0.217424
0.141535
0.0342442
0.227417
0.0618692
0.0432632
0.0665431
0.258157
0.440496
0.257602
0.101434
0.106349
0.0799498
0.0654621
0.115697
0.11198
0.202674
0.0980513
0.0254018
0.0521611
0.0176225
0.0248888
0.0870909
0.444157
0.253071
0.065547
0.00904465
0.0106841
0.0216578
0.0804076
0.118906
0.176618
0.236991
0.210421
0.0686421
0.0417567
0.00541445
0.058406
0.107737
0.483177
0.385479
0.0938282
0.0069074
0.00541445
0.0975213
0.0545019
0.0175955
0.0104268
0.0073703
0.0252464
0.0509549
0.0730509
0.178624
0.096579
0.185885
0.309585
0.230171
0.0388492
0.0409846
0.158611
0.0938284
0.129041
0.0421578
0.0422901
0.0549971
0.12206
0.067419
0.0521217
0.148422
0.302716
0.338283
0.417513
0.308705
0.0986818
0.0219972
0.143132
0.012747
0.00661025
0.0720145
0.315147
0.241411
0.0068931
0.00414637
0.0207538
0.00291121
0.0791188
0.0765246
0.462329
0.349914
0.00538261
0.00769927
0.00841549
0.0523763
0.032022
0.0970005
0.23211
0.206604
0.0508892
0.0365418
0.0864534
0.232041
0.354076
0.0967999
0.222821
0.228277
0.0428592
0.0714967
0.148752
0.0113869
0.109533
0.116814
0.292516
0.14105
0.00283883
0.00457196
0.00266661
0.170055
0.130089
0.0975217
0.188866
0.137048
0.0312372
0.0539253
0.075144
0.147627
0.501644
0.219626
0.0915956
0.0418739
0.00335922
0.0160865
0.0376384
0.222736
0.501644
0.231602
0.0791724
0.0100259
0.00454138
0.0108496
0.0703451
0.229709
0.272733
0.0197568
0.0268696
0.0514143
0.0222446
0.0504705
0.0705229
0.239798
0.488347
0.0703234
0.0236202
0.0106158
0.00288906
0.0112912
0.0141909
0.205293
0.43897
0.0407621
0.0166344
0.004961
0.00443074
0.0103342
0.0748522
0.152668
0.488347
0.0298707
0
0.00106571
0.00143924
0.00491893
0.0752312
0.199137
0.575735
0.110831
0.0322424
0.0244051
0.00275065
0.00146721
0.0164032
0.259332
0.337712
0.0633986
0.0819523
0.0952851
0.0523307
0.0225242
0.0887396
0.213903
0.388916
0.0259371
0.00682489
0
0
0.0113547
0.0636854
0.196499
0.14748
0.0682334
0.244649
0.102893
0.0143619
0.0359507
0.0728578
0.125449
0.0769993
0.0221706
0.210232
0.223235
0.0854516
0.0239719
0.0860038
0.0201022
0.0107701
0.0359053
0.250269
0.314639
0.154603
0.056375
0.0377309
0.0426377
0.0175691
0.0484098
0.492374
0.288145
0.0166501
0.017742
0.0307672
0.0340531
0.0147026
0.0748583
0.406147
0.324476
0.0705691
0.0581136
0.00220576
0.0209678
0.026469
0.0380337
0.187733
0.251751
0.172256
0.0468123
0.0149649
0.00524194
0.0146163
0.0226197
0.331124
0.414562
0.0768619
0.00445816
0.000679519
0.0566244
0.0218954
0.114228
0.304625
0.20498
0.0746341
0.0437906
0.00193567
0.0141561
0.00651364
0.0746301
0.421173
0.412058
0.049291
0.00175719
0.000130579
0.00929973
0.0605332
0.0491903
0.0913834
0.0920502
0.224343
0.0850949
0.00266392
0.0403593
0.311798
0.22452
0.236717
0.162346
0.0830145
0.0194601
0.0397476
0.0370626
0.0559195
0.128118
0.17442
0.191845
0.254196
0.0801518
0.0362749
0.0271291
0.163353
0.129518
0.245936
0.315348
0.277196
0.336803
0.0878664
0.114573
0.113706
0.0882891
0.121264
0.119225
0.0562407
0.047022
0.131551
0.443259
0.393117
0.0910037
0.0806654
0.130415
0.0496796
0.0708486
0.207687
0.0582845
0.0794905
0.0637405
0.109717
0.123435
0.0886758
0.180031
0.148751
0.167933
0.166975
0.0899083
0.108248
0.239242
0.121812
0.294256
0.278891
0.211434
0.424068
0.0925892
0.0263176
0.0497706
0.0147421
0.0138039
0.0480392
0.137482
0.413956
0.134722
0.0689246
0.0557011
0.0214025
0.0335161
0.197626
0.0881504
0.15251
0.0264326
0.0519503
0.14822
0.135935
0.228457
0.139031
0.162203
0.175994
0.0596868
0.0911066
0.154739
0.131573
0.253919
0.358829
0.117215
0.236088
0.0379736
0.0343252
0.0164934
0.0123886
0.0567985
0.283039
0.140328
0.16507
0.0222669
0.00785057
0.00212007
0.0073872
0.0426777
0.357369
0.233255
0.108175
0.0476602
0.0525881
0.0276962
0.0263182
0.128852
0.413405
0.36986
0.0532986
0.0539712
0.0262188
0.000530018
0.0188119
0.0729835
0.450993
0.257457
0.0857593
0.0472206
0.019851
0
0.0175168
0.030949
0.214376
0.301595
0.0438935
0.0985689
0.206839
0.0998108
0.0581766
0.0874142
0.157343
0.341191
0.039225
0.0811239
0.0261086
0
0.0703496
0.133229
0.366149
0.306905
0.107812
0.165889
0.159852
0.136811
0.145297
0.200608
0.313336
0.0555233
0.00526029
0.0559267
0.383353
0.227027
0.0281824
0.0412429
0.059588
0.00981966
0.0194385
0.106194
0.374759
0.183669
0.00696657
0.017959
0.000705629
0.0897947
0.0537421
0.0840852
0.374689
0.319351
0.0770641
0.0479075
0.0677841
0.00033073
0.0133866
0.0819924
0.405645
0.306626
0.0442035
0.0133928
0.00970643
0.0272677
0.0389472
0.254622
0.381486
0.102876
0.0218615
0.0234097
0.00822967
0.00681693
0.0173325
0.131169
0.398745
0.361615
0.0781731
0.0256439
0.0117228
0.0740958
0.044281
0.191247
0.294927
0.145565
0.0821613
0.0681022
0.112612
0.188526
0.132715
0.157033
0.230709
0.166479
0.0754979
0.0756333
0.131789
0.0452322
0.0385883
0.0415291
0.0376556
0.0681025
0.0905449
0.0588525
0.0763418
0.0193837
0.0375448
0.0253409
0.134286
0.273107
0.240178
0.378249
0.128462
0.0686865
0.0213186
0.00698692
0.00937555
0.0061232
0.0208043
0.0741517
0.12212
0.0338013
0.041623
0.0287441
0.434839
0.55056
0.0782571
0.125506
0.0906186
0.0303154
0.010061
0.0457815
0.114461
0.104985
0.0680235
0.12676
0.132441
0.0602606
0.0157873
0.0521619
0.0871283
0.0785678
0.0913152
0.33456
0.280679
0.0207443
0.00838327
0.0499037
0.369619
0.407883
0.0304446
0.037385
0.0659048
0.0382768
0.0475137
0.105456
0.263686
0.348885
0.112183
0.318824
0.17741
0.0163577
0.0190611
0.00999733
0.018418
0.0499948
0.167458
0.398242
0.156627
0.103994
0.0533178
0.0231951
0.0360286
0.0499318
0.121444
0.412107
0.246817
0.0107847
0.0477651
0.0732631
0.0916967
0.244585
0.23258
0.34439
0.0849503
0.0302427
0.0428973
0.0578764
0.0864437
0.190155
0.165952
0.332219
0.156098
0.178023
0.0553369
0.0157201
0.0180203
0.00776293
0.0223221
0.276985
0.215135
0.284853
0.033511
0.0146652
0.00719137
0
0.0152839
0.186195
0.198021
0.0318873
0.0201102
0.0203137
0.0152868
0.0399226
0.0687894
0.428295
0.1767
0.0487575
0.00221852
0.000964245
0.00248216
0.0221408
0.0824733
0.558423
0.291261
0.214743
0.0148843
0.0155417
0.00463242
0
0.0281558
0.126601
0.244407
0.149593
0.0536889
0.0375129
0.108666
0.162747
0.0818666
0.116304
0.239095
0.0515031
0.000778062
0
0.000407369
0.0040423
0.0751906
0.552304
0.337201
0.0488367
0.0226214
0.0183504
0.152015
0.196074
0.14235
0.303916
0.250737
0.0570617
0.0312825
0.0184562
0.259703
0.346957
0.0466123
0.0163933
0.0364516
0.000962163
0.00776928
0.0279288
0.239294
0.321683
0.0484565
0.0175507
0.0127518
0.0193562
0.0204799
0.0264001
0.324089
0.458756
0.0737448
0.0503353
0.042399
0.000604061
0.0113325
0.0228756
0.236624
0.419992
0.126665
0.0503639
0.00769594
0.142539
0.0606389
0.090742
0.117196
0.186155
0.0869822
0.0653279
0.169813
0.289774
0.119752
0.116165
0.140652
0.162368
0.0534577
0.0513303
0.202252
0.109857
0.060713
0.078046
0.0809658
0.322536
0.259796
0.215586
0.148532
0.204992
0.0971724
0.17092
0.119679
0.326167
0.107678
0.220558
0.206323
0.100094
0.0116425
0.0201448
0.0278748
0.0317311
0.0385887
0.0848192
0.106796
0.0177668
0.00744421
0.0574587
0.39231
0.49166
0.0311634
0.0256028
0.0390465
0.101183
0.0448168
0.0589172
0.0813219
0.0989451
0.0708679
0.0908213
0.0878752
0.0334509
0.0184514
0.105737
0.220766
0.575028
0.0770952
0.0288977
0.054046
0.00100488
0.000988658
0.013381
0.195229
0.392765
0.00151328
0.00267683
0.00358663
0.00229729
0.0666393
0.121904
0.204179
0.368967
0.030532
0.0476872
0.013101
0.0032453
0.000649609
0.010683
0.107049
0.478907
0.0241276
0.00331739
0.00609536
0
0.0300789
0.0920924
0.271933
0.478907
0.0726939
0.00727959
0
0.0018849
0.130099
0.276067
0.298279
0.286926
0.124559
0.0859624
0.0105265
0.0314782
0.0452907
0.127107
0.194593
0.212302
0.135195
0.120395
0.0626662
0.00494357
0.066672
0.235371
0.397635
0.413398
0.115172
0.0310532
0.00264021
0.129752
0.0771433
0.0921556
0.14545
0.127639
0.0766945
0.123928
0.104094
0.0482933
0.0199886
0.039696
0.0315015
0.0575327
0.107491
0.215732
0.128697
0.0438911
0.00207493
0.00817318
0.00571271
0.0421731
0.162282
0.610825
0.313658
0.192791
0.0787616
0.029103
0.0669209
0.0395989
0.0421813
0.136084
0.209588
0.216491
0.0294201
0.0334707
0.0473393
0.0110295
0.0822282
0.230955
0.342548
0.0203323
0.00061134
0
0.000474274
0.00470619
0.0830016
0.428382
0.217041
0.0575176
0.0486143
0.0158164
0.0782438
0.0570265
0.0640605
0.392746
0.289532
0.120919
0.00618951
0.00668566
0.00461724
0.00117655
0.0483993
0.19393
0.276763
0.120914
0.0406064
0.0158924
0.0171329
0.0490285
0.0952154
0.393452
0.365229
0.079792
0.118861
0.0630547
0.350538
0.292511
0.0520598
0.157253
0.193627
0.0357823
0.0636563
0.0447056
0.272397
0.282305
0.125645
0.103908
0.0407394
0.164473
0.143152
0.0868163
0.148994
0.0870156
0.155829
0.275072
0.241171
0.0902453
0.181547
0.234929
0.259926
0.0569785
0.0517846
0.105152
0.0913985
0.062058
0.038968
0.0286156
0.0615247
0.14454
0.208365
0.368531
0.183523
0.131422
0.0789843
0.131882
0.0438689
0.103539
0.0772534
0.357085
0.208364
0.0713316
0.102334
0.160988
0.133275
0.0391467
0.0317286
0.297772
0.313829
0.114871
0.0583437
0.0358275
0.0576337
0.044432
0.0640384
0.23432
0.26602
0.0927274
0.082431
0.148031
0.0727941
0.0636012
0.0416858
0.0915454
0.104139
0.104685
0.063974
0.183814
0.140895
0.621161
0.0828005
0.0186079
0.102021
0.0297925
0.0520919
0.137678
0.0726589
0.0827726
0.0665527
0.0546124
0.0439882
0.0938446
0.0797688
0.157531
0.192471
0.367508
0.0945712
0.0300644
0.0679443
0.00650407
0.00146072
0.00438397
0.0403137
0.404961
0.0607263
0.0039145
0.00847039
0
0
0.00779419
0.0853642
0.507958
0.208638
0.0116392
0
0.00797991
0.00588725
0.00934355
0.0539805
0.348679
0.0891066
0.0026615
0.00467945
0.000271677
0.000505858
0.00257575
0.0956206
0.507958
0.267317
0.00911648
0
0.00275482
0
0.0219486
0.0902157
0.501455
0.199059
0.0191595
0.00130099
0.0700029
0.0446619
0.0121007
0.0626171
0.164107
0.0695568
0.0941578
0.0703978
0
0.00763449
0.0267232
0.100049
0.646917
0.19417
0.0141028
0.000267316
0.0452332
0.0303743
0.0624089
0.0570008
0.297788
0.0691202
0.0806233
0.049704
0.23045
0.163409
0.0324628
0.138254
0.073692
0.0244226
0.191728
0.254248
0.339961
0.114818
0.0684852
0.110141
0.0267391
0.102503
0.170479
0.30897
0.217558
0.124649
0.121094
0.0924193
0.101928
0.0540426
0.152173
0.185048
0.247283
0.12212
0.112236
0.107702
0.210962
0.251208
0.116013
0.176326
0.249541
0.0279664
0.0240474
0.0167663
0.0150086
0.104424
0.143959
0.395566
0.274457
0.0445998
0.0368258
0.00929366
0.110033
0.217922
0.328886
0.402692
0.106254
0.0327315
0.0232623
0.0433233
0.141096
0.216039
0.0865464
0.169756
0.19099
0.0494159
0.0383946
0.0890285
0.101863
0.144893
0.0844044
0.177194
0.219867
0.140837
0.106808
0.0465764
0.114061
0.319084
0.243653
0.176918
0.134331
0.302279
0.348456
0.19528
0.0495514
0.0834796
0.113308
0.149308
0.188793
0.103662
0.0675013
0.0859773
0.105861
0.111495
0.0512504
0.131538
0.233166
0.184317
0.100034
0.0619335
0.0629128
0.0374056
0.07472
0.239802
0.10495
0.200442
0.300011
0.199006
0.112583
0.036683
0.24024
0.272099
0.0585503
0.0870382
0.183099
0.113079
0.134034
0.106502
0.157284
0.193304
0.238395
0.209494
0.169228
0.0898405
0.0811201
0.0196533
0.0850158
0.19403
0.10501
0.165639
0.293178
0.0934373
0.0574416
0.0366948
0.0297145
0.039315