0.0566544
0.138751
0.126275
0.123031
0.0594956
0.031713
0.0392242
0.0464065
0.134511
0.409764
0.248304
0.166172
0.0440291
0.0205212
0.0880789
0.0537922
0.216231
0.194511
0.121973
0.145696
0.0647738
0.0399873
0.100506
0.215003
0.222778
0.29804
0.159044
0.110989
0.0627421
0.0821499
0.195008
0.273197
0.110052
0.284597
0.29472
0.132942
0.0371501
0.00870031
0.0504166
0.0761857
0.0984382
0.116695
0.311321
0.113575
0.0688751
0.0181447
0.0648898
0.184774
0.138888
0.206353
0.185808
0.136291
0.185474
0.0328285
0.0800237
0.120038
0.205771
0.164185
0.298748
0.222992
0.23514
0.0113359
0.0525553
0.171108
0.0874172
0.101729
0.153724
0.121845
0.0826085
0.0339648
0.0685502
0.116779
0.0364864
0.146681
0.134583
0.150336
0.115398
0.0533524
0.0955895
0.112688
0.196992
0.16069
0.301379
0.216544
0.115067
0.0553894
0.0809729
0.173257
0.127036
0.201034
0.280678
0.236257
0.166624
0.0753911
0.175079
0.364236
0.0324932
0.130152
0.106807
0.065261
0.0714303
0.0552119
0.0730636
0.112502
0.0781569
0.157859
0.194733
0.0759138
0.0859651
0.131241
0.100006
0.0754866
0.111867
0.176625
0.229046
0.114378
0.170811
0.0460922
0.0898018
0.287331
0.402489
0.303909
0.245462
0.0513646
0.186303
0.16267
0.0852963
0.176388
0.0398711
0.0441314
0.066438
0.0299112
0.0326347
0.033742
0.02638
0.0177061
0.0627057
0.101611
0.124837
0.0654919
0.0242407
0.0130637
0.0133655
0.0147993
0.222057
0.263373
0.068881
0.0136861
0.0250742
0.0348993
0.0154773
0.0371423
0.310348
0.790787
0.143024
0.0312286
0.0128628
0.00433146
0
0.0329467
0.0661566
0.0998392
0.0897146
0.0559272
0.0187196
0.0142245
0.00466988
0.00276142
0.0720922
0.120481
0.212141
0.398884
0.0386267
0.0375239
0.0125332
0.0187577
0.236839
0.545119
0.092363
0.0307665
0.00340832
0.00179441
0.00768661
0.0201317
0.249411
0.413875
0.179121
0.203621
0.031142
0.0384962
0.0662121
0.0794805
0.0553389
0.0881726
0.269832
0.482595
0.0606056
0.0948192
0.0766363
0.0626327
0.0290825
0.017139
0.0828782
0.0732683
0.105686
0.151327
0.19151
0.248707
0.131843
0.17781
0.178698
0.370423
0.117409
0.155294
0.151693
0.143307
0.0434634
0.0256987
0.0779816
0.207783
0.112852
0.11547
0.132552
0.161289
0.306599
0.100831
0.0186638
0.0157636
0.00677705
0.0143587
0.079393
0.257433
0.236621
0.104119
0.0240979
0.00732547
0.0139935
0.0310758
0.216359
0.382605
0.39679
0.114772
0.0179096
0.00205525
0.00997452
0.0148087
0.0390265
0.19668
0.291455
0.0751718
0.00892293
0.008221
0.0432356
0.0316324
0.168349
0.33986
0.265939
0.143843
0.0734114
0.0292105
0.0671276
0.0129279
0.104863
0.259622
0.363354
0.183357
0.130733
0.0939054
0.0750514
0.00431239
0.0660046
0.167745
0.284959
0.110289
0.0353468
0.00350267
0.0414758
0.0405965
0.11596
0.265281
0.444249
0.215431
0.071074
0.0367081
0.0253627
0.0307602
0.0590148
0.170429
0.191245
0.117045
0.0789008
0.0536863
0.0182361
0.0141145
0.0462743
0.104108
0.15256
0.140351
0.0808857
0.0443475
0.0254193
0.0182933
0.110659
0.265716
0.262329
0.229578
0.0700287
0.0231922
0.00548556
0.0110957
0.0260918
0.0951663
0.342895
0.624845
0.112054
0.00535582
0.00602682
0.0188797
0.0703963
0.177495
0.0953712
0.0695042
0.0406751
0.0113829
0.0259186
0.00497054
0.03314
0.108189
0.293653
0.198099
0.0475489
0.0023964
0.0404397
0.0132666
0.0128444
0.0643481
0.197165
0.423265
0.0508499
0.00144495
0.00502705
0.00256651
0.0237324
0.083896
0.391214
0.619646
0.0585406
0.000535777
0.0080888
0.00144244
0.00569373
0.0845033
0.164034
0.232845
0.0447955
0.00113918
0.0058375
0.0037497
0.00226985
0.0164497
0.174911
0.456589
0.0554276
0.00883826
0.000546323
0.000234196
0
0.00632598
0.213524
0.499684
0.0474604
0.00141353
0.00120557
0.000299731
0.000531612
0.0294503
0.268973
0.501911
0.0447811
0.00414177
0.000736289
0.00131847
0.000203924
0.00618903
0.198673
0.39317
0.0319061
0.0134593
0.00993327
0.00912054
0.0209376
0.0176492
0.159007
0.192669
0.0359496
0.089263
0.129785
0.0635206
0.0855757
0.0508594
0.243809
0.434062
0.0123194
0.057198
0.0623978
0.0158589
0.0299612
0.00674038
0.127473
0.112357
0.00448293
0.39454
0.446572
0.071457
0.072793
0.014819
0.0465304
0.0500931
0.0636272
0.254111
0.193152
0.0780924
0.0639335
0.0359416
0.0376591
0.049142
0.059869
0.198959
0.0754041
0.02434
0.0264072
0.0618057
0.0216199
0.027282
0.0369107
0.5345
0.525337
0.0686809
0.0286196
0.00605837
0.0863722
0.109847
0.0849453
0.308012
0.178655
0.0204661
0.0197701
0.163702
0.258913
0.138777
0.024164
0.00167429
0.0165267
0.0298047
0.037672
0.100972
0.278041
0.164574
0.0134032
0.00669717
0.0467477
0.0394746
0.0437178
0.0878225
0.17994
0.0766746
0.0261824
0.0642167
0.0410852
0.0781586
0.223362
0.358159
0.312646
0.483699
0.107542
0.188422
0.102734
0.0644997
0.113778
0.126587
0.10663
0.0799883
0.00775639
0.000903085
0.0144311
0.0158374
0.012603
0.033751
0.133458
0.250071
0.0418004
0.0077887
0.00961325
0.0151476
0.00567425
0.0305422
0.161155
0.429385
0.0648512
0.0384195
0.0158433
0.00393827
0.0043917
0.0302291
0.184889
0.719239
0.223697
0.0739538
0.0202907
0.0023903
0.0026025
0.0411782
0.0771352
0.210063
0.0445815
0.00506257
0.0014208
0.00272012
0.000626817
0.0076236
0.122543
0.424063
0.0798864
0.00354034
0.00304364
0.00245493
0.00266384
0.00593038
0.124453
0.48869
0.13626
0.0461927
0.011624
0.00551073
0.00340585
0.00618297
0.228736
0.569703
0.179665
0.0635753
0.0197162
0.0205976
0.0148594
0.0304153
0.0916845
0.38454
0.0499253
0.00287547
0.00293493
0.000436303
0.0010572
0.00757038
0.151392
0.481238
0.0324558
0.000718868
0.000718868
0
0
0.021559
0.151376
0.431377
0.103015
0.037449
0.0123689
0.0216208
0.0535539
0.0950802
0.230306
0.470522
0.0493754
0.0297633
0.0126904
0.0337515
0.0828883
0.134581
0.206386
0.55933
0.0143486
0.000242993
0
0.00149653
0.0012522
0.0246362
0.216011
0.434995
0.0112263
0.00360994
0.00181887
0.0062739
0.00681772
0.0161809
0.296829
0.291985
0.0262267
0.0277191
0.0152267
0.0347697
0.0724692
0.184973
0.267562
0.143702
0.0523841
0.0205313
0.0122235
0.0410099
0.0943114
0.173653
0.0885468
0.134183
0.00574979
0.088723
0.0680311
0.00653254
0.00932625
0.00395291
0.0228968
0.0191373
0.0058338
0.450424
0.419159
0.0125677
0.00892082
0.000606113
0.179249
0.0779249
0.0250019
0.107842
0.0653466
0.0122153
0.047507
0.0879045
0.0521653
0.0284386
0.0109405
0.524105
0.427841
0.0100103
0.0362094
0.0485724
0.0014112
0.00451275
0.0148992
0.349413
0.375505
0.014584
0.00135084
4.65808e-005
0.0384431
0.0285732
0.0304117
0.195135
0.213643
0.0232315
0.0182198
0.0589306
0.00198108
0.00311312
0.0358708
0.53226
0.359953
0.00613498
0.00420291
0
0.0121416
0.00371799
0.0861104
0.332438
0.234079
0.0264446
0.0204982
0.0349039
0.0346782
0.0454698
0.104327
0.162825
0.0424726
0.0629839
0.121867
0.104448
0.062654
0.214938
0.157594
0.361311
0.168026
0.0974537
0.0622108
0.0267755
0.112561
0.295589
0.24973
0.181859
0.0403102
0.0686064
0.0603812
0.0412769
0.0640973
0.0815879
0.150552
0.275451
0.201392
0.371962
0.301486
0.0596875
0.0578874
0.293475
0.095302
0.124564
0.0592335
0.0476899
0.0421465
0.0381813
0.0709528
0.390978
0.198761
0.21306
0.111473
0.0552974
0.0893085
0.0727136
0.00831793
0.0587922
0.0788313
0.0943932
0.0691084
0.234652
0.334428
0.0681057
0.037047
0.0783933
0.0850726
0.135442
0.113934
0.235959
0.473084
0.124289
0.0681141
0.260918
0.109463
0.133565
0.0565387
0.0448945
0.10598
0.0322709
0.154289
0.339044
0.14868
0.18584
0.0766452
0.0830857
0.136169
0.0813484
0.0271401
0.0380601
0.0329468
0.0871897
0.054868
0.115326
0.421515
0.0958764
0.0589538
0.0370345
0.0594553
0.12626
0.0689272
0.170747
0.542472
0.163013
0.167814
0.209774
0.129956
0.146937
0.0609532
0.0747286
0.14112
0.157373
0.195571
0.230092
0.110157
0.129253
0.0538973
0.0920925
0.192806
0.193176
0.183949
0.0904117
0.0798221
0.0962576
0.0567772
0.150932
0.431404
0.146588
0.23368
0.143845
0.104346
0.086196
0.0408877
0.102377
0.336749
0.252894
0.231455
0.185536
0.0717332
0.115332
0.0694878
0.0802207
0.141937
0.215553
0.275432
0.203145
0.171201
0.127547
0.135551
0.0924209
0.127868
0.191308
0.256523
0.130271
0.0514852
0.0827513
0.0693541
0.0735047
0.179661
0.265075
0.255427
0.188761
0.111493
0.135833
0.202419
0.194907
0.169936
0.258611
0.160532
0.0955006
0.0608126
0.116696
0.0848898
0.0319771
0.0844535
0.108875
0.0449684
0.0332314
0.0124586
0.429114
0.293842
0.022851
0.0645967
0.0554111
0.106463
0.150902
0.0594771
0.149053
0.130037
0.0667282
0.100239
0.189026
0.0495656
0.113341
0.0388618
0.488872
0.452185
0.0143347
0.0298308
0.048809
0.00122679
0.00299513
0.022516
0.42706
0.227205
0.00394618
0.00579236
0
0.00108816
0.000216456
0.0692002
0.324666
0.144664
0.020131
0.0117148
0.00917898
0.000850082
0.00851967
0.00931136
0.456406
0.42156
0.00258594
0.00144809
0
0.00380243
0.000529452
0.0154855
0.337593
0.270975
0.0559868
0.0598421
0.011225
0.137991
0.281955
0.160154
0.0775483
0.0155128
0.0541055
0.0463133
0.11138
0.118494
0.0898436
0.0427205
0.027309
0.0528906
0.238834
0.309642
0.147513
0.21946
0.153965
0.10964
0.0873969
0.0251935
0.0657027
0.224604
0.336331
0.158235
0.139236
0.202865
0.151008
0.307423
0.0909318
0.235786
0.167133
0.0378678
0.0771125
0.0252661
0.0116752
0.0185212
0.185225
0.302752
0.0875495
0.0860631
0.111365
0.0223895
0.00225783
0.0156109
0.243345
0.407945
0.120244
0.111784
0.105088
0.117421
0.0764785
0.161513
0.067379
0.161402
0.188182
0.378084
0.135002
0.0337485
0.00985432
0.0135555
0.10522
0.255658
0.38193
0.0509025
0.0181877
0.00510852
0.00081057
0.00472831
0.101977
0.294163
0.0968638
0.066021
0.000912484
0.00512681
0.0130834
0.0216689
0.103287
0.537626
0.1361
0.193947
0.0277881
0.00748597
7.35253e-005
0.000498101
0.0426821
0.160243
0.29073
0.231325
0.00396147
0.00194154
0.0163293
0.02488
0.0369478
0.253273
0.493065
0.0558744
0.0139409
0.00705899
0.00669708
0.0187026
0.0881935
0.397234
0.0770394
0.0695646
0.0241245
0.0104459
3.3138e-005
0.00745103
0.0649272
0.488628
0.168095
0.058228
0.0005205
0
0.00921034
0.0251626
0.0710819
0.371404
0.204175
0.0137333
0
0
8.28451e-006
0.0242382
0.111236
0.507885
0.194646
0.0724812
0.0196127
0.00380593
0.00117981
0.0124884
0.0250322
0.323461
0.146277
0.0766762
0.0346661
0.00330813
0.0110314
0.0308154
0.0690889
0.187617
0.156827
0.00712913
0
0
1.42745e-005
0.0234359
0.0677524
0.569028
0.187125
0.00834094
0.00414514
0.00131842
0.00172365
0.0084154
0.0631359
0.569028
0.216277
0.0633217
0.0614573
0.00960708
0.0839519
0.0747991
0.0246677
0.0545155
0.122391
0.0368641
0.0540712
0.0124983
0.422397
0.405786
0
0.00229125
0.0263322
0.0203351
0.0176325
0.0223634
0.0850226
0.0754284
0.0289722
0.275587
0.134377
0.0188201
0.0200569
0.0545894
0.505492
0.437096
0.0120354
0.0447489
0.0366348
0.000579718
0.00420679
0.00187391
0.360883
0.393284
0.0040852
0
0
0.019386
0.0117609
0.00264606
0.211836
0.265426
0.0422277
0.0372092
0.00474013
0.00210942
0.00300426
0.0240505
0.503185
0.389689
0.00683189
0
0.00174537
0.0183759
0.0161511
0.0344791
0.270981
0.238562
0.0333413
0.0539903
0.0243663
0.147687
0.0243063
0.0685089
0.0592225
0.0595746
0.0321819
0.0813802
0.116066
0.0283971
0.0262452
0.119316
0.165999
0.409649
0.0291297
0.0530877
0.0294698
0.155466
0.0258361
0.0946886
0.167891
0.104239
0.0357733
0.0230634
0.0924125
0.0162783
0.044725
0.123346
0.44251
0.606069
0.0328607
0.00273252
0.00684431
0.0599067
0.0342176
0.0991564
0.15297
0.383547
0.0193783
0.0639804
0.0959852
0.239613
0.053532
0.0410761
0.0364911
0.0323001
0.0289673
0.113867
0.24868
0.0208032
0.0460017
0.0676551
0.38198
0.621024
0.0227119
0.00940813
0.013738
0.0609576
0.084345
0.0898093
0.0996056
0.0759108
0.0258722
0.0441984
0.0569656
0.257213
0.0375264
0.0339413
0.0332012
0.00640326
0.0199575
0.0927382
0.353589
0.330576
0.0316649
0.0351647
0.0481981
0.0224364
0.0413648
0.227927
0.671955
0.0746376
0.069241
0.0768635
0.0880614
0.0225798
0.0237787
0.0278615
0.0564086
0.105605
0.0519351
0.0755183
0.106808
0.0421422
0.0768228
0.0695667
0.117825
0.0507545
0.0038356
0.00427212
0.00634053
0.0117281
0.0608992
0.368762
0.206372
0.0111092
0.000188235
0.000188235
0
0.0331617
0.11926
0.593323
0.183983
0.0300561
0.0271517
0.0240634
0.0138914
0.00809758
0.0346435
0.162087
0.0730086
0.0324244
0.0380792
0.0143041
0.00585925
0.00771841
0.0628849
0.55059
0.0998252
0.00432759
0
0
0
0.026521
0.0678435
0.396096
0.107022
0.00261283
0.000845751
0.000152871
0.000199443
0.0206012
0.0653868
0.500742
0.147096
0.0101953
0.00864499
0.00135013
0.000652947
0.00657644
0.0687771
0.460135
0.0629352
0.0030628
0.000525459
0
0
0.0199058
0.0582483
0.500742
0.156884
0.024426
0.0295538
0.0374254
0.0434096
0.036329
0.0614134
0.423839
0.174233
0.0366852
0.0758034
0.130957
0.405884
0.210409
0.0380041
0.11257
0.101732
0.0126108
0.0275662
0.0246188
0.0089751
0.0186208
0.0690346
0.507172
0.209166
0.0223601
0.1104
0.0932741
0.171729
0.0693949
0.142024
0.239626
0.157392
0.00599
0.0221138
0.0561258
0.464551
0.294502
0.00692846
0.000639697
0.0120108
0.00625715
0.00322885
0.0419085
0.307787
0.241368
0.0123347
0.0643636
0.0257089
0.00989375
0.0784762
0.069472
0.366104
0.253724
0.0538264
0.0445063
0.036576
0.0323832
0.0231412
0.0491203
0.359016
0.348152
0.0108409
0.0326205
0.019367
0.037632
0.0230098
0.0607605
0.148675
0.120005
0.0620966
0.0182538
0.0388678
0.00559449
0.0268851
0.0859702
0.503771
0.422
0.0660889
0.00187944
0.00349848
0.00911684
0.0227735
0.0225315
0.0552228
0.131548
0.166191
0.0634641
0.0280087
0.00165771
0.00949315
0.175613
0.502173
0.256876
0.195803
0.0485562
0.0211741
0.017586
0.0437098
0.0603314
0.452255
0.389879
0.0216088
0.00399364
0.00270362
0.0484074
0.0897979
0.0492633
0.10511
0.0827404
0.0110745
0.0102594
0.0174311
0.0106346
0.0343617
0.19611
0.638028
0.184875
0.0562841
0.0262124
0.0103077
0.0373406
0.0733757
0.074074
0.158449
0.073338
0.0323844
0.0252501
0.021121
0.109618
0.202027
0.200665
0.154916
0.0891626
0.0494054
0.0517433
0.0599088
0.0574872
0.113539
0.23726
0.179397
0.0829202
0.144121
0.116388
0.0857771
0.118709
0.187358
0.245114
0.106538
0.110977
0.0853349
0.0915867
0.118369
0.0749552
0.218931
0.274468
0.138126
0.105274
0.156659
0.234358
0.24828
0.0636844
0.113061
0.165374
0.081934
0.0338517
0.0420619
0.0648305
0.0532932
0.164795
0.177657
0.194953
0.0964402
0.0223174
0.110726
0.373387
0.0505536
0.0579716
0.160359
0.241401
0.16054
0.084161
0.0679309
0.0733171
0.120781
0.13359
0.192831
0.396287
0.377489
0.102134
0.0623791
0.0296529
0.0422989
0.0465027
0.0375156
0.0385946
0.0110101
0.00267459
0.0758194
0.344008
0.0483796
0.0613656
0.023375
0.0164424
0.00234304
0.00662101
0.0484244
0.752598
0.308621
0.0455288
0.0517673
0.110383
0.079386
0.0170591
0.0185485
0.0496676
0.0290273
0.140432
0.0472215
0.0447337
0.0112207
0.00826581
0.0413342
0.171839
0.17765
0.0285076
0.0180449
0.0079857
0.00190116
0.00997123
0.0523012
0.478958
0.265205
0.0468115
0.0823144
0.0375646
0.0398239
0.0518964
0.141102
0.429124
0.267465
0.0795854
0.0178716
0.00221063
0.00153097
0.0130088
0.0388035
0.197163
0.185281
0.119978
0.0540561
0.0241734
0.0162627
0.0388817
0.0461835
0.299908
0.381942
0.108773
0.208658
0.198009
0.254479
0.154008
0.0715608
0.151502
0.153871
0.0915483
0.128008
0.232899
0.331486
0.232446
0.0214825
0.0147729
0.0268371
0.197209
0.205852
0.185457
0.0772536
0.0694956
0.0235651
0.136857
0.298165
0.121764
0.289225
0.277881
0.10078
0.0925329
0.0158038
0.0170842
0.0218381